SAMPLES:	17074
BITSPERSAMPLE:	16
CHANNELS:	1
SAMPLERATE:	16000
NORMALIZED:	FALSE
289
271
322
291
288
315
321
289
219
238
196
208
208
176
202
256
229
254
272
247
252
240
265
242
274
252
228
271
294
287
315
392
429
437
481
524
519
545
523
520
495
503
537
507
473
423
392
356
363
373
349
341
332
323
340
334
336
348
363
350
306
318
271
235
253
227
234
224
239
276
300
320
326
367
378
422
408
381
394
396
376
322
323
334
319
331
341
354
351
279
334
300
332
364
345
399
418
435
472
458
421
396
384
386
370
343
351
326
358
413
389
383
408
403
374
450
404
421
389
383
391
395
431
408
389
324
330
314
250
330
373
357
320
311
296
292
318
366
313
317
361
363
325
310
391
353
344
343
342
276
294
333
317
301
325
327
274
312
312
309
274
299
270
239
236
262
202
171
215
192
219
255
254
237
248
220
221
222
223
269
292
283
336
313
326
300
277
292
341
317
265
281
244
248
199
214
245
268
271
250
241
211
184
163
171
181
149
152
174
233
266
229
253
249
239
205
194
181
229
325
296
292
282
296
288
258
241
256
283
281
295
405
398
362
385
372
364
375
399
397
391
398
312
253
231
209
250
251
277
287
286
261
263
226
211
189
147
155
162
155
176
208
179
186
165
127
142
144
107
88
137
126
95
117
114
73
60
119
150
80
53
140
137
20
143
229
190
169
207
204
172
264
222
205
220
271
270
204
278
285
238
222
215
209
180
198
202
179
211
287
308
252
284
313
265
285
258
258
221
228
222
175
145
142
168
131
173
217
243
234
218
247
239
222
219
215
169
168
161
115
141
103
107
97
84
148
117
143
173
136
140
172
203
181
177
204
165
185
165
178
124
95
75
44
87
139
176
172
240
258
248
245
226
200
190
153
181
198
208
231
236
263
260
259
257
258
257
232
231
232
264
251
262
322
303
346
369
407
388
334
371
347
310
320
315
336
340
277
269
274
281
273
262
220
226
275
249
268
265
225
195
186
151
144
104
39
79
102
110
122
136
152
177
225
170
189
198
170
152
111
112
130
152
139
114
95
81
123
97
51
66
108
128
130
153
167
160
195
217
204
235
306
324
270
253
254
272
265
251
335
235
239
262
272
291
268
312
290
232
267
299
226
217
235
234
181
160
211
180
178
143
138
182
146
158
156
190
192
184
195
227
189
197
218
196
143
145
209
152
105
162
153
103
208
245
181
160
191
185
131
133
109
84
101
97
147
130
137
165
166
153
153
145
90
73
76
78
84
131
123
96
86
92
102
114
92
133
157
124
108
138
170
143
149
223
162
118
133
179
127
84
178
153
156
133
167
120
76
104
86
119
151
165
149
164
178
141
142
145
197
185
178
197
174
159
115
156
174
153
137
113
121
112
64
43
32
13
8
0
61
88
43
55
29
-6
-11
12
-16
5
35
52
25
45
36
60
107
28
57
29
47
109
51
73
82
122
141
74
123
99
71
40
75
104
-8
-13
28
-11
-47
-32
11
0
-34
5
16
-56
-46
44
49
26
-16
25
3
32
90
91
147
155
181
182
190
207
125
71
136
134
93
139
127
79
95
116
101
69
97
64
14
45
76
12
0
-1
20
14
-40
-41
-27
-7
-33
-24
-17
-31
-13
33
-10
-1
18
15
27
27
40
56
33
19
66
28
5
25
0
15
7
8
49
34
0
9
45
10
-19
-20
-56
-85
-44
-19
-72
1
14
-38
13
80
64
46
47
76
101
85
59
128
119
155
166
124
165
148
150
161
111
123
119
165
164
87
115
122
89
67
47
76
65
78
64
57
76
100
102
61
68
70
18
-8
77
36
6
33
57
43
50
37
14
8
-9
-7
19
19
4
-15
-17
-25
-29
-24
19
-3
-25
14
13
2
-8
-11
-33
-37
-23
-4
-36
25
54
29
-14
20
33
-2
6
8
5
20
13
21
5
-16
-13
-45
-49
-54
-57
-47
-50
-28
-17
-14
32
-21
-1
-68
-107
-86
-73
10
0
-16
-1
-29
-56
-38
-20
-51
-26
-37
-6
-32
-15
55
31
27
42
51
74
17
-2
45
33
62
64
81
15
39
17
-10
-73
-128
-107
-159
-180
-177
-126
-151
-193
-247
-213
-199
-252
-283
-228
-250
-270
-196
-190
-213
-164
-155
-179
-126
-120
-146
-175
-155
-125
-147
-164
-105
-144
-112
-68
-59
-47
-34
-26
-17
-21
-8
13
0
-18
46
54
15
19
-8
19
43
9
61
73
54
35
55
16
-26
7
-31
-54
-81
-68
-88
-72
-86
-112
-56
-3
1
-36
-24
6
-34
-39
50
37
7
62
94
47
30
105
122
98
72
141
105
61
117
81
87
52
93
90
79
52
10
7
1
-22
15
-28
-45
-56
-94
-53
-77
-134
-121
-110
-132
-145
-134
-94
-130
-112
-110
-143
-115
-118
-96
-114
-145
-221
-200
-175
-224
-217
-230
-191
-187
-154
-157
-162
-159
-115
-132
-115
-126
-123
-130
-143
-162
-120
-103
-133
-74
-56
-119
-112
-67
-104
-73
-55
-40
-62
-22
-41
-52
-50
-59
-36
-59
-35
-92
-71
-76
-75
-79
-94
-58
-72
-53
-1
27
-3
-8
-7
-43
-43
-36
-28
-21
-50
-12
-41
-57
-76
-85
-62
-85
-84
-97
-61
-91
-101
-69
-106
-89
-88
-103
-102
-52
-117
-111
-86
-72
-128
-121
-108
-140
-97
-135
-135
-136
-133
-122
-164
-224
-193
-185
-177
-143
-149
-172
-146
-148
-147
-132
-137
-112
-95
-57
-77
-54
-13
-41
-46
-59
-7
-6
0
20
6
5
-24
-19
-14
5
13
10
22
33
24
92
93
68
72
77
64
41
45
12
-6
7
72
13
43
44
64
40
6
54
66
21
-45
28
16
15
58
73
34
22
24
13
-13
-23
-45
-14
20
-33
-19
2
-5
59
73
62
58
23
39
73
70
30
35
34
67
56
62
80
79
67
99
121
82
66
85
90
68
92
101
103
81
97
92
72
99
111
114
156
106
61
78
35
19
-3
12
-25
-30
28
6
14
45
15
21
15
64
73
61
45
46
-7
-28
35
-8
-20
-4
-24
21
42
45
72
101
118
77
104
100
101
133
72
32
73
90
69
38
45
62
66
77
95
105
106
73
83
83
146
135
114
121
22
21
88
84
86
61
81
81
77
108
91
94
135
85
93
64
51
49
58
65
71
126
92
127
93
74
80
99
98
117
126
122
159
145
171
167
170
132
138
145
108
129
153
119
111
96
87
41
72
112
48
52
55
62
62
107
110
125
92
68
69
49
40
26
46
69
110
118
163
187
138
118
152
171
90
101
114
110
68
94
95
22
33
33
24
36
38
28
72
79
102
108
85
128
175
153
156
171
126
82
98
134
139
172
212
198
159
183
186
161
175
214
209
230
246
255
208
224
239
225
173
137
163
111
80
51
61
-16
3
65
36
53
55
79
84
80
95
105
122
120
106
114
136
155
181
168
160
142
158
142
90
100
146
121
176
181
157
151
136
154
117
172
200
194
196
183
174
249
247
223
242
249
184
160
160
127
127
131
155
190
206
253
245
250
257
265
274
240
243
237
206
188
160
196
206
175
207
199
253
222
276
275
269
297
272
342
333
301
334
282
271
311
258
209
208
216
252
201
168
184
131
135
130
85
76
99
128
68
91
98
64
47
45
93
93
154
198
155
152
209
268
225
210
287
312
358
323
402
329
231
280
294
282
228
253
255
262
224
273
280
193
162
157
141
103
196
189
180
190
200
173
142
188
182
123
62
94
69
91
70
96
77
26
60
87
154
111
140
170
161
229
283
291
286
300
331
280
243
273
224
226
239
237
239
214
216
258
264
233
271
271
262
256
247
196
130
163
186
118
146
160
144
112
136
158
122
95
76
86
113
132
119
147
180
160
196
210
228
254
224
172
175
186
131
142
152
209
200
163
177
203
171
188
183
192
155
161
167
195
186
201
215
224
212
176
212
209
195
174
168
160
199
140
192
196
240
277
213
271
221
225
267
228
205
202
228
163
158
120
119
176
141
155
185
191
212
211
210
199
202
184
192
241
233
221
185
208
170
156
153
129
135
115
152
137
164
177
184
170
157
175
168
191
229
222
205
247
234
244
249
216
214
222
271
283
286
292
247
264
299
330
324
329
323
308
302
282
278
244
227
238
201
148
157
100
83
76
58
78
72
48
70
49
54
91
87
49
24
40
4
-1
13
39
55
77
89
113
113
116
155
143
138
112
120
139
147
185
218
222
247
223
187
202
209
177
187
190
139
141
185
177
150
180
124
120
122
119
85
124
100
119
121
122
174
148
199
165
202
157
104
113
159
107
135
232
220
224
253
260
224
207
211
198
158
151
146
119
100
176
203
188
239
226
252
216
200
164
144
205
237
197
193
199
215
201
211
233
214
192
172
267
270
237
237
287
271
293
266
237
285
255
216
190
160
119
177
177
191
157
148
197
184
175
164
179
171
193
185
114
99
81
116
113
146
151
157
175
199
187
193
177
176
211
152
158
153
150
190
161
192
228
218
222
189
220
214
194
172
184
160
151
195
194
201
212
221
194
221
202
212
162
121
167
137
127
183
209
212
197
191
166
178
189
183
178
163
163
139
152
125
168
155
120
136
100
101
95
70
50
45
51
55
95
75
113
120
150
144
128
110
121
134
90
89
83
118
147
140
165
182
164
192
167
163
133
126
145
147
106
75
113
105
72
28
45
68
51
11
5
37
17
79
44
0
31
15
58
51
-2
44
29
80
68
55
100
95
41
100
135
70
105
125
151
79
180
223
190
135
195
177
163
166
196
230
150
270
206
182
204
182
149
134
195
174
123
67
74
84
58
79
37
35
10
35
80
71
99
118
130
111
130
176
153
167
131
118
109
121
113
85
77
79
103
93
109
103
129
64
92
172
169
141
103
108
85
92
107
152
78
105
146
164
127
120
143
70
115
155
143
192
215
196
242
226
275
258
227
215
191
127
86
112
87
83
103
135
139
84
115
165
122
111
84
68
68
41
35
21
-22
-58
-36
21
-27
-50
-71
-50
-65
-91
-25
-22
-29
-48
-29
-3
-6
31
48
15
21
95
85
45
65
79
80
93
87
101
85
103
114
97
88
93
144
132
125
161
129
103
118
85
114
94
96
84
86
111
135
129
103
84
95
61
38
42
30
34
5
-31
-41
22
12
36
44
86
44
29
58
36
18
41
76
57
47
15
71
65
65
75
80
103
79
87
137
119
95
129
137
93
75
101
110
130
119
100
85
63
66
68
53
47
88
17
7
7
24
54
41
78
93
39
16
23
4
-18
-51
-52
-21
-32
-41
-35
-64
-66
-21
-58
-49
-3
-42
-26
-21
-36
-22
-4
22
-6
5
42
24
16
41
49
29
50
30
63
91
84
88
149
126
77
78
169
152
157
179
192
141
107
186
109
87
94
127
119
112
165
159
114
96
87
73
128
127
87
88
129
76
53
125
144
67
12
49
29
11
-7
38
6
5
32
-22
-52
-61
-25
-119
-137
-152
-110
-145
-142
-65
-77
-48
-16
-11
-50
-34
-6
-10
-24
31
37
-1
49
92
106
47
88
98
114
104
128
95
53
72
89
55
13
98
144
99
110
172
141
113
108
137
132
86
92
89
60
60
102
90
83
41
48
88
52
77
59
15
17
40
34
30
61
56
44
58
11
-12
-1
-30
-29
-52
-64
-98
-79
-61
-84
-78
-90
-21
-40
30
47
21
47
25
-1
58
36
67
68
83
25
35
89
-1
6
-4
14
29
53
85
110
107
125
174
196
181
150
97
66
125
128
92
70
64
59
27
37
-9
-65
-43
-65
-65
-54
-68
-145
-143
-107
-96
-38
4
20
-1
19
59
78
61
91
84
89
88
82
78
74
93
107
154
169
155
138
161
133
106
68
77
76
34
53
-20
-37
-38
-50
-36
-82
-87
-28
2
-63
-94
-78
-82
-95
-98
-95
-135
-119
-37
-9
-39
-11
3
24
54
18
22
-8
39
14
-24
7
25
13
26
57
71
90
91
103
56
11
20
46
29
71
61
46
34
44
37
31
37
71
107
68
59
61
30
-5
59
39
37
50
-1
30
3
14
39
34
42
122
151
155
151
126
122
164
159
80
69
70
38
20
4
67
26
29
92
100
75
77
106
100
103
158
157
96
75
100
135
75
95
112
84
88
82
72
-27
14
-5
1
9
-53
-58
-71
-87
-78
-72
-90
-45
-38
-61
-51
-41
-70
-40
-1
-7
33
34
67
65
91
34
7
44
4
-2
4
-7
-13
4
-2
-38
-7
49
31
22
42
-14
31
23
10
32
33
28
-19
31
-11
42
59
42
76
84
95
29
32
48
19
42
52
49
-1
33
58
36
32
41
71
-5
-5
40
0
-57
-78
-43
-29
-22
12
36
46
88
52
-23
-18
9
7
-37
-22
-45
-72
-79
-32
-69
-65
-84
-31
0
-72
-10
35
13
-17
18
46
40
32
33
93
89
60
85
95
119
111
73
131
94
30
52
37
122
78
103
92
82
111
93
63
-15
15
10
18
27
58
15
-47
-108
-74
-68
-114
-122
-107
-144
-127
-83
-102
-92
-76
-7
4
-20
-2
2
33
77
56
43
84
69
91
20
12
94
69
74
75
86
96
109
109
61
80
117
110
98
116
119
67
60
41
-12
12
14
-33
-47
-50
0
-33
-67
-1
-46
-85
-89
-84
-35
-27
-36
-27
-52
-77
-3
11
45
56
81
58
71
91
89
112
94
53
72
72
17
44
38
39
75
52
47
57
66
78
114
132
217
213
170
178
159
146
77
25
-15
3
-31
-26
-38
-21
-11
-48
-64
-81
-76
-69
-77
-113
-106
-125
-122
-86
-48
-51
-85
-64
-50
-33
45
52
23
7
12
-30
-48
-23
-57
-97
-46
-1
-13
-29
-23
47
37
37
30
58
72
124
110
125
172
119
55
78
45
8
-2
0
-6
-38
-54
-24
-21
-59
6
-53
-57
-25
-25
2
-50
13
44
40
22
42
13
-17
16
-20
13
12
-65
-81
-46
-64
-48
-23
5
1
1
8
49
38
17
83
68
95
157
139
207
216
200
237
196
181
136
126
157
142
137
99
121
127
80
100
83
93
77
25
-10
-62
-68
-82
-105
-105
-107
-98
-57
7
12
-61
10
51
63
106
86
90
121
115
81
103
75
84
67
50
79
35
68
88
78
109
95
133
111
84
76
77
74
70
87
51
12
13
40
-7
8
39
5
49
61
42
49
75
72
95
75
45
23
11
20
5
0
-5
31
1
18
53
-11
-10
-6
-34
-17
-5
-25
0
-94
-81
-80
-85
-45
-57
-71
-42
-31
-51
-56
-62
-56
-36
-17
30
82
58
100
63
45
53
101
69
81
158
110
90
68
33
0
4
66
93
68
79
89
78
46
31
28
28
53
51
12
23
34
16
33
8
38
46
53
83
77
88
57
64
98
44
2
-2
52
66
4
47
18
44
16
6
1
26
32
-3
12
9
-11
-32
1
25
31
20
23
24
21
-7
-24
22
-14
-50
-94
-57
-50
-100
-79
-35
0
-17
-50
-38
-75
-52
-7
-61
-42
-48
-13
5
12
99
92
64
105
116
100
54
48
52
30
11
-13
22
24
52
153
110
85
96
145
126
95
95
90
70
77
70
13
18
17
4
7
24
1
2
28
4
-4
-58
-62
-26
-67
-34
-36
-74
-33
-9
-29
-47
-19
11
5
26
-20
-6
10
22
27
17
52
29
43
3
28
36
-14
19
4
6
-13
17
20
-8
-10
11
-12
-14
6
-12
-20
-43
-47
-30
-22
15
42
35
43
57
91
60
41
37
46
68
98
106
42
92
92
88
66
44
42
34
7
-10
28
28
20
-61
-53
-86
-116
-96
-104
-97
-113
-125
-137
-169
-138
-115
-112
-85
-52
3
2
-12
-29
13
4
54
98
119
134
84
103
114
134
99
149
173
171
187
185
121
125
157
96
107
97
79
117
119
106
157
140
133
122
63
44
5
-3
-9
-37
-33
-18
0
12
10
-3
-17
-17
-73
-86
-71
-61
-13
-3
23
84
88
98
108
83
154
121
62
134
132
106
109
139
145
170
186
109
102
108
73
74
85
99
57
18
0
-39
-42
-49
-53
-37
-62
-18
0
8
2
-25
-27
-32
-30
-71
-45
-10
-59
-69
-92
-29
-53
-23
-8
-3
10
17
57
3
51
54
89
67
13
44
68
69
21
32
16
-7
-23
-27
-4
-20
-16
-3
-27
15
35
15
8
26
30
15
-4
-14
-52
-41
3
-1
4
9
3
46
34
42
30
33
60
53
11
37
57
27
37
25
70
27
50
59
47
42
2
66
58
57
107
71
44
38
38
28
58
44
12
24
11
-5
-40
-39
-70
-25
-48
-43
-52
-80
-6
1
0
-19
10
33
-31
-76
-45
-32
-97
-63
-66
-106
-101
-38
-38
-76
-27
-10
-25
-43
6
59
-21
27
112
67
52
40
62
-45
-53
-10
-13
-26
-13
15
5
46
53
5
-26
35
20
-4
32
41
10
-34
-43
-31
-26
-24
35
-11
-24
56
39
31
36
-17
-47
-70
-46
-8
-96
-115
-66
-70
-101
-98
-102
-144
-155
-152
-191
-163
-169
-186
-182
-237
-225
-233
-249
-211
-205
-246
-271
-238
-258
-164
-56
-60
-58
-28
-15
-22
-41
-39
-49
-94
-53
-92
-40
12
-52
-46
-42
-29
-52
-52
-33
-15
-66
-117
-104
-134
-158
-83
-70
-99
-94
-99
-63
-133
-161
-177
-135
-133
-108
-62
-81
-37
-65
-94
-50
-64
-84
-70
-73
-35
-66
-44
34
30
21
77
106
41
-7
14
-31
-69
-66
-75
-141
-130
-83
-159
-145
-180
-216
-188
-122
-101
-126
-89
-126
-143
-171
-212
-151
-122
-135
-89
-87
-53
-35
-52
-26
-59
-43
-49
-77
-21
-39
-71
-15
-55
-60
-31
17
16
-6
80
71
15
63
87
2
-25
-36
-43
-117
-138
-45
-53
-60
-33
-15
-1
-6
26
-11
-46
-40
-16
-36
-50
-77
-151
-186
-188
-139
-149
-137
-100
-129
-155
-95
-99
-102
-91
-58
-61
-75
-49
-3
-43
-46
-7
-56
-61
-78
-63
-99
-77
-28
18
1
17
5
-23
-15
-27
-24
-16
-6
-56
-29
6
-15
-87
-54
-14
-24
-94
-68
-87
-159
-146
-140
-194
-201
-202
-210
-216
-249
-247
-231
-269
-329
-272
-299
-340
-265
-205
-190
-209
-154
-141
-172
-163
-158
-169
-191
-160
-107
-94
-94
-68
-76
-66
-16
-12
-16
-35
-8
-32
-23
20
-11
-13
-16
-21
-40
-42
-6
4
-37
-33
-75
-98
-118
-113
-135
-175
-181
-207
-137
-134
-197
-236
-206
-247
-261
-216
-247
-209
-172
-183
-141
-114
-100
-129
-152
-175
-255
-262
-233
-228
-184
-176
-119
-139
-142
-67
-47
-82
-136
-131
-151
-176
-116
-118
-139
-138
-153
-124
-144
-149
-178
-209
-240
-273
-242
-251
-249
-253
-212
-169
-140
-111
-71
-117
-192
-128
-137
-161
-179
-219
-215
-219
-253
-225
-241
-233
-167
-179
-179
-164
-195
-161
-169
-171
-148
-144
-104
-133
-133
-169
-126
-100
-118
-117
-90
-99
-127
-78
-87
-157
-142
-112
-126
-119
-177
-147
-179
-262
-180
-157
-190
-186
-122
-163
-195
-211
-237
-289
-311
-282
-267
-323
-311
-247
-254
-250
-238
-241
-262
-284
-282
-232
-207
-173
-172
-160
-129
-122
-167
-166
-133
-127
-98
-80
-82
-104
-66
-26
-57
-90
-36
-3
-122
-89
-44
-93
-118
-94
-83
-148
-114
-102
-127
-195
-176
-181
-127
-119
-157
-153
-227
-235
-282
-282
-345
-370
-307
-278
-293
-311
-261
-231
-258
-274
-266
-275
-277
-264
-233
-291
-251
-230
-227
-160
-206
-154
-193
-236
-155
-171
-185
-193
-148
-139
-133
-40
-33
-22
18
33
16
-38
-49
-61
-107
-131
-147
-178
-151
-151
-164
-194
-218
-192
-180
-149
-174
-186
-172
-254
-258
-221
-164
-198
-242
-228
-212
-174
-169
-131
-130
-126
-145
-129
-84
-63
-69
-50
-33
-56
-72
-56
-65
-75
-44
-114
-70
-61
-74
-48
-33
-21
13
-26
-2
18
-103
-162
-124
-165
-246
-200
-184
-212
-199
-205
-218
-218
-221
-236
-231
-254
-321
-339
-371
-352
-313
-329
-336
-301
-257
-282
-266
-212
-249
-275
-239
-235
-211
-251
-214
-201
-195
-177
-142
-118
-120
-119
-127
-98
-58
-54
-85
-149
-135
-131
-123
-138
-107
-112
-154
-107
-167
-143
-204
-219
-252
-261
-256
-265
-334
-331
-342
-369
-314
-321
-305
-312
-272
-312
-294
-265
-243
-220
-178
-147
-128
-106
-114
-97
-64
-83
-74
-34
-15
18
15
-34
-47
-74
-108
-106
-66
-79
-138
-90
-49
-87
-139
-84
-96
-175
-184
-172
-192
-245
-261
-228
-253
-270
-186
-201
-209
-181
-193
-215
-215
-281
-262
-227
-238
-257
-225
-217
-206
-140
-98
-133
-131
-99
-81
-65
-72
-72
-36
12
32
17
-24
8
-9
-64
-30
54
48
65
43
50
38
10
37
29
-10
-9
19
-43
-56
-82
-71
-122
-185
-182
-224
-261
-251
-272
-276
-304
-306
-298
-351
-350
-382
-328
-275
-315
-272
-228
-234
-234
-217
-202
-202
-197
-185
-221
-215
-167
-125
-178
-151
-104
-94
-37
-34
-32
-51
-64
-14
-46
-64
-27
-39
-45
-39
-31
-38
-58
-96
-106
-81
-58
-55
-49
-116
-104
-97
-121
-113
-91
-131
-126
-53
-110
-73
-136
-153
-111
-168
-111
-118
-85
-77
-95
-69
-67
-117
-115
-87
-98
-112
-117
-70
-91
-66
-35
-47
-37
-45
-69
-81
-52
-64
-22
-6
41
89
80
89
128
114
68
31
25
13
13
63
13
11
38
33
63
44
35
28
52
10
-61
-32
-30
-32
-92
-105
-41
-51
-74
-70
-80
-60
-99
-129
-89
-89
-98
-144
-145
-101
-116
-123
-125
-116
-111
-90
-88
-110
-131
-123
-106
-87
-27
-20
-52
-90
-96
-73
-121
-69
-32
-48
-17
-4
-9
9
59
59
46
50
15
-36
-15
-24
-43
-38
-32
5
21
67
74
24
34
32
4
-12
24
7
-17
-30
-44
-75
-76
-42
-38
-32
-14
-39
-15
-57
-104
-67
-16
50
44
46
98
85
7
36
-34
17
42
-16
-1
-33
-32
-22
-22
-48
-55
-61
-7
6
-42
-59
-83
-13
-15
-72
-39
28
-32
-30
5
-39
-60
-52
-34
-62
-52
-66
-59
-37
-36
-49
-35
7
51
68
34
19
27
29
-14
38
25
-51
-44
-42
-44
-70
-95
-97
-41
20
23
-33
-65
-16
2
15
-26
-37
-35
-92
-89
-61
-81
-128
-153
-176
-133
-138
-158
-101
-130
-129
-94
-103
-77
-119
-145
-113
-88
-138
-151
-126
-154
-200
-201
-168
-158
-140
-114
-72
-88
-45
-48
-36
-7
13
61
59
39
89
102
108
86
127
141
96
161
157
166
163
143
83
83
90
88
113
96
113
91
38
37
20
7
-7
-8
-82
-127
-78
-46
-79
-126
-109
-81
-69
-60
-54
-38
-45
-82
-31
-30
-72
-55
-48
-93
-33
-59
-81
-56
-53
-28
-52
-66
-69
-40
12
8
10
88
96
47
84
96
25
3
16
35
16
40
75
75
67
75
93
85
104
68
33
51
10
-17
1
-19
-49
-14
18
-9
-28
-72
-99
-94
-153
-154
-159
-171
-146
-129
-124
-145
-179
-177
-148
-174
-177
-165
-158
-178
-170
-163
-176
-170
-157
-160
-139
-134
-48
-62
-55
-14
2
36
-21
-28
-85
-105
-89
-133
-117
-142
-102
-80
-23
-41
-35
-8
-14
-9
-81
-104
-103
-170
-138
-96
-102
-116
-87
-49
-72
-101
-99
-118
-146
-163
-95
-39
-21
5
-25
-30
-76
-51
-46
-33
-68
-65
-98
-135
-105
-82
-108
-106
-78
-59
-62
-43
-48
-68
-9
-79
-56
-52
-63
-43
-62
-11
-40
-41
-14
-21
-74
-108
-113
-114
-166
-192
-134
-118
-148
-87
-78
-155
-124
-86
-116
-125
-101
-57
-80
-115
-83
-95
-90
-76
-76
-95
-68
-60
-69
-82
-30
-67
-25
-31
-14
11
-35
52
20
-19
24
32
-76
-130
-19
-49
-104
-36
59
23
-23
-21
-16
-54
-110
-15
-29
-127
-98
-6
-73
-118
-53
-27
-89
-88
-24
-29
-91
-62
2
-45
-55
4
-11
-38
-13
-6
-5
-17
-34
18
-11
-67
-63
-64
-57
-46
-49
-75
-63
-72
-70
-39
-26
-70
-72
-71
-72
-104
-98
-68
-73
-82
-84
-118
-145
-139
-111
-133
-94
-50
-115
-66
-74
-67
-99
-110
-67
-118
-145
-82
-39
-91
-128
-107
-101
-96
-50
-54
-35
-74
-68
-65
-43
-59
-59
-52
-34
-18
-15
-18
-14
-3
40
10
23
42
64
15
-2
52
13
29
30
27
9
-22
24
9
-42
-15
-3
-51
-28
-22
-10
-9
-62
-50
-48
-130
-112
-70
-121
-114
-127
-139
-98
-83
-123
-108
-110
-80
-80
-113
-114
-121
-106
-120
-133
-115
-120
-117
-30
-42
-68
17
-14
-57
-42
-46
-35
-36
-30
-24
-4
35
10
-23
36
35
-5
-1
-21
-29
-13
17
13
12
39
33
21
3
1
-10
-53
-50
-52
-81
-66
-42
-45
-58
-87
-119
-133
-94
-91
-115
-114
-137
-146
-114
-95
-81
-77
-48
-113
-114
-115
-166
-152
-138
-157
-157
-114
-113
-51
-20
-49
-37
-21
-26
-21
-65
-88
-77
-39
-27
-13
15
-18
-79
-31
-32
-116
-122
-76
-2
-100
-111
25
21
-73
14
31
-54
-10
58
20
-54
10
70
-27
-27
48
59
51
46
74
67
50
44
70
6
58
53
4
51
22
-5
27
73
35
9
23
42
20
18
19
27
20
36
4
-8
5
-13
38
61
81
63
54
74
61
3
12
21
40
57
47
82
89
82
60
65
19
21
21
13
32
26
5
-10
27
35
10
59
50
-4
14
12
54
34
45
35
64
141
79
48
66
34
10
-18
-9
0
26
49
37
25
28
51
-3
24
35
95
67
43
75
54
76
73
78
58
42
22
63
42
57
89
89
62
23
69
19
38
2
-22
-28
-60
-49
-80
-66
-34
-48
-76
-75
-79
-55
-65
-61
-48
-42
-44
-75
-70
-100
-66
-16
13
38
8
25
34
14
31
48
71
117
68
48
87
95
63
71
116
132
102
68
71
102
73
50
0
8
4
8
-6
-69
-10
-18
-14
-33
-38
-111
-174
-98
-75
-108
-94
-54
-91
-127
-89
-68
-107
-96
-33
5
-31
19
29
4
36
30
46
55
7
39
88
88
34
9
-14
4
-8
44
54
60
99
67
10
-56
2
-8
-34
-20
17
-41
-12
42
-18
-29
29
41
-12
-22
-12
13
-46
36
81
38
85
33
70
30
47
59
41
12
-1
-3
-34
-21
18
51
79
144
140
156
150
122
121
74
18
-7
15
9
-3
5
9
20
61
143
122
129
132
105
125
110
94
67
81
80
45
42
71
75
55
40
22
61
35
53
51
37
56
52
-24
-14
-2
-14
3
7
-21
-37
-25
-5
33
-13
47
55
30
33
11
9
-26
-7
21
-5
-35
-1
0
-70
-94
-8
-44
-104
-23
-18
-22
1
118
65
24
76
28
70
29
-2
26
59
141
150
155
189
178
138
87
124
52
11
50
66
2
31
123
131
114
150
197
182
145
147
104
34
76
48
4
-29
0
-15
-22
4
37
52
33
-3
-27
29
10
-25
38
48
-26
-20
27
40
-11
-7
61
69
69
121
70
38
84
157
188
127
173
121
48
24
96
91
54
109
122
153
144
174
203
168
174
185
141
197
180
152
136
163
123
137
124
58
67
74
86
95
101
82
119
119
94
65
45
100
55
1
10
-1
-52
-69
-97
-146
-126
-88
-73
-101
-99
-102
-86
-84
-63
-59
-81
-82
-66
-31
-18
-25
-24
-32
4
-46
-72
-40
-94
-66
-55
-25
-1
-16
23
18
29
52
0
-57
-22
-7
-5
29
0
-7
-25
29
37
48
36
32
47
52
6
-19
-16
-27
-20
-30
-34
-53
-65
-63
-91
-119
-113
-130
-40
-50
-75
-24
-2
-4
-44
-66
-79
-72
-57
-86
-110
-113
-103
-67
-82
-74
-81
-11
25
-30
-36
-39
-86
-68
-58
-99
-126
-70
-49
-76
-92
-123
-115
-114
-185
-184
-170
-181
-162
-154
-150
-165
-161
-101
-77
-63
-28
-21
-68
-46
-21
-35
14
44
28
6
11
1
-9
1
-77
-36
-38
-49
-65
-59
-18
-42
-53
-70
-66
-71
-82
-119
-153
-133
-210
-188
-142
-115
-140
-190
-186
-206
-167
-215
-145
-140
-137
-111
-87
-69
-96
-59
-64
-100
-76
-41
-56
-83
-80
-80
-58
-54
-79
-43
-20
-18
32
79
79
75
98
94
97
78
63
68
27
5
-11
21
-5
8
26
14
80
85
85
58
37
33
96
75
52
38
30
9
-36
-35
-8
-37
-53
-91
-87
-73
-62
-37
-52
-14
-33
-47
-5
-16
-9
34
-7
14
-11
-51
-51
-94
-64
-21
-63
-94
-55
-10
-67
-29
-29
-43
10
22
11
4
6
11
-12
3
39
-21
-3
33
32
11
14
4
-41
17
-43
-70
-28
-69
-69
-72
-44
-110
-132
-106
-93
-139
-136
-161
-195
-191
-238
-204
-217
-182
-149
-129
-128
-119
-60
-88
-126
-103
-87
-86
-82
-64
-96
-115
-86
-54
-81
-90
-53
-33
-63
-42
-66
-75
-90
-101
-94
-108
-50
-84
-98
-81
-63
-79
-50
-41
-100
-70
-34
-20
8
31
-9
-9
-75
-131
-160
-159
-127
-141
-108
-81
-62
-68
-40
-25
-36
-42
-61
-50
-56
-83
-75
-73
-72
-49
-32
-23
11
-31
-101
-126
-105
-109
-131
-139
-97
-50
-70
-79
-31
-16
-31
-66
-73
-105
-124
-98
-120
-158
-101
-92
-84
-25
-88
-50
-26
-66
-30
-72
-11
7
-27
10
-17
-10
19
74
75
85
108
84
61
39
43
74
47
20
12
4
-4
-26
-60
-87
-75
-74
-86
-110
-110
-80
-120
-127
-129
-85
-86
-66
0
-20
3
-3
3
-12
31
15
53
28
-27
-26
-21
23
69
127
125
112
124
129
118
147
138
113
100
84
83
135
121
111
145
104
120
110
117
64
74
39
29
2
15
47
25
-14
-31
-50
-85
-50
-85
-40
-64
-12
29
24
-10
54
62
65
54
22
66
29
-2
-35
-55
-96
-61
-15
-16
20
76
80
16
50
28
-49
-28
-8
-23
-56
-43
-12
-62
-89
-107
-81
-80
-107
-59
-68
-86
-31
-36
-20
25
33
52
43
56
90
5
56
81
31
46
52
54
23
6
21
33
31
90
69
55
65
34
44
43
35
66
47
23
20
-32
-49
-45
-55
-15
-66
-26
11
-4
8
14
21
-16
-9
35
23
42
12
-16
-35
-29
40
75
35
46
-2
14
72
42
73
69
69
19
39
56
79
40
33
66
43
72
96
66
87
57
89
101
113
94
33
64
101
133
137
121
86
95
67
58
53
-9
19
44
31
47
54
39
57
56
324
437
134
-92
45
492
520
196
-41
222
450
331
208
335
510
291
42
109
553
876
708
213
-158
-72
598
956
627
60
-22
328
591
435
83
-35
48
327
494
437
-3
-388
-288
207
506
259
-221
-468
-398
-183
65
73
-214
-519
-499
-185
-56
-230
-392
-444
-304
-185
-66
-222
-503
-620
-421
-72
-102
-309
-527
-527
-339
-200
-186
-288
-477
-622
-576
-394
-327
-469
-562
-547
-357
-303
-369
-378
-347
-237
-47
191
256
167
42
141
390
636
718
697
617
722
874
995
1018
1009
1087
1205
1216
1095
1038
931
898
898
986
994
809
597
479
415
383
296
181
72
-132
-267
-327
-387
-561
-725
-778
-885
-1040
-1136
-1246
-1356
-1514
-1629
-1689
-1846
-2074
-2284
-2377
-2385
-2402
-2678
-2827
-3081
-2567
-1166
-299
-874
-2563
-2550
-380
1558
1305
151
293
1447
1803
1281
1611
2494
2600
1870
1871
2815
2760
1192
223
1038
2251
1924
387
-603
-632
-562
-523
-401
-451
-1165
-2047
-1997
-1319
-826
-1175
-1645
-1419
-506
199
101
-129
361
1028
1379
1602
1969
2364
2214
2095
2588
3157
2968
2304
2138
2429
2352
1959
1659
1517
945
190
-7
121
-153
-958
-1399
-1281
-1395
-2036
-2388
-2453
-2577
-2975
-3265
-3248
-3435
-3906
-4123
-3954
-3894
-4609
-5286
-5663
-2486
1845
1920
-3237
-8272
-4268
3679
6661
2039
-1230
826
3797
2730
1167
3650
5529
3964
1330
3219
6088
3641
-1735
-2113
3038
6172
2671
-2344
-3666
-2340
-1335
-754
-214
-720
-3271
-5508
-4229
-1363
14
-1842
-3970
-3614
-1220
573
31
-1427
-1336
604
3232
4511
3635
1654
696
2513
5755
7179
5321
2757
1806
2815
3664
3761
3191
1878
478
254
1264
1406
-428
-2421
-2089
-506
-115
-1533
-3134
-3860
-3706
-2937
-1579
-1304
-2868
-4855
-4835
-2884
-1757
-2398
-3640
-4034
-3803
-3613
-3715
-3886
-4229
-1910
1514
1886
-2442
-6752
-3861
2649
5283
2080
-239
925
2164
492
-9
3091
4861
2923
404
1778
3901
1829
-1917
-1492
2530
4362
1435
-1974
-2762
-2238
-1769
-776
328
14
-2354
-4280
-3390
-1263
-73
-963
-2046
-1917
-593
477
277
-508
105
2271
3525
3171
2099
2123
2755
3345
4127
4757
4207
2754
1916
2267
2664
2387
1991
1632
907
43
-251
-227
-654
-1500
-1556
-1101
-1288
-2372
-3149
-2941
-2504
-2657
-2647
-2494
-2886
-3673
-3955
-3270
-2780
-3261
-3896
-3988
-3898
-4391
-5337
-5791
-5464
-1740
1834
930
-5246
-9293
-4506
3422
5793
1029
-2062
-652
1637
820
960
3353
4021
2057
1030
3745
5161
1640
-2242
-613
4374
5993
2478
-1282
-2422
-1816
-614
1392
2149
547
-2601
-3967
-2308
-268
795
-84
-1381
-1732
-380
1507
1809
305
-539
1160
3649
4608
3373
1721
1346
2365
4191
5098
4119
2042
695
1227
2438
2779
1825
354
-630
-504
24
20
-917
-2197
-2405
-1675
-1018
-1365
-2439
-3259
-3267
-2474
-1552
-1481
-2499
-3660
-3888
-3216
-2642
-2668
-3135
-3852
-4203
-4306
-4453
-5234
-5175
-2103
801
-400
-5359
-7437
-3375
1624
1860
-680
-922
764
790
-878
-90
2634
3505
2100
1971
4039
4281
1297
-696
1363
4594
4938
2746
777
-48
-349
205
1605
2113
725
-1358
-1673
-475
-36
-450
-1007
-670
-83
235
485
280
-299
-429
996
2789
3201
1877
823
1268
2475
3187
3075
2758
2230
1587
1406
1866
1990
1203
188
149
764
705
-309
-1271
-1308
-897
-726
-769
-1036
-1727
-2623
-2855
-2114
-1569
-2105
-3017
-3630
-3539
-3576
-3829
-4215
-4577
-4949
-5524
-5449
-5341
-6010
-5581
-2804
-690
-1917
-5877
-6446
-2763
1027
1276
102
300
1006
474
90
2177
3820
3657
2730
3773
5182
4147
1584
1042
3011
4630
4240
2835
1583
114
-806
0
1448
1376
-370
-1834
-1529
-1016
-1210
-1651
-1535
-1013
-830
-370
218
236
-429
-256
1419
3212
3379
2390
1946
2425
3288
3847
4099
3887
3126
2529
2723
3114
2787
1655
937
1213
1541
1109
8
-1002
-1332
-1297
-1060
-876
-1344
-2513
-3560
-3466
-2662
-2369
-3078
-3892
-4285
-4254
-4218
-4437
-4702
-5005
-5367
-5432
-5523
-6018
-7196
-7079
-3067
803
-114
-5876
-8772
-4319
2083
3667
1056
-5
1162
1824
1094
2294
4386
4623
3490
4132
6522
6258
2489
131
2174
5562
6162
4075
1772
-130
-1403
-639
1622
2198
43
-2507
-2418
-1193
-1064
-1779
-1790
-1052
-708
-459
201
492
-332
-369
1598
4179
4758
3182
2098
2633
3981
4891
5091
4803
3934
2940
2742
3156
2892
1714
838
1104
1289
404
-1071
-2060
-2201
-2116
-1824
-1796
-2202
-3251
-4198
-4227
-3668
-3282
-3598
-3782
-3880
-3924
-4074
-4315
-4279
-4341
-3919
-3132
-3239
-4463
-6570
-6733
-3170
935
1240
-2924
-6245
-4734
-555
1569
1223
614
674
791
654
1659
2436
1919
1326
2845
5596
5756
2607
-79
506
2872
4583
4536
3425
1172
-986
-774
1370
2556
1171
-850
-963
-68
134
-375
-515
-299
-200
335
1578
2034
924
45
1180
3716
4771
3668
2539
2659
3404
4017
4339
4339
3635
2593
2295
2652
2464
1366
440
631
1018
460
-851
-1883
-2293
-2341
-2093
-1749
-1933
-2968
-3850
-3817
-3254
-3028
-3316
-3611
-3698
-3563
-3631
-3777
-4099
-4427
-4450
-4335
-4246
-4927
-6090
-5847
-2907
-172
-645
-4168
-5969
-3754
-333
1241
1023
983
804
267
390
2115
3272
2787
2296
3656
5608
5084
2713
1269
2170
3832
4521
4390
3360
1319
-386
20
1653
2093
778
-445
-291
-225
-583
-688
-258
71
-181
236
1379
1849
1134
595
1526
3175
3976
3678
3263
3015
3180
3505
4091
4274
3452
2686
2528
2668
2194
1257
693
537
294
-65
-666
-1456
-2254
-2799
-2638
-2180
-2191
-2755
-3655
-4095
-3890
-3765
-3695
-3630
-3573
-3752
-4140
-4280
-4296
-4526
-4459
-4302
-4313
-4963
-5317
-3578
-1256
-835
-3099
-4899
-3652
-890
411
175
361
867
928
379
1151
2322
2360
2026
2757
4573
4940
3073
1425
1935
3387
4097
3862
3305
2217
744
507
1644
2192
1309
263
147
506
252
27
354
611
567
848
1748
2083
1215
417
1277
2887
3846
3522
3010
2876
2812
2920
3299
3626
3314
2682
2441
2492
1928
911
311
209
205
-193
-673
-1260
-2120
-2742
-2726
-2303
-2191
-2652
-3127
-3244
-3409
-3787
-3802
-3333
-3077
-3350
-3698
-3749
-3871
-4201
-4486
-4147
-3888
-4431
-5388
-4180
-1673
-724
-2598
-4748
-3886
-1466
4
-196
131
711
879
305
717
1914
2110
2025
2561
4250
4595
3239
1914
2130
3162
3681
3848
3710
2872
1333
794
1636
2366
2052
900
474
791
777
495
342
743
1104
1261
1135
1218
1088
1111
1678
2615
3305
2964
2797
2839
2963
2908
3005
3466
3646
3140
2446
2062
1738
1265
735
615
678
89
-746
-1355
-1583
-1797
-2247
-2474
-2497
-2519
-2756
-3043
-3299
-3691
-4023
-3845
-3286
-2949
-3341
-4147
-4484
-4221
-3937
-3804
-4032
-4470
-5142
-4701
-2491
-1248
-1938
-4158
-4403
-2412
-434
-173
-519
-26
451
845
899
1644
1704
1654
2313
3766
4879
4050
2485
1818
2683
3701
4113
3809
3116
2018
1149
1437
2110
2093
1070
467
816
1384
1291
815
331
192
548
1338
2088
1800
1046
822
1784
2928
3181
2681
2595
3061
3477
3598
3472
3235
2690
2261
2369
2516
1980
933
135
57
30
-405
-1075
-1687
-2040
-2420
-2686
-2658
-2776
-3336
-3707
-3669
-3471
-3626
-4115
-4163
-3860
-3829
-3975
-4056
-4054
-4237
-4475
-4297
-4199
-4753
-4315
-2602
-1219
-1595
-3518
-3882
-2208
-322
24
-267
140
863
1133
1085
1461
1470
1718
2171
3340
4354
3779
2463
1704
2316
3202
3524
3349
2913
1971
1318
1584
2102
1862
840
436
1186
1879
1732
970
255
289
663
1509
2323
2264
1463
1021
1603
2623
2900
2572
2545
2937
3438
3476
3142
2680
2324
2182
2433
2626
2160
1001
-23
-107
85
0
-587
-1240
-1628
-1989
-2183
-2251
-2328
-2789
-3286
-3281
-2945
-2908
-3434
-3757
-3596
-3309
-3398
-3697
-3755
-3624
-3440
-3768
-4041
-4168
-4148
-3038
-1798
-1444
-2396
-3308
-2689
-1226
-303
-247
-83
468
1060
976
1166
1388
1299
1647
2599
3849
4021
3000
2063
2083
2599
3251
3526
3416
2756
1809
1638
2201
2229
1401
814
1374
2345
2537
1706
571
19
341
1352
2435
2714
1885
975
1084
2061
2651
2548
2388
2907
3583
3763
3233
2462
2046
2074
2592
3211
3110
1849
365
-275
62
408
126
-502
-1066
-1441
-1827
-2232
-2351
-2592
-2999
-3021
-2648
-2468
-3059
-3986
-4322
-3653
-2873
-2733
-3221
-3598
-3730
-3730
-3660
-3659
-3844
-3944
-2830
-1490
-945
-1908
-2958
-2804
-1653
-272
262
529
341
579
835
1192
1359
1129
1445
2148
3311
3640
3230
2155
1564
1929
2838
3548
3244
2703
2060
1941
2197
2184
1678
1154
1399
2275
2671
1993
767
214
572
1573
2348
2515
2020
1283
1294
1835
2395
2257
2233
2630
3211
3342
2831
2049
1515
1610
2116
2795
2665
1676
264
-251
170
505
128
-572
-939
-1179
-1366
-1607
-1798
-2248
-2697
-2655
-2123
-1731
-2128
-2954
-3400
-3000
-2391
-2230
-2420
-2612
-2773
-2962
-2957
-2731
-2827
-3153
-3629
-3409
-2127
-1145
-1378
-2284
-2876
-2336
-1149
-510
-530
-649
-283
384
825
872
578
355
912
2063
2977
3259
2659
1825
1601
2150
2878
3185
3108
2779
2690
2788
2704
2210
1755
1731
2008
2567
2547
2072
1384
1047
1205
1596
1994
2001
1800
1743
1968
1994
2000
2121
2305
2367
2436
2532
2343
1983
1710
1705
1798
1598
1122
838
788
745
482
54
-330
-623
-789
-818
-824
-1052
-1436
-1877
-1911
-1652
-1629
-2008
-2253
-2256
-2117
-1957
-2046
-2178
-2368
-2373
-2170
-2021
-2076
-2266
-2578
-2766
-2535
-2459
-2666
-2646
-2010
-1447
-1545
-2057
-2175
-1645
-1223
-1017
-818
-180
222
107
-5
256
539
650
1029
1471
1982
2063
1906
1900
2065
2222
2024
2068
2490
2656
2264
2239
2514
2536
2146
1629
1608
1910
2338
2277
1996
1757
1548
1365
1607
2037
2215
2243
2343
2516
2301
1869
1523
1504
1847
2122
2082
1862
1417
896
653
762
840
684
334
150
60
-42
-362
-873
-1184
-1222
-983
-762
-683
-1003
-1601
-1860
-1665
-1258
-1044
-1291
-1661
-1661
-1367
-1167
-1463
-1774
-1639
-1262
-998
-1059
-1418
-1825
-2079
-2060
-1850
-1800
-2136
-2422
-2036
-1453
-1441
-1858
-2028
-1814
-1473
-1294
-863
-383
-385
-660
-547
28
382
270
153
619
1403
1858
1608
1232
1285
1431
1635
2026
2460
2322
1915
2041
2458
2503
2116
1876
2027
2433
2708
2488
2287
2268
2180
2122
2175
2232
2113
2000
2049
2278
2214
1660
1073
993
1357
1459
1283
1076
859
418
163
117
126
23
-99
11
292
326
-126
-682
-875
-662
-287
-18
63
-177
-484
-550
-353
-250
-466
-729
-679
-240
-6
-373
-943
-1242
-1263
-1081
-886
-854
-1084
-1493
-1616
-1569
-1590
-1903
-2301
-2455
-2223
-1904
-1837
-1893
-2086
-2387
-2485
-2000
-1385
-1058
-979
-934
-788
-678
-660
-588
-426
-113
336
927
1308
1122
678
651
1063
1410
1613
1781
1974
2216
2296
2283
2236
2082
1952
2052
2497
2823
2658
2313
2282
2276
2118
1824
1575
1605
1731
1817
1722
1595
1247
812
604
583
606
625
715
710
637
439
188
-37
-107
-25
200
516
602
481
208
114
300
469
506
536
652
654
494
346
252
141
142
149
240
313
100
-239
-526
-552
-522
-613
-892
-1091
-1136
-1174
-1228
-1210
-1337
-1699
-1797
-1575
-1391
-1380
-1349
-1379
-1424
-1458
-1381
-1173
-915
-658
-481
-346
-244
-121
-192
-187
-30
188
457
842
1174
1102
836
795
937
1056
1251
1439
1410
1271
1256
1251
1128
904
736
673
814
1008
896
496
329
331
251
302
523
574
400
439
621
618
456
380
497
689
912
1044
1131
1168
1087
1071
1161
1243
1415
1522
1383
1379
1600
1638
1384
1044
928
947
959
1084
1171
956
575
203
204
234
64
-207
-329
-160
13
-27
-323
-699
-977
-948
-729
-387
-270
-438
-610
-544
-369
-367
-631
-744
-547
-253
28
252
274
5
-153
-5
198
313
455
630
801
996
1058
833
450
344
507
801
1147
1196
1152
1030
923
833
733
531
377
418
686
865
831
609
225
-17
-133
-244
-308
-91
36
-5
19
46
-102
-318
-561
-495
-130
232
401
466
446
312
237
312
357
329
398
563
881
1021
941
741
474
386
386
467
525
546
479
268
294
340
232
24
-94
-66
120
421
418
80
-202
-101
4
86
139
118
238
478
548
301
182
227
475
603
789
911
809
793
741
662
661
825
963
1159
1263
1381
1336
1135
957
909
1168
1393
1544
1533
1284
1036
893
933
993
974
1072
1182
1093
762
436
329
343
355
544
743
644
55
-522
-628
-213
228
162
220
428
428
18
-297
-359
-358
-164
58
526
810
581
221
132
132
67
71
156
306
539
720
664
302
-59
-149
52
263
292
93
-80
-81
-117
-146
-206
-175
-134
-70
-90
-231
-563
-529
-301
-128
56
235
307
205
190
69
29
219
500
706
815
947
938
744
667
682
743
897
1016
1239
1455
1521
1399
1196
1209
1184
1186
1393
1701
1818
1664
1572
1361
1170
1126
1052
1027
1011
1008
1113
1160
1179
1044
636
429
426
404
414
553
631
687
751
694
630
417
15
-91
191
517
760
766
455
258
198
159
167
173
421
685
755
534
190
-270
-428
-358
-235
39
281
417
217
-190
-507
-538
-332
-362
-403
-155
315
496
261
-101
-344
-370
-297
-29
261
399
593
847
1006
938
681
451
301
287
387
637
984
1277
1385
1326
929
591
418
391
511
710
1061
1467
1624
1539
1161
732
554
580
793
1030
1279
1372
1481
1224
845
580
362
351
579
928
1035
1025
850
534
247
192
135
175
402
528
727
735
740
649
406
136
-27
57
288
641
822
766
739
616
332
-13
-241
-167
129
392
426
214
46
73
15
-226
-530
-747
-587
-241
-107
-86
-46
-116
-338
-296
-397
-645
-575
95
673
701
477
333
289
98
207
379
728
1112
1009
943
981
985
986
817
551
596
777
1031
1154
1159
1001
886
918
804
624
509
704
912
1052
949
744
502
513
487
283
469
692
605
409
575
804
526
47
-34
335
753
802
671
524
512
462
243
281
345
323
410
720
903
757
461
116
-27
107
157
136
229
254
122
97
157
83
-191
-123
-118
-8
59
-30
-91
-101
1
114
293
190
-94
-222
-55
95
213
156
211
345
399
377
38
-68
77
385
647
749
401
96
98
230
388
465
518
687
795
602
429
314
284
424
602
743
704
780
759
591
607
538
599
741
806
591
444
573
651
583
481
383
214
288
356
316
444
586
498
428
395
344
202
37
-90
3
378
542
421
426
385
104
-168
-495
-523
-328
77
385
486
451
310
43
-264
-371
-294
-126
49
343
586
842
682
256
-286
-358
-44
191
254
370
506
493
766
687
426
163
90
127
180
294
127
317
636
644
681
612
366
154
40
242
669
711
634
677
954
1115
959
805
507
588
838
1126
1210
874
605
751
1036
981
794
540
497
470
341
444
513
307
276
465
452
165
-179
-208
28
160
45
107
340
354
173
94
35
109
268
194
133
297
315
290
503
330
-44
-8
387
515
236
-19
66
209
384
320
-26
76
421
544
315
103
84
163
433
599
543
373
282
267
392
493
324
287
356
276
298
514
716
691
578
388
227
415
627
599
626
682
635
646
542
534
587
754
1092
1243
1100
818
662
663
818
1073
1328
1239
1111
1096
880
687
581
565
494
654
731
587
371
314
203
96
189
108
-12
59
191
82
-63
-197
-312
-168
-80
-116
-2
85
50
-155
-97
83
193
147
130
242
209
408
404
328
281
74
-69
241
646
689
630
438
282
280
374
272
181
298
442
614
747
577
396
305
291
296
281
135
225
462
705
879
710
487
334
166
-78
-27
438
709
711
705
856
907
672
362
263
202
282
631
878
1133
1129
990
878
900
793
607
679
856
1136
1219
924
638
570
572
545
475
368
271
326
294
291
390
400
380
456
583
374
9
-140
45
136
192
456
598
642
486
224
-72
-171
-25
140
323
339
390
507
583
349
-62
-51
9
163
439
585
582
402
318
328
519
574
506
415
476
499
348
300
325
623
831
1001
1133
972
652
277
233
347
414
455
646
918
890
714
372
181
150
218
322
592
903
1098
1070
895
713
465
400
513
716
931
959
1003
1114
1099
822
575
618
612
662
688
683
553
414
411
466
446
306
161
199
435
480
468
325
150
159
409
517
422
322
338
558
695
519
333
417
565
600
568
560
329
299
479
636
527
488
624
709
683
418
182
42
169
202
233
406
746
765
536
317
189
49
-218
-103
170
421
354
420
553
394
213
94
30
-4
-69
-85
240
603
660
593
616
635
438
145
141
333
560
645
670
860
1063
1038
704
416
139
-61
16
237
361
472
565
621
595
225
-182
-389
-311
-78
-74
26
257
341
30
-328
-413
-419
-357
-176
-134
-235
-164
54
211
276
49
-362
-459
-170
93
18
-46
22
171
378
502
345
64
-174
-174
-12
-1
-100
-186
64
346
485
363
105
-245
-478
-357
-247
-278
-161
-65
36
304
421
235
-369
-664
-730
-620
-375
-193
-67
118
481
502
205
-172
-528
-789
-669
-210
238
571
666
511
369
236
-119
-473
-581
-284
171
412
541
530
424
189
-109
-272
-391
-552
-550
-366
-126
-77
-231
-309
-335
-131
-28
-133
-477
-780
-722
-507
-268
-142
-75
55
258
305
111
-274
-524
-426
-122
28
307
531
328
37
-33
-12
-79
-141
-230
-75
230
269
159
10
-189
-230
-170
-166
-123
-222
-257
-124
-68
-214
-407
-521
-540
-374
-220
-150
-299
-512
-518
-328
-264
-303
-253
-267
-311
-327
-230
-82
-134
-348
-470
-256
-79
-79
-261
-431
-358
-323
-170
-108
-158
-313
-365
-460
-521
-546
-600
-562
-673
-617
-549
-484
-517
-690
-808
-767
-715
-855
-1013
-1006
-1039
-1033
-920
-726
-656
-607
-601
-720
-752
-823
-900
-853
-716
-540
-351
-326
-433
-659
-735
-888
-964
-853
-645
-509
-555
-616
-649
-653
-794
-878
-848
-856
-942
-1024
-1156
-1216
-1196
-1068
-944
-1037
-1201
-1310
-1322
-1446
-1541
-1513
-1349
-1173
-1089
-1198
-1273
-1374
-1466
-1355
-1351
-1363
-1310
-1182
-1113
-1121
-1213
-1339
-1367
-1253
-1025
-1001
-1241
-1505
-1556
-1387
-1250
-1255
-1254
-1386
-1352
-1255
-1304
-1570
-1738
-1796
-1822
-1626
-1551
-1708
-1885
-1979
-1927
-1862
-2005
-2135
-2129
-2160
-2271
-2364
-2391
-2403
-2346
-2415
-2477
-2285
-2113
-2117
-2132
-2159
-2317
-2323
-2167
-2073
-2078
-2021
-1894
-1849
-1831
-2019
-2255
-2209
-2121
-2246
-2429
-2398
-2146
-1974
-2031
-2229
-2395
-2443
-2580
-2817
-2972
-3081
-2893
-2630
-2544
-2546
-2631
-2771
-2867
-2970
-3147
-3264
-3147
-3036
-3021
-2962
-2841
-2745
-2725
-2845
-3014
-3132
-3183
-3045
-3002
-2983
-2927
-2583
-2314
-2339
-2537
-2752
-2866
-2904
-2849
-2807
-2716
-2557
-2381
-2312
-2284
-2317
-2519
-2772
-2858
-2802
-2838
-2812
-2701
-2647
-2639
-2691
-2847
-2962
-3040
-3091
-3142
-3063
-3021
-3045
-3084
-3156
-3032
-3024
-3050
-2887
-2750
-2708
-2746
-2858
-2828
-2751
-2753
-2727
-2610
-2579
-2607
-2677
-2646
-2546
-2449
-2504
-2654
-2619
-2606
-2673
-2622
-2578
-2708
-2768
-2832
-2927
-3088
-3172
-3098
-2981
-2836
-2854
-2976
-3008
-2949
-2955
-3113
-3252
-3305
-3087
-2907
-2912
-2930
-3041
-3005
-2863
-2804
-2773
-2812
-2836
-2756
-2581
-2516
-2521
-2497
-2491
-2426
-2482
-2502
-2486
-2501
-2401
-2390
-2446
-2614
-2751
-2729
-2566
-2478
-2564
-2544
-2614
-2703
-2656
-2631
-2695
-2899
-3036
-2950
-2891
-2903
-2898
-2946
-2852
-2750
-2769
-2782
-2751
-2834
-2913
-2981
-2919
-2891
-2698
-2424
-2326
-2415
-2567
-2622
-2729
-2873
-3027
-2850
-2456
-2187
-2067
-2029
-2136
-2361
-2620
-2774
-2745
-2655
-2525
-2380
-2361
-2285
-2399
-2504
-2612
-2871
-3142
-3182
-3034
-2940
-2947
-2980
-2869
-2732
-2718
-2804
-2847
-2864
-2946
-3058
-2964
-2778
-2550
-2470
-2279
-2103
-2230
-2373
-2489
-2518
-2532
-2416
-2239
-2086
-1797
-1600
-1713
-1803
-1868
-1986
-2169
-2348
-2289
-2073
-1850
-1709
-1625
-1767
-2011
-2184
-2337
-2371
-2424
-2349
-2278
-2251
-2299
-2343
-2385
-2487
-2555
-2586
-2536
-2479
-2393
-2506
-2536
-2427
-2311
-2310
-2362
-2405
-2426
-2323
-2324
-2414
-2408
-2379
-2316
-2265
-2206
-2154
-2096
-2038
-1998
-2041
-2134
-2102
-2071
-2033
-2020
-2041
-2083
-2094
-2095
-2091
-2111
-2094
-2111
-2220
-2271
-2252
-2267
-2296
-2373
-2398
-2343
-2332
-2276
-2260
-2258
-2206
-2235
-2191
-2232
-2210
-2014
-1890
-1856
-1758
-1659
-1689
-1700
-1638
-1673
-1656
-1560
-1545
-1412
-1274
-1207
-1271
-1292
-1307
-1284
-1262
-1236
-1289
-1344
-1265
-1184
-1239
-1312
-1261
-1256
-1251
-1262
-1271
-1276
-1295
-1287
-1188
-1235
-1301
-1337
-1251
-1129
-1090
-1161
-1188
-1090
-998
-948
-964
-981
-1116
-1159
-1108
-1115
-1222
-1222
-1042
-871
-763
-766
-826
-857
-865
-914
-946
-790
-636
-587
-557
-518
-530
-597
-676
-749
-662
-542
-499
-538
-611
-642
-698
-744
-780
-780
-735
-626
-487
-366
-360
-425
-444
-494
-453
-382
-360
-322
-320
-331
-262
-151
-57
-97
-209
-257
-142
-69
-75
30
136
227
138
44
-8
-69
-73
-24
40
-8
46
23
54
112
99
130
56
-36
-122
-153
-124
-54
48
222
242
146
-8
-115
-155
-55
118
293
447
418
367
221
116
29
92
285
356
246
94
90
186
264
206
96
83
95
11
-85
-152
-197
-221
-206
-125
-104
-124
-194
-230
-261
-343
-423
-441
-395
-386
-358
-313
-318
-449
-591
-608
-585
-617
-573
-451
-370
-369
-364
-216
-168
-293
-369
-370
-372
-324
-333
-350
-321
-319
-260
-233
-235
-376
-588
-688
-661
-625
-636
-618
-614
-588
-629
-667
-611
-676
-838
-973
-941
-861
-755
-671
-725
-707
-659
-642
-779
-932
-987
-1026
-924
-731
-613
-561
-598
-588
-482
-433
-482
-569
-580
-574
-522
-445
-457
-434
-378
-196
-196
-347
-430
-550
-537
-474
-417
-459
-523
-515
-528
-515
-520
-582
-722
-773
-793
-827
-795
-780
-770
-701
-595
-487
-560
-654
-821
-911
-831
-713
-559
-491
-412
-341
-235
-324
-443
-540
-521
-357
-224
-101
49
189
190
169
57
-43
-150
-196
-130
0
117
221
323
309
209
72
20
-58
-183
-104
-35
-79
-1
73
45
-31
-42
-51
-117
-120
-67
-75
5
51
63
83
214
221
150
159
191
151
183
255
223
222
351
532
545
457
411
371
270
273
287
308
462
523
523
448
397
337
339
377
340
363
365
447
427
346
311
387
443
379
385
476
590
570
531
593
572
645
676
640
639
610
627
643
694
755
749
695
771
829
709
567
632
699
687
720
672
581
553
619
581
517
458
422
422
486
552
536
426
349
348
405
416
417
347
329
462
502
511
454
381
356
334
307
261
200
204
257
309
388
362
379
451
445
347
367
418
342
359
370
393
559
672
546
389
349
371
307
278
356
327
296
305
287
309
279
235
195
193
149
95
87
133
173
275
374
361
291
273
222
133
158
159
176
233
372
447
429
442
431
347
311
246
157
163
265
304
284
200
123
106
27
5
-81
-123
-181
-201
-217
-266
-256
-287
-341
-323
-345
-430
-454
-509
-505
-412
-352
-364
-475
-511
-517
-467
-453
-480
-561
-599
-557
-527
-485
-533
-559
-476
-485
-487
-500
-589
-661
-604
-498
-502
-550
-574
-613
-582
-616
-684
-728
-763
-742
-768
-805
-833
-833
-852
-917
-956
-857
-769
-807
-865
-934
-955
-980
-934
-866
-834
-886
-867
-839
-790
-799
-909
-866
-798
-766
-748
-660
-552
-518
-518
-522
-596
-606
-554
-512
-550
-540
-595
-555
-507
-525
-502
-500
-542
-544
-478
-472
-476
-526
-567
-569
-486
-429
-465
-497
-453
-362
-367
-350
-315
-337
-340
-281
-271
-329
-337
-263
-239
-222
-182
-186
-179
-149
-132
-87
-112
-200
-262
-148
29
82
38
-77
-75
-53
-23
-4
-89
-82
-51
-17
-7
-26
-155
-231
-181
-157
-202
-159
-90
-80
-34
-21
13
-2
11
-11
-51
-50
-20
145
192
197
202
175
97
104
146
180
178
261
286
193
121
124
100
66
73
161
174
214
223
189
162
80
178
94
32
45
169
194
125
19
-31
122
218
339
389
395
406
330
284
237
235
284
448
565
532
623
596
529
500
503
557
588
689
700
629
711
741
745
778
791
876
886
837
716
660
590
566
598
625
718
757
744
725
659
461
372
359
374
502
683
780
852
850
691
651
641
589
526
619
716
819
942
929
887
786
768
942
916
912
1037
1037
1067
1123
1179
1193
1133
1078
1035
1005
1015
1044
1011
1074
1171
1163
1186
1062
1004
978
997
1078
1124
1152
1164
1227
1303
1364
1394
1361
1357
1408
1469
1511
1496
1520
1511
1465
1546
1642
1685
1707
1686
1703
1649
1631
1582
1561
1597
1615
1678
1666
1648
1642
1643
1605
1609
1589
1577
1611
1678
1636
1561
1581
1636
1674
1713
1746
1737
1792
1900
1948
1886
1850
1838
1874
1900
1929
1920
1863
1829
1879
1877
1907
1986
2037
2017
1969
1938
1847
1818
1772
1838
1874
1893
1958
1950
1904
1805
1790
1837
1880
1884
1897
1902
1841
1755
1647
1615
1653
1718
1761
1801
1885
1916
1873
1787
1726
1746
1760
1864
1968
1925
1898
1958
1986
1991
1988
1907
1821
1827
1905
1920
1952
1947
1936
1959
2003
1964
1849
1769
1706
1691
1720
1801
1778
1770
1806
1881
1921
1836
1803
1632
1515
1525
1484
1516
1600
1697
1759
1783
1721
1569
1492
1402
1447
1452
1470
1572
1659
1710
1678
1702
1576
1429
1487
1572
1568
1541
1567
1673
1712
1727
1693
1658
1645
1611
1577
1541
1516
1489
1596
1651
1617
1652
1584
1524
1501
1459
1405
1340
1353
1483
1523
1569
1588
1494
1359
1310
1314
1310
1244
1233
1290
1356
1401
1419
1368
1276
1198
1146
1160
1162
1126
1152
1205
1304
1346
1298
1144
1040
1027
1002
981
1011
1078
1054
1075
1130
1082
963
849
809
749
778
803
825
896
896
828
769
706
718
711
709
714
680
743
825
873
867
865
832
805
895
902
928
919
899
943
945
993
1022
1006
1031
1016
985
995
947
921
898
932
1032
1051
1023
978
961
934
978
958
953
961
964
921
898
917
928
887
869
928
902
859
754
680
727
774
735
753
730
699
719
715
728
714
664
664
582
552
606
555
529
516
464
427
428
456
459
384
288
241
279
321
349
346
361
406
434
386
309
179
150
183
227
278
334
354
269
224
208
182
211
240
342
342
303
300
237
297
327
328
411
463
437
385
292
281
279
274
298
350
341
345
245
132
118
134
134
115
166
201
131
22
26
-43
-121
-60
11
-9
0
33
1
-39
-45
-71
-29
-47
-80
-73
-97
-166
-201
-219
-207
-187
-141
-186
-234
-272
-307
-295
-291
-360
-398
-350
-368
-347
-433
-479
-495
-552
-618
-556
-537
-611
-552
-551
-605
-573
-582
-569
-644
-635
-597
-619
-664
-647
-573
-593
-592
-541
-549
-587
-571
-545
-500
-486
-469
-458
-437
-455
-427
-425
-389
-366
-402
-358
-291
-226
-133
-104
-101
-115
-166
-146
-127
-63
-58
-42
-23
-25
-56
-62
-58
-104
-131
-108
-116
-136
-96
-136
-174
-188
-196
-220
-188
-194
-148
-112
-77
-64
-81
-20
-68
-69
-8
26
90
39
26
40
64
120
105
165
157
138
71
37
3
-50
12
25
9
-9
-33
-93
-69
-70
-69
-38
-59
-75
-138
-152
-161
-162
-148
-210
-248
-239
-226
-231
-243
-245
-242
-239
-289
-383
-409
-446
-546
-535
-528
-589
-634
-649
-653
-696
-789
-877
-855
-842
-800
-820
-873
-872
-937
-953
-958
-971
-1011
-1004
-995
-1051
-1040
-1058
-1065
-1080
-1107
-1118
-1154
-1152
-1171
-1160
-1154
-1158
-1181
-1176
-1183
-1157
-1150
-1181
-1193
-1243
-1217
-1214
-1200
-1191
-1197
-1176
-1166
-1138
-1156
-1160
-1212
-1233
-1235
-1255
-1297
-1286
-1260
-1254
-1222
-1286
-1265
-1306
-1312
-1280
-1252
-1244
-1204
-1213
-1184
-1163
-1210
-1172
-1150
-1131
-1098
-1100
-1072
-993
-931
-882
-878
-775
-769
-817
-781
-774
-701
-634
-534
-487
-483
-454
-410
-437
-443
-440
-409
-401
-384
-320
-268
-245
-205
-179
-199
-203
-181
-176
-125
-57
-66
-96
-129
-133
-98
-70
-51
-56
6
28
34
-9
-3
71
108
121
162
212
179
208
254
339
385
467
520
594
611
682
666
680
670
690
693
697
764
733
798
747
737
729
642
660
674
673
733
695
689
722
709
637
640
666
641
620
629
663
689
744
771
751
767
717
703
762
794
830
791
843
898
894
940
978
984
973
966
976
965
935
966
1042
1067
1125
1069
1045
1115
1095
1060
1064
1122
1097
1154
1195
1188
1194
1117
1119
1156
1090
1039
1098
1137
1091
1133
1157
1143
1088
1097
1133
1051
1099
1177
1103
1086
1122
1167
1156
1159
1193
1211
1183
1177
1140
1084
1128
1131
1104
1104
1141
1094
1082
1076
992
960
964
974
999
1006
985
986
1004
1016
1000
1006
962
958
963
985
1030
1075
1051
1036
1027
1017
995
1014
1035
1044
1039
1063
1036
1036
1038
1019
1015
974
966
889
858
885
892
923
953
952
950
972
951
944
900
964
1002
979
1032
1059
1071
1029
1004
1054
1029
1092
1115
1167
1207
1193
1191
1131
1213
1230
1254
1271
1263
1248
1196
1249
1238
1201
1182
1175
1203
1130
1140
1153
1134
1087
1065
1116
1166
1141
1160
1144
1091
1055
1065
1099
1132
1118
1152
1170
1129
1106
1056
1086
1092
1167
1266
1267
1250
1238
1241
1168
1176
1186
1218
1202
1201
1186
1214
1257
1245
1269
1247
1255
1284
1241
1250
1210
1168
1242
1246
1209
1207
1182
1179
1147
1181
1242
1230
1257
1227
1179
1137
1180
1154
1157
1194
1157
1167
1255
1185
1120
1178
1170
1129
1093
1141
1152
1178
1189
1217
1191
1146
1150
1090
1071
1081
1145
1122
1124
1117
1092
1087
1109
1105
1117
1104
1075
1139
1156
1142
1144
1126
1112
1078
1063
1083
1075
1122
1099
1063
1018
1000
996
985
991
994
1017
1057
1128
1133
1103
1142
1122
1046
1032
1039
1038
1037
1051
1080
1081
1083
1088
1101
1039
1014
1026
1005
1020
1066
1041
962
967
938
884
882
855
898
909
891
901
874
919
881
870
992
1043
1026
1018
1085
1056
1050
1064
1068
1071
1140
1196
1099
1082
1068
1093
1049
974
987
1057
992
1015
1057
1054
1038
1016
1020
972
984
953
926
927
866
822
766
753
783
802
804
818
835
855
826
860
824
810
827
796
822
809
863
876
867
866
880
890
882
907
890
855
923
971
950
945
968
948
1002
1056
1078
1055
1045
1061
1009
1010
1002
937
926
977
977
964
911
902
875
894
885
842
809
785
773
814
829
858
863
851
913
862
919
902
936
934
922
956
995
1024
1034
1061
1010
1012
1065
1037
1005
1051
1030
1062
1056
1089
1135
1103
1116
1109
1066
1099
1105
1091
1037
1013
983
917
899
851
839
854
840
789
766
776
821
795
743
752
787
766
755
786
811
760
778
847
851
863
845
856
809
869
872
838
849
846
909
878
914
934
963
1030
1067
1050
968
1025
1064
997
975
992
1016
990
961
967
971
953
916
855
822
825
811
783
764
734
728
768
786
748
746
801
776
792
810
825
796
821
883
911
858
861
940
817
870
922
848
817
917
953
896
898
902
882
865
882
866
812
823
808
773
748
792
846
777
793
811
765
682
719
721
670
667
703
719
702
690
695
686
699
755
750
767
777
794
801
799
781
715
716
715
726
716
679
615
622
660
656
667
648
589
597
627
649
665
657
705
681
697
633
570
569
570
593
605
666
658
652
696
711
637
628
709
696
722
756
768
771
749
793
758
678
673
635
643
645
653
632
600
620
604
631
591
536
605
568
549
590
622
537
436
533
561
414
392
490
449
396
424
519
467
411
495
473
359
425
489
400
424
511
501
477
477
536
534
538
578
580
554
504
568
590
559
550
579
590
559
540
447
451
399
429
433
407
408
378
333
290
262
270
277
239
255
215
217
208
213
177
222
246
276
283
269
368
365
411
401
362
413
412
402
424
418
398
415
481
444
471
523
546
508
543
543
486
501
511
484
437
445
428
376
344
366
357
376
342
309
275
240
287
263
232
224
241
219
267
304
252
239
205
262
253
221
261
217
240
181
169
213
231
196
205
214
188
205
241
231
177
215
167
138
152
182
165
156
171
184
198
188
185
185
188
227
211
170
159
137
47
18
85
45
35
-6
-11
-11
-91
-83
-57
-91
-48
-26
-57
-24
-31
-51
-83
-60
-96
-58
-35
-61
-62
-71
3
-45
-9
55
36
4
51
81
41
7
15
45
16
29
22
42
5
44
27
-19
-22
-14
-22
-41
-45
-80
-100
-129
-131
-126
-123
-176
-183
-240
-241
-195
-212
-204
-164
-122
-69
-67
-94
-168
-181
-186
-219
-211
-259
-257
-224
-251
-177
-183
-168
-144
-152
-119
-147
-146
-116
-53
-52
-104
-130
-138
-139
-121
-184
-130
-102
-170
-150
-131
-40
-54
-117
-105
-114
-77
-33
-106
-80
-54
-89
-69
-155
-145
-182
-222
-166
-162
-169
-224
-232
-207
-248
-258
-214
-223
-206
-212
-239
-257
-258
-255
-239
-234
-215
-155
-131
-120
-173
-134
-91
-131
-155
-146
-150
-151
-129
-128
-124
-153
-148
-184
-162
-163
-146
-173
-160
-159
-156
-163
-171
-158
-196
-210
-239
-263
-269
-242
-290
-281
-254
-265
-247
-230
-222
-247
-240
-238
-198
-216
-190
-151
-211
-206
-194
-192
-192
-188
-177
-221
-221
-222
-193
-154
-162
-165
-164
-154
-111
-150
-165
-142
-113
-138
-126
-89
-145
-132
-141
-129
-100
-109
-124
-103
-92
-111
-144
-177
-154
-178
-209
-185
-207
-235
-231
-224
-208
-250
-254
-272
-325
-280
-276
-306
-308
-347
-356
-366
-372
-334
-340
-367
-339
-293
-298
-296
-265
-272
-270
-241
-211
-259
-293
-256
-222
-241
-190
-214
-200
-200
-216
-178
-175
-152
-205
-157
-150
-95
-113
-148
-109
-140
-167
-195
-165
-162
-167
-204
-204
-175
-190
-156
-138
-131
-147
-103
-120
-69
-66
-135
-173
-173
-114
-163
-101
-107
-141
-122
-102
-149
-130
-147
-123
-139
-122
-63
-105
-114
-144
-139
-169
-155
-189
-203
-235
-206
-193
-195
-184
-175
-132
-170
-177
-178
-137
-166
-187
-165
-186
-168
-189
-171
-176
-184
-139
-125
-78
-47
-43
-58
-59
-85
-89
-78
-51
-36
-86
-77
-47
-65
-59
-79
-65
-53
-100
-118
-144
-155
-133
-77
-151
-161
-178
-131
-127
-127
-95
-79
-28
-23
-34
-24
-47
-37
-6
-20
-6
20
34
47
25
2
36
51
32
22
12
10
-38
-102
-70
-86
-121
-130
-131
-171
-206
-216
-159
-137
-120
-158
-125
-88
-85
-98
-127
-104
-133
-117
-100
-41
-49
-87
-93
-81
-82
-99
-62
-91
-124
-109
-59
-38
-37
-3
-36
-65
-79
-69
-86
-118
-153
-199
-176
-179
-188
-215
-224
-261
-216
-229
-247
-197
-254
-256
-241
-229
-196
-166
-183
-197
-153
-164
-151
-144
-157
-158
-140
-126
-139
-112
-116
-109
-100
-109
-77
-13
-68
-78
-40
-34
-50
-30
-3
-27
-39
-96
-27
-78
-68
-41
-61
-83
-95
-65
-89
-73
-77
-77
-67
-28
-66
-91
-54
-77
-81
-66
-53
-86
-79
-55
-31
-76
-63
-41
-48
-14
-5
-14
-30
-22
11
12
9
-35
-21
22
-38
-20
-31
28
-25
-38
-13
-53
-49
-47
12
47
14
45
56
60
25
39
70
4
41
75
57
23
60
106
8
-21
-50
-26
-31
-5
2
-20
1
-13
17
11
23
-14
-58
-91
-94
-95
-109
-57
-89
-122
-61
-39
-148
-128
-71
-62
-28
-50
71
83
38
74
64
52
98
162
136
108
145
158
149
153
135
173
159
191
235
208
237
209
226
223
180
185
138
135
158
145
66
101
96
55
18
-42
-62
-95
-70
-50
-38
-80
-33
-34
-54
-45
-38
-46
-45
5
45
68
80
104
126
111
115
114
107
150
117
177
193
142
148
130
114
115
134
202
161
87
129
167
105
79
114
61
90
70
24
20
11
41
24
63
62
100
126
157
184
110
133
110
125
192
203
212
188
197
186
174
233
293
266
272
324
276
280
279
195
233
238
258
224
211
236
217
230
182
202
211
204
152
176
159
124
141
119
86
94
91
98
83
102
85
70
118
153
135
133
181
189
174
148
126
124
115
133
112
114
95
107
138
94
109
138
123
138
187
213
210
203
272
259
280
309
248
234
245
254
234
218
218
211
183
204
264
219
220
221
212
192
192
199
205
216
221
250
228
227
185
122
138
134
141
158
122
185
207
233
212
223
219
199
170
162
202
181
212
235
227
237
189
212
230
239
286
271
262
268
238
225
230
191
162
133
158
139
124
104
90
117
168
158
124
110
81
91
99
70
92
139
165
208
230
267
308
277
335
356
394
383
382
408
367
408
388
375
396
385
369
385
366
374
363
375
353
391
344
364
342
288
300
288
244
283
299
286
297
219
222
194
241
240
212
252
283
284
320
368
356
354
392
418
405
378
374
450
465
468
488
497
447
466
504
463
436
388
377
341
302
292
270
280
308
290
302
268
246
285
285
278
297
272
259
291
328
350
334
317
342
362
351
402
388
350
368
402
378
366
415
424
407
474
530
479
503
600
556
490
535
528
485
414
403
433
382
410
423
329
323
326
317
237
230
218
164
122
138
155
121
165
152
168
203
231
237
229
260
322
296
294
347
290
308
402
441
344
389
454
414
357
417
451
318
329
460
387
257
317
401
303
268
323
305
235
264
302
248
192
221
167
98
107
68
18
11
94
11
8
57
43
46
44
86
69
84
157
168
178
260
317
309
358
415
426
417
424
422
418
457
443
456
471
463
470
468
497
451
404
382
384
345
302
333
301
265
229
222
168
150
215
196
173
159
155
185
198
218
206
187
166
180
206
200
229
230
174
216
228
218
216
242
266
241
259
247
252
245
246
215
214
236
202
213
188
110
110
145
152
153
147
134
141
159
181
176
135
150
177
128
115
149
160
167
169
176
180
106
119
150
143
70
86
128
110
79
152
207
148
115
186
231
151
152
235
193
150
235
274
191
200
278
210
193
215
166
158
148
206
178
157
169
138
144
95
129
94
61
97
161
138
115
100
64
69
53
37
52
68
79
114
117
145
161
130
133
169
53
58
95
76
82
81
92
94
153
190
142
162
197
220
202
212
233
199
140
89
86
81
92
45
43
68
48
-9
-39
-8
40
31
6
37
58
5
30
43
39
73
56
45
83
123
92
52
100
131
94
81
86
72
91
140
126
123
127
92
82
81
60
79
56
48
56
2
13
10
-13
-23
-31
-37
-44
-23
-57
-20
-23
-21
22
48
36
22
43
66
88
88
96
107
97
115
113
96
110
113
82
34
87
121
116
127
111
123
57
59
37
0
-5
-47
-22
-57
-56
-74
-114
-130
-114
-79
-77
-113
-113
-102
-101
-117
-90
-67
-108
-94
-49
-32
-87
-79
-5
-65
-30
37
89
52
78
131
119
116
86
104
131
100
16
52
-2
27
36
27
75
44
1
72
57
15
17
44
6
-97
-69
-67
-79
-60
-105
-147
-138
-133
-138
-162
-185
-216
-147
-127
-129
-133
-119
-101
-85
-54
-83
-154
-202
-129
-120
-151
-205
-181
-110
-178
-145
-119
-92
-145
-80
-8
-48
-6
33
12
-59
-47
-29
-58
-76
-48
-9
-84
-118
-94
-129
-208
-135
-57
-103
-146
-128
-174
-176
-161
-147
-143
-126
-101
-123
-121
-110
-77
-135
-85
-38
-84
-52
-61
-23
-61
-48
-7
4
-3
5
22
35
25
8
-15
-35
-14
-45
-112
-122
-133
-172
-201
-206
-151
-138
-114
-67
-87
-89
-98
-99
-105
-145
-119
-122
-130
-146
-187
-228
-187
-161
-160
-152
-130
-96
-107
-101
-18
-60
-59
-52
-83
-20
2
-1
-39
-48
-74
-64
-107
-135
-96
-113
-133
-139
-111
-82
-71
-67
-87
-138
-163
-196
-215
-252
-235
-202
-225
-200
-220
-237
-226
-242
-216
-218
-246
-229
-216
-238
-211
-173
-166
-188
-176
-154
-140
-141
-118
-107
-126
-107
-141
-129
-99
-90
-133
-140
-94
-58
-50
-40
24
27
33
17
55
27
8
-26
34
36
-1
3
-71
-91
-127
-101
-140
-124
-127
-141
-156
-175
-133
-184
-247
-229
-175
-186
-190
-186
-182
-222
-218
-160
-178
-165
-158
-170
-163
-203
-201
-182
-157
-123
-154
-142
-196
-158
-136
-160
-92
-105
-102
-59
-99
-134
-140
-183
-200
-175
-187
-174
-164
-120
-101
-78
-50
-106
-81
-114
-112
-139
-153
-146
-129
-105
-134
-129
-111
-39
-69
-79
-78
-80
-69
-41
-56
-82
-83
-83
-87
-93
-90
-102
-69
-77
-113
-98
-97
-91
-122
-87
-82
-162
-171
-86
-93
-102
-51
-90
-60
-43
-16
-17
-90
-72
-60
-110
-149
-142
-91
-135
-121
-115
-116
-164
-198
-170
-187
-244
-191
-222
-197
-152
-177
-133
-126
-110
-163
-152
-192
-219
-263
-244
-212
-206
-200
-207
-177
-180
-181
-236
-265
-268
-265
-291
-302
-293
-279
-195
-150
-166
-167
-205
-185
-181
-171
-204
-203
-191
-181
-160
-177
-160
-145
-171
-150
-133
-145
-117
-121
-132
-190
-173
-200
-231
-221
-155
-174
-175
-150
-196
-193
-222
-240
-238
-179
-183
-177
-152
-141
-147
-144
-102
-95
-150
-144
-129
-207
-209
-174
-187
-246
-245
-204
-225
-202
-133
-134
-130
-107
-91
-154
-130
-140
-162
-154
-134
-141
-155
-186
-209
-218
-239
-185
-215
-227
-206
-237
-306
-293
-312
-322
-281
-272
-292
-285
-274
-306
-315
-311
-295
-276
-238
-229
-232
-227
-260
-225
-193
-179
-188
-178
-179
-196
-186
-185
-170
-149
-137
-118
-99
-109
-148
-181
-196
-222
-178
-182
-158
-125
-105
-62
-89
-81
-142
-109
-104
-134
-110
-106
-154
-173
-145
-163
-155
-150
-125
-97
-103
-154
-160
-148
-199
-239
-265
-208
-219
-194
-173
-213
-238
-221
-181
-180
-158
-185
-202
-204
-162
-106
-168
-133
-39
-75
-70
-45
-58
-92
-128
-146
-177
-151
-165
-152
-173
-196
-176
-207
-184
-208
-189
-166
-140
-155
-170
-171
-180
-154
-186
-187
-196
-201
-198
-244
-269
-274
-282
-282
-261
-271
-240
-278
-253
-167
-166
-194
-184
-165
-197
-189
-224
-210
-248
-234
-227
-303
-314
-295
-266
-304
-273
-241
-232
-199
-217
-215
-219
-199
-211
-300
-235
-288
-254
-184
-169
-195
-245
-184
-154
-187
-232
-155
-128
-199
-186
-170
-190
-214
-240
-220
-217
-231
-188
-146
-180
-171
-118
-194
-232
-262
-299
-352
-333
-275
-322
-344
-351
-331
-341
-328
-356
-385
-373
-352
-337
-347
-341
-359
-332
-376
-345
-334
-323
-331
-338
-320
-304
-252
-228
-238
-279
-246
-274
-273
-263
-234
-215
-261
-235
-261
-298
-245
-244
-243
-230
-204
-245
-288
-290
-275
-359
-316
-257
-317
-270
-270
-283
-308
-298
-301
-342
-337
-279
-294
-303
-278
-271
-303
-293
-252
-253
-246
-266
-258
-238
-240
-245
-276
-287
-261
-216
-217
-237
-212
-224
-244
-268
-252
-258
-258
-269
-248
-249
-227
-217
-202
-214
-252
-249
-304
-330
-317
-312
-364
-378
-351
-369
-393
-379
-345
-345
-367
-365
-380
-399
-408
-421
-433
-413
-401
-425
-345
-354
-317
-301
-316
-308
-276
-273
-322
-269
-284
-234
-207
-170
-187
-180
-167
-166
-157
-188
-169
-212
-208
-220
-262
-215
-194
-260
-236
-214
-207
-285
-301
-244
-285
-372
-357
-323
-342
-310
-297
-240
-292
-268
-261
-290
-317
-321
-316
-376
-323
-299
-282
-279
-260
-291
-284
-302
-275
-218
-187
-207
-197
-125
-147
-190
-168
-111
-138
-178
-182
-182
-155
-139
-139
-130
-145
-139
-141
-159
-163
-187
-224
-285
-270
-236
-304
-289
-302
-322
-286
-322
-313
-339
-343
-324
-311
-338
-340
-362
-355
-362
-376
-381
-392
-361
-380
-322
-317
-279
-302
-294
-226
-232
-239
-258
-229
-215
-298
-250
-230
-227
-239
-205
-174
-188
-186
-190
-224
-227
-246
-241
-213
-236
-184
-171
-165
-165
-168
-162
-169
-204
-209
-226
-252
-259
-313
-303
-345
-364
-287
-321
-312
-291
-358
-371
-332
-342
-363
-316
-345
-324
-353
-381
-334
-325
-336
-292
-262
-277
-230
-259
-234
-240
-253
-278
-294
-276
-293
-296
-284
-310
-315
-291
-290
-202
-188
-215
-239
-250
-261
-293
-261
-263
-268
-227
-242
-229
-222
-217
-186
-245
-228
-248
-218
-204
-148
-90
-136
-96
-140
-163
-171
-168
-195
-230
-253
-196
-184
-267
-203
-197
-191
-131
-162
-170
-213
-222
-218
-220
-183
-146
-161
-157
-113
-105
-129
-188
-182
-151
-156
-180
-193
-144
-121
-102
-47
-80
-39
-51
-59
-77
-100
-93
-122
-141
-147
-135
-87
-111
-121
-81
-63
-6
-17
-57
-109
-102
-92
-107
-133
-136
-198
-226
-220
-236
-164
-227
-167
-173
-195
-176
-136
-115
-133
-118
-118
-109
-174
-181
-150
-136
-168
-160
-153
-152
-153
-124
-165
-130
-134
-98
-61
-63
-47
-63
-26
-83
-73
-67
-24
-51
-47
-72
-104
-58
-14
42
-4
21
28
62
20
-26
-12
-38
-4
-58
-35
-14
-68
-49
-55
-68
-69
-102
-103
-95
-135
-168
-181
-170
-129
-135
-140
-134
-99
-121
-123
-107
-77
-70
-64
-3
-31
-1
-26
23
36
28
17
13
5
-9
-18
-120
-98
-92
-119
-123
-117
-140
-155
-137
-138
-133
-123
-154
-151
-143
-111
-97
-125
-157
-112
-56
-76
-84
-74
-43
-69
-27
-53
-115
-61
-48
-21
-16
-31
-3
33
31
21
22
42
4
-5
-37
-35
8
-106
-116
-88
-77
-75
-22
-31
-116
-67
-4
-34
-62
-45
-68
-53
-25
-16
-33
-55
-18
11
1
6
30
4
-30
-15
-18
-71
-38
-44
-78
-134
-133
-121
-177
-174
-191
-136
-140
-152
-133
-123
-129
-99
-130
-177
-170
-162
-124
-115
-88
-37
-33
-37
-10
-11
15
-16
-40
-52
-38
-37
17
8
-4
-17
-19
-20
-17
29
52
72
33
59
68
21
2
-47
-77
-81
-101
-143
-139
-106
-99
-132
-87
-67
-93
-77
-90
-74
-111
-85
-87
-105
-132
-110
-105
-125
-88
-98
-83
-92
-60
-88
-139
-126
-89
-82
-112
-50
-46
-72
-57
-50
-52
-84
-44
-23
-66
-72
-67
-95
-89
-98
-141
-139
-137
-132
-135
-159
-126
-136
-142
-136
-145
-125
-133
-150
-164
-218
-227
-180
-184
-152
-171
-130
-129
-129
-112
-133
-131
-100
-37
-86
-73
-63
-47
-5
-10
31
4
8
-23
-2
21
59
15
-4
21
-5
42
19
25
21
2
17
-11
-38
-72
-15
-49
-56
-56
-104
-91
-63
-30
-56
-83
-65
-39
-106
-105
-102
-160
-166
-143
-128
-151
-146
-125
-104
-111
-101
-94
-93
-26
-40
-17
1
7
-15
-10
-26
-86
-40
-10
-25
-76
-79
-51
-91
-109
-56
-46
-59
-71
-12
-20
-59
15
-10
-21
-46
-53
-102
-104
-102
-93
-62
-115
-100
-90
-119
-105
-98
-116
-96
-79
-73
-48
-39
-66
-55
-72
-93
-58
-23
11
1
-17
-27
-70
-31
-34
-24
-10
11
27
6
1
8
-26
-13
8
23
27
32
49
-15
-28
0
-13
-58
-78
-90
-144
-190
-155
-165
-175
-203
-149
-133
-212
-172
-160
-175
-195
-209
-245
-296
-267
-254
-246
-214
-210
-194
-164
-192
-211
-183
-203
-211
-235
-157
-119
-108
-76
-30
-48
-26
35
2
17
-9
0
-12
-45
-45
-29
-66
-46
-70
-71
-89
-111
-120
-154
-108
-101
-68
-108
-123
-143
-131
-148
-146
-165
-162
-106
-154
-162
-149
-159
-157
-123
-115
-120
-128
-121
-108
-88
-42
-90
-74
-20
-46
-30
-71
-64
-10
-31
-19
-49
-22
-61
-76
-84
-85
-50
-103
-143
-191
-225
-224
-194
-223
-255
-191
-176
-194
-171
-136
-178
-210
-153
-118
-95
-80
-64
-110
-99
-92
-105
-111
-150
-139
-127
-94
-67
-92
-105
-37
-17
-38
-54
-19
12
-47
-65
-45
-24
-103
-78
-74
-158
-127
-156
-149
-173
-187
-133
-159
-176
-161
-120
-148
-198
-135
-125
-115
-128
-65
-86
-82
-70
-51
-92
-93
-42
-68
-26
-44
-98
-109
-78
-78
-103
-110
-89
-156
-95
-77
-133
-101
-119
-150
-175
-172
-191
-198
-216
-236
-184
-224
-225
-210
-235
-235
-281
-286
-267
-303
-287
-252
-229
-197
-251
-182
-201
-222
-171
-146
-182
-196
-159
-180
-224
-211
-178
-165
-164
-143
-115
-129
-85
-119
-121
-161
-138
-108
-112
-144
-107
-119
-133
-138
-132
-146
-180
-150
-190
-214
-231
-207
-166
-147
-112
-106
-133
-133
-173
-135
-191
-178
-154
-167
-110
-44
-134
-77
-66
-66
-11
-27
-37
-43
-15
-67
-26
-73
-133
-137
-133
-104
-138
-128
-87
-131
-160
-114
-109
-168
-163
-144
-174
-267
-216
-212
-225
-177
-209
-241
-215
-209
-186
-181
-218
-280
-300
-234
-229
-222
-214
-172
-222
-234
-250
-281
-252
-284
-243
-251
-224
-226
-166
-136
-183
-152
-172
-177
-185
-209
-175
-199
-250
-218
-196
-202
-259
-272
-191
-226
-205
-168
-227
-169
-151
-164
-134
-87
-84
-144
-132
-112
-124
-152
-115
-138
-137
-185
-151
-132
-167
-127
-139
-117
-177
-211
-153
-210
-218
-221
-177
-206
-236
-165
-193
-258
-290
-274
-269
-268
-291
-304
-355
-357
-306
-280
-274
-283
-261
-277
-261
-262
-249
-217
-247
-293
-276
-263
-249
-240
-255
-252
-204
-226
-224
-190
-231
-256
-262
-254
-228
-145
-122
-152
-176
-166
-207
-217
-203
-254
-247
-254
-214
-180
-172
-194
-189
-191
-190
-184
-163
-181
-206
-168
-187
-163
-173
-217
-195
-205
-169
-226
-272
-251
-285
-249
-314
-279
-249
-255
-256
-252
-250
-282
-250
-279
-322
-296
-255
-227
-213
-249
-278
-270
-261
-254
-214
-174
-162
-148
-129
-102
-117
-164
-163
-143
-139
-163
-169
-180
-226
-199
-195
-221
-222
-193
-169
-164
-145
-157
-179
-127
-137
-167
-188
-158
-124
-173
-124
-102
-125
-190
-152
-109
-153
-116
-75
-64
-90
-63
-92
-112
-91
-64
-108
-131
-83
-133
-140
-145
-172
-210
-181
-133
-177
-179
-168
-159
-179
-213
-185
-211
-184
-166
-213
-228
-207
-230
-245
-245
-236
-159
-189
-168
-86
-104
-134
-108
-172
-178
-176
-168
-195
-234
-256
-230
-220
-193
-156
-214
-185
-206
-227
-243
-240
-220
-220
-223
-207
-208
-206
-178
-210
-219
-219
-231
-223
-235
-178
-198
-210
-167
-169
-163
-191
-173
-186
-272
-194
-176
-247
-229
-225
-256
-275
-218
-213
-261
-310
-230
-246
-251
-200
-222
-221
-272
-202
-181
-263
-209
-185
-226
-229
-196
-171
-182
-187
-202
-177
-181
-191
-201
-195
-188
-198
-182
-132
-147
-148
-128
-168
-163
-161
-155
-210
-240
-257
-270
-303
-278
-263
-268
-252
-223
-215
-307
-296
-277
-291
-326
-313
-272
-315
-276
-258
-291
-282
-254
-208
-219
-178
-187
-170
-159
-177
-181
-172
-151
-129
-103
-117
-136
-117
-102
-156
-201
-213
-216
-212
-247
-260
-299
-284
-241
-238
-240
-251
-228
-236
-309
-240
-247
-254
-279
-256
-235
-259
-199
-201
-184
-261
-236
-232
-224
-202
-231
-201
-193
-182
-172
-158
-185
-163
-150
-137
-142
-114
-101
-171
-157
-92
-151
-172
-149
-164
-179
-171
-208
-184
-212
-165
-118
-157
-191
-227
-207
-236
-237
-245
-204
-210
-188
-173
-205
-193
-164
-158
-139
-145
-170
-137
-151
-160
-207
-206
-187
-205
-206
-196
-210
-174
-140
-183
-213
-222
-193
-193
-229
-222
-201
-279
-274
-248
-215
-211
-223
-206
-209
-171
-196
-190
-176
-163
-144
-161
-156
-145
-198
-160
-190
-191
-186
-186
-216
-195
-180
-192
-215
-192
-158
-197
-210
-179
-214
-245
-215
-257
-257
-245
-197
-203
-230
-201
-183
-192
-161
-163
-154
-138
-164
-191
-182
-219
-215
-246
-221
-234
-303
-284
-239
-226
-255
-274
-197
-212
-243
-266
-220
-217
-247
-254
-273
-253
-259
-193
-213
-201
-161
-130
-182
-199
-177
-157
-125
-131
-123
-128
-173
-130
-133
-172
-137
-150
-121
-83
-145
-191
-217
-266
-292
-247
-215
-207
-236
-249
-256
-263
-252
-256
-318
-327
-357
-373
-364
-376
-331
-349
-345
-296
-282
-221
-245
-241
-216
-231
-182
-177
-185
-167
-144
-145
-161
-166
-158
-102
-105
-104
-111
-169
-144
-120
-152
-176
-168
-139
-160
-156
-100
-121
-133
-96
-134
-145
-150
-142
-133
-175
-171
-194
-180
-181
-183
-158
-180
-206
-208
-203
-207
-192
-179
-157
-167
-204
-226
-205
-225
-199
-194
-201
-217
-260
-168
-138
-128
-138
-140
-110
-135
-155
-134
-149
-193
-204
-205
-248
-253
-242
-257
-225
-255
-219
-184
-187
-203
-256
-237
-252
-232
-227
-320
-297
-283
-238
-215
-230
-209
-276
-246
-168
-215
-169
-164
-163
-167
-169
-163
-115
-111
-137
-107
-158
-198
-186
-203
-269
-239
-220
-224
-226
-187
-206
-227
-215
-233
-251
-233
-191
-205
-198
-206
-220
-234
-223
-250
-255
-234
-218
-265
-269
-251
-282
-231
-229
-172
-188
-195
-149
-167
-212
-224
-217
-205
-261
-267
-272
-307
-268
-289
-288
-292
-253
-248
-268
-276
-323
-334
-286
-235
-252
-287
-282
-266
-254
-275
-293
-326
-313
-303
-272
-236
-241
-232
-253
-222
-165
-169
-172
-132
-134
-110
-206
-178
-165
-218
-232
-241
-247
-285
-279
-264
-269
-248
-261
-224
-153
-152
-149
-162
-103
-160
-165
-195
-209
-202
-240
-251
-238
-222
-175
-143
-229
-182
-240
-205
-166
-184
-181
-163
-159
-239
-224
-212
-174
-231
-214
-248
-250
-209
-209
-222
-241
-273
-327
-241
-261
-273
-293
-289
-295
-312
-312
-332
-281
-270
-263
-277
-291
-274
-250
-229
-199
-212
-211
-174
-194
-149
-98
-112
-122
-146
-114
-136
-150
-145
-142
-143
-123
-154
-128
-102
-166
-176
-152
-133
-201
-173
-174
-211
-196
-195
-194
-161
-209
-209
-158
-198
-194
-200
-176
-180
-189
-138
-195
-180
-170
-176
-177
-222
-206
-210
-123
-161
-166
-133
-115
-148
-146
-70
-80
-150
-148
-88
-149
-150
-114
-100
-148
-189
-125
-117
-164
-138
-154
-164
-165
-126
-146
-192
-156
-171
-163
-186
-201
-161
-177
-148
-140
-216
-216
-227
-250
-232
-230
-246
-218
-274
-283
-215
-234
-203
-195
-223
-213
-220
-232
-207
-196
-224
-245
-226
-263
-230
-255
-264
-224
-252
-223
-241
-225
-246
-228
-251
-307
-278
-248
-264
-236
-239
-194
-168
-157
-155
-174
-159
-142
-156
-121
-52
-94
-61
-35
22
2
-60
-53
-49
-91
-72
-112
-118
-122
-129
-103
-108
-116
-133
-76
-103
-171
-209
-176
-180
-160
-145
-199
-209
-201
-200
-185
-210
-197
-196
-232
-250
-231
-202
-257
-259
-261
-247
-227
-216
-209
-207
-202
-234
-266
-209
-190
-203
-142
-126
-131
-138
-161
-187
-176
-200
-177
-170
-148
-122
-101
-70
-80
-83
-133
-156
-144
-142
-131
-119
-148
-143
-183
-176
-152
-107
-116
-135
-136
-152
-151
-129
-127
-158
-109
-91
-118
-116
-109
-116
-90
-115
-157
-124
-152
-132
-38
-51
-73
-72
-66
-92
-64
-28
-71
-149
-109
-75
-71
-88
7
-44
-149
-105
-117
-169
-205
-186
-197
-165
-172
-156
-148
-189
-210
-208
-180
-166
-156
-212
-164
-119
-193
-185
-155
-162
-211
-191
-168
-205
-188
-161
-115
-126
-112
-73
-112
-73
-47
-37
-91
-36
-62
-35
-41
-50
-5
-41
-2
-1
47
-28
-92
-70
-104
-93
-154
-135
-153
-180
-122
-140
-95
-69
-100
-76
-104
-121
-88
-84
-22
-39
-46
-63
-88
-43
-64
-77
-71
-98
-122
-58
-15
-10
6
-4
-31
-35
-10
-30
-23
-32
-45
-54
-89
-71
-90
-91
-56
-45
-92
-93
-95
-151
-85
-53
-86
-89
-37
-4
-39
-17
-11
-64
-76
-86
-113
-61
-41
-69
-80
-94
-67
-72
-93
-77
-71
-12
-3
-30
-51
-66
-60
-94
-139
-105
-86
-141
-159
-121
-132
-166
-143
-130
-74
-129
-139
-89
-116
-102
-80
-48
-59
-35
-44
-79
-109
-91
-65
-66
-12
-16
-24
-33
-5
-3
-38
21
79
45
6
37
40
-13
-49
9
-50
-67
-73
-86
-105
-205
-128
-181
-174
-185
-149
-172
-182
-120
-134
-155
-126
-117
-107
-158
-146
-117
-149
-118
-113
-107
-94
-71
-83
-53
-72
-95
-87
2
-21
-59
-38
2
-29
-26
-9
-8
-70
-130
-94
-155
-112
-150
-99
-105
-103
-101
-109
-107
-177
-134
-85
-67
-118
-57
2
-72
-81
-41
-16
-85
-95
-1
4
-28
-3
3
-34
-37
46
45
-39
-49
1
-61
-104
-37
-108
-183
-144
-126
-157
-174
-104
-81
-107
-141
-59
-100
-121
-121
-105
-109
-97
-35
-53
-34
-20
-4
4
27
7
36
55
90
88
80
63
118
80
50
42
52
69
2
20
-18
-35
-13
-32
-71
-100
-150
-107
-106
-115
-65
25
7
-60
-88
-169
-134
-137
-127
-117
-135
-101
-122
-160
-144
-103
-75
-43
-56
-25
-65
-63
-25
-30
-38
-73
-28
-11
20
8
35
-5
-18
-26
-84
-61
-40
-34
-103
-78
-78
-84
-69
-94
-56
-99
-82
-18
-36
-21
-22
-60
-36
17
29
10
-5
41
31
18
29
-5
24
43
5
6
19
55
12
23
47
40
26
39
76
2
-66
-24
-44
-69
-64
-9
-45
-75
22
-26
-47
-58
0
1
-59
-9
23
-18
-65
-7
-46
-66
-32
-38
-26
-48
-59
-51
-63
-11
0
-58
-80
-56
-54
-38
-46
-55
-56
-79
-33
-77
-73
-37
-20
-66
-103
-108
-147
-115
-80
-75
-54
-40
-2
15
-6
-42
-30
-13
-18
-38
-36
-29
-29
-29
3
-13
-40
-1
11
-8
3
26
48
59
101
138
100
140
166
174
170
176
234
218
170
191
185
123
106
114
90
49
54
29
-5
2
39
15
1
34
3
-20
4
-10
-16
-35
-103
-75
-32
-104
-140
-79
-78
-99
-150
-116
-97
-171
-163
-175
-140
-169
-140
-96
-93
-108
-106
-105
-135
-168
-127
-135
-155
-168
-136
-109
-94
-97
-98
-49
-115
-96
-44
-46
-62
-9
-10
-26
-12
22
72
57
41
95
95
96
79
64
79
4
11
36
61
65
55
30
12
46
45
31
-12
-22
12
4
29
43
27
5
-20
-15
19
41
-21
-32
0
-16
-1
30
9
-2
16
-5
27
31
22
32
30
-13
-60
-59
-15
-1
-14
-76
-115
-114
-94
-64
-106
-73
-60
-57
-34
13
14
-5
-1
-4
-9
6
15
48
40
27
52
74
63
99
62
68
66
83
59
78
141
115
91
129
179
132
115
157
144
129
116
97
113
98
53
41
21
79
94
67
71
66
109
92
106
78
7
47
38
3
-30
13
11
6
70
35
-10
-31
46
70
21
11
37
36
33
44
80
72
64
68
39
39
25
29
39
-3
20
24
46
16
22
28
18
40
-3
-29
20
70
49
60
42
48
47
35
64
5
31
35
-8
3
-53
-49
-50
-44
-78
-24
8
-24
-36
-49
-29
-8
6
-16
-41
-9
-6
-31
23
-41
-13
46
38
27
34
78
37
16
71
73
67
47
99
77
54
135
137
82
70
107
85
65
70
81
41
-23
5
30
51
95
74
-21
-6
-11
2
12
7
39
24
-9
14
-27
-20
-6
-58
-13
-19
-41
-50
11
36
19
-17
35
1
-8
6
7
11
26
96
75
68
101
134
47
57
157
143
113
94
134
92
64
108
84
76
68
137
94
35
43
52
81
55
16
20
6
-15
-7
-11
-4
33
8
40
70
53
14
-47
13
-10
-21
10
-14
23
13
-6
-55
-14
-10
-62
75
105
112
118
132
127
123
130
123
119
105
94
87
97
107
158
114
101
141
128
86
92
59
50
61
116
117
102
115
86
106
111
64
97
88
87
74
93
79
21
110
126
127
74
101
126
115
97
84
83
40
67
98
103
75
104
93
86
91
88
62
82
115
127
87
64
34
18
51
2
-4
-9
-10
27
-9
18
-12
-14
18
-42
-31
-57
-43
-66
-33
5
-23
-55
-42
-55
-85
-76
-102
-129
-107
-96
-108
-37
-6
-26
-23
33
92
68
87
115
116
87
138
166
113
159
135
139
105
91
119
123
173
151
171
110
118
131
76
63
67
71
49
86
88
15
14
29
5
-4
-13
-13
-40
17
104
81
56
95
74
6
22
35
-29
2
52
23
29
27
46
-40
-41
33
-1
16
-10
16
-11
36
52
53
99
100
61
28
104
138
154
114
136
148
167
127
138
141
119
120
146
181
124
113
163
133
124
171
132
89
103
92
78
24
-1
43
33
17
58
65
68
67
108
98
108
93
41
53
26
49
80
67
78
99
121
139
132
84
156
207
166
206
211
186
117
122
151
125
104
129
118
80
73
129
61
46
77
68
22
-29
22
17
-51
-22
-35
-91
-77
-55
-42
-51
-56
-70
-83
-34
-6
-75
-64
-56
-60
-54
-65
-8
-7
-21
53
68
51
64
40
23
46
44
48
80
114
95
122
124
144
153
94
74
49
64
76
-27
-44
-47
-8
22
0
-2
-7
16
20
43
28
59
102
83
87
114
107
90
98
85
61
62
19
-1
-13
-41
-21
-13
