SAMPLES:	16421
BITSPERSAMPLE:	16
CHANNELS:	1
SAMPLERATE:	16000
NORMALIZED:	FALSE
53
9
6
-49
-81
-116
-138
-119
-129
-94
-109
-106
-52
-74
-86
-67
-27
-43
-42
-25
-13
19
-65
5
70
35
-20
66
70
49
81
48
83
84
52
29
52
122
143
96
57
10
-1
-9
-62
-43
-47
-83
-60
-19
-29
0
28
-11
-36
-78
-80
-87
-120
-107
-84
-78
-75
-61
-32
-19
-41
25
35
34
66
34
52
58
79
88
68
91
75
82
92
44
31
54
-1
15
5
22
53
68
82
48
60
73
115
90
111
133
131
92
65
119
110
119
100
78
97
140
142
121
181
208
179
171
155
159
176
139
115
95
61
43
-20
-4
29
22
-11
3
24
52
57
49
79
44
42
40
46
39
55
27
8
-32
-58
-4
-22
-2
-30
-20
36
28
41
16
23
-7
17
14
-30
39
45
53
31
36
41
0
51
86
98
130
129
180
224
272
283
306
291
235
185
247
212
195
176
176
168
103
92
49
113
97
105
94
70
84
38
42
74
85
43
59
65
71
6
-12
32
17
-1
-31
23
38
75
103
142
130
131
187
169
157
121
108
105
95
95
77
59
47
18
-27
20
-12
-42
-43
-49
-72
-82
-121
-116
-97
-133
-77
-98
-74
-107
-81
-74
-25
-24
-83
-114
-99
-56
-54
-4
-47
-28
-60
-4
4
5
13
29
51
27
75
7
57
60
25
91
86
77
86
119
58
74
88
54
110
51
7
-1
15
17
-15
-1
-24
6
-14
-53
-48
-64
-9
15
-11
-17
-25
-6
-39
-89
-122
-120
-127
-85
-86
-98
-44
-73
-50
-12
-12
-41
-27
-14
18
50
36
18
74
86
128
141
158
130
172
203
202
245
241
192
98
108
131
155
135
171
101
81
4
4
-37
-20
-42
-61
-24
-88
-80
-113
-145
-118
-131
-118
-93
-92
-63
-77
-102
-124
-76
-32
-21
-18
62
70
57
91
118
134
139
169
175
109
84
117
98
91
115
97
57
35
-33
-47
-34
3
25
52
29
56
74
17
43
30
89
63
49
36
-6
7
-47
-52
-12
-63
-89
-74
-52
-45
-35
-6
5
11
-16
43
-7
-36
-31
-67
-103
-84
-96
-76
-100
-76
-75
-108
-89
-51
-50
-37
-22
-35
-43
-37
-32
-11
-4
-54
-20
13
-15
-34
12
-10
-26
-61
-56
-34
-11
-33
-47
-43
-33
-26
-20
4
-52
-47
-85
-76
-88
-90
-31
-62
-60
-53
-86
-95
-147
-169
-124
-119
-113
-89
-6
-8
3
-38
-59
-36
-13
54
27
-16
-84
-114
-82
-76
-60
-38
-32
-40
1
34
65
49
33
7
19
52
37
32
5
-8
30
19
-13
10
-52
-94
-113
-111
-127
-128
-125
-147
-104
-91
-64
-18
5
-19
0
5
1
-3
-11
-34
-32
-47
-84
-62
-48
-40
-71
-1
6
4
95
92
69
55
48
70
93
89
114
75
40
52
6
1
-10
13
-30
-2
-10
-41
-34
-68
-39
-33
-8
-28
-40
-44
-34
-30
-29
-65
-47
-30
-63
-23
-20
-71
-67
-61
-69
-54
-53
-61
-49
-28
-45
-26
0
22
5
14
49
56
77
85
103
31
52
26
28
33
37
64
65
115
74
61
63
60
46
22
61
69
56
30
-8
-24
-47
-41
-44
-157
-158
-177
-227
-187
-233
-219
-239
-241
-245
-274
-248
-246
-254
-207
-160
-140
-111
-135
-101
-52
-74
-54
-29
-79
-99
-76
-44
-27
-8
23
27
39
33
73
108
132
112
129
135
147
72
71
85
26
51
29
10
10
-12
-40
-10
-17
-33
-45
-71
-75
-66
-37
-66
-90
-114
-137
-110
-166
-193
-136
-153
-181
-146
-129
-115
-109
-104
-90
-86
-26
9
-6
32
49
122
109
108
134
98
142
120
144
157
178
127
89
99
78
26
26
26
15
51
20
-19
7
-9
-7
24
-29
-8
-5
-52
-46
-44
-71
-58
-69
-105
-84
-85
-108
-108
-112
-166
-119
-53
-61
-56
-46
-75
-89
-82
-53
-64
-63
-91
-82
-40
-52
-51
-41
-38
-53
-29
-73
-49
-53
-15
2
-12
-9
-69
-96
-71
-48
-79
-44
-77
-74
-73
-101
-83
-62
-44
-49
-49
-62
-57
-27
-6
-6
-45
-41
-13
-4
-33
-38
-36
-123
-154
-139
-203
-189
-107
-97
-73
-61
-90
-106
-134
-127
-111
-123
-154
-174
-142
-88
-102
-124
-146
-153
-178
-160
-92
-139
-110
-55
-42
-8
-11
36
26
4
34
35
0
53
10
-15
42
-7
24
-36
-40
-53
-108
-101
-71
-83
-128
-135
-151
-114
-165
-233
-172
-207
-165
-140
-129
-145
-122
-131
-97
-53
-67
-46
-68
-75
-60
-20
-44
-70
-71
-37
-7
3
18
43
64
18
19
1
-5
-11
-15
-23
-46
-43
-43
-85
-114
-154
-205
-184
-200
-214
-184
-167
-157
-136
-212
-191
-173
-161
-175
-192
-202
-204
-188
-202
-161
-185
-200
-214
-179
-182
-122
-136
-129
-107
-154
-134
-167
-133
-107
-96
-95
-112
-86
-120
-78
-26
-31
-65
-77
-54
-39
-29
-66
-59
-82
-72
-58
-85
-105
-81
-94
-102
-119
-162
-143
-142
-195
-206
-172
-208
-221
-189
-206
-211
-194
-215
-201
-219
-187
-161
-211
-153
-138
-152
-127
-171
-181
-130
-160
-143
-84
-97
-104
-110
-165
-136
-114
-97
-66
-74
-88
-63
-30
-40
-59
-88
-40
-73
-89
-94
-80
-69
-57
-55
-92
-124
-204
-222
-216
-242
-242
-229
-256
-250
-250
-278
-255
-251
-294
-266
-266
-258
-238
-198
-185
-181
-207
-212
-219
-283
-201
-197
-230
-194
-155
-148
-142
-140
-60
-66
-59
-77
-101
-107
-84
-91
-108
-112
-99
-61
-62
-39
-69
-58
-58
-64
-115
-86
-67
-70
-49
-110
-154
-133
-179
-214
-189
-180
-163
-151
-157
-165
-205
-222
-230
-265
-257
-252
-317
-312
-240
-251
-243
-216
-201
-165
-131
-168
-164
-184
-164
-153
-165
-153
-182
-163
-162
-204
-203
-187
-163
-131
-130
-162
-149
-120
-80
-86
-113
-127
-142
-132
-154
-183
-179
-172
-214
-212
-162
-163
-185
-182
-168
-162
-186
-173
-206
-239
-205
-273
-248
-255
-283
-267
-295
-338
-309
-286
-324
-301
-254
-235
-222
-211
-221
-242
-231
-253
-223
-220
-234
-206
-212
-201
-207
-155
-131
-148
-158
-168
-138
-121
-159
-115
-159
-229
-251
-288
-281
-240
-233
-249
-244
-233
-229
-276
-283
-278
-267
-295
-320
-283
-249
-267
-263
-259
-258
-297
-280
-243
-294
-306
-334
-333
-353
-297
-263
-285
-258
-251
-243
-215
-246
-238
-234
-240
-213
-169
-192
-180
-140
-95
-90
-94
-70
-73
-61
-89
-76
-18
-58
-67
-50
-13
-18
-90
-89
-120
-103
-93
-131
-171
-227
-285
-337
-379
-383
-384
-386
-373
-375
-364
-358
-334
-307
-368
-305
-302
-317
-245
-243
-265
-315
-311
-313
-282
-265
-254
-235
-223
-196
-211
-186
-179
-199
-173
-160
-176
-213
-211
-216
-256
-252
-254
-291
-314
-326
-344
-384
-378
-356
-370
-320
-310
-299
-283
-260
-220
-233
-226
-220
-222
-244
-225
-226
-294
-219
-250
-246
-167
-189
-188
-223
-229
-235
-185
-215
-205
-246
-239
-200
-225
-216
-210
-203
-223
-219
-233
-229
-284
-273
-296
-311
-365
-372
-384
-349
-280
-259
-257
-255
-264
-237
-287
-339
-331
-375
-335
-293
-290
-298
-297
-333
-326
-299
-368
-351
-327
-363
-342
-376
-361
-349
-286
-256
-238
-228
-249
-209
-234
-258
-270
-239
-215
-218
-212
-194
-209
-221
-210
-228
-238
-249
-256
-268
-247
-258
-221
-213
-243
-227
-276
-279
-285
-243
-210
-291
-278
-270
-298
-274
-271
-317
-301
-348
-314
-272
-231
-195
-149
-65
-86
-121
-108
-110
-128
-94
-103
-101
-172
-144
-117
-95
-83
-99
-78
-126
-146
-129
-132
-121
-142
-162
-160
-192
-183
-258
-231
-206
-246
-239
-230
-251
-206
-147
-156
-136
-155
-122
-179
-172
-156
-160
-150
-118
-131
-132
-98
-142
-115
-114
-152
-107
-95
-169
-139
-169
-180
-164
-193
-206
-219
-201
-207
-223
-243
-249
-295
-231
-192
-186
-129
-173
-172
-151
-135
-150
-214
-163
-153
-131
-87
-75
-48
21
36
6
6
-10
31
48
69
22
45
33
8
-24
-96
-114
-137
-160
-127
-89
-121
-134
-140
-133
-144
-148
-167
-178
-216
-246
-305
-276
-242
-287
-306
-267
-243
-245
-223
-214
-187
-227
-208
-137
-144
-168
-133
-119
-112
-66
-105
-97
-102
-66
-61
-60
-36
-53
-25
-35
-76
-18
-54
-52
-12
-7
4
7
21
-8
13
3
46
19
5
9
-1
-11
-52
-17
-44
-68
-78
-91
-121
-101
-102
-80
-74
-94
-118
-80
-117
-149
-98
-90
-112
-164
-174
-106
-75
-88
-81
-68
-60
-48
-25
-83
-62
-7
8
2
39
9
-22
-9
-8
26
25
32
73
36
41
55
61
106
80
23
28
75
33
58
50
54
58
75
56
52
25
-2
65
61
-1
-25
-60
-62
-53
-49
-53
-34
-49
-16
51
-2
26
55
69
66
92
115
118
105
130
108
54
59
59
55
44
-10
-6
21
-67
-29
37
30
40
10
22
90
79
71
98
80
47
24
-25
-29
-68
-69
-42
-44
-72
-90
-31
-48
-84
-77
-58
-46
-20
-30
-23
30
81
48
69
83
64
83
79
63
30
12
19
52
32
96
94
132
146
194
160
150
141
115
134
152
123
111
77
99
48
12
-28
-55
-47
-130
-89
-149
-148
-172
-150
-133
-160
-136
-137
-114
-95
-104
-99
-129
-129
-100
-58
-83
-77
-8
-10
58
34
77
87
76
26
-3
11
-25
-6
16
87
114
127
142
151
173
205
160
175
155
114
22
-22
-54
-94
-100
-64
-80
-83
-78
-46
-61
-81
-97
-95
-109
-161
-107
-90
-69
-96
-58
-12
-13
0
-3
5
-8
7
-48
-58
-5
24
59
85
70
55
62
19
30
17
22
-1
-12
-45
-66
-84
-137
-179
-188
-112
-89
-143
-126
-141
-192
-192
-192
-126
-110
-102
-79
-85
-19
13
6
-13
-50
-15
10
13
47
50
25
40
50
97
108
96
151
157
121
109
77
65
51
-3
-46
-72
-71
-63
-73
-91
-34
-8
-41
-46
-29
-38
-75
-68
-66
-49
-61
-30
-3
-17
26
48
23
-3
64
38
36
-11
-19
26
37
63
81
53
-13
15
-16
-46
-24
-19
-3
-11
-9
-37
-30
-19
-2
-39
-44
9
-39
5
-3
-30
-59
-91
-25
-78
-79
-92
-89
-87
-89
-111
-135
-93
-79
-85
-62
-40
3
-19
20
-6
-43
6
57
63
43
90
64
75
79
64
44
-3
12
8
-19
26
-3
-28
-29
-21
-34
-37
-39
-41
-49
-73
-113
-119
-73
-21
-40
-34
-77
-81
-113
-130
-146
-95
-110
-161
-106
-99
-99
-92
-62
-13
51
14
56
71
77
64
38
77
30
58
95
91
92
81
34
0
-10
-34
-42
-46
-52
-62
-119
-89
-71
-94
-100
-152
-189
-148
-166
-138
-78
-109
-95
-52
-51
-59
-88
-64
-52
-53
-78
-37
6
-14
-18
15
-57
-97
-107
-157
-92
-96
-105
-91
-33
-32
-69
-65
-55
-72
-63
-31
-27
-16
-24
12
56
59
93
56
37
27
22
16
0
-5
-21
-19
12
-26
-13
-23
-26
-70
-110
-98
-96
-47
-88
9
-28
-32
6
-16
7
-22
-58
-127
-125
-175
-153
-179
-189
-106
-64
-29
-16
10
11
-18
17
69
62
71
21
-13
54
66
51
25
33
53
39
43
29
58
58
16
30
31
-7
-18
-12
-44
-32
-3
-61
-25
44
9
-1
56
-1
37
16
-36
-22
-35
-56
-34
-16
-75
-34
-22
-11
-19
14
3
-18
-38
-44
-21
-73
-36
-52
-106
-65
-80
-116
-153
-167
-153
-160
-126
-104
-100
-119
-119
-125
-134
-102
-49
-48
-33
40
70
81
49
76
68
63
62
2
58
90
73
42
21
19
18
38
27
51
35
-7
51
59
-20
10
-6
-44
-42
-28
-52
-60
-42
-32
-44
-45
-69
-74
-67
-34
-32
-42
-60
-64
-16
-57
5
-51
-13
-2
2
15
-41
-35
-65
-36
-67
-19
-65
-31
-39
-74
-44
-6
-51
-61
-14
-47
-21
-4
-42
-50
-50
-79
-26
-31
-31
4
12
7
24
-21
17
90
71
103
91
102
90
97
107
62
59
102
74
26
39
92
63
76
68
58
17
34
49
58
81
79
103
52
43
33
40
8
17
8
-9
-19
-26
-11
-8
5
-38
-122
-66
-92
-86
-66
-59
-3
-47
-7
-14
0
-7
-34
-77
-56
-52
-18
5
3
76
80
73
77
75
110
134
126
143
140
140
130
131
153
127
108
151
157
150
161
151
144
142
159
165
173
149
152
121
120
124
117
86
84
140
108
56
102
95
80
76
5
9
-22
-30
-43
-19
-6
-12
-20
-63
-61
-52
-16
-68
-70
-92
-65
-86
-91
-62
-71
-82
-57
-68
-100
-73
-8
-3
1
13
2
35
55
104
100
112
167
158
168
156
134
94
101
104
88
87
80
115
61
69
82
61
80
56
57
43
35
85
69
63
62
12
60
79
23
30
5
42
25
71
66
93
106
87
87
89
98
89
78
90
78
40
22
7
5
-21
-4
46
24
8
-5
-2
34
63
62
30
-16
-47
-31
-29
20
8
45
6
4
37
15
23
21
41
45
81
96
60
111
102
121
112
87
156
155
149
136
115
86
74
41
6
-2
-12
-9
20
31
47
43
37
76
45
63
20
13
57
-1
48
75
41
5
14
35
61
58
79
93
60
79
55
26
-29
18
21
30
33
37
45
69
70
57
102
60
95
17
25
31
36
50
65
77
39
71
76
53
53
70
67
24
31
72
82
87
61
59
34
22
39
32
41
40
7
5
-29
-43
-16
-20
-36
-2
41
52
32
43
18
18
35
61
65
56
27
61
69
86
44
38
53
-4
13
30
77
41
96
76
86
92
85
109
32
71
71
106
87
71
172
142
141
176
134
125
124
123
93
111
101
68
91
102
95
84
47
26
58
72
37
8
13
-21
30
11
4
17
39
49
17
17
-41
-31
-48
-15
-37
-59
-52
-40
-29
-6
-36
-48
-47
-53
-27
-23
21
66
79
71
105
91
90
77
131
143
66
13
42
9
-32
-28
25
64
99
128
64
71
90
111
111
126
102
104
105
111
85
80
141
116
60
63
87
97
124
116
141
125
105
99
53
108
75
55
81
65
83
57
26
-21
-5
-2
-6
9
29
58
54
87
111
70
57
45
30
41
-14
-4
-18
7
30
52
62
14
19
-3
-11
49
42
16
34
-3
35
54
54
42
46
60
57
74
60
53
42
51
11
-5
-5
-28
-6
26
34
57
39
65
72
29
46
43
37
11
-16
-15
-74
-96
-86
-97
-56
-47
-12
-2
28
62
80
64
105
88
94
93
84
59
-5
23
-17
-1
-20
-11
-54
-79
-15
13
65
-5
34
52
-8
-43
-39
15
-22
-5
40
46
36
9
-1
56
52
20
65
45
65
54
54
51
55
32
32
33
-35
-16
21
29
53
96
69
62
81
62
54
64
35
52
73
61
67
-10
-26
-13
-9
29
21
36
63
47
111
95
55
51
4
4
-3
-2
-27
-19
-7
-38
-25
-49
-56
-45
-65
-80
-73
-81
-5
-11
-26
26
15
71
68
99
86
8
41
57
74
70
11
0
44
28
3
47
29
46
62
74
88
35
0
-15
-18
3
37
79
76
32
28
39
57
57
80
40
34
30
24
49
21
11
7
-20
-2
-4
19
5
0
39
3
-11
9
-51
-37
-15
-47
10
39
45
73
72
132
75
33
26
25
1
5
55
75
48
79
65
21
20
-7
-29
14
25
56
133
119
104
81
36
-14
-20
-6
-24
-49
-40
1
38
28
33
9
-47
33
59
26
27
47
42
78
78
68
23
19
-6
32
46
-17
-27
-16
61
17
56
39
63
98
86
87
89
54
22
61
39
62
67
9
-63
-87
-46
-86
-98
-80
-71
-103
-100
-86
-38
13
38
50
43
76
40
18
23
5
22
79
89
71
86
111
94
150
159
141
198
167
196
189
121
132
112
107
87
82
49
20
20
79
13
-8
-51
-80
-71
-63
-36
-78
-127
-132
-51
-73
-89
-89
-78
-147
-146
-183
-123
-93
-99
-70
-67
-16
23
68
63
80
128
132
114
120
103
90
84
88
84
108
107
102
70
135
148
112
161
133
113
88
77
90
74
5
39
-13
-1
50
15
61
58
6
-8
19
46
43
23
43
85
41
-7
41
58
101
115
135
99
102
114
116
67
64
105
71
114
105
97
73
51
47
15
-27
-24
-70
-58
-51
-91
-39
-56
-31
-46
-34
-22
-19
-6
-37
-53
-95
-97
-109
-82
-96
-102
-104
-45
-20
-29
-30
44
30
19
71
71
100
111
157
122
122
93
49
23
2
-24
-1
4
-1
13
-11
-9
25
33
53
5
-4
2
-10
-27
-30
-34
-108
-103
-58
-57
-75
7
-24
-61
-42
-37
-49
-46
-1
16
-15
-9
5
-15
16
42
19
32
48
43
8
41
53
34
79
47
78
43
59
47
35
-4
10
51
52
80
78
84
61
64
50
64
32
8
21
27
-56
-68
-94
-119
-61
-74
-78
-84
-96
-142
-90
-50
-50
-73
-60
-43
-60
-40
-49
-51
-120
-84
-113
-98
-123
-102
-63
-76
-25
4
3
8
6
-26
-4
-61
-62
-8
-39
-50
-77
-84
-105
-110
-69
-88
-62
-60
-61
-60
-52
-19
9
-39
-8
-5
-20
15
-3
57
44
63
67
54
36
46
20
69
33
-14
27
-20
-1
-8
14
-34
-69
-79
-107
-161
-174
-168
-190
-208
-215
-167
-165
-123
-172
-189
-144
-156
-109
-93
-60
-45
-34
-33
-19
-9
-8
-22
-68
-3
-1
29
33
14
4
-3
15
31
45
22
22
-1
5
-7
-31
-24
-45
-67
-63
-103
-66
-57
-53
18
-6
45
39
12
60
78
118
91
20
26
21
24
4
-13
-44
-57
-36
-94
-17
5
40
78
65
54
37
-4
-2
43
42
34
53
22
2
-36
-25
-6
-29
-21
-56
-33
25
33
48
83
59
91
81
78
128
106
117
113
129
122
56
70
121
117
59
58
70
55
62
84
56
56
23
-31
-16
-28
-27
-2
39
66
40
65
107
123
112
111
85
105
108
76
94
67
50
37
41
19
-5
34
-3
-37
-47
-68
-81
-59
-44
-22
20
-27
-27
-53
-29
-29
-35
-17
34
12
4
26
55
76
52
126
118
151
119
58
59
67
60
56
-6
25
-27
-43
-40
1
40
2
33
40
39
28
18
54
30
21
26
22
12
9
16
0
19
-9
-43
-9
-61
-81
-59
-37
-19
34
56
26
83
108
73
66
5
0
28
7
45
33
41
39
45
11
-2
-16
4
51
80
48
77
126
104
102
96
131
82
145
185
131
121
94
107
92
116
174
165
170
162
202
207
205
203
174
156
134
133
150
115
87
83
85
69
47
33
35
28
-1
-20
3
20
49
15
37
42
12
1
-7
8
-15
43
24
24
41
73
66
57
82
60
31
51
11
6
-8
12
21
-23
-2
4
11
40
41
21
41
34
26
9
29
16
55
44
32
46
32
54
95
56
14
44
89
58
77
116
81
81
79
83
53
81
50
50
28
53
121
118
136
175
172
154
142
103
106
69
43
49
35
43
19
12
15
-26
-20
9
-1
18
47
-19
37
17
-53
-15
-22
-6
23
-7
30
81
107
97
52
95
36
48
58
68
63
52
56
74
112
105
106
95
67
56
55
84
107
69
110
109
89
73
103
92
45
64
88
85
43
55
84
40
26
-5
-14
45
-17
12
19
-6
-10
29
5
19
46
28
27
45
50
-1
14
-20
3
-20
11
14
-9
7
-15
1
14
-8
-7
8
9
41
55
49
49
-1
-9
-3
-34
-16
-3
37
39
3
32
52
52
79
96
67
90
68
84
116
129
134
136
151
182
243
250
222
208
200
184
183
168
211
174
137
148
174
116
98
148
110
36
19
67
49
25
47
-58
-25
97
4
-91
-11
83
34
-37
-54
-80
-48
-22
-62
-38
50
46
81
134
122
127
142
151
124
107
114
95
83
92
104
94
102
95
61
51
50
69
77
72
88
44
73
59
39
27
9
26
-21
-29
-33
-45
-120
-88
-27
4
-29
-67
-31
-4
20
41
-11
-20
3
-7
17
56
80
31
7
73
130
152
51
42
87
53
17
10
19
-12
31
66
26
-9
16
-42
-53
26
32
26
6
20
-10
1
8
5
18
-15
-7
3
-11
-20
-34
-86
-71
-1
27
25
48
101
87
68
46
72
70
118
125
86
96
100
85
121
65
-6
5
23
29
25
62
50
75
110
99
75
63
27
38
59
44
75
97
81
79
100
77
57
78
44
50
75
38
42
61
77
78
61
29
82
20
45
75
51
93
75
134
98
113
125
160
152
193
171
142
158
113
131
100
72
72
59
-9
-13
34
88
78
59
74
-12
-10
15
4
32
-6
15
1
6
-10
3
23
48
-12
9
2
-37
-85
-71
-20
-40
-33
4
33
27
73
64
96
124
125
96
97
86
42
40
79
101
79
96
128
124
181
122
114
59
-1
12
23
100
116
169
172
139
73
66
17
1
5
-25
13
18
11
-5
5
30
24
44
-2
51
56
39
92
67
72
106
124
173
170
248
13
208
373
43
187
282
227
44
298
250
30
176
233
148
66
282
207
86
178
315
106
138
293
161
106
211
167
50
158
149
156
105
177
166
99
185
186
185
205
266
210
248
279
220
219
183
223
193
148
215
250
199
220
250
181
183
227
176
155
194
231
180
207
225
170
167
157
164
98
127
133
98
171
181
187
228
256
233
221
210
197
214
247
221
180
237
236
183
184
228
220
196
197
113
82
128
150
153
180
202
198
190
237
244
175
238
221
188
196
173
170
203
214
170
202
217
203
216
225
289
300
323
342
320
299
286
272
256
244
228
228
199
257
176
145
201
164
209
209
207
208
200
200
190
234
215
205
224
142
163
142
148
122
131
126
126
167
120
128
139
155
179
190
168
184
186
207
186
172
179
201
203
191
182
216
201
242
206
211
206
181
190
111
112
109
94
87
121
89
39
55
68
68
82
9
11
-13
31
39
41
42
-2
88
40
56
59
58
83
22
2
28
42
21
54
69
77
88
86
150
150
195
174
137
153
208
174
164
149
135
112
119
133
103
128
103
107
99
124
116
121
143
101
104
105
104
96
68
66
19
-25
-68
-72
-84
-86
-96
-65
-1
-34
-59
0
4
17
3
9
17
13
76
38
37
-14
-4
11
14
34
7
29
68
78
90
98
95
97
30
53
12
8
49
27
87
48
34
-20
30
-7
-16
34
16
12
-21
-17
6
19
45
37
-8
-3
20
-13
-33
-35
-40
-13
4
19
18
49
49
50
47
-29
10
-23
15
-8
-8
-8
-23
10
-39
-38
-36
-76
-73
-82
-122
-23
-51
-81
-33
-11
-30
-21
-37
-27
-16
-7
-4
25
81
104
106
106
118
142
62
22
56
-13
6
23
28
73
53
51
-12
-70
-125
-111
-143
-144
-101
-91
-122
-103
-78
-92
-101
-114
-73
-88
-71
-39
10
12
-14
26
25
71
66
130
110
153
192
114
143
149
129
155
105
128
143
97
103
68
68
27
54
42
23
-17
1
52
9
17
-32
-49
-63
-120
-123
-131
-78
-74
-61
-19
-66
-23
-50
-60
-40
-10
1
-28
-22
-20
-19
-33
-40
-28
-30
-24
27
66
30
46
58
105
95
100
169
186
166
171
164
162
181
137
115
162
200
177
217
212
220
228
227
217
219
210
192
177
142
160
148
94
114
144
164
182
180
162
175
142
169
153
150
172
130
96
65
52
84
35
53
57
58
93
68
96
154
197
202
258
272
311
336
373
311
301
245
253
300
303
282
247
250
218
207
216
316
276
266
280
309
348
358
372
282
263
279
271
310
264
277
329
305
288
260
264
306
296
324
322
347
410
400
476
417
354
378
313
268
279
298
280
355
379
384
374
377
403
429
455
460
516
521
521
522
512
473
432
431
427
388
393
434
383
382
358
325
341
325
345
293
276
269
259
246
280
296
292
313
352
340
322
384
351
364
386
374
348
368
348
383
425
442
485
414
383
399
396
419
366
329
363
364
370
407
427
403
378
363
378
288
315
319
313
347
327
340
321
284
278
308
275
249
258
263
261
165
170
166
137
151
154
169
140
131
131
126
80
94
124
157
176
156
222
251
252
237
247
276
271
264
263
271
215
224
173
201
203
229
197
181
191
168
151
160
168
153
177
153
217
161
131
139
90
83
53
43
87
66
42
83
100
100
100
112
103
78
88
84
117
102
98
76
105
87
84
38
35
60
21
60
57
52
30
91
78
78
90
165
155
186
220
131
110
114
96
78
79
76
71
73
79
129
188
170
159
144
177
196
158
129
157
177
208
149
144
102
40
62
-23
6
-55
-35
8
-26
-15
-40
-51
-66
-82
-88
-82
-110
-79
-56
-47
-23
21
43
69
82
99
88
116
67
106
117
112
161
139
139
118
103
74
48
68
93
85
95
96
88
104
108
109
65
68
71
60
-6
-56
-44
-86
-104
-120
-92
-94
-79
-55
-52
-27
12
-5
25
4
1
19
20
15
-21
-12
-14
-11
-8
-42
-74
-85
-75
-86
-63
-5
10
56
40
50
90
54
-26
13
13
9
14
-2
59
60
63
39
8
15
26
-19
-65
-27
10
9
37
36
31
10
-19
-37
-37
-62
-85
-79
-68
-103
-134
-156
-188
-219
-222
-227
-200
-167
-134
-141
-123
-134
-172
-154
-135
-165
-131
-67
-65
-51
-36
-46
-75
-59
-84
-71
-143
-162
-124
-96
-88
-60
-7
-26
-25
-73
-64
-122
-141
-137
-180
-167
-178
-153
-118
-82
-48
-17
-32
-24
-10
-66
-92
-89
-120
-96
-149
-149
-134
-132
-82
-96
-102
-79
-90
-27
-26
-48
-32
-34
-65
-83
-59
-41
-41
-79
-68
-91
-67
-48
-90
-118
-101
-92
-40
-32
-76
-73
-87
-71
-77
-122
-117
-183
-161
-136
-160
-139
-180
-152
-178
-171
-156
-117
-157
-176
-153
-153
-144
-202
-156
-158
-158
-126
-151
-157
-95
-123
-115
-132
-96
-110
-102
-77
-123
-52
-106
-98
-99
-98
-103
-109
-73
-99
-78
-37
-58
-16
-39
-29
-29
-53
-40
-58
-72
-126
-108
-138
-133
-115
-107
-134
-111
-103
-61
-78
-144
-109
-131
-131
-167
-165
-173
-142
-137
-111
-118
-144
-140
-123
-116
-153
-149
-211
-192
-232
-207
-188
-236
-227
-232
-202
-183
-187
-184
-147
-157
-176
-191
-161
-115
-116
-79
-25
-65
-44
-38
-54
-52
-118
-81
-43
-35
-44
-53
-37
-9
17
-43
-58
-45
-6
3
-10
-24
-57
-49
-39
-16
5
41
63
42
68
88
76
67
37
-2
-16
-18
-2
-38
-63
-9
1
0
6
17
15
5
-15
4
-17
-37
-20
-56
-54
-55
-30
-43
-59
-69
-119
-36
-35
-45
-6
-36
-36
-45
-95
-71
-51
-62
-117
-129
-75
-63
-48
-9
-27
-8
7
-21
5
22
24
62
94
104
114
100
85
31
23
44
51
41
77
65
56
55
37
36
88
106
86
115
121
103
57
45
60
4
-9
-42
-34
-60
-30
-33
-53
-21
11
28
59
36
27
20
22
32
62
49
11
3
-17
0
-56
-33
-71
-25
-13
-74
-75
-90
-72
-49
-16
-84
-84
-102
-81
-129
-103
-149
-206
-170
-170
-140
-188
-177
-194
-166
-132
-127
-127
-77
-64
-44
-80
-56
-49
-23
-16
0
2
-9
-1
8
8
-9
15
14
38
35
46
70
91
103
78
85
9
-17
-32
-89
-152
-147
-120
-145
-164
-156
-156
-178
-189
-184
-185
-133
-154
-127
-133
-132
-82
-84
-98
-138
-131
-103
-55
-34
-13
-52
-57
10
20
31
86
56
29
22
8
19
6
-34
-59
-57
-66
-77
-49
-88
-78
-56
-71
-92
-90
-94
-60
-71
-59
-78
-78
-85
-54
-47
-75
-82
-96
-128
-146
-123
-155
-126
-152
-168
-169
-168
-162
-183
-187
-149
-108
-102
-71
-28
7
2
-12
30
-3
-12
-67
-30
-46
-67
-29
-59
-87
-71
-34
-17
-38
-49
-21
-17
2
-3
-8
-49
-3
21
12
-36
-16
-14
2
-24
-66
-22
-2
17
62
43
-9
0
-33
-76
-124
-148
-140
-138
-150
-140
-152
-117
-128
-172
-196
-183
-147
-157
-192
-162
-135
-146
-160
-154
-147
-140
-169
-190
-157
-147
-128
-132
-149
-90
-53
-84
-87
-66
-63
-56
-32
17
28
-14
-8
-10
-39
-49
-26
-3
-5
-23
-95
-121
-57
-14
-58
-104
-76
28
63
-73
-85
-8
47
34
-67
-1
28
34
-19
-18
1
-89
-125
-112
-99
-103
-121
-79
-40
-95
-122
-99
-45
5
-37
-148
-138
-19
80
-9
-133
-49
89
104
-49
-62
100
98
-66
-59
-8
40
-11
-82
-4
-3
-70
-79
-32
-58
-71
-138
-119
-112
-164
-244
-234
-186
-233
-334
-404
-315
-274
-293
-382
-401
-382
-394
-418
-452
-432
-372
-386
-386
-342
-360
-363
-413
-391
-410
-404
-372
-393
-343
-309
-300
-278
-258
-271
-229
-247
-234
-147
-114
-43
43
31
35
96
128
164
187
212
271
291
319
438
438
430
437
558
626
540
615
659
613
495
515
471
415
314
209
179
87
40
-72
-174
-247
-361
-506
-623
-695
-754
-899
-1080
-1152
-1218
-1376
-1462
-1524
-1651
-1698
-1706
-1653
-1605
-1607
-1691
-1782
-1628
-1287
-1165
-1175
-1178
-954
-549
-360
-324
-185
91
345
454
549
724
999
1101
1083
1155
1246
1376
1470
1496
1502
1447
1417
1466
1453
1364
1320
1257
1174
1110
979
896
861
787
618
458
333
317
233
214
121
23
-4
-12
-33
-127
-177
-180
-127
-83
-90
-123
-121
-99
-125
-238
-299
-317
-289
-339
-344
-588
-729
-682
-659
-897
-1281
-1496
-1508
-1565
-1781
-1700
-1662
-2033
-2440
-2059
-1299
-1355
-2155
-2222
-1290
-620
-1052
-1435
-832
-61
-126
-426
-131
551
722
483
461
773
1098
1078
1125
1217
1346
1377
1412
1548
1541
1447
1347
1339
1335
1198
987
894
960
854
540
291
262
315
160
-110
-231
-231
-300
-485
-522
-412
-442
-613
-538
-253
-388
-711
-561
35
201
-387
-610
89
724
478
117
336
840
881
697
831
1005
920
802
824
704
612
583
569
232
-249
-310
-186
-365
-810
-1213
-1346
-1447
-1711
-1994
-2059
-1899
-2083
-2720
-3069
-2521
-1932
-2235
-3047
-2962
-1983
-1521
-1959
-2243
-1501
-708
-831
-1135
-736
57
289
10
22
457
778
821
904
1147
1276
1279
1369
1637
1677
1564
1642
1713
1679
1521
1360
1438
1535
1412
1139
942
1001
1046
814
500
341
388
403
336
209
205
264
248
23
-136
46
284
210
-55
-85
232
461
375
276
313
451
473
393
357
290
218
141
-33
-167
-143
-270
-527
-689
-768
-938
-1228
-1464
-1609
-1804
-2170
-2406
-2512
-2359
-2267
-2666
-3359
-3469
-2666
-2132
-2707
-3598
-3148
-1967
-1685
-2371
-2520
-1523
-758
-1058
-1376
-729
123
298
-92
-30
551
1001
1028
979
1078
1252
1433
1508
1531
1532
1618
1712
1735
1622
1496
1569
1685
1662
1419
1155
1061
1202
1214
865
656
701
743
543
350
301
428
470
343
42
-133
133
497
411
-110
-177
269
523
179
-99
126
331
108
-93
121
283
103
-200
-252
-241
-405
-592
-614
-745
-1114
-1433
-1464
-1444
-1740
-2200
-2438
-2449
-2635
-3011
-3235
-3307
-2891
-2761
-3429
-4345
-4099
-2707
-2209
-3446
-4478
-3271
-1657
-1799
-3063
-2895
-1290
-703
-1560
-1840
-641
467
279
-433
-192
767
1261
1125
971
1189
1473
1625
1619
1697
1874
2029
2066
1941
1876
1888
1972
2117
2020
1633
1351
1363
1587
1517
1109
965
956
764
515
584
836
707
59
-151
312
558
310
-39
-73
17
-54
-103
-16
-151
-333
-422
-437
-473
-459
-370
-389
-695
-955
-801
-686
-845
-1072
-1162
-1239
-1452
-1647
-1608
-1782
-2049
-2439
-2643
-2774
-2987
-3347
-3163
-2632
-3047
-4280
-4650
-3217
-1940
-2841
-4620
-4056
-1973
-1413
-2877
-3505
-1830
-419
-1269
-2275
-1334
432
681
-452
-652
581
1532
1305
907
1251
1900
2009
1852
2038
2430
2573
2524
2455
2404
2470
2559
2659
2632
2311
1896
1864
2098
2304
1967
1234
1012
1457
1719
1122
420
593
1186
932
72
-145
475
680
75
-393
-238
128
-74
-403
-459
-386
-375
-506
-544
-639
-632
-574
-593
-822
-985
-928
-842
-981
-1271
-1382
-1518
-1689
-1730
-1862
-2155
-2480
-2673
-2859
-3100
-3449
-3415
-2938
-3124
-4033
-4616
-3891
-2787
-2763
-3923
-4148
-3008
-1969
-2271
-2991
-2362
-1118
-822
-1389
-1316
-158
728
470
-79
337
1332
1835
1665
1578
2092
2525
2516
2490
2703
3049
3123
2961
2812
2882
3034
3158
3081
2798
2439
2374
2549
2528
2255
1824
1712
1908
1689
1107
950
1336
1386
774
233
488
870
662
175
1
176
147
-5
-53
-3
-104
-328
-486
-559
-486
-384
-465
-690
-847
-756
-656
-765
-962
-1051
-1151
-1335
-1598
-1735
-1676
-1822
-2183
-2553
-2769
-2829
-2922
-3290
-3517
-3079
-2868
-3653
-4604
-4077
-2553
-2264
-3759
-4288
-2829
-1971
-2535
-2859
-1699
-655
-1381
-1881
-318
1202
841
-27
563
1862
1969
1440
1997
2969
2814
2133
2289
3306
3832
3350
2993
3271
3491
3424
3280
3352
3606
3520
2901
2552
2831
3246
2989
2179
1805
2150
2232
1800
1470
1578
1649
1144
655
820
1097
934
471
145
137
202
251
124
-145
-303
-326
-385
-460
-422
-295
-378
-628
-744
-635
-522
-595
-814
-950
-1056
-1181
-1274
-1314
-1379
-1613
-1903
-2101
-2062
-2140
-2465
-2857
-2906
-3117
-2979
-2526
-2664
-3586
-4442
-3574
-1953
-2046
-3773
-4224
-2474
-951
-1715
-2786
-1717
-205
-387
-1270
-444
1421
1680
505
381
1872
2818
2355
1943
2444
3088
2952
2837
3238
3610
3528
3168
3061
3254
3338
3267
3260
3248
2993
2618
2535
2846
2868
2438
2044
1908
1948
1845
1739
1640
1551
1258
1071
1072
1147
1104
866
625
455
463
573
631
446
267
159
93
-3
-7
15
-36
-317
-518
-344
-292
-483
-757
-852
-867
-1034
-1241
-1205
-1210
-1466
-1789
-1874
-1881
-2032
-2288
-2622
-2760
-2928
-3049
-3227
-3231
-2698
-2591
-3625
-4601
-3877
-2189
-2017
-3793
-4472
-2711
-1075
-1724
-2991
-2200
-202
153
-1051
-1078
689
1915
1304
485
1088
2452
2880
2361
2132
2728
3403
3389
3043
3214
3785
4015
3683
3251
3376
3855
3969
3644
3280
3136
3141
3159
3001
2456
2071
2220
2319
1724
1071
1144
1595
1342
561
250
567
629
212
-50
17
-24
-317
-443
-385
-362
-396
-503
-709
-771
-622
-370
-424
-700
-755
-509
-544
-708
-639
-605
-740
-997
-1017
-871
-984
-1287
-1470
-1508
-1586
-1761
-1963
-2136
-2383
-2630
-2962
-2957
-2409
-2385
-3488
-4402
-3650
-2045
-2017
-3653
-4254
-2599
-1046
-1747
-2993
-2156
-312
-198
-1348
-1108
701
1637
891
104
895
2361
2660
2055
1845
2492
3101
3007
2870
3157
3582
3614
3275
3024
3236
3521
3501
3230
2959
2849
2798
2751
2601
2275
2213
1980
1377
1074
1259
1431
976
315
148
394
367
43
-177
-143
-359
-582
-522
-278
-299
-512
-555
-559
-632
-491
-284
-354
-536
-654
-464
-365
-437
-469
-393
-438
-553
-545
-505
-489
-574
-737
-977
-1139
-1117
-1145
-1493
-1770
-1916
-2036
-2210
-2591
-2883
-2540
-2134
-2793
-4017
-4131
-2803
-1938
-3052
-4413
-3702
-2023
-1801
-3044
-3190
-1597
-642
-1416
-1906
-662
862
832
2
206
1442
2177
1938
1730
2173
2797
2961
2823
2970
3418
3697
3596
3346
3340
3584
3734
3652
3405
3110
2932
2875
2793
2717
2500
2089
1688
1649
1642
1325
883
644
570
328
0
-126
-90
-212
-479
-650
-583
-569
-671
-732
-783
-771
-794
-679
-595
-613
-464
-375
-369
-432
-380
-201
-170
-221
-226
-218
-206
-129
-231
-333
-427
-431
-528
-768
-939
-1047
-1215
-1565
-1915
-2133
-2285
-2334
-2054
-2098
-3023
-3897
-3426
-2208
-2081
-3519
-4278
-3050
-1744
-2181
-3198
-2576
-994
-753
-1632
-1511
12
972
478
17
731
1852
2136
1800
1900
2632
3070
2894
2842
3284
3795
3755
3490
3411
3561
3715
3740
3637
3449
3179
2916
2877
2826
2524
2252
2128
1751
1286
1215
1448
1258
514
131
335
449
86
-138
-88
-145
-454
-558
-240
-94
-276
-468
-370
-268
-217
-44
152
102
-48
87
267
304
307
428
396
188
118
251
346
194
-83
-283
-348
-511
-706
-955
-1156
-1362
-1631
-1998
-2386
-2674
-2656
-2381
-2587
-3558
-4353
-3731
-2603
-2686
-4036
-4518
-3250
-2111
-2675
-3530
-2705
-1118
-955
-1940
-1636
107
1036
490
-53
791
2050
2333
2000
2084
2798
3298
3207
3108
3503
3934
4007
3695
3477
3601
3837
3866
3615
3305
3069
2963
2872
2637
2307
1963
1859
1705
1128
607
732
1076
721
-202
-526
15
324
-173
-663
-558
-239
-357
-559
-287
57
13
-260
-251
22
312
521
445
270
285
608
805
640
541
646
692
461
355
424
386
84
-222
-288
-391
-686
-958
-1139
-1403
-1810
-2241
-2465
-2600
-3069
-3128
-2790
-3124
-4244
-4664
-3556
-2579
-3377
-4798
-4339
-2560
-1965
-3046
-3371
-1776
-391
-978
-1746
-578
1252
1608
678
620
2020
3059
2851
2412
2926
3810
3923
3483
3587
4195
4430
3991
3678
3803
4009
3892
3654
3495
3270
2912
2594
2562
2401
2058
1653
1502
1313
806
496
602
701
274
-362
-499
-194
-102
-301
-485
-543
-484
-492
-407
-76
6
-147
-268
-141
126
349
472
355
208
220
448
578
480
441
419
297
210
172
195
63
-265
-555
-791
-930
-1059
-1269
-1604
-1926
-2253
-2499
-2719
-2982
-3305
-3207
-2860
-3280
-4339
-4586
-3387
-2396
-3235
-4505
-4014
-2220
-1697
-2672
-2820
-1329
-159
-743
-1323
-129
1608
1789
897
961
2319
3260
3021
2688
3098
3722
3837
3570
3636
4058
4241
3899
3533
3453
3586
3584
3470
3195
2780
2472
2358
2342
2117
1713
1352
1097
810
629
426
40
-65
-1
-287
-804
-893
-482
-282
-709
-1074
-741
-363
-431
-555
-291
-41
-210
-323
19
353
416
282
289
301
225
426
637
567
300
168
240
220
76
-28
-208
-517
-726
-826
-960
-1272
-1479
-1688
-2026
-2340
-2429
-2598
-2988
-3314
-2951
-2565
-3294
-4317
-3993
-2507
-2124
-3395
-4185
-2863
-1299
-1508
-2514
-1993
-294
174
-657
-594
943
2108
1668
951
1527
2784
3204
2775
2627
3086
3565
3501
3268
3447
3754
3760
3442
3207
3251
3308
3289
3045
2737
2441
2207
2152
2042
1719
1287
1076
923
760
456
146
107
151
-63
-469
-614
-369
-149
-439
-816
-804
-575
-479
-579
-553
-334
-301
-375
-325
-152
24
132
57
-116
-61
143
291
204
43
33
69
-23
-78
-12
-95
-442
-704
-742
-698
-874
-1093
-1264
-1438
-1605
-1788
-1979
-2201
-2482
-2601
-2271
-2097
-2634
-3523
-3399
-2192
-1674
-2603
-3431
-2505
-1016
-1014
-1964
-1790
-268
440
-327
-606
658
1928
1687
828
1168
2420
2911
2434
2128
2549
3057
2930
2550
2619
3007
3125
2830
2507
2441
2569
2495
2265
1987
1696
1510
1493
1426
1129
799
594
481
357
56
-256
-150
-39
-349
-777
-776
-387
-321
-728
-913
-622
-407
-470
-512
-292
-65
-140
-243
-63
176
256
234
226
260
275
368
429
351
227
225
201
154
142
87
-27
-186
-351
-434
-592
-745
-848
-1042
-1363
-1584
-1617
-1774
-2133
-2506
-2619
-2333
-2057
-2522
-3422
-3486
-2369
-1593
-2239
-3277
-2775
-1263
-905
-1789
-1995
-677
308
-286
-906
37
1468
1534
532
453
1600
2369
1962
1447
1819
2432
2446
2028
1953
2336
2586
2236
1833
1807
2025
2106
1929
1640
1399
1300
1204
1079
948
702
488
336
163
36
-62
-116
-187
-353
-554
-615
-504
-459
-591
-732
-730
-604
-517
-472
-378
-245
-176
-108
-86
116
272
294
259
300
411
463
541
574
598
558
481
425
426
355
253
108
-133
-238
-329
-445
-714
-1009
-1216
-1389
-1602
-1957
-2234
-2371
-2497
-2673
-2418
-2195
-2774
-3593
-3343
-2255
-1937
-2997
-3755
-2658
-1359
-1624
-2584
-2222
-669
-228
-1149
-1294
164
1186
610
-87
474
1687
1878
1257
1188
1791
2158
1818
1567
1884
2342
2296
1871
1650
1838
1988
1913
1659
1391
1312
1178
1030
918
760
526
360
264
-7
-269
-254
-47
-162
-631
-831
-487
-203
-492
-762
-688
-463
-472
-507
-331
-93
-111
-202
-122
93
298
314
344
373
397
450
515
490
468
480
404
286
187
273
261
39
-259
-393
-339
-475
-751
-1071
-1212
-1393
-1659
-1902
-2061
-2229
-2509
-2804
-2997
-2705
-2348
-2795
-3724
-3892
-2863
-1988
-2661
-3813
-3469
-1874
-1346
-2419
-2846
-1503
-339
-895
-1685
-869
612
765
-130
-245
830
1661
1424
938
1201
1860
2059
1820
1743
2055
2297
2205
1895
1845
2036
2193
2069
1762
1531
1482
1548
1514
1291
986
855
723
555
333
298
307
162
-190
-320
-211
-64
-212
-451
-504
-481
-381
-292
-127
-92
-140
-228
-55
151
177
244
291
402
438
396
483
619
619
530
447
382
373
367
305
111
-89
-252
-330
-407
-540
-782
-1092
-1233
-1310
-1531
-1767
-1884
-2032
-2368
-2707
-2739
-2426
-2143
-2664
-3487
-3605
-2659
-1840
-2375
-3458
-3233
-1792
-1253
-2086
-2521
-1410
-213
-565
-1368
-714
804
1177
333
63
1083
2001
1788
1295
1540
2197
2450
2122
2048
2441
2774
2648
2296
2262
2443
2613
2420
2212
2074
2106
2085
1829
1741
1690
1531
1167
911
888
891
783
454
142
64
116
189
82
-170
-284
-152
-127
-193
-137
17
77
-105
-116
96
329
338
244
334
423
556
664
633
619
615
615
632
561
494
530
404
232
9
-1
19
-133
-399
-742
-779
-825
-1030
-1384
-1649
-1718
-1827
-2136
-2411
-2502
-2205
-1898
-2366
-3245
-3315
-2189
-1395
-2087
-3265
-2829
-1196
-723
-1649
-2020
-845
278
-152
-834
25
1485
1645
765
622
1774
2610
2380
1899
2067
2668
2790
2465
2351
2743
2939
2690
2311
2334
2588
2654
2448
2208
2050
1889
1801
1829
1789
1478
1143
1024
1085
879
678
704
769
494
47
145
530
547
69
-68
198
342
263
246
334
357
312
321
496
624
692
633
530
577
696
794
775
744
802
784
723
672
782
724
514
420
293
228
91
-100
-241
-482
-715
-774
-803
-1007
-1223
-1370
-1540
-1674
-1832
-1882
-1677
-1473
-1785
-2555
-2795
-1877
-1038
-1659
-2795
-2499
-963
-379
-1310
-1806
-575
587
176
-473
318
1755
1896
1018
854
1962
2750
2438
1922
2170
2725
2762
2422
2416
2811
2927
2627
2295
2317
2469
2582
2404
2092
1847
1759
1773
1664
1509
1314
1115
865
693
649
680
529
153
-16
91
240
200
74
103
180
125
95
296
530
577
484
505
706
860
933
987
1003
1011
980
1039
1109
1115
1042
901
786
774
756
747
625
458
365
294
65
-156
-201
-245
-499
-828
-1020
-968
-972
-1222
-1496
-1656
-1639
-1705
-1963
-2050
-1625
-1469
-2048
-2640
-2149
-997
-886
-2063
-2492
-1294
-177
-573
-1501
-992
329
462
-434
-355
1012
1756
1076
496
1075
2025
2102
1557
1493
1907
2104
1849
1702
1966
2178
2013
1766
1708
1789
1879
1848
1749
1554
1401
1368
1360
1359
1190
975
823
758
751
721
690
700
626
501
452
473
575
576
466
422
526
626
602
621
720
734
643
649
788
892
861
729
724
753
710
700
679
596
508
451
386
271
154
106
12
-151
-266
-324
-431
-615
-702
-835
-951
-1064
-1111
-1236
-1394
-1536
-1711
-1670
-1718
-2020
-2190
-1791
-1456
-1877
-2647
-2421
-1355
-980
-1849
-2577
-1725
-537
-623
-1548
-1398
-86
372
-458
-755
313
1240
814
-39
202
1293
1633
1019
755
1243
1617
1483
1195
1390
1768
1683
1388
1301
1457
1621
1649
1453
1304
1274
1235
1213
1226
1200
994
776
789
963
1005
847
676
712
714
553
430
537
671
493
179
218
460
527
350
205
286
252
145
125
212
192
46
-68
-50
24
-50
-172
-243
-332
-465
-600
-562
-558
-701
-812
-895
-826
-817
-900
-1005
-1136
-1166
-1199
-1238
-1263
-1253
-1331
-1448
-1516
-1512
-1553
-1619
-1706
-1758
-1473
-1266
-1632
-2333
-2323
-1456
-969
-1653
-2573
-2081
-832
-681
-1673
-1852
-662
29
-741
-1277
-282
783
488
-435
-320
767
1200
650
293
753
1283
1157
905
1059
1464
1579
1324
1263
1431
1578
1656
1572
1484
1416
1432
1457
1402
1373
1211
1086
990
1003
1002
887
775
677
646
503
415
457
432
270
101
28
7
-24
-102
-170
-271
-334
-432
-396
-392
-418
-433
-521
-523
-519
-469
-478
-467
-524
-615
-570
-506
-464
-478
-514
-527
-449
-345
-328
-314
-318
-332
-318
-237
-228
-401
-410
-375
-468
-584
-611
-701
-808
-1036
-1160
-1288
-1210
-1078
-1389
-1908
-2169
-1722
-1248
-1557
-2424
-2528
-1696
-1154
-1612
-2103
-1635
-879
-1001
-1503
-1104
-221
12
-446
-583
82
745
668
345
574
980
1141
1067
1186
1526
1659
1601
1460
1569
1807
1921
1826
1719
1725
1824
1849
1726
1649
1627
1558
1344
1169
1101
1128
960
670
433
364
360
266
60
-199
-293
-409
-513
-533
-456
-481
-680
-755
-646
-518
-463
-586
-618
-589
-522
-399
-245
-229
-299
-226
-84
37
32
98
166
219
233
291
499
611
541
501
491
553
571
482
387
313
187
61
-41
-140
-292
-527
-728
-881
-1059
-1296
-1455
-1289
-1275
-1695
-2228
-2476
-1992
-1552
-1921
-2652
-2579
-1808
-1468
-1901
-2104
-1584
-1089
-1254
-1459
-881
-100
19
-345
-321
337
962
935
805
1064
1447
1533
1571
1783
2053
2235
2152
2097
2192
2363
2497
2398
2193
2037
2082
2139
1955
1802
1714
1559
1330
1131
1090
1098
959
633
347
254
197
156
47
-9
-105
-286
-360
-234
-64
-161
-305
-306
-147
-62
12
45
121
243
302
381
610
795
781
745
795
949
1105
1196
1214
1196
1179
1226
1234
1292
1297
1192
1086
960
845
706
584
477
289
88
-109
-171
-229
-422
-654
-898
-942
-953
-1150
-1409
-1655
-1605
-1465
-1628
-2205
-2385
-1902
-1562
-1880
-2425
-2201
-1521
-1251
-1646
-1756
-1123
-520
-635
-928
-372
496
707
308
311
1007
1551
1515
1315
1522
1953
2124
2047
2147
2411
2615
2487
2355
2404
2639
2731
2592
2446
2411
2438
2329
2153
2029
1941
1739
1495
1367
1310
1152
883
692
677
507
347
317
334
176
-124
-148
75
80
-55
-58
107
136
53
143
308
437
370
314
339
535
631
643
706
818
946
1046
1057
1094
1173
1178
1139
1078
1191
1229
1132
1028
992
936
849
825
720
539
407
298
243
76
-219
-400
-480
-637
-875
-1057
-1270
-1439
-1507
-1691
-1807
-1710
-1750
-2071
-2483
-2471
-2098
-1822
-2166
-2548
-2268
-1610
-1325
-1699
-1616
-965
-492
-585
-585
68
758
786
514
792
1520
1909
1835
1786
2122
2484
2479
2467
2642
2820
2839
2711
2627
2773
2811
2674
2476
2360
2323
2253
2085
1853
1756
1548
1299
1011
808
756
617
323
98
-31
-134
-168
-305
-461
-587
-699
-664
-630
-613
-604
-514
-503
-482
-304
-63
83
107
155
336
538
653
769
874
1010
1058
1111
1253
1450
1482
1465
1536
1597
1617
1641
1583
1523
1478
1352
1238
1137
1042
859
619
506
342
140
-33
-248
-385
-502
-746
-1011
-1037
-1093
-1346
-1638
-1741
-1816
-1891
-2068
-2160
-2045
-2070
-2467
-2712
-2303
-1789
-1996
-2493
-2268
-1526
-1108
-1415
-1521
-894
-294
-362
-468
14
783
980
643
748
1405
1881
1787
1658
1903
2224
2284
2142
2211
2392
2432
2287
2119
2047
2117
2096
1836
1549
1403
1408
1277
985
824
742
670
409
132
148
186
0
-306
-400
-329
-347
-446
-550
-557
-506
-521
-590
-543
-452
-371
-298
-250
-177
-14
168
263
395
495
644
805
881
956
975
1059
1186
1231
1244
1176
1167
1180
1124
1056
1035
968
896
754
740
638
483
440
240
111
-49
-210
-320
-500
-732
-876
-976
-1079
-1222
-1390
-1564
-1710
-1884
-1930
-1970
-2158
-2334
-2408
-2430
-2399
-2262
-2271
-2521
-2804
-2537
-1946
-1955
-2436
-2487
-1872
-1333
-1403
-1676
-1342
-574
-324
-590
-385
402
845
649
417
857
1510
1625
1411
1394
1697
1889
1863
1755
1889
2010
2003
1853
1693
1776
1816
1707
1432
1242
1149
1107
998
740
509
413
323
179
-47
-175
-166
-221
-433
-617
-558
-427
-537
-747
-821
-674
-554
-592
-587
-499
-388
-317
-310
-157
19
130
164
217
446
544
589
666
772
806
833
903
950
920
855
826
838
880
748
608
546
595
433
220
168
85
-77
-259
-430
-618
-726
-762
-1038
-1240
-1320
-1418
-1555
-1709
-1708
-1734
-1811
-2004
-2052
-1978
-1994
-2252
-2336
-2178
-2214
-2328
-2182
-1913
-1994
-2288
-2338
-1784
-1270
-1464
-1930
-1709
-870
-561
-892
-939
-304
124
-60
-289
247
947
864
436
561
1256
1581
1298
1120
1402
1692
1567
1359
1456
1624
1566
1276
1098
1178
1244
1097
844
601
581
546
370
252
211
60
-209
-323
-281
-282
-497
-638
-635
-633
-677
-729
-638
-603
-763
-911
-737
-515
-456
-540
-509
-316
-157
-118
-88
76
140
124
228
343
453
468
407
492
542
583
678
644
600
557
563
624
583
494
435
401
315
153
53
44
-55
-218
-362
-496
-626
-737
-875
-938
-1095
-1233
-1384
-1497
-1548
-1628
-1660
-1826
-1963
-1948
-1908
-2010
-2021
-1988
-2010
-2022
-2046
-2050
-2141
-1940
-1659
-1951
-2255
-1999
-1417
-1200
-1525
-1781
-1329
-616
-526
-863
-741
-59
259
-100
-113
572
1028
806
479
773
1254
1315
1010
1021
1324
1330
1100
1098
1263
1226
1033
842
885
928
767
659
588
443
295
205
161
114
-99
-343
-366
-314
-332
-486
-577
-485
-410
-518
-621
-464
-315
-340
-554
-479
-156
-113
-250
-272
-91
44
62
48
190
362
322
362
493
587
644
586
607
643
667
624
543
507
470
353
283
291
158
-21
-35
-139
-328
-416
-498
-619
-724
-745
-849
-982
-959
-1124
-1276
-1303
-1410
-1439
-1552
-1526
-1502
-1583
-1602
-1644
-1652
-1571
-1554
-1607
-1622
-1526
-1462
-1431
-1492
-1533
-1459
-1378
-1375
-1315
-1137
-1110
-1438
-1473
-906
-608
-945
-1319
-1122
-559
-402
-795
-900
-305
78
-200
-432
19
679
510
58
225
747
1024
755
540
786
1033
1001
750
797
1033
1015
793
636
703
854
780
578
519
534
553
503
405
356
247
200
165
76
16
-105
-151
-215
-282
-338
-349
-303
-417
-472
-408
-308
-330
-430
-388
-236
-187
-249
-247
-172
-61
-124
-127
-100
-69
-94
-126
-89
-91
-113
-161
-183
-177
-225
-213
-199
-316
-315
-276
-370
-411
-320
-338
-353
-440
-514
-476
-481
-538
-654
-616
-550
-617
-659
-714
-730
-798
-729
-642
-689
-770
-684
-585
-704
-777
-711
-744
-774
-735
-817
-940
-908
-877
-1069
-1135
-1146
-1160
-1087
-1097
-1382
-1509
-1190
-886
-1131
-1506
-1443
-987
-698
-969
-1155
-771
-361
-499
-700
-398
157
226
-93
-52
478
792
640
603
844
1060
1027
1020
1166
1284
1166
1019
1078
1170
1151
1060
990
870
809
774
660
616
518
388
197
38
-42
-53
-64
-311
-523
-591
-506
-557
-738
-856
-760
-701
-836
-841
-669
-524
-570
-679
-662
-416
-251
-256
-360
-255
-73
-38
-52
-9
100
221
198
272
392
453
420
425
437
460
446
374
421
429
315
137
126
185
129
-19
-171
-183
-104
-256
-315
-269
-323
-381
-504
-548
-623
-690
-684
-803
-840
-789
-815
-910
-920
-894
-939
-1050
-1006
-970
-1042
-1082
-1130
-1108
-1167
-1259
-1241
-1242
-1222
-1177
-1235
-1340
-1287
-976
-714
-866
-1156
-953
-387
-207
-406
-405
-22
383
307
155
419
847
811
441
545
965
1134
943
858
1025
1124
1015
885
893
877
764
636
607
562
448
339
278
139
-33
-202
-285
-306
-305
-473
-655
-631
-552
-501
-629
-717
-699
-627
-560
-561
-572
-523
-400
-381
-356
-322
-199
-77
-102
-165
-136
72
169
206
207
284
363
334
281
305
314
321
250
277
305
269
250
223
185
193
214
197
163
129
95
-4
0
5
47
-42
-112
-50
-80
-110
-160
-208
-176
-215
-234
-296
-313
-382
-453
-459
-493
-470
-514
-545
-628
-660
-676
-789
-808
-857
-918
-821
-889
-1075
-982
-907
-1106
-1215
-1129
-1022
-894
-950
-1146
-1190
-926
-581
-716
-1040
-931
-520
-281
-440
-572
-361
14
12
-216
-32
257
264
90
-18
201
420
339
284
281
323
292
286
307
244
208
141
83
76
110
147
111
-2
-105
-117
1
103
8
-118
-202
-165
-147
-150
-161
-184
-161
-205
-138
-18
-5
-112
-165
37
123
50
23
89
124
60
57
99
177
159
99
185
315
335
253
230
287
278
262
224
267
339
312
249
239
267
159
167
97
71
89
20
20
72
84
58
48
133
220
164
20
-4
51
-69
-103
-151
-203
-257
-323
-332
-447
-459
-480
-544
-623
-698
-672
-767
-931
-900
-995
-1135
-1107
-1153
-1224
-1292
-1322
-1430
-1543
-1495
-1418
-1350
-1394
-1460
-1479
-1350
-1070
-993
-1154
-1287
-998
-657
-663
-822
-718
-362
-234
-264
-233
46
310
251
154
307
551
674
622
622
686
742
766
755
750
714
730
707
688
713
659
627
576
456
369
324
259
207
129
-3
-16
-61
-132
-152
-175
-191
-201
-267
-306
-251
-235
-326
-363
-375
-275
-200
-320
-332
-266
-157
-149
-150
-73
21
116
93
131
195
226
191
199
268
302
414
449
428
476
538
516
498
488
458
443
444
432
347
321
291
200
150
146
60
-32
-115
-193
-275
-302
-400
-561
-661
-694
-705
-824
-969
-1006
-1065
-1163
-1205
-1323
-1309
-1299
-1219
-1265
-1368
-1296
-1201
-1236
-1276
-1248
-1246
-1150
-1110
-1134
-1090
-931
-760
-783
-892
-786
-451
-257
-404
-496
-286
119
203
27
67
344
507
396
290
534
778
597
338
403
601
619
451
333
379
365
263
260
250
218
141
60
57
-38
-119
-99
-87
-177
-279
-310
-132
-99
-248
-295
-180
-112
-169
-204
-155
-78
-38
-61
-52
77
99
72
43
78
108
184
190
174
266
245
249
312
327
319
354
386
430
424
462
485
467
457
400
377
389
351
327
248
259
241
197
154
99
67
-9
-75
-171
-201
-198
-252
-318
-341
-388
-416
-435
-448
-492
-506
-527
-540
-494
-474
-515
-495
-523
-506
-459
-492
-519
-517
-447
-469
-544
-522
-500
-519
-570
-573
-592
-574
-483
-491
-498
-473
-448
-344
-397
-550
-601
-471
-261
-396
-683
-710
-334
-158
-418
-525
-281
44
-65
-254
-105
257
327
82
-5
249
450
305
231
351
487
492
434
487
507
531
508
508
582
556
506
573
588
492
437
458
511
374
191
210
246
207
88
-5
-14
-2
-40
-119
-195
-203
-211
-216
-278
-322
-322
-328
-352
-386
-410
-327
-321
-318
-326
-280
-177
-141
-130
-123
-4
32
127
100
240
347
358
361
358
452
510
482
409
447
501
531
513
448
448
479
484
448
394
304
287
205
165
100
-43
-88
-164
-250
-350
-435
-449
-535
-580
-682
-753
-771
-802
-820
-844
-872
-954
-975
-983
-919
-915
-966
-986
-971
-963
-899
-907
-933
-886
-815
-790
-870
-858
-677
-491
-464
-555
-521
-264
-120
-147
-213
-98
124
130
85
125
290
392
302
284
367
472
435
395
453
481
476
414
418
361
287
271
235
216
156
119
69
33
9
-110
-118
-105
-160
-225
-270
-280
-312
-319
-320
-301
-305
-322
-350
-361
-337
-294
-250
-214
-159
-116
-52
-46
9
54
92
208
273
319
374
437
466
554
567
632
626
575
571
579
609
608
574
548
511
484
483
430
456
394
302
210
184
72
13
-8
-84
-150
-262
-333
-418
-538
-614
-671
-715
-710
-734
-816
-896
-884
-862
-888
-901
-894
-898
-878
-863
-862
-841
-819
-812
-813
-749
-747
-709
-644
-568
-547
-511
-462
-407
-285
-264
-262
-232
-128
-17
24
-30
-91
27
117
106
30
57
157
165
156
130
188
218
194
137
126
182
167
113
51
46
69
6
-67
-81
-96
-144
-160
-193
-194
-205
-182
-189
-150
-170
-205
-133
-89
-85
-135
-132
-56
35
-1
-43
-20
64
98
87
143
158
223
212
218
267
277
396
433
360
380
439
495
443
381
366
335
333
319
250
186
184
143
160
92
47
93
-25
-110
-146
-193
-290
-326
-357
-424
-456
-498
-537
-513
-606
-672
-670
-691
-690
-699
-683
-666
-658
-613
-620
-577
-505
-473
-440
-464
-453
-420
-400
-371
-286
-310
-238
-221
-301
-289
-316
-281
-231
-296
-299
-291
-215
-184
-277
-303
-309
-269
-227
-241
-247
-263
-265
-173
-110
-81
-96
-97
-82
-50
-73
-42
5
14
30
40
82
149
167
143
175
205
239
268
294
302
293
237
248
254
210
225
183
216
253
276
228
189
201
178
194
197
202
189
167
180
173
137
133
130
106
68
72
91
99
105
95
104
131
72
50
97
59
98
42
76
106
31
3
-34
-34
-35
-104
-125
-135
-149
-172
-175
-164
-181
-202
-239
-269
-270
-275
-308
-274
-323
-350
-373
-390
-395
-429
-424
-422
-444
-420
-464
-466
-475
-533
-496
-454
-427
-399
-352
-287
-242
-257
-194
-225
-189
-156
-286
-277
-202
-211
-202
-156
-159
-184
-188
-192
-183
-150
-149
-134
-125
-55
18
40
88
61
98
117
106
123
128
185
249
229
195
296
324
327
281
315
331
292
319
338
378
326
257
256
203
206
189
132
136
73
42
60
42
40
28
45
60
65
-1
0
-6
-35
-24
-58
-42
-2
-26
-76
-38
-5
-13
-24
-49
13
62
33
68
65
92
77
112
99
59
146
109
70
26
47
21
-24
-57
-92
-70
-82
-134
-162
-143
-195
-203
-225
-244
-250
-280
-324
-308
-281
-291
-263
-252
-299
-311
-313
-315
-362
-418
-379
-320
-300
-260
-272
-251
-253
-265
-293
-333
-288
-261
-231
-233
-208
-198
-172
-207
-173
-188
-181
-199
-188
-167
-127
-85
-58
-25
-66
-33
36
81
40
115
144
147
165
224
239
222
232
223
207
207
242
217
262
238
228
204
185
191
175
169
155
125
100
71
-2
-44
-57
-34
-36
-57
-60
-28
27
3
-43
8
16
40
144
99
131
143
146
191
196
206
218
241
250
228
233
200
207
199
167
141
167
131
102
145
165
144
151
91
30
1
-27
-76
-121
-187
-169
-201
-258
-331
-407
-430
-437
-439
-493
-463
-479
-431
-482
-472
-487
-454
-425
-446
-433
-459
-414
-412
-423
-384
-356
-350
-325
-305
-234
-148
-167
-102
-33
-48
-34
7
11
43
53
35
35
82
90
116
97
143
219
179
248
248
232
247
276
225
270
227
276
356
275
239
242
198
187
168
138
198
176
131
133
100
68
66
96
140
119
82
83
116
139
88
70
80
62
59
40
41
17
3
34
1
16
63
107
82
14
14
15
53
47
128
151
182
179
234
255
192
208
197
233
250
265
240
260
242
239
264
240
215
222
224
195
180
164
161
130
60
34
74
-6
-51
-43
-70
-32
-86
-113
-101
-108
-127
-159
-177
-158
-126
-87
-40
-19
-18
27
68
102
128
169
172
194
223
186
215
205
282
296
322
352
360
339
337
326
319
329
313
297
288
283
259
244
244
276
318
301
314
304
285
326
298
266
211
201
224
163
181
207
280
287
253
256
263
332
312
359
381
389
358
345
347
386
359
301
334
339
354
348
389
349
332
309
298
271
233
231
218
215
214
233
221
219
202
198
193
190
251
205
215
234
261
256
223
283
286
278
262
271
303
309
266
287
283
261
290
267
271
244
242
259
260
193
211
209
186
139
132
159
112
126
129
126
109
134
133
179
126
120
173
136
92
116
141
118
194
162
177
140
115
111
126
90
52
94
40
68
64
75
92
96
129
145
147
130
170
167
248
258
248
260
284
284
253
280
287
335
354
390
420
479
464
473
481
448
427
485
539
517
567
563
600
583
572
545
507
488
451
485
460
407
401
319
252
212
185
216
208
226
201
166
186
222
242
252
306
323
273
303
300
318
296
302
301
266
236
245
282
290
284
261
265
265
224
140
177
175
164
194
175
178
199
196
167
169
175
193
169
219
230
189
245
255
305
372
415
415
433
432
451
444
426
404
408
360
347
357
330
339
330
298
255
237
194
156
135
112
73
84
34
44
28
16
71
42
70
91
107
105
70
77
118
154
186
266
304
327
363
333
369
342
356
386
384
439
393
382
452
431
418
395
409
452
404
414
468
432
411
385
364
353
346
292
258
276
232
203
174
172
143
103
71
110
106
57
50
20
29
18
24
2
-43
-52
-78
-67
-34
9
14
89
90
80
98
94
128
129
129
184
235
325
358
327
321
385
440
439
420
414
387
428
506
535
552
527
512
502
519
505
450
354
353
380
316
316
350
333
303
262
258
248
257
164
114
130
137
164
154
82
42
50
4
16
-17
-24
-42
-75
10
63
55
73
95
90
51
57
86
145
133
125
119
147
164
186
192
229
250
246
258
260
272
321
348
288
366
372
354
279
286
268
199
260
171
139
158
114
89
81
116
91
75
51
72
58
78
42
33
51
42
95
46
30
10
15
9
6
13
83
123
94
85
81
112
110
148
102
121
196
143
130
165
170
122
130
160
188
158
184
207
190
211
200
218
208
186
193
209
240
241
220
165
148
181
147
146
154
102
89
135
120
84
64
61
77
55
110
84
54
81
62
27
3
27
56
58
95
49
105
115
129
167
162
182
139
164
209
203
198
242
248
240
278
269
255
203
198
205
218
194
141
174
187
168
143
182
170
147
95
40
26
18
-9
-24
-6
-9
28
5
2
-24
-59
-61
-72
-108
-78
-42
-71
-29
15
56
64
66
145
145
150
115
81
41
65
114
105
142
137
154
219
209
165
203
236
215
213
210
233
171
148
144
96
116
149
146
152
161
142
120
117
117
128
72
122
124
127
122
105
106
31
30
41
35
29
-11
-24
-60
-46
-18
6
63
20
-13
3
-18
-33
31
-29
-16
-30
-3
-47
-19
28
5
61
39
45
91
90
112
145
85
101
91
88
54
25
-6
12
8
-59
-81
-139
-129
-168
-155
-175
-201
-210
-219
-213
-289
-280
-238
-191
-220
-204
-174
-207
-153
-115
-125
-74
-13
-6
41
74
95
134
154
174
190
194
223
239
255
292
275
263
249
256
248
303
335
302
294
279
316
254
263
227
208
190
157
138
115
87
39
72
18
-28
15
23
36
1
-12
23
-19
-15
11
35
34
33
11
33
34
39
58
76
115
105
157
173
156
182
135
126
147
166
142
138
147
177
170
174
166
162
158
148
175
145
152
120
90
49
45
36
52
17
-34
-66
-77
-86
-145
-161
-138
-194
-205
-191
-253
-226
-195
-267
-264
-271
-281
-209
-195
-186
-171
-162
-95
-92
-28
50
58
100
75
102
102
113
110
93
115
90
136
144
125
136
131
134
133
121
113
148
150
148
121
120
148
85
65
49
33
-7
-63
-78
-36
-51
-52
-70
-75
-95
-119
-99
-140
-170
-161
-157
-220
-208
-163
-144
-99
-81
-132
-126
-96
-69
-29
23
13
55
110
107
172
150
93
65
93
66
127
118
124
152
128
177
166
132
176
166
120
80
83
49
52
-7
-42
-60
-93
-67
-72
-48
-103
-106
-121
-131
-144
-118
-61
-80
-98
-103
-106
-114
-116
-122
-121
-89
-114
-135
-121
-119
-105
-76
-75
-29
-48
-47
-48
-83
-60
-50
-38
-39
7
-17
-52
-67
-84
-86
-78
-83
-100
-95
-103
-118
-53
-26
-52
-53
-67
-52
-97
-106
-68
-69
-117
-92
-64
-49
-36
-25
-54
-86
-65
-51
-63
-63
-71
-38
-91
-96
-135
-167
-148
-204
-181
-148
-188
-155
-112
-98
-63
-86
-101
-101
-64
-10
2
31
72
61
56
66
73
41
32
-9
-7
56
80
72
100
69
-3
15
-32
-1
-40
-71
-94
-121
-117
-156
-123
-177
-154
-166
-183
-153
-202
-223
-215
-227
-190
-160
-214
-230
-253
-234
-239
-225
-188
-218
-196
-217
-210
-202
-160
-168
-207
-181
-143
-196
-188
-148
-163
-185
-174
-147
-94
-75
-105
-114
-88
-73
-114
-99
-31
-47
-49
-74
-89
-126
-191
-184
-224
-204
-232
-224
-219
-195
-157
-170
-156
-172
-187
-181
-187
-170
-181
-152
-124
-120
-124
-119
-82
-31
-15
4
34
50
18
0
14
-49
-22
-36
-21
-2
-43
-53
-64
-73
-98
-78
-67
-84
-106
-54
-63
-91
-138
-165
-141
-149
-128
-173
-189
-211
-193
-199
-236
-196
-200
-209
-163
-155
-171
-176
-127
-64
-89
-86
-48
-36
-10
-3
6
-3
-28
-14
-35
-11
26
29
58
26
44
10
92
82
92
103
66
60
-21
-70
-123
-110
-150
-189
-183
-172
-191
-195
-198
-205
-215
-248
-265
-246
-293
-311
-264
-233
-226
-162
-156
-178
-207
-207
-163
-152
-191
-209
-227
-248
-234
-224
-186
-190
-196
-212
-189
-210
-247
-223
-271
-241
-243
-257
-223
-160
-140
-115
-85
-102
-87
-106
-98
-98
-113
-103
-85
-112
-109
-107
-134
-132
-121
-127
-86
-32
14
58
43
33
4
34
60
56
101
80
101
46
31
32
-23
-69
-71
-107
-168
-179
-221
-258
-271
-271
-210
-210
-226
-225
-235
-249
-309
-293
-263
-258
-234
-237
-230
-244
-298
-275
-293
-284
-256
-202
-148
-107
-83
-118
-118
-116
-102
-95
-96
-111
-69
-50
-59
-62
-53
-32
-23
-26
-43
-62
-108
-134
-165
-153
-152
-161
-170
-185
-151
-97
-167
-167
-131
-128
-119
-207
-248
-246
-220
-254
-312
-292
-281
-269
-247
-248
-211
-212
-210
-207
-159
-144
-220
-177
-183
-205
-182
-195
-197
-172
-155
-152
-176
-172
-172
-138
-122
-132
-116
-78
-53
-58
-10
-24
-42
-14
-1
6
-24
-6
-48
-60
-88
-138
-107
-172
-198
-228
-233
-205
-221
-225
-246
-309
-337
-350
-408
-417
-393
-411
-391
-363
-374
-334
-366
-393
-405
-451
-506
-511
-413
-442
-427
-364
-365
-332
-310
-258
-187
-125
-91
-32
5
13
7
41
52
43
42
32
24
33
-10
22
29
-3
2
-41
-23
-41
-47
-59
-59
-72
-122
-112
-153
-158
-184
-190
-156
-202
-208
-216
-219
-223
-207
-174
-185
-151
-117
-140
-174
-193
-236
-236
-211
-311
-295
-251
-219
-220
-198
-170
-197
-90
-119
-100
-85
-108
-91
-97
-17
-40
-34
-49
-83
-61
-108
-70
-60
-71
-37
-49
-67
-85
-87
-72
-133
-148
-104
-126
-166
-210
-223
-271
-269
-277
-291
-368
-376
-395
-416
-386
-358
-299
-282
-281
-286
-292
-281
-271
-274
-279
-262
-266
-221
-196
-156
-123
-91
-78
-48
-50
-33
-18
-56
7
42
36
59
27
-16
-13
-32
-26
29
14
22
12
22
64
47
59
46
15
-7
-29
-6
-25
-31
-65
-89
-104
-139
-173
-192
-207
-239
-216
-199
-217
-176
-239
-247
-228
-238
-222
-253
-222
-248
-263
-274
-302
-295
-272
-244
-254
-234
-228
-191
-168
-123
-95
-135
-120
-133
-105
-131
-128
-157
-184
-152
-178
-179
-231
-224
-234
-278
-246
-266
-262
-276
-242
-242
-173
-211
-184
-186
-213
-199
-178
-156
-174
-166
-159
-170
-189
-162
-141
-121
-141
-90
-100
-58
-42
-57
-74
-69
-39
-27
5
61
32
6
30
15
21
42
39
26
50
70
88
85
72
49
63
104
88
106
57
72
93
69
80
96
101
72
44
76
33
12
23
38
52
46
34
13
11
-14
-6
-49
-32
-50
-98
-100
-149
-155
-183
-220
-196
-209
-204
-122
-102
-89
-121
-119
-109
-80
-110
-125
-97
-51
-79
-66
-43
-85
-35
-61
-8
11
-22
-39
-6
11
-16
-11
3
-4
-29
-45
-38
-70
-29
-50
-70
-76
-70
-81
-100
-33
-66
-36
-38
-40
-39
-60
-45
-75
-131
-106
-116
-105
-114
-96
-109
-116
-101
-95
-64
-53
5
21
22
-3
70
96
96
43
28
35
-34
-30
-14
-36
-23
-22
-48
-35
-14
-18
-28
-3
2
1
36
45
72
73
57
75
61
37
14
0
11
-1
3
-16
-18
33
39
30
23
-4
26
1
-6
11
-9
-56
-73
-32
-44
-85
-137
-151
-111
-100
-114
-97
-91
-38
-28
36
6
33
66
24
34
15
0
-48
5
-5
-17
-51
-84
-42
-91
-118
-89
-57
-61
-78
-71
-79
-99
-84
-63
-68
-28
-22
-17
-9
-41
9
3
-32
9
42
-4
49
62
43
47
7
27
61
92
104
119
78
75
34
35
40
42
73
84
74
50
71
42
26
8
6
47
42
37
69
45
38
57
25
56
29
1
15
20
-2
-11
-28
-13
-29
-28
-26
-91
-87
-56
-93
-88
-21
20
-8
-2
39
1
-3
-22
-41
-32
-21
9
-59
-69
-47
-86
-89
-61
-93
-108
-53
-72
-10
18
67
93
53
46
37
44
60
9
30
38
70
42
-1
6
3
19
5
10
29
24
19
21
23
-6
28
33
23
-48
-89
-101
-145
-119
-94
-105
-93
-59
-94
-86
-109
-118
-91
-34
-21
-22
45
-24
11
-9
-39
-22
-58
-54
-69
-45
-49
-69
-94
-99
-85
-111
-110
-66
-8
-44
-61
-58
-17
-1
-16
-35
-12
19
-16
16
55
70
41
39
14
61
68
72
52
30
57
45
62
39
35
45
55
27
8
-28
-35
-76
-103
-101
-78
-98
-69
-79
-67
-44
-63
16
7
-12
-25
-11
-6
-10
2
23
59
74
72
109
161
126
110
115
112
116
165
157
129
169
193
175
192
175
135
113
61
118
111
69
69
43
47
93
73
55
48
32
54
3
-8
2
-34
-22
-4
-3
-2
19
28
56
73
89
124
130
131
89
47
62
28
43
42
26
81
83
93
110
94
111
109
114
118
132
147
139
141
127
97
154
168
138
92
37
15
-66
-27
-57
-46
-22
-27
10
-12
-36
-24
-26
-16
-44
-41
-65
-69
-80
-90
-91
-34
-11
-23
13
-13
33
32
-2
24
52
43
65
44
46
48
38
22
2
-11
-26
-61
-62
-27
-21
-42
-33
-34
8
13
-37
-30
-18
-41
-67
-79
-73
-66
-95
-69
-24
-29
10
-17
-56
-30
-41
-20
-25
-29
16
80
75
105
149
127
123
91
89
104
67
66
98
76
59
89
56
95
47
42
62
49
65
84
104
114
147
159
104
87
100
78
24
-9
0
-26
-44
-52
-54
-92
-71
-77
-110
-119
-107
-73
-118
-136
-114
-116
-124
-94
-113
-93
-71
-94
-113
-83
-76
-97
-56
-37
-83
-68
-13
-29
-30
-32
16
37
22
15
6
-39
-64
-3
-23
-23
14
-32
-66
-48
-70
-46
-60
-52
-63
-51
-32
-51
-74
-80
-57
-74
-84
-52
-36
-70
-60
-60
-120
-79
-92
-85
-99
-120
-32
-77
-7
-28
-15
-8
49
30
11
61
103
143
153
125
95
73
19
27
12
-17
17
19
2
14
14
87
94
45
17
-31
16
25
32
14
62
95
84
89
36
42
35
62
32
74
125
86
94
52
62
76
31
27
56
-51
-19
26
-6
29
10
42
-2
-22
-19
2
-13
-24
-72
-73
-48
-108
-124
-181
-216
-214
-217
-176
-208
-224
-210
-195
-142
-203
-192
-157
-171
-199
-205
-229
-207
-153
-187
-197
-150
-181
-158
-142
-62
-76
-85
-53
-55
-32
-10
-15
-29
7
-61
-29
-38
-71
-50
-93
-99
-44
-85
-101
-58
-46
-79
-88
-55
-93
-94
-63
-49
-54
-17
-15
11
94
100
99
73
69
74
41
81
82
63
82
84
57
95
119
135
71
64
95
40
50
52
-14
42
41
8
68
35
19
-19
-16
-10
-20
-14
12
17
-47
-21
-54
-78
6
13
10
-48
-63
-52
-43
-46
-28
-45
-12
-20
-18
21
10
-16
-46
-53
-74
-137
-189
-172
-163
-203
-228
-193
-210
-215
-204
-208
-145
-135
-138
-139
-161
-160
-131
-122
-169
-146
-151
-111
-91
-65
-21
-3
-19
-3
0
-37
-31
-23
31
14
9
8
-9
-28
-33
-91
-107
-106
-93
-99
-133
-104
-53
2
-14
18
-1
-31
8
-38
-16
-6
-47
-36
7
37
43
46
28
16
20
19
57
94
115
154
158
126
108
91
36
1
10
-3
-27
-36
-55
-64
-11
30
6
1
-10
-5
-25
-24
-66
-71
-44
-69
-27
-45
-103
-78
-73
-85
-89
-131
-141
-116
-102
-76
-82
-28
-11
-26
20
-15
2
-9
-37
-33
-19
-12
3
25
60
67
81
69
61
95
27
5
77
32
35
36
37
64
31
48
76
43
32
12
-14
21
-22
-6
44
55
54
52
63
47
86
62
146
111
115
105
114
138
96
64
21
23
33
40
45
0
-24
51
-6
-15
-17
-15
19
86
95
54
50
70
73
60
27
8
22
7
12
16
-6
0
1
-47
-51
-51
18
43
69
70
77
21
77
121
107
128
100
115
114
130
79
104
121
150
137
142
154
138
142
156
157
112
144
163
198
206
147
167
140
116
117
81
131
104
98
126
111
119
125
55
22
14
-52
-56
-74
-75
-92
-68
-102
-77
-69
-134
-175
-193
-128
-101
-72
-72
-69
-48
-35
-13
-23
-25
40
35
36
95
95
119
97
117
135
158
175
170
152
119
133
121
98
107
120
150
166
111
107
64
77
95
68
49
66
61
38
31
10
11
-16
-37
-70
-93
-158
-147
-120
-103
-81
-76
-79
-74
-50
-37
-31
-53
-62
-68
-36
-28
-55
-21
-43
-52
-45
-38
-70
-102
-66
-105
-26
9
19
31
38
38
31
81
58
63
108
96
136
171
123
117
123
85
60
72
95
134
118
99
121
47
50
57
18
6
-9
-27
-19
-16
-40
-44
-16
-38
-56
-78
-53
-46
-2
28
18
45
9
22
16
56
55
23
66
73
69
102
107
105
108
99
107
151
114
69
81
112
116
100
108
113
82
63
63
48
83
84
72
107
94
104
114
65
56
53
50
82
69
49
59
45
1
-23
-34
-31
-14
-81
-82
-134
-122
-100
-78
-79
-70
0
-12
39
26
23
9
29
20
37
45
37
40
20
24
9
25
53
54
12
36
102
91
114
103
108
105
123
123
121
178
183
211
211
204
229
272
273
246
270
266
244
285
290
290
295
302
350
337
328
318
304
283
261
277
246
215
184
160
192
148
157
158
84
63
22
5
-41
-17
-34
-69
-29
-61
-40
2
26
-9
5
54
45
29
28
106
144
163
196
235
245
219
237
161
173
193
208
208
184
159
164
184
140
151
143
158
205
193
103
88
90
78
45
28
-40
-13
-71
-59
-12
-25
11
40
60
83
106
61
87
35
18
76
71
55
72
94
81
87
69
73
13
45
93
75
83
140
134
109
152
143
183
151
161
195
188
146
152
185
150
125
56
71
50
71
51
52
52
70
77
43
74
115
122
160
158
160
199
161
174
138
130
137
130
92
111
155
99
102
84
98
109
135
95
109
137
141
111
92
82
67
28
9
22
35
54
76
100
104
115
75
103
106
83
114
102
143
134
93
100
76
88
36
32
46
85
43
52
41
80
85
33
73
34
64
85
71
83
100
89
109
109
116
84
107
91
77
105
126
135
152
163
167
168
220
187
140
229
189
158
177
166
198
158
134
159
155
102
92
96
95
134
116
103
74
50
18
7
-17
52
52
-4
15
22
-21
-6
1
-10
3
30
-3
24
86
35
84
89
124
114
128
105
84
133
184
156
151
159
144
175
185
205
184
192
185
221
228
249
226
210
152
119
178
171
134
128
119
91
106
112
125
78
96
65
116
121
111
141
162
117
92
108
57
44
8
4
9
-22
-70
-14
-38
-39
-16
-50
-70
-37
-54
-37
-10
-21
1
34
93
78
75
54
66
86
88
102
96
76
65
50
39
71
59
74
123
103
160
163
195
192
156
149
169
146
134
134
163
174
142
156
138
152
118
154
164
200
173
173
196
179
191
213
263
236
244
269
280
250
245
188
221
207
214
235
241
238
209
236
241
230
206
167
167
188
164
130
121
105
92
22
36
64
8
13
-47
-65
-42
-39
-1
36
44
28
49
9
-18
41
53
45
49
26
94
123
96
108
65
104
129
113
130
94
101
117
121
162
226
256
222
241
210
221
233
164
165
116
110
100
101
73
79
75
67
58
73
102
100
48
49
64
23
78
64
42
-21
-27
26
7
54
-24
-11
18
13
83
97
109
96
108
112
158
165
189
244
244
254
245
237
206
203
188
180
200
179
175
156
146
131
82
78
114
153
139
101
125
106
99
96
62
50
41
-18
-25
-18
-5
-21
25
67
33
54
-7
-5
31
44
79
123
116
151
137
117
99
95
112
96
132
103
123
132
104
103
115
127
139
127
111
72
49
27
40
27
-12
-6
15
2
47
28
-3
-5
14
22
55
75
77
94
65
57
67
83
38
57
99
138
128
138
132
100
94
120
105
101
11
-26
-24
-34
-29
-44
-19
-57
-60
-48
-92
-35
-48
-48
-31
-78
-125
-120
-138
-122
-76
-59
-36
-57
-93
-73
-56
-105
-65
-54
-14
-28
-37
-22
-24
-29
-89
-115
-112
-55
-23
-38
-27
-47
-72
-97
-51
-103
-93
-62
-57
-47
-74
-71
-88
-61
-10
44
30
-4
9
80
44
88
138
144
124
124
124
92
115
90
97
90
68
48
58
58
79
87
103
132
111
68
69
54
31
-19
24
48
-15
-20
15
-43
-63
-30
-56
-30
-16
-9
21
21
-20
-21
30
-3
-23
-3
-18
24
34
37
12
36
80
87
99
119
102
97
103
103
139
108
125
92
20
23
16
14
-21
-18
-64
-76
-20
-17
-35
-57
14
32
24
24
5
51
31
14
-22
-30
-60
-108
-115
-73
-98
-104
-118
-90
-91
-119
-61
-71
-77
-62
-11
-24
-30
-9
15
24
22
59
34
22
30
40
12
2
11
22
9
46
49
43
46
54
82
58
55
40
76
24
53
24
-19
15
2
-15
-3
10
-33
-31
-57
-77
-99
-89
-52
-81
-131
-145
-189
-234
-231
-257
-298
-272
-277
-271
-250
-290
-268
-289
-257
-256
-281
-240
-218
-196
-238
-175
-143
-100
-101
-114
-80
-40
-12
-13
21
8
12
-5
-15
19
44
-14
-18
30
45
23
-6
-49
-71
-98
-101
-110
-135
-153
-170
-164
-170
-180
-152
-163
-182
-194
-210
-207
-214
-248
-277
-265
-289
-310
-258
-231
-270
-269
-278
-248
-218
-222
-201
-253
-227
-209
-241
-238
-188
-179
-237
-192
-217
-213
-187
-201
-180
-141
-118
-101
-84
-64
-90
-28
6
-72
-55
-68
-67
-81
-106
-117
-118
-95
-106
-103
-110
-51
-49
-13
58
72
103
138
170
175
148
112
113
83
53
46
8
28
43
16
56
47
15
-28
-26
-29
-56
-26
-60
-73
-77
-129
-136
-160
-165
-175
-254
-265
-259
-313
-288
-267
-267
-275
-233
-197
-210
-188
-209
-221
-185
-230
-197
-173
-175
-155
-166
-131
-176
-82
-70
-87
-84
-88
-62
-85
-86
-89
-140
-146
-153
-159
-189
-225
-241
-239
-223
-243
-238
-267
-340
-346
-351
-301
-320
-344
-316
-298
-271
-225
-200
-176
-183
-179
-141
-104
-114
-94
-85
-27
44
47
82
82
54
59
56
54
49
20
21
1
35
46
58
-13
-25
-39
-77
-68
-66
-75
-101
-54
-112
-97
-112
-150
-131
-138
-78
-80
-83
-99
-73
-85
-95
-89
-61
-86
-98
-69
-75
-35
-86
-127
-78
-110
-107
-59
3
20
69
103
96
67
84
128
139
174
155
187
182
229
183
211
212
160
170
87
86
53
-15
-20
-10
-8
-42
-58
-57
-130
-157
-152
-122
-116
-150
-187
-190
-225
-188
-188
-180
-167
-169
-149
-163
-106
-106
-55
-29
25
7
46
114
110
98
108
99
115
108
133
129
53
55
81
38
28
-28
-34
-11
-35
-56
-77
-72
-80
-117
-130
-125
-110
-106
-183
-173
-137
-155
-150
-137
-162
-187
-196
-176
-115
-116
-130
-140
-207
-142
-128
-99
-57
-26
-73
-63
-1
-15
8
-37
-40
-60
-15
19
9
-2
12
-21
-53
-22
-66
-83
-92
-98
-78
-31
-11
-36
-18
7
-24
2
-9
-68
-71
-86
-50
-88
-74
-58
-59
-39
-15
32
33
52
54
105
91
44
62
58
58
41
38
65
65
82
72
118
93
87
67
55
102
89
117
87
47
110
76
30
39
-1
-4
-19
11
16
-17
-18
-30
-25
-73
-93
-47
-72
-69
-78
-59
-59
-41
-31
-80
-83
-63
-58
-107
-90
-85
-67
-83
-31
-10
27
42
45
60
26
56
89
91
78
79
107
126
78
97
53
-27
-38
-19
-49
-71
-64
-12
11
-20
-72
-71
-60
-46
-64
-92
-34
-55
-49
-28
-36
-21
-84
-17
-12
-16
-13
-35
-15
-54
-47
-38
-1
-22
-14
-21
-33
0
7
-12
-24
16
79
105
78
81
55
20
17
-1
-23
-43
-27
8
30
60
47
-9
-13
-33
-30
-79
-73
-106
-133
-106
-101
-79
-101
-101
-114
-99
-104
-105
-84
-104
-69
-52
-17
-40
-65
-51
-71
-20
8
10
20
51
79
90
95
94
88
88
86
151
109
100
52
56
56
-16
-38
-105
-142
-152
-108
-82
-115
-137
-152
-132
-193
-140
-145
-179
-158
-150
-83
-148
-186
-174
-159
-158
-127
-151
-129
-122
-117
-67
-64
-65
-64
-69
-88
-74
-81
13
35
-9
3
-19
14
9
39
33
42
82
13
-13
-31
-21
-39
-52
-43
-45
-46
-82
-56
-52
-32
-14
-38
-42
-45
-62
-66
-43
-77
-38
-9
-32
9
-11
-41
-106
-80
-62
-56
-69
-79
-14
-50
-24
7
-5
46
38
56
64
6
24
35
31
21
34
23
67
103
61
82
29
10
19
22
-4
-6
34
6
-36
-82
-78
-65
-116
-103
-104
-81
-80
-77
-12
-12
-56
-63
-73
-119
-86
-145
-78
-88
-81
-66
-85
-84
-69
-43
-59
-61
-46
-22
-13
22
17
65
66
20
35
38
28
-9
-9
8
-23
13
14
-11
-33
-69
-73
-54
-67
-65
1
-9
-33
-79
-47
-17
-50
-136
-93
-136
-139
-139
-193
-127
-143
-125
-159
-132
-133
-98
-80
-122
-108
-84
-65
-46
-48
-68
-57
-113
-101
-107
-101
-98
-80
-71
-76
-48
-60
-75
-75
-76
-79
-29
-21
18
14
-32
-57
-30
-51
-1
5
-34
-14
-31
-24
-42
-37
-21
8
-6
1
63
35
54
69
23
-5
-9
-3
-60
-109
-76
-105
-129
-74
-42
-40
-54
-88
-124
-139
-150
-112
-134
-111
-112
-132
-138
-120
-114
-84
-61
-25
5
9
10
19
-12
4
-20
-44
-31
-4
17
-11
-15
-27
-5
9
-32
11
25
14
0
35
29
87
99
26
47
-40
-42
-101
-100
-75
-104
-72
-91
-77
-87
-103
-130
-110
-88
-97
-109
-83
-59
-109
-97
-108
-73
-43
-74
-27
3
-30
47
88
79
53
27
28
39
60
62
60
76
56
69
64
48
46
21
-41
-49
-22
-35
-17
-20
-56
-54
-64
-29
14
-16
-30
-85
-27
-65
-118
-77
-120
-115
-52
-44
-35
-27
35
42
38
45
-1
34
31
51
19
24
15
18
29
20
12
-58
-67
-65
-104
-73
-27
-100
-106
-49
-15
-51
-98
-134
-128
-139
-132
-113
-157
-123
-112
-60
-51
-34
-8
25
42
33
39
124
163
150
154
107
92
74
98
111
75
72
104
110
121
134
87
75
114
117
103
120
93
87
82
34
7
-65
-61
-30
-56
-36
-34
-29
-38
-11
-33
-29
-41
-19
-17
-63
-64
-54
30
-69
-35
-35
-36
-33
-37
-35
-39
11
-11
73
63
76
91
90
107
52
40
66
70
-40
-88
-44
-77
-68
-23
-38
-34
-18
-6
27
29
54
23
52
67
46
112
40
10
45
25
27
-32
-16
-26
12
14
28
78
110
75
77
124
112
121
118
122
74
89
75
131
56
72
58
11
34
82
93
32
66
84
70
49
71
46
69
17
-8
-21
-36
-15
-55
-57
-36
-6
-22
-2
1
27
73
71
79
47
62
49
24
6
11
7
32
54
45
52
75
35
34
37
58
37
33
77
26
84
66
81
86
74
46
78
20
-4
19
-42
27
24
69
66
76
103
97
71
38
124
90
66
52
30
69
77
91
77
85
104
130
183
145
128
111
77
63
69
44
57
78
90
97
113
100
21
25
35
84
45
70
52
74
127
131
123
125
90
84
121
60
93
118
32
12
28
14
37
30
78
109
79
70
58
69
47
53
28
-10
-41
-57
-52
-36
-78
-48
8
-24
-59
-51
-59
-53
-92
-108
-47
-53
-83
-65
3
-12
11
8
0
34
39
35
0
19
-32
0
-2
17
7
10
6
-40
-9
49
52
50
40
23
64
16
4
-25
-38
21
82
83
132
135
175
166
116
130
125
101
157
145
120
150
122
144
131
93
63
86
37
43
-13
-15
-24
-116
-120
-121
-140
-181
-153
-122
-138
-120
-53
-50
-74
-121
-129
-148
-130
-124
-148
-99
-64
-69
-60
-87
-85
-104
-47
-31
27
46
72
131
95
131
123
91
89
60
21
-4
-5
-48
-24
-18
-71
-4
-20
-48
-33
-24
-9
-65
-55
-88
-73
-120
-141
-96
-133
-150
-141
-124
-119
-75
-48
13
-10
14
-7
-18
37
25
54
-16
5
14
30
25
26
66
34
33
62
84
54
97
114
97
146
159
94
97
103
74
25
-8
-16
-10
-20
0
-7
-10
-46
-72
-113
-82
-30
-102
-69
-76
-48
0
-47
-32
-10
-2
46
25
17
-4
-23
-51
-48
-11
-13
0
8
57
92
169
186
191
217
201
218
246
236
235
210
207
221
188
159
220
212
231
231
196
166
177
162
189
167
141
146
120
129
148
161
120
135
102
54
60
40
23
21
19
54
57
47
61
61
79
40
-27
29
15
-20
-49
-117
-97
-97
-19
51
95
92
104
113
124
185
201
220
217
275
254
312
281
284
268
246
208
181
189
177
177
179
215
213
219
189
149
94
88
33
4
12
40
16
-25
-42
-48
-19
7
34
19
44
60
53
55
78
109
149
178
139
188
227
188
196
180
187
144
136
170
159
182
171
206
203
182
249
238
225
223
185
180
168
155
169
198
180
158
160
201
245
220
276
291
264
244
277
264
260
276
287
277
256
274
282
255
275
252
263
203
239
271
262
276
232
247
245
251
198
220
224
176
116
134
122
126
109
82
73
85
79
50
43
70
94
79
130
128
180
179
146
152
161
165
143
85
77
93
115
154
126
134
140
121
130
130
102
96
37
51
44
47
50
53
69
83
112
74
110
92
85
81
43
48
95
109
121
95
99
116
110
150
154
162
119
204
262
285
293
327
354
395
382
324
331
322
255
226
222
197
154
117
72
86
89
127
101
101
82
104
117
102
98
100
127
139
117
163
168
140
208
203
202
192
215
215
213
209
225
246
267
287
313
333
347
322
343
366
333
348
313
267
191
142
78
90
114
115
136
140
181
199
211
215
191
173
213
174
155
139
98
108
90
73
110
104
107
105
49
103
35
34
48
39
49
4
45
67
98
59
82
108
121
152
150
173
153
159
150
124
150
145
113
139
149
133
93
137
158
195
185
175
222
209
198
163
141
135
103
77
72
27
54
51
68
83
39
42
34
37
33
33
27
51
59
57
68
5
11
38
44
54
55
58
108
132
129
138
160
182
216
211
243
241
209
243
273
281
252
257
240
241
268
265
254
311
290
287
261
172
135
100
129
79
107
102
58
53
32
17
0
0
-6
-29
-24
-45
-55
-23
27
-17
-80
-14
-16
-52
31
56
35
61
43
94
107
116
113
81
66
75
73
50
51
9
28
63
54
58
94
61
54
37
21
36
17
17
31
12
29
36
34
54
11
74
45
25
67
104
129
122
180
149
177
154
167
181
154
155
104
90
120
65
70
61
76
102
71
77
114
125
100
83
109
48
71
74
106
99
100
138
103
108
64
45
2
21
34
63
45
40
60
64
87
54
43
110
113
125
138
103
75
91
58
91
92
72
15
7
54
23
21
27
57
