SAMPLES:	15858
BITSPERSAMPLE:	16
CHANNELS:	1
SAMPLERATE:	16000
NORMALIZED:	FALSE
381
373
360
337
347
346
315
314
335
338
307
273
235
221
168
210
216
176
206
252
259
192
186
207
225
218
227
252
264
269
251
221
229
246
255
275
245
227
239
240
270
241
248
244
221
300
242
222
262
238
221
196
214
223
193
199
197
169
190
212
175
151
192
194
195
158
177
161
155
169
136
110
91
105
95
116
160
244
239
281
307
239
226
167
206
199
208
174
127
62
77
40
29
32
76
87
120
143
155
161
175
189
143
154
154
114
47
8
0
20
-28
-22
-36
-12
-4
-12
24
29
54
85
83
112
129
171
200
165
184
144
170
160
178
144
156
139
100
100
132
140
153
214
245
252
246
252
221
243
220
186
207
183
137
95
76
30
-42
-79
-69
-113
-92
-79
-119
-109
-53
-59
-19
-34
-36
-25
-37
-26
-85
-51
-22
-87
-32
4
-21
7
5
44
25
33
110
98
65
16
-19
-32
4
33
-6
-28
-49
-57
-26
5
29
66
23
31
80
49
104
123
89
98
74
100
86
26
91
118
73
43
32
24
43
22
-18
-13
24
11
4
-10
27
32
-3
-1
-6
-20
-27
-16
-45
-13
-14
-36
-54
7
38
42
93
76
58
59
104
32
52
86
57
40
23
70
63
15
43
37
-38
-34
4
-47
-54
-26
7
-7
-65
-62
-83
-106
-86
-58
-69
-79
-43
-3
11
82
85
96
128
102
102
76
63
116
101
133
129
142
120
159
217
196
227
187
190
183
176
152
130
102
70
88
100
95
115
119
121
49
23
58
73
69
93
113
67
106
133
193
164
139
107
53
56
76
35
49
59
66
37
26
43
72
100
71
98
64
120
133
165
200
211
198
193
201
165
182
177
185
154
106
142
125
139
178
196
194
167
187
226
284
291
294
317
261
289
278
311
312
273
333
345
346
318
317
321
346
348
362
400
467
417
441
478
467
455
445
466
508
480
490
489
463
469
429
436
387
424
404
372
392
437
406
395
410
399
358
368
379
314
301
302
343
297
287
373
385
404
443
437
425
434
464
520
453
483
517
509
552
515
507
520
525
493
498
493
483
492
500
494
519
503
524
560
503
509
560
548
550
525
541
558
495
506
517
488
491
480
503
539
559
529
484
487
477
482
479
470
482
498
469
466
472
474
507
523
538
506
502
547
570
591
640
651
614
605
608
585
528
504
518
519
511
508
555
579
607
588
575
534
553
535
505
518
468
481
464
496
520
501
468
482
488
466
528
499
521
567
554
564
603
601
600
627
660
601
595
602
593
652
676
643
675
693
714
765
708
729
714
706
709
718
758
730
780
832
861
886
880
835
851
875
893
846
831
877
863
842
855
860
852
789
816
806
782
828
855
876
802
830
786
801
807
802
790
801
840
811
835
800
777
849
863
882
883
912
960
983
1022
1077
1101
1117
1068
1071
1130
1105
1085
1066
1045
1021
1085
1088
1113
1138
1151
1087
1089
1100
1141
1114
1134
1110
1097
1130
1108
1119
1107
1098
1061
1029
1005
1012
1020
1081
1112
1145
1148
1128
1167
1193
1230
1235
1227
1256
1242
1217
1217
1189
1149
1144
1143
1123
1094
1075
1067
1047
1067
1044
1028
1021
987
1011
966
929
913
948
936
881
895
887
899
872
868
836
821
827
825
874
850
828
867
863
839
841
881
864
820
846
861
864
842
837
804
797
787
755
781
797
821
815
824
824
803
804
771
781
772
759
791
795
814
815
801
839
831
790
777
782
753
708
749
757
766
749
754
776
797
766
774
775
749
707
651
627
551
532
524
486
448
419
450
392
348
360
326
338
351
300
316
291
301
272
218
278
256
257
222
226
228
215
271
298
294
281
293
330
297
340
359
293
301
311
349
336
370
351
313
272
243
309
338
321
282
292
266
243
224
218
234
201
164
141
156
91
86
45
61
32
25
41
60
79
47
73
119
97
71
104
57
49
36
58
63
83
56
72
72
71
107
109
130
138
160
182
146
143
178
180
178
151
154
141
69
79
93
68
42
51
72
8
34
22
-1
22
-5
-37
-63
-131
-120
-156
-191
-198
-242
-235
-242
-256
-284
-261
-262
-289
-305
-267
-270
-309
-254
-260
-242
-201
-237
-258
-221
-175
-141
-135
-171
-164
-203
-221
-191
-121
-113
-60
-94
-73
-37
-9
12
-22
-52
-142
-149
-199
-198
-156
-232
-238
-279
-307
-330
-362
-337
-342
-331
-332
-370
-365
-409
-401
-391
-409
-353
-354
-326
-292
-263
-293
-298
-344
-326
-321
-357
-355
-332
-276
-280
-228
-209
-194
-178
-195
-156
-182
-218
-229
-269
-269
-329
-359
-353
-344
-325
-324
-326
-313
-325
-355
-374
-357
-330
-396
-378
-391
-419
-428
-433
-414
-420
-371
-392
-405
-428
-443
-465
-442
-444
-458
-409
-392
-410
-386
-353
-397
-417
-431
-381
-341
-313
-284
-245
-250
-221
-184
-186
-153
-178
-192
-190
-181
-181
-138
-137
-148
-150
-168
-190
-250
-302
-257
-217
-293
-290
-318
-367
-364
-364
-360
-423
-392
-408
-404
-383
-415
-407
-448
-497
-498
-510
-452
-473
-464
-458
-471
-419
-410
-387
-411
-378
-410
-397
-390
-442
-390
-398
-359
-369
-396
-400
-329
-355
-387
-353
-362
-346
-354
-318
-315
-248
-247
-250
-293
-272
-262
-217
-218
-251
-240
-319
-318
-377
-381
-412
-441
-402
-389
-382
-351
-376
-425
-377
-373
-343
-366
-386
-384
-362
-426
-440
-462
-456
-403
-407
-390
-381
-353
-331
-294
-315
-289
-297
-284
-322
-340
-324
-338
-355
-338
-349
-378
-357
-352
-371
-387
-366
-313
-253
-251
-252
-217
-258
-271
-317
-375
-376
-373
-430
-484
-457
-450
-499
-547
-508
-504
-531
-522
-517
-491
-474
-469
-436
-409
-355
-328
-336
-327
-333
-405
-440
-458
-453
-449
-461
-432
-431
-379
-321
-322
-340
-351
-399
-410
-408
-455
-482
-490
-453
-488
-520
-542
-491
-541
-537
-525
-508
-492
-548
-555
-553
-536
-509
-494
-510
-471
-432
-426
-410
-373
-425
-415
-360
-332
-351
-318
-337
-360
-360
-371
-385
-402
-407
-390
-407
-396
-374
-369
-385
-360
-343
-415
-422
-411
-389
-460
-515
-511
-586
-568
-588
-572
-585
-555
-578
-602
-551
-585
-599
-620
-612
-625
-654
-664
-620
-598
-538
-516
-549
-544
-557
-537
-537
-542
-536
-481
-536
-550
-558
-588
-561
-576
-550
-579
-638
-596
-553
-542
-520
-508
-514
-506
-451
-476
-435
-427
-401
-422
-436
-425
-449
-442
-485
-455
-458
-508
-479
-474
-470
-520
-485
-477
-494
-487
-536
-494
-523
-487
-505
-547
-584
-594
-590
-586
-613
-622
-578
-616
-605
-578
-576
-561
-564
-584
-559
-558
-594
-584
-583
-550
-521
-572
-516
-578
-576
-512
-562
-554
-547
-515
-511
-478
-475
-462
-486
-465
-456
-510
-538
-569
-567
-589
-558
-511
-501
-519
-429
-389
-402
-441
-427
-420
-428
-416
-417
-376
-440
-414
-460
-498
-523
-534
-514
-534
-502
-488
-478
-485
-446
-473
-501
-527
-515
-448
-452
-488
-480
-483
-477
-504
-515
-517
-456
-422
-396
-384
-346
-378
-388
-338
-367
-363
-402
-385
-412
-396
-409
-485
-468
-516
-514
-523
-537
-562
-558
-538
-517
-520
-497
-468
-503
-488
-517
-497
-469
-480
-483
-485
-502
-501
-479
-431
-380
-389
-405
-389
-354
-362
-348
-308
-279
-358
-353
-333
-351
-352
-370
-381
-415
-432
-371
-436
-475
-457
-461
-493
-529
-497
-531
-557
-526
-494
-502
-523
-483
-534
-559
-496
-515
-496
-484
-478
-411
-398
-413
-415
-386
-350
-356
-361
-310
-303
-313
-343
-337
-344
-348
-340
-373
-413
-349
-333
-368
-335
-281
-250
-309
-311
-279
-294
-283
-245
-239
-265
-277
-300
-252
-280
-298
-298
-298
-335
-308
-232
-296
-328
-328
-256
-285
-241
-235
-254
-259
-249
-243
-297
-305
-272
-293
-313
-301
-300
-266
-274
-221
-241
-276
-281
-286
-297
-301
-300
-287
-256
-235
-216
-217
-223
-197
-140
-174
-163
-166
-188
-170
-187
-210
-202
-123
-183
-149
-150
-129
-100
-107
-116
-179
-182
-218
-199
-242
-269
-311
-338
-318
-319
-330
-378
-301
-342
-306
-298
-254
-223
-213
-158
-152
-149
-101
-103
-130
-83
-50
-52
-69
-72
-70
-130
-137
-32
-79
-73
-69
-19
-4
-31
30
7
-33
-31
3
-30
-58
-71
-45
-27
30
64
74
115
140
165
106
78
123
112
118
81
54
70
30
12
14
-12
-64
-64
-63
-34
-59
-111
-129
-126
-164
-117
-106
-134
-80
-106
-102
-103
-73
-76
-90
-122
-103
-82
-114
-126
-56
-125
-105
-54
-40
-28
-14
33
26
41
-16
-8
-78
-108
-108
-163
-161
-184
-161
-129
-167
-223
-211
-185
-198
-166
-129
-107
-78
-96
-104
-169
-194
-183
-203
-261
-242
-217
-193
-231
-276
-254
-260
-215
-242
-199
-129
-119
-107
-57
-35
-3
79
67
72
33
22
33
-8
-47
-4
42
28
51
72
55
102
129
155
100
53
58
41
0
-93
-99
-130
-117
-147
-165
-166
-188
-249
-265
-214
-163
-150
-162
-186
-253
-248
-310
-342
-344
-285
-236
-244
-250
-236
-188
-162
-119
-51
-49
22
-4
18
33
14
-12
-48
-85
-70
-49
-65
-42
-57
-33
-66
-35
-31
7
-5
-13
-9
-21
-22
-38
-104
-65
-56
-86
-108
-142
-176
-190
-192
-237
-208
-211
-196
-208
-199
-196
-173
-168
-186
-208
-218
-194
-172
-189
-181
-149
-127
-119
-127
-100
-116
-121
-85
-48
-76
-70
-103
-82
-118
-105
-79
-59
-22
-40
0
-27
-34
-47
-3
-62
-45
-62
-70
-79
-116
-79
-108
-108
-104
-87
-88
-83
-38
-56
-89
-84
-93
-49
-36
-77
-121
-128
-156
-212
-221
-206
-198
-206
-249
-180
-184
-235
-212
-227
-233
-237
-172
-172
-145
-129
-141
-90
-68
-58
-33
-27
-7
31
-10
-7
4
1
44
71
59
137
183
151
84
29
29
17
-36
-82
-131
-209
-217
-232
-239
-226
-272
-262
-253
-248
-296
-263
-295
-295
-278
-295
-338
-336
-306
-303
-285
-235
-200
-223
-149
-109
-67
-68
-47
10
51
86
111
118
101
93
34
-35
-47
-101
-118
-109
-174
-142
-140
-140
-138
-104
-55
-60
-102
-105
-128
-162
-179
-200
-148
-185
-207
-204
-199
-234
-238
-218
-198
-163
-141
-90
-24
-12
-22
-30
-27
27
49
73
36
41
-6
-36
6
-28
-6
-79
-121
-84
-76
-61
-127
-134
-117
-131
-119
-100
-108
-89
-77
-56
-26
-74
-53
-72
-46
-71
-59
-115
-170
-191
-225
-239
-296
-207
-237
-235
-238
-262
-314
-348
-354
-333
-313
-316
-328
-349
-326
-349
-330
-320
-293
-346
-301
-282
-302
-318
-259
-284
-320
-284
-272
-233
-207
-162
-154
-165
-141
-115
-133
-136
-169
-174
-159
-177
-146
-105
-118
-124
-115
-123
-135
-175
-208
-236
-276
-263
-281
-342
-339
-365
-404
-396
-380
-366
-381
-383
-371
-388
-421
-402
-392
-418
-419
-357
-371
-363
-417
-434
-487
-469
-390
-394
-400
-418
-399
-402
-337
-315
-335
-273
-244
-257
-269
-252
-270
-319
-348
-405
-418
-464
-515
-509
-534
-549
-564
-542
-546
-497
-460
-435
-451
-433
-453
-506
-461
-479
-473
-488
-484
-470
-490
-499
-485
-446
-418
-410
-344
-331
-315
-323
-307
-265
-251
-255
-275
-294
-283
-311
-330
-280
-321
-339
-322
-331
-309
-329
-372
-409
-473
-420
-441
-453
-447
-503
-472
-491
-529
-540
-518
-519
-510
-563
-507
-500
-472
-419
-433
-398
-401
-378
-396
-376
-407
-324
-341
-404
-440
-432
-435
-479
-457
-442
-423
-436
-417
-397
-413
-421
-424
-422
-435
-519
-520
-566
-584
-553
-554
-511
-538
-564
-550
-486
-479
-435
-450
-452
-442
-456
-466
-452
-443
-459
-488
-470
-460
-515
-484
-525
-542
-551
-525
-584
-568
-523
-534
-537
-538
-556
-553
-530
-545
-507
-496
-524
-513
-523
-483
-504
-480
-444
-434
-428
-463
-442
-443
-426
-481
-479
-423
-442
-448
-425
-385
-408
-405
-412
-464
-475
-444
-483
-467
-467
-490
-514
-516
-552
-607
-615
-637
-630
-640
-618
-599
-585
-598
-610
-583
-605
-558
-553
-579
-543
-579
-561
-570
-550
-582
-534
-591
-588
-515
-549
-455
-469
-441
-405
-397
-414
-394
-396
-428
-413
-456
-480
-482
-482
-467
-437
-424
-417
-408
-450
-432
-440
-421
-378
-374
-420
-381
-338
-289
-305
-289
-286
-322
-336
-333
-289
-264
-273
-272
-283
-293
-285
-298
-325
-336
-378
-400
-394
-359
-369
-366
-358
-414
-450
-418
-387
-394
-367
-367
-345
-351
-417
-405
-430
-496
-455
-447
-456
-445
-406
-387
-424
-440
-384
-401
-374
-340
-339
-371
-356
-354
-365
-295
-323
-260
-260
-267
-240
-224
-257
-305
-284
-264
-256
-239
-187
-187
-163
-161
-184
-183
-224
-288
-225
-221
-232
-208
-247
-230
-191
-206
-177
-192
-206
-263
-250
-205
-234
-247
-279
-232
-241
-299
-279
-279
-317
-284
-292
-253
-257
-310
-260
-250
-226
-174
-194
-216
-237
-263
-235
-237
-247
-209
-213
-178
-200
-218
-198
-166
-135
-119
-78
-60
-79
-86
-64
-21
-33
-72
-54
-63
-78
-118
-82
-58
-41
-16
-36
-2
-3
-16
-47
-109
-139
-132
-141
-159
-166
-146
-156
-113
-109
-116
-54
-85
-115
-99
-104
-159
-83
-115
-173
-123
-84
-93
-86
-42
-66
-19
-5
-14
12
26
73
46
65
100
56
99
97
64
76
97
114
87
49
85
31
-6
26
24
4
19
64
53
7
10
-74
-59
-60
-97
-56
-110
-62
-46
-58
-59
-66
-5
-15
-16
35
15
49
83
98
124
95
136
154
170
148
130
126
74
68
60
97
115
149
186
178
186
190
214
180
162
133
147
169
162
160
93
59
60
39
24
29
-3
-24
-64
-51
-42
-71
-37
2
-15
1
25
-5
-8
12
6
1
39
73
132
140
114
166
215
196
248
285
298
363
342
363
380
333
313
308
306
284
257
210
205
194
226
248
241
256
219
211
207
210
169
160
190
214
218
142
83
79
91
98
109
130
126
114
122
145
128
108
164
205
212
208
228
241
222
250
223
202
257
220
236
214
221
278
270
278
264
260
259
281
270
210
227
247
260
283
286
292
276
259
265
300
311
302
308
299
290
258
276
262
292
269
213
200
275
197
156
135
162
146
125
204
138
139
145
129
134
73
28
39
-2
33
50
51
68
109
153
138
129
92
123
132
72
125
165
204
218
240
282
291
325
348
310
290
321
354
365
345
359
417
403
375
393
373
319
258
206
192
224
210
179
193
149
137
142
96
83
79
69
70
93
102
95
157
151
140
179
229
242
221
260
249
246
210
222
253
279
284
283
320
281
270
275
317
358
389
420
399
425
455
447
457
407
365
353
326
337
306
263
254
252
224
177
150
185
180
151
115
160
126
109
138
164
177
94
135
144
92
97
100
118
170
174
139
163
166
214
206
248
216
196
228
270
285
297
388
426
400
391
442
428
453
385
349
358
338
349
317
332
344
329
303
283
228
236
234
234
249
230
261
251
284
273
230
199
222
233
193
192
232
239
229
213
215
198
218
251
251
241
218
258
232
247
280
280
226
268
347
345
310
296
240
248
285
273
267
244
319
292
295
306
259
265
222
192
148
179
186
189
185
168
180
153
166
221
217
215
180
169
146
140
186
176
204
184
200
202
217
196
203
227
281
390
408
370
401
406
384
414
422
470
423
387
329
276
222
221
220
213
233
205
253
293
299
298
358
413
421
427
420
396
410
388
370
423
418
431
411
368
314
306
312
293
298
319
364
327
369
373
347
369
348
292
256
244
233
263
213
236
277
285
294
282
332
354
379
427
472
468
446
477
477
437
451
445
426
395
378
353
301
352
359
370
398
436
429
435
406
385
430
423
414
396
352
343
324
280
242
278
261
280
275
284
293
276
303
370
422
391
412
405
411
414
391
392
334
333
335
332
320
336
358
294
353
311
316
304
278
314
310
339
354
333
287
271
284
332
323
302
340
324
375
412
421
444
486
522
533
555
561
536
553
535
553
565
462
467
447
375
332
318
341
344
371
384
448
424
394
389
354
352
322
333
315
299
297
304
313
307
327
323
256
227
254
319
324
263
255
255
250
272
279
343
257
245
275
267
298
271
294
297
314
291
279
255
221
214
248
249
256
223
198
207
202
246
251
232
240
298
306
307
298
309
308
279
298
353
402
392
425
473
491
495
450
448
454
401
374
338
314
320
325
317
318
348
344
334
305
266
269
268
247
262
285
292
238
229
234
244
164
142
234
218
237
300
296
279
293
335
341
317
312
294
314
277
273
286
261
231
199
220
213
220
234
279
290
283
281
281
313
350
341
359
336
363
315
309
291
272
295
232
257
299
329
335
394
407
349
355
349
296
228
210
183
153
215
198
170
161
159
154
107
103
126
180
142
170
206
220
271
283
271
291
334
343
342
337
342
346
326
312
300
306
365
333
320
394
331
280
238
206
189
176
152
129
49
12
-5
-43
-46
-68
-36
-13
-8
33
6
63
22
19
-22
-48
-91
-89
-9
-54
-4
-19
14
23
23
20
-11
3
48
84
97
109
57
7
-3
-64
-91
-116
-115
-148
-168
-172
-182
-146
-166
-125
-123
-156
-181
-158
-181
-190
-143
-165
-135
-166
-127
-128
-121
-86
-128
-128
-152
-130
-145
-205
-220
-220
-235
-255
-265
-230
-265
-273
-217
-241
-209
-273
-258
-297
-350
-337
-373
-384
-377
-383
-421
-407
-458
-494
-537
-530
-538
-568
-509
-491
-506
-464
-426
-430
-416
-413
-403
-396
-405
-375
-391
-400
-375
-333
-333
-284
-266
-277
-247
-320
-300
-298
-319
-305
-271
-248
-217
-196
-196
-174
-192
-154
-178
-205
-211
-173
-147
-187
-104
-125
-152
-119
-140
-155
-131
-171
-172
-151
-177
-115
-142
-198
-204
-176
-196
-226
-214
-220
-290
-305
-260
-255
-268
-281
-285
-281
-254
-214
-248
-231
-230
-279
-287
-305
-305
-300
-273
-275
-263
-270
-256
-233
-232
-245
-203
-132
-155
-180
-229
-233
-181
-137
-149
-132
-137
-123
-93
-91
-78
-67
-45
-11
-2
-40
9
-10
-16
31
39
24
-16
-63
-77
-97
-130
-105
-95
-64
-37
-53
-22
-1
-8
-8
-22
16
-42
-27
-26
-12
-25
-46
19
-4
22
28
69
17
-14
10
23
-11
13
12
-21
-13
15
63
71
51
51
103
91
124
107
63
53
105
126
146
118
142
185
125
138
135
118
82
57
87
86
49
29
8
36
25
13
34
31
10
-1
-4
31
38
57
82
48
52
92
41
135
94
117
146
90
170
151
187
239
249
239
245
273
323
305
310
331
274
255
242
262
203
186
229
267
235
219
203
166
151
168
208
196
204
170
160
213
206
209
241
209
219
253
187
257
235
169
173
166
112
92
111
70
83
78
96
100
70
54
97
129
123
129
151
118
112
101
110
62
117
97
49
43
39
97
122
105
135
171
97
125
161
162
190
184
216
237
198
263
224
246
254
213
268
239
230
254
275
273
262
283
265
222
232
240
234
195
237
251
227
207
202
181
162
125
147
163
159
178
170
167
177
152
151
160
169
190
137
122
103
169
133
133
119
135
161
164
192
171
196
181
169
147
182
165
130
159
136
102
105
137
129
154
182
133
156
236
248
296
245
256
281
286
289
235
247
283
244
179
230
238
260
249
234
271
273
265
246
240
248
242
244
248
170
119
118
49
18
37
35
2
-5
55
84
103
118
140
140
141
127
138
151
180
192
190
238
239
209
273
251
287
311
292
306
286
328
312
305
296
321
285
311
277
232
242
202
213
191
193
238
237
203
206
220
174
115
139
93
142
123
152
180
146
175
148
181
225
203
168
182
234
216
213
279
230
243
234
215
252
288
275
260
338
370
348
332
332
315
309
349
380
383
379
427
427
424
430
464
475
361
344
344
344
332
330
331
324
307
304
292
328
326
289
331
308
332
308
313
288
274
277
236
266
268
347
341
333
330
359
368
349
345
370
370
336
355
357
372
436
460
453
445
422
462
504
520
498
553
500
488
475
487
442
384
396
374
333
305
320
332
335
330
372
333
369
353
291
331
323
311
331
331
328
348
307
289
309
327
372
369
360
365
366
394
389
406
412
412
430
443
411
446
460
445
428
351
305
309
310
294
328
308
288
251
277
265
264
262
235
268
294
246
253
240
151
135
154
124
75
103
73
49
50
96
87
89
120
105
161
165
195
188
141
155
175
189
245
260
263
275
246
231
253
233
231
221
209
205
216
203
194
240
245
245
303
284
295
311
267
263
238
273
256
192
185
184
172
145
126
115
88
89
117
99
116
127
150
128
160
160
121
153
146
122
166
180
149
179
216
213
186
206
197
230
240
214
216
215
263
264
252
254
268
235
190
212
188
140
168
179
132
82
108
84
97
41
28
55
72
55
66
72
106
154
129
192
201
230
272
292
290
272
241
259
257
222
268
275
304
294
332
309
306
375
303
318
324
327
327
278
258
264
282
323
294
295
292
303
303
304
280
317
371
334
342
290
311
313
333
303
281
273
240
291
314
293
291
266
278
294
216
215
147
196
215
206
257
251
239
250
285
248
210
181
216
210
213
226
244
229
237
293
330
341
327
285
297
290
237
285
277
259
251
262
266
333
311
269
287
264
279
224
256
274
230
226
230
226
172
137
162
101
104
82
76
61
41
44
75
104
138
132
124
189
175
211
226
247
236
279
317
314
324
297
295
237
269
286
270
302
285
318
288
247
321
284
260
307
304
276
236
172
178
181
188
215
144
166
205
176
114
90
81
88
85
81
112
123
106
96
103
100
108
105
43
49
63
61
96
103
140
176
147
190
153
124
149
130
179
211
189
205
244
255
270
271
261
284
291
325
328
311
287
262
292
292
284
300
273
269
284
299
330
271
216
186
173
212
188
181
199
207
228
249
266
195
198
223
211
199
161
203
192
154
158
132
133
130
158
187
156
141
99
101
106
112
108
81
64
57
62
70
78
64
96
94
120
110
105
99
85
63
67
50
71
100
135
155
98
135
140
120
128
99
101
135
126
130
90
58
81
79
79
56
38
58
64
92
125
123
135
130
71
73
52
54
39
42
52
21
103
102
116
136
167
130
129
153
133
126
74
103
109
150
149
106
19
12
40
53
69
99
112
59
26
40
39
24
36
16
28
19
-70
-84
-128
-148
-114
-106
-72
-49
-51
-55
-53
-47
-63
-75
-40
-54
-94
-93
-85
-103
-97
-133
-99
-122
-76
-120
-109
-88
-98
-79
-141
-80
-42
-50
-85
-52
-2
-28
1
50
30
-54
-67
-108
-96
-91
-77
-3
-16
10
1
-22
-16
-50
-108
-134
-137
-154
-226
-219
-213
-246
-175
-158
-193
-189
-174
-202
-234
-266
-202
-162
-113
-84
-90
-84
-145
-164
-138
-156
-181
-196
-209
-204
-181
-212
-184
-232
-239
-206
-251
-206
-225
-286
-257
-282
-299
-280
-375
-433
-343
-349
-330
-296
-271
-217
-241
-213
-192
-170
-169
-129
-136
-136
-132
-93
-59
-51
-32
-33
-20
3
12
-9
37
1
36
-8
-36
-54
-90
-110
-215
-157
-169
-144
-213
-264
-188
-242
-240
-250
-267
-308
-301
-288
-318
-329
-287
-276
-248
-248
-257
-269
-293
-261
-306
-255
-279
-223
-207
-201
-191
-209
-183
-237
-278
-350
-371
-380
-399
-371
-338
-357
-375
-349
-352
-357
-364
-368
-384
-381
-377
-410
-381
-384
-409
-435
-445
-463
-460
-450
-452
-486
-441
-432
-398
-405
-365
-331
-368
-347
-364
-378
-404
-385
-370
-391
-392
-428
-406
-428
-423
-397
-392
-386
-426
-423
-428
-426
-457
-462
-480
-441
-445
-449
-469
-482
-486
-523
-524
-525
-489
-480
-467
-437
-391
-346
-352
-286
-269
-285
-260
-295
-289
-295
-284
-368
-386
-350
-400
-367
-396
-398
-403
-415
-410
-380
-394
-391
-460
-472
-505
-541
-552
-579
-604
-683
-655
-664
-650
-645
-578
-588
-573
-527
-549
-527
-524
-512
-506
-462
-502
-560
-536
-512
-530
-554
-587
-589
-596
-608
-565
-582
-549
-521
-508
-492
-488
-445
-465
-501
-508
-507
-560
-601
-626
-640
-655
-623
-601
-592
-573
-542
-502
-507
-500
-496
-516
-456
-466
-392
-394
-382
-327
-377
-387
-347
-391
-407
-395
-372
-387
-383
-364
-390
-387
-380
-403
-409
-427
-449
-451
-508
-507
-530
-485
-484
-464
-431
-416
-394
-402
-389
-397
-432
-448
-416
-473
-486
-502
-506
-459
-420
-394
-439
-511
-461
-456
-471
-397
-385
-354
-307
-305
-251
-246
-272
-277
-362
-363
-316
-362
-318
-274
-284
-275
-248
-229
-242
-241
-275
-298
-331
-308
-303
-309
-369
-363
-365
-409
-456
-460
-473
-502
-481
-505
-535
-519
-520
-544
-531
-492
-435
-461
-383
-371
-375
-389
-353
-380
-392
-417
-400
-319
-350
-318
-326
-324
-354
-343
-297
-316
-325
-325
-333
-303
-328
-371
-399
-402
-433
-426
-394
-371
-370
-370
-385
-357
-338
-370
-348
-403
-383
-394
-395
-400
-440
-471
-503
-544
-572
-545
-525
-484
-469
-454
-448
-465
-449
-446
-452
-448
-460
-470
-438
-460
-451
-429
-424
-433
-433
-474
-458
-411
-404
-364
-265
-218
-217
-191
-149
-126
-108
-138
-190
-207
-277
-296
-351
-340
-370
-363
-366
-369
-409
-411
-394
-353
-370
-456
-411
-339
-304
-300
-356
-354
-337
-395
-372
-369
-401
-438
-367
-334
-311
-259
-237
-208
-202
-198
-163
-160
-162
-203
-231
-183
-209
-250
-259
-258
-278
-287
-329
-356
-355
-393
-395
-387
-399
-383
-369
-403
-413
-463
-474
-495
-495
-452
-413
-414
-444
-387
-444
-411
-324
-332
-295
-255
-207
-249
-241
-251
-246
-218
-242
-286
-289
-310
-319
-311
-317
-281
-324
-344
-345
-333
-280
-271
-226
-256
-262
-233
-243
-214
-210
-243
-247
-260
-214
-206
-258
-228
-271
-252
-209
-208
-172
-206
-242
-220
-234
-190
-167
-193
-191
-225
-238
-216
-231
-265
-248
-263
-210
-200
-236
-237
-233
-219
-190
-178
-188
-190
-164
-128
-171
-162
-202
-164
-94
-71
-52
-72
-69
-72
-86
-51
-9
-26
-67
-15
-33
-93
-117
-124
-104
-77
-66
-73
-85
-55
-51
-88
-128
-129
-157
-211
-205
-223
-251
-266
-276
-292
-308
-312
-269
-282
-301
-288
-307
-282
-274
-275
-257
-256
-219
-184
-171
-149
-123
-155
-155
-145
-144
-148
-139
-154
-138
-134
-106
-89
-132
-103
-113
-127
-122
-142
-136
-116
-74
-72
-62
-14
-67
-101
-159
-197
-206
-246
-215
-276
-248
-257
-261
-279
-325
-308
-244
-216
-227
-222
-192
-136
-91
-152
-137
-151
-174
-159
-142
-129
-103
-105
-77
5
-3
-6
49
79
80
79
84
111
108
124
162
129
190
210
145
144
124
136
140
126
113
113
99
145
152
160
156
147
109
124
61
2
-41
-191
-254
-332
-448
-477
-558
-595
-668
-718
-685
-727
-810
-858
-883
-830
-825
-829
-770
-758
-654
-591
-511
-402
-267
-164
-161
-58
17
152
325
379
415
492
503
495
492
546
719
695
649
627
650
681
703
665
649
616
542
574
572
576
581
541
529
548
542
481
474
461
476
489
417
365
240
219
144
108
44
-126
-376
-594
-725
-847
-991
-1291
-1581
-1871
-2083
-2145
-2270
-2421
-2586
-2643
-2640
-2465
-1626
-692
-735
-1597
-1675
-183
1370
1465
769
885
1782
2258
2105
2124
2507
2380
1693
1460
1893
1976
1008
-12
34
567
400
-434
-1145
-1312
-1269
-1259
-1114
-924
-1046
-1431
-1624
-1189
-514
-93
-44
-187
57
583
974
1107
1093
1233
1468
1588
1643
1648
1452
1098
957
1115
1217
994
398
-101
-165
-144
-179
-59
-68
-459
-823
-708
-304
-96
-268
-292
43
428
600
607
608
584
723
1176
1673
1746
1417
1086
950
1136
1299
1284
1024
507
110
0
-152
-379
-707
-1062
-1271
-1504
-1704
-1934
-2119
-2355
-2437
-2333
-2302
-2393
-2636
-2821
-2764
-2394
-1564
-818
-648
-956
-1032
-281
733
1323
1447
1660
2001
2233
2249
2399
2593
2481
2162
2003
2057
1842
1209
479
237
433
419
2
-566
-1146
-1418
-1364
-1121
-894
-886
-1024
-1232
-1078
-612
-142
167
299
551
822
1184
1484
1584
1617
1799
2145
2473
2456
2177
1905
1768
1872
2157
2433
2335
1542
750
638
1092
1335
909
387
42
-140
-258
-336
-474
-759
-1114
-1148
-1079
-1264
-1723
-2144
-2264
-2209
-2220
-2432
-2776
-3144
-3431
-3492
-3387
-3442
-3649
-3638
-2374
-623
-515
-2206
-3105
-938
2152
2820
1395
862
2074
3215
3142
3061
3937
4097
2966
2012
2532
3198
2083
212
-241
740
1038
-271
-1888
-2417
-2170
-1835
-1635
-1539
-1681
-2346
-3021
-2804
-1430
-89
29
-638
-758
94
1160
1564
1628
2027
2556
2772
2823
3036
3196
2827
2511
2987
3717
3551
2317
1380
1266
1438
1499
1573
1500
538
-738
-1171
-325
409
-40
-883
-1064
-786
-783
-781
-626
-604
-803
-720
-337
-245
-848
-1491
-1540
-1208
-1069
-1254
-1782
-2439
-2949
-3164
-3191
-3377
-3825
-4301
-4645
-4307
-2600
-1032
-1556
-3691
-4093
-1045
2261
2397
494
298
2146
3531
3526
3676
4463
4304
3113
2835
4017
4559
2919
906
912
2192
2198
432
-1436
-1994
-1626
-1325
-1314
-1560
-2174
-3175
-3773
-3034
-1451
-518
-951
-1935
-1793
-416
769
1122
1109
1503
2164
2525
2670
3209
3740
3388
2848
3185
4393
4687
3457
2090
1777
2254
2637
2520
1767
594
-320
-255
353
479
-211
-1022
-1283
-1087
-1026
-1207
-1532
-1765
-1699
-1398
-1261
-1565
-2175
-2612
-2419
-1966
-1766
-2181
-3005
-3689
-3996
-3898
-3878
-4164
-4676
-5025
-3662
-950
-16
-2534
-5385
-3596
1730
4366
2071
-558
475
3069
3866
3518
4383
5178
3915
2136
2739
4856
4672
1929
259
1553
3077
2005
-577
-2105
-1722
-883
-670
-927
-1519
-2504
-3656
-3787
-2235
-145
322
-1186
-2521
-1698
377
1650
1841
1809
2060
2360
2753
3275
3618
3505
3669
4425
4866
4186
2890
2269
2455
2827
3011
2702
1594
210
-598
-309
307
152
-591
-1297
-1572
-1686
-1743
-1730
-1573
-1488
-1505
-1466
-1572
-1869
-2309
-2288
-1749
-1292
-1503
-2352
-3112
-3401
-3188
-3155
-3543
-4147
-4911
-5628
-5669
-3302
-255
-614
-4794
-7366
-3402
2744
3883
-56
-2111
535
3702
4003
3429
4442
4907
3468
2607
4539
6483
4930
1499
885
3500
5007
2952
-493
-1722
-715
454
517
-374
-1574
-2995
-4066
-3665
-1764
-136
-724
-2862
-3834
-2252
34
749
597
820
1346
1564
2081
3286
3969
3406
3140
4405
5709
5282
3603
2762
3128
3845
4251
3984
2746
894
43
740
1667
1295
-203
-1335
-1625
-1550
-1705
-2031
-2181
-2493
-2795
-2847
-2822
-3229
-3882
-4069
-3509
-2821
-3018
-3738
-4363
-4535
-4250
-4055
-4079
-4520
-5229
-5577
-4441
-1462
345
-1689
-5397
-5250
-219
3920
2886
-306
-570
1893
3722
3965
4322
4799
4000
2612
3130
5182
5562
3208
1118
1896
3797
3576
1100
-1059
-1407
-467
351
258
-730
-2347
-3653
-3789
-2393
-542
70
-1317
-3130
-3155
-1193
943
1520
978
897
1815
2765
3113
2982
3115
3809
4803
5375
4966
3605
2610
2813
3838
4455
3782
2148
511
-143
311
1061
926
-178
-1495
-2124
-2072
-1936
-2047
-2281
-2367
-2288
-2306
-2606
-3051
-3433
-3316
-2641
-2096
-2261
-3119
-3998
-4265
-3881
-3284
-3393
-4249
-5268
-5761
-5775
-5686
-3461
-375
-830
-5251
-8108
-4079
2446
3601
-641
-2778
63
3262
3309
2568
3735
4539
3508
2989
4775
6233
4636
1989
2322
5028
5812
3400
316
-496
607
1771
1885
669
-1186
-2687
-3100
-2313
-892
-214
-1097
-2869
-3906
-2929
-1117
-78
-57
-142
280
741
1076
1531
2052
2732
3566
4282
4312
3528
2792
2991
3896
4538
4415
3452
2046
1141
1372
2221
2367
1459
173
-608
-980
-1217
-1334
-1365
-1515
-2009
-2647
-3044
-3422
-3823
-3907
-3616
-3273
-3460
-4256
-4989
-5214
-4866
-4345
-4302
-4909
-5621
-6053
-6237
-6405
-5353
-2066
-370
-2923
-6879
-6252
-406
3739
2174
-1181
-810
2160
3745
3554
3923
4816
4317
3427
4098
5692
5498
3392
2306
3741
5165
4146
1642
-69
72
1038
1703
1222
-449
-2161
-2865
-2623
-1820
-933
-1005
-2365
-3673
-3578
-2107
-929
-758
-921
-463
385
691
756
1238
2391
3483
3960
3819
3457
3304
3673
4412
4910
4790
4037
3131
2565
2543
2713
2614
1971
1062
290
-199
-653
-1045
-1233
-1300
-1531
-2294
-3074
-3599
-3601
-3333
-3081
-3091
-3540
-4106
-4392
-4201
-3841
-3609
-3750
-4249
-4853
-4979
-4915
-4958
-5352
-6163
-6778
-4613
-582
-93
-4692
-9057
-5961
2085
5539
1402
-3106
-2080
1875
4146
4529
5332
5153
3239
2311
4589
7281
6552
3501
2593
4804
6034
4202
1314
227
1040
2203
2692
1747
-747
-3240
-3744
-2147
-403
-252
-1955
-4137
-4961
-3517
-1338
-580
-1205
-1878
-1482
-552
241
748
1116
1732
2653
3754
4020
3404
2732
3316
4875
5773
5458
4243
3185
2785
3333
4076
3947
2712
1175
347
432
556
37
-935
-1674
-2159
-2611
-3088
-3579
-3955
-4171
-4244
-4178
-4446
-5168
-5489
-5328
-4820
-4629
-4989
-5492
-5840
-5864
-5571
-5383
-5590
-6528
-6004
-2314
297
-2009
-6871
-6914
-178
5557
3863
-1335
-2329
1323
4773
5574
5596
5471
4043
3024
4639
7420
7620
4826
2962
4272
5973
4992
2333
668
1005
2044
2400
1430
-655
-2707
-3577
-2834
-1353
-609
-1743
-4157
-5629
-4540
-1994
-592
-1252
-2288
-2253
-1378
-400
425
1234
1872
2291
2715
3278
3516
3573
4089
5115
5860
5689
4673
3801
3662
4178
4745
4374
3156
1753
928
904
806
327
-350
-1058
-1746
-2454
-3052
-3491
-3661
-3637
-3579
-3824
-4536
-5202
-5255
-4814
-4367
-4334
-4683
-5221
-5730
-5708
-5163
-4633
-5086
-6078
-6982
-6000
-2027
289
-2536
-7453
-7293
-476
4877
2982
-1927
-2589
1094
4462
5296
5215
4949
3806
3448
5537
7814
7180
4516
3616
5598
7097
5609
2865
1567
2036
2976
3290
2351
-42
-2496
-3044
-1800
-835
-1238
-2901
-4468
-4854
-4265
-3046
-2437
-2674
-2833
-2530
-1983
-1450
-856
-41
1077
1901
2519
2814
2938
3516
4496
5333
5694
5605
5261
4955
4858
5188
5392
4876
3798
2694
2107
1815
1410
823
45
-957
-1916
-2602
-3004
-3352
-3822
-4214
-4463
-4823
-5437
-5927
-5839
-5345
-5195
-5633
-6078
-6074
-5966
-5905
-5804
-5457
-5352
-5736
-6398
-6390
-3397
-11
-817
-5256
-7143
-2083
4501
4893
46
-2366
794
4901
6105
5559
5254
4569
3784
4900
7253
7559
5211
3379
4526
6355
5553
2956
1356
1660
2394
2535
1894
101
-2238
-3380
-2386
-940
-1052
-2852
-4760
-5126
-4391
-3391
-2772
-2563
-2666
-2850
-2644
-1861
-725
121
762
1449
2029
2393
2489
3065
4211
5193
5359
4917
4542
4482
4649
4799
4933
4583
3728
2851
2255
1927
1505
884
277
-343
-1108
-1927
-2625
-3128
-3368
-3610
-3906
-4372
-4942
-5400
-5440
-5066
-4705
-4844
-5347
-5788
-5836
-5506
-5165
-5051
-5247
-5525
-5791
-6025
-6010
-3653
-441
-958
-5099
-7380
-3056
3639
4745
161
-2544
70
3919
5344
4935
4821
4282
3456
4391
6491
6972
5195
3934
4935
6228
4938
2574
1781
2493
3179
2850
1661
-218
-2104
-2552
-1227
-310
-1454
-3660
-5034
-4627
-3442
-2752
-2858
-3376
-3366
-2734
-1846
-1335
-1004
-449
372
1341
1924
2302
2480
2986
3869
4551
4628
4231
3977
4119
4507
4800
4550
3691
2738
2104
1900
1949
1660
693
-501
-1385
-1677
-1823
-2205
-2936
-3571
-3825
-4038
-4366
-4797
-5058
-4934
-4788
-4856
-5079
-5336
-5364
-5185
-4852
-4729
-4855
-5161
-5275
-5224
-5193
-5475
-4437
-1215
-277
-3446
-6893
-4854
1738
4968
1629
-2690
-2038
1991
4869
5017
4276
3502
2584
3237
5648
7069
5734
3565
3524
5158
5216
3334
2193
2522
3034
2653
1650
290
-1119
-1628
-776
-36
-933
-2939
-4181
-3682
-2721
-2272
-2129
-2327
-2983
-3277
-2579
-1139
-276
-417
-532
165
1036
1508
1805
2082
2565
2867
3174
3567
3505
3210
3161
3440
3682
3307
2579
2137
1949
1773
1415
901
254
-400
-799
-1114
-1645
-2366
-2810
-3034
-3367
-3798
-4139
-4269
-4306
-4559
-4952
-5098
-5060
-4947
-4888
-4988
-5190
-5260
-5211
-5034
-4994
-5186
-5538
-5297
-2813
-1068
-2972
-6120
-5565
-221
3796
1857
-2607
-3261
478
4373
5536
4191
2497
1627
2870
5821
7121
5617
3506
3341
4833
5422
4186
2975
2747
2846
2801
2251
1199
-22
-707
-183
506
-367
-2123
-2886
-2522
-1963
-1953
-2133
-2192
-2379
-2292
-1787
-1130
-768
-592
-396
1
425
546
1001
1540
1989
2175
2017
2038
2215
2564
2808
2794
2406
1967
1838
1991
2008
1449
772
478
335
73
-373
-843
-1332
-1689
-1799
-1854
-2245
-2879
-3200
-3220
-3224
-3463
-3803
-4040
-4024
-3947
-4082
-4281
-4486
-4547
-4598
-4670
-4786
-5034
-5274
-5532
-4095
-1912
-2476
-5435
-6711
-3276
1618
1802
-2302
-4262
-1200
2816
3929
2585
1589
1848
2668
4404
5797
5242
3600
3254
4869
5860
4494
2769
3039
4101
4121
3043
1998
1430
1053
1259
1818
1188
-777
-1806
-1122
-23
-152
-1382
-2081
-1937
-1487
-1194
-1084
-1320
-1527
-1335
-756
-202
-251
-425
-98
492
909
854
757
858
1176
1544
1776
1665
1373
1388
1610
1807
1564
1147
972
910
812
500
155
-218
-552
-688
-879
-1227
-1710
-2080
-2212
-2337
-2624
-2963
-3190
-3390
-3550
-3773
-4020
-4303
-4546
-4591
-4629
-4735
-4978
-5333
-5556
-4531
-2928
-3015
-4879
-5710
-3506
-227
263
-1941
-2972
-1110
1398
2308
2058
1817
1722
1938
3318
4780
4480
3262
3162
4489
4980
3739
2805
3482
4215
3610
2685
2236
1878
1525
1616
2113
1569
53
-739
-32
806
386
-528
-1056
-1006
-909
-669
-452
-577
-1087
-1219
-632
-66
-115
-542
-463
-27
203
157
251
480
523
517
691
846
863
842
840
842
788
751
805
786
629
436
189
-14
-100
20
-41
-473
-924
-1090
-1045
-1168
-1579
-2060
-2312
-2497
-2676
-2968
-3381
-3741
-4012
-4097
-4100
-4329
-4777
-5210
-5383
-4487
-3155
-3421
-5184
-5885
-3866
-1036
-733
-2751
-3589
-1730
464
1126
679
531
1044
1645
2636
3338
3116
2608
3027
4049
4262
3354
2845
3656
4313
3827
3031
2783
2757
2517
2455
2558
2075
1122
754
1169
1301
529
-224
-314
-123
-240
-471
-564
-818
-1085
-1078
-872
-764
-916
-947
-657
-540
-648
-576
-237
143
268
139
163
376
629
940
1016
914
803
931
1137
1104
896
847
875
745
516
451
399
206
-51
-280
-404
-779
-1192
-1346
-1377
-1583
-2018
-2453
-2676
-2869
-3047
-3143
-3145
-3373
-3756
-4005
-3971
-3928
-3893
-3335
-2640
-2899
-3929
-4141
-2648
-902
-846
-2232
-2715
-1290
265
748
262
161
727
1348
1840
2069
2098
2252
2691
3043
3051
2790
2743
3002
3338
3187
2907
2655
2551
2686
2761
2516
1944
1563
1640
1805
1425
808
617
763
818
409
-110
-310
-195
-83
-120
-379
-691
-748
-428
-85
-109
-424
-461
-137
136
242
209
268
335
612
1007
980
740
863
1230
1385
1216
1200
1316
1184
896
827
1083
1036
582
62
-221
-343
-413
-442
-684
-1318
-1872
-1975
-1975
-2095
-2433
-2556
-2588
-2686
-2911
-3027
-2943
-2836
-2682
-2675
-2822
-2976
-2958
-2460
-1744
-1593
-2158
-2552
-1860
-662
-376
-959
-1117
-398
406
627
663
785
1011
1309
1749
2016
1929
1894
2074
2454
2481
2151
1942
2096
2343
2298
2011
1696
1572
1595
1544
1352
1070
834
788
884
740
349
132
269
543
440
96
-153
-135
134
328
307
146
64
230
446
506
523
603
802
882
878
918
1073
1325
1381
1314
1197
1246
1231
1082
1083
1194
1185
822
538
443
453
505
345
-14
-278
-457
-614
-599
-670
-738
-981
-1386
-1533
-1466
-1432
-1492
-1525
-1530
-1510
-1573
-1495
-1351
-1200
-1023
-944
-954
-949
-947
-874
-574
-469
-640
-771
-582
-276
-247
-477
-486
-311
-112
-13
-166
-259
-121
55
321
427
260
78
14
161
314
413
354
291
273
212
242
260
274
298
329
290
319
317
286
408
553
599
588
672
738
773
820
956
1030
1070
1105
1179
1309
1465
1600
1624
1497
1416
1730
2096
2109
1867
1726
1794
1815
1688
1600
1632
1488
1218
929
799
817
719
481
153
-146
-272
-190
-255
-453
-527
-697
-816
-755
-653
-741
-795
-830
-820
-747
-704
-615
-548
-511
-487
-290
-129
19
95
155
302
553
715
704
821
976
1143
1168
1108
1198
1209
1110
1007
1011
986
833
504
311
272
215
-41
-434
-687
-685
-828
-1146
-1227
-1371
-1554
-1685
-1750
-1803
-1835
-1829
-1785
-1848
-1808
-1695
-1552
-1428
-1298
-1037
-753
-559
-442
-284
80
376
559
815
1111
1293
1440
1649
1868
2031
2068
2218
2270
2219
2184
2284
2335
2175
1955
1893
1883
1629
1388
1355
1315
1192
978
748
480
273
231
292
222
-71
-319
-433
-419
-438
-396
-306
-363
-456
-533
-475
-259
-117
-37
20
87
176
276
374
468
632
845
918
844
859
1052
1307
1318
1285
1375
1393
1266
1275
1437
1531
1355
1167
1160
1152
1034
891
818
644
453
344
212
48
-179
-428
-587
-728
-818
-913
-1028
-1140
-1289
-1394
-1353
-1311
-1123
-1075
-1143
-1096
-1043
-901
-708
-508
-365
-253
-106
66
145
295
441
527
584
711
764
787
770
741
773
808
777
654
607
569
536
430
268
168
271
292
141
-86
-251
-250
-165
-116
-222
-339
-409
-341
-273
-176
-111
-158
-129
-52
62
188
290
389
451
470
521
617
737
831
904
936
1004
984
1023
1160
1353
1330
1215
1199
1273
1436
1425
1359
1263
1132
1069
1070
989
869
740
574
371
376
368
251
94
-95
-309
-370
-351
-414
-453
-585
-656
-659
-705
-690
-669
-633
-551
-559
-519
-484
-395
-181
-33
19
46
64
96
211
448
577
631
618
580
688
817
748
659
650
750
766
703
632
620
641
559
367
297
310
269
201
63
-62
-151
-99
-61
-139
-239
-265
-252
-96
-92
-179
-284
-249
-182
-115
-72
-98
-95
-99
-100
-104
-26
112
132
146
192
330
506
541
599
633
660
674
720
780
874
921
783
761
813
825
797
712
663
578
476
447
424
343
233
67
-36
-56
-50
-152
-255
-301
-412
-381
-391
-360
-286
-258
-210
-168
-129
-25
113
182
255
295
386
482
470
478
536
612
529
424
449
529
602
559
406
355
399
387
347
266
226
215
151
45
-2
-19
-100
-125
-190
-309
-398
-356
-290
-227
-222
-289
-330
-226
-146
-71
-56
-113
-97
-14
142
216
193
227
239
260
283
358
444
464
449
465
560
624
607
528
529
537
588
558
594
561
489
492
487
524
509
475
399
361
344
298
317
268
199
146
110
34
7
-30
-25
87
148
130
60
12
103
227
318
310
255
247
238
280
327
335
330
290
267
316
363
308
306
336
339
335
280
270
199
190
151
246
232
88
88
79
22
19
75
112
79
13
-5
-16
23
12
-33
-63
-10
11
-102
-165
-131
-52
17
30
50
54
-28
5
98
195
244
178
129
198
233
278
312
247
121
69
158
330
365
281
208
192
292
385
360
331
352
341
313
307
321
258
234
187
192
206
99
-24
-3
65
119
133
92
99
133
167
220
283
176
186
246
258
245
239
293
351
428
509
507
464
522
662
703
710
670
597
557
565
529
440
394
380
380
291
197
119
132
117
46
42
94
52
-22
-92
-122
-74
-90
-174
-231
-237
-255
-215
-143
-67
-49
-50
-79
-24
25
129
172
169
113
150
258
240
226
164
194
243
284
264
135
10
62
162
218
172
73
-4
-27
57
166
103
-34
-52
32
51
80
83
-3
3
159
326
299
214
167
175
211
296
289
171
106
186
252
335
318
257
228
211
281
302
296
245
273
323
424
477
444
374
438
470
452
437
391
472
481
400
439
482
406
405
300
255
286
319
338
193
69
100
205
235
203
226
258
191
204
192
207
240
258
276
222
196
136
171
281
385
415
302
192
216
304
312
322
342
264
246
189
192
248
184
130
62
31
4
-58
-60
-4
27
-6
-51
-75
-41
3
47
77
67
63
60
81
112
127
148
68
18
22
50
108
101
23
3
2
27
-5
18
50
52
61
66
60
93
178
198
234
290
244
243
234
331
391
352
345
297
316
328
369
362
350
308
262
286
322
335
357
397
377
316
269
236
274
273
256
258
232
171
150
167
152
134
119
173
176
217
277
265
227
162
115
136
128
95
52
48
31
-13
39
96
110
110
44
-22
-20
82
124
114
101
51
1
-63
25
70
114
203
185
116
82
123
186
253
260
173
143
133
79
135
201
226
230
132
88
74
20
25
56
91
47
90
43
56
64
43
174
191
95
52
159
209
241
274
247
248
192
206
278
361
401
343
310
277
293
324
322
375
420
394
326
354
386
419
426
371
264
157
222
275
278
252
200
132
85
64
134
140
39
-27
-81
-81
2
45
46
100
57
-39
-82
-10
64
140
245
233
231
264
299
348
389
391
415
461
398
396
486
499
506
452
453
501
450
419
376
316
242
163
139
121
63
35
-55
-110
-177
-173
-225
-256
-232
-214
-145
-213
-240
-200
-111
-59
-32
32
33
52
83
151
195
267
281
370
357
293
350
392
478
512
488
371
366
362
356
400
474
454
343
238
249
341
345
372
256
122
42
47
124
196
133
-1
-61
-129
-107
-84
-114
-126
-115
-93
-91
-117
-84
16
45
8
1
9
4
22
72
50
21
30
91
215
278
278
312
332
415
381
405
456
481
506
454
487
486
465
465
439
423
355
296
267
268
196
160
120
78
3
-39
-141
-253
-253
-237
-248
-253
-322
-391
-362
-296
-272
-271
-210
-140
-70
-77
-48
-19
61
104
148
174
137
187
261
282
255
237
332
436
436
438
431
394
304
304
372
369
359
293
257
235
185
138
106
81
74
24
-37
-7
43
61
7
-46
-103
-121
-125
-196
-146
-154
-133
-185
-168
-154
-112
4
132
219
173
213
347
465
476
437
433
491
501
528
550
557
545
563
516
509
502
418
387
383
375
338
275
224
254
259
208
127
87
35
21
-73
-151
-97
-70
-86
-129
-169
-164
-100
-76
-47
-93
-173
-114
-24
66
134
203
166
174
258
312
292
323
398
418
424
388
346
401
436
468
482
404
376
306
273
281
332
240
137
173
135
112
26
16
-11
-24
-73
-102
-110
-66
-30
-47
-29
-75
-54
-126
-121
-110
-112
-106
-100
-108
-33
-14
63
129
146
134
143
195
236
308
324
292
322
384
390
335
318
378
310
312
323
312
336
319
279
272
273
261
185
117
131
117
102
77
65
48
15
-53
-98
-66
-25
-40
-63
-71
-60
2
0
5
4
3
-18
-16
-16
-36
-48
-10
34
43
-32
-14
40
49
135
139
104
95
111
116
117
118
103
12
10
26
55
36
21
101
86
-6
9
20
-5
-8
-66
-53
-73
-121
-90
-94
-104
-105
-107
-81
-109
-126
-96
-40
-37
-1
25
21
67
87
72
87
136
160
185
175
216
170
166
175
169
197
196
250
288
277
253
226
244
253
234
211
195
186
184
197
141
61
11
29
91
34
-1
28
25
69
0
-52
-68
-56
-27
-30
-39
-69
-27
-57
7
-48
-82
-36
5
55
27
-11
-25
30
26
-10
16
14
11
54
35
12
3
-16
-43
-39
-60
-92
-117
-173
-94
-110
-181
-177
-227
-253
-282
-319
-251
-283
-328
-333
-358
-312
-277
-179
-120
-135
-117
-82
-54
13
79
42
38
116
144
124
173
238
331
406
387
378
386
389
447
497
537
472
456
479
504
463
342
259
137
122
15
27
52
20
-22
-61
-73
-92
-107
-58
-88
-98
-151
-180
-143
-199
-223
-193
-247
-237
-152
-158
-116
-140
-129
-78
-32
-3
8
54
131
126
117
126
120
121
175
239
242
281
283
208
207
226
182
148
140
166
96
44
67
42
2
-3
-67
-147
-190
-138
-192
-372
-337
-275
-319
-235
-178
-289
-259
-62
-20
-102
-3
51
61
108
112
24
28
150
133
80
83
104
122
215
240
211
247
275
261
304
302
250
294
332
348
328
289
243
230
287
285
292
247
125
74
67
81
51
24
-17
-62
-86
-161
-124
-118
-184
-218
-271
-237
-231
-247
-235
-274
-219
-219
-175
-169
-121
-70
-72
-39
-41
-14
-16
54
64
104
146
154
105
85
169
134
184
158
196
148
107
88
88
165
71
61
15
-10
-24
-98
-146
-159
-229
-239
-211
-286
-290
-216
-205
-233
-222
-173
-188
-161
-99
-51
-19
-29
-13
46
8
41
107
88
71
88
146
80
84
199
239
239
265
285
304
252
245
290
253
292
266
281
282
274
299
230
217
226
223
214
260
208
206
243
211
135
157
195
91
46
-7
-111
-103
-37
-168
-200
-180
-288
-235
-100
-214
-210
-16
-30
-168
-59
-24
-59
-20
27
38
7
44
62
72
120
88
86
96
176
177
172
147
149
199
178
186
151
69
111
137
33
-22
4
-69
-162
-118
-106
-23
-7
-61
-71
53
-25
119
131
3
-15
121
85
-47
-72
-97
-71
-176
-192
-136
-114
-186
-120
32
59
-47
-5
225
211
-38
21
205
147
97
250
332
237
277
406
297
193
321
433
314
403
603
254
136
574
493
228
293
479
438
115
244
423
269
188
136
-20
77
218
127
148
80
-96
194
204
-135
-78
192
155
-15
5
-17
171
273
329
47
225
391
65
179
401
236
111
489
370
-5
67
367
345
149
61
89
240
221
76
-69
271
323
136
484
361
-177
130
650
440
181
-63
-142
202
503
197
67
52
-6
249
499
-53
-379
170
431
392
15
-185
-559
51
618
181
-357
-236
280
182
-83
254
122
-213
462
553
-130
-296
448
297
158
478
4
-305
402
733
-265
-291
633
505
-20
345
-139
-673
350
798
98
-235
-223
-130
431
405
-169
-422
71
593
131
-357
4
144
64
540
309
-357
139
631
152
273
591
129
-14
478
590
138
-205
107
525
227
-46
90
319
66
-89
177
486
213
-218
-282
227
553
111
106
61
-184
-53
390
196
-185
-82
45
62
29
16
-136
-189
-108
-69
-94
68
-177
-296
335
163
-480
-341
146
13
119
352
110
-317
-117
255
352
382
-123
-345
274
689
2
-476
-44
218
256
137
-275
-364
-238
-242
146
388
-332
-789
265
628
-343
-286
70
-128
163
200
11
-125
-623
-125
840
481
-444
-426
326
808
232
-252
51
341
171
252
337
-88
-332
-87
577
509
-474
-561
171
220
287
332
-349
-715
320
798
-71
-501
-43
305
338
310
-232
-348
-109
335
565
73
-765
-607
338
468
-26
-800
-465
245
169
14
-38
-524
-729
310
1180
321
-1190
-836
674
1055
208
-559
-87
401
224
441
498
-225
-322
529
1033
289
-300
-62
438
821
420
-237
-17
247
-112
233
476
-274
-858
-115
615
-11
-432
-232
-285
-351
-95
162
-213
-673
-424
91
205
-17
-276
-59
228
325
115
10
136
-138
264
884
376
-239
-2
81
432
706
91
-114
370
293
283
311
-218
-514
23
517
429
-198
-742
-312
217
369
61
-635
-833
-181
209
-203
-631
-558
-482
-102
229
-258
-582
-406
214
443
62
-336
-407
167
656
169
-394
-26
416
398
310
156
-193
-116
754
898
-95
-508
71
644
477
-23
-59
62
177
582
686
-27
-593
-303
564
872
-180
-978
-143
419
48
-78
-108
-516
-659
-40
603
53
-1081
-892
275
505
-284
-628
-363
-167
-132
-18
155
-138
-554
-177
581
431
-286
-472
-42
456
367
-44
-270
-224
-75
273
347
-65
-136
12
241
158
-313
-437
-120
243
233
-69
-427
-603
-40
220
-91
-435
-541
-155
441
116
-550
-523
-228
-9
234
80
-648
-640
93
233
-268
-493
-348
-105
-33
-4
12
-32
-122
-6
288
96
-209
-155
197
152
-47
87
82
-77
-131
84
198
-90
-256
132
307
-48
-391
-98
101
-117
-288
-186
-53
-187
-245
-96
-204
-553
-402
282
228
-479
-496
129
339
111
-124
-7
207
295
303
162
56
22
193
531
279
-273
-185
412
626
264
-241
-257
187
298
115
-176
-394
-421
-5
212
-133
-597
-560
-25
165
-106
-484
-614
-405
51
177
-119
-300
-325
-296
187
428
-208
-420
-40
86
44
85
-85
-412
-284
325
505
38
-232
-290
38
383
384
-114
-384
-221
125
402
89
-380
-396
136
241
117
8
-199
-374
-78
270
235
-167
-672
-516
45
248
89
-216
-541
-333
132
318
81
-577
-661
-44
528
424
-165
-386
-189
226
481
303
-194
-220
130
481
560
360
-83
-73
366
351
403
322
53
56
78
-116
17
99
-147
-424
-122
266
32
-179
-323
-369
-176
98
123
-117
-411
-300
93
384
35
-513
-435
18
133
-24
7
-210
-422
-183
120
-67
-409
-427
-140
188
210
-55
-350
-319
-58
192
320
102
-243
-190
170
369
209
-36
-126
-80
188
287
78
-221
-69
266
297
34
-306
-314
-114
95
157
18
-217
-288
-268
-115
-73
-273
-381
-143
93
70
-52
-360
-347
-112
82
63
-109
-176
-176
-10
165
41
-98
-18
69
90
130
141
178
240
209
187
118
41
40
72
229
210
21
-56
-106
-68
-42
-61
20
1
-17
28
42
-115
-246
-114
-7
-53
-172
-284
-253
-127
-209
-152
-44
-137
-295
-355
-192
-88
-118
-128
-90
-177
-178
-110
-88
-132
-79
51
39
34
-68
-137
-36
82
101
81
131
73
-47
-125
-88
144
191
69
-74
-84
-56
32
86
60
68
-76
62
207
-63
-299
-226
62
297
151
-157
-274
-127
-16
114
189
2
-35
11
140
213
81
9
142
338
300
185
58
19
-15
177
223
112
21
-47
3
113
143
-57
-116
-49
59
38
-81
-172
-79
41
181
137
-44
-251
-186
98
236
161
59
57
190
308
149
18
56
168
228
338
215
28
-106
6
180
169
61
-93
-163
-79
30
39
-48
-143
-127
-47
19
13
-131
-234
-167
47
98
-40
-237
-273
-34
98
195
132
20
95
235
329
196
106
167
295
356
249
61
-116
-62
43
132
-5
-200
-169
40
148
59
-13
-12
66
104
77
-47
-88
48
175
128
-39
-164
-165
-64
0
68
-6
-55
-98
-59
-52
-114
-72
13
155
187
96
45
52
158
286
247
187
114
107
112
100
93
-8
10
167
188
39
-74
-120
-24
144
186
64
-21
-44
-69
37
81
9
-55
3
49
1
-110
-240
-165
-9
46
-1
-53
-142
-152
-133
-113
-56
-72
-84
-32
-15
-78
-115
-21
92
88
58
6
-53
-18
-72
9
117
78
41
17
9
-20
-91
7
146
185
126
54
91
93
198
256
150
65
87
115
127
110
20
50
5
46
-59
-120
-79
-73
38
56
38
-111
-202
-174
-58
-31
-27
-6
-44
-67
-99
-90
-127
-87
-74
-39
33
7
-28
-56
-8
56
34
17
4
-32
0
-24
67
29
-29
-20
-33
-30
-46
-103
-85
-18
18
-18
-93
-71
-90
-15
-38
-51
-72
-113
-84
-82
-110
-142
-92
-74
-46
6
-7
-38
-79
-21
65
51
-25
-93
-58
-12
3
5
5
-63
-48
-80
-100
-69
-104
-53
16
33
35
-13
-49
-30
76
87
61
-22
-85
-97
-116
-86
-60
-145
-170
-99
-114
-86
-89
-140
-163
-66
-27
-78
-113
-140
-111
-57
-21
-69
-93
-113
-36
-3
-13
-5
-73
10
5
-35
-95
-137
-88
-67
-69
-38
-73
-92
-92
-21
18
-60
-69
-87
-102
-88
-123
-177
-210
-197
-134
-94
-129
-138
-117
-48
-16
53
29
12
91
91
99
94
123
160
216
215
211
167
168
177
117
119
78
48
62
48
38
19
0
-51
-53
-57
-68
-95
-118
-134
-72
-86
-149
-146
-165
-179
-175
-175
-273
-270
-222
-176
-146
-133
-93
-77
-59
28
78
62
86
138
220
193
160
172
180
268
288
243
219
239
259
262
246
241
201
147
153
106
-5
-74
-71
-82
-122
-138
-190
-205
-174
-204
-280
-272
-252
-275
-271
-273
-284
-278
-198
-209
-151
-172
-127
-20
63
94
150
128
150
170
189
196
210
209
205
250
260
307
194
127
168
206
229
205
215
172
122
129
73
35
-14
-41
-39
-23
-27
-95
-100
-75
-31
-27
-108
-109
-106
-63
-1
-24
-93
-142
-85
-46
-29
8
-32
-75
1
11
-65
-35
4
0
48
7
-86
-106
-60
17
73
99
132
130
174
189
162
77
18
42
59
98
109
95
153
133
154
121
66
7
-31
-5
-13
0
15
68
30
36
89
51
57
88
48
48
10
-23
-44
-39
-62
-28
17
60
116
115
108
116
145
127
131
116
129
156
188
190
137
57
99
135
86
11
-4
52
35
72
35
15
-33
16
55
72
118
61
52
62
53
34
0
14
19
-37
-26
-76
-111
-83
-78
-79
-85
-64
-25
16
77
84
111
97
55
52
46
24
27
-13
-58
-58
-52
-75
-62
-57
-65
-17
6
55
17
32
48
37
45
17
-50
-40
30
77
76
20
41
41
-5
17
29
-9
11
68
92
47
37
95
132
122
108
88
92
173
168
197
206
185
148
138
166
154
176
185
228
205
192
219
153
124
106
92
161
184
206
200
221
212
199
186
144
154
186
256
209
171
144
119
162
156
140
158
156
87
79
100
85
67
114
133
143
198
174
182
146
151
147
125
147
142
140
85
95
70
28
-22
-76
-121
-108
-112
-82
-57
-60
-28
-75
-54
-117
-139
-140
-160
-110
-106
-43
-6
73
117
48
60
101
63
63
57
58
56
72
67
75
68
64
91
108
85
86
115
80
119
124
194
184
168
173
100
116
114
127
80
13
-23
-68
-73
-92
-128
-114
-113
-108
-86
-98
-86
-81
-96
-78
-40
-82
-115
-124
-41
18
21
43
52
28
31
28
53
-25
-30
33
49
95
107
110
151
244
240
217
155
156
142
113
113
89
82
61
79
46
8
10
-50
-83
-77
-67
-108
-123
-72
-51
-53
-73
-74
-95
-51
-49
-79
-145
-165
-106
-126
-62
-69
-17
29
93
145
73
85
67
72
80
138
106
132
139
107
182
134
105
131
95
48
34
37
-58
-90
-87
-104
-86
-87
-116
-147
-143
-174
-149
-163
-170
-182
-111
-51
-71
-13
22
19
44
18
19
-2
13
-3
17
39
-16
-17
-18
-22
-42
19
41
27
61
64
87
35
52
128
99
130
97
116
49
-20
64
70
-3
-60
-12
14
18
16
-67
-79
-54
-43
-45
-104
-100
-159
-80
9
14
6
28
64
105
190
182
129
121
167
201
236
210
169
183
260
221
206
188
190
199
200
231
191
215
225
184
132
122
104
97
69
106
86
28
60
33
38
-2
14
-9
-5
-5
-12
-17
-86
10
-46
-85
-38
-20
-51
-70
-68
-38
-11
7
11
4
32
28
67
87
53
73
115
167
116
67
95
73
82
87
65
54
5
27
72
9
48
5
0
-6
-4
-15
-2
1
-14
-52
-37
-43
-49
-22
-8
38
29
1
-15
-34
-30
-58
-50
-41
-44
-14
14
51
71
112
61
75
26
-30
3
-24
31
37
-41
16
115
125
154
148
115
89
84
30
36
24
7
14
-7
-18
-24
-71
-101
-73
-104
-92
-79
-77
-74
-38
-65
-44
-74
-88
-101
-113
-89
-38
-12
-42
-67
-75
-62
-73
-53
-54
-34
-59
-46
-24
-14
-28
-68
-45
-35
-39
-82
-80
-57
-98
-4
11
-62
-38
-93
-116
-89
-95
-61
-81
-76
-76
-89
-90
-45
-44
-37
-20
-27
-23
-56
-49
-26
-64
-93
-61
-23
20
53
-23
-31
-6
-14
36
76
114
151
200
177
179
181
84
70
103
96
10
-6
5
-47
-33
-35
-66
-95
-81
-63
-78
-95
-127
-149
-210
-180
-194
-189
-198
-188
-205
-240
-267
-269
-210
-276
-306
-292
-253
-230
-219
-173
-193
-164
-125
-83
-34
-49
-51
-1
-2
24
70
39
10
19
2
-36
-28
-65
-47
-85
-111
-102
-88
-111
-86
-87
-89
-44
-70
-96
-111
-83
-102
-122
-125
-111
-121
-102
-56
-19
-54
-23
32
46
81
57
45
18
-2
-7
-27
-29
-63
-58
-3
-8
-81
-130
-86
-103
-109
-92
-102
-152
-133
-81
-73
-105
-106
-79
-85
-48
-72
-81
-98
-66
-6
-9
-66
-96
-120
-125
-65
-68
-37
-37
-63
-95
-88
-145
-197
-191
-159
-150
-114
-112
-80
-87
-47
-60
-108
-78
-120
-148
-187
-215
-266
-268
-243
-205
-198
-193
-172
-148
-118
-142
-44
-24
-59
-25
-16
-9
31
73
13
21
-3
-8
12
-2
-33
-78
-88
-66
-20
-91
-162
-129
-114
-78
-64
-21
-27
-108
-68
-86
-67
-93
-57
-48
-12
-13
32
71
42
59
23
10
-8
-1
-32
-40
-85
-86
-76
-62
-133
-144
-126
-189
-193
-160
-166
-242
-219
-157
-169
-182
-159
-156
-173
-203
-160
-171
-183
-140
-127
-104
-133
-84
-82
-78
-35
-45
-43
-32
4
-2
-35
-49
6
25
34
2
-46
-26
-66
-64
-78
-100
-104
-114
-87
-73
-127
-126
-133
-124
-52
-75
-121
-139
-132
-129
-51
-50
-85
-78
-43
13
29
12
8
-11
2
-4
-21
-26
-29
-52
-82
-29
-13
-21
-34
-86
-77
-88
-84
-38
-59
-25
-75
-89
-74
-38
-44
-118
-155
-127
-117
-129
-142
-119
-168
-133
-87
-137
-112
-137
-81
-97
-137
-151
-137
-148
-187
-193
-179
-157
-131
-78
-110
-77
-82
-54
-38
-99
-43
-34
-34
-26
-58
-102
-64
-60
-66
-37
-27
-37
-49
-71
-128
-83
-105
-97
-93
-49
-45
-71
-103
-114
-116
-142
-160
-137
-144
-155
-121
-126
-146
-135
-140
-176
-188
-209
-184
-223
-226
-216
-183
-132
-99
-51
-63
-16
-10
19
34
-10
-18
21
57
30
45
84
-6
-10
34
12
75
95
70
74
67
30
6
20
-37
-53
-50
-86
-94
-141
-163
-124
-95
-76
-35
-11
-87
-180
-155
-174
-215
-166
-165
-185
-233
-231
-230
-214
-166
-134
-98
-110
-97
-83
-117
-124
-55
-32
-44
-44
-54
-77
-74
0
-56
-5
20
2
54
59
46
37
17
3
3
-51
-80
-99
-149
-133
-142
-125
-67
-92
-57
-67
-53
-7
-87
-73
5
4
-28
-39
-30
-50
-93
-110
-122
-152
-160
-187
-202
-169
-175
-193
-159
-127
-159
-162
-111
-99
-103
-91
-93
-69
-4
70
54
61
59
64
44
-31
-64
-83
-78
-54
-80
-58
-39
-91
-112
-101
-87
-49
-66
-33
9
-36
-20
-68
-46
-43
-92
-36
-34
-21
-12
-13
-49
-64
-63
-54
-62
1
2
-48
-54
-69
-22
7
8
-26
-22
-31
-51
-44
-46
-43
-19
-39
-41
-83
-80
-123
-109
-84
-60
-48
-83
-74
-50
-20
-34
-24
-13
1
9
-6
-23
-66
-108
-114
-98
-119
-103
-110
-120
-123
-167
-184
-149
-141
-101
-103
-97
-56
-120
-132
-151
-170
-212
-221
-210
-221
-260
-257
-246
-262
-220
-197
-233
-232
-182
-193
-210
-219
-211
-196
-187
-190
-152
-137
-125
-91
-117
-97
-72
-54
-52
-4
-4
18
58
88
99
102
82
-13
39
81
99
30
-2
-21
-73
-65
-82
-91
-36
-24
-40
8
-15
15
-2
9
21
-33
-2
22
6
14
78
56
17
8
23
37
44
18
-24
-17
-40
-22
-41
-77
-126
-73
-86
-91
-77
-79
-75
-127
-164
-170
-143
-152
-130
-128
-149
-178
-184
-167
-175
-219
-198
-230
-212
-176
-181
-84
-47
-50
-66
-81
-112
-93
-80
-84
-88
-115
-114
-103
-155
-151
-124
-90
-63
-34
-37
-67
-90
-151
-115
-116
-149
-179
-227
-233
-241
-222
-155
-132
-134
-67
1
-19
-29
-23
-3
-18
27
112
82
62
94
100
135
108
99
88
43
42
19
-1
-32
-51
-15
-22
-42
-12
6
44
23
5
-56
-59
-23
-26
-70
-136
-118
-158
-188
-183
-231
-229
-231
-246
-279
-238
-191
-200
-156
-179
-150
-105
-101
-45
-27
-45
-58
-37
-56
-77
-44
-55
-30
-18
-15
2
-14
-35
-76
-91
-25
-63
-17
-21
-67
-73
-123
-160
-215
-234
-264
-287
-257
-296
-244
-195
-204
-216
-158
-160
-224
-176
-221
-213
-173
-194
-200
-270
-244
-239
-239
-238
-224
-174
-179
-129
-110
-66
-102
-127
-120
-118
-70
-49
-53
-42
-31
7
-12
-49
-83
-128
-147
-226
-220
-219
-212
-134
-122
-66
-46
-84
-133
-118
-63
-61
-17
-26
-14
-65
-105
-105
-155
-194
-199
-157
-161
-156
-189
-181
-143
-179
-162
-182
-165
-122
-158
-118
-137
-167
-180
-196
-224
-195
-190
-204
-221
-158
-163
-170
-127
-155
-106
-108
-136
-134
-152
-160
-122
-74
-81
-114
-100
-141
-138
-132
-101
-99
-112
-78
-46
-21
-56
-51
-67
-116
-136
-143
-140
-123
-168
-203
-212
-258
-243
-251
-277
-246
-260
-203
-187
-211
-174
-196
-211
-198
-218
-194
-246
-260
-256
-234
-235
-184
-98
-102
-74
-88
-104
-115
-94
-114
-94
-71
-72
-49
-73
-91
-112
-124
-138
-109
-125
-140
-113
-139
-137
-141
-111
-156
-141
-163
-137
-170
-156
-138
-145
-197
-263
-251
-280
-212
-188
-200
-213
-239
-188
-141
-217
-230
-221
-232
-249
-258
-220
-242
-235
-147
-122
-101
-132
-76
-72
-35
-47
-84
-89
-102
-108
-153
-154
-188
-126
-188
-240
-202
-185
-153
-166
-166
-150
-180
-222
-179
-210
-254
-214
-213
-211
-232
-249
-251
-252
-241
-178
-170
-171
-144
-160
-157
-113
-140
-151
-112
-129
-129
-138
-92
-154
-177
-170
-213
-205
-197
-209
-187
-188
-215
-231
-232
-190
-126
-111
-159
-138
-142
-115
-110
-154
-161
-190
-234
-218
-193
-234
-228
-184
-134
-178
-191
-188
-230
-241
-286
-275
-268
-283
-298
-274
-251
-302
-282
-344
-358
-304
-295
-274
-297
-241
-242
-224
-173
-152
-78
-102
-92
-102
-122
-153
-157
-145
-154
-85
-101
-98
-119
-141
-155
-173
-180
-165
-161
-136
-164
-206
-196
-207
-208
-257
-292
-303
-348
-311
-335
-393
-345
-380
-380
-378
-396
-354
-322
-286
-274
-271
-239
-216
-224
-166
-176
-145
-68
-68
-79
-60
-57
-50
-45
-38
-36
-45
-47
-72
-89
-48
-59
-57
-28
-46
-70
-81
-108
-119
-171
-202
-184
-199
-228
-301
-308
-309
-359
-360
-381
-397
-389
-399
-399
-432
-368
-289
-303
-285
-287
-309
-298
-249
-248
-291
-308
-298
-344
-318
-298
-273
-259
-256
-198
-209
-122
-181
-142
-180
-237
-210
-233
-228
-282
-244
-256
-254
-252
-239
-231
-258
-238
-236
-194
-168
-121
-121
-118
-75
-100
-68
-88
-126
-140
-170
-148
-115
-74
-35
-33
-15
8
67
62
73
54
92
94
67
48
7
-2
-14
1
-1
-38
-33
-39
-55
-33
40
53
25
-9
28
18
-18
-8
-28
-98
-79
-78
-122
-98
-69
-1
-55
-31
5
-34
-4
-7
4
12
-3
22
-30
-24
-19
-8
-26
-38
-27
-12
56
71
81
85
60
21
-10
-63
-77
-76
-53
-38
-29
-13
6
-13
-2
-3
11
19
-15
-24
-6
-4
-65
-75
-75
-111
-177
-151
-126
-97
-91
-97
-26
-5
51
82
66
72
110
167
112
138
144
136
135
132
130
129
188
123
98
113
111
163
135
128
131
120
91
93
71
82
27
-26
1
-20
-94
-114
-126
-158
-148
-186
-162
-148
-138
-110
-91
-85
-34
-35
-8
-11
-62
-18
-20
-31
-4
19
51
75
70
21
22
19
72
91
83
106
124
128
85
78
96
53
82
64
82
154
151
144
131
115
124
80
12
37
-20
-38
-74
-85
-44
-16
32
2
4
34
49
43
57
49
54
29
64
66
74
128
112
71
84
104
123
141
87
96
85
134
162
115
99
99
96
132
150
155
141
159
156
153
121
113
112
131
95
128
129
60
60
72
73
61
70
77
49
41
44
51
85
108
210
216
197
218
249
268
287
293
280
207
177
203
232
240
183
164
112
104
152
133
102
157
130
154
206
192
180
126
169
160
228
173
167
192
188
197
178
194
208
210
197
215
179
142
133
109
172
203
135
193
167
175
160
184
236
223
184
196
243
255
248
254
208
157
179
147
111
92
132
117
127
168
176
142
111
175
181
195
216
196
158
171
177
198
267
277
290
269
249
302
341
326
293
360
365
343
368
395
391
332
332
338
285
271
342
375
342
319
356
333
285
288
264
224
224
251
229
235
238
235
166
195
161
125
158
143
114
156
178
214
247
265
251
258
282
292
318
346
359
387
402
461
401
383
428
376
422
414
380
333
364
346
345
346
340
285
263
271
254
251
187
174
163
168
124
105
108
77
93
105
121
134
170
178
177
203
186
221
240
175
192
216
215
232
273
269
248
228
270
247
238
206
223
209
187
219
224
224
235
265
225
266
280
263
230
256
220
208
254
223
181
172
182
196
207
245
202
208
194
233
257
195
189
232
243
199
214
207
172
191
180
110
124
117
165
208
174
175
172
207
165
164
224
269
256
272
310
303
288
284
324
349
353
380
407
375
415
392
363
376
338
269
266
263
239
235
244
225
244
238
223
209
195
164
181
179
179
189
139
186
126
140
141
142
139
186
164
102
130
158
151
132
195
251
175
170
200
140
182
198
182
201
220
244
276
220
234
188
202
186
123
149
153
192
147
146
140
145
142
146
166
220
232
259
251
223
208
202
177
151
203
213
257
265
334
306
260
289
234
220
238
215
209
216
166
196
144
161
149
161
185
172
202
194
227
228
228
220
197
156
159
159
173
168
197
222
207
249
256
245
237
270
283
306
280
274
255
245
281
285
234
214
226
154
150
165
113
105
98
126
141
92
114
73
78
124
94
69
72
106
134
115
187
171
171
171
104
89
76
73
107
174
185
221
258
275
274
294
296
290
301
342
329
329
330
331
367
358
368
298
257
251
273
280
212
165
144
196
165
111
118
91
42
80
69
41
49
64
83
37
64
99
101
93
70
46
70
79
106
135
122
144
151
121
148
141
141
158
134
137
115
91
118
99
104
135
111
156
177
237
230
224
272
291
271
243
267
232
189
156
187
132
122
120
119
130
141
135
100
151
156
148
142
158
135
102
118
127
121
65
13
18
37
43
24
21
57
62
61
76
82
111
87
135
70
78
132
161
114
74
107
92
136
148
154
206
184
173
174
126
145
109
119
56
15
62
26
34
-6
9
5
3
-29
-58
-51
-77
-45
-63
-33
6
22
28
76
56
13
17
46
53
59
67
37
56
62
104
90
87
78
48
43
5
-17
-31
-43
-40
-48
-52
-18
-1
34
18
-3
23
-7
26
33
66
103
83
122
79
96
66
53
55
42
64
46
13
19
63
68
101
114
135
116
100
92
92
100
95
84
151
232
168
184
164
124
132
110
105
135
216
224
219
267
251
200
258
248
222
197
178
152
140
99
67
63
62
47
19
-2
-1
-17
-11
-16
-10
28
44
70
10
-6
-26
3
29
43
23
62
62
65
77
46
110
162
192
227
221
180
152
103
156
180
201
182
167
175
150
137
106
62
37
14
29
52
-1
36
-3
38
30
73
67
49
63
-22
5
-14
14
-8
-6
2
-23
33
36
60
100
66
79
78
142
152
90
108
162
122
67
108
86
109
97
129
140
92
87
100
125
66
59
108
74
54
76
42
19
23
42
14
-11
-48
-81
-59
-21
-2
-34
-21
10
42
56
86
42
50
37
53
136
83
127
120
109
107
113
96
96
125
84
100
129
85
99
96
46
58
75
101
107
97
56
74
71
63
25
24
51
-1
5
23
13
-29
-32
-13
-33
-59
-17
-13
-39
8
22
9
17
28
9
16
-6
-20
-33
-56
42
3
-6
19
33
32
8
18
-13
-49
-41
-33
-64
-44
-82
-13
-56
-20
34
-11
-7
-12
4
30
14
5
-5
-49
-17
-30
32
-6
1
25
26
18
38
74
81
75
98
117
113
78
61
51
77
91
72
33
21
45
-20
-23
-68
-54
-24
-16
19
37
78
48
81
115
41
109
89
30
47
1
15
-6
3
-11
-32
-37
10
-2
-8
19
20
79
83
101
104
140
143
148
180
186
95
110
123
82
116
94
115
111
80
78
41
70
72
60
20
2
-18
-77
-27
-44
-60
-6
-32
-53
-43
-29
-11
-16
-9
26
53
67
83
93
73
63
51
32
37
29
57
91
47
95
107
123
111
110
133
77
95
117
113
152
188
228
212
197
234
210
193
213
189
155
155
125
123
105
58
27
68
13
-21
-4
-22
-4
-47
-31
-60
-92
-79
-131
-141
-132
-122
-98
-161
-129
-121
-90
-83
-95
-37
-42
-11
-2
22
24
16
61
77
111
82
57
85
81
142
134
115
105
103
131
142
143
131
92
41
56
35
-15
-9
21
-3
4
-25
-86
-125
-149
-150
-167
-109
-121
-96
-48
-84
-18
-29
-47
12
10
14
37
39
59
60
49
49
47
91
46
25
108
73
109
37
31
85
47
47
31
1
-56
-91
-116
-97
-104
-156
-156
-187
-175
-199
-262
-259
-284
-289
-309
-303
-294
-264
-206
-254
-240
-215
-190
-202
-144
-25
-38
22
48
71
58
70
93
70
96
65
57
90
70
35
63
34
50
45
56
84
36
73
24
-12
-47
-74
-53
-88
-131
-145
-99
-134
-109
-100
-115
-81
-132
-126
-140
-164
-134
-137
-130
-123
-123
-145
-191
-161
-138
-143
-133
-100
-81
-84
-77
-71
-84
-150
-204
-230
-190
-219
-248
-192
-243
-280
-284
-285
-283
-284
-291
-297
-291
-304
-258
-245
-212
-243
-243
-214
-223
-203
-219
-169
-155
-166
-214
-177
-156
-170
-152
-159
-119
-139
-173
-141
-188
-190
-168
-167
-166
-189
-215
-251
-197
-207
-242
-216
-217
-226
-230
-174
-186
-205
-179
-166
-122
-127
-86
-117
-120
-73
-63
-68
-64
-55
-47
-45
-21
6
-13
-4
9
16
-16
-46
-74
-77
-117
-133
-118
-164
-178
-194
-151
-181
-222
-207
-223
-198
-185
-196
-181
-181
-201
-188
-212
-247
-231
-257
-224
-226
-212
-199
-207
-146
-136
-159
-141
-62
-20
-27
-10
-14
-36
-75
-45
-80
-90
-115
-129
-158
-134
-108
-89
-57
-58
-18
-46
-6
-15
-45
-84
-56
-38
-31
-1
10
60
57
39
14
21
48
-7
-16
-16
-33
-41
-72
-20
-73
-65
-69
-120
-116
-123
-129
-116
-112
-109
-130
-152
-150
-156
-187
-204
-216
-245
-249
-273
-303
-296
-258
-217
-181
-156
-173
-123
-83
-76
-73
-71
-58
-88
-90
-89
-97
-164
-210
-193
-176
-187
-201
-219
-211
-186
-183
-172
-196
-174
-116
-63
-71
-85
-146
-209
-256
-269
-250
-297
-247
-237
-260
-264
-188
-217
-186
-165
-150
-106
-114
-129
-134
-127
-142
-103
-86
-88
-114
-90
-140
-111
-67
-62
-62
-51
-45
-43
-54
-137
-132
-93
-117
-153
-117
-161
-156
-129
-217
-219
-180
-193
-233
-258
-270
-281
-272
-290
-355
-312
-300
-255
-244
-240
-219
-236
-203
-207
-229
-197
-172
-204
-191
-169
-110
-141
-141
-148
-147
-91
-124
-165
-181
-167
-191
-167
-167
-172
-202
-220
-202
-223
-279
-255
-298
-326
-268
-238
-254
-269
-208
-255
-267
-237
-247
-250
-335
-302
-293
-298
-251
-247
-240
-260
-215
-173
-137
-81
-75
-102
-103
-141
-171
-164
-170
-156
-172
-132
-111
-94
-75
-126
-111
-91
-72
-57
-79
-69
-110
-162
-219
-199
-227
-253
-208
-248
-209
-206
-226
-226
-202
-186
-189
-196
-181
-173
-182
-161
-180
-153
-183
-192
-161
-156
-199
-227
-182
-169
-158
-163
-190
-198
-168
-192
-167
-192
-194
-161
-208
-200
-182
-171
-129
-72
-50
-58
-45
-57
-54
-38
-8
22
64
10
43
38
19
-15
-34
-25
-58
-41
-28
-24
-16
18
6
36
51
78
48
53
23
-15
-48
-60
-59
-93
-120
-109
-30
-99
-65
-56
-78
-61
-63
-68
-72
-84
-35
-95
-53
7
13
27
-15
-20
-61
-15
-13
-24
-51
-59
-7
-28
-56
-44
-27
-44
-51
-43
-79
-98
-90
-61
-56
-56
-40
-26
-9
-29
22
0
25
-13
-25
40
31
38
39
27
29
25
44
45
49
77
25
18
49
107
90
78
119
64
86
72
7
-60
-30
-56
-73
-45
-50
-29
-57
-34
-42
-84
-140
-107
-115
-109
-95
-90
-58
-45
-28
-28
-15
-40
-35
-43
-68
-18
-59
-49
-65
-45
-18
-28
51
13
-13
-53
-36
-30
-23
-29
-22
-30
-64
-68
-65
-62
-36
-50
-94
-38
-53
-71
-66
-35
-18
-38
-21
21
31
37
49
28
-41
-43
-39
-58
-59
-86
-60
-121
-132
-107
-95
-106
-100
-43
-20
13
37
49
64
33
86
91
119
83
94
123
92
77
79
28
-25
-36
-70
-92
-96
-78
-69
-41
-25
-45
-20
-6
-50
-57
-76
-105
-105
-77
-105
-139
-130
-142
-148
-190
-190
-179
-161
-155
-96
-49
-75
-37
-31
-23
-57
-23
-52
-91
-78
-82
-145
-134
-92
-111
-106
-121
-71
-52
-76
-58
-95
-106
-67
-63
-82
-100
-83
-132
-127
-80
-119
-95
-89
-105
-70
-46
-24
8
34
131
157
129
135
129
144
25
19
74
102
79
104
114
101
41
83
110
70
80
66
85
-24
-10
-38
-56
-73
-83
-64
-41
18
39
66
7
2
42
31
-18
-33
-38
-7
-41
-44
5
-23
6
30
88
79
97
155
134
162
152
171
210
215
178
188
117
67
101
66
32
-27
-24
-23
-41
-57
-103
-71
-81
-62
-90
-63
-83
-82
-102
-135
-75
-154
-190
-167
-205
-186
-214
-207
-157
-140
-149
-135
-50
-48
0
24
14
17
-16
-62
18
52
4
-30
-22
-24
-68
-53
-14
29
12
10
31
33
22
47
14
4
44
-11
18
-6
-35
-47
-109
-114
-155
-139
-154
-109
-149
-146
-115
-124
-134
-194
-172
-213
-234
-255
-318
-302
-277
-256
-201
-210
-209
-181
-135
-139
-97
-136
-129
-106
-55
-4
-13
15
-34
-48
-88
-75
-107
-115
-63
-41
-47
-88
-58
-23
12
21
20
66
101
84
105
95
106
60
-8
-4
-38
-72
-103
-130
-168
-142
-96
-67
-108
-134
-43
-72
-76
-113
-132
-158
-152
-160
-162
-67
-74
-35
-42
-49
-50
-82
-97
-97
-48
-27
5
35
14
-9
-5
-26
-103
-79
-141
-187
-208
-258
-239
-218
-189
-217
-225
-150
-174
-215
-190
-195
-205
-185
-219
-241
-188
-188
-185
-176
-215
-221
-233
-226
-210
-228
-183
-204
-160
-125
-121
-86
-104
-93
-85
-62
-14
-50
-22
-21
-35
-67
-97
-47
-74
-49
-37
17
39
21
113
84
73
54
83
108
65
30
8
-2
6
14
20
23
-7
15
-18
24
19
1
-15
-22
22
29
19
-34
-52
-65
-96
-129
-156
-110
-173
-170
-143
-155
-164
-115
-91
-57
-44
7
65
42
65
62
69
51
80
65
43
24
29
38
70
57
14
14
-25
-52
-68
-73
-84
-84
-54
-83
-121
-142
-165
-113
-113
-115
-99
-64
-69
-86
-29
-4
-8
-55
-34
-14
1
-20
-29
-57
-80
-33
-58
-35
-6
9
39
19
-8
-19
-55
-90
-68
-72
-87
-83
-101
-138
-201
-218
-165
-157
-183
-224
-183
-159
-129
-106
-37
1
-22
-20
-37
-3
-10
-42
-62
-33
-72
-43
-28
-63
-86
-126
-88
-100
-115
-75
-65
-40
-71
-63
-14
-69
-130
-131
-154
-185
-188
-119
-113
-140
-90
-88
-22
17
16
60
72
78
56
34
59
67
94
55
84
68
83
57
34
-4
-34
-1
9
-42
-1
18
7
-3
14
5
-21
16
-36
-38
-65
-71
-78
-120
-132
-146
-90
-74
-42
-73
-87
-16
7
15
30
9
29
9
42
55
18
77
51
57
9
34
-19
-70
-84
-129
-47
-37
-27
-88
-77
-49
-56
-33
-49
-92
-110
-104
-133
-133
-200
-206
-189
-217
-194
-181
-147
-186
-247
-185
-164
-125
-80
-16
-15
-42
-46
-117
-97
-96
-70
-53
-58
-30
-10
-13
28
4
45
47
52
99
91
40
31
109
111
97
116
97
54
45
-8
-8
3
27
60
70
70
51
70
71
39
52
34
-8
-46
-13
20
-11
-40
-45
-60
-53
-51
-44
-42
-67
-56
10
-39
-20
-9
3
-59
-80
-76
-89
-24
-53
-32
-40
-14
6
13
56
86
105
167
134
119
183
109
122
138
76
109
110
87
132
178
126
155
144
159
132
139
104
104
132
83
101
134
89
56
64
10
-61
-130
-118
-170
-213
-168
-146
-163
-105
-54
-48
-4
17
9
-10
-32
16
-30
-3
-1
-21
4
-6
-16
-43
47
63
73
91
85
82
82
108
102
109
93
55
63
37
11
-5
-45
-25
-18
-54
-43
-35
-29
-58
1
15
-6
7
38
19
31
25
-27
5
21
3
-40
-5
-24
-12
10
12
68
95
102
135
137
186
161
158
205
184
200
194
182
150
174
184
206
233
162
170
142
82
117
133
118
127
175
165
135
102
57
43
25
24
13
36
73
90
75
106
61
54
25
7
12
4
-24
-65
-19
-45
-28
-36
-49
-54
-89
-81
-86
-88
-88
-40
-23
-33
-32
13
22
39
54
55
0
-71
-74
-48
-57
-70
3
12
28
49
38
43
75
90
97
107
140
141
110
126
94
51
54
33
100
112
33
66
22
-2
15
-45
29
41
61
56
-6
-21
-15
9
-21
-45
-49
-43
-116
-96
-111
-61
-87
-103
-26
-48
-45
-41
13
5
42
64
29
9
-15
-19
-20
-24
-61
-70
-59
-45
-34
-22
-35
-49
-23
-49
-8
-43
-77
-97
-96
-135
-160
-177
-216
-181
-184
-178
-166
-141
-110
-111
-87
-46
-59
-67
-8
6
14
40
27
31
32
-4
47
-7
-22
-28
-80
2
21
53
73
40
24
57
-9
17
22
6
29
9
-3
-9
-39
-101
-103
-94
-104
-128
-121
-89
-77
-81
-12
32
69
43
105
102
65
50
-6
12
-47
-53
-77
-63
-38
-76
-108
-71
-29
-75
-48
-33
-33
-39
-53
-37
-34
22
10
2
-55
-67
-4
-14
-21
-17
9
39
35
63
57
72
105
89
125
122
83
71
56
25
27
23
34
36
60
57
45
37
-3
-37
-7
4
-16
-37
-45
-15
-52
-31
-53
-36
-70
-134
-88
-105
-104
-68
-36
-21
-27
27
19
-3
37
-2
-3
-16
-13
50
80
88
96
88
114
101
116
113
96
128
133
134
126
96
85
97
55
10
2
-48
-32
-33
-25
-40
-25
-31
-95
-99
-136
-109
-122
-118
-99
-90
-57
-59
-45
-12
-8
6
18
43
69
50
86
100
76
63
28
39
59
46
3
25
33
57
2
-21
-1
11
26
54
70
64
98
83
100
136
141
85
77
44
24
30
38
73
49
102
95
62
79
38
17
5
8
-14
-44
-85
-87
-84
-82
-64
-9
-16
-46
9
-37
-41
-19
-47
-3
-31
-31
-18
-37
-16
-22
1
37
22
10
45
61
30
13
33
71
49
29
-9
-44
-48
-54
-1
-16
-22
38
31
54
36
12
23
85
47
17
1
3
33
23
33
11
6
34
75
52
44
29
65
142
148
133
128
106
159
182
178
197
193
212
216
227
254
246
235
221
151
186
168
135
134
147
169
142
85
74
53
38
-4
-41
-22
-16
-20
8
56
58
42
28
44
28
27
11
12
64
39
48
66
64
53
77
65
67
37
30
18
-33
-26
62
127
133
185
200
232
273
283
313
300
318
332
282
269
261
187
185
175
151
162
146
193
186
153
108
105
151
151
134
140
83
91
112
119
99
125
139
131
88
117
103
40
35
28
83
68
99
73
98
173
150
118
102
135
146
101
114
185
198
212
241
276
282
316
331
342
313
280
262
219
189
157
179
164
154
145
145
139
129
161
172
187
154
161
138
129
112
82
52
19
-34
-25
-30
-59
-23
21
51
46
77
82
71
80
93
69
70
88
167
98
83
129
131
154
122
176
195
184
190
209
217
195
218
177
116
49
54
92
-4
25
-5
-33
-30
-8
49
24
24
37
9
13
76
75
10
-11
19
27
40
72
50
75
65
48
81
91
147
118
129
127
101
85
99
53
64
81
42
20
3
-20
-31
-49
-65
-49
-41
22
-31
-25
-27
-16
-52
-61
-45
-75
-16
-26
-14
-37
-49
-32
24
10
17
92
119
141
130
107
89
69
54
77
61
-9
3
16
33
31
58
68
42
35
57
91
97
139
195
227
200
185
168
165
109
86
69
55
9
-14
-34
-53
-117
-126
-114
-77
-82
-78
-54
-49
-13
-20
-10
-47
-34
-6
11
14
33
3
-5
39
69
78
107
103
103
138
162
171
212
173
117
132
135
63
68
80
67
51
32
4
-12
-58
-7
33
17
64
97
88
105
142
155
142
85
105
42
58
65
58
63
65
40
21
8
48
81
57
100
115
97
104
108
112
141
111
92
41
-3
18
-7
-9
-35
-32
21
2
-4
17
-24
-63
-22
-24
-27
-57
-29
-24
-49
-59
-43
-67
-43
-16
-54
-96
-68
-74
-43
-20
51
119
34
80
115
129
124
102
66
51
86
15
53
67
42
