SAMPLES:	17065
BITSPERSAMPLE:	16
CHANNELS:	1
SAMPLERATE:	16000
NORMALIZED:	FALSE
-142
-180
-175
-208
-265
-304
-303
-317
-335
-392
-320
-343
-354
-362
-375
-362
-394
-432
-448
-441
-464
-453
-440
-436
-401
-398
-397
-361
-371
-358
-336
-309
-307
-357
-324
-339
-302
-301
-247
-211
-197
-203
-202
-185
-228
-227
-247
-260
-253
-312
-302
-309
-298
-279
-268
-288
-293
-334
-333
-383
-362
-345
-371
-369
-354
-377
-341
-340
-397
-365
-404
-420
-420
-407
-417
-397
-372
-387
-385
-374
-359
-366
-413
-417
-385
-394
-408
-388
-361
-341
-324
-253
-263
-307
-276
-321
-343
-308
-279
-296
-289
-284
-285
-239
-249
-234
-231
-285
-278
-265
-299
-326
-301
-261
-288
-292
-319
-375
-367
-419
-409
-413
-428
-419
-394
-384
-386
-385
-369
-379
-389
-425
-470
-481
-507
-441
-423
-387
-387
-405
-454
-446
-383
-349
-361
-368
-330
-307
-259
-294
-294
-293
-305
-307
-266
-304
-314
-288
-298
-345
-366
-346
-352
-324
-300
-300
-244
-288
-293
-306
-294
-304
-366
-379
-382
-411
-452
-462
-454
-399
-337
-318
-336
-339
-287
-289
-278
-244
-265
-229
-244
-224
-164
-196
-240
-213
-181
-202
-166
-172
-133
-162
-189
-141
-179
-181
-180
-186
-218
-221
-246
-227
-246
-259
-263
-267
-309
-333
-320
-320
-342
-378
-358
-408
-374
-428
-435
-475
-497
-461
-436
-395
-399
-370
-346
-313
-304
-270
-296
-329
-283
-300
-258
-237
-286
-301
-299
-349
-344
-327
-320
-264
-208
-186
-172
-116
-127
-140
-118
-135
-191
-159
-134
-140
-156
-193
-134
-189
-175
-156
-220
-216
-201
-193
-188
-176
-187
-193
-197
-236
-228
-263
-301
-246
-248
-251
-266
-278
-222
-166
-194
-183
-153
-197
-272
-278
-268
-243
-181
-241
-256
-227
-211
-184
-248
-256
-227
-240
-183
-188
-160
-161
-167
-171
-114
-75
-83
-28
-51
-67
-98
-67
-82
-95
-127
-128
-105
-88
-108
-113
-90
-110
-85
-162
-165
-166
-201
-166
-172
-148
-85
-99
-105
-95
-75
-107
-133
-151
-132
-150
-141
-94
-80
-57
-111
-107
-113
-98
-103
-98
-62
-72
-59
-45
-54
-61
-37
-47
-42
-6
-9
-1
15
37
1
-16
-12
-12
27
42
54
8
-4
-27
-18
-66
-88
-82
-55
-77
-85
-81
-138
-64
-53
-61
-1
-20
-18
-50
-35
-53
-85
-100
-135
-90
-105
-126
-108
-108
-89
-49
-71
4
-3
-33
-8
24
14
-4
-15
-21
8
13
108
38
52
58
74
153
187
198
175
202
195
161
154
92
104
119
112
105
95
74
89
91
94
71
41
21
-8
-21
17
15
-15
9
47
25
40
57
67
82
60
62
80
95
68
73
70
138
143
147
204
200
217
193
211
198
159
163
140
105
50
55
80
79
112
149
135
122
72
59
71
20
-21
-33
-25
13
18
29
-4
-51
-36
-81
-82
-103
-155
-138
-159
-142
-108
-119
-79
-41
-76
-68
-53
-69
-31
-39
0
19
80
81
101
138
149
158
165
155
134
145
124
111
104
128
95
82
89
73
82
68
84
73
34
76
73
70
95
67
109
157
115
123
151
186
148
125
210
180
192
135
144
156
113
159
143
171
150
117
136
121
111
99
87
65
104
94
61
128
126
104
83
82
139
133
83
92
49
47
65
90
78
68
31
67
121
95
87
106
114
113
138
156
150
129
153
136
161
138
173
164
141
200
162
212
233
223
220
202
206
200
208
200
140
126
80
48
85
82
105
90
85
121
97
53
111
101
97
57
92
79
64
102
50
68
44
70
22
-36
-15
-20
19
76
101
137
144
138
172
215
217
240
212
182
198
190
200
215
174
164
201
221
184
236
251
245
290
285
290
249
204
187
155
83
37
35
-14
-27
-1
-19
39
38
30
71
112
91
92
167
174
170
123
121
155
111
83
115
145
154
158
194
205
180
170
184
198
199
228
207
191
235
200
143
113
150
83
32
14
51
45
35
24
98
165
136
141
149
159
150
167
160
181
176
167
191
168
124
120
94
89
69
92
88
74
86
79
76
36
59
42
39
68
79
58
53
28
44
52
97
124
92
118
110
135
136
129
142
190
210
208
199
166
178
159
158
135
144
155
133
144
130
155
132
100
140
105
109
83
99
127
140
154
99
116
76
43
38
43
42
92
125
99
121
157
191
212
245
282
282
239
244
230
216
182
192
184
193
179
185
183
183
177
179
209
211
191
175
170
140
151
191
173
120
155
167
168
174
119
119
180
132
136
168
206
186
194
231
295
360
366
396
393
351
293
317
283
261
276
266
265
291
281
274
250
214
221
154
151
150
124
143
162
150
169
147
137
210
199
155
116
152
130
134
169
186
212
210
209
232
263
232
276
208
219
231
255
277
268
289
280
250
267
328
304
246
267
277
232
262
249
256
266
249
234
241
193
204
225
171
171
186
215
207
246
302
281
284
290
319
284
286
332
320
324
372
368
327
340
290
266
273
310
303
307
312
332
330
356
372
400
369
330
348
357
351
297
270
294
296
304
295
253
295
270
297
267
259
277
289
253
227
256
217
217
198
218
221
179
169
204
148
157
113
129
180
115
137
150
126
154
204
212
199
239
236
268
266
239
251
231
216
238
316
373
376
399
402
451
495
492
430
436
432
394
464
386
421
394
402
396
344
344
283
342
333
322
269
249
241
293
351
394
378
336
377
388
438
435
438
461
458
418
404
403
403
450
437
403
398
443
451
457
486
463
450
453
439
400
331
301
336
332
323
319
316
287
326
272
235
265
251
274
267
279
282
330
317
326
339
343
352
319
323
328
365
357
348
364
371
365
395
385
384
382
426
479
473
488
447
455
425
402
391
349
333
339
354
374
340
356
331
332
347
321
352
393
378
345
322
327
357
344
350
328
356
389
381
382
347
367
417
422
395
359
325
312
320
353
385
412
462
417
420
394
391
380
368
385
377
408
430
415
438
412
398
362
412
405
407
374
350
367
376
400
363
343
340
342
355
324
312
318
293
294
281
343
333
331
337
300
323
334
311
345
322
312
287
317
326
333
345
358
436
394
441
437
460
457
399
417
405
378
404
428
419
447
443
411
417
439
414
381
403
361
352
363
310
327
293
220
234
206
224
264
266
245
260
300
327
282
271
284
203
206
211
195
188
239
178
193
228
193
182
194
223
219
194
159
186
222
275
273
321
350
321
282
218
186
160
149
129
104
157
132
148
151
143
155
189
253
290
292
306
300
310
329
311
325
324
343
352
386
400
394
372
352
348
381
433
418
431
435
427
417
389
363
354
304
271
266
232
244
192
178
154
149
143
137
166
180
203
189
208
250
226
221
181
224
238
287
300
210
222
269
240
222
241
229
251
193
213
179
142
165
149
181
152
93
90
71
69
32
30
63
77
80
133
110
116
129
94
114
119
138
170
164
162
191
182
120
142
157
129
154
149
147
158
183
178
230
254
249
258
239
247
211
244
223
249
234
211
219
173
140
164
131
108
102
120
73
60
71
99
134
168
187
173
159
106
95
62
69
70
45
26
61
101
63
33
21
49
62
55
61
54
105
106
84
76
72
95
51
38
79
90
90
70
144
145
102
89
140
153
159
162
111
135
153
183
131
146
151
82
78
113
26
37
102
77
66
20
59
42
39
63
26
21
48
45
36
31
31
45
62
100
71
105
153
106
148
118
147
230
189
142
174
171
145
166
157
133
114
110
116
74
104
59
-1
6
63
39
74
61
53
52
-9
-42
-56
-54
-67
-36
-156
-133
-94
-111
-109
-38
11
1
36
40
46
14
45
22
12
14
1
8
24
78
23
30
76
86
83
64
71
63
69
97
85
104
166
140
159
176
135
94
89
61
92
76
44
69
56
64
76
140
91
85
48
49
48
39
26
24
29
47
84
58
78
100
105
109
168
173
125
167
187
167
194
196
188
205
228
203
216
226
201
197
146
146
163
117
133
112
93
112
53
33
28
-3
-29
-32
-47
-109
-112
-137
-117
-142
-159
-154
-170
-165
-138
-74
-91
-65
-81
-34
16
32
59
9
28
21
37
138
139
146
147
174
157
173
172
180
187
224
206
178
128
150
105
101
130
58
56
-8
35
-1
-40
-51
-79
-82
-106
-93
-60
-2
-30
-89
-105
-123
-120
-131
-131
-134
-96
-116
-101
-43
10
6
28
29
7
49
20
71
170
156
158
164
183
220
152
186
146
170
172
105
155
120
144
131
132
115
82
47
8
-14
-89
-133
-178
-131
-140
-131
-135
-128
-105
-77
-74
-40
-17
11
35
21
42
40
-9
16
32
13
16
26
57
73
65
73
60
0
-21
-37
-31
0
2
23
14
4
37
44
66
123
117
115
65
44
64
35
-1
-7
-7
4
54
48
46
23
-11
-19
-32
-57
-84
-88
-54
-132
-167
-170
-172
-157
-195
-164
-165
-194
-195
-191
-198
-217
-160
-162
-138
-158
-162
-175
-140
-146
-165
-97
-115
-36
-21
11
28
82
46
-11
54
77
50
71
99
128
142
150
144
156
107
44
47
26
45
59
35
21
19
10
36
39
0
-16
-26
-23
-48
-30
-48
-75
-16
-100
-46
-75
-145
-151
-141
-149
-163
-168
-184
-150
-166
-167
-140
-119
-131
-107
-93
-91
-85
-135
-106
-89
-105
-92
-126
-103
-47
-47
-19
21
9
-7
-6
4
-28
-36
-68
-33
-22
-26
-12
8
60
24
91
66
35
89
94
61
42
3
-27
-44
-56
-99
-101
-123
-87
-74
-165
-98
-109
-132
-181
-170
-151
-181
-112
-106
-114
-120
-122
-84
-100
-104
-127
-23
-36
-24
-7
4
16
-19
30
41
75
110
136
101
121
104
137
182
163
163
152
154
175
192
222
202
186
159
156
139
77
106
41
13
15
-49
-37
-53
-16
-17
-29
-82
-88
-104
-136
-100
-116
-63
-8
34
31
24
8
15
34
40
9
-27
-7
-23
-33
-16
11
17
35
38
-11
71
28
62
77
59
85
108
167
174
167
133
123
63
34
2
-25
-47
-2
27
59
94
101
109
117
87
72
99
40
4
59
25
-2
-28
0
9
-17
-13
-67
-31
-48
-45
-65
-100
-98
-88
-84
-98
-50
-6
-41
-55
-52
-88
-50
-23
-36
-26
-67
-60
-23
-11
43
37
57
39
70
54
13
4
-26
11
-1
-44
-9
6
-46
-3
-16
-90
-73
-50
-52
-32
-4
9
-2
-53
-81
-64
-113
-116
-132
-127
-107
-136
-132
-159
-159
-130
-137
-73
-40
-14
30
-16
-5
-49
-48
-37
-104
-53
-46
-45
2
-18
10
0
-27
-40
-56
-27
-5
22
0
-1
1
20
-17
-55
-20
-44
-87
-105
-74
-100
-83
-65
14
-1
26
37
6
-75
-27
-14
-34
7
11
-2
-98
-76
-129
-128
-104
-135
-126
-94
-53
-40
-22
-3
-7
-47
-48
-71
-99
-54
-44
-30
-1
74
65
21
69
76
65
47
73
43
34
66
15
16
39
5
14
10
-25
3
14
18
-37
-67
-47
-64
-85
-82
-25
-13
-36
-44
-82
-114
-69
-50
-18
-50
-33
-25
-65
-47
-50
-23
-23
-14
-17
13
-10
-30
-79
-53
-68
-70
-17
-1
30
32
36
31
80
-8
38
74
48
8
24
24
-11
18
-15
22
1
17
43
45
62
43
20
10
-61
-98
-113
-184
-158
-126
-194
-176
-99
-74
-46
-35
-44
-58
-90
-106
-92
-104
-101
-68
-66
-46
-69
-39
-40
-92
-91
-99
-122
-101
-87
-84
-75
-82
-54
-14
-17
-7
-33
-75
-73
-88
-140
-189
-182
-143
-146
-149
-115
-123
-85
-105
-105
-105
-88
-110
-100
-120
-68
-79
-119
-121
-111
-85
-63
-54
-50
-40
-40
36
8
14
1
-9
37
64
52
50
49
2
-13
-56
-80
-60
-84
-60
-53
-43
-28
-7
6
-20
-42
-10
-64
-38
-50
-66
-33
-29
-11
-16
-19
35
74
39
9
37
38
85
69
52
30
35
22
-16
42
-32
-46
31
-11
19
14
-23
-24
16
35
15
81
86
37
56
75
97
84
48
48
18
-13
2
-24
-8
-17
-87
-7
-31
1
6
22
69
93
79
93
89
48
65
35
46
33
54
62
14
47
35
35
48
63
40
5
-10
6
-1
48
44
23
19
18
12
-10
-25
-40
-60
-60
-70
-81
-24
-48
-21
4
-5
23
78
66
56
106
86
79
86
64
33
15
21
32
14
11
41
54
63
65
69
7
24
-22
-41
-16
-20
1
-18
-30
-62
-16
11
-46
-11
-33
-38
-23
-14
-11
-35
-19
8
10
49
53
60
68
42
76
74
66
16
60
54
4
12
-6
10
-5
20
10
-13
2
24
26
1
4
20
-2
-3
50
72
21
1
11
20
14
25
31
30
30
21
75
41
57
86
48
36
2
-3
30
-7
24
44
41
46
29
21
-9
-19
-46
-10
-18
-8
20
16
15
-46
-20
-10
-36
13
7
4
0
-42
-47
17
13
6
21
33
41
75
52
39
55
29
-5
-37
-48
-110
-36
-1
-54
-45
-36
-50
-8
-18
-23
-53
-31
-78
-114
-83
-120
-86
-95
-69
-30
26
47
107
78
40
16
30
-3
71
56
72
86
70
118
41
55
49
49
38
65
-2
34
36
59
84
94
82
91
122
62
99
79
71
14
0
8
-8
-29
-12
7
30
-17
-47
-44
-52
-72
-80
-93
-75
-78
-93
-99
-76
-68
-19
-19
-43
-14
-18
3
-9
17
-37
-54
-7
28
2
-29
21
30
59
18
29
19
22
43
26
34
15
49
-24
-2
-27
-29
-20
-66
-89
-92
-126
-92
-44
-31
-3
1
49
56
78
58
58
79
48
87
73
29
33
36
15
50
93
53
73
82
58
47
35
13
-43
-80
-101
-123
-120
-96
-147
-112
-117
-95
-114
-84
-78
-98
-86
-86
-24
5
7
-39
-54
-17
-13
9
47
69
81
45
76
69
81
88
47
52
80
80
105
103
15
-8
31
42
14
-23
0
15
16
6
-7
-5
-62
-117
-163
-202
-235
-210
-203
-208
-203
-234
-226
-200
-212
-196
-214
-154
-145
-124
-77
-68
-26
29
68
-1
6
6
-7
-36
-37
-86
-29
6
5
63
87
98
105
129
126
152
112
136
81
51
85
45
52
17
8
-54
-47
-60
-71
-20
-73
-47
-63
-41
-48
-27
-24
-50
-61
-102
-80
-110
-98
-91
-46
-62
-20
-49
-67
-46
-47
-9
-18
14
12
63
66
46
25
-20
-43
-28
-33
-54
-61
-66
-47
-41
22
-29
-16
6
-22
-40
-38
-40
-71
-35
-52
-75
-76
-77
-32
31
36
62
56
101
100
114
130
109
74
65
31
14
48
48
24
17
1
19
44
-14
-17
-18
-20
16
41
54
88
67
105
86
87
117
67
47
64
65
33
56
63
40
58
74
69
52
52
70
57
36
7
-25
-5
36
17
64
56
41
1
-55
-54
-87
-30
-41
-66
-24
-46
-3
-50
-93
-68
-121
-92
-115
-90
-60
-24
30
10
22
24
8
-11
27
-12
-39
-13
-75
-95
-87
-59
-86
-71
-33
0
40
60
32
24
11
1
10
-27
-15
-31
-71
-79
-42
-57
-66
-60
-52
-46
-62
-113
-99
-98
-108
-82
-92
-84
-68
-61
8
43
34
21
5
-56
-17
1
13
41
37
123
98
137
147
140
197
204
155
137
134
109
59
63
49
43
31
63
44
34
46
43
5
-8
-23
-56
-35
-71
-67
-3
-53
-67
-107
-101
-105
-130
-103
-138
-116
-140
-97
-131
-130
-106
-49
-88
-84
-53
-103
-79
-67
3
49
31
17
10
-13
12
22
30
37
2
53
56
55
69
86
93
83
120
99
107
66
91
60
-29
-18
12
17
6
-53
-21
2
-58
-84
-71
-59
-55
-37
-40
-58
-23
-59
-112
-114
-78
-104
-57
-73
-80
-63
-54
-39
-22
30
33
-3
13
35
-19
17
49
40
14
27
44
6
13
44
29
-14
-66
-57
-80
-72
-100
-114
-87
-96
-142
-157
-115
-128
-111
-110
-71
-122
-135
-132
-193
-184
-192
-203
-193
-182
-176
-174
-178
-146
-169
-162
-132
-124
-88
-117
-77
-38
-1
-25
-13
51
-11
3
53
90
92
54
47
70
107
140
136
108
72
70
68
81
42
30
21
59
95
59
-13
-34
-8
-52
-68
-56
-67
-37
-24
-43
-17
-33
-11
-37
-66
-41
-56
-72
-109
-65
-47
-58
-33
-30
-60
-75
-34
-35
-36
4
16
-3
-23
-5
-13
-13
-38
-40
-33
-15
-14
32
37
-45
-35
-27
-38
-38
-76
-54
-52
-28
-23
-20
-5
3
-21
-62
-48
-56
-56
21
-3
5
58
79
78
69
64
86
61
45
36
11
8
6
-18
-49
32
25
-2
5
17
36
63
69
87
64
31
4
-3
-15
-71
-68
-87
-52
-4
-1
55
76
91
65
85
63
36
62
89
54
55
97
107
88
72
61
28
46
2
-9
18
39
29
14
34
57
56
30
28
19
25
53
58
53
33
45
61
37
44
48
65
68
44
24
24
25
8
-32
-21
-16
10
-22
-53
-3
-39
7
32
27
12
28
3
-37
-64
-94
-108
-87
-63
-44
14
-26
-29
1
24
-25
-18
6
-27
6
30
60
71
41
24
17
19
24
41
81
105
123
96
149
141
132
135
135
155
152
163
135
102
87
69
32
63
52
11
20
56
64
68
82
68
23
22
-4
-8
-29
-64
-66
-54
-59
-57
-75
-70
-25
-34
-13
31
37
4
36
15
-5
19
30
0
-21
16
74
64
117
138
117
139
144
212
204
170
153
154
161
151
126
50
-30
-28
-66
-102
-89
-106
-122
-92
-126
-71
-41
-19
-8
-22
-11
3
58
19
34
27
29
30
30
2
26
46
43
70
43
54
19
58
38
-44
-17
-18
-41
-26
23
27
-12
-22
-31
-51
-96
-131
-163
-136
-164
-154
-129
-135
-106
-69
-14
39
69
31
23
6
15
11
21
17
66
71
38
18
-5
-11
-55
-66
-105
-143
-124
-96
-85
-96
-117
-80
-39
-57
11
-20
-28
-16
-10
9
1
-43
-45
-53
-41
-61
-19
-20
-11
-8
-59
-16
-48
-14
-5
-24
-13
-12
20
-18
-50
-14
-19
-29
9
5
8
5
-38
-6
-27
14
41
71
44
-25
9
-17
-17
-39
-16
-23
-12
40
76
75
128
133
92
116
136
170
162
169
190
179
166
124
111
107
111
128
122
125
106
147
129
158
149
140
143
124
135
78
76
42
43
-4
-19
-5
-39
3
-2
-8
12
17
-11
-62
-6
37
33
26
65
88
37
43
29
36
25
32
42
33
56
56
66
74
42
48
36
55
9
17
-32
-61
-36
-6
-5
19
50
33
47
11
62
85
107
150
120
146
117
142
111
97
131
107
64
39
106
99
163
129
146
199
223
183
152
194
134
98
103
61
44
57
4
2
-26
-62
-42
-34
-22
-2
4
9
8
17
48
34
11
28
-3
7
46
57
49
19
-8
14
32
81
78
92
109
171
185
194
221
259
227
187
190
142
118
74
50
7
21
21
-7
-17
-31
5
9
-32
-44
6
-1
24
69
83
110
110
114
148
121
93
95
71
120
78
94
97
97
133
102
132
152
198
162
131
146
67
54
48
-22
-16
26
64
51
63
50
65
25
-7
-12
4
34
40
83
116
94
133
165
177
253
248
223
218
183
182
136
128
185
164
195
192
153
111
90
71
40
8
1
-63
-81
-94
-140
-146
-152
-164
-112
-146
-65
-19
-45
5
12
32
-6
2
30
73
23
35
24
75
70
65
56
43
96
80
132
109
100
119
90
123
118
122
114
84
71
121
104
90
64
47
4
20
33
50
60
73
78
74
86
101
129
96
48
53
74
39
48
7
-23
44
33
-29
-10
-2
18
-5
-22
-5
-2
8
-8
-4
-9
-17
-54
-48
-24
-51
-42
-37
-6
8
29
30
6
46
112
92
96
101
59
66
64
46
26
25
45
87
100
83
108
62
38
64
100
162
155
202
127
146
135
81
99
27
39
24
23
-18
29
40
40
107
112
150
116
86
134
179
154
146
128
97
94
4
18
37
-2
23
5
-14
13
3
69
99
86
135
129
118
128
103
108
61
40
86
98
126
143
147
108
167
119
120
103
100
95
36
31
59
35
27
93
90
94
47
44
7
22
23
2
73
91
158
124
152
178
148
155
142
110
88
90
33
31
5
-12
-14
11
48
16
50
86
85
98
71
105
90
78
74
26
41
60
52
28
32
60
25
32
23
11
28
54
56
55
94
42
51
45
63
62
34
4
-2
-24
7
4
-33
-35
22
-4
-49
-3
1
19
-1
-6
13
-5
-23
1
14
5
-2
5
20
-10
47
50
34
21
35
23
12
0
-25
-37
-10
-26
-59
-71
-74
-71
-88
-41
-125
-93
-98
-79
-86
-87
38
4
16
58
-14
-60
-28
-39
-64
-62
-52
-35
-17
3
76
62
78
109
135
93
138
180
111
135
74
43
63
74
71
73
12
-39
-55
-37
-9
2
12
21
41
83
63
49
50
48
40
24
9
30
15
5
21
10
-5
-32
27
26
8
24
28
-18
-23
2
21
56
8
-32
-19
-4
-21
-41
-30
-42
-65
-57
-36
-63
-49
-30
-39
-34
5
60
53
11
-2
-3
11
6
57
43
70
96
79
94
106
152
117
125
118
77
71
52
38
65
22
4
16
-25
-39
-84
-51
-34
-36
-26
-14
-21
-33
15
-9
13
10
17
-38
-46
-37
-42
1
-48
-83
-84
-85
-84
-76
-75
4
-5
-16
51
49
33
55
35
40
57
56
36
20
31
19
-44
-25
23
34
33
9
-5
21
-51
-47
28
-24
18
-1
2
-4
-41
-35
-65
-57
-60
-55
-39
-25
-18
-28
-16
-14
-21
12
-21
49
59
-6
0
36
8
16
19
11
42
60
21
74
82
56
73
50
95
66
73
71
60
45
15
23
8
-28
-33
-47
-66
-50
-68
-73
-58
-107
-82
-83
-103
-61
-45
-42
-64
-76
-59
-47
-94
-101
-95
-116
-132
-138
-150
-102
-120
-135
-60
-57
-45
-32
-40
4
-15
-24
36
44
22
4
33
-10
-9
-54
-120
-86
-46
-33
-25
-17
18
20
-34
-17
-49
-40
-18
-80
-8
-75
-89
-81
-98
-73
-81
-82
-112
-102
-93
-112
-103
-124
-107
-58
-76
-35
-10
-2
-7
-57
-58
-49
-49
-23
-40
-89
-71
-100
-122
-94
-85
-91
-57
-63
-80
-70
-86
-57
-35
-63
-44
-37
-37
-51
-75
-67
-89
-70
-23
-46
-43
-8
-34
-93
-99
-99
-85
-105
-119
-124
-155
-134
-171
-121
-134
-145
-47
-54
-76
-69
-82
-102
-118
-162
-166
-121
-166
-153
-112
-179
-179
-133
-65
-94
-91
-17
4
8
17
59
93
98
102
115
40
-2
-12
-12
-8
-44
-26
-34
-41
17
11
81
89
38
113
79
30
21
-83
-71
-87
-131
-135
-145
-122
-153
-174
-151
-151
-142
-83
-24
-74
-83
-87
-51
-76
-54
-42
-71
-42
-48
-45
-39
-69
-94
-103
-89
-63
-52
-75
-48
-13
-40
43
6
6
-15
-22
-6
-53
-91
-96
-87
-116
-144
-165
-144
-114
-78
-19
-24
34
58
49
34
-4
7
-33
-64
-93
-136
-116
-108
-99
-99
-89
-83
-33
-65
-59
-46
-75
-87
-102
-43
-82
-99
-75
-59
-82
-25
-33
-41
5
-34
-35
-37
7
-20
-31
-25
-15
-9
-48
3
6
36
9
-27
-42
-119
-121
-121
-137
-116
-140
-162
-155
-159
-122
-197
-162
-164
-195
-205
-196
-177
-206
-199
-164
-149
-162
-150
-162
-157
-146
-118
-108
-92
-105
-90
-96
-88
-124
-93
-105
-110
-131
-127
-137
-126
-85
-147
-177
-178
-128
-114
-83
-46
-11
-2
-11
25
35
15
-28
-51
-40
-46
-9
-25
-5
29
45
26
39
63
92
49
54
55
44
61
-1
16
47
-16
6
-10
-49
-36
-56
-21
-34
-16
6
-33
-31
-67
-64
-88
-96
-72
-23
-26
-53
-27
-44
-68
-92
-99
-61
-116
-124
-72
-84
-53
-31
-14
1
23
32
26
9
6
18
-7
10
10
15
49
89
103
118
144
196
175
114
126
187
166
178
138
85
91
95
64
51
51
24
-2
0
-28
-18
4
20
39
22
30
21
40
60
44
40
-6
-11
-27
-35
-25
-52
-34
-9
21
-48
-37
41
2
-27
-47
-49
-13
-13
-24
-90
-74
-67
-98
-102
-116
-78
-36
-9
6
-17
9
49
43
66
78
81
84
120
102
129
129
124
148
142
153
124
115
86
51
18
20
-17
-13
38
40
-9
-3
-29
-49
-1
16
47
31
9
18
1
-15
-16
0
-5
13
40
42
36
75
103
106
149
103
65
126
67
83
54
45
44
38
51
31
20
2
11
7
-10
14
10
-51
-68
-100
-87
-89
-133
-143
-126
-123
-124
-140
-119
-97
-124
-113
-66
-41
-35
-70
-79
-76
-74
-95
-77
-108
-163
-130
-140
-153
-126
-96
-82
-98
-109
-77
-107
-157
-145
-162
-124
-69
-64
-62
-115
-88
-55
-58
-28
-38
-64
-67
-132
-80
-92
-95
-79
-58
-50
-62
-67
-64
-44
-96
-67
-109
-140
-108
-161
-118
-125
-73
-103
-156
-110
-107
-127
-162
-136
-134
-143
-166
-152
-157
-221
-267
-256
-219
-175
-145
-121
-138
-157
-171
-187
-211
-204
-214
-259
-251
-261
-268
-274
-277
-277
-299
-335
-369
-332
-268
-266
-308
-221
-168
-188
-181
-174
-104
-135
-116
-81
-90
-108
-97
-91
-114
-161
-171
-211
-240
-237
-247
-255
-259
-253
-239
-234
-220
-235
-271
-272
-265
-263
-266
-277
-285
-264
-226
-240
-227
-193
-190
-139
-151
-117
-95
-72
-77
-68
-25
-61
-50
-68
-88
-137
-140
-91
-111
-123
-134
-141
-120
-70
-94
-119
-70
-73
-106
-115
-117
-102
-104
-100
-97
-132
-91
-84
-121
-98
-76
-59
-85
-72
-84
-55
-94
-87
-81
-56
-39
-38
-36
-49
-33
-16
-54
-61
2
0
-22
-46
-14
2
24
11
51
62
74
33
67
70
67
97
92
109
76
68
53
47
33
67
16
12
-39
-17
23
9
45
14
8
-31
-14
15
10
55
95
102
81
40
53
13
-11
-12
-7
-57
-72
-85
-90
-98
-76
-63
-101
-80
-101
-94
-130
-113
-74
-104
-71
-63
-46
-42
-74
-7
-37
-48
-30
11
27
-41
-46
-45
-70
-53
-65
-29
-23
-37
-19
-17
-2
3
14
49
64
40
51
70
94
81
69
43
31
32
56
30
47
49
29
23
17
24
19
8
41
50
37
36
34
35
42
101
90
74
15
50
55
32
52
27
93
89
75
96
129
135
172
139
140
166
110
92
68
21
11
29
6
46
49
32
15
-27
7
-5
20
-25
6
40
88
97
94
118
96
147
100
104
94
78
90
44
35
72
106
116
145
134
129
142
140
119
58
30
38
20
-16
3
46
75
94
103
107
136
145
63
74
50
-8
-7
-58
-23
-6
68
24
49
81
81
89
48
76
60
92
24
96
115
132
159
151
216
228
236
238
211
241
284
222
193
251
248
310
357
330
342
366
402
373
369
378
322
331
307
269
205
190
201
203
232
151
131
158
149
155
101
116
77
53
55
49
57
52
87
68
123
119
118
170
177
181
182
211
215
226
233
189
203
224
183
171
207
217
170
194
208
204
220
199
187
155
162
123
142
132
179
199
116
110
114
82
93
132
108
158
194
209
265
319
723
1068
284
-302
387
1022
679
204
340
549
533
392
584
1075
864
-89
-162
826
1174
386
-145
48
476
598
666
659
80
-355
325
1144
809
56
75
599
254
-70
748
1287
500
-259
356
1085
831
302
-6
31
145
666
849
-30
-579
-253
212
527
776
493
-526
-631
131
481
516
286
-168
-348
317
892
407
-262
-301
-8
356
782
464
-530
-916
-146
875
849
229
-361
-437
-149
288
778
502
-138
-159
256
350
437
501
-19
-76
572
930
610
61
-228
79
723
868
474
78
-97
23
468
782
723
206
-181
2
282
430
242
35
50
268
267
61
12
55
237
432
233
159
270
58
22
279
472
613
464
188
69
160
367
541
608
436
168
-22
96
442
458
227
123
147
142
259
215
3
-44
57
201
190
118
-111
-365
-290
129
170
45
-286
-769
-798
-394
-87
-409
-704
-663
-673
-695
-565
-627
-793
-918
-787
-577
-630
-934
-1233
-1163
-1095
-992
-862
-1069
-1251
-1337
-1237
-1000
-886
-1002
-1146
-972
-812
-770
-614
-498
-614
-483
-10
257
220
264
384
563
903
1150
1346
1508
1492
1554
1745
1871
1877
1947
1947
1897
2034
2093
1924
1775
1691
1867
1911
1664
1384
1234
1263
1308
1312
1126
903
827
805
772
644
468
288
167
213
276
273
114
-60
-112
5
61
53
-37
-128
-119
-90
-125
-198
-214
-376
-507
-390
-321
-477
-580
-787
-866
-730
-768
-939
-1038
-1168
-1276
-1361
-1356
-1371
-1692
-1896
-1899
-1984
-2247
-2338
-2579
-2956
-3123
-3185
-2811
-1817
-1760
-3014
-4003
-3565
-1280
220
-740
-2596
-2607
-584
1166
1117
-121
-53
1368
2388
2538
2083
1952
2416
2760
3203
3744
3886
3074
2210
2542
3753
4550
3510
1951
1470
2024
2665
2246
1292
778
783
795
607
210
-279
-502
-507
-470
-418
-680
-1091
-1212
-846
-202
-110
-472
-778
-489
108
542
693
600
647
840
1080
1527
1844
1843
1691
1654
1983
2278
2142
1758
1625
1851
1842
1520
961
809
923
761
481
123
-212
-519
-812
-1040
-999
-1118
-1541
-1954
-2261
-2301
-2132
-2272
-2615
-2792
-2821
-2856
-2944
-3059
-3100
-3147
-3346
-3388
-3274
-3357
-3756
-4121
-3298
-1542
-1532
-3405
-4884
-4061
-883
1017
-403
-2826
-2765
-11
2219
1995
381
418
2110
3317
3663
3147
2990
3429
3824
4397
4986
4778
3647
2880
3526
4980
5393
3844
2192
1955
2676
3208
2550
1382
774
838
875
591
59
-504
-578
-730
-835
-749
-1076
-1484
-1535
-1141
-571
-543
-963
-1155
-712
-84
235
200
57
336
599
835
1065
1219
1276
1113
1169
1503
1765
1555
1261
1233
1398
1462
1028
454
371
583
515
-31
-536
-665
-717
-882
-1151
-1356
-1535
-1838
-2025
-2139
-2071
-2116
-2424
-2728
-2755
-2528
-2561
-2904
-3204
-3167
-3094
-3191
-3383
-3678
-3896
-3402
-2052
-1489
-2701
-4242
-4191
-1834
502
199
-1946
-2810
-883
1664
2295
981
314
1475
2932
3534
3144
2784
3154
3658
4166
4537
4427
3703
3028
3339
4365
4945
3893
2245
1695
2421
3206
2731
1354
434
562
1088
1065
269
-537
-785
-691
-653
-715
-988
-1311
-1399
-1240
-832
-727
-1017
-1158
-879
-309
33
-75
-357
-167
362
770
851
763
780
830
927
1072
1282
1260
1025
821
926
1067
938
650
509
481
379
150
-148
-186
-214
-499
-815
-944
-951
-1138
-1421
-1627
-1765
-1726
-1742
-1945
-2187
-2398
-2532
-2523
-2527
-2671
-3002
-3411
-3581
-3680
-3608
-2914
-2211
-2793
-4198
-4891
-3571
-1139
-503
-2147
-3719
-2812
-312
1122
431
-624
-74
1474
2700
2799
2352
2447
2980
3620
4204
4423
4055
3436
3454
4369
5307
5050
3638
2699
3093
4060
4039
2887
1813
1622
2084
2180
1515
588
133
249
288
-8
-519
-969
-1056
-1005
-857
-916
-1184
-1394
-1371
-1007
-657
-661
-904
-842
-415
-76
-45
-66
34
274
383
559
721
783
722
755
915
981
937
748
744
811
765
555
304
243
328
135
-239
-519
-520
-615
-875
-1190
-1322
-1335
-1489
-1708
-1964
-2114
-2237
-2426
-2711
-2841
-3077
-3363
-3639
-3931
-3546
-2472
-2356
-3649
-4957
-4651
-2377
-575
-1365
-3330
-3613
-1593
664
986
-289
-662
584
2058
2692
2330
2175
2681
3209
3658
4027
4029
3697
3405
3709
4512
4850
4168
3288
2978
3430
3836
3355
2407
1761
1840
2157
1979
1251
512
260
282
378
300
-151
-507
-702
-666
-397
-395
-683
-927
-879
-511
-300
-445
-617
-531
-293
-62
75
57
99
124
164
401
649
646
512
430
607
775
695
574
650
744
690
460
300
279
332
244
121
-16
-180
-356
-640
-676
-680
-861
-1191
-1523
-1628
-1670
-1952
-2349
-2681
-2916
-3162
-3593
-3619
-2782
-2339
-3282
-4726
-5022
-3247
-1331
-1474
-3322
-4201
-2677
-436
415
-521
-1167
-263
1170
2014
1882
1769
2238
2765
3250
3664
3899
3676
3414
3621
4330
4914
4471
3724
3269
3367
3878
3801
3172
2500
2201
2269
2170
1878
1359
971
585
297
253
-11
-180
-448
-675
-659
-743
-837
-1061
-1072
-942
-762
-703
-767
-643
-596
-503
-319
-115
12
86
57
104
301
432
506
513
535
562
406
256
430
532
525
320
44
21
121
106
-148
-372
-528
-512
-554
-911
-1110
-1116
-1193
-1272
-1498
-1764
-2010
-2212
-2394
-2624
-3031
-3050
-2199
-1984
-2901
-3920
-4020
-2457
-1026
-1546
-2933
-3355
-1902
-217
111
-813
-1151
-119
949
1551
1445
1405
1823
2133
2456
2837
3103
3104
2914
2949
3387
3793
3462
2973
2871
3044
3245
2686
1984
1780
2056
2273
1781
1133
726
883
895
566
329
65
23
-130
-302
-267
-224
-283
-413
-398
-321
-231
-305
-391
-205
-13
38
-5
35
212
284
255
367
494
452
452
521
544
503
343
218
300
275
214
44
-134
-193
-226
-368
-561
-596
-751
-892
-1151
-1439
-1389
-1369
-1494
-1750
-2034
-2101
-2025
-2095
-2296
-2629
-3047
-2822
-1727
-1493
-2639
-3758
-3577
-1669
-248
-1174
-2920
-2968
-1166
480
433
-779
-1009
239
1435
1812
1378
1236
1716
2131
2528
2824
2808
2452
2350
2705
3268
3442
2774
2197
2157
2523
2694
2175
1501
1336
1667
1726
1249
653
326
611
600
228
-123
-389
-344
-338
-347
-304
-316
-577
-716
-515
-331
-186
-289
-374
-118
-17
-41
-60
92
403
469
252
132
380
611
647
572
540
538
315
224
370
330
42
-190
-273
-271
-360
-592
-788
-841
-943
-1062
-1247
-1443
-1575
-1656
-1640
-1744
-1925
-2207
-2330
-2308
-2317
-2448
-2733
-2368
-1729
-2165
-3012
-3263
-2378
-988
-838
-2113
-3002
-1970
-219
570
-126
-1004
-472
620
1354
1521
1273
1350
1641
1902
2148
2240
2282
2314
2350
2406
2540
2421
2055
2078
2263
2195
1906
1389
1005
1070
1296
1227
751
179
37
190
102
-10
-149
-379
-507
-607
-558
-357
-291
-422
-454
-355
-237
-165
-86
125
334
330
153
231
473
696
602
484
549
615
594
498
514
579
518
349
227
202
80
-165
-329
-388
-462
-730
-1037
-1147
-1182
-1273
-1395
-1606
-1796
-1829
-1878
-1930
-2041
-2139
-2249
-2262
-2372
-2559
-2793
-2910
-2113
-1465
-2079
-3346
-3690
-2242
-490
-559
-2246
-3014
-1633
314
783
-317
-1080
-211
1120
1776
1418
947
1216
1859
2324
2461
2345
2206
2192
2395
2661
2752
2459
2044
2109
2232
2254
1951
1549
1279
1312
1518
1387
835
177
181
409
260
-88
-366
-458
-463
-649
-698
-560
-566
-791
-894
-801
-539
-316
-373
-369
-306
-241
-94
0
235
419
399
353
515
648
573
644
727
804
649
392
332
500
609
373
51
-87
-111
-247
-418
-591
-722
-899
-1069
-1224
-1415
-1595
-1706
-1820
-1949
-2082
-2217
-2418
-2528
-2605
-2772
-2990
-2651
-1983
-2229
-3240
-3762
-2887
-1201
-754
-2112
-3160
-2257
-372
537
-127
-988
-559
735
1562
1569
1264
1496
2024
2302
2438
2468
2495
2575
2778
2987
3008
2860
2578
2543
2657
2725
2406
1913
1627
1682
1827
1623
1086
646
644
694
403
-14
-179
-92
-136
-477
-648
-563
-434
-602
-935
-844
-598
-472
-553
-582
-481
-380
-362
-362
-173
1
51
-94
-112
104
211
215
224
312
408
272
166
164
216
168
9
-112
-176
-141
-206
-368
-475
-668
-849
-960
-1009
-1071
-1287
-1501
-1611
-1531
-1595
-1771
-1973
-2141
-2295
-2428
-2267
-1618
-1514
-2433
-3327
-3085
-1604
-551
-1271
-2675
-2575
-1045
264
266
-688
-866
165
1203
1472
1162
1063
1584
2170
2441
2463
2391
2459
2679
2842
2879
2873
2672
2659
2761
2675
2471
2218
1893
1691
1805
1792
1411
899
605
682
666
402
111
-168
-136
-201
-410
-469
-360
-422
-644
-739
-679
-571
-617
-680
-575
-530
-634
-738
-637
-415
-323
-345
-364
-268
-241
-260
-163
56
157
-24
-225
-150
35
29
-124
-239
-286
-288
-262
-321
-389
-456
-545
-655
-777
-836
-909
-1003
-1052
-1172
-1297
-1392
-1504
-1626
-1825
-2053
-2237
-1872
-1275
-1611
-2566
-3014
-2365
-1186
-859
-1776
-2617
-2169
-784
-57
-432
-974
-679
169
804
1005
877
1021
1473
1865
2058
2092
2161
2230
2430
2672
2742
2632
2515
2568
2592
2450
2236
2098
1951
1799
1771
1633
1306
946
725
723
595
328
55
-106
-62
-163
-318
-421
-441
-479
-557
-559
-576
-553
-548
-495
-448
-541
-572
-520
-369
-167
-237
-373
-441
-260
-115
-152
-214
-261
-293
-391
-360
-308
-280
-390
-548
-562
-571
-572
-568
-522
-538
-780
-940
-879
-812
-875
-933
-999
-1040
-1076
-1235
-1309
-1287
-1320
-1567
-1830
-1848
-1291
-984
-1603
-2456
-2585
-1647
-575
-866
-2141
-2516
-1415
-170
-46
-840
-1265
-565
408
822
559
183
531
1202
1512
1468
1398
1449
1691
1981
2093
2096
1991
1964
2062
2035
1893
1776
1614
1588
1636
1592
1350
960
791
1033
1188
912
403
132
298
455
322
-11
-88
-31
44
-28
-148
-126
-60
-51
-133
-133
-217
-212
-169
-154
-106
-216
-320
-354
-251
-187
-312
-457
-622
-644
-721
-823
-820
-942
-1000
-1098
-1090
-1107
-1264
-1272
-1270
-1308
-1421
-1542
-1624
-1636
-1509
-1496
-1506
-1615
-1735
-1735
-1690
-1563
-1662
-1950
-1839
-1176
-1057
-1782
-2315
-1945
-829
-385
-1203
-2116
-1696
-434
241
-173
-971
-783
69
716
816
539
493
833
1288
1488
1461
1323
1328
1664
1872
1762
1559
1408
1664
1837
1645
1390
1178
1143
1229
1267
1116
801
456
418
730
755
399
74
80
365
479
173
-6
118
201
244
125
117
267
304
309
308
263
79
56
167
320
232
-70
-205
-197
-113
-206
-367
-510
-672
-862
-1052
-1178
-1258
-1432
-1621
-1715
-1849
-1991
-2124
-2173
-2112
-2140
-2353
-2611
-2615
-2371
-2177
-2210
-2350
-2541
-2507
-2277
-2089
-2067
-2144
-1761
-1374
-1658
-2257
-2220
-1107
-78
-410
-1497
-1693
-422
776
778
21
-220
549
1225
1477
1229
1107
1360
1587
1732
1763
1756
1564
1595
1800
1891
1765
1457
1417
1572
1564
1351
976
801
714
856
878
550
92
-141
138
318
98
-370
-520
-207
26
-239
-499
-313
-11
112
-44
-145
84
298
358
415
405
422
389
438
653
701
502
302
367
371
352
136
-65
-109
-299
-534
-806
-952
-1005
-1213
-1480
-1648
-1839
-2047
-2214
-2240
-2359
-2636
-2830
-2865
-2844
-2953
-3081
-3125
-3076
-3040
-3133
-3182
-2981
-2275
-1828
-2339
-2919
-2819
-1681
-501
-553
-1403
-1678
-584
675
925
408
222
890
1666
1973
1832
1712
2057
2450
2611
2549
2479
2453
2589
2763
2636
2428
2167
2079
2128
1862
1552
1286
1140
934
780
760
671
202
-274
-211
-77
-169
-488
-799
-807
-640
-660
-739
-685
-543
-529
-621
-501
-224
-104
-146
-49
182
380
414
462
540
667
715
667
728
835
804
623
495
475
352
165
52
-47
-267
-704
-1058
-1183
-1279
-1439
-1684
-2007
-2281
-2434
-2439
-2533
-2726
-3031
-3223
-3163
-3154
-3352
-3628
-3613
-2963
-2383
-2821
-3468
-3366
-2273
-1000
-957
-1881
-2032
-867
394
736
351
233
940
1827
2255
2323
2229
2458
2873
3164
3277
3114
2972
3067
3339
3370
3140
2791
2584
2566
2330
2032
1785
1455
1093
864
797
797
322
-276
-357
-112
-79
-480
-961
-1002
-757
-726
-855
-906
-869
-838
-740
-547
-228
-186
-293
-165
34
353
466
442
560
818
887
795
834
981
1054
937
688
648
558
417
342
302
112
-358
-617
-733
-766
-1048
-1448
-1679
-1867
-1964
-2168
-2429
-2626
-2840
-3058
-3104
-3101
-3259
-3553
-3445
-2821
-2557
-3181
-3612
-3185
-2108
-1312
-1616
-2195
-1744
-508
311
386
129
355
1131
1766
2134
2296
2312
2633
2971
3179
3242
3262
3271
3409
3491
3204
3037
2941
2921
2743
2297
2000
1852
1527
1154
1020
936
851
305
-307
-201
39
4
-458
-865
-873
-722
-652
-687
-634
-649
-667
-550
-441
-193
-69
-41
83
186
289
453
612
721
866
798
723
848
932
919
838
621
477
365
318
217
8
-325
-592
-771
-898
-1079
-1382
-1567
-1717
-1952
-2203
-2422
-2534
-2609
-2894
-3127
-3218
-3203
-3347
-3377
-2787
-2463
-3024
-3567
-3281
-2122
-1232
-1643
-2347
-1988
-570
304
272
29
391
1315
1873
2120
2199
2356
2747
3124
3279
3295
3214
3128
3375
3595
3413
3145
2824
2843
2794
2414
2042
1725
1427
1115
901
754
651
169
-383
-345
-269
-372
-734
-1034
-862
-740
-858
-946
-738
-538
-527
-505
-348
-53
128
131
323
546
765
833
945
1090
1208
1196
1168
1270
1299
1232
1032
849
873
880
623
277
-27
-152
-294
-598
-936
-1302
-1613
-1714
-1878
-2171
-2513
-2781
-2839
-2876
-3089
-3484
-3622
-3515
-3542
-3162
-2783
-3196
-3659
-3594
-2737
-1631
-1545
-2190
-2263
-1190
41
377
107
137
990
1777
2232
2370
2354
2757
3301
3574
3614
3583
3478
3644
3878
3801
3602
3244
3015
3058
2839
2417
1974
1586
1372
1136
966
724
227
-345
-438
-337
-437
-767
-1221
-1178
-902
-966
-1131
-1032
-834
-685
-701
-605
-302
-95
-4
155
419
659
753
854
1058
1280
1359
1256
1275
1421
1548
1448
1187
1039
1074
993
647
362
129
-42
-243
-615
-884
-1236
-1582
-1783
-1997
-2302
-2640
-2914
-3057
-3179
-3444
-3763
-3888
-3682
-3122
-3110
-3853
-4178
-3767
-2682
-1949
-2299
-2875
-2417
-1102
-227
-89
-248
127
1059
1754
2104
2161
2367
2997
3590
3791
3691
3625
3767
4182
4308
4097
3833
3483
3510
3523
3228
2778
2304
1890
1628
1450
1148
913
431
-100
-284
-407
-576
-899
-1134
-1161
-1241
-1442
-1469
-1249
-1157
-1129
-1131
-1045
-626
-428
-341
-157
5
247
447
628
751
1003
1070
1184
1301
1228
1193
1066
1114
1167
1042
720
487
372
260
83
-220
-513
-773
-1062
-1239
-1475
-1787
-2071
-2308
-2536
-2744
-3070
-3357
-3471
-3505
-3161
-3043
-3667
-4071
-3796
-3019
-2319
-2427
-3020
-2863
-1727
-877
-562
-663
-557
204
917
1462
1734
1853
2297
2844
3133
3206
3365
3522
3709
3881
3858
3767
3571
3465
3405
3224
2983
2574
2171
1935
1797
1602
1320
904
434
187
29
-125
-440
-729
-840
-917
-1056
-1116
-1106
-992
-993
-1074
-1008
-773
-509
-374
-343
-259
-92
126
353
500
615
656
633
737
897
979
924
806
753
668
415
197
117
51
-184
-518
-898
-1043
-1061
-1286
-1625
-1994
-2243
-2388
-2597
-2888
-3152
-3264
-3266
-3056
-2849
-3190
-3749
-3759
-2983
-2102
-2044
-2709
-2849
-1871
-728
-422
-559
-477
184
990
1487
1788
1949
2235
2600
2959
3213
3319
3389
3593
3837
3768
3617
3558
3561
3582
3344
2991
2580
2316
2056
1890
1725
1421
943
414
257
199
-3
-413
-728
-746
-730
-882
-1123
-1076
-888
-771
-878
-1007
-860
-580
-428
-343
-290
-178
-31
124
329
462
497
514
575
601
597
585
657
638
414
155
71
75
-22
-279
-638
-857
-932
-1070
-1304
-1590
-1836
-1995
-2199
-2436
-2642
-2844
-3078
-3082
-2687
-2525
-3074
-3532
-3251
-2455
-1856
-2129
-2678
-2358
-1384
-650
-552
-614
-259
416
1015
1389
1640
1826
2205
2649
3003
3151
3223
3236
3531
3746
3628
3573
3414
3450
3382
3176
2930
2656
2322
2064
1904
1682
1341
834
476
472
337
-91
-443
-658
-655
-776
-1028
-1168
-1049
-970
-991
-1129
-1101
-820
-670
-574
-492
-411
-306
-119
43
175
292
359
401
470
495
547
558
503
403
271
155
102
-11
-179
-416
-710
-912
-1068
-1250
-1490
-1743
-2017
-2151
-2163
-2349
-2584
-2770
-2942
-2619
-2334
-2746
-3295
-3218
-2415
-1678
-1815
-2419
-2303
-1353
-584
-450
-594
-433
297
881
1224
1434
1579
1842
2276
2654
2932
2994
2992
3254
3455
3503
3444
3298
3221
3192
3123
2996
2688
2436
2250
2178
1899
1493
1144
862
701
524
286
5
-252
-272
-339
-467
-663
-754
-698
-765
-850
-851
-712
-596
-594
-508
-435
-309
-161
-154
-30
72
105
31
67
134
148
91
4
11
-12
-118
-294
-418
-636
-695
-802
-1020
-1231
-1446
-1590
-1692
-1842
-2095
-2309
-2489
-2551
-2712
-2676
-2267
-2359
-2870
-3046
-2518
-1745
-1523
-2043
-2282
-1513
-620
-281
-355
-344
181
841
1252
1556
1705
1963
2325
2712
2904
2916
2958
3111
3406
3328
3188
3119
3034
3114
3023
2809
2577
2358
2130
2039
1876
1600
1362
1003
761
570
367
214
-37
-261
-307
-480
-637
-598
-563
-623
-736
-772
-687
-590
-546
-496
-392
-291
-217
-213
-127
-39
-64
-93
-59
49
-5
-204
-298
-247
-157
-219
-530
-740
-822
-762
-844
-1077
-1338
-1568
-1642
-1763
-1843
-2069
-2278
-2463
-2556
-2582
-2435
-2269
-2598
-2930
-2779
-2242
-1754
-1850
-2150
-1851
-1171
-693
-613
-563
-171
405
861
1211
1423
1641
1931
2273
2603
2686
2769
2832
3014
3141
3114
3148
3147
3078
3030
2914
2734
2581
2395
2235
2069
1820
1535
1373
1236
1057
835
474
227
150
162
46
-214
-448
-437
-371
-429
-496
-587
-527
-462
-486
-459
-449
-433
-310
-279
-343
-427
-422
-294
-248
-348
-542
-582
-554
-588
-645
-786
-903
-955
-984
-1027
-1145
-1347
-1532
-1546
-1573
-1721
-1923
-2195
-2261
-2291
-2269
-1995
-1953
-2395
-2699
-2413
-1712
-1401
-1784
-2162
-1864
-1058
-554
-610
-717
-382
171
596
906
1021
1155
1518
1888
2087
2094
2215
2431
2723
2720
2624
2647
2649
2711
2721
2562
2430
2325
2167
2101
1966
1887
1777
1670
1466
1314
1213
1105
1095
928
774
551
399
335
355
352
181
-19
-62
-51
-71
-90
-174
-216
-304
-340
-391
-463
-444
-508
-541
-684
-845
-923
-905
-845
-934
-1129
-1271
-1284
-1280
-1242
-1401
-1624
-1777
-1790
-1770
-1877
-2013
-2107
-2185
-2264
-2293
-2092
-1827
-2055
-2409
-2305
-1768
-1339
-1495
-1835
-1694
-1021
-528
-399
-457
-343
85
487
804
996
1003
1158
1575
1930
2087
2025
2086
2349
2504
2503
2456
2526
2541
2552
2492
2416
2305
2083
1953
1911
1851
1703
1477
1275
1200
1190
1159
1014
817
660
619
583
589
509
396
318
294
269
288
203
120
107
85
57
-29
-138
-229
-290
-311
-310
-480
-689
-808
-778
-800
-926
-1133
-1354
-1372
-1375
-1386
-1512
-1651
-1799
-1831
-1778
-1790
-1892
-2016
-2042
-2171
-2080
-1775
-1767
-2165
-2415
-2171
-1602
-1294
-1578
-1913
-1638
-1066
-646
-559
-712
-568
-182
229
563
637
625
794
1207
1471
1501
1452
1565
1868
1948
1975
2038
2006
2017
2062
2188
2237
1947
1690
1868
2049
1860
1584
1379
1440
1540
1442
1290
1078
964
1010
993
850
724
635
615
647
523
362
334
348
287
125
-64
-170
-208
-281
-361
-458
-686
-880
-954
-981
-920
-1026
-1256
-1450
-1532
-1518
-1502
-1588
-1736
-1886
-1943
-1801
-1752
-1775
-1831
-1894
-1968
-1944
-1945
-1723
-1379
-1519
-1925
-1955
-1420
-805
-811
-1216
-1288
-791
-231
-63
-202
-154
126
412
692
875
916
918
1103
1402
1503
1444
1366
1511
1629
1625
1631
1602
1587
1568
1607
1647
1487
1272
1352
1482
1414
1210
1093
1067
1127
1045
919
925
960
919
870
789
732
791
858
857
762
598
587
647
551
414
272
196
144
54
-11
-135
-311
-546
-633
-689
-814
-1010
-1232
-1406
-1495
-1557
-1638
-1778
-1974
-2011
-2002
-1988
-2045
-2151
-2230
-2223
-2183
-2260
-2246
-1981
-1622
-1709
-1987
-1897
-1273
-778
-841
-1226
-1200
-552
-2
85
-14
46
295
654
937
1125
996
984
1312
1644
1681
1533
1496
1629
1699
1562
1479
1465
1499
1503
1391
1325
1270
1105
1116
1173
1078
848
705
791
836
740
597
567
570
625
698
612
588
630
646
703
612
513
538
543
492
360
220
160
154
122
13
-236
-445
-503
-531
-680
-858
-1077
-1262
-1399
-1497
-1554
-1766
-1909
-2045
-2089
-2118
-2243
-2362
-2391
-2440
-2481
-2493
-2563
-2283
-1966
-1937
-2234
-2284
-1821
-1184
-990
-1348
-1394
-830
-256
-52
-88
35
418
721
1039
1209
1181
1221
1427
1741
1815
1662
1546
1636
1823
1700
1601
1572
1567
1616
1554
1337
1062
933
1051
1189
999
610
372
508
733
683
451
240
238
388
551
485
376
344
444
607
557
550
604
615
569
506
469
409
309
223
143
-64
-280
-399
-421
-541
-765
-992
-1120
-1243
-1409
-1558
-1675
-1860
-2010
-2146
-2247
-2335
-2435
-2499
-2526
-2573
-2663
-2750
-2621
-2276
-2143
-2357
-2476
-2091
-1469
-1186
-1288
-1362
-1000
-355
-22
38
164
514
875
1183
1441
1548
1604
1846
2163
2229
2100
2041
2159
2263
2222
2017
1948
1963
1827
1641
1491
1365
1211
1003
832
699
609
442
321
247
63
-61
-134
-114
-180
-253
-276
-306
-316
-238
-149
-90
-103
-61
53
126
176
235
272
214
150
124
124
140
61
-47
-160
-235
-273
-346
-483
-683
-908
-1018
-1121
-1294
-1498
-1740
-1842
-1952
-2089
-2226
-2373
-2599
-2587
-2351
-2294
-2606
-2784
-2601
-2184
-1889
-1993
-2123
-1888
-1456
-1094
-872
-753
-560
-281
114
470
787
904
1089
1391
1712
1860
1933
2098
2193
2336
2434
2519
2370
2218
2280
2374
2396
2154
1784
1678
1730
1666
1409
1102
894
796
750
627
372
35
-141
-172
-223
-320
-483
-570
-654
-722
-752
-709
-686
-711
-722
-746
-724
-680
-586
-594
-676
-650
-593
-573
-584
-542
-552
-614
-669
-659
-674
-653
-723
-796
-818
-1026
-1113
-1176
-1304
-1394
-1477
-1496
-1445
-1517
-1713
-1854
-1724
-1412
-1391
-1570
-1724
-1524
-1187
-996
-941
-892
-770
-558
-256
-1
112
133
243
577
782
852
935
1120
1417
1586
1645
1682
1740
1801
1997
2055
1966
1837
1841
1956
1939
1765
1566
1439
1358
1325
1240
1044
815
644
537
504
319
99
-24
-104
-271
-388
-495
-554
-601
-763
-918
-973
-993
-1039
-1053
-1076
-1126
-1094
-1053
-971
-942
-973
-992
-919
-858
-814
-839
-847
-808
-791
-756
-805
-798
-835
-860
-843
-852
-830
-776
-787
-894
-895
-800
-703
-704
-763
-858
-803
-674
-544
-440
-414
-401
-311
-184
-18
26
72
195
352
441
530
812
954
944
829
1068
1420
1529
1379
1306
1413
1592
1696
1648
1617
1473
1458
1569
1635
1458
1207
1076
1077
1068
893
680
548
453
353
261
173
-35
-221
-315
-463
-610
-727
-874
-911
-973
-1050
-1173
-1252
-1200
-1134
-1166
-1181
-1184
-1118
-967
-966
-876
-866
-809
-754
-765
-689
-646
-562
-556
-497
-491
-517
-513
-446
-337
-372
-422
-462
-359
-239
-197
-240
-302
-270
-127
42
51
88
153
196
264
339
450
588
729
733
695
835
1031
1215
1187
1128
1153
1293
1452
1465
1412
1291
1285
1294
1359
1356
1207
1112
1111
1100
949
873
796
737
592
436
364
313
258
89
-24
-113
-175
-255
-352
-412
-550
-601
-646
-664
-761
-841
-883
-919
-940
-938
-966
-1015
-1010
-996
-962
-1005
-1003
-1073
-1011
-974
-982
-977
-911
-889
-867
-845
-813
-729
-714
-679
-584
-502
-447
-409
-372
-274
-133
-42
44
63
165
349
507
607
661
750
857
1008
1090
1158
1175
1237
1296
1319
1398
1415
1379
1343
1339
1344
1294
1236
1134
1026
990
913
810
790
662
542
483
389
291
187
110
22
-135
-280
-373
-437
-495
-552
-578
-566
-642
-686
-706
-732
-734
-793
-796
-802
-776
-756
-702
-665
-688
-685
-669
-643
-621
-608
-610
-609
-663
-631
-649
-660
-666
-693
-616
-651
-648
-689
-667
-563
-560
-512
-549
-510
-409
-369
-264
-236
-150
-5
131
306
371
428
548
748
843
883
941
1071
1182
1203
1285
1272
1302
1363
1411
1347
1303
1260
1169
1120
1070
971
892
825
680
569
430
382
265
139
83
6
-104
-230
-281
-398
-444
-520
-561
-579
-669
-633
-649
-622
-647
-679
-627
-594
-629
-641
-632
-657
-660
-664
-656
-627
-601
-630
-613
-629
-595
-634
-653
-646
-685
-709
-675
-736
-749
-746
-712
-673
-676
-666
-653
-608
-603
-518
-474
-396
-338
-243
-118
-53
37
129
190
239
329
362
406
478
573
654
726
785
795
821
860
919
924
965
1003
1029
993
1032
972
896
841
758
708
594
484
415
328
211
176
60
-41
-55
-157
-249
-358
-438
-470
-539
-598
-677
-795
-853
-867
-897
-911
-968
-957
-999
-992
-958
-996
-1001
-989
-928
-882
-843
-860
-849
-798
-735
-684
-719
-784
-763
-707
-678
-669
-677
-665
-545
-515
-416
-404
-405
-366
-376
-330
-330
-285
-193
-111
-69
-52
-2
52
121
148
172
193
241
344
399
444
417
416
520
542
554
538
522
565
593
588
503
450
463
486
473
432
452
394
379
430
372
309
218
139
121
63
-2
-45
-99
-84
-91
-179
-254
-270
-339
-348
-453
-525
-547
-595
-620
-741
-862
-841
-826
-851
-911
-975
-1015
-1025
-1006
-1020
-1068
-1058
-1064
-1037
-998
-941
-973
-1009
-949
-883
-788
-791
-769
-713
-568
-541
-480
-412
-345
-234
-144
-101
-11
112
194
226
249
227
287
442
488
512
510
537
573
634
641
602
619
583
579
602
563
510
471
486
408
324
314
288
253
212
168
150
131
91
80
53
36
41
-9
-3
-51
-101
-152
-170
-171
-187
-202
-274
-229
-246
-262
-253
-281
-338
-428
-447
-429
-468
-532
-638
-734
-737
-815
-894
-937
-967
-1003
-992
-1003
-1058
-1055
-982
-894
-888
-892
-820
-736
-656
-675
-658
-538
-500
-489
-469
-416
-355
-327
-247
-140
-117
-55
29
120
141
241
340
356
409
506
505
463
437
454
520
513
494
413
423
468
446
370
274
207
213
264
232
151
127
129
186
177
114
42
65
44
-33
14
59
40
-55
-81
-94
-143
-220
-225
-207
-194
-187
-316
-439
-498
-540
-589
-686
-757
-814
-810
-766
-825
-920
-931
-931
-955
-1001
-1070
-1074
-1066
-1011
-1001
-969
-932
-856
-770
-699
-601
-548
-491
-418
-305
-201
-100
-33
55
126
177
287
348
444
463
482
560
582
635
633
625
645
612
624
624
582
527
499
446
410
389
292
250
228
233
115
51
43
29
19
34
-37
-58
-4
47
140
111
165
183
217
233
248
257
259
263
240
320
337
293
283
273
286
299
245
177
89
82
48
-28
-18
-88
-144
-166
-227
-276
-413
-514
-488
-539
-599
-584
-608
-587
-602
-583
-560
-547
-580
-586
-519
-449
-434
-422
-405
-370
-210
-191
-192
-67
29
135
243
288
385
454
527
619
707
706
675
697
745
780
768
744
724
722
702
719
701
636
638
575
510
530
547
486
450
422
394
319
245
176
102
13
-89
-173
-224
-288
-349
-362
-384
-418
-462
-448
-415
-424
-452
-494
-515
-475
-460
-472
-459
-510
-517
-485
-419
-352
-400
-459
-446
-345
-273
-249
-271
-301
-279
-195
-191
-220
-255
-222
-141
-150
-149
-198
-224
-242
-214
-233
-257
-219
-195
-218
-152
-90
-57
-73
-20
36
13
19
54
98
183
202
152
208
251
315
340
347
349
425
455
436
443
471
552
546
546
577
574
555
582
594
599
542
477
462
451
403
345
259
136
63
45
-47
-133
-180
-253
-254
-302
-365
-415
-421
-453
-463
-517
-566
-528
-528
-541
-544
-540
-557
-572
-549
-525
-534
-503
-479
-476
-403
-433
-430
-357
-276
-244
-259
-242
-209
-82
-39
-28
-10
21
4
97
93
81
127
107
219
231
301
302
252
288
300
328
318
299
372
371
357
393
396
407
443
430
370
331
327
372
392
363
369
421
447
499
445
474
501
532
631
571
561
516
471
505
475
356
287
268
279
248
155
117
14
-39
-65
-107
-185
-221
-296
-311
-290
-325
-389
-441
-450
-464
-431
-492
-571
-591
-533
-506
-494
-515
-471
-414
-397
-381
-355
-279
-247
-211
-226
-171
-134
-42
-47
-57
1
74
176
242
277
295
352
399
451
459
544
553
539
526
561
567
591
694
654
640
670
696
722
662
679
767
789
762
749
794
851
929
879
847
807
732
745
726
692
624
649
618
551
550
549
515
443
426
409
354
287
284
342
404
324
382
322
52
-181
-185
-39
27
-154
-456
-489
-307
-93
-53
-228
-436
-481
-298
-47
-27
-216
-278
-93
173
274
213
182
206
258
369
389
338
301
313
489
519
493
486
570
674
732
696
638
628
637
659
697
663
600
730
730
743
724
692
706
705
691
669
688
750
792
791
845
791
814
799
784
747
759
732
702
671
642
651
613
562
523
515
469
372
332
274
316
341
311
302
222
222
195
191
130
90
82
70
14
-23
-10
-42
-52
-47
-48
-17
-50
-54
-23
-72
-53
-29
0
87
85
19
74
69
68
53
30
7
18
58
52
103
99
119
167
192
234
275
319
312
371
383
463
517
457
503
528
597
577
627
700
727
746
690
684
644
650
716
691
649
590
566
571
567
544
508
477
462
441
358
297
246
215
193
118
70
41
-1
-23
-42
-109
-153
-170
-146
-147
-133
-140
-170
-174
-174
-171
-174
-137
-175
-164
-177
-114
-121
-136
-155
-152
-180
-209
-217
-271
-212
-241
-244
-268
-235
-260
-299
-276
-303
-315
-313
-234
-181
-162
-110
-95
-56
-11
-3
47
116
169
222
222
217
293
388
462
450
520
543
557
636
640
650
618
590
575
596
593
556
494
423
422
386
312
272
213
116
55
-6
-54
-80
-159
-134
-168
-208
-231
-290
-309
-298
-307
-356
-405
-408
-443
-431
-422
-408
-395
-417
-427
-411
-335
-347
-342
-354
-390
-369
-342
-339
-317
-349
-314
-302
-264
-283
-347
-320
-349
-364
-433
-451
-394
-346
-338
-382
-368
-275
-230
-193
-158
-128
-42
-53
-77
-32
-17
45
68
123
175
225
248
301
366
391
467
525
539
564
588
609
618
591
586
567
577
595
577
528
480
461
429
383
313
253
190
104
40
-40
-127
-158
-133
-215
-285
-330
-416
-410
-425
-428
-510
-513
-560
-560
-574
-584
-579
-537
-574
-608
-587
-589
-569
-571
-522
-485
-478
-493
-440
-398
-376
-347
-374
-306
-259
-310
-255
-274
-229
-155
-161
-127
-147
-145
-77
-111
-79
-23
-49
-28
37
73
96
104
105
110
100
172
170
159
169
215
223
215
259
236
264
271
230
157
173
165
156
168
176
216
188
171
200
184
212
171
146
89
74
77
27
-10
-19
-30
-64
-106
-136
-118
-121
-97
-136
-177
-203
-242
-238
-218
-210
-264
-312
-330
-367
-360
-386
-417
-460
-475
-508
-506
-495
-567
-501
-486
-447
-439
-436
-400
-407
-373
-323
-296
-288
-242
-214
-191
-132
-118
-85
-63
-9
36
38
95
59
41
58
141
216
259
286
320
335
332
358
388
402
434
451
456
415
377
391
350
321
320
383
350
322
304
324
351
288
270
264
248
229
212
203
212
156
151
121
56
53
-25
3
33
10
-29
-47
-51
-88
-131
-117
-160
-157
-145
-170
-168
-131
-97
-127
-90
-95
-91
-85
-107
-125
-129
-91
-84
-84
-71
-45
-55
-46
-63
-44
-11
35
52
102
170
175
222
233
257
244
231
244
265
316
328
293
342
391
368
376
374
347
367
377
386
399
402
420
426
407
372
375
344
357
368
374
319
250
280
243
230
211
203
200
122
135
127
105
150
104
100
98
44
32
46
-8
-76
-121
-115
-94
-97
-123
-129
-130
-194
-174
-220
-271
-275
-286
-301
-302
-278
-203
-217
-167
-168
-204
-219
-198
-204
-192
-159
-110
-87
-120
-57
-17
5
37
99
111
124
120
174
160
191
207
204
214
214
254
238
277
287
274
295
303
307
309
302
282
291
262
199
177
177
169
164
162
103
110
115
87
75
67
47
58
26
36
32
5
-3
-17
-38
-24
-42
-19
27
-2
3
-45
-70
-78
-77
-125
-147
-190
-234
-234
-238
-260
-240
-231
-282
-275
-287
-301
-281
-288
-272
-267
-294
-249
-231
-251
-268
-234
-193
-136
-63
-48
-10
14
62
64
101
100
133
136
156
203
198
216
278
371
377
426
387
414
471
476
474
498
488
529
554
531
518
495
488
466
450
386
393
318
304
323
233
187
191
165
153
113
104
96
48
19
-34
-93
-106
-131
-150
-136
-121
-121
-90
-94
-134
-208
-246
-241
-200
-189
-189
-194
-163
-144
-141
-97
-96
-130
-143
-143
-124
-150
-224
-253
-262
-294
-341
-310
-262
-246
-284
-238
-198
-197
-179
-139
-148
-128
-69
-6
87
63
102
115
114
168
137
194
191
228
232
290
355
372
451
424
425
415
442
420
434
379
308
303
251
233
247
225
164
148
148
159
98
60
82
52
7
19
23
-13
22
32
-18
-59
-65
-50
-81
-120
-120
-69
-97
-84
-91
-98
-94
-121
-95
-110
-101
-125
-146
-184
-214
-259
-282
-258
-288
-312
-342
-355
-361
-342
-354
-339
-348
-329
-345
-361
-365
-392
-311
-322
-267
-225
-166
-186
-172
-101
-108
-54
-35
-5
56
80
153
206
223
276
268
341
390
381
355
411
392
395
401
401
425
397
406
370
374
423
359
306
287
258
230
204
182
145
93
81
41
-13
-50
-122
-137
-156
-176
-220
-247
-233
-204
-251
-256
-204
-229
-239
-248
-242
-273
-272
-267
-235
-252
-217
-193
-185
-205
-204
-160
-164
-121
-92
-168
-159
-145
-133
-106
-150
-110
-127
-123
-139
-120
-94
-138
-162
-158
-171
-160
-168
-173
-137
-112
-68
-33
24
7
7
44
71
90
111
101
119
112
98
142
152
204
179
212
190
194
168
142
170
171
216
182
147
144
149
189
187
152
156
125
107
94
45
5
-55
-93
-44
-127
-141
-152
-211
-210
-195
-234
-242
-205
-257
-296
-330
-349
-383
-387
-411
-455
-498
-550
-524
-592
-588
-522
-506
-493
-490
-469
-425
-366
-361
-319
-271
-203
-174
-155
-95
-84
-84
-112
-40
-14
41
94
81
73
104
138
151
208
228
257
256
243
264
277
290
269
278
246
233
272
238
234
269
220
163
137
129
95
91
82
33
69
55
-21
-39
-110
-97
-91
-82
-71
-114
-147
-185
-188
-251
-222
-240
-302
-326
-325
-325
-370
-381
-386
-340
-325
-306
-303
-316
-323
-331
-325
-315
-321
-267
-231
-258
-247
-237
-230
-212
-229
-203
-156
-160
-120
-117
-138
-107
-113
-135
-131
-149
-108
-97
-95
-49
-92
-49
-44
-5
-1
37
-6
-28
-4
10
48
62
77
46
38
94
123
103
147
190
214
214
275
242
255
251
216
203
162
187
201
154
165
114
71
14
-35
-18
-33
-66
-60
-74
-123
-121
-119
-105
-127
-199
-222
-241
-278
-309
-365
-384
-416
-426
-434
-410
-434
-433
-413
-430
-437
-437
-433
-419
-426
-404
-384
-353
-342
-324
-327
-275
-242
-239
-193
-138
-94
-93
-80
-46
20
28
36
19
24
38
80
97
73
63
86
72
24
27
-10
8
-25
73
96
83
120
83
83
77
65
53
74
38
83
79
63
117
73
46
30
64
88
70
93
95
67
84
91
93
57
30
-12
-36
-56
-86
-99
-140
-194
-209
-225
-246
-301
-326
-374
-377
-372
-337
-328
-366
-377
-377
-341
-390
-429
-412
-449
-433
-421
-395
-376
-372
-350
-358
-284
-257
-208
-197
-205
-213
-225
-175
-148
-125
-84
-68
-108
-56
-81
-67
-19
-40
-17
-14
-1
14
45
92
100
95
175
213
164
123
169
171
153
109
91
100
89
88
143
191
130
187
181
163
169
143
195
182
194
191
155
153
110
61
10
21
-34
-55
-71
-105
-108
-114
-134
-117
-161
-212
-197
-246
-234
-185
-210
-224
-234
-270
-318
-347
-331
-322
-357
-333
-325
-404
-372
-357
-333
-257
-235
-191
-173
-110
-71
-44
-28
-19
34
70
59
72
110
141
178
167
171
212
208
199
198
181
194
209
196
179
164
161
170
140
103
96
76
47
58
-5
15
-29
-59
-105
-129
-73
-80
-99
-100
-67
-147
-142
-116
-113
-60
-83
-64
-73
-62
-45
-72
-147
-144
-120
-147
-159
-169
-193
-241
-233
-171
-222
-252
-247
-244
-210
-207
-217
-219
-201
-234
-236
-214
-207
-259
-257
-222
-230
-234
-233
-187
-153
-130
-127
-134
-132
-129
-131
-128
-80
-65
-62
-60
-29
10
24
22
63
71
84
152
140
86
114
181
123
107
52
104
141
100
100
67
66
9
12
48
19
5
-3
-10
4
-57
-84
-81
-109
-175
-178
-132
-199
-225
-234
-189
-194
-267
-225
-174
-199
-214
-232
-240
-231
-248
-248
-248
-265
-278
-287
-310
-266
-297
-299
-297
-326
-344
-305
-307
-319
-271
-264
-286
-247
-255
-181
-166
-207
-184
-172
-164
-173
-173
-146
-108
-47
4
-21
5
32
37
23
48
46
27
75
83
106
45
88
111
125
162
136
135
143
187
158
163
172
192
177
172
152
154
155
69
68
89
95
65
97
50
-29
14
27
29
19
-33
-37
-74
-79
-53
-60
-69
-127
-127
-192
-219
-230
-235
-171
-163
-204
-184
-213
-183
-174
-193
-203
-164
-152
-162
-51
-18
-18
-38
-29
-56
-63
-85
-59
-30
-113
-102
-79
-70
-50
-37
-57
-76
-64
-33
-26
-52
-33
-28
23
34
15
39
37
95
85
108
148
145
168
194
215
238
280
310
339
404
421
402
421
417
409
398
364
371
351
264
238
262
251
194
142
113
93
54
55
13
16
0
-26
-74
-96
-149
-220
-212
-206
-186
-221
-190
-187
-205
-195
-234
-252
-218
-236
-251
-247
-193
-155
-127
-42
-43
7
43
38
-9
2
-14
12
10
43
81
122
99
104
124
81
108
145
129
108
145
139
158
174
153
151
189
189
169
176
177
156
174
127
134
133
132
106
78
93
164
294
286
293
284
262
278
251
263
257
225
267
258
274
221
226
283
182
192
217
184
173
137
98
108
102
84
34
-16
-22
-75
-111
-123
-117
-153
-159
-161
-169
-169
-193
-176
-197
-221
-157
-156
-138
-103
-102
-69
-51
-33
-1
56
77
105
132
125
136
170
228
214
246
261
252
250
322
300
282
283
312
307
298
315
314
323
271
272
216
200
209
260
229
255
299
273
295
314
361
349
301
250
260
210
146
162
191
227
208
227
220
181
173
169
106
116
154
117
63
21
43
-26
10
-6
-59
-79
-81
-84
-111
-79
-133
-103
-115
-118
-48
-62
-81
-61
-82
-111
-76
-96
-92
-94
-63
-53
-47
0
-53
3
9
-14
-17
-43
7
17
-4
39
104
99
80
113
156
115
151
193
193
210
236
296
244
235
279
332
328
357
340
352
403
387
407
329
350
346
340
301
277
296
272
279
282
297
274
267
248
213
179
186
182
115
120
124
124
127
99
71
76
71
58
99
82
36
19
3
19
3
-10
-11
-7
-39
-39
-35
-40
-50
-31
-31
-95
-101
-144
-132
-70
-13
41
67
15
42
53
6
73
54
95
98
140
170
174
170
168
206
206
245
217
255
261
309
373
389
401
444
450
494
498
524
509
477
472
446
513
492
467
490
509
447
482
507
491
457
421
416
336
307
264
188
146
132
125
98
56
56
7
-42
-31
-42
-57
-69
-55
-70
-85
-53
-63
-119
-76
-62
-143
-130
-83
-73
-74
-34
15
52
42
8
35
86
121
137
117
97
57
56
40
1
17
-38
-63
19
14
29
37
57
87
24
21
17
43
21
39
18
17
38
28
59
65
68
112
160
155
140
189
219
245
288
295
337
372
395
419
382
315
349
340
344
295
250
245
233
221
242
204
160
215
223
161
124
72
78
28
-7
-32
-56
-54
-138
-126
-184
-191
-210
-261
-275
-306
-266
-252
-237
-233
-233
-170
-165
-213
-222
-213
-195
-187
-178
-149
-142
-161
-173
-159
-186
-118
-123
-150
-106
-71
-14
-14
33
10
11
69
115
102
136
122
133
129
98
102
133
149
149
168
181
225
207
194
232
240
236
271
286
279
245
229
248
209
208
200
195
216
233
256
232
247
242
247
189
173
173
101
127
98
83
41
13
26
-26
-37
-74
-47
-49
-55
-72
1
2
-5
13
-32
-45
-31
-75
-71
-102
-148
-149
-140
-113
-77
-36
-48
4
-30
-35
-24
-12
7
42
78
76
94
73
127
89
24
29
50
45
72
71
82
123
170
190
171
187
189
238
217
242
248
204
217
247
248
226
261
301
264
300
315
296
288
264
233
181
174
115
156
115
118
176
145
163
145
118
134
127
117
121
86
57
40
85
161
156
174
182
118
126
168
129
75
69
33
40
99
76
52
5
-19
-19
-45
31
-5
11
41
27
38
50
63
67
18
23
45
8
31
23
26
54
18
14
91
106
117
125
150
170
201
233
221
269
280
279
223
211
227
217
230
230
195
215
242
239
243
284
313
288
292
270
239
273
289
273
276
285
278
272
291
324
285
244
286
249
253
252
213
155
173
167
163
139
97
80
97
97
62
80
73
59
55
63
70
47
13
18
6
28
30
59
94
53
-1
29
44
37
0
-16
-1
-15
2
-4
44
46
71
48
41
66
47
52
48
56
89
54
47
52
115
63
22
59
99
136
150
217
234
253
264
295
314
335
346
340
289
320
344
337
352
353
347
339
336
317
306
281
276
293
286
306
321
284
319
303
297
258
199
216
217
173
207
175
131
71
29
62
50
76
101
128
139
196
189
170
192
202
210
211
216
220
233
251
214
191
158
154
166
148
152
177
149
115
156
162
137
85
122
162
132
124
129
131
139
109
157
214
185
151
153
155
136
153
166
165
161
174
201
211
188
208
197
166
137
156
184
102
81
77
67
126
98
107
72
26
55
74
34
-32
41
49
22
13
-50
-37
-3
-59
-2
-56
-74
-59
-43
-19
-43
-85
-78
-65
-116
-80
-95
-60
-60
-46
-84
-54
-54
-86
-130
-103
-31
-48
-28
-7
-24
-28
15
4
-3
14
-25
38
59
54
68
42
54
28
31
38
51
38
5
-5
-13
-24
-37
-52
-46
-70
-84
-96
-122
-101
-115
-119
-106
-83
-83
-88
-136
-92
-77
-59
-65
-117
-87
-74
-72
-54
-52
-35
-67
-55
-40
-36
-17
-39
-58
-38
-43
-37
-44
-35
-4
-79
-46
-52
-83
-104
-78
-56
-121
-96
-76
-87
-59
-50
-85
-114
-93
-96
-122
-103
-80
-127
-115
-68
-122
-107
-81
-85
-90
-90
-96
-102
-73
-48
-47
-50
-37
-65
-88
-71
-48
-44
-75
-54
-47
-94
-148
-143
-108
-105
-100
-90
-37
27
23
27
11
69
113
84
66
36
37
-10
-18
-59
-109
-122
-72
-15
-62
-61
-42
-63
-82
-46
-16
13
23
24
54
-19
-36
-43
-57
-62
-95
-138
-153
-183
-170
-169
-177
-209
-215
-199
-246
-224
-252
-233
-227
-212
-211
-215
-219
-287
-229
-226
-229
-195
-210
-202
-223
-248
-244
-222
-196
-138
-125
-159
-109
-100
-53
-45
-36
-12
17
2
-61
-90
-80
-48
-32
-48
-83
-75
-76
-71
-62
-59
-66
-141
-143
-144
-178
-172
-193
-170
-202
-205
-210
-238
-210
-191
-211
-185
-185
-153
-157
-206
-162
-116
-125
-106
-102
-137
-111
-93
-82
-24
-50
-52
-70
-114
-98
-131
-144
-125
-85
-122
-125
-152
-218
-233
-273
-283
-285
-331
-345
-315
-323
-323
-345
-352
-360
-342
-307
-324
-327
-305
-291
-252
-215
-242
-195
-200
-173
-188
-147
-65
-72
-74
-76
-43
-28
-27
-10
-22
-3
2
17
8
33
-19
-11
-17
-65
-85
-78
-10
-46
-13
-32
-110
-95
-119
-71
-77
-122
-115
-150
-127
-121
-150
-142
-128
-140
-130
-114
-99
-123
-118
-129
-141
-101
-81
-89
-107
-119
-103
-150
-140
-106
-140
-141
-186
-177
-144
-123
-126
-160
-136
-132
-130
-107
-117
-142
-177
-199
-142
-191
-205
-189
-225
-170
-174
-201
-179
-182
-204
-206
-223
-201
-129
-144
-119
-111
-98
-42
-39
-33
-17
-15
-29
6
16
19
13
88
53
70
125
64
131
116
19
48
79
102
87
52
66
31
33
0
10
5
4
-41
-85
-56
-34
-32
-82
-99
-112
-104
-105
-70
-92
-107
-122
-117
-140
-196
-123
-157
-130
-162
-181
-162
-135
-108
-135
-138
-144
-159
-142
-158
-178
-164
-176
-115
-77
-84
-62
-25
-7
-40
-23
-32
-64
-61
-4
18
8
26
-20
15
34
37
8
-47
-9
-13
-2
24
-6
1
3
6
35
13
24
7
9
31
8
4
-3
2
-24
29
32
-12
9
68
58
81
86
84
68
44
66
50
36
76
29
-56
22
48
37
28
33
16
16
26
41
52
24
51
24
-42
-23
-34
-54
-83
-86
-86
-128
-111
-114
-105
-102
-111
-105
-91
-112
-104
-96
-99
-92
-91
-65
-20
-16
0
-27
-9
-26
-54
-38
-22
-38
-33
-16
-9
31
42
41
27
32
20
-16
16
43
-13
-21
-3
-25
-46
11
28
2
-14
29
49
75
114
87
151
174
172
176
152
102
53
85
64
69
53
29
37
61
19
39
83
40
42
60
100
92
63
53
8
-1
20
-20
-16
-15
-41
-13
6
48
78
65
32
41
59
64
50
31
-31
-32
12
8
-49
-88
-98
-113
-120
-149
-155
-169
-134
-172
-151
-95
-82
-103
-147
-74
-84
-80
-52
-79
-39
13
65
69
112
130
174
156
164
240
239
265
249
258
269
289
274
276
365
333
321
300
287
255
243
227
225
250
182
136
137
150
106
109
140
101
74
53
14
-56
-94
-128
-146
-139
-133
-137
-104
-112
-104
-123
-75
-68
-88
-131
-188
-93
-135
-123
-125
-81
5
20
12
28
85
85
75
76
86
92
90
80
76
68
58
53
86
86
82
119
92
110
114
106
115
83
65
20
33
20
-29
-3
-2
-13
18
-9
16
0
-19
-1
15
74
74
77
105
143
189
157
132
153
168
150
125
135
137
99
86
85
38
86
96
74
31
26
63
13
-6
-14
9
-38
-46
-79
-75
-36
-52
-86
-103
-155
-125
-120
-142
-99
-55
-10
-21
-2
-41
-64
-67
-104
-92
-53
-92
-120
-81
-93
-70
-106
-107
-94
-109
-132
-89
-106
-165
-118
-116
-68
-25
32
49
104
122
111
82
76
85
95
118
88
134
142
197
160
196
134
160
141
77
160
108
121
115
120
127
98
55
11
31
20
8
0
14
1
-4
-30
-62
-47
-47
8
12
5
-6
17
47
30
6
23
16
-7
29
-10
-18
-22
-27
16
10
23
23
7
18
-27
-45
-28
-32
-72
-86
-39
-36
-9
-46
-31
-10
-46
-81
-103
-96
-105
-113
-94
-134
-110
-78
-57
-37
-45
-48
-54
-34
-60
-22
-25
-64
-30
12
34
13
-9
-48
-46
-38
-61
-47
-57
-14
-14
-21
0
-41
-22
0
26
34
24
31
51
95
79
99
101
12
-1
50
66
45
72
40
61
48
12
-2
-15
13
4
19
-33
-21
-42
-37
-12
-48
-2
-59
-21
-45
-27
-24
-68
-44
-48
-66
-96
-84
-53
-65
-70
-48
-65
-41
-34
-34
-5
-29
-57
-133
-93
-128
-150
-120
-100
-73
-113
-50
-50
-29
-50
-12
-17
21
62
4
23
-6
17
48
-18
-22
-30
8
19
49
56
55
68
8
-38
-24
-40
-78
-103
-117
-139
-159
-154
-216
-207
-170
-178
-164
-171
-147
-115
-126
-132
-113
-107
-120
-132
-116
-137
-135
-132
-145
-122
-140
-147
-112
-91
-44
-57
-24
-32
-25
-40
-53
-76
-154
-175
-199
-178
-210
-176
-171
-175
-116
-150
-155
-179
-253
-169
-201
-210
-194
-218
-169
-192
-206
-175
-198
-168
-185
-159
-176
-194
-146
-129
-141
-173
-147
-126
-118
-98
-110
-132
-135
-112
-171
-226
-194
-251
-234
-211
-222
-227
-213
-179
-116
-132
-171
-168
-243
-221
-271
-272
-251
-290
-302
-273
-266
-264
-228
-219
-214
-251
-226
-240
-279
-306
-294
-276
-323
-324
-354
-320
-309
-288
-302
-317
-328
-353
-281
-336
-299
-231
-225
-179
-153
-113
-114
-140
-152
-132
-117
-125
-116
-136
-114
-147
-135
-130
-103
-99
-132
-134
-160
-126
-130
-129
-138
-115
-162
-199
-185
-222
-269
-297
-303
-361
-339
-365
-382
-341
-371
-334
-324
-340
-308
-301
-273
-247
-258
-214
-234
-240
-196
-225
-223
-242
-273
-243
-246
-193
-162
-182
-136
-97
-101
-66
-43
-36
-12
-15
11
-17
-9
-29
-7
-40
-77
-75
-129
-144
-202
-193
-249
-222
-251
-243
-245
-273
-278
-279
-265
-290
-283
-253
-229
-258
-247
-234
-209
-181
-179
-203
-157
-117
-74
-89
-169
-139
-166
-157
-115
-129
-199
-173
-151
-164
-172
-225
-210
-181
-161
-158
-157
-177
-208
-220
-253
-277
-268
-298
-273
-330
-323
-328
-336
-285
-317
-335
-341
-311
-227
-213
-178
-155
-146
-134
-163
-96
-100
-136
-152
-113
-128
-125
-156
-171
-151
-189
-208
-246
-213
-225
-135
-155
-168
-126
-187
-180
-167
-206
-242
-242
-257
-327
-336
-350
-345
-351
-370
-329
-298
-297
-313
-285
-280
-270
-293
-271
-239
-264
-271
-321
-321
-317
-316
-296
-325
-296
-309
-214
-200
-185
-159
-202
-118
-145
-90
-97
-85
-80
-98
-55
-83
-89
-120
-125
-155
-121
-163
-130
-80
-141
-101
-121
-151
-117
-172
-242
-244
-197
-225
-230
-214
-227
-199
-238
-261
-264
-301
-295
-293
-342
-330
-313
-344
-308
-240
-303
-311
-272
-268
-264
-275
-248
-269
-237
-246
-243
-291
-307
-325
-285
-213
-196
-153
-150
-119
-168
-178
-190
-189
-210
-238
-220
-206
-219
-196
-217
-184
-176
-171
-167
-174
-148
-151
-189
-189
-197
-229
-201
-238
-230
-160
-178
-201
-193
-136
-157
-173
-160
-145
-148
-183
-149
-163
-178
-157
-137
-162
-147
-132
-126
-68
-140
-124
-129
-160
-152
-236
-222
-214
-255
-270
-265
-282
-242
-263
-251
-258
-231
-229
-231
-247
-278
-239
-232
-219
-246
-218
-223
-241
-154
-152
-163
-186
-159
-145
-138
-157
-157
-158
-170
-129
-148
-151
-155
-147
-166
-143
-128
-168
-177
-162
-100
-79
-97
-71
-66
-47
-72
-100
-129
-115
-118
-174
-179
-206
-222
-241
-231
-243
-254
-251
-250
-198
-197
-191
-167
-193
-183
-145
-139
-177
-224
-250
-231
-264
-256
-226
-273
-255
-230
-208
-201
-220
-252
-224
-257
-254
-276
-275
-284
-288
-252
-267
-228
-277
-294
-255
-224
-239
-260
-263
-239
-244
-246
-221
-193
-200
-166
-136
-144
-133
-102
-94
-117
-127
-138
-135
-152
-123
-120
-154
-215
-193
-163
-173
-156
-163
-165
-146
-166
-171
-142
-150
-143
-146
-153
-151
-199
-246
-213
-191
-239
-246
-233
-234
-295
-306
-309
-243
-273
-231
-167
-174
-156
-168
-196
-190
-156
-192
-144
-158
-98
-128
-130
-112
-127
-80
-81
-94
-53
-58
-32
-57
-78
-81
-106
-136
-158
-132
-135
-159
-201
-185
-224
-220
-230
-188
-186
-212
-219
-228
-228
-194
-191
-236
-211
-247
-256
-271
-274
-234
-255
-219
-181
-188
-204
-186
-161
-170
-188
-180
-178
-217
-181
-175
-171
-210
-181
-185
-139
-119
-139
-123
-145
-128
-101
-135
-116
-93
-106
-86
-90
-104
-87
-118
-86
-92
-108
-42
-59
-43
-78
-92
-56
-60
-36
-14
12
22
-14
-21
-48
-48
-86
-104
-108
-102
-106
-117
-145
-133
-59
-117
-73
-63
-79
-106
-106
-124
-83
-133
-113
-100
-131
-111
-105
-76
-74
-85
-120
-110
-134
-141
-115
-120
-99
-125
-128
-105
-101
-134
-184
-204
-195
-177
-166
-175
-214
-173
-174
-190
-168
-165
-169
-160
-186
-159
-133
-155
-168
-158
-89
-114
-120
-115
-189
-188
-134
-113
-88
-126
-77
-83
-115
-98
-95
-94
-115
-120
-141
-155
-166
-162
-153
-149
-121
-114
-100
-86
-111
-117
-104
-127
-148
-170
-114
-102
-151
-149
-158
-179
-146
-81
-92
-91
-130
-190
-178
-227
-220
-168
-190
-166
-107
-56
-138
-94
-58
-34
-29
-85
-73
-43
-12
-29
-6
-46
-61
-51
-49
-61
-60
-67
-91
-107
-98
-116
-120
-123
-147
-141
-91
-51
-6
-41
-84
-69
-136
-141
-117
-107
-157
-146
-126
-104
-111
-88
-38
-44
-27
-51
-59
-39
-61
-1
-11
-55
-22
-11
-63
-80
-28
-16
-46
-18
-40
-14
-56
-42
-54
-69
24
24
13
-38
-16
-30
-25
-59
-82
-79
-81
-48
-67
-2
5
31
14
33
54
32
21
0
-44
-49
-82
-82
-73
-84
-16
-87
-97
-144
-115
-113
-102
-46
-1
6
-35
13
0
29
7
14
-10
-4
-13
-28
-26
-65
-48
-58
-34
-18
-8
-15
2
6
-17
-33
-36
-12
-26
-66
-49
-67
-95
-57
-54
-64
-63
-64
-46
-12
-15
6
19
-41
-24
-20
-24
-20
-13
-2
-32
-19
-37
-23
-49
-41
16
44
35
13
-8
-60
-94
-101
-68
-74
-48
-59
-36
-17
-30
-8
5
4
7
-35
-9
22
24
14
-15
-36
1
-32
-47
-34
-46
-68
-58
5
-3
27
17
42
36
46
-4
39
57
32
21
28
13
-21
-8
-61
-61
-116
-76
-99
-112
-85
-63
-60
-50
-26
-66
-14
-34
12
45
99
137
141
133
161
192
196
219
169
158
175
140
112
86
108
118
83
112
123
143
172
149
93
88
51
80
43
32
34
-9
24
7
20
-6
7
52
64
53
41
13
34
121
119
144
95
62
75
81
75
84
131
110
90
132
97
116
134
82
78
121
135
109
100
111
95
74
85
131
136
132
148
155
161
162
168
110
125
167
160
189
159
107
90
88
98
105
103
95
101
84
62
69
107
121
116
112
116
115
116
73
63
44
16
17
-26
6
-9
25
3
1
47
37
16
35
-4
39
22
22
32
35
-3
2
23
-15
39
8
-20
1
61
55
63
38
33
43
82
77
52
127
129
133
94
95
107
80
64
99
115
136
117
109
90
96
137
78
109
110
41
53
79
59
91
63
56
68
62
56
73
127
106
141
174
176
162
183
189
189
171
131
142
145
153
149
114
108
58
106
106
59
71
75
69
52
50
78
87
68
133
130
107
119
143
169
191
148
138
160
142
181
106
125
103
89
100
92
172
125
139
124
107
112
103
100
65
91
154
128
111
103
115
88
77
115
83
76
46
21
116
94
93
152
144
142
175
210
218
196
188
250
246
215
189
165
205
204
186
166
124
147
118
74
124
179
132
132
74
80
90
81
72
68
83
102
95
83
49
-9
-47
-4
15
24
47
61
69
77
113
122
92
123
80
65
104
137
138
104
143
121
92
106
119
130
137
121
136
94
70
94
74
80
110
109
125
160
137
51
37
23
12
1
-17
-19
55
98
81
36
43
126
100
107
153
138
156
156
161
158
130
96
111
127
174
144
153
173
140
150
156
105
135
186
131
144
111
96
31
38
27
23
41
35
47
15
6
-37
1
-41
-29
-42
-71
-12
-22
10
34
15
-3
30
-3
3
33
87
119
115
119
165
165
180
224
230
232
265
250
236
234
179
181
189
147
162
195
139
167
130
78
57
59
-10
51
21
13
67
60
71
47
97
65
130
155
142
169
166
147
121
143
170
190
204
196
214
206
263
227
251
281
242
293
242
269
271
242
249
249
265
265
274
266
246
228
201
175
195
145
174
155
109
161
175
168
153
166
137
125
135
186
164
136
121
109
90
77
139
165
131
149
179
189
200
150
144
147
121
100
120
170
175
144
112
122
118
107
101
53
4
45
62
92
158
154
153
166
195
220
205
175
134
136
88
32
59
68
39
42
56
39
44
66
24
11
59
112
148
174
191
173
182
213
206
206
165
161
115
81
49
54
119
114
92
111
167
157
164
169
167
163
149
107
95
50
98
125
98
94
77
84
58
31
-15
-7
9
-4
56
129
178
182
172
185
137
159
154
158
118
114
104
85
126
132
153
136
172
164
126
111
96
99
109
89
67
119
104
102
76
95
52
44
80
39
16
-49
-76
-51
-56
-82
-33
7
-38
-38
7
-34
-33
-39
-25
-9
12
11
86
96
91
121
68
94
89
64
83
101
41
42
75
62
101
91
135
116
77
86
71
108
92
70
31
-4
-48
-103
-110
-106
-170
-170
-163
-201
-202
-115
-126
-135
-120
-108
-38
-1
30
30
25
50
52
76
78
3
64
18
35
77
19
93
102
106
127
107
116
112
101
114
89
82
75
54
45
53
76
68
-7
-51
-60
-13
0
-51
-47
-75
-86
-103
-110
-107
-102
-59
-109
-103
-110
-97
-101
-118
-70
-32
-44
-32
36
32
83
68
21
88
119
113
72
40
50
76
142
132
138
124
146
143
93
113
103
125
132
132
144
103
128
77
102
47
-39
-40
-62
-49
-86
-59
-89
-81
-115
-151
-162
-154
-128
-129
-98
-94
-100
-71
-57
-38
28
13
35
68
63
63
78
129
134
153
151
124
190
141
162
132
116
134
54
51
33
37
26
0
-20
-2
-16
-16
-27
-77
-61
-82
-94
-110
-106
-91
-143
-156
-161
-151
-152
-182
-150
-163
-166
-143
-153
-89
-66
-99
-52
-33
-51
-84
-43
-25
3
-31
-33
-23
15
55
22
27
28
-5
7
13
-39
-14
-30
7
23
-5
12
11
19
1
-47
-23
-36
-46
-17
-15
-28
-58
-53
-52
-17
-34
-45
-51
-41
-27
-63
-25
0
-18
-21
-66
-28
-32
-3
35
1
43
30
92
72
58
89
52
52
39
16
17
1
-3
-44
4
-6
-38
1
27
39
13
55
28
41
-21
-17
-33
-31
-19
-45
-45
-57
-88
-124
-89
-70
-75
-99
-87
-133
-76
-42
-43
-4
-11
14
-24
2
44
46
-8
-20
-44
-52
-26
0
-45
-70
-4
-50
-3
-26
-56
-26
1
47
43
15
16
28
64
47
46
103
81
80
41
88
99
67
67
109
124
81
39
42
4
-2
-3
-41
-35
-64
-78
-8
0
-41
-53
-68
-110
-136
-154
-124
-147
-170
-84
-109
-98
-96
-86
-139
-160
-111
-115
-118
-84
-52
-50
-13
6
8
17
-10
-28
-48
-50
-95
-99
-93
-147
-122
-107
-98
-70
-67
-74
-95
-75
-45
-39
-17
-34
-66
-87
-56
-89
-79
-60
-87
-92
-115
-94
-88
-53
-27
-36
-41
-11
-42
-11
50
27
33
-6
-39
-63
-40
-98
-112
-67
-97
-107
-71
-82
-67
-63
-51
-64
-68
-111
-140
-87
-85
-97
-60
-34
-41
-44
-38
-2
-57
-37
-5
28
72
42
47
65
48
13
35
35
33
-21
-22
-16
-49
-55
-19
12
-33
-7
-55
-13
-33
-66
-21
-16
-12
10
22
-21
-24
-32
-45
-72
-36
-28
-37
-19
-70
-41
-8
-44
-15
-3
-18
-34
-37
-41
-17
49
60
32
71
14
-14
-13
-39
-37
-75
-93
-65
-31
-38
-62
-91
-75
-83
-82
-70
-113
-126
-84
-101
-80
-78
-143
-96
-114
-175
-192
-157
-153
-166
-139
-177
-168
-156
-175
-121
-147
-130
-90
-76
-95
-79
-68
-38
-46
-59
-65
-70
-53
-37
-27
-55
-92
-70
-96
-124
-94
-160
-162
-148
-120
-126
-121
-135
-160
-130
-179
-178
-136
-119
-141
-146
-149
-142
-132
-172
-187
-194
-161
-143
-115
-86
-85
-84
-73
-112
-118
-49
-60
-86
-63
-63
-23
-56
-74
-86
-62
-31
-74
-64
-62
-82
-95
-114
-92
-120
-98
-115
-139
-145
-167
-130
-140
-116
-92
-107
-108
-89
-70
-88
-119
-87
-113
-110
-92
-72
-45
-34
-74
-119
-99
-70
-6
-42
-31
-42
-26
-16
-23
-40
-15
12
-15
9
4
19
-9
-6
-10
-14
-12
-7
-3
-15
-11
-49
-60
-38
-41
-64
-37
-33
-50
-50
-78
-81
-54
-78
-62
-37
-70
-42
-27
-24
-31
4
3
29
34
65
49
67
94
88
56
77
64
51
51
32
61
53
71
91
115
90
98
42
51
67
26
19
9
-7
-30
-6
11
-13
-5
-48
-51
-30
-12
-4
-20
-27
-35
12
43
68
77
64
59
104
55
75
32
10
49
35
61
64
80
54
71
66
82
79
95
87
95
129
120
75
52
18
60
71
27
22
14
33
46
35
57
22
-43
-24
-32
-8
14
-18
-12
19
25
16
6
25
-38
-84
-88
-119
-77
-106
-87
-92
-46
-20
32
6
-1
28
-3
31
19
43
32
23
12
-6
-6
10
-28
-28
-12
26
-53
-65
-8
13
-15
7
2
-28
30
7
-41
-38
-29
-48
-53
-92
-113
-81
-44
-33
-6
-46
-55
-47
-36
-66
-66
-70
-74
-19
-37
-7
-14
3
19
32
28
48
24
50
98
39
33
72
67
59
62
23
44
49
49
12
-14
17
27
-11
42
29
29
62
67
57
35
-9
-1
-11
-39
0
-13
-8
-18
-20
-5
51
37
47
64
13
40
44
18
39
-5
-20
18
8
11
17
-28
-43
9
-10
31
28
-2
61
102
61
18
54
97
126
77
77
86
59
50
19
43
89
89
53
91
99
57
50
86
38
70
94
61
34
35
32
32
14
-28
-27
-47
-38
-12
-28
-26
-35
-38
19
34
45
61
19
43
24
4
12
-2
50
49
20
6
47
93
57
87
87
127
155
170
159
150
193
212
176
133
160
138
117
160
156
130
92
86
106
82
61
51
117
121
70
38
1
17
-28
-23
-66
-52
-25
-66
-61
-92
-102
-90
-107
-113
-103
-72
-37
-30
-88
-21
-6
0
16
6
49
75
70
100
122
123
150
165
148
141
119
109
129
83
86
78
105
102
97
101
38
-14
17
14
-37
-29
-68
-53
-59
-50
-87
-93
-72
-133
-105
-103
-153
-117
-73
-51
-37
-52
-24
12
-14
40
62
65
48
55
82
130
143
136
141
61
94
51
95
89
85
112
94
81
94
135
138
128
107
142
114
94
55
55
45
6
-2
-39
-44
-61
-66
-70
-58
-66
-75
-47
-5
-42
-27
25
-43
-7
5
22
20
-1
28
12
31
-1
-22
24
21
47
78
95
115
146
114
145
153
164
194
167
160
160
150
149
138
135
75
-16
34
51
19
27
64
100
121
104
156
123
113
150
126
119
98
136
164
155
113
108
82
49
70
79
64
63
43
51
64
16
47
32
-5
-29
-56
-38
-30
-31
-64
-73
-56
-26
-45
33
45
26
62
119
142
82
100
86
114
80
86
121
130
149
153
170
183
164
100
129
149
172
216
180
179
208
182
144
133
86
60
24
23
23
-8
31
4
8
23
67
92
59
69
91
44
31
47
71
60
-4
-34
-81
-69
-52
-38
-36
-3
32
57
32
44
96
58
78
92
57
64
73
77
85
98
122
126
134
123
84
69
42
58
17
-7
20
-5
6
40
52
41
45
13
-72
-87
-73
-94
-97
-119
-105
-46
-37
-72
-70
-67
-91
-63
-99
-148
-144
-146
-130
-114
-103
-93
-114
-78
-61
-59
-33
-81
-46
-36
-59
-31
-86
-104
-115
-94
-95
-103
-112
-110
-94
-115
-95
-80
-140
-138
-140
-147
-159
-158
-113
-148
-86
-55
-69
-69
-63
-125
-136
-123
-114
-126
-151
-106
-76
-110
-105
-61
-59
-74
-86
-60
-70
-72
-60
-54
-27
-50
-27
-1
-9
25
-8
0
37
46
71
40
23
7
13
25
14
34
8
47
4
-43
-24
-73
-131
-125
-76
-134
-134
-194
-201
-181
-201
-155
-176
-145
-144
-133
-134
-120
-98
-116
-70
-57
-59
-46
-54
-55
-7
-19
-1
-60
-54
-26
-20
-40
-42
-28
-76
-86
-82
-100
-109
-128
-138
-155
-131
-152
-139
-128
-193
-148
-159
-148
-143
-124
-122
-116
-112
-102
-86
-65
-20
-35
-47
-34
-24
0
16
60
64
-26
-39
-72
-59
-56
-78
-30
-77
-102
-143
-142
-134
-150
-135
-161
-182
-175
-126
-153
-125
-134
-158
-123
-128
-153
-109
-98
-100
-96
-98
-101
-83
-88
-67
-16
-55
-71
-74
-49
-4
-59
-95
-110
-143
-143
-163
-208
-235
-231
-234
-293
-246
-234
-289
-226
-219
-207
-223
-267
-278
-283
-239
-253
-262
-222
-228
-218
-214
-209
-143
-145
-124
-92
-41
-57
-45
-114
-127
-86
-108
-118
-136
-128
-146
-105
-123
-176
-125
-129
-98
-71
-52
-57
-122
-101
-171
-168
-181
-218
-194
-240
-220
-212
-221
-251
-260
-226
-205
-211
-222
-191
-209
-223
-243
-189
-217
-219
-241
-266
-239
-242
-242
-246
-218
-177
-159
-171
-127
-108
-119
-97
-94
-28
-45
-12
