SAMPLES:	17544
BITSPERSAMPLE:	16
CHANNELS:	1
SAMPLERATE:	16000
NORMALIZED:	FALSE
-18
-32
-42
-50
-2
-11
-36
-36
-75
-105
-67
-63
-65
-38
-45
-30
-60
-59
-86
-65
-89
-114
-64
-88
-68
-94
-135
-158
-176
-160
-181
-194
-187
-182
-146
-172
-192
-127
-157
-140
-114
-141
-181
-172
-137
-176
-183
-218
-194
-191
-208
-180
-173
-134
-104
-87
-93
-110
-152
-165
-146
-128
-144
-115
-106
-70
-21
-12
37
28
41
39
19
55
32
-6
33
4
-13
-25
-52
-33
-45
-53
-10
-23
-71
-68
-42
-100
-105
-50
-63
-57
-50
-50
-95
-84
-114
-103
-136
-172
-147
-114
-106
-83
-45
-121
-96
-56
-106
-174
-152
-185
-193
-144
-112
-123
-118
-121
-84
-54
-64
-72
-80
-58
-124
-118
-140
-115
-61
-105
-110
-73
-30
-46
-54
-107
-157
-174
-177
-185
-186
-168
-149
-195
-212
-174
-187
-168
-192
-227
-194
-156
-176
-157
-176
-185
-167
-186
-219
-220
-240
-227
-231
-212
-164
-202
-166
-187
-199
-159
-146
-168
-154
-118
-199
-240
-212
-202
-153
-157
-164
-155
-184
-161
-158
-213
-177
-228
-231
-195
-223
-245
-244
-212
-176
-177
-267
-225
-245
-290
-260
-269
-243
-240
-241
-275
-284
-303
-230
-206
-230
-215
-249
-249
-279
-324
-330
-302
-282
-269
-296
-312
-299
-312
-310
-259
-259
-215
-211
-252
-294
-288
-254
-212
-218
-234
-153
-184
-172
-101
-82
-105
-94
-109
-132
-134
-183
-160
-130
-86
-91
-143
-85
-115
-138
-125
-95
-134
-124
-68
-57
-80
-95
-36
-112
-150
-147
-104
-124
-119
-53
-50
-22
-44
-46
37
46
1
10
-23
-56
-61
-74
-85
-109
-135
-78
-105
-112
-68
-84
-50
-71
-89
-75
-94
-94
-117
-155
-156
-148
-204
-200
-148
-121
-175
-173
-180
-228
-250
-195
-167
-220
-248
-252
-239
-264
-263
-216
-179
-127
-173
-166
-120
-116
-102
-105
-124
-164
-189
-181
-171
-222
-216
-160
-126
-121
-111
-113
-103
-128
-129
-125
-106
-107
-147
-136
-180
-177
-165
-138
-145
-134
-138
-172
-152
-123
-89
-153
-143
-187
-236
-219
-204
-159
-194
-141
-170
-161
-174
-213
-213
-246
-251
-252
-269
-224
-215
-217
-161
-165
-189
-166
-209
-205
-204
-259
-233
-194
-203
-233
-215
-244
-230
-294
-217
-226
-244
-210
-209
-210
-191
-197
-248
-195
-198
-157
-143
-96
-130
-125
-85
-65
-60
-46
-44
-59
-115
-128
-84
-91
-79
-56
-54
-22
-4
-67
-93
-91
-126
-117
-160
-160
-164
-199
-205
-185
-219
-227
-204
-221
-203
-217
-187
-212
-231
-207
-174
-183
-156
-150
-131
-95
-93
-106
-51
-30
-51
4
-4
30
3
12
38
9
-5
20
84
44
123
124
123
119
100
104
60
81
52
1
-25
2
-24
-14
-71
-65
-111
-124
-132
-120
-143
-150
-141
-164
-129
-163
-173
-158
-145
-165
-157
-191
-214
-207
-211
-147
-91
-30
6
55
76
87
143
112
65
75
108
126
54
25
29
13
8
37
44
-5
-22
15
3
-54
-40
-66
-89
-86
-80
-108
-92
-80
-83
-79
-85
-96
-117
-139
-100
-93
-111
-107
-106
-51
-74
-29
10
42
39
102
129
88
50
51
55
27
79
77
49
4
18
19
-7
2
-1
39
9
-7
-17
-82
-90
-105
-124
-106
-132
-158
-128
-85
-98
-106
-84
-74
-137
-118
-49
-125
-151
-120
-164
-187
-146
-84
-121
-162
-127
-138
-202
-181
-112
-95
-110
-72
-49
-60
-92
-71
-71
-100
-69
-71
-69
-79
-42
-20
-50
19
-14
-78
-96
-141
-134
-150
-118
-96
-108
-105
-80
-45
-48
-32
-37
6
41
-4
37
58
34
62
2
10
9
13
53
22
12
71
53
46
52
2
38
-16
-6
-19
-33
-33
-41
-16
-45
-94
-53
-60
-48
-47
-46
-18
-39
-5
35
22
24
42
16
53
50
73
90
79
85
111
131
72
97
106
99
85
140
177
195
141
157
208
164
200
175
176
188
147
87
23
31
55
59
105
143
120
142
137
105
60
-27
-86
-53
-27
-59
-68
-3
-13
-52
-40
-28
-24
-99
-50
-58
-51
3
11
33
58
101
107
155
166
204
191
177
212
226
209
186
182
196
186
188
218
187
214
214
217
241
190
165
103
56
29
20
-28
-37
1
-26
-4
22
39
-18
-83
-45
-16
-37
-71
-58
-70
-106
-119
-86
-79
-77
-48
-12
-4
-14
23
5
23
25
93
69
57
104
112
116
108
83
59
91
111
119
106
84
59
18
-62
-6
-30
-46
16
-43
-15
-6
4
6
-2
76
53
-5
22
-17
-82
-137
-218
-189
-232
-226
-233
-214
-206
-190
-175
-185
-121
-97
-115
-111
-111
-80
-97
-124
-83
-146
-132
-119
-102
-138
-108
-134
-97
-83
-87
-65
-77
-62
-81
-97
-37
13
-25
-58
-53
-77
-49
-44
-6
8
-18
26
78
55
-12
-58
-57
-38
-56
-53
-11
13
-1
69
103
139
76
95
105
52
29
48
95
70
46
24
48
31
-11
-19
-32
-37
-38
-86
-125
-98
-103
-21
-22
-41
-54
-19
-45
-82
-52
-68
-78
-99
-52
-34
-11
31
10
36
51
8
-5
-4
43
51
42
45
119
144
160
140
170
193
148
132
116
93
80
34
-2
-4
-23
-37
-22
2
32
-9
28
55
76
93
121
110
72
130
89
82
17
39
80
80
60
36
47
73
79
112
65
109
85
86
90
75
122
121
92
85
116
46
86
80
72
61
70
50
29
39
140
96
69
93
77
55
-33
7
-58
-86
-115
-56
-70
-46
-53
-73
-10
-1
-24
-64
-31
-28
-51
-17
-44
-52
-42
-69
-94
-143
-66
-42
19
23
15
63
79
98
101
98
115
105
85
25
-11
-17
-21
-16
-35
-86
-104
-102
-143
-104
-80
-74
-119
-133
-89
-63
-76
-46
-32
-50
-49
-20
-42
-71
-38
-70
-44
-40
-19
-36
42
14
36
56
17
53
66
29
-42
5
-56
-103
-56
-55
-100
-98
-56
-2
30
-27
-13
14
-17
-18
0
-26
-12
-9
9
-27
-40
-28
-7
17
35
57
16
-7
4
-14
23
32
-4
-31
36
32
51
-3
-27
22
-24
23
1
-42
-38
-27
-72
-44
-46
-41
-40
-46
-20
22
39
-33
15
81
43
48
83
50
64
43
39
40
33
28
-13
37
55
-9
-16
2
-34
-79
-103
-131
-149
-162
-151
-154
-157
-155
-144
-93
-51
-47
-38
-37
-59
-45
-33
-13
-51
-83
-79
-65
-82
-70
-35
-32
-13
-22
-40
-56
-16
-40
-66
-45
-46
-65
-54
-51
-16
34
1
-3
-7
-46
-87
-134
-145
-181
-167
-112
-128
-155
-173
-140
-165
-120
-114
-131
-136
-121
-96
-124
-92
-105
-141
-102
-79
-132
-126
-77
-43
-30
5
-18
-12
-16
-15
-3
-9
6
-6
-36
-5
-13
-83
-33
3
-10
-19
-22
10
-17
-56
-55
-55
-81
-128
-85
-71
-61
-36
-42
-58
23
51
-1
-34
-53
-33
-25
-31
9
24
-2
-14
-18
-9
-24
-21
-13
-42
9
-18
-44
-68
-58
-31
-111
-57
-90
-130
-44
-124
-83
-76
-87
-94
-40
16
-48
-86
-72
-43
-10
-25
-1
38
-12
44
16
-21
-49
9
-13
-62
-37
-28
-57
-43
-18
-38
-53
2
-6
-49
-50
-19
-27
-25
-51
-31
-71
-82
-9
-25
-30
-62
-36
-55
-47
-27
-8
-9
7
-26
-40
8
4
45
12
6
9
37
32
-11
-12
-57
-36
-51
-47
-30
-25
11
40
44
51
83
36
54
65
80
66
78
111
97
114
120
123
104
128
59
50
52
61
80
59
47
45
90
73
24
-37
-95
-85
-114
-100
-68
-54
-29
-29
-23
1
27
56
32
24
53
81
84
97
116
105
118
157
135
235
221
205
202
193
194
134
136
121
160
188
143
129
150
142
84
87
102
82
58
67
83
53
48
6
13
-26
-25
15
-11
-37
-62
-59
-72
-46
-36
0
25
29
24
-68
-46
-18
-70
-77
-85
-81
-60
-14
-30
47
104
87
76
108
179
187
117
102
126
92
46
61
73
49
45
25
57
16
14
31
6
27
45
47
13
-4
-46
-67
-41
-8
-19
30
14
59
86
48
91
77
40
19
63
58
7
91
82
50
57
84
151
60
80
100
30
5
45
93
72
94
87
82
108
87
85
65
90
105
50
87
125
119
122
107
79
55
65
90
94
49
50
63
78
34
9
22
49
51
55
46
12
-8
35
72
58
46
12
-8
-32
24
-26
-67
-56
-104
-58
6
16
26
-2
9
50
61
22
55
127
91
130
124
129
138
133
150
160
175
198
184
173
193
151
191
194
222
213
151
154
147
146
141
164
146
132
151
158
164
99
174
168
139
172
147
171
182
216
196
209
194
181
163
159
134
135
116
102
147
156
110
125
150
120
110
120
128
103
82
123
166
130
150
188
246
231
253
220
244
191
191
231
206
207
230
241
229
217
212
194
164
184
205
179
165
151
158
120
51
17
10
-12
-12
-3
-64
-101
-100
-85
-120
-86
-94
-109
-75
7
25
7
58
31
89
153
169
160
153
203
153
75
104
143
137
109
118
134
124
150
174
148
146
203
141
116
102
133
97
69
49
86
90
38
63
14
-4
13
62
25
32
74
42
27
99
131
74
55
60
47
17
20
62
138
101
61
115
83
86
110
111
56
56
-4
-58
6
4
-15
-6
56
69
65
72
104
50
22
70
38
19
15
66
52
36
76
103
113
134
120
117
189
183
136
102
136
128
152
202
219
255
260
235
266
230
212
221
204
194
187
139
164
161
126
198
217
168
141
197
150
111
168
174
182
167
119
87
115
145
132
118
155
128
100
151
180
196
164
177
226
257
193
176
186
166
139
127
132
117
74
103
104
81
96
125
100
73
68
5
-9
42
8
-13
-24
-37
-42
-77
-52
-32
-56
-81
-82
-68
-48
-53
-34
-32
-5
47
38
53
0
7
63
29
26
66
60
66
64
51
52
28
21
60
72
70
94
54
63
63
71
46
55
44
43
85
73
49
-6
-23
37
-15
-62
-70
-122
-137
-124
-95
-58
-60
-33
-34
-57
-36
-37
6
-16
29
-3
-47
-22
-21
-43
-24
-37
-18
-9
-42
13
19
-11
24
23
3
-17
-71
-94
-95
-122
-98
-157
-153
-119
-125
-64
-83
-94
-137
-77
-108
-153
-123
-91
-107
-141
-144
-173
-184
-183
-160
-150
-157
-142
-114
-93
-99
-83
-45
-78
-52
-16
-4
-16
-21
-22
14
-2
-18
-60
-70
-68
-81
-90
-90
-99
-84
-114
-123
-49
-42
-78
-46
-23
-31
48
43
43
29
-7
59
28
21
71
11
25
32
40
50
27
24
17
31
54
26
54
25
1
8
20
62
51
45
49
29
54
64
36
0
0
-22
-54
-45
-86
-10
-43
-33
-42
-43
-90
-105
-53
-51
-47
-33
-12
-78
-49
-95
-74
-104
-90
-64
-78
-66
-16
5
27
65
68
25
40
39
-19
-14
-26
-34
-7
17
40
86
34
62
48
20
30
27
-27
-17
4
-26
-28
-115
-109
-114
-113
-106
-142
-171
-179
-155
-174
-199
-190
-174
-180
-202
-166
-205
-167
-147
-161
-123
-133
-119
-134
-111
-100
-82
-55
-120
-158
-160
-159
-148
-142
-153
-191
-154
-195
-218
-231
-244
-255
-203
-155
-159
-108
-111
-118
-90
-78
-125
-137
-158
-172
-154
-110
-110
-111
-51
-61
-82
-109
-99
-100
-116
-59
-125
-133
-88
-78
-58
-72
-65
-23
-27
-42
-53
-15
-47
-45
-38
-22
-22
-44
-27
-50
-30
-28
-3
-48
-91
-108
-91
-91
-85
-29
-44
-41
3
38
-38
18
-18
-52
-42
-111
-112
-106
-87
-116
-68
-52
-34
-29
-39
-98
-83
-87
-138
-95
-78
-95
-85
-43
-47
-62
-48
-33
-29
-32
7
-23
-21
-63
-66
-45
-49
-46
-56
-56
-59
-81
-105
-62
-145
-112
-76
-63
-20
0
6
-30
-3
11
31
3
3
52
-10
1
34
-51
-42
-72
-93
-90
-101
-64
-15
-50
-37
-40
-37
-24
-21
-8
-13
-31
-82
-94
-111
-121
-117
-111
-120
-64
-84
-67
-54
-72
-41
-47
-7
30
0
-2
-10
22
8
16
10
-29
25
17
60
60
46
24
28
26
-21
0
-22
-35
-22
-33
-10
-32
-62
-4
20
17
-2
47
58
44
67
71
72
63
10
20
14
-28
-27
-77
-96
-109
-138
-108
-109
-116
-114
-46
-44
-59
-19
-37
12
-35
-37
-52
-60
-45
-93
-86
-121
-136
-151
-137
-134
-147
-118
-132
-95
-86
-100
-97
-75
-91
-51
-1
-34
-41
-33
-33
-69
-83
-83
-120
-180
-189
-193
-162
-73
-85
-78
-34
-1
-18
-4
0
-29
-43
-66
-46
-70
-116
-74
-77
-105
-35
-65
-57
-82
-78
-71
-94
-56
-70
-22
-69
-62
-36
-69
-101
-61
-39
-59
-71
-136
-102
-47
-23
5
66
61
1
-3
31
35
-19
-49
-35
-88
-92
-64
-74
-105
-111
-92
-52
-47
-69
-66
-26
-45
-69
-59
-56
-20
-53
-60
-62
-77
-64
-82
-101
-85
-100
-117
-145
-110
-64
-96
-99
-97
-66
-69
-111
-110
-108
-86
-112
-107
-116
-132
-136
-149
-157
-176
-155
-146
-116
-89
-78
-122
-118
-99
-69
-15
5
79
80
91
83
68
91
47
-16
19
40
23
41
30
68
32
48
104
92
126
124
130
112
112
123
73
57
50
79
42
60
59
93
100
39
39
61
40
70
66
50
44
0
1
-38
-39
-60
-56
-38
-36
-33
-12
-4
52
9
2
81
16
-14
32
16
-4
38
21
33
57
25
-9
-21
-17
-21
4
29
30
42
70
85
88
88
81
74
9
-9
-9
-24
-65
-47
-50
-59
-53
-53
18
11
-5
26
-1
-16
-66
-91
-95
-135
-139
-110
-72
-74
-51
-7
-37
-63
13
4
-37
34
70
81
88
82
101
58
56
75
63
18
46
52
-2
-21
-17
17
28
81
89
15
40
11
9
-1
-9
-6
-19
-1
13
-38
-59
-23
-62
-70
-68
-43
-110
-86
-82
-116
-105
-106
-101
-112
-72
-80
-78
-43
-83
-59
-36
-41
-23
-22
62
70
55
81
64
27
29
94
50
32
47
44
25
-21
49
16
53
29
56
28
-6
35
-35
-11
-15
-39
-10
26
10
-6
1
9
28
18
43
27
14
37
33
20
83
110
61
57
46
30
43
17
4
-32
12
36
17
73
84
142
149
145
130
150
113
99
92
93
127
94
109
136
111
132
153
150
144
157
116
93
111
54
35
1
10
6
10
9
-16
19
6
2
18
14
12
-24
-44
-55
-45
-92
-70
-45
-88
-87
-110
-87
-100
-85
-38
-25
30
39
5
15
-5
44
23
46
83
104
130
104
74
26
88
83
86
87
-2
12
51
9
-3
-53
-35
-14
-29
16
25
62
66
45
43
15
5
-17
29
16
27
11
20
70
-20
34
64
-1
36
79
101
68
36
7
8
35
-22
2
12
9
18
2
-3
-3
-19
-65
-11
-19
23
28
2
19
5
-19
-19
-32
-35
-4
-35
3
40
20
15
3
39
9
52
62
35
37
54
52
77
66
117
54
54
99
48
68
78
87
-16
55
125
92
116
112
126
126
88
125
86
37
78
86
98
76
75
80
71
69
103
87
99
102
81
121
82
25
52
67
56
61
26
84
89
66
61
102
107
85
93
99
86
104
111
83
55
70
126
121
165
145
184
166
149
201
213
239
151
152
162
134
142
108
133
93
135
139
101
93
114
114
115
74
100
156
135
122
115
99
93
77
81
45
21
8
-22
-24
-55
-33
-33
-18
1
-11
-30
5
0
-50
-35
-20
-15
-8
32
57
-13
32
18
-33
-86
-84
-70
-86
-68
-13
-5
-28
22
44
68
76
20
33
33
34
17
26
101
51
-8
-2
22
-1
-28
44
136
61
24
40
53
77
58
99
83
50
127
95
43
44
42
74
13
50
51
40
59
24
9
49
6
-23
62
25
28
92
124
77
72
69
64
39
52
51
47
39
114
88
45
107
74
31
45
96
97
70
74
44
-11
-19
56
38
6
58
65
7
3
86
93
85
92
121
101
75
99
72
46
39
52
76
39
68
17
49
40
40
28
1
43
-21
-18
-32
-40
-70
-70
-52
-53
-57
-45
-73
-75
-12
-22
-54
-37
11
35
1
55
62
62
49
35
78
77
92
111
67
90
72
64
63
50
39
21
60
39
69
60
45
57
-11
24
16
16
8
2
-9
-32
17
18
19
30
24
-9
-11
5
-3
-23
-33
-5
-17
11
70
75
84
116
121
131
196
175
154
102
143
131
117
151
143
143
89
79
54
87
28
38
28
42
41
2
15
8
-49
-47
14
-20
-58
-24
3
-66
-139
-91
-100
-132
-61
-4
-16
-39
68
46
8
55
87
14
-65
7
19
-57
-15
43
35
67
79
120
89
139
101
5
-39
-60
-80
-107
-38
-28
-8
-14
-6
-48
-13
-29
-90
-93
-119
-123
-204
-208
-181
-181
-193
-127
-114
-160
-108
-97
-90
-92
-60
-45
-39
-3
44
4
-9
-20
-23
-13
-20
-32
-59
-68
-22
-19
-53
-45
-17
2
-39
-48
-3
-17
-39
-41
-71
-97
-107
-41
-109
-89
-42
-113
-150
-110
-61
-105
-109
-80
5
-16
-27
21
24
3
-6
14
-43
-40
-64
-51
-28
-40
3
53
43
5
74
36
66
72
65
81
31
4
24
13
2
-81
-71
-72
-73
-62
-114
-85
-110
-85
-43
-69
-76
-86
-109
-121
-145
-136
-116
-150
-141
-121
-107
-83
-126
-126
-82
-56
-93
-104
-50
-43
-61
-67
-18
-42
-47
-4
28
16
8
36
40
0
-58
12
18
-15
47
97
75
47
93
62
15
-36
-45
-9
-21
-15
-49
-88
-119
-110
-76
-149
-98
-76
-144
-133
-107
-94
-124
-106
-96
-66
-75
-102
-101
-118
-109
-119
-74
-80
-116
-124
-109
-121
-83
-105
-143
-53
-41
-51
-40
-32
-35
-3
-2
18
36
42
37
37
-11
-68
-14
-58
-46
-28
-74
-35
-54
-53
-25
-10
19
64
56
58
10
30
65
36
28
13
-36
-26
12
14
9
47
32
50
26
-62
-13
-33
-27
-55
-75
-72
-73
-107
-143
-194
-211
-225
-252
-223
-223
-174
-163
-171
-134
-120
-112
-130
-156
-146
-185
-193
-185
-151
-128
-94
-28
-8
-3
-5
-21
28
32
0
23
42
58
66
86
104
81
69
48
38
36
47
28
-26
-11
-12
9
-6
-76
-59
-84
-138
-142
-136
-186
-211
-173
-137
-168
-140
-150
-172
-135
-148
-256
-255
-236
-228
-215
-244
-202
-204
-219
-168
-151
-142
-84
-86
-72
-36
40
54
41
51
81
72
101
120
116
124
141
123
143
85
92
85
30
39
67
72
64
104
47
17
18
33
26
2
-7
-21
-41
-86
-72
-86
-106
-109
-108
-121
-148
-132
-105
-106
-122
-104
-84
-75
-60
-75
-101
-46
-11
-59
-16
10
10
74
49
64
47
-8
13
7
11
-2
5
-23
-27
10
-8
-6
-6
-43
-50
-25
-71
-43
-69
-24
41
14
-5
-9
-45
-38
-35
-58
-25
-68
-40
-24
-12
21
45
29
57
35
55
57
54
39
26
50
4
43
69
29
20
43
-7
-4
-19
-38
19
31
58
81
49
31
74
103
85
3
-4
71
10
-29
24
-25
-27
-24
-7
-29
-78
-89
-59
-79
-91
-71
-115
-103
-113
-97
-123
-60
-59
-80
-64
-60
-28
-55
-49
-64
-33
11
-48
-16
43
26
17
34
21
76
123
121
75
119
130
98
121
103
149
127
109
64
85
100
73
72
63
69
53
17
-7
-10
16
-1
-29
-38
-58
-71
-89
-34
-48
-99
-64
-56
-45
4
-34
-48
-4
45
-1
26
68
32
29
43
2
-11
37
28
79
32
20
26
-1
39
65
53
10
25
24
-59
-28
5
0
-20
-39
-25
-90
-84
-65
-121
-186
-174
-82
-77
-121
-34
-50
-101
-61
-17
17
48
77
67
107
167
136
112
130
126
78
59
123
139
129
202
245
229
195
245
253
220
255
284
221
209
194
170
120
137
157
124
115
104
93
86
70
49
82
56
65
62
98
119
80
80
70
147
139
166
175
198
177
160
190
219
183
194
262
175
156
157
167
122
60
54
36
6
-12
-51
-74
-92
-42
-50
-83
-51
-48
-41
-76
-40
-21
-64
-102
-76
-98
-92
-105
-95
-79
-42
29
-23
-43
-2
28
38
29
43
47
82
87
77
144
91
74
98
94
111
60
74
77
118
133
111
149
104
70
122
131
134
135
147
120
121
116
82
102
116
65
53
67
59
62
64
40
27
24
5
0
46
71
13
32
29
30
31
53
61
38
34
15
10
43
27
8
0
-20
-15
-5
38
41
77
60
66
73
63
88
69
72
75
77
116
66
44
73
78
25
32
52
51
13
25
55
37
48
23
3
45
111
151
148
117
122
122
97
51
91
44
37
67
57
26
34
82
87
68
85
114
109
93
116
143
131
158
121
53
91
119
119
144
142
147
174
166
176
145
177
152
137
137
136
120
91
100
84
113
100
73
68
43
39
25
6
28
29
44
28
14
-18
-18
-33
-34
-30
-21
-53
-67
-69
-77
-69
-123
-119
-151
-132
-160
-163
-94
-92
-37
-39
-64
-58
-30
-2
3
-28
-44
34
57
90
28
59
49
17
78
89
146
91
149
109
97
129
142
185
131
193
242
212
182
201
215
104
45
116
109
18
90
156
74
34
66
42
-47
-40
14
-69
-113
-43
-76
-124
-81
-55
-76
-132
-45
-64
-107
-102
-73
-79
-87
-49
-64
-83
-59
26
-42
1
50
41
46
84
126
58
102
124
82
68
69
101
83
63
47
-9
-47
-14
-24
-47
-22
-78
-83
-95
-160
-142
-212
-229
-229
-241
-259
-254
-196
-214
-204
-151
-135
-96
-94
-83
-71
-51
-39
-51
6
-31
12
68
106
139
152
89
97
120
103
123
93
111
133
96
32
25
-10
24
2
-39
-34
-36
-19
-40
-43
-37
-15
-6
-14
17
0
-44
-41
-48
-88
-134
-102
-85
-108
-82
-62
-27
-21
-32
0
-62
-43
-57
-63
-95
-90
-111
-108
-101
-75
-47
-54
-55
-47
5
37
6
-15
-4
-39
-19
12
42
4
16
-47
-51
-85
-92
-71
-116
-110
-64
-59
-49
-55
-17
8
-71
-58
-64
-85
-125
-145
-71
-67
-117
-151
-126
-170
-195
-104
-134
-160
-168
-108
-147
-170
-148
-166
-180
-172
-151
-117
-119
-123
-68
-92
-130
-109
-116
-139
-96
-49
-38
-7
63
47
46
63
81
98
99
152
88
106
116
120
84
112
98
63
86
93
33
14
-3
5
27
-28
22
39
5
-20
-17
-70
-72
-97
-129
-81
-58
-85
-34
-37
-20
32
11
27
1
-28
-8
6
7
8
46
60
57
95
94
54
59
97
-4
-85
-39
-36
-102
-23
57
-17
6
5
-2
-26
-33
21
-21
-55
26
105
62
107
134
79
108
260
302
101
-159
-89
374
477
184
-80
20
218
301
196
176
221
101
-11
17
221
155
-2
-128
-20
155
90
-105
-148
-60
-42
4
27
23
-93
-207
-89
-7
5
-85
-151
-152
-59
225
248
3
-256
-136
307
471
176
-113
57
225
192
48
135
303
231
88
128
322
216
-47
-118
87
163
-16
-233
-151
-72
-140
-168
-97
-32
-122
-170
-118
15
-69
-197
-143
-46
-90
-143
-61
10
131
210
205
20
-231
-48
350
516
243
-121
-96
74
111
80
88
146
59
-68
13
81
-9
-186
-258
-106
-79
-228
-336
-353
-287
-257
-184
-159
-192
-335
-284
-49
149
54
-93
-88
-47
21
25
159
198
118
124
260
350
293
147
242
331
276
165
140
209
214
208
278
415
393
107
-193
-76
249
358
116
-192
-309
-161
-11
-30
-47
-205
-324
-314
-246
-148
-286
-412
-548
-461
-329
-442
-523
-510
-474
-490
-478
-458
-503
-700
-746
-603
-487
-496
-673
-725
-673
-561
-544
-537
-558
-618
-651
-539
-299
-239
-282
-333
-163
-12
62
106
353
679
803
835
813
1097
1422
1617
1577
1577
1693
1752
1760
1814
1867
1848
1783
1749
1728
1546
1416
1245
1114
965
762
508
275
94
-58
-253
-428
-676
-902
-1161
-1352
-1542
-1736
-1865
-2087
-2422
-2758
-2806
-2746
-3059
-3490
-3729
-3770
-3906
-4254
-4796
-4205
-853
1323
-623
-5824
-6814
-566
5651
4667
-1017
-2483
1324
4335
2866
2051
3985
5140
2616
490
2909
5931
4254
-56
-285
3369
4402
461
-2638
-1257
1132
489
-1648
-2086
-1727
-2637
-3575
-2446
-196
-99
-2224
-3541
-2131
19
472
72
920
2566
2253
894
1085
3501
5079
4446
3423
3416
3485
3067
3301
4156
4172
2490
1208
1276
1772
1211
262
-1
-109
-1061
-2110
-2197
-2036
-2652
-3545
-3479
-3087
-3724
-5086
-5409
-4920
-4478
-4677
-4960
-5461
-5988
-5978
-4275
-253
1189
-1382
-5822
-5544
924
6480
5501
395
-968
2487
5709
4732
3581
4726
5857
4023
1864
3226
5381
3946
233
-239
2666
3453
-394
-3678
-2725
-59
-119
-2455
-3716
-3413
-3590
-4092
-3254
-1348
-765
-2547
-4215
-2869
280
1900
1098
213
1508
3280
3712
3203
3537
4769
5612
5543
4976
4393
3859
3934
4511
4716
3727
1998
951
983
1212
897
48
-804
-1792
-2568
-2646
-2287
-2534
-3629
-4212
-3800
-3502
-3976
-4793
-4766
-4382
-4310
-4332
-4672
-4741
-5228
-5251
-4320
-3310
-818
941
-387
-4302
-5880
-548
6423
6924
862
-2628
657
5526
5275
2938
3380
4823
3485
525
1459
4835
4569
193
-1882
848
3057
152
-3502
-2947
-190
-2
-2510
-3824
-2957
-2657
-3362
-3024
-1270
-432
-1984
-3325
-1870
990
2089
1031
743
2324
4017
3962
3301
3751
4877
5563
5394
5158
4502
3723
3673
4516
4930
3749
1842
879
1051
1384
1119
324
-705
-1865
-2539
-2228
-1836
-2351
-3360
-3573
-3037
-3209
-3969
-4263
-3784
-3618
-4024
-4059
-3667
-3818
-4674
-5219
-4687
-4035
-4588
-3814
68
2123
-1335
-7567
-6796
2101
8257
4425
-3361
-3759
2282
5493
2889
1425
3442
4175
937
-790
2832
5954
2970
-2160
-1746
2900
3798
-747
-3791
-1644
1434
770
-1945
-2729
-1778
-1623
-1690
-337
1302
568
-2099
-1916
1789
4294
2932
499
1544
4443
5302
4058
3335
4089
4883
4920
4998
4902
3751
2624
2849
4070
3829
1853
360
181
282
-119
-606
-938
-1932
-3408
-3673
-2586
-2083
-3065
-4268
-4157
-3495
-3504
-3858
-3814
-3626
-3751
-3956
-3544
-3376
-3829
-4306
-4184
-3940
-4378
-5489
-3534
1666
3310
-1799
-9304
-7476
2793
9102
3923
-4374
-4178
2504
5150
2013
1115
3676
4263
211
-1071
3461
6349
2377
-2696
-1077
4160
4067
-1040
-3160
-320
2204
622
-1592
-1257
-502
-1232
-1549
219
2217
1652
-643
-1057
854
3150
3851
3188
2396
2423
3362
4366
4591
4095
3825
4243
4885
4411
3160
2506
2754
3102
2544
1532
717
-103
-819
-957
-658
-993
-2224
-3246
-3215
-2713
-2712
-3192
-3600
-3457
-3534
-3668
-3591
-3234
-3146
-3629
-3665
-3258
-2996
-3797
-4207
-4108
-3615
-4030
-5495
-4823
-204
3176
-780
-8608
-9781
-128
8323
5342
-4162
-6453
285
5046
2750
185
2283
3894
1118
-1069
2546
6494
3976
-1247
-399
4883
5428
149
-2420
1229
4422
2479
-612
-104
1603
901
-446
807
2893
2662
393
-396
1264
2693
2643
2091
2222
2515
2546
2788
3138
2867
2688
3421
4238
3501
1589
938
2319
3516
2770
979
46
68
6
-39
22
-160
-1088
-1997
-1976
-1456
-1460
-2054
-2417
-2314
-2223
-2652
-3063
-3221
-3389
-3481
-3743
-3983
-4434
-4937
-5439
-5764
-6039
-6599
-7694
-5567
-818
499
-4791
-11945
-9515
1084
7592
2457
-5594
-5385
1664
5157
3279
2464
4201
4576
1788
1924
6196
8265
4450
477
2311
6478
5850
1747
240
1958
3087
1777
623
492
212
-639
-879
364
1139
586
-1058
-1204
-25
1228
1459
866
950
1675
2728
2876
2528
2350
3161
4307
4868
4040
2877
2585
3368
4232
3955
2682
1397
976
1323
1553
1020
128
-780
-1317
-1313
-1295
-1668
-2384
-3045
-3058
-2901
-3166
-3910
-4465
-4438
-3901
-4160
-5114
-5796
-5904
-5511
-5791
-6283
-6770
-7256
-8670
-6332
-1026
1442
-3591
-11404
-9485
970
8204
3679
-3846
-3732
2800
5668
3877
3583
5670
5709
2604
2794
6845
8637
4796
1220
3087
6434
5204
1533
483
1960
2461
1066
447
293
-568
-1748
-1049
709
866
-396
-1560
-676
144
676
1096
1929
2353
1908
1824
2643
3488
3526
4090
5059
5561
4062
2598
3219
4961
5370
3711
1878
1361
1474
1425
1128
566
-364
-1669
-2374
-1992
-1868
-2723
-3892
-4190
-3674
-3832
-4532
-5279
-5130
-4916
-5046
-5315
-5482
-5619
-5748
-5376
-5014
-5951
-7458
-8609
-6037
168
1905
-2721
-10242
-9384
2
7027
4337
-2690
-3859
1004
4805
3810
3479
4284
4526
2547
2422
5750
7484
4759
1323
2133
5319
5481
2358
610
996
1969
1916
1394
866
-565
-1711
-1042
682
1261
161
-1066
-918
-90
389
1068
1715
2053
1857
1992
2693
3038
2987
3534
4893
5617
4461
2862
3004
4518
5343
4375
2801
1929
1648
1492
1394
1084
193
-1068
-1871
-1927
-1837
-2381
-3287
-3805
-3885
-4131
-4511
-5000
-5233
-5289
-5465
-5451
-5611
-5815
-6215
-6351
-6391
-6496
-6862
-7147
-7774
-4905
-648
142
-4421
-9794
-6472
2189
6718
2317
-2904
-2011
3273
5189
3979
3886
4868
4675
2837
3807
6718
7033
3709
1576
3399
5685
4177
1478
792
1633
1743
777
361
-1
-1180
-1895
-353
1009
597
-1180
-1837
-304
854
1447
1291
1517
1847
2387
3239
3874
3488
3073
4139
5719
6187
4471
2961
3421
4843
5159
3960
2416
1470
996
1099
1091
205
-1278
-2622
-2779
-2317
-2508
-3344
-4281
-4690
-4558
-4103
-4361
-5332
-6373
-6134
-5242
-4792
-5277
-6321
-6315
-6081
-5787
-6295
-6578
-7669
-5963
-1015
1226
-2289
-9291
-8517
117
7109
4434
-2396
-3477
1736
5260
4265
3641
4155
4103
2225
2988
6472
7343
3778
738
2427
5588
4827
1735
633
1368
1768
1198
1018
689
-893
-1841
-385
1444
1229
-850
-1790
-416
994
1392
1186
1353
1850
2292
3020
3612
3198
2630
3443
5348
6167
4503
2555
2568
4094
4944
4091
2528
1337
745
912
1389
955
-550
-2134
-2522
-1905
-1790
-2558
-3664
-4226
-4040
-3950
-4020
-4558
-5085
-5293
-5222
-4849
-4813
-5304
-5815
-5690
-5650
-5698
-6348
-6905
-7600
-4864
88
908
-4270
-10551
-7434
2352
7406
2177
-4406
-3255
2847
5041
2933
2550
3883
3942
2253
3200
6210
6246
2737
1036
3741
6249
4172
782
670
2357
2701
1678
1155
666
-906
-2026
-92
2969
2506
-1229
-3618
-1410
1877
2542
1072
198
992
2189
2858
2868
2510
2121
3148
4843
5378
3670
1722
2130
3987
4835
3571
1717
806
878
1127
1268
927
-415
-2049
-2584
-1704
-1389
-2410
-3558
-3813
-3511
-3853
-4364
-4855
-4892
-4926
-4963
-5202
-5698
-6175
-6390
-6025
-6043
-6394
-7244
-8069
-7905
-3309
641
-1060
-8040
-11103
-3651
5243
5869
-1404
-4792
-517
4794
4520
2964
3668
4729
3727
2773
5476
7646
5703
2142
2616
5949
6327
3032
1059
1872
2656
2124
1400
1119
-333
-2280
-1963
383
1497
182
-1504
-1987
-1580
-1144
205
1527
1600
566
414
1812
2757
2463
2558
4047
5124
4366
2671
2784
4321
5160
4439
3274
2503
1803
1499
1884
1991
809
-928
-1677
-1296
-1402
-2320
-3021
-3096
-3191
-3831
-4504
-4768
-4876
-5082
-5129
-5326
-5435
-5784
-6084
-5990
-5776
-5721
-6103
-6867
-7409
-7856
-4977
-109
679
-4398
-9979
-6508
2471
6760
2202
-2971
-1708
3114
4743
3437
3807
4774
4343
2813
4200
6975
6604
3231
1931
4264
6055
4117
1555
1377
2045
1949
1349
1338
431
-1650
-2609
-946
1250
1321
-643
-2922
-3155
-1538
1155
2553
1332
-531
-646
1416
3059
3043
2557
3209
4088
4157
3442
3346
4043
4428
4246
3623
2961
2196
1725
1714
1584
910
69
-642
-1260
-2028
-2548
-2439
-2353
-2895
-3891
-4792
-5045
-4885
-4585
-4492
-4905
-5560
-6048
-6017
-5845
-5691
-5892
-6027
-6436
-6992
-8171
-6619
-1195
1549
-1828
-9003
-8847
-200
6806
4546
-1825
-2517
2110
5029
3759
3695
4893
5153
3256
3576
6752
7507
4158
1355
3270
6416
5667
2104
665
1222
1787
1597
1484
664
-1641
-3435
-2439
-250
512
-433
-2103
-2869
-2893
-1331
1079
1939
695
-625
245
2405
3265
2984
3257
4272
4913
4191
3585
4095
4836
4754
4154
3630
3263
2373
1414
1080
1140
1088
264
-1174
-2282
-2568
-2175
-2068
-2734
-3719
-4536
-4745
-4632
-4458
-4397
-4644
-5150
-5320
-5231
-5106
-5374
-5442
-5204
-5099
-5643
-6491
-7529
-5600
-365
2283
-1169
-8122
-8097
106
7079
4819
-1384
-2178
2288
4834
3517
3531
5054
5194
3035
3427
6613
7104
3232
524
3216
6790
5421
1098
-445
786
1852
1594
1138
151
-2238
-3844
-2542
106
747
-1114
-3065
-2700
-1674
-618
543
1192
1107
534
1190
2571
3381
3328
3748
4693
5180
4525
3962
4503
4964
4750
4042
3819
3310
1918
713
945
1701
1139
-760
-2087
-1962
-1769
-2469
-3454
-3641
-3428
-3695
-4479
-4775
-4615
-4625
-4693
-4625
-4417
-4693
-5227
-5388
-5050
-4497
-4567
-5496
-6318
-7164
-5261
-342
2085
-1237
-7671
-7951
-503
5970
4384
-1016
-2122
1508
3938
3294
3441
4307
4307
3085
3906
6288
5971
2776
1326
3882
6334
4665
1172
315
1111
1405
1060
1183
613
-1814
-3856
-2999
-739
-125
-1338
-2381
-1908
-1437
-1305
-406
595
1032
824
1364
2663
3085
2672
2861
4141
5333
5199
4275
4013
4096
4299
4323
4234
3603
2125
1106
1177
1391
912
-130
-877
-1177
-1979
-2945
-3136
-2712
-2551
-3336
-4200
-4211
-4177
-4355
-4346
-3939
-3787
-4371
-5058
-5034
-4518
-4396
-4890
-5683
-5827
-6408
-5518
-1420
1400
-589
-6666
-8135
-1954
4854
4676
-187
-1922
853
3532
3259
3636
4403
4336
2975
3552
6180
6520
3346
846
2716
5579
5139
2020
487
243
184
403
1240
1046
-1627
-4322
-4183
-1798
-439
-1078
-2037
-2291
-2545
-2161
-669
1192
1516
663
1005
2737
3843
3489
3432
4565
5794
5712
5099
4809
4773
4571
4581
5100
4829
3079
1196
859
1623
1852
871
-425
-1444
-2343
-2860
-2595
-1990
-2300
-3615
-4390
-4197
-3618
-3672
-4071
-4055
-3839
-3924
-4271
-4378
-4208
-4157
-4473
-4536
-4742
-5381
-6329
-4714
-508
1620
-1611
-7054
-6981
-1015
4245
3211
-315
-992
1153
2463
2470
3266
3922
3544
2684
3990
5830
5058
1821
720
3214
5486
4457
1684
248
-205
-175
372
1378
737
-1898
-4082
-3477
-1412
-357
-393
-1402
-2058
-2240
-1326
428
1350
1210
1100
2158
3476
3929
3476
3645
4494
5511
5781
5306
4675
3989
3914
4394
4760
3913
2262
1177
1389
1510
789
-220
-849
-1126
-1679
-2213
-2636
-2722
-2839
-2965
-3030
-3107
-3236
-3684
-3950
-3827
-3320
-3019
-3346
-3884
-4269
-4063
-3854
-3880
-4528
-5188
-5883
-5758
-2734
260
111
-4439
-7796
-5146
839
3546
1158
-1100
-369
1543
1528
1894
3183
4000
3034
2608
4558
5807
3990
1016
1158
3642
4957
3528
1814
409
-805
-1155
82
1643
593
-2292
-3940
-2860
-937
-341
-924
-1131
-1283
-1251
-621
633
1372
1236
1640
3239
4456
3860
2735
2935
4806
6079
5912
5119
4405
3734
3266
3550
4189
3897
2472
1019
486
602
421
-191
-710
-1058
-1594
-2229
-2596
-2650
-2737
-2588
-2388
-2433
-2929
-3590
-3786
-3290
-2679
-2662
-2993
-3479
-3653
-3839
-3968
-3831
-4191
-4999
-5949
-5942
-3696
-1075
-623
-3444
-6287
-5482
-1782
1142
1207
249
-262
170
367
1260
2399
2773
2472
2643
4244
5032
3706
1401
898
2346
4082
4190
2978
916
-872
-1041
383
1691
884
-1157
-2495
-2118
-1164
-367
-394
-796
-818
-101
1182
1683
1247
1058
2101
3752
4788
4754
4412
4189
4030
4302
5011
5700
5575
4496
3567
3337
3105
2432
1750
1657
1765
1129
62
-915
-1556
-1813
-1751
-1549
-1584
-2103
-2864
-3243
-3036
-2572
-2410
-2667
-2814
-2782
-2785
-2969
-3131
-3050
-3027
-2801
-2791
-3084
-3856
-4928
-5278
-5343
-4825
-3163
-1635
-1818
-4006
-5778
-4786
-2269
-791
-723
-795
-267
139
-56
244
836
1193
1504
2620
4415
4647
2821
849
886
2490
3876
4064
3553
2348
843
186
538
1288
1295
1016
935
757
135
-447
-347
272
909
1414
1977
2137
1672
1163
1604
2933
3874
3984
3689
3694
3703
3571
3553
3708
3576
2959
2692
2713
2687
1916
750
181
430
865
816
211
-820
-1752
-2174
-1650
-886
-795
-1462
-2117
-2258
-2111
-2043
-2245
-2283
-2082
-1837
-1801
-1914
-2487
-3158
-3514
-3160
-2614
-2757
-3502
-4423
-4991
-5441
-5951
-5807
-4225
-2745
-2927
-4584
-5575
-4798
-3304
-2445
-1956
-1140
-352
-247
-280
496
1161
1114
1099
2330
4124
4897
4145
3034
2538
2634
3080
3933
4694
4180
2765
1790
1743
1817
1510
1470
1755
1857
1592
1206
967
740
622
952
1819
2396
2093
1401
1298
1708
2144
2438
2452
2570
2580
2331
2215
2226
2069
1667
1353
1595
1863
1797
1264
397
-286
-382
76
541
460
-289
-1054
-1341
-974
-673
-765
-976
-1177
-1202
-1120
-1183
-1562
-1906
-1973
-1668
-1448
-1733
-2458
-3159
-3309
-3167
-3230
-3632
-4205
-4799
-5229
-5392
-5357
-5849
-6470
-5940
-4733
-3918
-4429
-4983
-4375
-3344
-2806
-2537
-1625
-234
915
1240
1431
1725
1954
2197
3082
4774
5645
5226
4430
4203
4345
4360
4374
4621
4552
4070
3654
3538
3278
2211
1170
984
1640
2218
2194
1512
708
52
-229
-37
451
877
1030
1151
1289
1274
815
375
253
901
1813
2518
2570
1763
824
408
757
1384
1633
1430
1226
1050
792
443
61
-248
-376
-401
-339
-236
-249
-574
-1080
-1561
-1941
-2028
-1982
-1684
-1457
-1557
-2123
-3012
-3656
-3772
-3355
-2913
-2971
-3343
-3800
-4185
-4289
-4466
-4534
-4525
-4439
-4301
-4399
-4571
-4370
-3533
-2681
-2221
-2195
-1914
-1348
-740
-141
619
1240
1520
1802
2466
3091
3135
3077
3188
3787
4426
4577
4297
4057
3883
3773
3622
3581
3279
2793
2549
2535
2250
1676
1133
751
750
689
723
586
425
114
-12
173
479
614
545
660
896
1207
1176
1118
1087
1265
1630
1886
2034
1855
1547
1347
1367
1394
1338
1131
958
978
1049
746
131
-437
-746
-656
-423
-311
-579
-1141
-1654
-2039
-2199
-2065
-1847
-1861
-2166
-2480
-2727
-2897
-2998
-2890
-2774
-2743
-2921
-3029
-2950
-2740
-2769
-2678
-2232
-1925
-2066
-2350
-2238
-2165
-2033
-1793
-1357
-1199
-1356
-1187
-656
164
374
311
423
601
733
924
1417
1625
1550
1540
1951
2165
1788
1263
1127
1578
2000
1801
1428
1343
1109
679
463
739
619
184
123
619
975
726
188
-201
3
378
674
908
1131
1073
926
1196
1708
1957
1579
1373
1683
2273
2423
2029
1687
1607
1682
1826
1885
1512
1056
660
693
893
710
173
-466
-898
-1057
-982
-785
-873
-1362
-1917
-1905
-1455
-1211
-1458
-1851
-1891
-1626
-1341
-1311
-1362
-1365
-1255
-956
-613
-519
-813
-1066
-745
-110
264
302
-65
-398
-234
217
488
527
292
29
181
682
964
648
297
-28
-195
-81
211
287
21
-280
-575
-706
-778
-814
-1098
-1240
-1170
-916
-993
-1483
-1754
-1773
-1514
-1366
-1159
-960
-905
-1041
-751
-438
-363
-449
-437
-66
517
1226
1504
1568
1536
1474
1496
1787
2052
2001
2026
2303
2679
2564
2115
1771
1734
1700
1508
1214
1085
1155
1130
920
556
204
-371
-676
-502
-212
-35
-143
-209
-175
-176
-485
-827
-750
-293
195
430
489
348
101
-10
62
139
217
360
646
981
1094
847
606
441
329
477
720
935
1013
1004
920
682
455
275
122
345
775
929
734
328
-46
-209
-168
-171
-359
-591
-531
-434
-437
-669
-1156
-1566
-1529
-1110
-942
-915
-1006
-1150
-1180
-1067
-935
-900
-885
-994
-898
-316
125
82
-207
-352
-424
-369
14
134
74
88
348
674
686
146
-442
-473
-267
-46
-82
-116
-168
-178
-245
-436
-597
-737
-691
-567
-186
176
264
204
51
-52
-4
276
541
611
739
966
1308
1346
1085
687
572
695
983
1166
1338
1524
1463
1328
958
653
475
751
1153
1361
1316
1129
1074
1138
1013
763
681
794
1109
1306
1332
1268
1310
1186
921
672
577
954
1449
1543
1226
792
582
458
443
540
628
788
817
615
121
-266
-330
-139
36
71
97
81
101
103
-94
-329
-389
-200
-106
-198
-73
21
-25
-77
-288
-380
-139
89
135
-140
-509
-407
-80
-177
-335
-150
113
77
92
38
11
117
51
30
-26
273
467
465
278
36
-93
-172
44
239
370
417
454
465
450
417
245
215
175
327
864
1055
749
340
118
298
696
948
726
392
442
680
949
896
675
618
718
936
1034
991
919
806
891
1092
911
562
423
622
1002
1281
944
507
434
437
476
638
760
745
729
744
768
743
622
497
725
978
934
1027
1156
1154
905
883
1142
1294
1143
775
857
1328
1441
1046
722
697
899
785
680
500
370
304
210
321
342
286
113
189
383
341
270
50
-116
-106
-85
133
400
677
677
831
1030
957
594
310
309
523
698
1107
1518
1532
1359
943
870
1102
1121
565
420
836
1312
1381
1317
1480
1281
850
436
636
1055
1269
1165
949
1029
1213
1199
856
591
525
1070
1553
1558
1317
786
449
556
583
512
659
1004
1307
894
406
595
481
107
-63
207
675
1225
1743
1644
1190
731
468
179
398
689
793
1152
1721
1865
1269
713
339
277
192
124
265
883
1344
1247
931
522
33
-152
6
386
652
677
584
646
805
581
286
398
788
1089
1139
1159
1040
918
1132
1168
1295
1521
1556
1522
1722
1697
1446
1295
1313
1461
1634
1827
1951
1826
1572
1356
1381
1532
1253
1032
1208
1661
1872
1448
1037
1090
1133
923
860
1009
1160
1386
1387
1262
1215
930
703
574
641
797
1146
1275
1198
1228
1011
789
800
919
903
999
1217
1439
1456
1253
1313
1182
982
1053
1245
1426
1586
1457
1136
1136
1182
913
733
881
1124
1437
1353
1033
680
520
503
483
519
379
591
891
1020
490
182
447
717
965
959
794
644
962
1168
1017
938
1206
1587
1827
2006
1643
1097
854
1088
1540
1868
2193
2300
2265
2096
1739
1406
1411
1593
1459
1381
1603
1948
2116
1994
1501
973
873
872
821
663
616
741
1170
1574
1267
699
455
345
251
164
191
356
707
1099
1635
1956
1557
1207
977
1049
1174
1237
1401
1713
1888
2036
2210
2330
2315
1997
1636
1425
1263
1144
1321
1720
2066
1971
1761
1594
1419
1116
607
317
579
897
1083
1239
1225
1126
917
810
749
773
698
493
535
721
956
1214
1669
1895
1893
1912
1785
1539
1342
1256
1396
1744
2264
2595
2650
2685
2552
2304
1997
1835
1609
1554
1847
2222
2403
2375
2177
2024
1832
1385
1098
1113
1279
1331
1314
1264
1156
985
730
501
509
794
745
441
258
326
374
483
439
384
674
1164
1386
1152
981
1112
1212
909
908
1291
1830
2192
2146
2007
2007
1817
1366
1159
1201
1500
1736
1944
2022
1986
1913
1551
997
759
916
1142
1360
1496
1446
1324
1357
1083
719
531
627
787
1041
1346
1481
1662
1600
1630
1697
1776
1627
1719
1941
2041
2257
2421
2575
2572
2642
2470
2212
2151
2283
2141
2104
2419
2460
2445
2490
2414
2189
2159
2013
1646
1430
1472
1624
1809
1992
1897
1495
1388
1291
1006
743
742
1057
1325
1486
1428
1436
1358
1000
786
1002
1237
1379
1373
1445
1457
1233
1016
1097
1189
1265
1493
1588
1747
1708
1461
1305
1503
1676
1622
1691
1700
1743
1717
1450
1275
1518
1763
1845
2011
1966
1718
1596
1687
1657
1336
1079
1005
961
1017
1457
1758
1780
1912
1815
1338
973
653
630
1030
1451
1808
2053
2243
2202
2025
1853
1458
1157
1170
1421
1892
2346
2616
2795
2810
2517
1903
1221
760
546
704
1200
1706
1954
1987
1919
1737
1350
887
424
89
27
387
885
1401
1731
1610
1512
1215
783
229
43
169
351
669
1043
1480
1711
1607
1076
670
470
140
-145
-29
487
821
896
1167
1311
1194
791
355
78
73
214
405
978
1564
1516
1102
950
812
599
293
116
310
586
689
738
972
1161
945
532
295
250
96
-16
253
688
1008
1092
942
698
371
123
-45
-8
19
-93
289
860
936
633
458
350
189
25
29
351
608
381
154
195
496
253
-297
-307
-48
-9
-288
-419
-415
-335
-301
-323
-431
-593
-821
-653
-330
-248
-664
-973
-748
-431
-188
-316
-326
-218
-158
-412
-832
-1100
-1158
-1070
-659
-185
-169
-290
-247
-420
-742
-855
-1034
-1167
-1048
-553
-199
-7
-31
-396
-855
-1038
-982
-931
-835
-883
-823
-805
-732
-643
-522
-290
-265
-414
-703
-973
-1190
-1301
-1342
-983
-454
-321
-402
-531
-690
-975
-1262
-1420
-1486
-1516
-1294
-781
-467
-640
-897
-1014
-1255
-1324
-1385
-1420
-1237
-1140
-1198
-1185
-1066
-1120
-1256
-1293
-1233
-1342
-1459
-1411
-1287
-1257
-1325
-1402
-1497
-1361
-1446
-1463
-1391
-1280
-1206
-1205
-1339
-1693
-1672
-1387
-1158
-1352
-1505
-1602
-1695
-1663
-1586
-1461
-1396
-1496
-1770
-1780
-1646
-1582
-1784
-1939
-1889
-1676
-1621
-1713
-1643
-1426
-1408
-1633
-1765
-1865
-1974
-2059
-2007
-1691
-1267
-1241
-1397
-1516
-1710
-1909
-1852
-1533
-1327
-1452
-1575
-1450
-1447
-1683
-1729
-1562
-1659
-1850
-2052
-2051
-2087
-2405
-2816
-2803
-2328
-2066
-2303
-2553
-2544
-2618
-2817
-3095
-3352
-3271
-2921
-2750
-2810
-2924
-3153
-3327
-3273
-3295
-3321
-3086
-2804
-2399
-2185
-2354
-2644
-2991
-3250
-3347
-3139
-2834
-2492
-2403
-2458
-2448
-2662
-3027
-3331
-3263
-3007
-2755
-2675
-2795
-3032
-3203
-3376
-3642
-3586
-3333
-3028
-3057
-3462
-3863
-4042
-4160
-4091
-3748
-3494
-3389
-3469
-3689
-4009
-4245
-4526
-4681
-4528
-4161
-3750
-3511
-3454
-3711
-4089
-4503
-4547
-4275
-4037
-3705
-3308
-3061
-3453
-4050
-4294
-4301
-4140
-3934
-3721
-3750
-3927
-4214
-4509
-4464
-4274
-4491
-4937
-5233
-5215
-5119
-5148
-5237
-5640
-5896
-5994
-5978
-5704
-5628
-5803
-5750
-5499
-5637
-5968
-6105
-6188
-6234
-5976
-5667
-5433
-5337
-5504
-5627
-5510
-5382
-5566
-5679
-5562
-5370
-5239
-5197
-5316
-5334
-5463
-5672
-5715
-5624
-5384
-5339
-5333
-5215
-5417
-5847
-6113
-6212
-6276
-6292
-6250
-6077
-5910
-6079
-6464
-6831
-7058
-7255
-7375
-7067
-6500
-6035
-5925
-6236
-6620
-6836
-6777
-6795
-6789
-6559
-6394
-6283
-6282
-6388
-6529
-6514
-6273
-6108
-6121
-6167
-6302
-6450
-6446
-6506
-6552
-6413
-6187
-5897
-5850
-6059
-6369
-6620
-6914
-7153
-7218
-7211
-6969
-6684
-6471
-6521
-6825
-7241
-7552
-7789
-7853
-7766
-7386
-6949
-6826
-6725
-6742
-6854
-6932
-7084
-7328
-7337
-6963
-6480
-6307
-6409
-6504
-6392
-6146
-5989
-6007
-6125
-6200
-6198
-6181
-6257
-6268
-6418
-6404
-5946
-5643
-5646
-5748
-5818
-6057
-6370
-6600
-6669
-6506
-6235
-6131
-5916
-5525
-5546
-5991
-6364
-6442
-6522
-6605
-6274
-5635
-5442
-5486
-5433
-5479
-5480
-5572
-5808
-5715
-5151
-4874
-4833
-4716
-4598
-4700
-4800
-4803
-4680
-4265
-4140
-4227
-4304
-4315
-4251
-4282
-4226
-4260
-4324
-4192
-3914
-3713
-3764
-3850
-3940
-4133
-4216
-4287
-4368
-4171
-3922
-3941
-4080
-4005
-4036
-4209
-4171
-4131
-4079
-3959
-3785
-3568
-3397
-3426
-3490
-3314
-3048
-3099
-3362
-3404
-2950
-2619
-2783
-2838
-2748
-2651
-2490
-2435
-2491
-2499
-2531
-2449
-2362
-2210
-2289
-2590
-2841
-2821
-2540
-2372
-2239
-2467
-2595
-2545
-2424
-2413
-2639
-2906
-2934
-2736
-2439
-2169
-2071
-2120
-2182
-2162
-2309
-2467
-2545
-2413
-2111
-1754
-1478
-1575
-1675
-1776
-1914
-1849
-1872
-1879
-1621
-1233
-1125
-1264
-1526
-1892
-2042
-1819
-1556
-1369
-1296
-1356
-1653
-1945
-2141
-2385
-2727
-2756
-2352
-2039
-1916
-1986
-2172
-2559
-2806
-2910
-3182
-3316
-3435
-3341
-3036
-2900
-3005
-3112
-3089
-3239
-3581
-3819
-3930
-3978
-3890
-3753
-3563
-3338
-3258
-3317
-3463
-3744
-4045
-4141
-3952
-3933
-3985
-3861
-3685
-3586
-3689
-3914
-4179
-4129
-4145
-4524
-4824
-4896
-4932
-4989
-4674
-4416
-4400
-4580
-4943
-5207
-5298
-5120
-5031
-4958
-4787
-4987
-5296
-5322
-5178
-5031
-4825
-4532
-4584
-4637
-4649
-4912
-5219
-5182
-4665
-4342
-4349
-4467
-4543
-4679
-4696
-4528
-4595
-4736
-4632
-4452
-4514
-4684
-4903
-4905
-4559
-4360
-4239
-4200
-4311
-4793
-5346
-5250
-4797
-4445
-4261
-4483
-4767
-4844
-4896
-5006
-5026
-5018
-5115
-5021
-4698
-4828
-5021
-4850
-4795
-4901
-4967
-4835
-4741
-4560
-4503
-4598
-4636
-4421
-4312
-4391
-4301
-4308
-4201
-4121
-3940
-4131
-4548
-4659
-4507
-4448
-4291
-4055
-3864
-3865
-4342
-4829
-4947
-4804
-4808
-4826
-4676
-4396
-4179
-4348
-4567
-4674
-4821
-4922
-4699
-4368
-4113
-3980
-4042
-4194
-4341
-4394
-4292
-3959
-3742
-3747
-3648
-3307
-3154
-3482
-3857
-3966
-3620
-3373
-3309
-3196
-3084
-3126
-3186
-3102
-3086
-3133
-3338
-3312
-3066
-2915
-3020
-3158
-3297
-3196
-2927
-2732
-2710
-2695
-2718
-2869
-2837
-2824
-2906
-2902
-2642
-2413
-2276
-2217
-2303
-2461
-2493
-2345
-2273
-2093
-1932
-1823
-1826
-1868
-1700
-1457
-1395
-1545
-1654
-1523
-1392
-1612
-1585
-1329
-1293
-1256
-1175
-1008
-965
-1138
-1180
-1075
-967
-1010
-964
-713
-477
-539
-782
-657
-220
6
-119
-224
-288
-312
-280
-245
-117
125
347
579
762
730
538
362
459
510
628
792
1098
1483
1592
1347
854
837
1024
1049
1072
1266
1344
1429
1582
1606
1581
1398
1298
1217
1156
1066
1160
1686
1824
1694
1437
1481
1670
1644
1394
1107
1241
1673
1937
1818
1794
1880
1996
2156
2296
2290
2180
2127
2193
2371
2489
2532
2526
2682
2842
2794
2682
2638
2884
3055
3013
3073
3219
3033
2872
2983
3274
3293
3005
2717
2642
2812
2876
2855
2727
2781
2783
2822
2947
2904
2569
2280
2327
2724
3084
3004
2862
2881
3183
3328
3413
3229
3151
3382
3632
3753
3548
3296
3019
3105
3341
3631
3492
3409
3558
3746
3646
3280
3152
3135
3146
3012
3195
3466
3597
3518
3469
3487
3431
3378
3164
3275
3337
3335
3504
3635
3509
3410
3419
3502
3733
3625
3400
3312
3670
4034
4053
3975
3843
4042
4087
4129
3984
3793
3848
4025
4169
4159
4265
4392
4446
4433
4388
4185
4072
3994
4001
3951
4043
4125
4191
4246
4063
4001
3944
3927
3832
3805
3858
3862
3860
3884
3791
3675
3674
3688
3704
3670
3660
3699
3761
3802
3701
3667
3762
3860
3809
3972
3936
3837
3827
3761
3884
3979
4081
3979
4077
4071
4017
4032
4022
4046
4141
4194
4182
4244
3939
3687
3697
3829
3805
3728
3716
3815
3903
3771
3542
3409
3639
3718
3750
3673
3571
3434
3322
3419
3511
3693
3796
3968
3944
3712
3440
3333
3428
3614
3944
4257
4376
4457
4408
4093
3752
3708
3898
4189
4381
4421
4482
4376
4219
4031
3903
3814
3791
3936
4036
3959
3736
3586
3675
3720
3752
3796
3908
3917
3640
3424
3432
3602
3594
3629
3901
3972
3828
3803
3835
3817
3727
3674
3675
3685
3751
3578
3754
4115
4092
3954
3972
4150
4041
3916
3795
3788
3870
4061
4248
4221
3931
3725
3693
3775
3839
3614
3544
3549
3618
3640
3592
3489
3291
3185
3223
3325
3171
2987
3092
3379
3430
3253
3099
3133
3158
3044
2973
3061
3300
3432
3419
3314
3170
3102
3185
3219
3133
3096
3058
3001
2957
2895
2965
3013
2971
2929
2851
2820
2733
2649
2613
2505
2361
2285
2397
2645
2850
2743
2388
2081
1807
1711
1880
2128
2291
2486
2599
2473
2186
1934
1896
1797
1857
2113
2394
2522
2651
2533
2191
2080
2023
2007
1966
1986
2191
2489
2493
2287
2207
2163
2012
1819
1756
1818
1864
1802
2073
2399
2356
1979
1673
1712
1835
1826
1708
1750
1755
1734
1799
2040
2066
1805
1705
1639
1663
1730
1724
1615
1462
1479
1573
1741
1878
1906
1846
1720
1535
1349
1229
1173
1204
1366
1630
1819
1841
1859
1635
1375
1160
1092
1081
1158
1333
1575
1748
1880
1821
1451
1387
1422
1372
1351
1340
1512
1967
2195
1859
1490
1369
1473
1729
1951
1855
1806
1974
2106
2023
1799
1569
1386
1508
1757
1942
1945
1857
1805
1659
1483
1428
1423
1534
1694
1886
2108
2186
2078
1762
1496
1553
1760
1986
2109
2176
2189
2121
2005
1897
1689
1612
1842
2166
2369
2366
2122
1926
1885
1837
1799
1795
2129
2167
2064
1969
1680
1608
1737
1907
1785
1628
1824
1926
1782
1627
1707
1793
1868
1722
1664
1841
1838
1610
1510
1793
2109
2170
2007
1888
1794
1679
1592
1572
1728
1890
1994
2035
2092
1921
1613
1703
1976
1969
1754
1738
1883
2106
2018
1879
1880
2003
2086
1972
2060
2123
1975
1671
1715
1922
1901
1791
1680
1722
1885
2075
2034
1900
1856
1767
1552
1574
1711
1521
1555
1739
1930
1986
2121
2015
1800
1829
1804
1758
1730
1911
2039
2113
2125
2149
2252
2138
1898
1771
1835
1862
1926
2097
2222
2153
2169
2253
2136
2149
2064
1937
2039
2251
2081
1821
1807
1959
2118
2047
1971
1876
1874
1892
1807
1714
1769
1976
2170
2305
2362
2227
2050
2057
2194
2167
2049
2072
2352
2426
2413
2236
2192
2203
2172
2299
2203
2164
2241
2480
2404
2121
2075
2167
2282
2333
2350
2324
2390
2441
2499
2496
2350
2282
2448
2675
2795
2786
2653
2618
2524
2209
2109
2390
2636
2610
2582
2796
2852
2434
2122
2093
2295
2384
2557
2634
2507
2451
2453
2428
2420
2591
2663
2872
3074
2863
2346
2075
2182
2333
2516
2779
3017
3239
3258
2906
2476
2306
2246
2268
2426
2658
2732
2749
2877
2747
2493
2488
2455
2246
2190
2376
2429
2568
2679
2635
2575
2502
2455
2388
2409
2320
2264
2552
2695
2517
2544
2637
2652
2531
2374
2333
2393
2534
2381
2214
2293
2454
2495
2516
2602
2541
2362
2265
2300
2136
2020
2002
2171
2498
2648
2533
2328
2191
2034
1925
1969
2198
2459
2533
2454
2382
2355
2481
2410
2199
2180
2261
2494
2558
2632
2619
2565
2548
2514
2491
2457
2570
2579
2493
2534
2540
2508
2459
2353
2119
2127
2307
2324
2288
2215
2142
2084
2077
2069
2020
1949
1907
1903
1786
1664
1662
1711
1769
1907
1935
1983
2096
2071
2030
2003
1878
1862
1981
2159
2238
2139
2088
2051
2131
2184
2029
2000
1967
2047
2105
2200
2278
2117
1945
1812
1835
1883
1815
1676
1576
1647
1772
1881
1872
1818
1807
1758
1761
1785
1778
1769
1784
1817
1874
2063
2177
2328
2520
2353
2054
1967
1863
1853
1899
1975
2245
2392
2333
2100
1924
1857
1770
1769
1792
1922
2049
2155
2257
2222
1997
1698
1578
1687
1802
1755
1771
1887
2100
2182
2074
1856
1808
1778
1640
1604
1743
1853
1834
1859
1945
2052
1969
1849
1871
1869
1819
1773
1803
2049
2310
2298
2241
2201
2095
1835
1717
1759
1797
2038
2163
2144
2194
2204
2062
1864
1697
1587
1679
1917
2054
1945
1848
1840
1829
1856
1906
1758
1710
1811
1868
1768
1680
1766
1930
2012
2024
2125
2169
2059
1815
1670
1720
1654
1524
1743
2145
2343
2265
2143
2138
2145
1908
1677
1683
1781
1894
1966
2253
2455
2162
1809
1778
1723
1594
1452
1448
1654
1800
1748
1627
1709
1784
1619
1432
1426
1449
1409
1392
1464
1664
1914
2043
2011
1906
1832
1784
1589
1628
1719
1738
1720
1766
1968
2029
1904
1737
1682
1772
1742
1480
1426
1652
1810
1815
1915
2114
2152
1987
1748
1657
1738
1669
1530
1528
1722
1800
1613
1570
1625
1627
1542
1402
1412
1540
1523
1406
1532
1861
1858
1648
1578
1671
1687
1620
1591
1687
1920
2035
1969
1990
2018
1859
1646
1599
1747
1882
1873
1932
2028
2012
1927
1856
1698
1563
1539
1509
1544
1675
1780
1744
1663
1652
1609
1555
1387
1374
1458
1567
1571
1555
1720
1779
1908
1854
1722
1685
1673
1676
1528
1493
1554
1679
1838
2009
2070
1928
1852
1775
1702
1600
1587
1590
1681
1779
1793
1717
1693
1758
1753
1687
1542
1601
1716
1703
1561
1474
1485
1503
1582
1597
1590
1530
1432
1337
1338
1353
1384
1414
1498
1606
1528
1451
1339
1390
1410
1352
1409
1435
1469
1291
1200
1270
1417
1453
1368
1381
1383
1368
1230
1100
1149
1251
1179
1145
1231
1281
1155
1036
1072
1053
895
715
829
952
866
785
867
977
957
934
942
1006
1014
936
773
731
758
784
879
998
1008
956
860
750
668
543
565
692
748
788
784
819
931
931
797
727
746
724
777
844
820
750
828
858
778
621
572
554
491
514
465
410
417
482
556
522
593
550
335
293
351
441
374
369
468
493
459
448
418
415
473
475
467
521
464
412
516
588
633
667
656
615
638
576
495
452
439
453
412
439
336
212
206
181
72
38
5
-40
67
172
220
120
137
200
184
232
159
6
-15
34
26
17
178
324
285
345
376
224
52
-9
28
27
37
137
260
323
195
74
35
6
-82
-125
-95
-76
-46
-13
-38
-126
-85
-105
-218
-249
-116
75
39
-18
-2
-85
-56
-9
33
87
99
6
-31
41
-19
-201
-300
-255
-209
-177
-138
-77
-57
-127
-166
-135
-109
-157
-237
-141
88
200
224
243
63
-95
-243
-302
-321
-361
-376
-418
-474
-488
-614
-662
-681
-855
-849
-748
-702
-701
-784
-817
-823
-737
-602
-476
-403
-381
-358
-407
-332
-264
-257
-265
-199
-126
-138
-188
-329
-451
-528
-553
-537
-547
-531
-510
-575
-624
-522
-553
-706
-873
-954
-946
-964
-900
-873
-895
-894
-931
-929
-897
-898
-980
-950
-986
-965
-934
-958
-1000
-966
-924
-941
-964
-1014
-989
-1046
-1119
-1115
-1073
-1066
-1046
-1063
-980
-948
-1031
-1124
-1173
-1207
-1280
-1288
-1226
-1180
-1132
-1183
-1214
-1108
-1049
-1128
-1256
-1282
-1299
-1255
-1248
-1261
-1269
-1294
-1305
-1363
-1256
-1207
-1222
-1227
-1264
-1206
-1244
-1264
-1241
-1176
-1121
-1158
-1174
-1155
-1130
-1179
-1227
-1252
-1199
-1110
-1113
-1115
-1148
-1243
-1276
-1223
-1189
-1165
-1184
-1249
-1305
-1339
-1385
-1457
-1494
-1436
-1395
-1400
-1408
-1395
-1362
-1342
-1396
-1476
-1454
-1424
-1398
-1411
-1314
-1311
-1325
-1289
-1250
-1237
-1339
-1385
-1320
-1219
-1154
-1170
-1161
-1179
-1217
-1287
-1335
-1342
-1374
-1357
-1433
-1413
-1320
-1298
-1368
-1361
-1380
-1379
-1403
-1500
-1517
-1524
-1527
-1567
-1547
-1476
-1499
-1488
-1579
-1609
-1564
-1587
-1611
-1615
-1566
-1487
-1415
-1491
-1522
-1553
-1651
-1677
-1729
-1723
-1601
-1501
-1499
-1538
-1503
-1509
-1619
-1666
-1660
-1647
-1605
-1600
-1566
-1513
-1508
-1608
-1734
-1708
-1656
-1693
-1738
-1689
-1678
-1697
-1734
-1671
-1510
-1510
-1518
-1523
-1542
-1544
-1593
-1598
-1566
-1466
-1420
-1434
-1446
-1446
-1462
-1483
-1442
-1389
-1405
-1392
-1410
-1395
-1369
-1431
-1457
-1588
-1586
-1513
-1574
-1573
-1569
-1523
-1486
-1566
-1589
-1532
-1470
-1487
-1510
-1539
-1510
-1518
-1561
-1566
-1495
-1528
-1513
-1542
-1535
-1468
-1438
-1387
-1437
-1444
-1418
-1437
-1417
-1355
-1323
-1334
-1303
-1269
-1323
-1299
-1334
-1308
-1345
-1370
-1325
-1347
-1340
-1346
-1259
-1324
-1385
-1330
-1331
-1349
-1362
-1269
-1306
-1377
-1269
-1257
-1280
-1280
-1201
-1219
-1328
-1251
-1285
-1389
-1366
-1267
-1228
-1251
-1214
-1175
-1194
-1239
-1224
-1209
-1207
-1134
-1103
-1119
-1116
-1122
-1081
-1101
-1088
-1079
-1078
-1092
-1137
-1140
-1170
-1158
-1143
-1118
-1090
-1046
-1018
-1030
-1037
-1090
-1127
-1186
-1182
-1099
-1082
-1149
-1193
-1123
-1068
-1068
-1111
-1120
-1083
-1009
-986
-943
-869
-876
-886
-910
-897
-929
-948
-946
-907
-846
-863
-848
-872
-924
-995
-971
-996
-994
-954
-926
-879
-870
-857
-898
-953
-972
-915
-892
-874
-826
-786
-772
-821
-841
-887
-914
-898
-925
-936
-962
-967
-990
-1004
-989
-958
-963
-914
-943
-918
-925
-911
-907
-928
-899
-826
-794
-849
-880
-847
-863
-907
-842
-816
-795
-757
-741
-743
-705
-682
-677
-609
-600
-610
-596
-576
-563
-607
-592
-594
-564
-544
-547
-538
-575
-610
-693
-730
-718
-704
-654
-627
-663
-622
-623
-632
-662
-624
-600
-596
-571
-582
-535
-522
-520
-512
-513
-546
-515
-530
-572
-544
-451
-509
-525
-474
-442
-450
-499
-489
-533
-541
-498
-491
-576
-571
-564
-594
-596
-609
-616
-658
-644
-590
-542
-556
-509
-463
-510
-517
-498
-473
-507
-514
-456
-426
-432
-385
-338
-333
-384
-375
-329
-357
-298
-308
-263
-207
-263
-223
-249
-273
-267
-252
-262
-298
-341
-337
-327
-317
-323
-363
-290
-254
-308
-358
-337
-330
-367
-348
-277
-238
-242
-202
-182
-167
-171
-209
-220
-207
-224
-93
-57
-74
-37
56
41
24
32
16
43
28
88
68
88
70
132
188
162
190
153
138
125
117
106
91
49
50
4
-44
-80
-60
-88
-143
-162
-148
-123
-100
-127
-169
-70
-33
-44
-52
42
106
40
22
55
57
62
86
138
175
193
222
225
263
296
308
340
349
354
312
261
218
175
195
189
195
232
219
244
218
215
194
120
169
163
132
135
125
136
155
134
97
67
92
121
153
158
177
187
132
131
169
134
133
171
162
172
199
229
210
199
276
209
188
222
209
191
219
304
294
259
305
306
258
205
178
175
175
201
137
87
162
178
131
175
228
272
237
265
260
211
171
207
201
160
171
155
174
143
225
261
251
276
283
293
223
227
258
264
234
239
270
312
336
392
399
316
307
344
304
256
297
353
289
233
349
363
347
275
339
324
305
378
420
404
364
398
411
388
400
419
315
311
350
342
292
301
261
191
161
216
239
189
199
184
165
133
173
198
207
218
267
234
259
314
239
245
238
191
241
274
247
263
268
291
313
337
371
334
328
371
454
425
386
400
340
336
326
345
375
357
337
301
290
261
286
242
229
219
236
236
248
279
296
303
231
250
267
276
233
269
266
281
316
343
314
320
318
311
315
315
325
286
341
352
339
331
367
376
332
329
330
291
302
321
276
245
258
234
210
228
277
241
210
253
212
200
199
197
146
172
205
241
253
226
245
223
233
277
294
327
354
350
390
375
367
329
300
294
315
279
302
340
394
400
394
340
315
301
293
358
315
355
365
394
409
384
386
425
455
362
345
357
344
364
344
365
389
428
450
467
438
490
523
459
445
415
433
421
428
397
428
394
341
365
314
314
248
270
266
273
251
238
281
273
258
285
341
334
326
338
386
409
420
433
473
457
470
484
441
390
407
417
386
356
391
419
438
473
447
452
431
438
433
395
424
433
431
377
387
396
406
416
385
380
381
404
380
411
431
417
410
449
413
412
395
423
438
438
529
569
536
518
530
534
545
502
534
549
546
555
590
583
573
583
579
584
601
605
582
580
539
514
518
504
494
501
494
502
532
476
465
472
438
383
373
325
317
267
278
319
334
289
305
359
344
428
406
440
444
464
456
445
414
428
439
388
336
372
408
426
433
414
453
480
540
550
535
560
590
569
584
592
602
644
682
654
673
673
695
729
717
687
683
710
739
734
694
714
729
675
655
645
644
645
630
648
636
583
571
572
560
581
576
609
603
592
583
544
550
560
538
552
586
596
622
681
694
711
743
731
755
692
735
659
664
652
635
626
588
680
685
658
629
631
645
610
616
652
625
581
556
567
537
540
549
518
533
537
517
549
545
534
540
507
514
451
462
452
424
440
479
544
562
574
590
622
610
664
681
659
653
721
725
717
699
681
650
627
671
690
654
662
659
683
713
686
690
671
641
643
648
640
628
602
557
602
609
593
625
579
554
585
568
559
564
559
574
569
587
579
534
552
542
508
521
465
484
485
459
482
453
455
476
509
467
458
385
381
446
432
469
435
449
456
434
398
419
469
439
469
523
537
485
461
526
570
597
622
642
610
636
652
641
612
603
612
595
576
564
515
485
511
459
482
448
434
449
455
457
464
457
424
381
429
397
372
393
331
380
397
370
380
356
378
416
407
442
473
454
477
450
439
425
479
470
460
437
416
443
422
434
461
415
438
485
466
425
393
392
360
395
436
376
340
321
339
323
290
297
246
270
289
285
261
232
248
247
231
237
240
230
222
285
361
334
362
337
319
304
340
326
326
369
351
384
367
412
425
483
430
407
405
392
360
334
358
383
389
358
379
379
374
331
361
347
341
351
335
302
235
230
271
274
299
311
272
242
269
259
216
246
265
234
190
178
204
213
224
262
292
286
217
217
227
203
153
148
197
184
167
165
162
160
151
147
134
159
116
124
136
145
196
198
153
142
179
154
106
103
76
11
16
18
3
23
62
85
41
47
89
78
101
95
160
87
102
121
118
135
147
114
134
173
150
173
170
167
222
215
211
232
212
188
219
204
184
145
99
129
76
62
63
87
95
34
57
56
-16
-15
-5
-40
-62
-62
-58
-70
-93
-144
-144
-147
-134
-77
-103
-116
-63
-33
-68
-117
-75
-46
-24
-18
16
68
31
38
33
45
9
41
10
44
100
66
76
79
64
66
94
56
77
46
54
29
41
29
13
13
-9
47
28
38
21
57
75
29
61
63
49
72
98
89
109
91
81
77
56
128
129
128
120
110
60
22
52
61
56
35
54
55
46
62
19
5
20
32
-19
-50
-1
-40
-30
-48
-106
-81
-70
-51
-32
-16
14
-38
-54
-29
-34
-7
9
-7
49
36
56
65
75
32
-20
-6
-47
-47
-34
-19
15
40
49
58
45
2
5
14
-62
-53
-48
-85
-76
-62
-65
-6
16
-24
-11
-41
-51
-50
-85
-63
-49
-89
-79
-65
-83
-76
-50
-72
-100
-48
-28
-35
-53
-28
-14
-63
-111
-77
-69
-90
-58
-24
-24
-21
-10
-33
-45
-84
-92
-114
-98
-50
-68
-119
-88
-103
-141
-146
-154
-173
-148
-170
-175
-155
-126
-138
-115
-112
-121
-108
-67
-53
-74
-74
-78
-72
-69
-36
-81
-29
-45
-63
-36
-63
-72
-100
-77
-40
-64
-15
-12
-24
-20
7
-60
-56
-53
-62
-20
-33
-10
-7
23
-53
-52
-38
-48
-47
-107
-80
-48
-73
-45
-32
-39
-21
-25
0
-25
-12
-16
-12
-16
-74
-78
-84
-85
-88
-56
-33
-55
-54
-85
-103
-122
-160
-168
-199
-258
-229
-242
-224
-218
-191
-154
-163
-116
-129
-164
-147
-64
1
-33
-31
-65
-69
-79
-76
-58
-121
-131
-145
-131
-130
-131
-77
-77
-56
-120
-139
-104
-93
-126
-151
-150
-120
-138
-129
-118
-172
-154
-184
-185
-153
-204
-201
-155
-165
-158
-129
-120
-111
-133
-118
-68
-80
-113
-99
-130
-155
-155
-153
-149
-166
-151
-148
-178
-172
-136
-187
-187
-111
-110
-157
-162
-147
-168
-203
-144
-168
-191
-178
-175
-204
-184
-145
-163
-172
-134
-108
-170
-191
-233
-245
-186
-200
-193
-245
-276
-241
-251
-242
-215
-228
-194
-183
-200
-190
-162
-145
-146
-158
-146
-78
-101
-117
-96
-99
-76
-94
-119
-107
-119
-119
-82
-86
-76
-89
-81
-49
-134
-116
-133
-129
-212
-206
-163
-241
-233
-226
-207
-212
-234
-193
-136
-154
-143
-142
-131
-132
-163
-164
-174
-202
-193
-167
-176
-166
-177
-203
-138
-93
-139
-147
-114
-156
-180
-210
-198
-146
-149
-135
-128
-99
-110
-141
-105
-145
-190
-179
-171
-174
-177
-202
-172
-179
-218
-237
-231
-253
-277
-262
-253
-238
-274
-229
-225
-214
-190
-154
-163
-202
-146
-123
-167
-170
-135
-148
-150
-118
-136
-143
-118
-115
-133
-130
-131
-120
-99
-124
-120
-76
-10
-54
-68
-52
-56
-129
-128
-126
-201
-192
-163
-218
-264
-185
-194
-184
-206
-246
-274
-269
-226
-226
-283
-292
-312
-314
-297
-296
-311
-308
-321
-302
-289
-302
-286
-329
-285
-248
-305
-304
-259
-275
-280
-308
-242
-273
-291
-259
-291
-259
-225
-200
-192
-208
-197
-165
-215
-224
-158
-175
-205
-214
-238
-219
-241
-299
-232
-227
-255
-237
-268
-265
-283
-279
-263
-280
-309
-302
-234
-275
-337
-305
-314
-374
-359
-343
-328
-323
-298
-313
-325
-304
-240
-209
-244
-202
-201
-212
-235
-204
-218
-254
-219
-223
-230
-238
-169
-191
-177
-118
-169
-166
-164
-172
-229
-270
-274
-287
-276
-362
-367
-376
-401
-359
-329
-300
-334
-294
-228
-273
-328
-312
-308
-297
-274
-204
-200
-264
-251
-194
-231
-267
-241
-270
-251
-271
-288
-323
-373
-316
-328
-328
-313
-332
-328
-361
-360
-385
-409
-371
-391
-416
-429
-429
-451
-442
-414
-434
-416
-442
-443
-440
-489
-483
-460
-424
-462
-408
-381
-362
-350
-378
-382
-374
-372
-353
-356
-365
-331
-391
-381
-393
-451
-457
-475
-490
-469
-473
-443
-455
-496
-497
-545
-512
-513
-537
-556
-573
-543
-522
-510
-521
-471
-469
-469
-458
-441
-448
-428
-417
-421
-376
-367
-372
-370
-365
-348
-346
-353
-347
-355
-360
-343
-359
-338
-310
-308
-281
-301
-257
-274
-311
-350
-316
-359
-465
-455
-412
-417
-382
-389
-440
-428
-418
-441
-403
-398
-425
-399
-432
-418
-441
-368
-334
-388
-380
-294
-307
-327
-294
-314
-310
-297
-301
-319
-299
-298
-303
-330
-333
-336
-359
-329
-373
-425
-442
-408
-452
-489
-513
-528
-527
-571
-565
-594
-566
-514
-487
-489
-461
-437
-376
-330
-363
-422
-410
-442
-455
-467
-395
-369
-408
-374
-349
-328
-312
-275
-274
-320
-393
-342
-351
-382
-374
-367
-378
-405
-433
-421
-500
-551
-522
-499
-548
-573
-493
-491
-491
-510
-482
-472
-483
-444
-363
-386
-392
-423
-451
-425
-479
-429
-425
-412
-403
-402
-389
-419
-418
-411
-425
-457
-429
-408
-432
-420
-364
-407
-503
-427
-415
-492
-489
-439
-392
-462
-449
-456
-501
-528
-451
-399
-486
-484
-487
-499
-485
-470
-458
-481
-511
-483
-477
-579
-471
-427
-456
-413
-438
-443
-478
-491
-472
-458
-451
-480
-496
-500
-553
-471
-540
-555
-483
-498
-494
-499
-457
-471
-457
-461
-400
-427
-431
-441
-442
-391
-390
-414
-435
-460
-500
-470
-461
-440
-456
-432
-396
-394
-403
-405
-366
-390
-409
-399
-394
-427
-437
-428
-414
-379
-368
-372
-338
-339
-332
-348
-354
-345
-421
-374
-383
-392
-404
-470
-439
-412
-394
-371
-344
-317
-334
-329
-341
-319
-349
-345
-345
-384
-348
-401
-403
-414
-433
-416
-410
-442
-426
-436
-487
-466
-450
-463
-501
-561
-526
-509
-486
-463
-466
-420
-439
-428
-405
-418
-435
-452
-461
-457
-412
-409
-374
-348
-338
-318
-342
-339
-355
-390
-394
-366
-378
-330
-318
-284
-286
-296
-336
-375
-369
-406
-412
-429
-402
-406
-403
-387
-380
-374
-433
-392
-392
-386
-367
-376
-364
-387
-427
-389
-426
-429
-392
-419
-391
-409
-395
-427
-424
-451
-512
-454
-473
-473
-485
-461
-433
-449
-396
-360
-356
-402
-415
-407
-421
-451
-398
-373
-397
-396
-388
-389
-423
-356
-363
-395
-368
-387
-399
-412
-414
-334
-330
-321
-322
-313
-264
-298
-371
-365
-355
-388
-373
-423
-443
-434
-450
-459
-428
-405
-391
-423
-414
-371
-338
-296
-322
-271
-297
-327
-296
-342
-320
-315
-311
-334
-342
-344
-338
-368
-366
-353
-392
-362
-402
-341
-267
-327
-347
-318
-397
-390
-363
-413
-444
-418
-403
-390
-383
-366
-338
-338
-327
-304
-364
-355
-355
-362
-382
-434
-375
-354
-317
-347
-402
-357
-364
-387
-423
-412
-354
-354
-333
-347
-274
-295
-303
-383
-373
-374
-425
-413
-443
-416
-437
-435
-410
-445
-440
-368
-298
-287
-284
-295
-335
-364
-363
-388
-413
-373
-372
-418
-438
-410
-365
-340
-328
-312
-312
-327
-315
-327
-288
-267
-254
-271
-300
-305
-306
-335
-429
-387
-410
-448
-389
-356
-366
-340
-349
-302
-299
-318
-290
-274
-232
-224
-246
-282
-221
-212
-274
-229
-288
-304
-296
-302
-338
-315
-265
-246
-257
-205
-221
-266
-273
-304
-329
-356
-372
-405
-505
-506
-489
-479
-492
-454
-476
-480
-413
-439
-366
-341
-312
-344
-287
-240
-227
-242
-290
-294
-276
-282
-233
-211
-207
-218
-191
-155
-178
-152
-119
-115
-115
-101
-100
-174
-240
-242
-268
-319
-343
-353
-420
-447
-361
-358
-422
-423
-338
-289
-256
-285
-283
-310
-384
-308
-339
-305
-292
-330
-332
-337
-353
-350
-307
-277
-247
-249
-218
-211
-167
-150
-117
-103
-141
-140
-161
-159
-197
-132
-157
-168
-146
-209
-185
-158
-191
-201
-143
-157
-214
-182
-152
-182
-202
-180
-193
-161
-113
-127
-144
-155
-218
-190
-190
-205
-198
-244
-219
-198
-254
-229
-226
-238
-227
-206
-236
-212
-225
-244
-215
-208
-173
-212
-152
-166
-167
-215
-181
-199
-247
-232
-175
-183
-182
-212
-204
-227
-199
-191
-229
-227
-238
-211
-240
-169
-203
-219
-231
-212
-240
-197
-186
-187
-115
-142
-137
-140
-130
-124
-161
-131
-119
-117
-129
-131
-161
-185
-207
-237
-241
-275
-217
-196
-243
-187
-204
-159
-167
-164
-129
-142
-93
-134
-96
-110
-98
-120
-130
-152
-137
-194
-209
-184
-222
-163
-134
-114
-115
-103
-86
-83
-137
-101
-90
-104
-137
-117
-84
-89
-67
-83
-64
-79
-87
-95
-110
-123
-128
-116
-118
-95
-45
-29
-50
-59
-70
-50
-93
-43
-77
-97
-144
-165
-184
-219
-222
-202
-240
-233
-220
-215
-229
-212
-220
-214
-253
-268
-214
-256
-178
-172
-144
-92
-133
-151
-126
-81
-84
-112
-163
-185
-140
-170
-173
-42
-51
-110
-117
-76
-90
-74
-52
-62
-94
-118
-121
-177
-197
-158
-148
-165
-154
-101
-95
-160
-144
-161
-145
-101
-136
-116
-118
-113
-99
-94
-67
-116
-149
-167
-183
-108
-106
-96
-103
-133
-165
-149
-116
-127
-159
-171
-202
-186
-161
-218
-223
-189
-191
-192
-136
-118
-77
-108
-52
-59
-66
-80
-81
-93
-112
-90
-87
-74
-32
12
14
13
4
21
32
47
-11
-20
-43
-85
-142
-127
-121
-94
-87
-96
-148
-186
-167
-131
-140
-157
-107
-140
-102
-117
-84
-105
-136
-86
-136
-140
-156
-184
-175
-187
-183
-145
-117
-68
-56
-26
-53
-66
16
-39
-42
-8
-64
-71
-72
-64
-53
-56
-82
-45
-22
-8
16
-47
3
-22
-63
-24
7
-66
-45
-46
-46
-23
-55
-56
-91
-85
-54
-131
-173
-159
-140
-133
-125
-94
-85
-72
-103
-93
-55
-38
-87
-108
-97
-56
-67
-76
-37
-29
-48
-89
-84
-85
-81
-64
-96
-79
-50
-86
-46
-50
-22
-74
-45
-7
9
-25
-46
-14
10
-18
-76
-62
-112
-94
-86
-146
-171
-110
-71
-130
-135
-154
-139
-110
-62
-46
-78
-24
-33
-58
-31
9
31
-10
-97
-102
-73
-81
-91
-27
-52
-40
-43
-43
-47
-54
-6
-4
-18
-46
-7
-28
-35
-47
-94
-72
-89
-87
-128
-87
-64
-79
-76
-149
-165
-167
-171
-196
-159
-113
-132
-82
-120
-66
-33
-96
-65
-78
-58
-54
-94
-102
-57
-86
-65
-59
-57
-28
-80
-67
-104
-163
-208
-222
-213
-245
-229
-220
-288
-243
-246
-231
-248
-220
-213
-251
-244
-242
-203
-252
-189
-169
-210
-193
-198
-183
-179
-172
-122
-135
-106
-58
-89
-99
-90
-54
-82
-91
-68
-65
-74
-81
-130
-108
-122
-139
-172
-228
-269
-259
-255
-277
-278
-249
-162
-187
-208
-177
-135
-137
-157
-165
-142
-113
-179
-165
-98
-118
-134
-83
-113
-169
-144
-156
-155
-174
-152
-186
-173
-169
-188
-132
-153
-134
-158
-182
-163
-189
-227
-202
-217
-247
-185
-192
-219
-265
-269
-221
-213
-232
-236
-241
-310
-261
-254
-239
-234
-259
-177
-212
-203
-204
-229
-200
-234
-242
-205
-259
-196
-194
-212
-262
-287
-248
-225
-254
-257
-222
-289
-258
-296
-276
-238
-250
-250
-229
-257
-224
-164
-206
-213
-195
-217
-282
-291
-254
-263
-281
-221
-245
-332
-335
-303
-318
-346
-297
-355
-357
-370
-333
-287
-321
-285
-218
-214
-200
-140
-182
-203
-244
-218
-213
-221
-230
-210
-232
-223
-207
-195
-116
-114
-104
-119
-102
-97
-132
-149
-146
-185
-276
-254
-242
-309
-295
-318
-345
-273
-309
-298
-274
-313
-323
-304
-233
-245
-216
-146
-161
-206
-207
-187
-210
-187
-182
-200
-203
-212
-207
-216
-173
-138
-118
-140
-130
-112
-144
-191
-236
-221
-259
-274
-311
-289
-291
-321
-302
-339
-320
-323
-330
-342
-409
-413
-353
-373
-359
-401
-346
-386
-380
-330
-307
-248
-260
-238
-218
-192
-167
-163
-207
-185
-197
-211
-215
-279
-275
-228
-216
-249
-246
-215
-188
-258
-207
-178
-170
-201
-164
-117
-190
-186
-206
-238
-272
-287
-312
-372
-403
-397
-402
-407
-411
-381
-374
-363
-341
-379
-367
-334
-356
-333
-310
-291
-341
-300
-317
-352
-327
-358
-332
-392
-370
-347
-345
-342
-326
-281
-311
-343
-313
-317
-350
-364
-370
-347
-316
-323
-333
-318
-304
-332
-320
-333
-341
-328
-302
-248
-227
-211
-258
-263
-263
-295
-317
-353
-307
-326
-343
-330
-306
-266
-303
-231
-255
-290
-238
-274
-271
-285
-272
-288
-242
-279
-340
-332
-351
-320
-306
-237
-223
-283
-267
-274
-280
-285
-263
-261
-310
-290
-266
-297
-304
-308
-330
-354
-327
-409
-398
-360
-393
-373
-373
-379
-382
-410
-386
-391
-350
-336
-347
-310
-319
-342
-372
-333
-320
-342
-371
-326
-291
-321
-316
-257
-286
-342
-334
-346
-317
-258
-260
-308
-304
-275
-277
-340
-310
-297
-331
-416
-420
-387
-409
-393
-385
-357
-384
-365
-338
-329
-328
-332
-384
-325
-257
-298
-242
-235
-261
-266
-238
-216
-233
-246
-207
-232
-226
-252
-249
-236
-233
-241
-305
-289
-320
-332
-349
-338
-329
-380
-443
-412
-430
-482
-426
-415
-412
-418
-381
-414
-392
-336
-287
-278
-265
-237
-262
-298
-264
-221
-267
-280
-281
-227
-247
-207
-169
-220
-244
-223
-223
-253
-286
-314
-384
-388
-355
-351
-362
-329
-282
-282
-281
-314
-307
-299
-308
-289
-323
-336
-313
-355
-351
-309
-307
-351
-333
-357
-322
-308
-317
-329
-303
-295
-303
-251
-244
-184
-207
-221
-199
-164
-189
-189
-196
-225
-190
-163
-129
-226
-166
-94
-165
-153
-103
-93
-91
-108
-30
-80
-84
-85
-88
-108
-171
-152
-211
-221
-216
-244
-225
-213
-222
-280
-285
-253
-270
-297
-324
-277
-264
-267
-253
-228
-239
-186
-171
-182
-173
-145
-194
-248
-207
-220
-239
-282
-237
-272
-348
-345
-294
-312
-366
-368
-360
-386
-408
-307
-272
-271
-285
-281
-260
-239
-191
-134
-176
-206
-174
-139
-178
-171
-190
-134
-175
-146
-108
-146
-164
-158
-120
-176
-184
-169
-150
-169
-193
-196
-198
-198
-185
-219
-204
-177
-165
-156
-182
-160
-181
-202
-182
-194
-198
-221
-185
-149
-156
-134
-125
-142
-129
-179
-187
-119
-80
-81
-45
-62
-48
-59
-89
-75
-101
-105
-136
-169
-190
-159
-161
-193
-224
-200
-156
-159
-138
-140
-159
-202
-189
-202
-220
-208
-223
-223
-217
-201
-222
-221
-197
-173
-204
-164
-152
-137
-151
-123
-62
-96
-100
-77
-78
-66
-54
-29
-34
-58
-33
-22
-42
-79
-69
-53
-84
-62
-34
-41
-7
0
-23
-12
-5
33
-11
-63
-11
-18
-5
48
23
-3
29
49
100
56
0
25
9
-7
-7
-40
-39
-10
-30
-29
-15
-26
-25
-37
0
45
-5
60
94
117
93
57
56
52
77
52
61
10
6
33
-20
-4
39
37
47
76
74
6
-20
5
-50
-50
-18
-21
-37
-39
-39
-65
-43
-58
-98
-103
-68
-58
-99
-101
-80
-46
-40
-71
-87
-90
-127
-65
-77
-72
-60
-83
-93
-103
-81
-62
-50
-39
14
14
-10
-45
-60
-15
9
51
39
47
100
104
111
60
85
83
81
80
88
55
47
58
20
8
-27
-15
3
53
45
-2
-36
-4
15
10
20
68
87
29
9
34
-2
-16
2
7
-3
41
42
36
-3
-17
-4
-4
-32
10
35
0
10
-16
31
-46
3
20
20
25
-4
6
-7
21
0
-20
-22
8
38
8
36
66
42
54
76
51
41
48
72
75
79
66
36
11
34
75
83
74
28
-32
-49
-82
-155
-145
-170
-133
-81
-73
-38
-46
-37
-51
-48
-35
4
4
-27
13
32
-13
39
74
47
73
91
79
53
56
20
42
82
104
79
55
56
84
88
100
110
100
94
102
145
161
144
146
114
37
77
34
-14
80
33
-37
17
-33
-17
3
-28
-102
-103
-41
-5
-29
-28
-4
-42
-70
-82
-98
-80
-71
-81
-68
-108
-98
-95
-115
-83
-52
-41
-51
-17
13
5
44
32
44
83
141
108
80
73
72
65
73
114
122
73
35
31
10
-35
-29
-4
-88
-112
-76
-117
-107
-111
-69
-49
-74
-3
29
-2
-12
4
15
-14
38
66
64
71
91
91
43
87
86
67
51
73
65
32
38
99
95
87
98
71
58
13
-62
-105
-123
-148
-107
-147
-144
-109
-110
-136
-106
-80
-109
-114
-107
-123
-149
-154
-137
-115
-91
-90
-70
-85
-64
-75
-113
-84
-167
-188
-208
-191
-161
-155
-133
-74
-71
-136
-68
-86
-85
-109
-89
-63
-63
-40
-50
-5
-30
-1
11
33
21
22
11
-31
-38
-16
-87
-86
-54
-63
-96
-146
-145
-167
-191
-247
-295
-263
-285
-254
-226
-207
-184
-190
-173
-182
-150
-123
-84
-68
-84
-85
-58
-96
-123
-72
-67
-63
-27
-24
21
46
13
-6
-3
13
-16
-18
-84
-90
-72
-100
-102
-159
-153
-173
-171
-143
-171
-168
-163
-128
-135
-138
-78
-85
-130
-115
-76
-97
-124
-146
-157
-211
-180
-133
-205
-185
-170
-95
-67
-100
-79
-68
-130
-153
-139
-165
-190
-174
-177
-154
-81
-174
-124
-58
25
-52
-77
-6
-35
-4
1
17
-9
-21
-42
-43
-76
-94
-64
-74
-74
-35
-60
-32
-72
-64
-61
-90
-88
-138
-95
-78
-107
-106
-121
-111
-105
-66
-19
-59
-45
-2
-57
-140
-146
-137
-162
-206
-189
-152
-112
-178
-170
-92
-117
-189
-183
-163
-199
-231
-212
-204
-219
-240
-253
-198
-218
-189
-174
-184
-194
-233
-197
-200
-204
-152
-114
-140
-88
-35
-44
-46
-33
-33
-28
-29
-65
-101
-84
-102
-88
-57
-49
-56
-106
-150
-116
-148
-181
-219
-230
-219
-277
-227
-228
-223
-243
-163
-143
-151
-140
-135
-155
-218
-195
-233
-265
-260
-211
-226
-239
-217
-209
-182
-130
-73
-114
-151
-75
-103
-79
-63
-79
-83
-123
-93
-103
-121
-98
-45
-113
-124
-108
-98
-57
-67
-125
-140
-124
-100
-101
-159
-131
-113
-130
-173
-211
-215
-258
-258
-262
-267
-265
-268
-181
-192
-193
-157
-136
-97
-100
-109
-124
-122
-88
-104
-113
-92
-80
-46
-23
-19
-25
-21
24
15
-65
-34
-36
-45
-98
-138
-123
-107
-131
-157
-186
-147
-140
-147
-169
-183
-152
-141
-160
-185
-180
-211
-190
-215
-196
-179
-177
-151
-123
-128
-115
-84
-119
-93
-62
-102
-33
-18
-27
18
35
24
-6
-34
-19
-71
-111
-102
-98
-106
-92
-90
-45
-50
-69
-62
-62
-43
-124
-100
-107
-124
-92
-121
-97
-125
-103
-115
-166
-192
-212
-189
-225
-275
-240
-180
-192
-203
-196
-143
-200
-228
-241
-204
-197
-178
-191
-149
-161
-175
-66
-116
-122
-124
-114
-97
-56
-45
-81
-43
-2
-9
-24
5
-9
32
9
-1
-50
-75
-66
-155
-159
-178
-163
-184
-145
-95
-130
-127
-121
-101
-149
-133
-83
-109
-131
-143
-77
-135
-189
-142
-101
-106
-107
-97
-86
-106
-129
-119
-161
-155
-150
-145
-126
-84
-118
-195
-186
-214
-186
-172
-164
-113
-175
-186
-215
-239
-222
-190
-155
-199
-157
-93
-94
-115
-108
-82
-55
-92
-72
-33
-72
-92
-34
-112
-144
-72
-88
-112
-140
-101
-105
-120
-155
-133
-134
-183
-155
-160
-158
-170
-146
-167
-119
-84
-128
-205
-148
-112
-127
-80
-67
-96
-86
-76
-102
-53
-68
-67
-85
-88
-13
7
-26
2
-1
-73
-62
-24
36
30
9
-26
-28
-19
-31
34
-2
-64
-54
-63
-53
-71
-52
-57
-27
-51
-48
-60
-86
-53
-133
-116
-102
-82
-118
-75
-63
-132
-141
-111
-114
-152
-117
-95
-138
-150
-94
-48
-83
-91
-16
-83
-92
-43
-83
-65
-60
-61
-116
-75
-91
-104
-116
-133
-122
-123
-63
-92
-78
-59
-47
-84
-92
-107
-79
-87
-110
-91
-131
-115
-151
-127
-139
-85
-67
-99
-113
-157
-124
-159
-163
-111
-126
-143
-161
-117
-87
-115
-125
-78
-41
-99
-97
-41
-74
-83
-59
-75
-43
-55
-62
-87
-74
-40
-45
-51
-51
-54
-79
-118
-129
-135
-139
-181
-164
-202
-236
-168
-120
-144
-150
-105
-187
-189
-224
-199
-218
-270
-225
-158
-244
-252
-146
-183
-189
-218
-178
-222
-223
-135
-112
-161
-112
-52
-69
-53
-30
49
44
-3
-13
38
6
43
49
25
48
-44
-41
-46
-27
-64
-103
-131
-162
-125
-116
-78
-110
-141
-144
-128
-132
-158
-185
-205
-232
-262
-242
-222
-225
-185
-198
-243
-220
-167
-124
-154
-158
-127
-131
-123
-80
-103
-140
-161
-142
-112
-170
-159
-129
-152
-176
-113
-68
-78
-115
-138
-86
-63
-62
-150
-171
-133
-95
-93
-165
-158
-123
-155
-171
-112
-58
-3
-43
-55
-111
-88
-42
-5
-28
-89
-66
-53
6
22
-55
-127
-75
-60
-69
-50
-67
-89
-60
13
12
-4
-28
-85
-74
-5
30
-15
7
-4
-37
-54
-98
-85
-124
-100
-111
-89
-59
-93
-46
-18
-52
-79
-50
-75
-129
-139
-115
-148
-178
-182
-148
-196
-235
-140
-143
-143
-132
-113
-102
-94
-119
-125
-131
-113
-95
-90
-75
-44
-68
-105
-116
-107
-144
-226
-206
-216
-207
-216
-199
-212
-231
-205
-185
-183
-192
-194
-171
-128
-175
-89
-106
-158
-93
-93
-116
-99
-57
-32
-23
-32
-37
8
11
52
45
62
89
127
124
43
63
74
55
4
4
54
21
31
77
62
6
5
5
-46
-98
-82
-133
-157
-132
-75
-95
-188
-137
-127
-120
-147
-118
-30
-43
-86
-85
-121
-128
-74
-90
-92
-48
-12
-20
20
53
72
85
142
158
132
132
152
140
117
120
122
130
122
125
81
23
33
83
30
-3
29
19
-6
-70
-60
-112
-114
-120
-121
-49
-47
-54
-74
-60
-117
-122
-122
-115
-73
-68
-29
-31
-34
14
-31
-44
-28
37
48
-4
-38
10
34
-9
68
47
103
115
136
151
151
140
103
103
79
102
70
25
8
-17
-16
-10
-47
-13
-63
-33
47
28
25
-4
-7
-60
-91
-84
-146
-199
-180
-166
-126
-117
-170
-86
-90
-97
-75
-69
-73
-63
-63
-54
-67
-63
-17
-36
-7
-16
-40
-23
-13
3
55
17
-39
4
35
23
-36
-8
18
-29
-5
68
55
38
43
46
-5
12
108
7
-58
-15
35
-59
-102
-57
-101
-132
-83
-104
-148
-137
-130
-59
-35
-72
-55
-27
31
-8
-53
-21
-22
8
16
1
54
88
82
104
35
45
135
118
140
175
156
117
94
131
149
143
148
114
90
76
34
-12
-25
-47
-98
-106
-55
-39
-64
-63
-94
-58
-64
-74
-44
-63
-82
-111
-106
-130
-180
-157
-71
-90
-125
-86
-38
-39
-61
-18
20
52
39
64
126
99
70
98
38
20
48
16
44
3
46
47
67
94
80
71
29
5
41
62
-7
-13
-9
29
35
36
143
75
49
78
65
60
0
39
56
-3
44
132
61
67
101
95
97
52
43
49
11
57
10
4
-23
-39
-20
-65
-88
-163
-128
-90
-93
-117
-91
-63
-94
-87
-83
-81
-81
-71
-68
-48
-29
16
50
93
63
60
74
74
46
14
93
48
44
57
55
57
76
94
95
88
95
99
52
61
87
69
88
38
44
39
-7
25
66
27
12
55
-5
9
-33
-54
-68
-82
-44
-35
4
11
8
19
66
41
60
52
52
46
0
-11
-31
-46
-59
-103
-48
-20
-33
-42
1
61
5
33
59
48
29
37
82
61
65
37
57
47
-1
65
90
8
-19
20
67
43
66
57
43
29
53
56
22
54
55
-19
-61
-37
-23
-4
7
69
65
28
-4
-43
-32
-66
-88
-49
-59
-109
-128
-99
-66
-36
-24
-11
30
12
28
46
41
69
90
55
82
65
87
87
25
-1
-35
-34
-13
-79
-53
-18
-75
-72
-29
6
-8
-13
13
26
32
18
13
-3
-69
-62
-100
-99
-72
-45
-35
-79
-35
-41
-101
-75
-58
-100
-116
-119
-107
-110
-78
-76
-52
-75
-64
-44
-15
-7
-25
-47
-53
-41
-20
4
33
71
75
53
17
50
42
44
61
43
48
74
78
91
68
41
37
3
5
30
27
-10
68
93
107
125
156
180
186
193
202
198
113
91
86
36
2
5
-2
-34
-10
10
66
76
73
74
72
84
128
134
108
120
105
97
88
45
43
7
-33
-34
-12
4
18
16
42
78
123
151
165
175
122
115
28
-3
29
51
6
-32
-11
-54
-90
-26
0
-50
-48
33
105
81
90
49
83
52
93
153
88
112
97
30
55
60
24
-1
-23
23
44
79
119
99
90
110
125
144
120
107
112
121
111
60
27
34
32
32
63
38
-29
-39
-67
-55
-57
-67
-14
-15
42
17
-1
-33
-65
-64
-133
-103
-106
-90
-64
-6
-7
-67
9
29
31
59
18
15
-1
-6
-4
58
63
-4
41
78
110
66
61
45
38
67
0
-28
4
-13
-21
-37
-42
-28
3
-31
-18
-25
-9
11
-33
-69
-64
-41
-29
13
2
-25
2
-6
-9
32
18
29
-1
42
66
21
28
78
44
-17
-24
26
18
-28
25
20
-2
-23
4
28
17
47
32
39
26
61
9
-31
-12
18
-20
-65
-79
-109
-76
-42
-10
-15
-20
-1
16
-1
25
19
10
32
14
-53
-62
-5
0
18
19
11
42
52
57
53
40
80
51
39
98
83
70
12
26
61
85
47
38
29
23
46
62
51
63
88
106
96
65
45
79
112
64
90
115
89
57
33
74
63
23
88
125
132
154
162
127
154
196
157
156
149
127
132
98
91
56
45
23
-16
-29
-35
-29
-6
-30
-81
-70
-30
-64
-30
-5
-25
-17
-67
-69
-27
-19
-36
-26
-75
-5
23
-15
4
43
83
83
115
136
124
82
150
165
140
90
89
106
32
70
81
42
72
104
54
62
78
95
54
31
48
20
3
20
-6
-45
-31
17
-7
-61
-49
20
1
-5
13
49
59
91
111
96
70
33
-38
-35
2
-16
-4
14
50
46
20
-23
3
16
-42
-43
10
13
5
13
14
6
-1
43
57
-5
-18
-5
-24
-40
-22
-55
-59
-2
-11
-44
5
30
-11
-3
-40
33
41
-36
13
-14
-63
-33
-39
-40
-35
-54
6
3
-43
-10
10
-40
-23
24
37
45
96
126
131
106
130
130
91
125
93
23
28
41
39
44
69
53
59
52
68
112
70
61
75
149
113
71
92
56
71
28
49
9
38
86
57
100
79
110
138
118
148
129
89
91
125
122
127
133
112
135
114
70
41
58
6
-47
-1
37
-32
-41
-4
-13
-12
-32
-8
-29
-119
-113
-68
-85
-101
-91
-74
-106
-116
-75
-108
-84
-81
-30
9
1
1
20
66
87
98
148
155
145
150
132
176
187
223
200
182
161
179
170
209
157
124
110
85
116
100
96
90
145
122
125
55
71
64
43
23
8
36
22
38
1
-26
-12
-15
-7
-53
-66
-38
-28
23
-24
9
49
58
-7
25
37
19
49
3
30
29
36
15
38
11
16
5
32
1
-17
49
22
53
39
-3
52
55
21
41
7
-13
-76
-63
-67
-57
-19
-13
-9
-2
33
28
18
22
7
-18
5
28
14
17
-10
2
43
44
49
52
84
77
132
131
144
190
115
102
135
131
116
144
169
139
83
161
120
47
101
102
108
98
138
117
100
163
122
13
16
23
-9
-40
-65
-25
-29
-6
-13
-10
11
31
12
11
34
22
23
40
63
121
76
60
49
34
39
28
63
25
-32
31
6
-29
39
51
21
-22
29
27
33
43
-12
13
60
55
5
-42
22
-5
23
30
35
-5
-23
29
-7
-13
-16
53
17
21
117
132
116
114
89
126
89
163
189
94
147
150
158
120
79
73
63
15
31
40
58
69
58
89
68
68
37
5
11
22
70
68
16
38
29
6
35
21
3
-10
39
3
-34
-50
-35
-23
-51
-23
-67
-46
-15
36
64
89
33
11
13
26
25
37
23
45
119
126
106
108
94
84
86
40
0
-34
11
34
17
29
27
77
69
56
106
40
41
9
33
24
3
35
73
76
56
89
149
127
94
113
111
150
66
95
146
105
53
68
28
55
75
70
34
-7
13
-66
-64
-67
-90
-82
-71
-64
-103
-75
-60
-23
-10
-31
-20
-7
-1
-41
-26
-8
-81
-84
-3
43
34
10
21
0
-1
12
51
24
-33
52
57
18
23
62
37
6
61
35
36
28
20
13
-31
-67
-63
-78
-20
-8
-59
-80
-34
-41
-54
-64
-68
-73
-68
-10
3
23
28
39
58
92
92
99
19
11
35
4
-17
-29
19
7
2
-6
-24
1
6
33
4
25
36
31
36
23
55
7
26
0
22
27
20
3
-17
24
-83
-89
-51
-60
-61
-48
-81
-128
-67
-94
-97
-45
-44
-28
-32
-20
20
47
41
78
36
55
62
16
85
83
46
61
81
79
75
63
65
57
66
100
98
103
156
130
139
113
125
101
58
58
61
112
79
83
54
67
51
47
22
-10
25
5
-15
-27
-33
-24
-57
-40
-47
-50
-74
-43
-67
-51
-6
-1
20
-33
-38
-58
-48
-80
-57
-13
11
30
9
37
74
41
88
99
91
119
111
92
93
147
153
202
198
120
147
127
118
104
114
123
73
57
29
29
82
102
131
141
89
101
135
135
54
29
19
25
32
1
38
-5
-28
33
47
-20
-36
8
-24
-21
2
20
4
-36
29
-15
-68
-79
-57
-34
-60
-46
-37
-26
-33
17
-22
-42
-19
-4
-33
-65
-39
-39
-86
-72
-23
-19
37
26
23
20
9
3
-24
-72
-70
-97
-94
-61
-67
-76
-20
48
29
36
60
25
-10
12
9
-25
-16
39
72
98
128
119
152
122
82
107
94
47
81
95
68
103
99
170
182
159
186
223
241
221
236
250
203
163
156
103
79
98
57
62
58
4
2
-12
-4
-38
-33
-53
-47
-49
-73
-52
-45
-36
-23
-24
-57
-81
-41
-34
-11
-43
-38
-17
-32
18
21
9
-6
90
119
143
142
116
152
141
112
112
136
99
110
158
173
144
190
141
140
114
40
28
21
-29
-80
-25
-24
20
20
8
14
23
16
-30
-42
-63
-64
-98
-64
-45
-64
-25
-7
-38
-83
-95
-92
-93
-91
-66
-36
-27
-14
68
62
84
76
52
100
37
44
25
11
-13
32
18
-5
33
16
9
-14
-50
-77
-70
-74
-109
-90
-65
-98
-74
-66
-80
-94
-98
-80
-115
-149
-141
-140
-122
-149
-140
-154
-87
-28
-66
-37
-35
-25
0
20
39
70
100
92
50
94
141
96
91
42
6
-27
-45
-48
-73
-42
-22
3
24
61
76
55
23
22
29
-18
-29
-18
-15
-35
-13
-13
30
20
28
12
11
66
97
112
66
66
39
22
-7
-19
-54
-51
-85
-97
-122
-126
-82
-92
-84
-77
3
23
39
57
61
97
78
63
85
70
48
38
10
-19
-41
-52
-22
-33
-38
-35
35
40
12
63
34
38
-13
-13
-31
-77
-49
-35
-28
-63
-73
-107
-95
-149
-159
-159
-128
-91
-92
-64
-39
6
-15
13
5
-13
2
3
10
-19
-89
-53
-39
-39
-4
2
-9
9
51
44
59
73
44
57
31
31
22
-29
-35
-28
-12
12
11
8
-12
-9
-37
-57
-27
-35
-26
-62
-80
-69
-18
-3
-42
-44
-54
-16
7
-14
-40
-41
33
80
103
44
-27
12
108
89
24
-52
-93
-107
-39
-54
-104
-142
-129
-60
-54
-41
-140
-121
-84
-108
-111
-135
-158
-164
-70
-19
-100
-103
-177
-147
-62
-46
-100
-157
-65
-65
-54
-32
-16
-38
43
95
22
4
32
79
69
101
62
-30
-20
16
-19
-72
-98
-87
-115
-97
-83
-57
-55
-69
10
-17
-35
-32
-46
-60
-15
-31
-36
-67
-47
24
-74
-39
-9
-61
-55
8
2
-56
-67
-84
-39
-101
-64
21
-4
13
-19
-12
-35
-47
-77
-105
-103
-103
-93
-85
-59
-54
-72
-88
-74
-45
-63
-59
-69
-115
-75
-33
-30
-46
-59
-22
-46
-24
-14
27
24
4
-11
37
46
15
55
41
30
7
23
58
61
46
26
13
-21
6
4
3
-30
-49
-37
-59
-30
-51
-65
-54
-47
-92
-65
-45
-50
-59
-41
-96
-89
-69
-10
-51
-95
-110
-79
-57
-115
-129
-159
-81
-60
-47
-51
-76
-61
-63
-68
-59
-37
1
1
-40
-21
-48
-15
16
27
29
-30
-18
-10
-56
-63
-70
-92
-78
-101
-124
-79
-37
-57
-58
4
-42
-39
-35
-73
-46
-93
-73
-60
-91
-50
-9
-3
40
94
124
91
122
129
102
123
119
117
124
130
143
84
84
41
27
-14
-54
2
-32
-39
-48
-50
-46
-61
-67
-65
-92
-112
-105
-79
-48
-45
-33
-59
-75
-93
-70
-45
-47
-51
-77
-30
-50
-21
8
-3
13
11
16
58
60
49
60
62
84
89
106
106
60
60
1
-10
37
7
-9
-28
-24
-76
-56
-15
-28
-111
-58
-67
-70
-53
-84
-24
-46
-47
-52
-22
-15
-37
-9
-11
-42
-24
-19
20
8
46
57
50
74
80
60
103
108
90
134
167
170
194
191
190
191
152
124
146
125
103
122
107
116
112
90
79
84
40
17
-10
-1
-3
-22
-25
33
23
-15
29
48
54
27
68
119
68
68
74
47
65
34
45
24
24
