SAMPLES:	16196
BITSPERSAMPLE:	16
CHANNELS:	1
SAMPLERATE:	16000
NORMALIZED:	FALSE
15
12
30
-8
31
25
14
60
21
9
37
34
43
43
71
65
30
28
56
-12
-20
-2
8
11
-19
-33
-47
-41
-33
-24
36
19
36
70
50
41
44
104
87
95
66
109
96
113
143
150
170
168
190
156
152
150
137
114
138
150
192
222
183
186
164
159
129
137
156
143
118
145
171
123
143
99
97
107
35
7
-46
-43
-37
-33
-3
-33
-5
-5
-31
-31
-35
-37
-61
-26
31
8
35
94
81
71
42
46
64
58
60
77
86
124
122
128
67
37
67
21
29
48
14
25
39
21
47
37
10
23
-3
-13
24
25
52
47
44
-21
-26
17
29
40
74
105
78
58
57
25
-25
6
53
23
4
-1
26
-6
-25
10
-1
-21
29
39
66
86
147
114
94
163
164
182
170
186
173
151
113
75
117
115
114
173
162
133
81
106
61
96
47
17
36
20
63
40
60
50
62
14
-30
-31
-47
30
66
80
90
95
118
161
128
149
184
132
195
233
193
157
174
191
132
156
176
146
174
132
103
128
158
132
130
135
195
226
137
120
124
100
83
112
116
165
159
156
133
153
144
143
162
161
194
190
179
138
202
182
164
160
206
216
187
221
201
197
188
214
198
185
174
171
143
156
185
133
110
129
115
109
76
74
48
82
158
108
66
53
78
58
16
35
38
39
46
62
145
158
187
196
196
235
216
152
154
158
164
140
112
114
101
128
118
198
169
136
175
145
163
174
162
153
114
123
171
158
165
135
151
150
119
155
178
162
174
180
153
198
207
182
180
173
196
201
200
152
161
157
155
118
109
136
88
84
126
150
180
153
141
127
108
117
137
64
149
157
156
183
155
160
174
209
158
128
159
179
111
106
77
25
72
59
49
40
74
143
138
188
172
175
136
132
130
74
96
94
89
108
109
118
96
125
86
44
62
81
102
167
149
113
146
141
128
79
122
97
82
105
100
135
117
79
73
70
51
91
135
111
118
116
99
72
33
73
54
62
73
58
48
31
54
42
29
0
27
40
53
40
75
85
52
62
83
78
54
39
0
29
21
-10
-8
-71
-36
10
0
40
7
-23
15
-2
10
9
-17
10
-2
25
41
4
-8
7
-50
-37
-18
-31
12
3
34
50
46
57
93
97
98
37
32
9
-11
4
38
75
18
48
63
18
51
35
34
26
11
3
10
-39
-9
-25
-26
-6
-28
-16
-2
22
4
26
1
-11
-25
-19
-17
5
39
55
15
21
46
35
66
51
52
9
-22
3
22
0
20
35
51
13
12
7
-49
-50
-68
-38
-58
-14
19
33
4
-8
-2
5
22
22
4
-26
-18
-57
-73
-53
-58
-91
-53
-58
-62
-31
-67
-60
3
-16
-26
-17
-17
-29
-69
-25
-66
-52
-35
-34
-31
6
-24
-4
4
-37
-29
-77
-61
-71
-53
-21
-46
-23
-13
-40
13
-16
-18
-9
20
18
28
0
-15
24
-11
-9
-36
-43
-13
-34
-19
21
-19
-61
-41
-32
-51
-73
-67
-73
-93
-4
-13
0
44
46
24
-11
-8
-41
-14
5
8
-3
-28
-14
-31
-4
1
-15
13
12
-9
-12
8
-1
10
55
20
22
56
13
23
2
-17
-8
-52
-51
-88
-70
-58
-49
-62
-11
13
20
6
22
31
15
24
-17
-9
13
31
55
58
11
-6
22
15
11
9
-5
46
76
99
48
115
104
109
101
92
81
83
92
53
47
45
28
7
19
23
11
2
-8
-33
-30
-40
-24
-7
16
-12
-5
-18
-29
-55
-29
-17
-21
-15
18
32
1
-13
13
73
38
55
-6
1
-11
-38
-37
-16
-30
30
59
49
63
46
54
91
71
48
101
108
151
144
149
118
131
116
77
128
93
112
102
97
118
116
126
83
53
83
19
41
57
76
86
92
80
43
50
25
8
-29
-22
-14
-22
2
27
-4
2
13
28
84
97
108
96
112
136
142
104
66
70
114
105
74
166
119
127
156
156
129
120
168
163
186
176
147
131
97
98
102
71
35
30
83
77
61
58
61
83
61
17
48
37
24
24
71
71
59
35
52
78
87
101
90
78
110
128
64
87
121
150
138
115
142
146
108
133
149
120
110
89
62
40
74
78
48
51
18
15
86
62
104
41
36
49
67
90
83
44
16
0
40
91
96
71
30
53
77
100
44
-2
29
72
80
64
121
87
88
149
119
108
105
71
93
87
90
90
20
86
84
89
61
56
68
99
110
125
141
106
109
75
58
91
89
101
43
108
101
112
110
85
126
99
116
145
135
129
161
168
136
149
155
95
92
92
62
75
102
84
86
74
50
86
74
90
96
114
116
66
73
93
95
101
146
95
43
83
106
84
93
109
107
150
127
88
74
89
64
66
90
50
95
68
47
48
52
31
37
52
62
51
21
27
18
-43
2
31
34
23
5
-4
-4
37
6
27
-29
18
44
48
29
30
78
60
90
135
109
74
79
72
106
122
88
133
141
123
136
156
156
123
134
133
138
134
118
67
46
-30
33
-7
-45
-31
-72
-50
-48
-84
-95
-69
-102
-61
-45
-7
-28
-40
-47
-17
-38
-63
-29
-48
-47
-21
-1
-45
-27
-11
-31
6
33
61
56
71
72
76
93
48
71
85
45
41
55
57
79
64
47
25
32
-20
-29
22
37
36
45
59
61
66
79
42
-7
9
26
14
72
108
99
81
119
84
133
165
143
126
123
131
140
149
119
133
128
130
120
92
48
55
67
48
35
17
15
-6
-1
21
31
25
-26
8
-25
3
56
62
65
75
53
30
26
50
50
14
9
42
72
63
104
98
93
99
125
103
101
59
33
28
40
18
22
36
-23
10
51
58
-1
41
12
20
32
41
75
41
79
16
14
27
27
21
30
62
86
116
90
96
122
121
65
23
83
139
147
118
110
129
87
87
104
72
64
75
44
65
51
28
21
3
14
13
31
-11
-20
5
-37
-53
-22
-38
-23
3
-25
15
13
28
47
2
27
73
39
57
47
39
108
80
21
-3
10
27
2
-69
-56
-16
-7
-14
8
-53
-86
-65
-104
-39
-59
-74
-55
-71
-61
-41
-27
-46
-21
-6
-15
8
28
37
75
90
97
88
119
193
185
189
208
123
117
113
90
115
86
47
58
58
31
57
34
44
87
103
135
124
103
110
99
88
63
74
91
117
94
26
53
0
37
21
-13
38
76
83
55
57
77
69
40
43
35
77
59
43
18
62
20
7
41
28
21
14
-23
-71
0
-38
-23
-21
-28
-39
-23
-3
-25
0
-25
13
26
23
7
-3
21
47
42
24
39
81
69
83
80
73
90
94
90
54
66
63
89
76
80
68
98
33
26
39
41
8
-6
19
38
55
76
87
116
111
115
90
78
98
87
89
152
142
110
89
92
89
113
95
56
120
62
75
85
50
62
44
33
24
1
7
6
-29
-77
-76
-62
-89
-41
-47
-26
-30
-91
-87
-81
-49
-64
-48
-35
-20
-28
-22
27
43
49
39
29
45
63
50
70
90
109
157
178
175
160
140
205
139
128
172
124
117
139
131
76
109
109
71
66
66
90
64
49
111
102
70
88
60
77
68
53
117
101
109
135
148
133
162
149
165
217
177
190
173
201
194
140
142
133
159
152
156
152
115
141
138
130
98
70
110
153
109
117
101
96
97
50
47
39
19
-20
13
24
24
29
33
45
32
64
47
52
104
107
96
130
115
83
118
83
118
129
96
135
134
173
129
132
172
107
125
115
73
94
96
39
23
29
44
47
0
9
44
38
51
52
60
51
68
51
67
101
102
55
17
24
3
-15
5
-10
24
60
48
63
33
35
55
50
70
86
71
99
95
83
100
119
150
111
74
114
88
57
116
107
101
58
-4
-10
-24
-2
11
-22
-1
18
45
52
9
46
45
34
38
80
56
47
58
72
62
52
81
92
78
94
124
101
124
157
188
197
215
235
245
265
250
217
243
192
201
176
108
125
150
110
120
136
116
73
21
24
7
-3
43
69
36
27
36
28
37
8
-2
-3
2
11
37
68
45
95
63
68
108
42
12
13
17
32
73
89
142
126
104
106
73
78
81
36
44
113
70
62
66
39
66
63
18
79
50
-13
10
-3
31
-19
-17
-10
2
-15
-18
38
74
57
80
69
74
83
100
72
64
104
100
129
97
141
149
128
169
162
143
154
147
132
175
205
243
208
213
188
186
156
147
118
89
101
98
84
40
42
39
10
11
15
24
40
21
22
10
27
41
59
56
63
41
55
64
85
85
112
94
100
95
95
71
69
95
78
146
139
102
122
119
143
134
159
181
193
209
173
167
152
128
101
129
166
128
155
158
106
136
124
107
124
96
115
96
102
149
122
169
152
137
142
168
185
186
208
209
202
185
197
178
165
198
196
233
266
275
250
244
274
205
202
195
155
129
158
149
185
189
143
162
152
141
122
146
138
173
175
175
171
104
102
87
112
109
76
142
149
129
146
154
129
118
137
105
104
87
95
82
138
146
126
146
124
145
96
109
101
110
104
107
113
149
108
88
111
99
140
93
114
93
53
82
104
150
214
144
184
153
116
130
127
119
80
76
88
157
95
82
74
45
65
49
101
131
132
149
148
129
95
109
92
85
82
54
77
80
110
103
151
154
98
94
77
103
131
113
91
115
141
152
205
179
173
171
129
135
69
56
23
57
43
39
-17
-10
11
46
64
1
19
56
47
29
46
10
43
89
87
84
132
165
170
174
214
236
221
172
180
158
105
106
136
97
97
155
125
170
170
186
195
183
234
211
182
183
162
145
171
182
179
143
155
174
99
100
123
158
152
127
148
107
114
131
161
124
62
67
40
50
69
26
28
31
69
98
112
138
108
54
35
53
57
38
33
81
33
53
36
37
48
-22
54
33
5
38
26
48
23
30
45
59
77
86
78
79
112
51
103
80
31
10
87
100
86
83
46
73
76
92
16
42
20
68
57
7
73
40
24
43
-6
26
45
13
14
48
-14
-36
20
11
31
9
27
-1
-52
-23
-15
-12
43
33
23
73
98
79
61
97
118
86
94
126
150
159
168
137
145
135
109
88
61
92
55
31
18
16
37
13
1
3
-37
-20
-45
-65
-68
-114
-46
-49
-70
-16
-45
8
3
-39
11
53
44
39
82
100
66
98
140
126
175
133
122
171
125
132
170
168
168
175
138
96
138
150
124
111
57
62
36
21
8
-21
-7
10
-10
-44
45
37
41
26
30
42
55
56
14
37
12
39
13
-6
32
50
29
108
144
135
114
112
112
119
112
120
129
145
167
119
79
87
73
11
-11
-8
-2
23
29
-18
44
61
22
26
78
81
26
-28
-8
-12
-10
-8
8
3
-6
12
32
39
12
-10
10
56
64
86
129
91
84
70
61
51
32
27
45
27
-7
52
8
28
-9
17
12
39
72
50
86
84
67
-6
43
16
-3
40
5
4
-17
18
9
4
41
28
-5
-18
6
19
64
65
29
15
-5
-13
4
11
-29
14
44
14
39
4
2
-38
1
40
-15
4
-4
-23
-3
-38
-50
-62
-34
-35
-18
-60
-41
-25
-24
-46
-72
-19
-61
-54
-54
7
-14
-54
-19
8
33
18
26
53
32
39
34
16
36
59
72
50
75
88
77
102
94
78
75
28
9
-6
5
-86
-51
-3
-14
-12
-59
-43
-94
-50
-77
-82
-75
-93
-80
-67
-20
-5
-1
3
20
1
11
23
28
29
-37
-13
-2
5
57
55
42
26
30
20
31
61
1
5
2
18
35
25
24
-24
-24
15
-12
-52
-70
-88
-103
-112
-109
-90
-59
-34
-22
-61
-1
-20
-58
-46
-22
13
-18
6
11
-6
-21
7
12
-41
12
-18
-15
22
16
8
-21
20
2
33
-6
7
-37
-9
34
-7
6
-4
-20
-42
-27
-75
-36
-69
-88
-90
-102
-117
-125
-73
-111
-121
-137
-142
-148
-110
-74
-67
-54
-110
-74
-36
-64
-66
-77
-43
-45
-49
-13
-38
-31
-53
-35
-54
-78
-70
-61
-62
-50
-48
-38
17
-37
-9
9
-17
-51
-49
-40
-63
-67
-58
-101
-53
-25
-63
-42
-70
-64
-121
-116
-141
-125
-148
-172
-129
-153
-112
-166
-171
-114
-152
-159
-135
-154
-139
-149
-122
-124
-119
-113
-110
-59
-59
-58
1
-5
69
95
8
50
43
50
57
35
26
-14
-35
-49
-35
40
42
54
49
48
40
14
10
3
-27
-58
-65
-48
-32
-86
-93
-109
-113
-106
-132
-91
-70
-29
-40
-51
-41
-51
-27
-23
-36
-52
-19
-35
-78
-94
-60
-82
-76
-79
-69
-79
-80
-31
-28
-6
-29
-69
-33
-67
-68
-59
-91
-69
-47
-31
-48
-16
-29
-46
-14
-30
-12
-23
-62
-51
-64
-77
-117
-104
-102
-99
-41
-51
-69
-107
-121
-107
-157
-170
-168
-191
-172
-160
-170
-207
-191
-174
-191
-182
-176
-120
-146
-199
-159
-149
-143
-97
-87
-91
-117
-125
-119
-122
-110
-101
-104
-109
-97
-83
-47
-79
-69
-68
-71
-85
-69
-49
-92
-88
-67
-76
-62
-55
-49
-64
-86
-92
-117
-82
-65
-74
-69
-38
-51
-75
-81
-100
-110
-96
-116
-61
-64
-45
-43
-42
-22
-48
-63
-71
-86
-75
-68
-72
-49
-85
-84
-91
-96
-72
-24
2
-19
-53
-38
-16
-75
-117
-84
-96
-133
-159
-157
-147
-150
-166
-170
-189
-194
-93
-85
-74
-88
-62
-77
-75
-95
-69
-49
-55
-53
-58
-27
-55
22
-26
-36
-31
-51
-54
-28
-31
-24
-22
-24
-26
-10
-17
-64
-43
-71
-63
-85
-92
-62
-34
-17
-31
-56
-69
-87
-85
-78
-66
-48
-83
-77
-78
-84
-97
-115
-99
-45
-8
17
39
47
1
6
-14
-30
-36
-58
-58
-27
16
17
7
-34
-59
-80
-71
-119
-123
-86
-112
-124
-87
-100
-146
-129
-150
-182
-203
-190
-157
-173
-171
-139
-142
-104
-78
-85
-75
-92
-69
-75
-48
-97
-97
-148
-170
-143
-123
-134
-133
-96
-138
-91
-147
-164
-123
-85
-73
-51
-49
-66
-86
-89
-104
-134
-184
-168
-131
-134
-110
-124
-81
-123
-164
-130
-125
-86
-118
-159
-126
-100
-91
-84
-65
-42
-40
-53
-36
-63
-81
-86
-121
-83
-84
-67
-92
-120
-126
-148
-135
-149
-135
-114
-111
-68
-60
-92
-72
-89
-157
-181
-165
-179
-190
-184
-168
-165
-174
-209
-177
-185
-191
-192
-158
-162
-153
-129
-127
-109
-101
-104
-135
-124
-171
-168
-105
-119
-165
-144
-136
-163
-87
-41
-38
-46
-59
-41
-41
-14
-17
-61
-20
-53
-58
-18
-22
-13
-22
2
-33
-40
-51
-74
-53
-64
-84
-98
-100
-93
-118
-123
-117
-108
-99
-91
-43
-49
-81
-58
-19
-43
-64
-49
-51
-59
-79
-108
-124
-102
-71
-106
-130
-100
-80
-162
-131
-87
-98
-82
-89
-66
-25
-38
-34
-60
-74
-97
-138
-154
-137
-111
-137
-132
-129
-64
-72
-63
-31
-28
-89
-131
-137
-160
-124
-155
-119
-115
-109
-89
-61
-50
-90
-82
-70
-20
-83
-111
-67
-89
-60
-21
-53
-25
-76
-92
-88
-69
-85
-112
-72
-66
-48
-38
-6
-8
-6
-17
-50
-72
-60
-74
-111
-71
-74
-37
-1
-27
-50
-44
-23
-19
-53
-41
-15
-2
-35
-54
-72
-77
-70
-71
-32
-60
-72
-112
-89
-53
-92
-75
-77
-81
-115
-103
-64
-73
-96
-86
-85
-135
-111
-82
-117
-94
-66
-47
-18
-43
-54
-61
-48
-59
-89
-61
-24
-18
-13
27
15
26
2
-23
-17
-7
-53
-45
-1
-2
58
41
16
29
31
33
41
33
10
27
25
26
34
-20
12
-4
-33
-43
-47
-15
19
19
-17
-8
-38
-71
-77
-88
-60
-66
-78
-92
-123
-142
-195
-178
-135
-117
-120
-109
-97
-102
-100
-140
-93
-82
-70
-43
-91
-91
-48
-71
-55
-33
-64
-25
-18
-28
3
-51
-70
-73
-120
-129
-79
-106
-160
-156
-134
-139
-113
-142
-158
-200
-169
-189
-230
-164
-118
-119
-156
-159
-140
-68
-75
-72
-136
-160
-110
-99
-122
-109
-136
-156
-139
-111
-118
-90
-37
-44
17
-4
-2
16
10
23
-17
-47
-16
-67
-72
-52
-112
-85
-70
-85
-116
-54
-47
-44
-78
-89
-79
-120
-77
-26
-71
-62
-51
-52
-87
-88
-81
-89
-38
-45
-34
-64
-56
-48
-28
-55
-37
-36
-83
-69
-56
-86
-99
-81
-36
-40
-52
-19
-31
-10
-33
-58
-133
-170
-171
-146
-120
-92
-65
-89
-70
-116
-99
-98
-88
-115
-99
-66
-94
-53
-21
-3
33
40
12
35
1
-32
-24
2
7
-18
-68
-42
26
2
35
-42
-38
-62
-88
-81
-31
-15
-33
11
1
8
-23
-20
-82
-83
-57
-61
-4
17
14
73
-1
7
-26
-12
41
5
-15
-39
-33
-63
-48
-116
-97
-90
-134
-102
-84
-62
-71
-92
-94
-90
-74
-88
-110
-102
-78
-38
-31
-80
-101
-92
-89
-91
-75
-54
-52
-43
-6
-51
-13
-37
-59
-75
-61
-54
-36
26
-30
-20
-14
-5
-44
-60
-23
-39
-27
-40
-49
-30
-82
-55
-53
-72
-35
-34
-41
-12
-29
-42
-12
-55
-28
-49
-40
-21
-1
45
107
76
76
103
89
106
63
54
63
64
85
71
54
49
27
16
-13
-2
-1
9
19
51
9
-11
16
5
2
-32
-23
7
-43
-91
-50
-26
-65
-6
-53
-73
-88
-41
-100
-79
-54
-28
19
-30
9
-29
-22
-36
-25
-57
-76
-60
-23
-14
-25
1
4
17
11
-12
7
4
-17
65
11
-3
-42
-52
-65
-82
-52
-66
-56
-76
-65
-113
-103
-118
-118
-100
-71
-73
-72
-22
-98
-56
-54
-73
-77
-63
-3
-53
-87
-87
-69
-53
-30
28
59
52
46
54
91
128
113
105
143
82
48
26
58
79
57
68
50
49
67
62
39
37
2
-20
-32
6
-6
-34
-17
-10
-49
-88
-40
-62
-68
-22
-20
-41
-59
10
-22
-13
-20
32
31
-17
32
-21
3
-37
-41
13
-41
-3
-13
-5
-7
-47
-28
28
16
2
-24
-33
1
-2
-37
-28
-10
28
33
1
-7
-35
-31
-32
2
34
23
-11
24
29
-5
37
81
85
68
83
101
59
82
114
93
110
125
104
96
62
26
35
-2
22
-37
-9
16
-13
-13
-8
-22
-42
-44
-54
-57
-46
-19
-54
-12
-54
-65
-70
-58
4
14
24
-7
19
-2
-26
-26
-8
22
3
-25
11
-17
-12
0
6
-7
-36
-21
-7
24
70
4
17
25
113
157
90
121
99
98
91
87
75
83
97
115
84
123
133
152
133
109
89
39
49
8
51
40
28
54
1
-18
-26
-19
-22
-19
-18
-22
12
-10
-41
-20
-6
15
18
79
66
78
115
106
105
111
88
91
126
118
121
111
131
109
96
89
48
29
43
44
9
-10
-10
-15
-57
-33
-68
-71
-60
-32
-52
-74
-63
-116
-97
-62
-56
-68
-41
-19
29
18
3
7
24
37
61
11
33
38
26
45
33
52
-24
-35
-57
-55
-11
-5
38
12
5
-30
-20
6
-3
23
16
37
54
65
67
25
29
-13
-9
4
2
-43
-59
-27
-65
-1
15
19
52
2
-1
16
11
44
-10
-12
-19
-9
11
-3
9
-8
-34
-2
-15
26
49
63
51
41
58
49
-1
31
42
29
34
-19
43
25
48
60
52
73
63
93
57
34
39
79
67
36
20
-18
-6
15
-27
-84
-93
-108
-114
-58
-47
-44
-12
0
25
-12
-16
-60
-86
-114
-173
-176
-126
-99
-110
-148
-146
-90
-93
-87
-108
-72
-53
-9
-48
-29
-83
-110
-58
-75
-68
-71
-86
-134
-117
-134
-127
-117
-100
-92
-79
-49
-60
-88
-81
-14
-85
-96
-61
-83
-58
-100
-64
-71
-84
-62
-71
-52
-58
-16
5
10
18
17
12
26
77
59
51
57
21
11
46
53
64
19
37
9
1
-7
-22
-15
-49
-35
-99
-112
-143
-156
-138
-128
-122
-136
-138
-121
-71
-68
-92
-177
-159
-157
-168
-144
-183
-226
-210
-209
-182
-220
-146
-122
-170
-133
-148
-140
-135
-130
-117
-39
-74
-81
-78
-61
-37
-4
4
2
24
4
-4
-10
-26
-40
-27
-28
20
4
-36
-27
-39
-67
-76
-101
-95
-93
-97
-119
-139
-135
-179
-160
-168
-178
-193
-222
-213
-233
-231
-166
-204
-187
-164
-126
-106
-84
-73
-103
-71
-78
-60
2
-22
-33
-55
-24
19
-7
-2
-28
-51
-10
14
-1
-25
-3
-11
-34
2
-20
-29
-5
14
-49
-63
-45
-67
-79
-97
-115
-110
-125
-125
-54
-108
-138
-118
-170
-159
-113
-73
-131
-122
-107
-105
-86
-134
-143
-118
-46
-56
-18
-32
-87
-116
-83
-36
-86
-33
-9
30
35
-8
-47
-76
-82
-68
-46
-3
31
37
16
11
22
-6
-4
34
-25
-22
-10
-14
-4
-17
-19
-7
-24
13
-9
-23
-12
-38
28
22
15
15
37
23
28
24
-37
-3
-17
-27
-20
-30
-26
2
6
-32
-32
-46
-60
-36
-47
-37
-44
-48
-52
-62
-49
-82
-83
-87
-133
-61
-1
-15
34
10
32
-32
-36
-5
4
-23
-14
44
-17
5
41
66
68
24
58
13
23
19
21
58
83
51
22
-6
-1
8
7
37
9
-14
-16
21
36
38
-10
11
37
32
77
39
3
-2
44
39
46
51
37
28
19
34
33
40
46
36
58
52
58
58
46
72
-16
6
74
-16
-19
-12
0
6
57
40
27
5
17
15
2
34
35
57
66
77
61
79
40
60
67
65
47
27
32
29
74
44
71
55
53
83
102
74
87
96
127
166
171
187
217
220
211
229
166
201
195
202
208
229
228
193
198
175
112
92
119
89
83
97
141
159
140
161
106
118
95
69
76
41
80
53
98
81
87
87
52
48
28
10
27
52
47
76
77
57
23
83
45
89
110
129
173
125
123
77
61
113
171
162
195
176
151
157
122
146
135
124
149
127
110
131
80
71
74
60
39
19
57
43
74
53
-2
-6
-16
6
22
11
51
85
134
140
167
169
170
200
243
251
237
205
172
164
181
252
280
279
227
211
215
201
214
221
179
156
94
89
103
130
147
121
126
126
109
154
185
219
223
169
168
125
118
125
148
113
123
150
114
92
68
12
48
123
103
119
142
133
160
134
103
88
103
148
132
120
184
128
165
132
104
155
115
136
115
87
101
102
74
50
41
61
105
60
84
88
56
74
74
72
72
72
65
143
97
90
118
57
-23
47
80
76
67
18
5
30
62
39
8
16
48
53
96
56
55
41
26
6
33
94
74
90
135
102
95
79
51
74
105
121
161
148
146
83
73
81
46
24
-17
-19
-27
3
8
-76
-130
-63
-47
-78
-74
-116
-142
-89
-87
-35
-65
-74
-109
-109
-67
-43
-21
-68
-39
-62
-57
-64
-118
-113
-113
-60
-25
-38
-47
-4
6
-20
-43
-64
-78
-75
-7
3
-75
-48
-59
-33
-2
29
-28
-18
63
2
-52
-77
-59
-24
12
11
-8
-58
-65
-31
36
-14
-21
55
74
-33
-72
-32
-49
-23
-49
23
38
-51
-122
-107
-61
-53
-1
76
89
41
-56
-67
-39
-57
-104
-109
-71
-89
-135
-127
-118
-50
12
-21
1
-63
-107
-110
-56
82
32
-103
-101
-44
-70
-89
-50
-32
-51
-25
-67
-121
-180
-246
-187
-101
-110
-100
-119
-154
-132
-112
-34
-31
-111
-136
-65
-80
-31
-6
-74
-11
50
88
59
7
15
20
32
-3
39
42
-14
-62
-15
33
16
-13
-57
-61
-102
-104
39
63
-55
-60
11
-90
-146
-32
21
8
66
111
64
-46
-89
-22
93
102
9
138
152
-43
-25
99
90
76
80
114
158
60
-18
44
122
114
98
118
7
-121
32
121
22
-30
-65
-96
-91
-79
-23
20
-84
-75
102
87
-112
-156
-8
19
115
129
73
139
-5
-46
149
178
-38
103
260
185
127
46
-32
111
221
161
192
177
117
103
110
40
24
75
45
82
35
-82
-59
52
63
17
-33
-92
81
107
-25
-50
84
102
9
-14
-27
-74
-152
-38
113
86
-3
-86
81
73
-73
87
230
140
41
70
121
78
-9
47
200
229
66
35
52
-93
-89
120
259
131
-28
78
127
-64
-147
85
120
-91
44
162
29
-86
-78
8
85
46
52
110
-61
37
134
70
101
115
158
186
281
175
121
298
95
1
90
160
123
114
38
-27
-60
67
181
17
-8
136
208
115
140
41
-106
55
118
96
58
6
136
184
-32
-15
118
108
67
34
118
190
207
55
44
15
-81
125
203
-33
-163
57
-38
-213
-95
33
-53
-117
-110
-105
50
-113
-258
-8
146
-96
-48
-11
22
-25
5
39
43
130
-2
45
164
171
-43
190
308
20
109
217
147
41
166
112
37
224
78
3
104
-100
-150
154
-68
-175
123
78
-178
-20
161
-98
71
151
157
127
92
23
-107
174
197
90
50
20
-62
81
-170
-247
261
208
71
89
74
-88
108
39
-128
267
156
-96
227
242
-183
-45
238
181
99
-37
-15
194
64
-185
126
246
-30
-24
40
-7
15
-30
-149
206
185
-191
-29
149
-41
-51
261
77
-18
107
-83
-139
53
158
90
180
87
-39
83
41
-77
138
287
186
13
86
115
-21
-4
244
79
-16
274
129
-124
36
220
152
150
75
118
43
36
-145
204
336
-78
68
371
-105
-342
-36
175
80
-2
280
210
-3
-254
-199
117
239
111
242
175
-150
39
108
-74
5
268
217
351
280
-233
-33
243
62
181
446
44
-76
128
52
110
254
183
237
26
-161
267
149
-184
254
419
199
-28
67
97
-213
-82
474
668
272
-203
212
248
-373
39
482
324
200
212
177
87
-284
-122
605
243
-237
387
261
-448
-284
185
432
223
-21
293
-2
-274
176
28
269
416
39
65
108
-20
-112
23
257
245
370
284
-84
-32
101
24
88
262
602
-31
-170
-97
-66
138
13
-217
-25
444
-418
-320
473
-68
-539
534
397
-320
180
-151
-314
513
152
-281
568
74
-708
124
375
-319
232
345
-170
28
128
-401
55
455
-26
411
141
-381
182
106
-163
270
503
286
-101
-266
296
376
-349
-134
464
181
-180
152
-98
-111
225
-118
125
300
-86
-71
129
-89
177
178
-51
224
-65
-263
228
30
-402
379
215
-342
33
64
-463
33
217
-122
164
333
-178
-372
57
-330
15
182
352
-8
-228
-42
-218
-24
177
129
-249
506
211
-368
-329
187
-30
76
320
-214
147
-261
-263
136
-52
-101
581
59
-397
94
-55
-32
292
-73
-27
455
-151
-681
301
516
-485
142
547
-243
-155
290
-618
-172
800
-172
-282
233
-435
-628
609
236
-601
411
67
-234
-11
81
-254
-71
188
25
600
-177
-148
376
-175
-289
437
-20
-165
336
-659
-336
654
-107
-105
71
-396
-357
770
-221
-625
791
-346
-265
523
-137
-450
607
-56
-23
745
-140
-437
270
269
-103
439
718
-479
12
489
-419
293
503
-142
259
888
-511
-623
344
27
-562
444
413
-442
-213
-429
-491
105
46
-155
146
32
-358
-543
440
-304
-295
955
-111
-660
212
51
-558
288
396
-337
122
265
-487
-377
458
-32
-186
923
-54
-612
66
-209
-5
545
-458
-77
312
-676
-53
-337
-333
82
220
-76
-60
49
-733
-100
478
74
184
313
-574
4
625
-577
47
423
-210
103
794
-656
-747
1337
-239
-278
921
202
-831
474
183
-441
723
266
-283
238
96
-879
678
587
-492
278
380
-207
207
-61
-28
574
58
-4
762
-65
-942
481
-50
-19
549
128
-373
80
225
-413
517
-103
-514
387
507
-406
-13
-4
-192
612
-437
302
747
-950
-173
949
-716
-380
992
179
-1095
363
568
-813
548
471
-518
-239
626
-638
193
723
-471
117
711
-70
-1426
1153
231
-661
948
656
-351
-649
625
-93
168
342
234
-13
239
20
-353
788
-347
-606
838
310
-866
333
831
-845
162
490
-75
21
115
105
28
561
-334
203
359
-146
-537
684
728
-681
103
527
-2
-573
627
195
88
-20
-9
388
90
30
-198
434
-98
-170
66
153
-229
-76
404
403
83
-644
259
495
-420
261
735
-424
-187
616
-642
279
320
-43
497
-417
251
-29
-366
453
-82
46
502
-397
-10
580
-340
-245
661
385
-155
129
-133
43
439
-429
467
659
-636
128
819
-730
234
1020
-587
287
684
-389
29
534
-338
757
436
-269
-233
189
173
-316
509
336
-240
0
-176
103
532
-531
323
786
-979
226
933
-686
-414
394
467
-63
-141
-207
117
250
-16
3
44
308
-472
63
405
5
308
205
274
-10
21
-482
498
637
-704
532
561
-160
279
-343
-526
1127
118
-235
881
-263
-69
420
151
-123
438
327
-441
848
346
-728
224
996
-800
-242
1200
-153
-494
707
136
12
728
-392
-321
1023
284
-835
1089
724
-1157
126
869
-581
-3
814
-294
-457
551
-45
-431
576
63
-327
730
404
-900
458
518
-431
454
278
-52
315
143
-478
792
60
-183
1398
-502
-612
1032
254
-386
593
388
-501
510
875
-478
-492
598
-216
-12
643
-612
-229
341
135
-382
249
-313
76
342
-330
272
236
175
-485
433
326
120
351
-479
383
644
-682
-56
665
-192
-606
905
125
-631
113
191
-36
169
19
-37
-148
-170
491
102
-356
-12
79
91
-72
-198
536
-636
-27
605
105
-24
-689
29
289
-120
315
582
-428
-242
631
-283
-83
777
-818
272
1347
-437
-940
784
166
-688
798
922
-1053
225
1111
-1511
794
667
-583
259
436
-751
368
752
-1681
1203
695
-1104
201
729
-649
-201
652
-434
457
504
-556
-393
505
-472
192
1609
-962
-1052
780
73
239
275
-456
162
430
-517
121
673
-393
-689
1113
515
-1393
496
390
-534
165
573
236
-111
55
-664
284
558
-9
74
-272
281
-26
-350
672
-198
-488
1261
-577
-407
1595
-1343
-604
1507
-567
18
727
-311
-943
1046
246
-1188
752
386
-875
239
744
-1410
402
846
-1117
-70
801
-789
-291
720
-1246
246
1091
-1126
204
579
-882
-204
1431
-826
-808
1622
-1031
-976
1231
-248
-1262
1434
-769
-1132
1489
-515
-1311
1158
381
-1340
1176
-36
-1742
652
779
-1498
489
926
-1504
-119
1068
-908
-523
1077
-749
-400
937
-787
-804
1198
-75
-773
900
-136
-746
752
103
-838
828
457
-1278
895
660
-1378
104
884
-550
-135
694
-1084
-203
281
-373
66
170
-808
293
508
-1230
169
604
-683
-248
1003
-52
-634
180
-33
-389
607
-12
-585
980
-472
-496
991
-221
-287
265
-464
536
-213
-329
699
-959
-173
489
-273
-500
286
-597
-319
197
-78
-446
-229
388
-889
303
6
-472
-4
1
61
320
-751
-373
585
-667
-218
803
-411
88
1
-161
-154
-215
678
-61
419
-500
102
113
-502
85
324
46
-795
567
-143
13
-255
-195
6
310
-231
-747
1222
-661
-914
659
497
-881
-39
117
-885
337
25
-968
677
118
-877
154
-34
132
-953
81
386
-225
319
-412
-656
435
-494
-463
923
-513
-220
-346
-219
181
-439
166
175
-558
392
-189
-832
565
-590
-447
563
-51
-678
44
-402
-98
205
-608
296
-336
-49
-534
-470
259
89
-472
-584
379
-426
-581
-362
522
-467
-904
866
40
-1495
-454
1238
-920
-90
419
-951
32
358
-789
-391
1110
-705
-667
1170
-450
-539
899
-644
-431
1085
-538
-382
1272
-904
-599
556
281
-441
-327
606
-1048
1
560
-785
-219
293
-365
-760
897
-345
-1172
366
378
-560
-155
626
-1056
-64
576
-598
322
270
-1259
105
1100
-1439
7
847
-691
132
108
-144
-111
55
-186
103
410
-421
-121
1239
-1105
-741
999
-295
-89
113
-42
-476
260
-303
-73
136
-424
135
-331
504
-100
-350
-296
354
449
-916
956
-272
-1144
-36
1101
-864
-149
719
-1385
668
428
-611
-69
462
-437
345
588
-625
-668
796
129
-969
1074
240
-1354
440
273
-533
655
-244
-792
937
339
-1080
328
474
-519
105
524
-658
131
172
-397
-19
503
-83
182
310
-1098
613
97
-662
480
846
-1163
30
806
-993
-222
817
-251
-492
437
-182
-721
453
84
-1010
1195
26
-355
-309
196
200
-70
-46
336
420
-903
821
-215
468
-17
-119
694
-305
168
-137
79
-19
626
-446
-44
557
-675
81
165
261
-365
-106
54
376
-608
151
575
-916
196
367
-18
-220
620
-521
-281
477
-163
-179
329
-21
-88
62
-316
106
-92
168
-18
476
154
7
-468
358
405
171
61
85
429
-73
-105
31
109
22
75
-118
226
-445
372
-232
-598
665
260
-110
-326
209
-139
171
123
-164
59
402
-19
-603
181
-8
-129
50
346
-604
343
-114
-70
-52
64
-17
106
-183
-199
198
-128
747
-895
642
-28
-53
-63
551
-276
-410
825
-177
-187
254
-28
217
479
-1058
887
-23
-290
51
251
-3
-187
-30
116
-53
-160
403
-827
1106
-329
-375
466
-367
-27
-25
256
-322
-58
145
-168
-265
422
-527
433
8
-350
341
413
-234
-266
263
187
33
-495
503
-778
710
142
-615
309
88
-304
-78
525
-248
-51
96
-350
-79
445
28
-191
411
236
-747
364
285
-375
-280
417
502
-508
-677
641
-453
-240
909
-733
320
251
-657
145
502
-592
620
-126
-202
-54
-143
570
-593
75
388
-266
21
107
-565
700
193
-75
730
-763
517
244
-630
668
644
-815
107
784
-847
361
758
-384
-1306
1118
647
-1256
19
631
-756
102
828
-704
-320
414
-354
64
608
-907
91
-129
0
-295
369
-125
-301
-60
84
298
-548
509
-528
-54
378
396
-564
-342
975
-183
-404
364
286
-848
905
27
-441
230
163
-84
395
-344
-360
931
58
-520
-64
353
-327
1015
-636
-764
1173
-422
-795
1409
-318
-991
595
740
-687
-432
949
-140
-261
537
-541
394
594
-1706
1490
288
-1180
652
1075
-1061
-558
931
-502
205
603
-513
-603
1044
-668
51
400
-667
-12
256
126
-588
132
-384
223
237
-409
148
-40
-619
571
442
-1018
1427
-365
-1169
910
-17
-674
707
445
-1283
1283
-429
-1049
1023
-8
-241
-91
357
77
73
-494
401
18
-417
362
488
-353
-614
686
-605
-654
1578
-388
-802
677
-880
271
806
-765
405
-71
-567
334
167
28
-297
-139
498
-44
-315
409
-573
-55
931
-119
149
144
-181
301
717
-655
-194
1330
122
-1152
762
545
-257
-154
-34
-41
425
151
-594
454
-438
142
70
212
-55
-280
278
-161
373
184
-99
-477
604
-70
-446
1221
-590
-1005
1067
252
-692
571
-306
-479
835
301
-665
-130
1465
-1495
-153
1876
-919
-273
746
-642
435
745
-687
152
388
-301
303
281
-387
65
-40
531
-129
-14
153
-28
303
-619
673
-156
-534
314
124
467
-683
506
-2
-256
-606
587
623
-723
544
-264
325
-829
769
-254
-306
520
-594
853
-870
-127
570
62
-219
409
-597
808
-515
-582
1160
-498
-249
455
24
-867
864
-900
-54
572
311
-880
504
188
-820
607
-338
602
-414
455
-102
-94
-324
-158
457
-38
-368
-323
554
-573
-539
391
60
-768
646
130
-869
796
20
-1041
664
523
-863
19
379
-654
-667
1085
-149
-870
1173
-907
-718
991
-301
-511
849
-188
-669
782
-11
-368
-152
-59
780
-564
-96
-68
-310
-102
-128
152
-60
85
-727
286
-435
425
-200
-59
-167
-536
840
-281
-626
-12
743
-404
0
439
-131
-837
723
-97
-362
802
-452
-79
184
-71
141
-50
-445
711
-221
93
372
-250
-440
303
446
-1047
533
321
-610
-538
240
93
-275
532
-698
-174
245
-224
-128
92
-548
55
727
-924
311
-378
-334
316
61
696
-1087
129
127
-468
-160
662
80
-1389
665
297
-601
147
356
-658
-112
511
-108
-388
-337
306
-747
207
845
-1279
-17
244
-815
332
293
-427
-386
696
-375
-354
221
-90
-370
236
17
-393
653
-1047
-262
730
9
-908
1090
-418
-1325
1617
-685
-630
812
-220
-669
1025
-578
-659
1208
-484
-717
744
432
-1216
-406
823
-372
-353
466
-70
-720
137
-199
6
280
-506
0
106
199
-1011
443
-88
-380
157
292
19
-979
570
-886
57
666
-648
-270
195
-255
-708
1026
-718
-259
426
-1
-743
201
759
-1750
936
440
-715
347
-31
-741
146
680
-298
-599
998
-812
-590
1057
-629
-667
932
-536
-786
417
-302
-38
-903
366
-546
-142
-116
-493
-158
-588
-149
441
-490
-201
437
-1591
718
1070
-916
-382
638
-407
-643
1382
-449
-1087
866
306
-745
729
274
-1322
831
-391
-135
759
-77
-942
-120
826
-876
560
-172
-1290
688
361
-730
108
453
-1314
266
161
-700
531
-266
-933
39
701
-862
-265
779
-1018
-530
1426
-534
-734
519
388
-735
182
469
-1067
169
221
-855
55
571
-1129
-178
724
-996
-344
187
1
107
-799
38
137
-459
-430
314
180
-624
-415
167
293
-762
336
249
-1631
541
1051
-849
-15
418
-1145
389
950
-1610
267
600
-1131
276
882
-1213
-223
811
-967
-10
650
-256
-639
527
-645
122
1180
-1265
-348
497
-478
-76
390
-917
-243
264
-441
-174
-53
-423
-494
484
-89
-403
536
-691
-931
1084
153
-1094
41
445
-687
-6
455
-184
-680
279
-513
101
1178
-909
-682
939
-576
-456
967
-815
-441
343
383
-531
36
-440
-406
576
-313
-378
449
210
-811
-67
587
-632
98
212
-348
-335
-250
-116
342
-2
-923
163
59
-157
-882
893
114
-1479
72
1151
-361
-1051
-41
-307
597
401
-357
-733
749
-767
-384
1191
-271
-736
-308
756
66
-374
-27
-564
492
557
-716
521
-102
-1274
16
1100
5
-1138
-439
664
-362
-65
492
-924
-321
-70
10
233
181
-1247
-794
923
-72
-192
456
-1368
-444
1136
-146
-75
-194
-402
-38
388
179
-100
-296
-1016
146
1173
-463
-99
-310
-777
170
956
61
-1035
-47
23
-422
786
5
-1375
254
416
-1142
649
561
-1452
-827
335
201
-106
17
-1338
-739
746
-71
-179
106
-655
-1057
388
820
-27
-655
-916
112
909
449
-497
-542
-463
279
642
592
-674
-467
-24
-111
333
298
-73
-939
-228
128
-76
319
-63
-1185
-184
769
-310
-469
66
-1052
-159
1234
-96
-881
-99
-1114
-485
1790
-918
-675
278
-1136
96
633
-988
-883
537
-551
-74
456
-438
-1000
222
-96
-367
1315
-1210
-1259
797
-92
-735
843
-295
-1199
700
-42
-468
820
-498
-739
856
322
-581
172
-471
-944
944
426
-665
291
-252
-1220
173
945
-756
-218
356
-968
93
848
-821
-1036
689
-102
-528
762
-664
-706
245
-584
393
207
-673
-922
601
5
-1029
820
-14
-1036
-187
1056
-643
-234
691
-699
16
279
279
-394
207
-334
-708
552
393
-384
-700
-88
-303
353
325
-1224
-170
469
-1072
-33
625
-546
-849
-237
172
-141
-606
-161
-644
-756
701
-390
-772
629
-710
-1391
1308
297
-1272
34
-89
-621
159
369
-173
-465
-806
103
738
-77
-763
308
-186
-792
601
212
-246
-700
-586
629
729
-410
-1078
-277
68
58
863
-456
-1328
-253
201
225
529
-838
-716
40
-182
119
-226
-103
-1073
16
380
-651
-285
-310
-326
-389
71
122
-317
-764
-369
136
-420
-15
204
-484
-986
274
212
-566
470
-475
-637
397
233
-906
82
526
-795
98
264
-376
-658
39
42
135
-30
-279
-268
-306
69
-649
118
300
-331
-384
-220
-99
-375
-23
-33
-321
-23
-72
-652
-58
176
-805
13
325
-690
-214
71
-654
2
189
-643
-476
361
-534
-801
283
91
-700
-97
217
-599
-91
194
-280
-207
391
-406
-395
491
-415
-521
657
-215
-598
407
-246
-524
19
-215
-451
428
-158
-420
288
-405
-436
509
-598
-704
842
-175
-660
118
-596
-469
625
-167
-943
40
240
-842
137
276
-1082
-555
392
-752
-96
-10
-1249
-172
223
-420
-799
265
-344
-937
-264
1127
-36
-704
25
-492
-227
65
451
-361
3
-428
-579
667
-180
-1002
33
400
-607
27
247
-464
-325
13
95
424
-314
-923
5
200
-368
161
415
-818
-547
20
-443
103
525
-806
-528
544
-496
-312
370
-387
-468
286
447
-748
85
-24
-802
226
815
-219
-770
171
1
139
-103
162
225
-128
-528
-479
501
431
-476
84
-226
-138
-199
-114
-127
-430
66
-268
0
-155
-641
-780
-8
175
-121
-504
-929
-467
-568
-176
233
-501
-737
-868
-282
-41
158
-360
-404
-70
-298
-42
-499
-290
-191
176
-101
-132
-120
-535
-251
-130
112
-9
187
-71
-429
-572
443
804
-172
187
236
-349
-40
943
107
-214
432
332
-33
612
259
-461
492
432
347
450
368
-387
-110
587
680
569
151
-285
89
978
243
185
490
1
589
790
-418
54
352
3
212
229
-11
-290
27
-28
-458
-176
304
-792
-738
26
-736
-928
-342
-753
-1034
-393
-654
-1459
-1030
-806
-1398
-984
-848
-1778
-1251
-597
-1584
-1803
-1200
-1096
-1625
-1191
-1284
-1451
-827
-1169
-1441
-1126
-602
-870
-677
-75
-704
-655
-22
33
-141
297
629
595
673
824
863
872
1209
1088
1116
1520
1313
1327
1556
1518
1398
1508
1651
1219
1177
1523
1447
1245
1248
1163
731
1023
1028
437
609
838
332
631
404
-357
-85
540
101
-745
-72
35
-375
-118
-718
-1286
-460
-388
-732
-369
-1065
-1610
-499
-882
-1545
-1233
-790
-1694
-1865
-1091
-1519
-1503
-2332
-2125
-2030
-1871
-2217
-2202
-1669
-2213
-2090
-2204
-2248
-1686
-1389
-1566
-1054
-916
-1086
-635
-312
-477
27
699
545
329
635
771
742
1112
1184
1362
1447
1142
1167
1493
1577
1556
1455
1177
1038
987
896
931
854
758
575
415
375
408
164
-51
230
343
231
50
21
11
62
521
453
164
187
594
841
449
387
848
1019
882
875
1073
1095
898
960
1140
923
998
809
681
751
526
3
62
803
-396
-1012
-86
-165
-1059
-941
-754
-1557
-1355
-957
-1755
-2261
-1453
-1648
-2189
-2073
-2677
-2649
-2323
-2293
-2923
-2960
-1867
-2442
-3202
-3015
-2611
-2077
-1609
-1672
-1967
-1639
-956
-822
-735
-195
77
135
496
699
696
873
1194
1348
1510
1837
1752
1420
1438
1863
2132
2229
2030
1327
1186
1433
1438
1403
1419
1149
744
702
719
888
591
357
591
743
641
360
237
250
659
696
756
666
365
421
652
913
969
823
597
576
859
1047
729
547
529
454
667
831
366
-35
-59
186
126
39
-268
-1189
-921
-267
-383
-1185
-1615
-1624
-1564
-1390
-1383
-1897
-2454
-2195
-1900
-2140
-2334
-2691
-2949
-2727
-2855
-2801
-2121
-2269
-3429
-3278
-2572
-2108
-1870
-2062
-2283
-1828
-920
-750
-749
-698
-621
201
940
864
820
928
1096
1285
1773
2070
2133
1704
1520
2125
2567
2519
2047
1706
1684
1889
1854
1665
1389
1110
1189
1053
887
606
287
230
355
286
103
-399
-405
-35
-58
-167
-223
-176
-334
-135
-59
-185
-193
83
22
-65
22
-36
162
8
186
275
99
-80
65
95
33
-41
-321
-33
15
-528
-1114
-897
-350
-419
-991
-1273
-1603
-1809
-789
-1318
-2101
-1961
-1742
-1770
-2131
-2403
-2677
-2328
-2267
-2685
-3143
-2957
-2739
-2456
-2548
-3585
-3753
-2721
-1748
-1865
-2557
-2498
-1678
-888
-927
-820
-366
-32
343
593
892
1057
1070
1168
1439
1899
2164
1942
1547
1549
2121
2635
2463
1654
1462
1600
1715
1777
1612
1170
897
783
529
505
379
193
-37
-138
-219
-407
-597
-491
-343
-170
-34
-222
-169
-81
-45
207
384
534
363
292
532
733
707
715
784
748
768
673
743
882
810
471
432
695
297
70
356
-154
-268
67
-390
-1075
-1126
-865
-847
-1222
-1209
-1305
-1966
-1735
-1622
-1702
-1655
-2042
-2365
-2232
-2185
-2736
-2553
-1559
-1410
-2274
-2929
-2756
-1846
-734
-858
-1440
-1425
-653
6
11
34
418
1205
1550
1503
1381
1492
1919
2120
2365
2797
2610
2136
1938
2321
2770
3075
2866
2218
1950
2092
2207
2110
1954
1682
1563
1545
1237
957
932
944
853
780
620
324
230
390
610
651
677
516
515
576
719
894
840
774
791
1045
1199
1074
1043
1067
1080
1218
1231
1130
986
960
1004
1066
924
832
786
460
144
432
540
-42
-194
-368
-547
-92
-508
-1231
-992
-1057
-815
-753
-1363
-1760
-1568
-1467
-1584
-1693
-2251
-2299
-2062
-1439
-1300
-1741
-2729
-3115
-1592
-587
-735
-1232
-1553
-1008
179
570
155
315
770
1392
1984
1821
1619
1859
2317
2592
2878
2887
2563
2346
2554
3251
3474
3088
2271
2066
2356
2426
2403
2015
1525
1408
1415
1244
1069
804
560
660
638
514
290
-46
93
427
465
494
293
93
426
754
827
833
887
906
976
1089
1332
1394
1410
1385
1225
1498
1683
1261
1141
1578
1443
1046
1239
1131
611
637
784
701
427
172
21
-33
-45
-219
-549
-934
-643
-569
-933
-1021
-1218
-1503
-1240
-1135
-1653
-1680
-1761
-1922
-1926
-1501
-888
-1293
-2091
-2570
-1899
-503
-125
-812
-1429
-860
308
744
412
216
704
1585
2056
1799
1562
1718
2051
2325
2639
2730
2497
2183
2167
2714
3081
3002
2471
1931
2048
2466
2419
2066
1724
1622
1631
1416
1254
1012
907
967
935
790
604
464
407
581
684
674
583
417
647
963
1146
713
702
1000
973
1066
1210
1288
1029
1107
1387
1332
1131
1088
1175
1270
1353
1030
807
818
679
802
610
334
3
-134
84
165
-52
-668
-618
-542
-1033
-776
-475
-1116
-1192
-613
-1215
-1403
-1086
-1568
-1604
-1170
-1443
-1666
-639
-808
-1743
-2042
-1706
-828
-43
-343
-1274
-789
213
651
416
44
407
1271
1728
1445
1277
1463
1704
2081
2166
2094
2003
1936
1878
2289
2888
2603
2026
1624
1795
2175
2152
1845
1519
1555
1683
1478
1210
1017
907
994
1116
881
647
577
540
803
915
644
502
606
774
1004
893
660
804
1029
953
1080
1085
1087
1284
1356
1131
938
1255
1335
1267
1191
1011
779
850
940
650
414
581
342
42
274
78
-645
-398
-31
-430
-533
-861
-996
-767
-658
-1114
-1160
-859
-1227
-1328
-1160
-1294
-1671
-1487
-1434
-1497
-1021
-1001
-1443
-1940
-2241
-1263
-107
-406
-1492
-1372
-331
404
164
-245
63
772
1500
1290
979
990
1344
2098
2202
1818
1656
1855
1995
2108
2518
2473
2051
1720
1811
2093
2079
1775
1495
1582
1746
1537
1177
874
809
1049
1114
767
405
241
347
476
500
425
242
158
282
455
534
399
234
541
719
573
562
721
763
655
798
782
744
986
667
500
745
801
774
575
291
241
396
364
221
-21
-292
-434
-362
-207
-384
-622
-884
-883
-689
-1003
-1025
-791
-1170
-1314
-872
-961
-1320
-1304
-1350
-1400
-1138
-1327
-1411
-878
-981
-1723
-2009
-1321
-760
-513
-890
-1396
-1060
-300
74
-366
-376
164
745
983
648
507
956
1469
1514
1442
1410
1519
1555
1666
1931
2121
2007
1624
1477
1682
1903
1793
1570
1409
1473
1460
1120
872
949
949
747
476
442
488
451
269
95
108
123
183
92
-70
-113
111
255
107
-66
-37
155
314
248
240
262
304
404
441
281
178
306
415
427
244
213
57
-65
73
-36
-209
-152
-335
-445
-362
-568
-734
-609
-809
-1045
-784
-618
-846
-1045
-1093
-1060
-888
-891
-1122
-1458
-1452
-1245
-1179
-1527
-1530
-1096
-1060
-1521
-2219
-2146
-1067
-509
-1274
-1654
-1205
-675
-407
-532
-629
-345
314
573
388
383
602
1030
1180
953
974
1190
1347
1284
1411
1621
1601
1358
1123
1234
1404
1381
1146
1060
1018
900
822
615
537
647
517
77
-60
238
397
303
-31
-169
-28
9
55
159
119
39
204
409
150
73
280
384
576
584
448
352
434
640
704
648
377
304
392
431
412
224
77
-48
74
118
-4
-251
-346
-339
-313
-310
-704
-760
-615
-658
-736
-755
-935
-964
-791
-875
-1005
-1191
-1103
-1208
-1314
-1481
-1537
-1647
-1747
-1334
-1280
-1823
-2439
-2468
-1678
-996
-1480
-2213
-2151
-1389
-956
-1064
-1196
-1080
-562
-17
-97
-249
-108
330
715
740
630
662
858
1005
1150
1370
1463
1220
984
1119
1433
1421
1316
1157
1112
1202
1076
769
723
917
811
500
233
238
436
428
134
-46
2
31
43
102
89
-64
-53
85
54
-30
70
133
99
155
150
52
34
-7
51
128
89
-115
-217
-68
105
-17
-187
-157
-348
-302
-92
-328
-679
-568
-517
-591
-533
-691
-1087
-993
-617
-764
-957
-1051
-1179
-1035
-807
-1167
-1350
-1234
-1299
-1523
-1556
-1771
-2019
-2129
-1762
-1487
-1856
-2707
-3207
-2558
-1679
-1532
-2275
-2693
-2462
-1657
-1181
-1458
-1563
-1297
-730
-331
-401
-500
-223
160
360
458
499
542
675
963
1344
1501
1302
939
919
1378
1652
1480
1135
1107
1284
1315
1187
1040
935
758
572
595
830
705
220
37
165
298
266
-29
-283
-155
47
43
-219
-429
-445
-263
-108
-279
-327
-309
-359
-346
-234
-225
-401
-487
-359
-189
-185
-338
-465
-407
-308
-283
-358
-541
-550
-355
-337
-269
-505
-604
-441
-463
-531
-527
-430
-559
-584
-570
-750
-1010
-840
-695
-1085
-1317
-1347
-1253
-1266
-1515
-2046
-2343
-1974
-1569
-1718
-2405
-3097
-2961
-1898
-1319
-2099
-2965
-2732
-1829
-1160
-1198
-1580
-1620
-1003
-241
13
-152
-232
213
721
988
972
964
1164
1390
1668
1910
1847
1582
1525
1826
2102
1929
1558
1383
1504
1715
1751
1422
1059
784
828
837
752
560
198
-56
-80
1
-36
-230
-462
-486
-404
-387
-514
-668
-667
-547
-537
-633
-691
-720
-552
-426
-436
-475
-417
-297
-224
-126
-64
20
56
109
188
147
174
283
238
196
213
212
205
300
271
159
9
16
112
-77
-284
-293
-333
-402
-453
-712
-804
-713
-771
-1098
-1420
-1560
-1569
-1539
-1727
-2196
-2360
-1938
-1708
-2212
-2840
-2853
-2164
-1602
-1896
-2383
-2373
-1740
-1107
-1049
-1209
-1174
-770
-157
197
187
123
372
716
1023
1141
1111
1174
1310
1603
1857
1842
1757
1633
1668
1858
1795
1547
1426
1467
1462
1318
1134
885
645
562
497
360
205
-59
-223
-265
-213
-289
-623
-786
-795
-718
-634
-744
-924
-864
-654
-617
-612
-536
-459
-309
-181
-185
-37
93
227
260
263
377
513
596
584
549
526
538
638
661
480
386
485
393
229
228
76
33
169
57
-216
-411
-434
-447
-511
-765
-1001
-983
-913
-972
-1296
-1537
-1496
-1382
-1633
-1895
-2149
-2099
-1961
-2135
-2105
-2114
-2300
-2538
-2501
-2083
-1660
-1754
-2068
-1925
-1454
-993
-875
-957
-852
-433
32
218
270
325
661
941
1008
985
1094
1360
1474
1540
1630
1649
1711
1651
1640
1655
1601
1486
1318
1274
1317
1216
760
510
538
550
476
150
-123
-169
-158
-152
-228
-364
-505
-532
-474
-435
-404
-426
-439
-357
-282
-181
-141
-94
-1
177
277
245
262
439
615
603
572
581
692
805
887
840
748
652
703
766
761
614
467
385
259
257
258
159
-127
-267
-281
-237
-354
-562
-707
-886
-869
-768
-864
-1064
-1188
-1152
-1144
-1170
-1297
-1484
-1602
-1534
-1467
-1593
-1777
-1968
-1791
-1427
-1476
-1900
-2223
-2104
-1458
-1154
-1403
-1778
-1781
-1218
-695
-681
-859
-759
-400
48
326
340
325
550
837
1083
1194
1221
1275
1423
1633
1728
1684
1564
1474
1514
1695
1633
1352
1210
1242
1338
1265
1039
806
588
541
597
629
391
54
-116
-8
65
-107
-300
-458
-462
-380
-244
-303
-524
-526
-226
-42
-85
-91
-32
75
148
243
307
273
253
278
370
513
593
595
534
522
613
682
648
578
555
566
490
379
317
269
157
64
18
-57
-162
-330
-371
-364
-420
-489
-661
-735
-691
-598
-662
-944
-1094
-1055
-901
-960
-1137
-1394
-1403
-1229
-1295
-1375
-1573
-1664
-1594
-1381
-1200
-1408
-1748
-1821
-1506
-1052
-1017
-1362
-1515
-1134
-617
-471
-557
-623
-458
-68
242
312
298
354
613
880
1039
1014
1027
1159
1250
1325
1331
1287
1203
1220
1280
1251
1123
928
934
1022
941
666
486
470
308
232
278
232
57
-114
-174
-70
-80
-162
-282
-330
-237
-124
-46
-80
-154
-123
88
215
222
214
274
395
414
426
497
591
584
614
610
592
652
712
750
636
575
541
470
452
430
345
312
206
65
36
-19
-115
-221
-229
-282
-375
-419
-449
-488
-555
-626
-706
-706
-723
-837
-909
-897
-842
-933
-1022
-1009
-972
-996
-995
-1035
-1158
-1119
-1028
-1065
-1211
-1291
-1295
-1193
-950
-1055
-1330
-1478
-1382
-945
-768
-1071
-1290
-1060
-586
-324
-396
-557
-419
-49
348
420
315
299
542
853
897
778
797
941
1100
1168
1166
1181
1156
1101
1104
1148
1077
871
761
809
752
564
356
335
357
301
91
-23
14
98
7
-202
-235
-181
-48
63
-70
-187
-78
21
86
49
-1
55
210
269
224
332
401
477
553
572
514
470
588
743
687
555
484
490
473
479
413
281
225
101
117
67
-3
-82
-127
-194
-318
-406
-446
-582
-633
-592
-603
-730
-888
-900
-811
-799
-866
-939
-1067
-1051
-960
-950
-1051
-1031
-989
-978
-932
-1013
-1023
-969
-924
-978
-980
-919
-943
-996
-1007
-1007
-1031
-857
-704
-701
-925
-1038
-788
-394
-324
-582
-706
-509
-195
-105
-225
-282
-146
45
227
241
138
131
294
447
400
332
407
506
511
480
419
451
427
293
273
312
266
145
145
205
225
170
89
36
92
214
220
27
-131
-16
181
176
50
-63
-88
-45
71
70
-31
-143
-202
-156
-63
-19
-54
-80
-22
-77
-24
57
0
-31
17
57
-32
-37
-3
-73
-130
-195
-282
-298
-296
-410
-512
-615
-661
-596
-674
-768
-863
-890
-923
-950
-949
-1034
-1054
-1060
-1035
-1175
-1243
-1110
-993
-1000
-1096
-1102
-1032
-902
-838
-854
-800
-772
-764
-681
-593
-641
-637
-484
-431
-478
-566
-550
-509
-483
-586
-671
-716
-815
-787
-809
-901
-893
-961
-1104
-1175
-1116
-982
-927
-1114
-1323
-1208
-962
-798
-840
-915
-885
-716
-471
-394
-438
-382
-206
-17
141
176
239
360
509
517
532
644
693
690
694
715
631
642
668
646
572
505
429
387
373
285
221
100
56
-14
-141
-221
-295
-341
-396
-437
-567
-681
-672
-694
-749
-752
-809
-862
-821
-881
-883
-845
-820
-834
-808
-806
-794
-739
-710
-686
-646
-624
-592
-550
-573
-526
-440
-438
-468
-438
-291
-273
-281
-381
-390
-234
-159
-183
-251
-315
-333
-259
-194
-252
-251
-278
-299
-224
-247
-310
-374
-352
-394
-418
-373
-367
-400
-424
-429
-460
-498
-499
-467
-444
-544
-615
-681
-637
-650
-686
-732
-748
-783
-798
-726
-742
-795
-770
-607
-595
-599
-506
-395
-282
-219
-218
-119
43
204
286
394
499
490
651
792
842
831
825
861
915
974
942
901
878
837
792
763
728
627
579
563
489
351
260
188
74
-51
-127
-164
-265
-324
-433
-509
-606
-609
-531
-600
-644
-695
-633
-551
-478
-446
-430
-421
-362
-253
-174
-141
-118
-108
-62
-10
26
62
142
151
152
198
216
284
298
260
205
190
190
145
108
40
-5
51
44
-13
-43
-40
-76
-114
-139
-107
-46
-60
-118
-114
-35
-73
-153
-230
-128
-15
-53
-153
-176
-109
39
121
-20
-107
-135
-26
35
60
-65
-85
30
64
13
-9
-28
-43
20
31
-32
-64
-71
-14
50
21
-14
-3
82
183
164
118
99
151
159
155
145
165
193
91
84
85
88
63
58
49
14
45
60
117
111
103
135
192
138
140
161
135
182
143
148
206
247
241
266
279
276
343
392
396
388
378
428
451
494
505
484
496
494
474
421
414
435
414
451
437
350
387
319
302
307
308
336
295
254
226
291
282
222
94
104
296
340
240
118
138
261
314
275
155
155
261
304
342
390
423
388
465
626
583
563
668
719
638
596
592
613
687
689
663
658
672
663
628
620
498
391
398
466
350
245
225
224
264
159
95
18
-5
48
31
-59
-97
-134
-144
-149
-178
-219
-231
-205
-160
-218
-248
-190
-203
-103
-66
-130
-87
7
84
92
170
236
281
342
438
455
387
452
522
548
574
663
678
664
685
659
707
772
733
709
756
715
658
619
560
571
530
511
424
434
457
403
340
314
321
362
349
241
250
261
311
307
282
229
204
236
227
174
74
123
246
347
302
292
334
396
443
456
518
526
571
611
622
574
573
644
605
626
670
640
616
623
726
750
663
619
691
800
768
662
619
605
536
538
471
376
321
323
329
298
181
208
271
250
102
9
97
140
46
-16
-65
-60
8
-1
-32
-102
-72
-12
-33
-141
-187
-172
-16
18
18
95
205
303
304
292
339
441
559
555
482
556
608
650
625
600
572
573
647
629
575
669
690
645
595
555
551
527
479
433
376
371
388
386
249
163
260
286
179
69
151
216
240
206
183
219
294
381
368
365
408
422
497
564
560
476
519
599
686
671
651
689
706
801
770
722
725
759
766
750
732
572
569
638
588
452
392
431
376
389
292
317
298
306
326
230
173
159
224
187
123
118
75
80
86
36
27
39
9
15
115
183
160
116
180
164
147
196
212
188
226
294
299
301
291
338
392
499
409
375
528
645
717
672
607
677
774
825
794
698
712
710
831
799
669
628
703
766
684
654
630
653
669
671
637
615
574
620
614
505
510
481
486
515
472
403
389
445
403
357
437
455
472
462
481
548
578
622
633
641
621
688
649
713
717
675
693
686
773
808
804
759
761
815
796
753
687
675
703
708
695
560
554
571
587
494
315
356
420
370
182
168
176
220
173
108
87
105
208
202
183
168
244
247
223
201
200
344
390
377
334
421
617
657
633
588
659
737
773
726
623
695
790
792
656
613
665
698
683
604
532
587
655
524
477
427
451
467
409
347
295
339
357
269
195
199
236
220
225
176
162
209
181
159
122
222
269
238
204
250
336
360
392
356
377
419
425
429
432
476
445
461
506
487
543
468
474
490
490
431
382
388
381
406
373
387
376
335
293
278
218
142
147
195
171
180
142
40
99
178
98
-20
-40
4
21
-6
-97
-122
-85
36
42
42
92
93
132
240
259
219
255
317
358
416
459
415
454
526
575
610
552
564
669
644
650
596
512
575
650
612
565
604
601
615
583
569
451
429
463
425
362
340
310
283
263
195
176
136
104
24
29
83
50
45
44
66
84
17
18
79
97
156
143
176
282
341
384
383
449
453
463
520
565
614
640
628
598
651
640
661
623
587
604
603
613
536
490
426
453
438
357
296
337
291
300
230
148
142
132
136
133
112
91
98
77
73
107
82
61
120
71
91
115
137
148
176
196
222
236
237
242
291
294
256
315
348
368
394
403
447
478
495
528
601
575
626
666
692
741
692
709
672
707
738
716
716
718
715
746
729
646
651
607
557
531
474
444
474
472
383
330
321
308
272
195
117
105
128
126
99
78
82
106
77
51
40
43
86
114
74
92
159
173
219
289
326
335
376
407
455
453
463
526
567
548
533
610
624
558
561
565
551
529
388
365
421
438
361
358
350
342
336
365
303
243
221
157
173
130
79
72
31
27
15
15
51
46
42
69
101
116
149
196
181
197
210
235
246
245
273
301
347
376
404
465
412
430
469
454
472
417
438
500
507
553
564
546
526
484
420
423
413
358
333
390
358
324
354
323
312
310
223
164
237
252
248
169
132
113
98
119
40
-10
39
84
132
97
76
109
154
97
67
75
46
81
103
30
11
21
26
18
8
-13
12
21
16
45
36
83
100
141
119
129
156
119
101
117
170
135
162
176
127
124
120
137
156
150
130
169
189
192
154
139
151
95
44
14
7
26
24
-16
16
-17
-57
-51
-48
-45
-42
-19
-69
5
-17
-37
-9
42
63
38
43
74
94
52
63
94
150
192
251
206
183
159
126
186
222
201
150
158
151
86
86
68
60
74
74
68
15
55
73
73
55
-15
29
21
4
-47
-34
-46
-70
-52
-74
-115
-155
-107
-99
-80
-128
-91
-72
-86
-54
-51
-45
-33
-35
-64
-56
-55
-68
-40
-49
-46
-39
-10
-23
-49
45
23
44
-1
14
26
63
105
15
-2
6
7
11
-13
-49
-79
-58
-82
-168
-125
-141
-171
-185
-230
-251
-243
-250
-240
-272
-270
-317
-303
-225
-199
-204
-203
-178
-200
-192
-153
-53
-14
-67
-48
17
44
34
40
14
11
-15
56
52
21
35
-16
25
23
-8
-33
-5
-3
-43
-70
-149
-170
-162
-170
-258
-242
-246
-278
-291
-360
-349
-338
-318
-288
-337
-385
-380
-369
-376
-354
-361
-323
-292
-293
-242
-269
-287
-265
-265
-272
-294
-248
-264
-238
-149
-130
-119
-113
-94
-100
-121
-148
-137
-151
-184
-177
-158
-173
-187
-154
-75
-83
-124
-172
-126
-114
-200
-245
-243
-180
-168
-152
-210
-266
-227
-211
-230
-248
-268
-274
-269
-334
-312
-320
-354
-309
-326
-285
-316
-330
-338
-324
-301
-275
-302
-318
-306
-306
-302
-315
-291
-290
-256
-202
-191
-173
-182
-121
-79
-74
-96
-40
23
-21
-6
22
35
36
36
-6
-16
-14
-16
45
10
-39
-28
-69
-58
-61
-100
-94
-134
-154
-169
-146
-175
-186
-161
-113
-87
-176
-165
-231
-248
-265
-270
-246
-231
-174
-175
-227
-229
-231
-205
-176
-194
-201
-160
-106
-104
-154
-149
-116
-98
-61
-128
-140
-147
-113
-38
-69
-88
-49
-46
-10
7
-21
-22
16
94
68
83
41
44
33
17
12
-104
-145
-142
-144
-143
-134
-156
-137
-151
-112
-153
-196
-207
-196
-166
-141
-159
-157
-131
-192
-165
-169
-157
-167
-160
-120
-121
-96
-97
-124
-76
-66
-43
-18
-21
23
40
46
83
74
39
107
113
59
4
34
68
35
14
-6
-47
-11
-15
-44
-44
-97
-63
-88
-90
-96
-114
-133
-83
-107
-94
-62
-112
-107
-106
-114
-98
-81
-80
-52
-101
-45
-77
-66
-9
9
17
-2
43
55
83
77
89
98
117
82
21
56
50
67
68
46
-5
10
5
-4
17
-10
2
10
3
13
-38
-88
-85
-94
-124
-117
-141
-185
-152
-144
-146
-139
-158
-171
-133
-178
-165
-163
-173
-210
-176
-164
-223
-214
-251
-232
-254
-258
-263
-292
-250
-249
-249
-215
-211
-227
-257
-237
-202
-209
-185
-133
-112
-159
-112
-130
-137
-121
-176
-179
-195
-179
-100
-88
-94
-57
-105
-142
-98
-128
-120
-159
-182
-186
-215
-172
-215
-235
-242
-241
-248
-290
-270
-260
-229
-245
-289
-294
-305
-303
-268
-248
-256
-229
-234
-232
-327
-317
-229
-178
-162
-160
-130
-133
-82
-63
-63
-76
-62
-99
-101
-115
-147
-114
-162
-121
-90
-95
-116
-125
-73
-58
-108
-88
-97
-157
-214
-189
-174
-262
-258
-280
-305
-300
-322
-321
-348
-360
-377
-311
-354
-384
-375
-345
-383
-427
-433
-426
-439
-492
-433
-491
-517
-556
-545
-488
-455
-438
-421
-412
-383
-308
-319
-310
-324
-294
-296
-281
-259
-252
-283
-213
-192
-204
-197
-219
-182
-221
-209
-174
-174
-159
-160
-139
-99
-123
-127
-167
-225
-250
-232
-236
-251
-243
-214
-179
-184
-237
-256
-275
-329
-321
-336
-342
-356
-329
-344
-323
-318
-290
-269
-288
-234
-259
-254
-237
-273
-274
-281
-289
-296
-277
-267
-258
-221
-228
-228
-219
-232
-205
-191
-243
-233
-216
-271
-265
-276
-313
-316
-319
-342
-376
-372
-396
-393
-379
-388
-440
-409
-356
-361
-354
-365
-364
-342
-347
-294
-299
-366
-343
-317
-248
-270
-257
-193
-223
-204
-177
-204
-243
-261
-279
-274
-247
-257
-160
-154
-176
-165
-178
-140
-164
-129
-158
-198
-181
-203
-208
-191
-220
-197
-245
-259
-268
-271
-267
-346
-295
-323
-385
-373
-357
-358
-380
-371
-383
-395
-385
-356
-354
-312
-324
-321
-321
-326
-302
-320
-319
-259
-221
-182
-167
-175
-160
-126
-96
-89
-122
-122
-111
-91
-88
-79
-58
-79
-52
-94
-112
-84
-90
-84
-92
-116
-120
-97
-143
-178
-164
-130
-135
-129
-124
-188
-176
-132
-114
-109
-111
-105
-124
-135
-159
-165
-185
-232
-218
-136
-141
-152
-145
-197
-209
-207
-174
-158
-174
-184
-189
-166
-72
-39
-47
-50
-71
-53
-68
-72
-83
-86
-99
-83
-79
-96
-69
-51
-52
-40
-16
-16
-51
-43
-64
-95
-102
-98
-82
-165
-118
-94
-188
-231
-230
-273
-316
-358
-424
-398
-418
-400
-392
-365
-327
-310
-295
-325
-267
-260
-239
-252
-241
-222
-213
-207
-221
-223
-174
-143
-107
-136
-92
-116
-57
-7
-18
12
55
66
54
74
77
80
79
90
74
140
134
104
121
107
26
28
-2
-13
-5
-13
12
-10
-41
-22
-20
-38
-35
-51
-55
-69
-94
-136
-144
-146
-137
-153
-168
-109
-125
-107
-140
-140
-81
-97
-74
-71
-53
-67
-86
-51
-52
-48
21
47
55
77
68
32
26
81
56
66
77
75
90
105
121
113
146
94
96
71
47
50
75
100
72
44
7
-21
-50
-26
-49
-46
-71
-61
-71
-79
-80
-90
-63
-117
-110
-105
-86
-49
-51
-16
15
79
86
93
119
138
109
119
96
117
121
134
156
131
189
205
231
208
226
210
201
182
135
162
127
137
66
88
115
99
75
59
14
-4
23
-11
-19
-53
-34
-48
-40
-10
-18
-20
-31
-22
21
14
-1
-4
21
-6
7
-6
52
85
109
139
119
159
122
146
147
164
161
131
131
127
143
176
218
236
225
241
275
257
242
235
250
224
171
128
123
153
97
47
128
82
68
75
81
76
61
75
50
107
64
88
67
47
47
52
29
35
87
100
104
108
85
74
76
66
53
88
133
133
181
172
192
184
204
265
271
282
284
293
308
297
289
305
273
260
260
303
292
241
236
245
219
202
181
208
151
128
141
111
97
65
28
68
102
91
114
88
108
120
127
87
74
72
42
34
54
76
85
96
104
155
119
121
66
61
100
83
82
75
94
110
125
93
180
172
193
215
193
171
178
204
189
210
206
232
233
271
260
263
215
191
185
210
228
124
119
144
169
205
218
212
225
196
218
178
149
198
183
202
196
239
220
197
252
249
244
250
249
173
134
121
113
114
100
70
84
69
21
32
51
3
-19
-6
-7
-26
-26
-5
44
48
46
43
41
17
82
82
80
99
92
107
194
164
175
198
201
226
227
261
241
197
171
190
188
210
210
186
184
135
122
99
104
83
83
126
88
93
108
88
84
37
71
76
65
70
55
147
124
126
148
185
166
203
235
228
246
221
215
269
252
254
279
273
265
280
295
205
197
191
175
218
230
191
172
192
171
148
138
148
129
122
103
78
149
137
143
158
146
128
132
131
117
144
130
159
153
107
111
117
66
96
107
81
106
81
133
146
119
85
99
114
72
95
104
90
89
73
108
122
100
158
96
100
102
60
100
113
175
138
152
228
228
227
227
249
232
236
221
172
190
173
186
149
128
102
75
82
40
18
-16
-17
3
9
57
72
55
91
127
155
134
79
122
139
111
137
157
181
177
171
166
132
152
200
192
175
174
192
215
222
212
200
200
180
189
176
198
193
182
165
157
207
197
195
167
188
173
162
126
128
105
101
41
61
66
43
60
73
60
61
96
94
161
150
140
146
182
110
145
182
187
211
206
242
212
217
218
256
253
224
236
238
268
240
277
257
245
231
202
227
222
213
225
275
203
224
210
216
181
123
140
93
139
138
118
139
141
156
129
138
142
166
148
121
150
143
154
122
143
154
146
142
150
194
208
234
221
215
241
248
286
242
248
249
249
254
205
179
154
155
138
113
86
96
62
39
22
25
39
42
53
92
113
143
180
180
200
201
186
189
224
210
217
223
203
196
171
154
156
146
165
204
204
227
209
194
222
210
213
206
183
194
206
225
268
217
206
169
145
120
115
114
91
109
62
56
57
40
32
72
125
125
100
92
113
125
120
162
140
137
137
134
157
142
142
164
191
219
198
214
241
207
212
221
269
271
274
247
262
310
263
247
188
166
176
119
139
106
121
174
171
131
130
161
130
176
159
178
156
191
220
182
204
177
190
186
180
168
136
189
192
204
191
169
175
163
115
127
149
139
156
165
192
197
241
234
243
189
242
237
242
296
304
333
365
438
421
397
384
403
405
401
365
395
371
357
402
380
368
329
351
331
286
279
263
279
218
247
250
238
246
255
281
253
260
235
282
266
243
215
189
226
191
191
186
161
172
172
190
150
154
214
207
223
226
224
233
265
275
262
242
234
270
244
248
269
230
225
199
195
223
221
226
265
278
281
300
337
318
277
272
329
299
296
318
282
254
252
287
259
284
258
235
177
154
220
237
203
182
199
165
183
153
140
224
237
255
208
201
174
214
270
203
199
200
211
199
251
290
303
272
238
242
266
293
290
315
293
304
285
260
291
268
260
228
271
226
196
209
223
209
221
193
148
219
207
168
154
154
108
152
158
196
175
159
150
116
127
84
117
111
73
110
154
112
118
88
80
94
128
92
74
61
63
89
96
119
108
113
107
107
76
137
103
98
55
60
76
31
53
32
3
43
50
-29
-40
-36
31
16
6
15
8
41
16
33
2
10
15
44
27
30
28
54
76
85
171
169
140
84
100
118
118
129
91
100
95
107
124
157
99
119
106
29
21
-31
0
-4
-38
-63
-80
-84
-97
-85
-108
-130
-121
-103
-134
-187
-177
-162
-138
-125
-104
-112
-83
-95
-55
-24
-23
-19
-22
-41
-25
13
-33
-26
-23
-78
-33
-56
-33
-19
-48
-24
-79
-32
-57
-89
-60
-109
-42
-56
-71
-40
-74
-73
-102
-103
-71
-97
-96
-76
-73
-52
-66
-85
-76
-82
-50
-117
-100
-110
-167
-191
-171
-142
-214
-205
-265
-239
-248
-242
-220
-225
-207
-271
-254
-214
-219
-182
-171
-147
-144
-157
-172
-158
-128
-69
-27
-9
2
0
22
21
22
9
-1
-14
-25
-27
-31
-75
-80
-64
-109
-125
-132
-167
-137
-157
-171
-212
-208
-227
-250
-237
-259
-350
-320
-309
-303
-273
-247
-251
-251
-246
-227
-171
-234
-206
-209
-174
-184
-156
-164
-196
-202
-223
-161
-182
-195
-149
-183
-169
-167
-153
-147
-164
-174
-216
-199
-188
-171
-153
-181
-200
-184
-176
-189
-183
-187
-184
-231
-244
-241
-249
-262
-311
-299
-273
-271
-253
-289
-253
-200
-219
-139
-97
-119
-87
-99
-157
-104
-118
-101
-139
-129
-109
-176
-160
-168
-147
-127
-116
-120
-115
-151
-133
-128
-90
-75
-115
-129
-127
-138
-126
-149
-159
-173
-199
-205
-219
-178
-141
-159
-139
-163
-203
-206
-204
-206
-213
-188
-153
-172
-200
-209
-236
-269
-251
-236
-223
-237
-216
-236
-254
-254
-280
-253
-228
-192
-210
-179
-141
-167
-159
-182
-226
-247
-323
-267
-219
-190
-169
-186
-191
-192
-177
-153
-170
-201
-208
-211
-253
-248
-231
-212
-255
-209
-173
-178
-167
-224
-202
-228
-249
-208
-187
-184
-210
-197
-218
-196
-184
-217
-258
-242
-246
-225
-271
-282
-255
-267
-260
-238
-173
-219
-201
-214
-221
-182
-199
-195
-164
-144
-152
-169
-165
-155
-112
-125
-107
-114
-63
-19
-92
-137
-165
-172
-152
-135
-148
-169
-168
-201
-219
-226
-285
-315
-312
-323
-343
-368
-370
-368
-390
-373
-388
-376
-365
-370
-414
-390
-362
-418
-420
-410
-424
-385
-339
-385
-359
-342
-303
-285
-318
-307
-295
-310
-270
-234
-229
-224
-214
-234
-236
-240
-210
-203
-256
-245
-247
-297
-311
-324
-315
-322
-322
-370
-375
-370
-414
-386
-361
-397
-410
-384
-394
-369
-342
-357
-387
-415
-417
-388
-390
-426
-423
-397
-406
-362
-356
-362
-357
-338
-354
-362
-337
-367
-339
-348
-351
-338
-315
-302
-320
-279
-323
-385
-359
-368
-406
-401
-446
-430
-414
-418
-399
-416
-364
-380
-389
-396
-444
-444
-479
-476
-414
-451
-470
-439
-445
-433
-436
-474
-443
-410
-423
-397
-380
-348
-341
-381
-387
-428
-410
-427
-463
-416
-388
-418
-402
-381
-405
-385
-369
-383
-406
-397
-402
-387
-440
-444
-412
-428
-443
-422
-434
-412
-395
-487
-482
-445
-433
-498
-465
-503
-525
-482
-523
-497
-499
-504
-520
-501
-489
-492
-489
-529
-502
-472
-478
-502
-489
-437
-457
-432
-467
-464
-469
-458
-440
-413
-399
-443
-437
-364
-376
-421
-385
-373
-354
-350
-314
-310
-313
-335
-330
-313
-295
-333
-312
-305
-341
-364
-373
-353
-334
-334
-373
-413
-390
-368
-344
-357
-404
-407
-409
-428
-430
-426
-412
-436
-444
-442
-452
-476
-479
-437
-439
-434
-430
-456
-420
-463
-469
-422
-408
-463
-442
-415
-403
-360
-371
-334
-333
-351
-369
-359
-387
-345
-351
-378
-373
-407
-394
-350
-371
-409
-438
-457
-408
-385
-412
-356
-357
-414
-399
-394
-369
-341
-373
-362
-292
-288
-282
-333
-310
-320
-348
-316
-329
-304
-282
-269
-245
-286
-304
-335
-328
-361
-361
-293
-362
-336
-328
-320
-342
-338
-325
-337
-321
-304
-253
-238
-210
-173
-189
-195
-167
-144
-173
-130
-188
-257
-245
-264
-266
-288
-254
-210
-230
-231
-210
-151
-151
-185
-170
-191
-126
-158
-131
-134
-145
-173
-222
-210
-268
-257
-275
-272
-241
-273
-259
-249
-226
-187
-247
-219
-249
-286
-275
-305
-336
-312
-346
-333
-332
-349
-312
-297
-298
-289
-265
-206
-179
-134
-114
-94
-99
-148
-134
-101
-110
-139
-157
-182
-146
-136
-94
-82
-85
-83
-93
-119
-117
-105
-87
-102
-94
-134
-116
-120
-145
-168
-126
-99
-135
-91
-92
-123
-123
-91
-90
-96
-134
-90
-56
-43
-86
-116
-103
-57
-79
-76
-47
-14
20
16
31
12
-16
-8
5
-38
-32
-58
-54
-44
-41
-41
-42
-51
-34
-72
-58
-120
-116
-65
-134
-152
-128
-91
-90
-123
-83
-105
-140
-112
-111
-115
-129
-100
-139
-172
-159
-138
-139
-110
-97
-91
-76
-32
-18
7
-11
-11
14
3
-46
-14
-1
-66
-43
25
14
-29
-70
-101
-105
-89
-69
-51
-42
-85
-30
-50
-94
-82
-89
-51
-76
-99
-94
-134
-122
-84
-107
-121
-119
-91
-94
-65
-52
-40
-9
-8
-41
-12
13
26
21
14
-24
-38
-10
-27
-56
-52
-36
-2
19
4
44
41
28
-31
-45
-61
-149
-136
-115
-138
-158
-170
-183
-125
-146
-122
-47
-67
-68
-97
-105
-64
-80
-122
-102
-134
-162
-178
-243
-229
-212
-224
-206
-224
-184
-200
-198
-197
-176
-152
-169
-150
-149
-179
-194
-168
-170
-174
-187
-188
-206
-231
-222
-189
-217
-212
-172
-130
-152
-132
-133
-202
-188
-114
-131
-101
-97
-117
-118
-104
-70
-96
-107
-122
-114
-94
-71
-35
-68
-77
-89
-110
-80
-52
-64
-65
-58
-44
-36
-67
-12
-8
-24
-54
-54
-67
-72
7
9
37
47
-3
3
24
-30
10
15
-25
-30
-32
-29
-35
-79
-99
-58
-39
-36
-44
-54
-15
-24
-32
-5
-15
-35
-30
-51
-31
-19
-17
27
-39
-73
-84
-83
-54
-121
-143
-114
-168
-183
-171
-175
-162
-157
-159
-148
-162
-157
-202
-183
-152
-236
-237
-209
-241
-235
-217
-196
-156
-185
-109
-91
-88
-28
-37
-5
2
-42
-33
-24
-32
-63
-73
-55
-31
-15
-66
-66
-58
-38
-18
-35
-24
-33
-55
-82
-65
-54
-100
-145
-115
-114
-64
-82
-92
-67
-81
-45
-64
-74
-45
-5
-7
-10
-15
-17
0
-23
-47
-49
-37
-67
-81
-25
-25
-46
-121
-67
-81
-104
-135
-151
-110
-141
-92
-84
-104
-146
-136
-139
-134
-149
-116
-121
-134
-143
-146
-133
-124
-139
-108
-117
-120
-60
-106
-125
-94
-65
-62
-77
-124
-125
-192
-191
-193
-187
-184
-217
-190
-230
-232
-236
-244
-253
-267
-263
-290
-322
-283
-251
-282
-281
-273
-270
-234
-264
-217
-178
-232
-214
-195
-159
-169
-153
-151
-123
-109
-130
-119
-121
-107
-102
-125
-88
-78
-95
-116
-107
-53
-53
-37
-47
-72
-32
-77
-103
-71
-89
-88
-124
-149
-135
-108
-100
-87
-92
-117
-59
-56
-108
-121
-157
-111
-74
-124
-138
-112
-157
-129
-167
-191
-187
-152
-107
-108
-76
-119
-112
-162
-156
-111
-109
-81
-78
-61
-37
-54
-76
-71
-141
-168
-172
-183
-149
-133
-152
-129
-104
-89
-100
-108
-155
-139
-135
-134
-139
-167
-122
-118
-107
-119
-106
-118
-108
-148
-171
-106
-99
-74
-80
-77
-96
-154
-127
-163
-191
-187
-178
-229
-253
-269
-275
-262
-203
-232
-296
-251
-277
-233
-256
-297
-269
-284
-279
-266
-269
-231
-202
-244
-190
-181
-199
-188
-179
-207
-203
-245
-251
-224
-204
-199
-179
-132
-165
-125
-101
-77
-85
-40
-63
-72
-25
-31
-50
-79
-92
-65
-61
-80
-69
-33
5
-37
-20
-42
-26
-51
-70
-53
-93
-71
-45
-41
-87
-109
-94
-91
-130
-131
-168
-189
-143
-226
-213
-236
-249
-246
-221
-236
-279
-219
-227
-261
-233
-235
-237
-235
-209
-202
-192
-160
-125
-143
-125
-104
-117
-154
-162
-107
-95
-103
-128
-119
-97
-119
-102
-51
-81
-64
-61
-99
-121
-137
-184
-195
-179
-224
-246
-180
-203
-193
-169
-153
-142
-119
-99
-100
-91
-45
-56
-97
-41
-70
-37
-41
-54
-51
-39
-109
-102
-27
-43
-59
-57
-29
-30
-28
-45
-15
-49
-40
-64
-71
-68
-72
-37
-120
-147
-122
-145
-164
-126
-124
-86
-87
-60
-14
-28
-47
-51
-65
-48
-92
-155
-160
-167
-167
-190
-218
-228
-253
-282
-299
-271
-241
-241
-226
-260
-308
-336
-319
-323
-330
-351
-347
-285
-261
-245
-232
-209
-261
-252
-230
-201
-170
-167
-177
-223
-226
-206
-231
-227
-180
-254
-267
-223
-188
-212
-220
-210
-179
-192
-172
-160
-147
-105
-178
-178
-158
-169
-111
-141
-175
-181
-210
-164
-172
-142
-105
-139
-135
-91
-70
-29
-21
-47
-75
-75
-85
-116
-124
-128
-158
-182
-218
-201
-152
-164
-134
-100
-79
-60
-27
-28
-35
-69
-58
-55
-67
-37
-38
-35
-67
-93
-72
-88
-71
-48
-41
-60
-23
-1
2
-18
-9
31
-11
-27
-31
-75
-76
-100
-103
-105
-127
-137
-140
-107
-96
-122
-113
-80
-42
-46
-65
-72
-26
-20
-19
-17
-40
5
-21
-4
14
7
-3
-12
-6
-52
-3
6
29
0
-1
57
38
50
100
79
74
86
71
120
64
116
94
70
92
91
138
71
54
116
103
132
143
132
74
67
18
-9
-8
-28
15
-18
-33
17
-6
-25
-58
-65
-64
-34
-39
-34
-4
9
-60
-100
-86
-96
-94
-99
-80
-103
-118
-89
-94
-62
-56
-60
-28
-113
-56
-27
-85
-80
-93
-88
-76
-98
-122
-146
-115
-63
-75
-62
-62
-74
-28
-45
-62
-48
-73
-47
-43
-54
-95
-32
-57
-98
-77
-106
-91
-122
-53
-77
-74
-12
-36
-34
1
-41
-55
-28
-23
-30
-23
-47
-59
-49
-40
-3
-11
28
26
28
54
23
23
45
45
31
2
22
-8
-13
-37
-44
-34
-49
-77
-62
-81
-95
-73
-11
-40
-11
-45
-63
-14
-38
-41
-36
-24
-10
-8
-31
-29
-36
-76
-53
-3
17
-18
-51
-25
-20
-20
52
48
105
101
63
47
-4
17
-10
3
30
13
53
47
17
62
1
48
12
17
51
53
21
10
24
38
25
27
54
41
71
118
113
101
116
98
167
170
155
169
175
219
242
193
248
215
220
229
183
193
136
157
134
183
160
138
148
110
118
71
81
50
58
90
82
46
28
58
48
60
78
56
77
57
60
103
98
97
134
125
111
114
79
95
84
113
129
151
209
209
234
228
250
244
235
253
215
255
330
297
328
270
212
215
189
203
189
167
156
171
188
212
203
220
213
243
200
221
194
168
197
161
168
143
143
185
173
134
162
150
143
187
241
230
197
245
205
218
222
212
197
200
179
128
140
104
103
76
62
139
120
106
163
138
103
168
189
161
174
194
202
205
158
169
151
68
89
77
72
36
21
34
47
48
66
48
36
41
24
52
86
106
150
177
195
193
171
169
151
166
134
145
165
129
190
187
180
170
153
189
192
197
195
188
161
191
220
162
160
158
165
116
127
181
158
155
128
124
154
149
160
145
101
84
28
61
61
69
98
51
42
41
40
58
61
18
39
46
38
33
7
19
15
-3
21
43
16
31
-1
5
0
-11
-2
-13
-17
-40
-27
-75
-29
-28
-5
-39
-91
-73
-85
-84
-87
-100
-126
-92
-79
-92
-82
-98
-107
-73
-74
-72
-26
-38
-43
-47
-14
42
-38
-16
-27
-41
-64
-8
31
44
63
66
53
57
65
30
95
83
21
20
10
-13
49
24
63
69
64
84
93
97
105
101
86
47
22
41
19
3
16
-11
-88
-23
23
23
-13
-8
23
-38
-3
-17
-60
-105
-63
-30
-57
-24
-34
-7
-45
-42
-77
-93
-102
-104
-82
-113
-60
-57
-75
-75
10
53
30
74
56
36
11
-12
-41
-44
-67
-7
10
-35
-9
-52
-20
-17
29
26
44
93
51
19
62
58
19
42
24
24
-6
-43
-55
-70
-57
-36
-76
-37
1
-41
-69
-38
-11
-28
-101
-89
-89
-136
-85
-97
-121
-126
-127
-160
-131
-141
-146
-135
-99
-119
-188
-158
-147
-127
-132
-128
-126
-119
-100
-74
-38
-57
-29
-39
-90
-63
-36
-37
-79
-69
-40
-50
-38
-5
-17
-32
-30
-40
-33
-72
-61
-66
-93
-67
-93
-127
-131
-116
-161
-169
-254
-300
-295
-288
-244
-222
-228
-236
-237
-251
-218
-255
-255
-264
-287
-274
-306
-253
-220
-261
-260
-291
-368
-370
-338
-277
-259
-239
-230
-214
-195
-212
-234
-182
-203
-220
-195
-222
-201
-190
-187
-169
-185
-215
-150
-137
-188
-172
-127
-158
-169
-147
-160
-163
-172
-172
-177
-215
-211
-176
-206
-220
-204
-212
-152
-180
-205
-181
-209
-174
-167
-183
-177
-186
-205
-213
-220
-200
-213
-183
-179
-185
-170
-206
-195
-172
-136
-167
-201
-263
-275
-263
-247
-245
-229
-196
-232
-189
-167
-192
-222
-226
-225
-223
-216
-203
-224
-259
-290
-313
-310
-294
-300
-294
-295
-314
-291
-275
-254
-243
-237
-220
-228
-233
-227
-227
-234
-205
-217
-196
-152
-211
-196
-234
-254
-196
-225
-219
-173
-159
-167
-179
-167
-157
-176
-220
-202
-233
-197
-194
-225
-155
-220
-169
-199
-208
-159
-185
-182
-186
-162
-175
-191
-141
-153
-102
-123
-72
-55
-75
-74
-66
-79
-94
-58
-76
-79
-103
-117
-89
-113
-70
-69
-60
-76
-135
-125
-120
-72
-124
-165
-145
-144
-158
-154
-163
-151
-153
-221
-189
-233
-219
-176
-140
-171
-176
-161
-210
-184
-138
-100
-145
-119
-98
-94
-110
-106
-131
-93
-94
-106
-86
-131
-80
-60
-7
-33
-43
-58
-61
-82
-135
-136
-118
-104
-76
-61
-81
-63
-76
-101
-126
-140
-110
-109
-113
-64
-67
-32
-33
-60
-93
-73
-107
-134
-107
-129
-120
-136
-125
-113
-92
-95
-70
-82
-85
-46
-65
-88
-56
-36
-42
-43
-52
-36
-46
-6
-41
-123
-143
-140
-145
-192
-190
-139
-155
-117
-129
-153
-160
-142
-137
-134
-153
-218
-211
-215
-226
-218
-209
-222
-254
-226
-253
-257
-253
-243
-197
-216
-180
-177
-173
-142
-138
-129
-135
-158
-155
-186
-177
-169
-196
-154
-174
-176
-142
-128
-42
-54
-57
-80
-63
-86
-113
-141
-175
-201
-234
-253
-230
-214
-266
-220
-273
-234
-278
-297
-255
-231
-252
-233
-203
-210
-191
-165
-149
-178
-141
-180
-219
-187
-203
-181
-180
-165
-136
-150
-107
-94
-129
-100
-107
-107
-106
-125
-150
-138
-166
-140
-87
-101
-91
-115
-87
-75
-64
-44
-68
-96
-97
-138
-117
-115
-142
-151
-108
-190
-213
-191
-279
-242
-202
-222
-243
-220
-165
-174
-179
-164
-132
-104
-89
-88
-88
-98
-117
-97
-83
-59
-61
-68
-111
-101
-128
-121
-148
-142
-146
-147
-132
-169
-150
-152
-116
-103
-115
-133
-95
-107
-153
-115
-101
-92
-116
-94
-172
-207
-153
-172
-100
-86
-153
-127
-124
-122
-108
-113
-130
-131
-93
-108
-118
-150
-160
-108
-116
-121
-110
-95
-125
-109
-144
-169
-144
-110
-112
-90
-10
-50
-35
-29
-10
3
-59
-41
-78
-63
-66
-76
-75
-96
-56
-19
-16
-28
-35
-29
-56
-66
-15
-46
-117
-114
-67
-55
-40
-78
-71
-46
-52
-36
-32
-14
-55
-87
-36
-45
-33
16
31
69
62
17
17
13
-18
-8
-16
-24
-42
-5
53
29
53
118
73
87
91
90
84
36
15
-31
-5
11
-31
-39
-24
-38
-42
-36
-14
-33
-53
-55
-62
-62
-39
-22
-6
-19
-106
-64
-95
-107
-21
-44
-74
-82
-94
-119
-102
-125
-105
-105
-118
-101
-112
-90
-66
-71
9
-3
10
-10
-12
-4
-52
-27
-4
-27
-50
-32
-31
10
-19
9
-7
-3
-13
12
32
-6
29
57
64
-10
-8
22
5
16
33
-4
-23
-15
-2
-33
-28
1
-48
-47
-43
3
-32
26
9
41
59
48
43
-21
10
17
5
13
23
4
32
43
34
-4
3
52
30
29
23
1
-14
-25
-50
-49
-54
-22
-21
-13
14
-42
-30
-50
-109
-135
-144
-157
-180
-199
-189
-203
-166
-130
-96
-97
-118
-88
-92
-74
-72
-102
-95
-53
-12
-14
-14
20
49
31
-2
5
10
50
13
5
15
65
75
57
132
96
114
88
72
63
-2
9
-24
-44
-50
-44
-24
-47
16
1
14
52
41
41
19
-19
-48
7
-16
13
-15
-10
-57
-32
-2
-27
17
-55
-2
-19
-30
-27
-32
-2
20
38
81
74
119
128
114
118
64
52
22
2
32
31
35
31
37
56
35
60
38
27
10
14
-22
-19
10
19
66
65
39
30
15
-8
-30
4
16
26
34
21
36
44
59
49
54
53
60
61
25
41
68
78
74
92
67
86
120
91
90
55
81
88
85
99
71
60
83
93
45
68
93
84
70
85
56
94
74
65
34
12
21
-3
54
40
57
39
7
41
26
19
26
20
69
59
48
46
51
62
35
75
37
12
32
56
59
64
18
-7
83
24
71
71
78
129
86
114
124
85
76
107
58
76
33
40
56
11
15
7
1
-22
-10
-5
7
-16
-16
-10
-53
-72
-80
-87
-85
-65
-113
-91
-80
-90
-7
-29
31
29
13
86
86
50
48
28
21
71
39
-1
28
39
-19
8
-7
-4
-30
22
20
-19
17
45
31
27
3
-50
-19
-21
-13
-7
-1
10
14
73
89
74
