SAMPLES:	18003
BITSPERSAMPLE:	16
CHANNELS:	1
SAMPLERATE:	16000
NORMALIZED:	FALSE
-196
-206
-173
-129
-136
-97
-108
-97
-64
-35
-5
-36
-54
-25
-55
-44
-14
-68
-61
8
8
-8
0
-17
-14
6
54
67
106
121
144
171
152
120
48
90
122
73
72
32
30
-12
27
27
48
101
8
2
13
-39
-87
-120
-123
-153
-124
-144
-163
-76
-70
-40
12
53
58
87
120
95
87
102
115
79
83
95
88
92
87
65
60
77
102
111
155
146
121
129
112
84
109
84
84
38
24
-3
-32
-27
-65
-53
-101
-8
23
33
43
93
112
77
69
61
56
-8
-2
-48
-58
-53
-108
-89
-42
-46
-35
18
43
50
56
53
47
40
45
13
101
130
97
65
32
64
2
-5
15
18
16
60
39
82
148
131
122
111
167
162
204
134
129
158
118
123
73
102
182
125
168
190
157
189
155
112
143
62
68
116
63
82
88
83
113
95
115
147
158
157
185
250
236
267
301
274
270
296
266
272
289
248
228
235
191
167
172
161
181
185
209
208
187
159
135
140
139
138
102
57
52
18
31
52
48
33
10
36
59
54
49
75
49
99
151
217
214
230
234
250
200
205
260
212
208
217
267
238
216
167
152
158
171
221
183
190
148
137
135
142
198
152
200
198
172
200
233
214
179
175
136
125
89
69
92
94
124
158
129
138
140
151
94
88
90
46
63
65
118
76
34
66
71
75
67
58
28
31
41
-1
22
-6
-71
-6
-36
-54
-13
-5
19
45
59
58
80
109
73
90
131
136
141
146
127
129
125
121
144
96
72
92
121
98
94
129
139
156
148
143
169
136
117
121
113
122
75
63
54
45
46
25
58
15
-27
-68
-84
-79
-125
-81
-54
-25
-31
13
25
4
19
30
-59
-60
-52
-99
-84
-140
-111
-142
-146
-140
-140
-124
-107
-103
-70
-12
-27
-9
-5
34
57
35
17
23
16
-24
15
37
33
87
72
124
148
125
108
112
104
97
104
72
77
31
-29
8
-36
-73
-32
8
-23
-46
-38
-36
-17
34
16
21
-19
-21
-40
-26
8
-79
-56
-55
-37
-17
-12
18
30
8
22
3
-3
6
11
-32
-53
-49
-53
-80
-107
-125
-126
-161
-110
-80
-49
-40
-87
-79
-62
-25
-52
-7
-9
5
-15
-81
-77
-83
-80
-94
-73
-60
-76
-84
-61
-66
-63
16
3
34
63
21
28
42
49
44
60
97
99
86
60
13
2
56
58
20
70
79
23
47
55
73
39
54
10
3
29
-17
-26
-24
-25
-38
-37
-53
-27
-25
-58
-93
-85
-47
-60
-46
4
-4
-6
-25
-19
25
95
96
57
91
107
44
64
31
-22
-4
-26
-7
-54
-37
-13
-23
-31
14
8
48
82
44
20
69
74
51
16
0
23
30
28
6
61
-15
-30
1
-35
-32
-33
-56
-36
-48
-89
-88
-40
-56
-1
48
-12
6
22
-2
18
22
22
48
33
55
44
61
45
79
124
116
107
95
115
123
80
66
63
26
37
19
12
43
19
70
69
73
84
79
68
54
82
56
41
29
18
10
-17
-46
-43
-93
-86
-85
-64
-97
-96
-51
-9
10
-1
32
-10
28
70
50
63
-16
-3
4
-62
-46
-38
-51
-33
-42
-48
-42
-13
-44
-7
-24
-70
-77
-92
-53
-130
-142
-110
-104
-106
-81
-52
-60
-30
-3
12
57
58
76
65
-35
-27
-28
-40
-32
-52
-12
48
55
19
49
23
47
38
59
39
37
33
-5
10
-48
-79
-108
-126
-125
-58
-19
-46
-46
-20
-62
-103
-112
-105
-106
-137
-120
-124
-97
-62
-55
-37
-13
16
48
92
65
44
43
56
17
-15
-11
-30
-8
-11
36
39
42
-17
-33
-45
-34
0
-6
-31
-4
54
-12
14
6
24
60
61
50
-3
28
60
61
46
49
105
119
99
118
116
121
81
66
66
52
29
-1
40
35
5
-3
8
-55
-70
-16
-27
-39
-75
-50
-69
-37
-40
-39
-14
-17
-24
-73
-52
-51
-34
-46
-56
-73
-86
-39
-17
-1
-48
-80
-74
-111
-111
-80
-77
-81
-12
-19
8
23
8
6
16
27
23
40
78
102
139
134
137
121
125
147
111
99
97
97
172
94
97
132
104
126
132
142
170
199
177
186
162
148
155
127
106
114
129
108
101
64
83
90
108
116
72
143
153
131
152
125
102
83
77
86
86
89
79
134
119
125
91
59
94
83
99
132
115
102
88
57
78
66
64
70
35
36
39
70
119
76
107
127
77
91
9
4
-15
18
29
-31
2
8
42
45
74
61
100
127
149
149
126
142
168
141
100
110
69
78
87
50
71
80
109
145
104
121
103
107
67
82
78
83
95
137
150
185
181
144
178
158
148
119
169
156
188
204
203
226
201
212
209
157
117
117
163
198
172
146
168
167
146
112
125
138
137
124
139
124
154
157
148
137
131
95
85
113
54
70
15
37
32
-3
9
18
40
33
36
13
21
30
79
149
169
179
236
212
208
230
192
167
193
234
275
203
195
243
266
259
261
253
224
268
239
243
266
240
169
131
115
86
108
99
71
87
88
77
20
30
21
11
8
17
52
32
64
64
19
49
20
35
10
-10
17
36
120
129
156
168
199
244
234
236
267
277
306
278
290
268
221
244
244
325
323
311
269
293
251
152
101
77
52
-12
10
-32
-26
-29
3
-7
20
41
68
61
8
10
34
75
82
100
89
128
152
113
75
107
101
96
125
131
165
181
228
253
247
300
315
267
261
294
211
222
231
194
222
232
194
212
182
155
184
183
177
133
154
159
113
154
115
94
86
68
103
79
73
86
39
7
14
-12
18
65
112
87
103
143
152
172
180
221
211
227
211
245
209
188
118
105
149
123
95
57
78
98
140
99
57
56
90
97
81
79
54
75
115
132
154
128
132
163
123
118
107
99
94
74
155
150
170
150
174
221
198
169
157
149
172
135
135
142
147
202
222
208
211
223
158
193
169
157
148
159
150
146
132
97
134
130
135
136
141
163
163
159
145
145
164
132
100
109
125
161
158
189
236
250
311
285
313
273
245
272
223
243
226
175
165
151
178
181
164
136
156
200
190
133
112
114
92
120
84
79
64
41
58
73
53
24
9
26
31
29
19
92
167
136
118
120
98
126
150
116
136
143
158
149
169
225
213
192
223
280
291
279
298
272
224
200
261
279
279
276
260
269
239
234
212
182
150
152
210
208
242
229
132
126
128
61
21
25
-18
49
41
11
18
22
24
29
48
49
16
2
28
52
99
79
64
100
93
116
74
53
63
49
99
61
41
58
28
36
34
43
99
130
97
118
87
118
115
111
146
167
181
193
150
166
153
164
217
167
164
137
142
122
119
155
114
89
133
78
106
125
105
93
84
82
84
68
77
30
-16
-18
-52
-60
-78
-35
-57
-33
-11
-19
39
61
43
39
8
22
53
37
27
33
25
32
27
20
46
30
67
29
27
14
16
-23
-32
-45
-49
-9
-78
-37
-57
-51
-54
-46
-34
-21
29
-22
-29
-54
-29
23
-8
-42
-42
27
31
-35
-13
-31
-11
-37
-38
-14
12
27
13
14
-22
-18
24
-22
-75
-94
-77
-93
-44
-31
-46
-26
-34
8
-60
-43
-36
-30
-8
-54
-27
-15
5
24
-7
27
39
29
36
76
99
51
59
50
94
79
102
82
91
79
11
39
23
7
-13
-35
-26
-10
5
-12
-23
-21
-10
-43
-49
-100
-103
-135
-177
-139
-169
-158
-143
-85
-74
-101
-117
-76
-77
-90
-121
-151
-155
-176
-190
-170
-131
-130
-135
-125
-103
-80
-103
-86
-63
-86
-52
-24
-4
37
55
77
87
104
85
70
67
-47
-46
-36
-97
-108
-103
-122
-122
-68
-52
-50
-50
-28
9
-63
-43
-55
-76
-45
-57
-109
-106
-43
13
9
-39
-29
-32
-57
-55
-103
-107
-80
-75
-2
-41
37
-6
-5
-9
-15
-24
-1
6
4
-10
-44
-35
-56
-37
-47
-1
-72
-52
-43
-96
-79
-77
-63
-55
-38
-55
-50
-28
-11
3
-23
21
37
-13
-14
-33
-35
-36
-34
-40
-65
-99
-91
-33
-66
29
17
30
92
48
98
81
20
44
28
10
-21
-2
40
42
83
76
88
137
156
155
121
135
122
135
164
146
90
31
7
-15
10
-34
-66
-95
-77
-80
-69
-78
-93
-72
-64
-20
-12
50
66
78
51
72
76
97
137
51
32
60
74
66
155
153
143
185
198
248
290
311
304
293
254
295
274
263
236
218
202
219
280
255
225
188
219
157
132
126
130
122
131
123
121
217
216
214
225
173
154
121
120
74
72
66
45
67
94
115
141
166
185
174
195
229
196
178
176
172
124
134
146
151
151
144
142
185
271
267
260
295
320
370
350
341
300
294
268
237
235
247
266
256
258
250
288
331
301
299
356
263
300
307
272
263
267
253
186
202
237
252
263
266
280
305
359
353
352
361
341
331
316
362
356
337
386
386
351
318
280
203
194
167
138
171
233
231
272
296
319
340
325
305
290
310
284
228
195
215
165
111
116
134
133
126
189
191
169
202
154
121
156
167
132
154
165
184
164
204
234
249
298
368
394
383
417
446
404
338
347
325
267
222
259
220
231
229
222
259
264
275
287
278
303
318
287
292
305
250
166
162
155
124
199
212
163
237
230
188
173
167
129
117
104
107
100
115
163
120
149
230
188
165
149
112
151
145
147
172
167
155
135
94
76
122
117
138
162
159
156
132
173
179
108
132
104
66
109
86
95
102
91
118
80
81
62
75
78
77
47
25
37
19
82
71
51
39
25
18
46
59
67
81
100
56
74
63
13
18
33
28
-10
34
14
60
66
32
55
62
98
46
73
56
61
115
92
78
83
71
105
86
27
34
15
38
-11
25
34
34
49
43
36
6
-35
-37
-44
-41
-38
-81
-61
-88
-67
-69
-40
-118
-87
-95
-112
-59
-139
-70
-107
-123
-105
-125
-123
-138
-127
-101
-100
-144
-127
-107
-84
-105
-75
-51
-19
-33
-33
-37
-60
-93
-99
-56
-60
-89
-98
-92
-106
-78
-74
-134
-87
-48
-54
-41
-56
-84
-99
-126
-150
-151
-178
-181
-225
-198
-193
-178
-167
-146
-119
-106
-53
-53
-16
-63
-83
-73
-62
-55
-97
-86
-58
-73
-80
-86
-96
-93
-65
-57
-88
-39
-65
-70
-39
-95
-93
-121
-144
-139
-131
-148
-196
-227
-242
-250
-263
-276
-317
-315
-362
-328
-312
-297
-271
-283
-234
-243
-274
-242
-233
-289
-242
-245
-231
-207
-219
-183
-164
-169
-146
-111
-112
-89
-102
-102
-126
-147
-144
-124
-114
-109
-131
-145
-126
-122
-121
-147
-188
-194
-223
-188
-175
-165
-162
-171
-197
-186
-149
-219
-260
-199
-227
-267
-252
-267
-289
-311
-277
-258
-261
-250
-187
-184
-199
-206
-191
-185
-166
-183
-160
-191
-214
-232
-288
-258
-280
-327
-302
-302
-284
-272
-255
-234
-228
-163
-121
-102
-147
-145
-173
-211
-210
-216
-266
-269
-187
-203
-184
-162
-131
-136
-118
-85
-92
-90
-86
-123
-129
-152
-183
-187
-190
-182
-195
-196
-186
-166
-192
-193
-205
-198
-178
-194
-183
-179
-207
-201
-232
-237
-205
-228
-260
-254
-257
-240
-242
-214
-233
-251
-257
-288
-216
-226
-211
-211
-143
-153
-176
-174
-143
-137
-157
-165
-188
-167
-192
-200
-213
-214
-180
-212
-200
-176
-163
-178
-196
-175
-145
-175
-158
-163
-131
-137
-169
-168
-170
-181
-186
-116
-132
-124
-130
-116
-138
-119
-153
-230
-199
-222
-232
-211
-169
-191
-248
-253
-267
-258
-247
-188
-194
-209
-170
-149
-155
-187
-142
-127
-203
-178
-144
-169
-182
-202
-167
-189
-171
-213
-158
-142
-144
-114
-162
-132
-156
-126
-188
-187
-160
-167
-185
-241
-230
-227
-269
-286
-281
-295
-298
-269
-269
-227
-207
-236
-208
-204
-212
-208
-227
-214
-193
-232
-220
-212
-202
-179
-171
-171
-141
-144
-159
-175
-140
-119
-126
-150
-158
-193
-257
-211
-202
-179
-158
-115
-108
-140
-170
-197
-136
-130
-161
-161
-206
-213
-186
-210
-188
-152
-190
-169
-157
-144
-151
-179
-172
-159
-121
-100
-44
-11
-35
-6
4
5
32
6
35
-22
-16
-16
-10
-60
-97
-87
-52
-87
-118
-165
-111
-94
-115
-144
-218
-206
-194
-183
-233
-249
-234
-201
-241
-210
-177
-215
-205
-221
-233
-193
-252
-210
-199
-213
-180
-190
-120
-88
-120
-98
-115
-74
-45
-65
-42
-70
-51
14
-18
10
20
25
68
26
-4
-50
-49
-48
-64
-57
-55
-84
-43
-44
-75
-93
-139
-96
-112
-124
-118
-161
-144
-149
-140
-120
-100
-130
-92
-69
-56
-94
-81
-89
-47
-5
-48
-48
-91
-37
-66
-61
-70
-86
-14
41
70
63
77
128
62
34
38
49
42
38
29
18
-1
7
12
-35
-65
-62
-41
-76
-17
-2
15
42
15
-15
-36
-99
-114
-130
-106
-94
-111
-112
-96
-24
-17
17
39
65
67
89
149
160
190
183
164
223
202
237
234
206
261
223
255
297
295
351
339
346
315
313
293
225
218
213
204
224
250
206
181
131
98
109
129
97
96
101
61
-21
-20
-24
-55
-46
-75
-104
-101
-75
-108
-112
-80
-55
-24
8
36
17
62
34
89
100
110
100
93
126
144
215
222
259
266
261
242
270
235
227
200
199
213
153
145
161
122
93
151
100
61
87
39
59
62
8
3
-2
16
-24
-51
-30
-20
-10
-4
9
-14
-7
55
60
81
117
112
124
94
49
63
47
66
79
79
91
103
112
66
134
143
148
165
171
213
210
222
205
195
191
103
154
180
163
153
154
145
109
149
148
133
122
80
62
98
3
8
39
6
-7
8
55
49
32
28
22
9
29
33
-4
-22
-11
-23
-1
-2
9
5
-2
18
16
13
30
47
48
91
85
114
141
193
186
143
202
204
177
193
194
199
184
164
166
98
75
80
59
45
47
5
45
69
60
102
85
102
93
102
107
122
121
121
151
87
87
85
65
79
74
56
68
106
131
137
155
99
78
83
88
67
92
175
187
152
108
103
91
72
48
33
-4
15
55
39
53
9
7
12
-52
-44
-24
6
64
56
140
147
184
173
88
132
96
73
68
88
115
65
35
55
78
97
94
92
120
144
130
115
122
127
127
129
145
112
72
116
136
110
119
105
91
80
39
30
47
59
77
84
131
111
85
109
140
150
138
81
116
124
111
83
66
96
27
51
105
93
81
62
-8
10
-24
-94
-62
-73
-85
-86
-79
-70
-74
-56
-8
11
-17
-5
2
32
47
109
85
94
103
67
103
26
29
7
-25
-8
-12
43
14
28
83
56
117
134
114
160
158
126
153
117
98
51
-11
37
49
57
55
30
24
22
37
99
109
168
195
176
131
166
156
171
158
101
140
106
128
94
84
91
111
119
112
103
64
32
43
72
128
147
171
161
130
108
126
111
90
89
77
104
117
120
148
159
156
119
72
136
143
96
90
129
162
132
146
127
121
94
110
63
59
50
49
52
38
49
67
46
73
117
82
77
41
51
69
83
82
119
122
116
151
138
151
182
208
224
254
262
254
230
187
150
120
74
38
89
96
100
87
53
87
119
152
157
140
160
188
189
192
181
129
155
137
59
75
86
48
73
81
15
-5
-13
35
-8
-20
30
72
93
118
128
182
181
182
186
196
209
163
181
210
195
176
193
164
196
172
194
179
239
236
267
300
315
330
309
357
306
284
226
196
135
125
133
74
106
103
145
137
134
143
140
105
144
193
171
218
141
144
157
155
168
123
161
220
209
205
194
194
224
221
249
272
231
216
235
255
262
275
277
206
247
259
211
237
243
216
184
150
188
175
175
197
150
146
145
167
150
143
149
154
141
125
134
129
160
148
149
167
108
114
111
110
58
101
126
113
181
146
214
208
186
229
162
182
155
170
222
241
262
222
254
257
233
216
256
259
271
271
281
331
375
366
334
346
312
320
300
280
246
248
215
235
254
261
219
230
207
217
217
190
205
201
184
180
165
122
97
94
69
85
135
166
166
155
190
206
235
215
194
183
251
177
166
159
123
124
116
93
113
131
117
129
97
168
143
139
177
174
207
210
270
312
246
262
266
260
236
226
232
176
194
189
171
208
239
227
256
255
228
230
229
179
191
188
155
166
164
177
129
187
190
124
118
137
207
201
261
287
284
311
305
296
291
311
283
265
262
212
172
204
209
141
191
197
190
175
210
235
214
202
197
242
252
200
155
134
122
75
62
82
72
111
131
119
167
158
175
224
188
174
192
198
197
218
187
180
180
203
187
230
195
258
284
234
270
242
240
200
196
208
140
109
173
175
169
107
125
153
155
136
129
131
138
113
103
124
116
149
153
103
115
140
111
99
95
80
21
7
-16
-16
-21
24
60
95
46
65
93
121
127
121
151
133
108
74
69
78
118
105
107
126
168
129
141
163
132
144
182
213
264
231
219
249
217
244
254
192
214
198
133
155
112
82
39
33
23
57
53
12
0
-1
27
8
9
-47
-81
-60
-108
-93
-76
-44
4
8
75
104
122
129
134
158
173
151
125
129
141
158
178
194
140
159
192
166
186
171
186
150
138
166
117
126
111
66
90
53
5
36
12
-44
-12
24
-17
-6
-1
-14
-4
-34
-6
-7
-17
-14
-44
-70
-28
-41
-48
-13
8
5
-42
9
-19
6
18
18
22
48
54
32
-5
36
56
61
94
112
142
148
94
115
96
120
87
83
139
110
121
100
92
97
131
100
112
52
55
2
-11
-13
-16
-56
-70
-57
-92
-80
-98
-75
-87
-52
-30
-27
-3
-51
-61
-16
-34
-5
-29
-58
-66
-37
-62
-69
-89
-66
-33
-40
-19
-21
-22
-34
-28
-7
-16
-7
-50
-81
-43
-37
-65
-74
-30
-5
-7
-40
-16
-1
-28
-2
-34
-46
-37
-8
-21
-17
31
6
33
48
102
96
63
46
62
83
91
110
105
118
138
144
126
189
138
156
148
126
143
145
208
205
191
167
148
162
109
124
88
-16
-32
-9
23
29
31
85
109
36
49
48
3
23
38
46
116
135
88
78
73
55
41
54
30
50
58
77
131
96
121
113
138
117
112
117
82
115
99
126
129
106
144
127
177
194
151
160
134
161
133
98
115
110
81
84
76
30
48
76
91
65
54
114
105
117
110
153
168
176
172
182
185
179
192
163
222
198
198
192
189
260
220
233
258
279
235
211
224
231
271
258
204
219
206
146
117
143
126
116
121
108
153
119
132
137
158
129
129
157
140
146
83
85
73
63
80
69
117
137
156
147
171
189
216
186
191
180
162
124
138
155
120
192
146
188
231
239
206
200
209
192
163
170
140
190
176
158
170
122
181
134
165
196
199
204
244
199
176
215
190
185
148
181
157
137
199
174
167
176
188
160
136
146
115
118
184
230
226
178
208
225
219
221
214
231
194
188
183
190
160
177
229
230
220
243
240
192
184
186
137
160
154
134
97
129
155
93
74
116
131
141
166
192
206
224
221
197
175
158
161
140
131
120
95
109
123
139
141
162
172
196
248
227
203
196
165
205
239
213
189
163
168
165
135
113
101
154
207
208
225
251
229
195
172
169
200
185
155
162
152
154
181
218
215
188
190
170
164
124
148
158
178
171
133
140
160
183
178
170
190
251
207
192
199
148
133
165
141
167
135
133
181
178
160
148
145
145
162
174
146
129
159
163
143
167
160
120
106
112
145
112
163
178
196
224
250
206
227
210
228
266
226
223
244
241
220
298
294
275
268
278
279
241
274
295
255
254
222
246
294
231
223
221
214
218
155
169
170
179
140
148
161
191
231
248
252
258
245
250
223
218
167
139
208
179
202
140
143
99
113
73
101
142
108
170
207
215
201
215
198
193
168
161
100
94
161
136
176
207
202
239
211
222
266
257
287
310
338
386
374
396
442
405
384
394
365
374
331
333
363
356
354
366
412
431
443
410
383
424
410
383
428
417
389
388
427
389
398
358
338
354
342
369
320
333
309
280
283
292
331
323
344
322
343
338
318
283
252
243
261
292
251
269
314
349
371
376
363
441
452
431
442
424
420
336
348
342
356
365
317
392
370
399
400
427
442
405
414
403
373
345
321
277
235
207
157
170
152
156
196
191
203
214
208
223
264
288
234
241
223
168
200
173
148
140
199
231
221
246
227
252
248
254
281
263
301
278
305
315
292
303
274
236
217
204
198
169
200
222
212
213
198
208
242
206
170
194
186
171
216
220
252
283
313
346
339
288
259
264
215
236
264
222
208
156
164
176
166
179
138
149
143
157
149
143
66
83
62
77
98
57
61
66
64
56
53
28
89
110
165
181
219
254
259
285
305
302
266
303
267
237
182
156
152
148
200
179
174
173
154
96
78
55
66
93
104
107
138
126
139
133
108
135
91
109
128
116
62
64
75
59
22
-22
27
31
-3
-18
-57
-49
-9
-13
2
-4
-12
-3
-14
-21
-14
-49
-67
-66
-7
36
88
78
98
107
119
87
26
93
103
123
118
124
97
98
72
48
37
-5
-8
-35
-58
-54
-57
-42
-36
-11
-54
-65
-67
-55
-41
-44
-15
6
30
43
90
45
79
76
41
42
67
76
95
105
71
135
136
151
122
92
151
120
115
116
131
141
82
51
15
-3
-88
-130
-146
-185
-144
-125
-177
-188
-211
-210
-180
-151
-123
-101
-59
-40
-45
-76
-81
-14
-90
-90
-86
-30
-10
7
15
18
24
32
49
35
70
97
86
48
73
72
38
34
31
28
30
38
90
53
77
-13
-17
-38
-49
-27
-30
-29
-45
-73
-107
-112
-162
-194
-216
-180
-173
-170
-153
-211
-257
-232
-201
-203
-160
-176
-162
-156
-165
-157
-188
-146
-149
-118
-95
-134
-149
-140
-118
-103
-71
-53
-46
1
-2
-24
-96
-119
-133
-181
-169
-185
-142
-118
-101
-90
-99
-117
-99
-144
-140
-166
-219
-225
-277
-282
-254
-286
-271
-258
-279
-261
-260
-254
-242
-221
-204
-215
-202
-187
-164
-186
-173
-132
-130
-102
-113
-143
-122
-91
-32
0
37
26
12
-26
-48
-64
-89
-91
-147
-146
-156
-179
-168
-187
-211
-169
-116
-131
-151
-163
-190
-220
-213
-222
-299
-350
-331
-378
-422
-420
-401
-362
-368
-313
-317
-318
-297
-385
-353
-355
-415
-417
-401
-408
-410
-389
-358
-376
-404
-379
-340
-352
-328
-304
-277
-275
-317
-294
-290
-322
-377
-382
-416
-427
-432
-453
-412
-444
-386
-366
-419
-410
-414
-387
-366
-349
-352
-351
-341
-337
-360
-387
-392
-359
-402
-431
-418
-410
-370
-368
-406
-367
-340
-301
-233
-263
-305
-239
-224
-270
-249
-246
-292
-238
-250
-236
-250
-259
-242
-242
-209
-263
-227
-278
-290
-252
-289
-325
-342
-337
-365
-371
-358
-391
-448
-476
-467
-489
-564
-609
-580
-558
-590
-597
-581
-590
-616
-603
-573
-562
-586
-580
-500
-553
-552
-518
-538
-558
-523
-475
-461
-405
-380
-329
-313
-312
-287
-259
-265
-262
-243
-319
-272
-292
-360
-380
-458
-485
-483
-485
-500
-480
-517
-484
-507
-542
-551
-539
-544
-564
-588
-614
-604
-606
-599
-616
-571
-589
-588
-584
-579
-583
-587
-587
-621
-572
-558
-507
-523
-493
-504
-484
-467
-452
-426
-419
-420
-448
-400
-398
-408
-415
-378
-352
-372
-378
-315
-341
-332
-340
-371
-362
-413
-421
-474
-466
-427
-409
-426
-457
-427
-416
-387
-413
-393
-448
-479
-485
-527
-496
-480
-443
-437
-468
-483
-463
-446
-425
-471
-488
-446
-430
-454
-420
-420
-424
-392
-365
-309
-328
-377
-374
-369
-347
-364
-434
-430
-417
-405
-404
-360
-326
-281
-278
-307
-354
-328
-319
-338
-316
-323
-325
-358
-353
-348
-358
-352
-341
-349
-355
-362
-416
-486
-478
-460
-443
-399
-390
-365
-365
-369
-366
-361
-326
-316
-348
-325
-339
-373
-419
-428
-396
-381
-359
-342
-326
-326
-340
-354
-338
-406
-395
-352
-330
-300
-292
-318
-271
-246
-279
-228
-245
-300
-350
-341
-375
-401
-386
-385
-415
-401
-416
-380
-354
-362
-361
-377
-389
-403
-297
-326
-347
-310
-339
-350
-338
-334
-336
-361
-327
-337
-361
-338
-363
-335
-311
-310
-356
-337
-293
-267
-296
-285
-271
-287
-289
-240
-226
-225
-233
-255
-245
-226
-239
-199
-180
-270
-260
-256
-270
-240
-213
-172
-253
-209
-172
-161
-127
-118
-124
-101
-186
-202
-145
-164
-128
-161
-130
-174
-156
-139
-170
-172
-205
-172
-171
-184
-135
-109
-121
-83
-67
-83
-150
-111
-168
-159
-166
-211
-183
-174
-145
-171
-183
-234
-208
-172
-162
-192
-129
-157
-159
-139
-170
-139
-166
-161
-139
-143
-123
-121
-98
-92
-80
-72
-66
-67
-148
-111
-127
-82
-67
-81
-62
-68
-85
-133
-124
-151
-82
-117
-125
-76
-90
-73
-82
-105
-78
-93
-93
-53
7
37
6
25
-16
37
22
22
54
25
57
34
56
62
53
20
19
16
40
49
18
0
-14
-24
-65
-51
-26
-45
-29
-5
5
14
27
53
57
36
31
-9
-30
-24
-18
-28
-10
-25
-91
-92
-95
-94
-65
-34
-55
-63
-29
-18
-54
-18
6
-34
-35
-14
-10
-4
-18
25
26
-35
16
21
6
45
42
46
17
42
20
0
35
33
35
76
23
-6
2
-61
-99
-92
-121
-141
-98
-110
-95
-106
-156
-154
-158
-163
-200
-165
-162
-200
-181
-137
-116
-126
-119
-107
-75
-65
-78
-79
-63
-80
-65
-46
-62
-72
-65
-35
-59
-30
-23
1
7
-20
-1
-30
-10
-14
3
10
-9
-47
-17
5
-43
-48
-78
-60
-66
-70
-55
-38
-16
-36
-19
-17
13
-9
-43
-73
-57
-90
-123
-134
-176
-180
-165
-156
-143
-157
-133
-111
-91
-34
-28
-11
-19
-36
-18
-16
-27
-32
-63
-52
-103
-68
-52
-31
-4
-46
4
8
11
-34
-21
-43
-65
-23
-33
-49
-62
-32
-27
-54
-83
-30
-25
-29
-42
-39
-47
-29
-23
-8
-29
-21
-47
-82
-28
-58
-49
-44
-48
-47
-66
-31
-33
-41
-1
-26
-31
-43
-77
-90
-58
-69
-12
11
-23
13
-32
-1
10
-21
47
27
39
24
-21
-22
-13
-60
-70
-41
-60
1
15
-15
7
-8
19
57
57
23
46
44
28
27
-32
-37
-52
-68
-128
-147
-175
-177
-175
-154
-132
-165
-133
-158
-162
-187
-181
-231
-260
-237
-211
-187
-208
-206
-198
-167
-131
-143
-153
-105
-87
-122
-86
-97
-137
-93
-54
-51
-51
0
5
-2
30
-5
0
49
29
36
27
41
38
37
76
55
11
4
-13
-76
-64
-60
-74
-80
-95
-123
-110
-110
-97
-122
-152
-164
-191
-173
-171
-178
-137
-153
-126
-186
-165
-110
-150
-165
-205
-161
-152
-149
-151
-139
-118
-114
-120
-137
-156
-140
-170
-209
-247
-240
-209
-221
-196
-182
-161
-135
-130
-147
-136
-110
-176
-202
-186
-170
-145
-143
-164
-123
-138
-168
-186
-210
-221
-196
-168
-129
-161
-191
-163
-212
-246
-326
-341
-293
-230
-222
-254
-234
-227
-248
-247
-214
-201
-219
-194
-204
-151
-202
-159
-170
-135
-163
-173
-163
-175
-136
-149
-133
-113
-78
-81
-61
-64
-30
-57
-95
-123
-89
-96
-144
-147
-136
-149
-115
-118
-121
-165
-138
-127
-90
-73
-85
-33
-43
-20
-52
-84
-96
-106
-114
-93
-116
-80
-53
-43
-36
-45
-29
-21
-15
-52
-54
-89
-124
-158
-164
-182
-192
-228
-259
-267
-287
-281
-311
-348
-409
-434
-438
-495
-496
-493
-537
-526
-607
-645
-665
-659
-687
-782
-816
-829
-820
-853
-849
-867
-886
-847
-826
-789
-825
-801
-768
-747
-704
-677
-640
-602
-548
-503
-436
-407
-402
-353
-287
-237
-222
-178
-159
-95
-43
-15
118
184
254
322
377
449
464
554
605
583
633
632
664
707
741
716
797
826
810
833
865
868
842
854
842
820
809
733
732
722
678
592
536
471
351
299
238
159
90
12
-52
-80
-180
-279
-344
-426
-484
-621
-725
-813
-896
-963
-1063
-1139
-1211
-1293
-1336
-1376
-1455
-1479
-1585
-1634
-1669
-1728
-1753
-1833
-1813
-1850
-1855
-1915
-2009
-2043
-2070
-2093
-2069
-1981
-1877
-1775
-1725
-1687
-1612
-1445
-1287
-1156
-1051
-933
-786
-558
-363
-260
-139
44
211
390
630
806
928
1088
1179
1316
1520
1586
1564
1557
1556
1603
1651
1622
1510
1446
1410
1382
1369
1274
1188
1101
1062
1050
1018
1000
912
802
765
783
848
774
673
618
575
530
491
454
409
413
379
408
420
402
355
283
248
259
247
167
46
8
-101
-221
-275
-357
-431
-499
-584
-695
-796
-888
-940
-1026
-1145
-1274
-1293
-1322
-1399
-1470
-1510
-1526
-1550
-1535
-1575
-1543
-1564
-1582
-1575
-1528
-1521
-1598
-1597
-1651
-1698
-1732
-1751
-1700
-1657
-1635
-1534
-1461
-1459
-1439
-1413
-1327
-1151
-1072
-966
-830
-676
-478
-312
-170
-50
95
192
411
609
694
812
928
1069
1251
1357
1430
1483
1475
1514
1571
1632
1654
1606
1534
1511
1564
1491
1427
1362
1300
1244
1138
1089
995
878
736
624
528
470
414
356
243
126
52
22
-66
-100
-161
-230
-228
-213
-194
-225
-217
-263
-177
-213
-275
-280
-366
-427
-510
-547
-495
-466
-508
-476
-479
-452
-448
-515
-519
-512
-512
-454
-478
-529
-544
-528
-521
-560
-538
-576
-566
-543
-561
-537
-546
-567
-570
-611
-604
-628
-664
-731
-751
-809
-843
-799
-868
-966
-1015
-1048
-1066
-1138
-1148
-1099
-1145
-1129
-1181
-1206
-1131
-1132
-1072
-1017
-930
-829
-767
-685
-559
-452
-388
-281
-211
-77
66
183
238
315
409
506
665
760
775
835
887
923
997
1013
1011
970
914
914
883
783
687
662
586
552
509
461
455
386
405
343
363
321
296
219
132
123
15
40
34
-25
-4
5
7
59
86
144
142
123
165
262
265
312
296
292
351
345
392
401
416
440
412
408
419
426
390
353
336
321
310
264
230
208
165
78
6
-32
-69
-102
-143
-193
-252
-338
-369
-365
-432
-501
-561
-582
-635
-626
-632
-687
-731
-831
-821
-841
-856
-925
-902
-931
-995
-1001
-1062
-1129
-1163
-1152
-1164
-1093
-1047
-1032
-940
-911
-884
-807
-705
-598
-511
-391
-279
-170
-57
41
117
174
276
325
396
440
465
517
557
594
629
722
754
786
824
894
912
934
916
883
930
937
932
944
932
933
933
934
931
866
855
838
787
737
691
732
692
662
680
638
624
617
595
618
579
562
570
558
513
457
455
396
327
271
265
225
216
184
144
126
58
95
83
55
68
33
77
20
38
31
-12
42
27
0
-50
-126
-148
-188
-224
-237
-282
-320
-356
-388
-445
-451
-424
-400
-369
-450
-467
-456
-533
-550
-639
-686
-670
-682
-771
-891
-885
-885
-870
-825
-807
-815
-774
-692
-632
-556
-528
-471
-415
-333
-263
-149
-53
-46
48
115
134
161
223
310
339
473
592
683
701
761
799
813
888
912
946
978
1016
999
1024
1044
1048
1027
1007
1018
1022
1013
1004
931
938
938
860
874
845
804
783
694
703
677
615
559
500
469
407
386
319
286
253
223
199
190
140
97
143
112
74
30
18
-7
-42
-48
-84
-64
-42
-38
-35
-60
-1
-43
-56
-58
-41
-48
-84
-40
-61
-50
-126
-99
-145
-186
-139
-144
-166
-181
-178
-186
-149
-222
-198
-211
-178
-221
-288
-284
-340
-349
-370
-401
-452
-377
-400
-434
-434
-485
-546
-545
-574
-592
-620
-604
-638
-664
-651
-647
-653
-622
-591
-585
-540
-488
-436
-374
-287
-208
-137
-76
-46
-10
5
23
131
201
245
324
347
359
409
477
494
523
547
593
643
645
659
658
662
622
585
579
545
542
571
537
487
515
506
476
425
457
415
380
356
354
402
377
371
311
295
315
272
156
86
121
110
50
14
45
18
51
87
45
62
94
118
160
113
38
76
66
52
13
-26
-23
-39
-89
-73
-67
-64
-114
-70
-47
-53
-66
-84
-108
-118
-154
-162
-179
-308
-264
-309
-314
-322
-352
-339
-325
-294
-265
-247
-267
-262
-284
-290
-324
-308
-356
-390
-407
-456
-527
-553
-576
-536
-536
-596
-642
-648
-599
-601
-573
-568
-515
-480
-452
-419
-434
-404
-313
-250
-227
-117
-55
-38
-6
63
128
133
208
212
267
314
328
349
348
396
444
421
425
460
417
352
306
329
265
261
231
222
236
158
91
107
99
85
82
72
23
13
85
22
-16
-4
-26
-36
-30
6
-48
-107
-71
-40
-110
-26
-79
-93
-110
-84
-94
-174
-188
-160
-136
-174
-169
-216
-207
-162
-216
-214
-152
-216
-168
-145
-284
-317
-209
-193
-207
-238
-97
-215
-326
-156
-203
-286
-162
-100
-179
-211
-137
-153
-202
-102
-82
-155
-155
-148
-292
-277
-319
-299
-294
-340
-354
-384
-388
-437
-512
-611
-571
-672
-753
-732
-837
-819
-753
-827
-822
-824
-841
-830
-919
-885
-856
-807
-753
-758
-695
-576
-523
-457
-413
-383
-343
-289
-167
-197
-135
-102
-89
-10
-4
23
70
107
148
141
110
162
80
87
216
199
38
158
252
35
63
166
88
19
176
88
31
-87
20
-62
-78
-86
-193
-88
-10
-9
-42
67
-9
135
206
-15
107
179
-35
0
236
81
-43
168
61
-24
-93
68
-19
20
19
96
54
39
246
-36
88
190
-79
-15
250
-103
-389
-125
81
-142
-319
-50
-372
-367
14
-220
-478
-362
-267
-411
-296
-395
-687
-439
-339
-652
-543
-386
-792
-754
-443
-523
-887
-657
-623
-878
-661
-543
-884
-824
-682
-799
-897
-724
-676
-879
-792
-782
-858
-748
-672
-700
-728
-501
-533
-463
-390
-418
-383
-219
-128
-68
47
-18
42
122
215
268
175
206
200
243
202
222
174
107
-8
141
246
47
128
107
90
56
291
-5
-16
113
-111
-103
157
-60
-117
4
-69
97
50
-16
138
-74
-62
274
54
5
96
166
-142
93
249
63
-197
298
166
60
68
106
-28
124
313
115
-133
315
317
-34
-16
253
31
-112
268
122
31
-71
-216
-243
181
250
-479
-100
76
-120
-76
37
-568
-197
189
-403
-126
-134
-531
-321
0
-352
-341
-356
-520
-561
-366
-136
-637
-441
-361
-687
-620
-456
-719
-1025
-798
-796
-944
-812
-920
-1325
-1009
-908
-1111
-1047
-848
-1023
-958
-600
-590
-903
-824
-632
-531
-303
-280
-311
-304
43
-15
-49
243
176
102
362
572
338
444
429
390
552
587
632
502
318
391
460
399
235
248
322
14
259
326
170
-4
324
338
203
251
136
106
340
260
-24
286
497
298
146
326
438
400
361
278
574
484
460
329
530
390
769
482
587
456
521
298
251
698
333
79
338
369
-132
309
7
-189
6
39
94
-267
-71
-262
-444
-314
-54
-822
-774
-460
-484
-695
-264
-360
-1009
-706
-665
-417
-528
-845
-942
-781
-843
-1070
-1066
-1171
-1009
-1029
-1017
-1267
-1312
-1253
-1527
-1274
-895
-1050
-1423
-1327
-1246
-1030
-761
-904
-970
-1022
-588
-384
-415
-440
-400
-47
129
313
311
276
369
612
921
1014
986
852
852
1005
1319
1259
960
923
1163
1143
1116
1044
827
615
883
1018
709
492
496
406
482
595
232
200
473
280
192
440
326
68
290
229
454
463
272
246
468
524
376
481
445
232
456
844
535
523
504
299
476
569
145
480
493
155
152
410
393
95
101
110
16
-238
-128
-292
-171
-76
-232
-187
-372
-584
-744
-555
-409
-51
-538
-757
-159
-595
-829
-440
-519
-764
-775
-616
-808
-833
-760
-922
-790
-830
-1055
-1161
-903
-811
-1366
-1323
-943
-846
-1140
-1347
-1641
-1069
-759
-958
-915
-859
-750
-690
-272
-275
-374
-180
282
504
401
519
699
965
1074
1055
1145
1313
1324
1255
1389
1507
1435
1289
1294
1357
1185
1056
1138
1042
965
817
683
667
548
360
319
299
121
121
66
83
73
66
182
-43
-221
-16
86
19
51
46
105
288
497
439
351
407
768
821
761
751
946
836
944
907
807
706
792
909
799
807
501
533
612
322
290
748
203
-161
83
66
-192
-347
-409
-434
-377
-332
-808
-765
-536
-1027
-1167
-754
-694
-695
-897
-1117
-953
-989
-1085
-1090
-1189
-1329
-1381
-1010
-900
-1651
-1746
-1450
-1178
-1117
-1234
-1477
-1670
-1341
-1130
-1114
-1169
-1141
-1107
-680
-361
-710
-831
-487
47
167
190
154
311
602
866
1042
1091
1145
1099
1324
1609
1628
1494
1475
1614
1623
1602
1555
1467
1372
1257
1321
1297
1146
848
745
745
583
644
598
491
265
130
416
311
204
119
17
205
471
388
224
329
331
404
583
519
217
395
851
839
703
679
602
760
1098
911
720
691
471
678
874
558
497
377
19
492
246
126
-78
-300
-141
-190
-449
-662
-632
-707
-745
-1113
-623
-945
-1054
-841
-1310
-1128
-854
-1419
-1667
-1275
-1134
-1133
-1175
-1554
-1650
-1266
-1191
-1731
-1750
-1535
-1741
-1378
-1019
-1368
-1652
-1579
-1471
-1093
-721
-1092
-1373
-1032
-593
-399
-406
-497
-426
62
534
610
449
468
732
1234
1530
1440
1315
1365
1504
1592
1698
1742
1535
1514
1781
1751
1647
1402
1145
1301
1374
1322
1052
794
722
774
809
607
294
-15
39
121
-16
-137
-259
-230
-66
108
-19
-93
-148
-150
-74
198
365
206
340
423
511
807
669
345
409
755
777
826
774
485
485
752
725
427
433
339
456
629
441
122
94
-30
6
117
-51
-248
-558
-531
-240
-503
-855
-843
-545
-839
-955
-1165
-1058
-1319
-1257
-874
-1047
-1034
-1197
-1269
-1213
-1147
-1423
-1344
-1186
-1486
-1727
-1403
-944
-1033
-1313
-1493
-1199
-688
-554
-849
-1005
-585
-348
-130
-84
-203
-63
354
782
745
606
703
1026
1384
1489
1399
1430
1532
1678
1840
1939
1806
1720
1711
1780
1818
1622
1408
1412
1537
1430
1246
1021
871
784
786
752
611
400
274
302
508
418
226
165
468
506
360
393
304
347
515
529
486
482
572
545
684
892
742
720
838
867
817
858
853
814
895
992
891
622
507
493
643
760
681
366
142
233
346
304
-98
-305
-86
-116
-339
-466
-636
-845
-792
-533
-609
-1184
-1401
-1161
-1190
-1129
-1284
-1518
-1499
-1463
-1647
-1662
-1697
-2083
-2028
-1787
-1516
-1501
-1597
-1805
-2013
-1720
-1238
-1005
-1234
-1441
-1137
-455
-232
-544
-559
-114
398
711
787
694
712
1060
1447
1688
1559
1373
1604
2055
2188
1948
1772
1789
1923
2019
1977
1820
1580
1496
1580
1667
1473
1056
916
1084
1132
846
445
270
418
503
461
266
67
172
353
293
215
104
57
77
341
343
47
224
501
535
378
226
222
263
479
562
646
560
342
281
414
458
286
88
89
215
-146
-226
99
67
-417
-456
-135
-309
-444
-544
-776
-766
-359
-689
-997
-825
-1060
-1285
-1072
-1017
-1400
-1592
-1339
-1332
-1418
-1431
-1697
-1856
-1761
-1694
-1909
-1985
-2018
-1878
-1529
-1337
-1830
-2223
-1947
-1451
-1168
-1288
-1415
-1185
-716
-526
-535
-399
-76
206
519
870
996
1120
1265
1520
1810
1803
1822
1983
2040
2073
2079
2186
2144
2010
1900
1962
1891
1684
1456
1299
1410
1241
986
868
772
611
437
303
229
100
-101
-154
22
21
-183
-461
-387
-228
-68
-100
-218
-251
-49
164
168
255
133
40
257
384
441
464
425
542
612
489
436
337
298
631
533
201
-27
-103
50
28
-94
-255
-429
-508
-404
-301
-368
-663
-712
-637
-796
-937
-902
-861
-981
-1154
-1134
-1162
-1404
-1759
-1704
-1623
-1762
-1901
-1871
-1839
-2163
-2302
-1933
-1709
-1775
-2014
-2269
-2016
-1536
-1466
-1623
-1708
-1381
-950
-681
-629
-602
-339
184
575
524
603
934
1471
1773
1912
1844
1883
2173
2439
2500
2426
2387
2273
2348
2327
2224
2073
1973
1867
1738
1627
1398
1171
1088
1044
973
746
469
272
271
279
54
-114
-144
-83
-110
-193
-117
-57
18
83
3
7
256
291
388
508
349
343
571
766
829
701
516
613
718
635
557
560
485
635
620
503
264
193
299
227
155
109
-138
-333
-165
-235
-545
-661
-670
-750
-889
-792
-878
-1048
-1281
-1530
-1598
-1448
-1424
-1780
-1852
-1793
-1904
-2138
-2253
-2391
-2465
-2110
-1788
-1880
-2448
-2662
-2172
-1539
-1575
-1977
-1904
-1396
-928
-802
-778
-525
-247
144
562
713
804
909
1375
1808
1821
1813
1996
2318
2524
2593
2562
2486
2420
2467
2591
2595
2386
2260
2133
2085
1866
1552
1428
1300
1180
923
609
480
386
190
62
-110
-249
-176
-101
-177
-362
-358
-189
-147
-298
-313
-161
23
151
82
25
65
249
510
604
450
351
474
667
598
467
492
492
553
467
323
206
60
-55
-67
-20
-280
-693
-548
-453
-619
-884
-914
-1054
-1172
-1173
-1368
-1417
-1457
-1549
-1714
-1628
-1771
-1950
-1922
-1857
-2103
-2290
-2187
-2289
-2390
-2698
-2490
-2149
-1888
-2146
-2705
-2610
-2011
-1659
-1761
-1952
-1909
-1502
-1079
-992
-1010
-844
-441
-15
314
389
414
747
1224
1597
1587
1476
1664
1959
2216
2336
2304
2258
2236
2337
2313
2229
2067
1882
1854
1806
1657
1426
1196
1072
938
750
549
290
190
78
-82
-257
-389
-470
-529
-523
-549
-530
-600
-593
-596
-445
-174
-161
-154
-149
-46
-17
128
250
289
357
443
441
354
370
252
311
405
325
69
31
27
-11
-192
-334
-261
-360
-628
-743
-846
-884
-914
-1270
-1424
-1288
-1304
-1450
-1484
-1709
-2104
-1985
-1708
-1785
-2051
-2365
-2310
-2086
-2185
-2565
-2811
-2720
-2381
-2080
-2089
-2470
-2821
-2685
-2107
-1656
-1873
-2308
-2080
-1434
-1112
-1296
-1426
-1108
-529
-116
5
-46
33
436
938
1230
1138
962
1248
1817
2109
1925
1772
1894
2120
2122
2013
1942
1835
1700
1618
1575
1458
1231
1099
1073
968
686
403
264
123
68
-84
-293
-441
-469
-511
-561
-618
-654
-545
-501
-457
-420
-342
-230
-140
-96
2
6
21
185
300
425
451
349
432
542
613
820
786
451
379
549
425
246
155
22
18
-60
-459
-637
-663
-763
-869
-940
-1313
-1518
-1339
-1468
-1663
-1601
-1778
-1984
-2023
-2081
-2263
-2349
-2279
-2374
-2467
-2753
-2724
-2817
-2858
-2628
-2482
-2489
-2840
-2905
-2498
-2076
-2086
-2278
-2187
-1743
-1311
-1274
-1226
-925
-475
-157
-11
126
276
598
1014
1332
1442
1393
1507
1875
2083
2056
2018
2151
2200
2218
2132
2099
2022
1937
1813
1738
1599
1436
1356
1180
1066
848
585
317
173
266
254
-47
-189
-194
-251
-252
-241
-332
-405
-370
-311
-264
-195
-154
74
237
167
226
337
444
567
634
739
668
616
837
847
743
701
636
609
484
335
283
321
230
41
-102
-175
-376
-453
-594
-679
-914
-1276
-1359
-1398
-1444
-1619
-1777
-1906
-1897
-2005
-2127
-2195
-2244
-2356
-2463
-2329
-2332
-2617
-2806
-2685
-2280
-2022
-2193
-2588
-2457
-1956
-1564
-1676
-1893
-1774
-1373
-815
-700
-844
-720
-252
209
369
433
534
890
1360
1532
1547
1509
1727
2057
2281
2286
2176
2180
2317
2451
2339
2195
2095
2088
1970
1792
1618
1419
1271
1179
1104
895
614
455
416
415
192
-107
-246
-199
-218
-428
-506
-490
-437
-466
-439
-298
-244
-275
-178
8
78
236
346
370
540
600
717
755
778
756
737
822
928
899
673
621
629
690
564
368
329
232
96
36
-156
-614
-744
-670
-808
-1080
-1239
-1480
-1456
-1330
-1646
-1949
-2023
-1969
-1991
-2049
-2260
-2449
-2453
-2204
-2279
-2573
-2399
-2138
-2049
-2205
-2465
-2261
-1858
-1588
-1680
-1729
-1430
-1054
-923
-834
-609
-340
-10
209
341
433
687
1004
1245
1313
1401
1581
1820
1959
1970
1985
2060
2134
2141
2059
2004
1956
1911
1814
1651
1471
1350
1322
1096
905
808
671
517
333
216
124
32
-113
-234
-261
-318
-375
-385
-352
-383
-369
-332
-255
-204
-102
81
149
140
219
308
477
549
442
508
669
702
676
677
744
776
700
688
712
659
527
502
397
277
183
158
-95
-355
-341
-407
-650
-925
-962
-996
-1076
-1304
-1529
-1614
-1637
-1659
-1790
-2014
-2070
-2055
-2123
-2316
-2476
-2670
-2558
-2295
-2155
-2385
-2608
-2452
-2067
-1767
-1838
-2048
-1770
-1343
-1048
-1061
-1036
-701
-265
45
162
229
390
717
1108
1286
1288
1426
1721
2002
2122
2064
2070
2232
2317
2265
2108
1985
1966
1912
1802
1541
1439
1430
1261
1100
965
782
663
523
421
332
238
175
115
21
-77
-105
-149
-98
-198
-315
-224
-89
1
28
140
249
289
408
516
565
510
555
768
890
735
610
688
856
872
756
677
656
675
657
515
292
54
66
170
84
-245
-492
-491
-606
-791
-1117
-1120
-1211
-1243
-1329
-1650
-1882
-1840
-1731
-1945
-2153
-2178
-2168
-2264
-2383
-2722
-2667
-2079
-1934
-2205
-2613
-2641
-2102
-1694
-1656
-1968
-1944
-1330
-787
-756
-979
-815
-223
249
324
253
360
724
1122
1348
1393
1331
1517
1907
2120
2049
1926
1946
2242
2285
2061
1955
1954
1932
1805
1647
1466
1332
1205
1119
1022
781
591
580
579
398
128
84
57
36
-68
-224
-210
-174
-161
-166
-182
-184
-74
8
127
112
120
265
449
611
592
594
652
804
899
825
692
734
789
795
710
583
575
595
542
406
277
45
-72
-69
-115
-295
-548
-715
-717
-794
-1008
-1296
-1482
-1445
-1479
-1624
-1845
-1972
-1925
-1940
-2131
-2274
-2345
-2302
-2258
-2462
-2674
-2489
-2090
-2022
-2420
-2577
-2122
-1641
-1493
-1702
-1717
-1198
-737
-660
-641
-406
-78
260
475
609
669
854
1246
1533
1569
1495
1654
1931
2127
2037
1987
2021
2068
2046
1904
1862
1779
1637
1517
1412
1313
1140
1041
937
765
511
315
275
255
143
-101
-268
-265
-155
-208
-350
-410
-341
-256
-245
-259
-206
-166
-62
68
143
176
219
459
765
847
788
736
794
904
922
851
838
854
851
844
778
696
653
636
547
425
207
59
36
-51
-244
-476
-623
-752
-831
-1116
-1296
-1364
-1445
-1606
-1828
-1846
-1894
-1955
-2016
-2168
-2299
-2289
-2307
-2406
-2530
-2440
-2142
-2024
-2220
-2448
-2355
-1820
-1388
-1566
-1744
-1424
-947
-670
-722
-708
-391
82
434
546
606
797
1172
1566
1687
1602
1547
1794
2162
2193
2005
1926
2041
2185
2117
1958
1859
1802
1767
1676
1552
1352
1191
1082
1010
804
498
296
310
362
193
-77
-186
-127
-161
-175
-221
-167
-95
-114
-83
56
166
229
299
483
555
523
592
709
845
967
1010
1023
1032
1021
1072
1223
1219
1046
951
982
1033
953
799
649
586
477
299
44
-107
-178
-345
-459
-571
-748
-924
-962
-1042
-1304
-1565
-1636
-1472
-1562
-1955
-2049
-1834
-1759
-1970
-2329
-2446
-2408
-2240
-2068
-1991
-2147
-2340
-2169
-1718
-1448
-1738
-1904
-1402
-811
-649
-773
-728
-302
155
385
433
527
748
1137
1521
1662
1571
1602
1948
2320
2424
2273
2292
2445
2609
2420
2249
2217
2190
2103
1918
1761
1602
1443
1360
1276
1031
729
585
508
393
182
-16
-97
-90
-42
-160
-263
-336
-227
-132
-98
-88
-38
101
233
295
386
477
595
758
872
872
849
987
1105
1167
1063
1016
1130
1265
1263
1079
938
975
979
923
810
596
362
251
141
16
-112
-408
-647
-704
-756
-933
-1127
-1278
-1384
-1445
-1531
-1701
-1915
-1961
-1925
-2012
-2096
-2259
-2415
-2360
-2298
-2345
-2308
-2163
-2194
-2280
-2194
-1771
-1422
-1480
-1503
-1169
-641
-464
-511
-378
61
433
571
679
913
1172
1449
1786
1913
1881
1963
2204
2519
2625
2451
2429
2534
2584
2424
2271
2186
2080
1915
1763
1642
1441
1174
1044
1011
790
459
340
300
255
93
-64
-104
-210
-287
-398
-409
-390
-363
-315
-270
-198
-124
29
279
325
321
414
639
860
955
971
1066
1220
1291
1389
1383
1380
1422
1471
1387
1250
1088
1121
1201
1097
880
685
579
536
396
153
-55
-263
-396
-452
-543
-714
-1028
-1142
-1181
-1276
-1499
-1742
-1754
-1684
-1660
-1798
-1882
-2055
-2011
-1838
-2003
-2141
-2020
-1763
-1763
-1963
-2119
-1763
-1298
-1223
-1351
-1270
-840
-618
-483
-296
-2
260
480
696
959
1129
1304
1624
1862
1910
1956
2091
2288
2356
2294
2350
2432
2435
2346
2250
2247
2190
1933
1816
1723
1626
1445
1238
1086
873
651
443
320
208
64
-79
-177
-284
-419
-405
-337
-320
-348
-346
-252
-160
-82
-33
58
207
360
438
581
731
842
964
1064
1211
1281
1331
1400
1512
1559
1490
1434
1405
1370
1295
1211
1064
888
712
577
453
346
151
-137
-253
-362
-541
-689
-874
-1051
-1287
-1342
-1361
-1531
-1675
-1872
-1995
-1974
-1974
-2140
-2288
-2278
-2307
-2323
-2251
-2206
-2064
-1978
-1988
-2014
-1868
-1503
-1301
-1353
-1308
-981
-639
-482
-417
-183
122
424
587
745
951
1224
1536
1768
1863
1932
2040
2215
2393
2400
2347
2363
2434
2377
2253
2151
2054
1951
1770
1646
1488
1355
1184
1004
901
759
587
406
265
142
-24
-136
-228
-341
-467
-496
-423
-479
-496
-466
-319
-197
-74
31
189
310
363
501
682
800
854
984
1071
1159
1170
1224
1357
1420
1400
1286
1214
1149
1131
1122
907
778
682
526
364
191
43
-169
-353
-476
-665
-943
-1112
-1162
-1256
-1358
-1535
-1772
-1966
-1872
-1805
-1960
-2161
-2399
-2412
-2263
-2179
-2421
-2617
-2581
-2342
-1982
-1912
-2073
-2335
-2128
-1523
-1097
-1271
-1472
-1287
-800
-341
-364
-433
-136
411
731
797
882
1049
1348
1681
1854
1790
1700
1843
2238
2399
2198
2033
2095
2266
2285
2164
1964
1821
1739
1604
1440
1331
1109
872
748
580
329
84
-48
-100
-213
-392
-485
-478
-467
-506
-557
-531
-489
-396
-323
-290
-231
-152
-33
85
156
227
480
694
829
927
997
1063
1217
1288
1250
1299
1269
1232
1237
1228
1180
969
842
811
686
505
291
149
-5
-185
-385
-557
-745
-918
-1036
-1136
-1232
-1459
-1663
-1726
-1748
-1806
-1876
-1940
-2065
-2237
-2193
-2153
-2102
-2178
-2264
-2256
-2281
-2131
-1918
-1753
-1831
-1897
-1796
-1312
-980
-1083
-1204
-920
-426
-103
-138
-166
102
525
791
887
966
1108
1401
1686
1742
1683
1651
1847
2039
2060
1969
1844
1883
1952
1928
1834
1637
1507
1419
1306
1164
945
814
670
495
333
190
67
-93
-240
-327
-336
-389
-513
-533
-505
-451
-454
-436
-413
-351
-280
-176
-6
62
139
252
436
576
670
734
830
1011
1110
1139
1166
1170
1193
1212
1249
1181
1089
969
887
835
707
553
410
244
90
-76
-193
-338
-493
-637
-882
-1059
-1174
-1282
-1406
-1499
-1628
-1749
-1851
-1934
-1957
-2012
-2056
-2114
-2090
-2100
-2165
-2152
-2163
-2113
-2036
-2047
-1919
-1621
-1448
-1585
-1715
-1429
-936
-668
-776
-787
-479
-74
56
106
219
503
855
933
1012
1120
1279
1431
1613
1699
1692
1693
1840
1916
1852
1728
1688
1741
1687
1543
1387
1328
1227
1090
918
795
664
554
431
260
33
-101
-197
-261
-319
-440
-434
-417
-355
-381
-417
-369
-278
-206
-127
-45
70
180
254
401
581
650
756
902
1039
1129
1186
1279
1329
1367
1378
1407
1365
1293
1223
1161
1052
906
824
717
622
496
315
151
-76
-222
-329
-546
-773
-941
-1045
-1178
-1289
-1465
-1587
-1638
-1667
-1681
-1759
-1812
-1889
-1878
-1832
-1899
-1929
-1844
-1759
-1712
-1705
-1735
-1710
-1661
-1673
-1400
-1050
-1069
-1364
-1433
-926
-389
-356
-616
-618
-150
279
245
95
225
558
804
949
986
1007
1184
1352
1492
1499
1319
1386
1664
1794
1637
1454
1444
1523
1505
1377
1183
1050
998
923
772
646
565
424
346
261
151
75
28
25
-44
-252
-354
-271
-175
-161
-292
-255
-93
-8
42
108
288
381
416
540
684
667
719
857
1020
1047
976
1034
1098
1129
1065
990
951
890
784
668
604
521
470
345
247
69
-158
-193
-270
-398
-563
-721
-761
-870
-984
-1100
-1176
-1187
-1321
-1405
-1437
-1427
-1418
-1475
-1424
-1389
-1462
-1436
-1262
-1151
-1167
-1220
-1223
-1171
-1040
-979
-1029
-1110
-1044
-744
-539
-694
-1020
-983
-442
-127
-363
-601
-422
44
290
97
-32
137
412
550
649
711
681
824
1056
1209
1127
988
1080
1373
1442
1246
1093
1142
1317
1285
1195
1145
1047
963
923
882
823
672
552
525
429
341
227
226
246
158
140
120
145
140
140
234
289
240
240
278
364
454
486
498
530
597
646
731
756
713
676
740
780
788
752
702
725
719
636
495
389
331
289
145
74
-62
-121
-114
-194
-270
-388
-452
-460
-473
-612
-681
-761
-766
-778
-853
-929
-944
-858
-860
-980
-1088
-945
-779
-734
-829
-990
-989
-875
-828
-815
-908
-1024
-1020
-979
-944
-797
-746
-911
-1097
-1022
-670
-498
-674
-915
-718
-330
-136
-291
-346
-6
277
336
329
355
519
727
911
951
894
869
1044
1303
1325
1240
1187
1283
1430
1433
1324
1271
1344
1238
1136
1106
1032
964
888
795
673
528
505
473
474
389
264
306
257
268
309
300
230
193
205
253
271
187
203
211
249
211
246
328
364
353
376
396
382
412
375
383
305
268
259
191
170
89
122
161
138
10
-79
-54
-90
-126
-222
-299
-409
-407
-407
-397
-445
-513
-507
-508
-485
-582
-640
-659
-687
-710
-701
-709
-744
-783
-758
-664
-612
-727
-873
-853
-797
-886
-927
-959
-1084
-988
-697
-643
-879
-1134
-1091
-686
-388
-644
-897
-710
-305
-89
-226
-298
-102
138
307
446
479
483
675
988
1116
999
920
1144
1429
1490
1344
1287
1489
1593
1534
1452
1451
1440
1366
1337
1308
1256
1127
1108
1087
954
762
646
592
413
253
119
74
-19
-120
-211
-233
-235
-233
-197
-223
-219
-233
-242
-216
-173
-131
-94
-44
67
112
160
182
281
326
370
418
404
520
602
633
647
655
685
747
778
762
790
697
641
652
660
700
614
563
452
369
274
164
89
-40
-155
-157
-208
-322
-405
-481
-549
-638
-671
-788
-843
-841
-847
-863
-924
-1023
-1102
-1138
-1113
-1152
-1237
-1282
-1287
-1090
-919
-980
-1177
-1216
-964
-582
-480
-654
-675
-348
11
14
-28
48
274
525
638
692
732
791
1041
1272
1281
1203
1242
1493
1618
1518
1451
1463
1574
1611
1504
1468
1446
1372
1249
1175
1104
961
810
697
566
404
329
266
176
105
3
-48
-88
-177
-249
-339
-392
-365
-358
-445
-469
-439
-361
-335
-290
-213
-140
-74
28
195
227
293
374
491
638
711
776
893
889
935
948
961
969
1017
1058
1039
1021
963
910
831
754
652
530
348
282
149
13
-66
-194
-314
-484
-604
-707
-763
-753
-901
-994
-1039
-1067
-1102
-1081
-1110
-1120
-1068
-1041
-1025
-1055
-1003
-992
-903
-949
-945
-938
-907
-848
-860
-687
-617
-620
-699
-628
-339
-70
-157
-327
-146
122
220
114
139
343
521
533
600
660
718
793
893
1076
1044
925
1038
1277
1335
1179
1092
1199
1326
1242
1083
1103
1036
893
777
762
692
498
365
320
302
137
-28
-106
-107
-224
-366
-422
-453
-472
-571
-524
-427
-421
-383
-383
-254
-125
-98
6
163
279
329
484
607
674
715
824
960
992
1035
1062
1159
1219
1209
1136
1151
1163
1150
1099
967
935
803
676
557
457
299
130
13
-114
-240
-429
-571
-626
-643
-698
-770
-793
-828
-886
-867
-869
-843
-862
-822
-766
-739
-701
-728
-640
-509
-446
-463
-438
-372
-292
-290
-276
-284
-297
-289
-331
-219
-97
-218
-351
-392
-285
-192
-307
-533
-505
-318
-256
-321
-352
-208
-156
-141
-98
-24
-8
72
212
365
411
348
386
541
629
528
480
569
645
602
527
590
588
515
420
369
430
382
264
235
251
157
32
16
13
-45
-143
-107
-82
-118
-109
-88
50
80
104
138
188
336
400
466
554
548
577
662
737
774
758
784
802
855
837
796
772
769
760
750
716
651
612
525
484
370
251
130
47
-15
-89
-227
-348
-345
-421
-462
-512
-573
-585
-543
-509
-500
-510
-555
-479
-381
-305
-369
-373
-310
-139
-100
-125
-137
-80
-6
-58
-104
-230
-202
-147
-155
-183
-329
-525
-561
-520
-583
-605
-659
-762
-862
-842
-644
-696
-847
-886
-764
-652
-698
-749
-648
-442
-291
-341
-314
-152
-24
91
219
343
398
449
623
786
746
721
792
979
1000
977
1002
1100
1143
1024
931
956
990
904
873
818
667
535
494
481
412
286
133
128
100
17
-114
-187
-201
-216
-214
-217
-233
-237
-198
-89
-103
-112
-74
31
135
152
126
123
210
236
267
277
309
350
409
473
521
545
594
595
589
575
575
525
495
447
361
338
290
258
232
271
257
182
170
148
188
139
110
140
164
153
104
71
-14
-60
-116
-134
-189
-238
-283
-339
-399
-475
-579
-565
-553
-650
-789
-877
-919
-929
-985
-1081
-1135
-1163
-1101
-1067
-1116
-1161
-1261
-1188
-972
-922
-932
-887
-703
-481
-355
-351
-235
-13
100
204
286
460
500
667
837
924
982
991
1152
1252
1278
1194
1226
1266
1271
1147
986
973
851
740
696
641
519
349
220
177
119
-108
-254
-284
-324
-402
-462
-528
-577
-590
-570
-545
-526
-589
-573
-473
-374
-393
-471
-394
-300
-157
-85
-26
99
314
460
492
510
580
752
838
945
985
969
965
1023
1043
920
814
773
779
735
678
571
530
502
469
427
334
269
232
192
79
8
-90
-173
-211
-288
-369
-441
-489
-550
-564
-607
-624
-648
-660
-675
-721
-751
-732
-699
-709
-691
-721
-788
-783
-724
-747
-805
-827
-815
-763
-806
-796
-791
-755
-647
-590
-565
-538
-479
-319
-226
-242
-206
-93
80
140
149
202
322
435
536
586
616
604
594
625
680
647
596
660
754
670
603
558
525
528
416
374
325
210
179
169
131
53
-54
-127
-100
-145
-222
-219
-164
-180
-224
-224
-213
-234
-188
-73
-45
-136
-101
38
56
87
68
158
326
347
384
371
425
428
504
564
539
547
524
581
598
555
464
418
412
456
420
349
298
283
229
168
153
103
61
66
68
29
5
32
63
-11
-51
-91
-76
-81
-97
-128
-132
-117
-96
-47
-53
8
17
37
8
-30
-10
-45
-66
-70
-93
-191
-224
-242
-248
-293
-340
-374
-459
-475
-446
-461
-538
-574
-636
-659
-621
-603
-618
-676
-660
-645
-526
-461
-431
-397
-315
-149
-154
-206
-118
25
71
66
91
144
185
243
245
260
326
344
387
442
417
416
442
512
514
463
430
462
466
412
401
382
353
366
362
331
300
267
321
325
330
274
259
312
288
278
236
189
202
172
179
137
108
102
126
123
105
69
26
40
43
10
-66
-90
-25
-8
-46
-45
-73
-91
-24
27
35
17
24
80
158
176
195
219
184
252
307
302
293
337
407
399
424
458
476
472
476
426
361
327
299
283
279
205
175
117
7
15
-78
-153
-218
-288
-408
-475
-547
-614
-638
-662
-698
-719
-786
-846
-841
-895
-891
-866
-774
-702
-686
-632
-603
-485
-463
-421
-371
-312
-225
-148
-95
-57
-13
37
118
202
255
320
357
422
510
513
505
564
614
633
605
646
642
640
642
542
495
466
423
476
448
415
443
414
408
374
328
256
214
170
165
100
63
14
13
10
-31
-57
-54
-84
-93
-79
-110
-104
-142
-67
-46
-141
-140
-143
-48
1
7
15
65
118
126
167
199
216
226
295
291
302
352
332
415
459
464
483
483
488
417
360
351
331
273
296
276
196
117
47
43
31
6
-110
-139
-174
-213
-282
-332
-333
-401
-420
-463
-487
-481
-544
-588
-570
-517
-556
-533
-500
-521
-486
-472
-447
-409
-430
-344
-255
-230
-187
-201
-123
-62
-77
-45
30
19
30
84
133
233
188
260
301
294
275
265
277
260
219
230
262
253
240
197
196
175
139
108
104
106
31
9
30
21
33
10
11
27
35
19
41
55
141
157
143
195
238
338
392
409
433
484
512
521
588
618
605
628
631
618
668
687
652
639
611
631
641
561
547
503
495
481
410
333
262
215
199
138
109
35
4
-18
-21
-91
-119
-127
-166
-141
-159
-177
-235
-235
-226
-211
-181
-206
-221
-254
-202
-199
-191
-154
-144
-118
-117
-107
-104
-41
-23
-39
-44
-67
-65
-102
-63
-58
-84
-82
-82
-80
-106
-83
-99
-57
-23
-60
-37
-7
-1
-2
23
22
-8
26
52
83
49
-4
-12
-1
60
21
-20
-27
-4
5
-39
-55
-60
-99
-98
-99
-102
-42
-51
16
29
35
89
107
141
152
156
220
251
244
289
357
423
502
526
584
672
729
777
764
779
773
780
768
759
719
703
704
679
639
639
615
555
553
471
400
395
364
313
297
230
188
128
48
61
34
-36
-114
-151
-146
-184
-213
-315
-360
-287
-276
-239
-211
-277
-225
-191
-178
-167
-201
-181
-167
-135
-90
-53
-40
5
33
26
27
41
-21
-22
-73
-109
-116
-157
-111
-97
-51
-70
-98
-54
-21
-78
-91
-190
-228
-209
-197
-242
-297
-346
-356
-351
-406
-444
-447
-358
-332
-273
-266
-228
-188
-171
-142
-134
-85
-57
-18
-37
14
34
61
145
211
271
385
470
526
627
663
684
715
756
834
844
867
860
875
846
783
759
765
731
675
634
596
584
541
578
561
514
456
467
503
417
396
355
319
298
239
195
186
192
177
121
133
131
133
131
137
185
182
239
240
262
307
302
321
344
367
298
322
338
278
297
294
307
319
358
392
392
380
375
360
375
336
337
273
216
173
110
74
59
20
-40
-14
3
-35
-60
-120
-107
-83
-137
-150
-133
-113
-119
-153
-197
-157
-141
-136
-102
-86
-26
16
72
118
173
251
300
348
411
457
516
644
678
673
690
717
824
847
872
881
884
889
837
836
906
953
918
943
976
932
948
948
910
901
845
830
760
685
700
626
570
526
452
453
445
391
360
353
348
360
390
304
319
382
393
381
387
347
342
405
379
429
445
465
535
567
611
622
655
645
693
691
753
737
730
730
692
699
715
723
728
717
683
681
608
601
557
516
482
459
455
412
368
305
310
260
209
160
129
81
18
-13
-58
-100
-140
-124
-120
-40
-102
-139
-128
-165
-202
-195
-195
-153
-45
-14
99
87
137
127
163
194
190
277
289
344
385
416
441
478
522
571
573
600
652
654
678
650
702
712
721
721
688
660
627
676
649
624
640
572
547
489
395
381
319
344
309
266
235
175
188
159
152
196
184
238
288
293
319
265
294
293
249
222
199
232
245
242
256
266
257
315
367
377
506
517
509
525
485
489
476
476
476
447
508
479
461
433
440
393
303
319
266
277
269
253
227
253
230
206
201
220
186
117
102
91
79
-1
-63
-120
-129
-199
-257
-269
-255
-222
-191
-170
-169
-144
-84
-71
-42
-45
-47
-33
-17
6
-55
-56
11
59
85
107
93
138
173
142
134
126
165
225
269
200
195
201
148
139
150
98
135
144
93
124
98
55
45
119
77
61
40
3
0
17
-5
15
37
46
69
40
62
63
50
67
7
61
65
34
43
32
10
24
87
72
121
135
182
208
210
267
250
231
220
188
137
146
82
60
71
85
87
38
52
96
66
10
13
-37
-99
-145
-174
-193
-264
-278
-257
-277
-305
-347
-408
-421
-447
-412
-418
-446
-363
-255
-205
-207
-222
-240
-258
-250
-225
-282
-257
-172
-110
-115
-141
-112
-44
-8
-43
3
41
112
187
176
118
84
76
108
113
73
44
36
32
10
42
-1
-91
-134
-188
-189
-243
-312
-340
-346
-330
-383
-395
-356
-362
-389
-436
-432
-418
-401
-392
-345
-326
-318
-313
-239
-180
-139
-196
-228
-155
-145
-68
-46
11
80
73
84
83
65
121
153
150
138
111
128
180
155
137
109
77
37
38
-17
-55
-62
-119
-142
-157
-227
-300
-299
-325
-307
-337
-422
-418
-410
-372
-360
-395
-436
-487
-486
-450
-521
-558
-538
-498
-452
-458
-370
-352
-316
-256
-231
-185
-158
-97
-64
-2
-29
-51
-84
-77
-42
-37
-25
-39
-25
-20
14
9
54
58
22
7
17
-4
-17
-106
-153
-136
-187
-234
-269
-369
-371
-307
-382
-423
-485
-516
-472
-492
-502
-509
-530
-514
-470
-482
-523
-520
-548
-523
-500
-507
-536
-595
-561
-558
-491
-483
-504
-447
-408
-371
-374
-309
-305
-273
-261
-258
-228
-219
-233
-197
-138
-126
-171
-160
-88
-186
-158
-136
-90
-65
-102
-105
-129
-176
-211
-223
-248
-289
-321
-308
-366
-417
-442
-455
-406
-405
-403
-434
-420
-416
-458
-469
-511
-533
-515
-519
-557
-519
-504
-504
-440
-395
-310
-249
-224
-190
-157
-197
-168
-149
-131
-145
-126
-155
-119
-70
-74
21
3
51
64
79
61
24
22
-19
-30
-55
-59
-117
-176
-209
-261
-230
-220
-274
-280
-293
-288
-270
-285
-297
-306
-275
-292
-327
-307
-351
-396
-426
-473
-469
-462
-455
-433
-413
-370
-327
-312
-250
-230
-184
-137
-165
-164
-165
-216
-205
-159
-140
-106
-137
-118
-47
-24
29
10
-45
2
-17
-7
-24
-84
-59
-82
-100
-157
-197
-206
-254
-232
-220
-229
-254
-246
-267
-298
-277
-325
-321
-282
-266
-262
-295
-325
-334
-314
-272
-297
-302
-244
-190
-169
-144
-124
-56
22
30
67
84
92
162
164
170
162
159
200
237
204
182
153
149
153
134
125
116
74
63
118
67
39
44
21
-47
-93
-30
-105
-170
-181
-172
-203
-237
-264
-239
-253
-297
-272
-264
-219
-239
-190
-188
-206
-220
-250
-242
-271
-241
-272
-252
-246
-172
-174
-127
-84
-158
-94
-68
-129
-107
-80
-83
-49
-41
-56
-55
-56
-59
-71
-40
-55
-126
-121
-121
-182
-149
-156
-176
-195
-174
-170
-244
-228
-277
-312
-298
-302
-318
-308
-322
-311
-308
-285
-313
-318
-259
-270
-236
-229
-181
-149
-127
-149
-151
-101
-111
-59
-1
48
69
89
119
142
155
129
140
142
168
151
154
173
186
156
190
186
205
180
117
98
35
52
21
21
-20
-50
-30
-110
-118
-125
-163
-210
-215
-241
-255
-288
-333
-303
-311
-257
-315
-323
-313
-286
-251
-271
-248
-195
-181
-160
-139
-92
-75
-75
-63
-3
-4
-1
11
11
53
41
74
74
76
135
155
117
98
92
75
77
72
28
-2
10
23
9
9
-53
-10
-38
-22
-108
-99
-55
-123
-41
-92
-93
-109
-125
-87
-38
-109
-86
-96
-84
-56
-50
4
-64
-78
-65
-84
-39
-22
25
21
43
51
49
128
131
93
124
187
191
220
184
149
151
177
209
192
175
184
204
196
209
168
142
150
85
36
52
67
34
34
29
-19
-18
-33
-16
-25
16
-58
-47
-21
-92
-98
-116
-98
-108
-125
-154
-150
-167
-211
-269
-255
-216
-174
-171
-131
-156
-127
-19
-52
-48
-56
17
-2
21
69
54
55
58
97
139
121
125
124
137
109
99
115
74
71
73
51
-51
-60
-98
-93
-93
-105
-133
-134
-158
-221
-196
-196
-185
-195
-176
-178
-178
-206
-190
-176
-192
-162
-139
-143
-167
-167
-162
-166
-168
-149
-136
-107
-90
-23
-49
-19
10
-3
24
29
61
104
62
79
50
-7
19
26
-30
-5
56
28
56
99
119
106
81
62
91
78
83
-9
-49
-28
-74
-130
-138
-165
-180
-190
-148
-146
-147
-103
-137
-160
-155
-128
-141
-72
-48
-29
-15
-30
-43
-38
-49
-56
-20
-42
-21
-5
-26
-21
-23
-36
1
30
88
90
79
78
112
105
125
122
110
107
50
43
37
4
-1
-8
-11
18
-24
-10
35
37
59
43
-5
-48
-85
-109
-109
-88
-101
-104
-16
-92
-115
-131
-160
-169
-167
-152
-158
-150
-132
-128
-116
-119
-130
-104
-83
-89
-131
-124
-95
-45
-8
-21
31
-6
8
25
67
98
41
89
34
52
29
3
37
-9
68
67
55
37
22
-1
-28
5
-5
-8
-38
-51
-43
-70
-106
-112
-81
-93
-104
-112
-126
-123
-78
-57
-57
-72
-82
-68
-77
-59
-35
-10
14
-3
6
-24
-33
19
15
43
100
134
119
60
67
78
5
9
9
27
53
47
34
9
34
25
-11
-36
-42
13
-28
-68
-87
-126
-105
-127
-69
-79
-53
-34
-10
-10
-14
-12
-30
-17
56
56
106
72
89
158
136
147
188
187
162
140
124
153
79
61
56
92
100
117
137
77
90
17
33
28
-13
-31
-65
-18
-57
-66
-84
-131
-146
-192
-222
-250
-268
-250
-238
-195
-124
-59
-11
21
-3
-29
-51
-53
-85
-51
-82
-136
-77
-43
-48
-36
13
-21
28
90
156
176
208
256
275
335
306
248
222
192
178
172
119
103
30
43
79
66
31
-32
-22
-51
1
-71
-114
-148
-127
-151
-194
-187
-159
-181
-180
-132
-170
-145
-91
-66
-66
-55
-79
-79
-89
-84
-63
-9
11
32
88
79
45
93
82
68
123
108
96
55
71
73
70
76
81
70
27
-13
-27
-50
-81
-55
-143
-208
-174
-153
-133
-147
-117
-138
-139
-111
-145
-159
-171
-198
-257
-286
-253
-271
-312
-292
-245
-262
-216
-181
-216
-219
-217
-241
-243
-233
-262
-285
-259
-264
-286
-243
-285
-297
-255
-215
-199
-191
-200
-179
-179
-157
-119
-113
-82
-88
-58
-66
-117
-108
-82
-99
-88
-79
-75
-53
3
24
60
69
79
57
47
52
41
-16
-46
-43
-140
-166
-229
-252
-223
-261
-345
-307
-347
-325
-297
-336
-328
-327
-325
-291
-313
-330
-314
-293
-330
-307
-258
-246
-214
-205
-195
-185
-185
-133
-118
-130
-61
-76
-84
-88
-65
-44
-79
-106
-120
-121
-127
-131
-164
-177
-182
-152
-163
-186
-212
-188
-178
-201
-245
-254
-288
-320
-278
-317
-346
-381
-362
-350
-357
-315
-257
-265
-263
-199
-173
-167
-189
-215
-216
-294
-272
-254
-278
-250
-248
-218
-202
-237
-214
-189
-213
-184
-178
-164
-113
-119
-112
-99
-116
-132
-118
-132
-188
-189
-192
-233
-222
-241
-260
-233
-246
-196
-206
-275
-236
-211
-203
-224
-241
-262
-250
-231
-245
-265
-231
-202
-256
-229
-182
-208
-231
-196
-217
-235
-182
-142
-134
-117
-102
-101
-51
-21
-67
-42
-61
21
34
-27
2
18
-41
-83
-91
-105
-112
-99
-99
-137
-156
-173
-225
-188
-189
-180
-154
-173
-161
-169
-151
-171
-164
-171
-169
-134
-110
-130
-88
-111
-115
-111
-128
-131
-177
-148
-141
-163
-173
-188
-190
-128
-180
-191
-153
-149
-138
-126
-121
-182
-254
-272
-254
-277
-333
-297
-349
-350
-311
-365
-312
-249
-246
-276
-292
-269
-255
-280
-234
-257
-263
-219
-209
-190
-218
-191
-141
-125
-98
-65
-12
-10
37
64
41
113
132
164
154
125
112
87
40
45
63
25
4
8
-20
-32
-40
-30
-25
-20
-43
-39
-58
-55
-54
-123
-113
-139
-175
-147
-179
-202
-194
-146
-153
-162
-144
-215
-202
-167
-110
-97
-130
-101
-94
-69
-47
-56
-62
-72
-75
-52
-50
-11
-26
-12
11
-27
-84
-75
-90
-69
-79
-123
-98
-148
-163
-200
-189
-199
-246
-231
-254
-221
-166
-187
-195
-174
-167
-113
-96
-135
-115
-135
-114
-107
-93
-76
-104
-140
-117
-148
-134
-131
-141
-166
-216
-142
-206
-161
-170
-173
-106
-119
-122
-132
-168
-180
-178
-210
-171
-173
-218
-210
-203
-169
-152
-112
-116
-129
-102
-108
-113
-141
-107
-144
-130
-127
-123
-81
-108
-59
-37
-25
-75
-54
-47
-75
-20
-37
-75
-49
-49
-53
-44
-106
-73
-90
-51
-65
-94
-71
-71
-90
-121
-110
-131
-155
-135
-138
-144
-163
-183
-188
-215
-245
-243
-235
-198
-233
-202
-166
-167
-150
-139
-127
-158
-121
-127
-122
-135
-128
-71
-39
-32
-17
15
10
22
25
-38
3
0
20
11
24
0
-55
-36
-43
-18
-49
-61
-68
-95
-132
-141
-146
-172
-152
-151
-165
-173
-158
-118
-147
-145
-172
-149
-139
-172
-180
-164
-123
-139
-182
-162
-170
-164
-176
-145
-146
-131
-133
-161
-78
-61
-47
-71
-83
-77
-97
-101
-91
-74
-66
-67
-51
-45
9
59
7
54
18
30
34
16
34
-16
-52
-97
-137
-138
-156
-141
-119
-209
-208
-255
-222
-238
-221
-202
-185
-143
-129
-156
-141
-81
-140
-156
-169
-206
-205
-183
-193
-195
-180
-101
-122
-109
-73
-113
-128
-132
-102
-87
-103
-102
-103
-128
-144
-161
-115
-98
-65
-75
-87
-72
-96
-141
-154
-176
-158
-146
-155
-188
-170
-146
-148
-143
-182
-161
-167
-192
-189
-201
-220
-203
-171
-177
-168
-149
-166
-177
-124
-145
-153
-152
-155
-181
-143
-101
-154
-137
-183
-189
-177
-181
-218
-226
-217
-215
-213
-197
-152
-166
-195
-211
-190
-213
-185
-196
-220
-171
-195
-234
-258
-229
-231
-220
-243
-230
-238
-275
-238
-205
-229
-238
-247
-272
-224
-187
-224
-209
-187
-157
-148
-111
-132
-191
-216
-197
-245
-258
-249
-208
-200
-228
-235
-229
-237
-254
-255
-250
-248
-252
-178
-187
-202
-216
-200
-193
-184
-251
-281
-255
-259
-228
-259
-251
-242
-233
-211
-197
-187
-167
-168
-134
-202
-171
-164
-144
-140
-203
-169
-184
-161
-133
-184
-222
-205
-223
-253
-221
-157
-151
-179
-213
-204
-213
-229
-218
-235
-249
-233
-205
-153
-182
-160
-185
-164
-158
-208
-209
-167
-168
-153
-147
-166
-180
-125
-103
-170
-146
-154
-140
-127
-109
-132
-101
-96
-95
-114
-135
-153
-127
-121
-173
-192
-176
-196
-229
-198
-211
-207
-184
-150
-198
-204
-231
-201
-189
-210
-214
-164
-155
-196
-189
-231
-254
-218
-201
-184
-184
-217
-187
-201
-197
-170
-173
-148
-196
-187
-152
-159
-133
-143
-192
-180
-163
-199
-175
-235
-217
-208
-215
-190
-166
-149
-179
-181
-163
-190
-197
-193
-212
-199
-203
-199
-195
-180
-175
-152
-127
-179
-174
-178
-199
-190
-205
-232
-249
-204
-213
-193
-216
-208
-189
-200
-202
-212
-202
-208
-176
-158
-189
-175
-173
-173
-204
-226
-227
-297
-336
-308
-278
-256
-247
-250
-239
-235
-257
-269
-212
-260
-248
-206
-222
-229
-243
-207
-271
-266
-252
-265
-261
-243
-228
-238
-217
-229
-198
-182
-206
-219
-256
-228
-268
-262
-268
-221
-230
-234
-223
-243
-194
-211
-205
-206
-194
-200
-170
-155
-156
-158
-154
-150
-167
-197
-215
-177
-250
-242
-233
-249
-215
-238
-212
-218
-250
-238
-255
-274
-220
-246
-283
-303
-326
-287
-309
-316
-297
-291
-247
-244
-220
-220
-224
-225
-199
-168
-185
-115
-109
-119
-91
-76
-61
-34
10
25
-31
-2
20
2
28
-24
-20
34
4
-25
-4
-57
-72
-67
-99
-118
-125
-141
-114
-105
-76
-96
-88
-50
-54
-91
-106
-109
-142
-110
-153
-125
-156
-190
-170
-187
-171
-186
-159
-165
-145
-108
-132
-96
-100
-108
-90
-87
-77
-74
-61
-90
-116
-73
-112
-151
-144
-170
-167
-164
-186
-204
-189
-230
-200
-186
-176
-183
-147
-125
-103
-88
-109
-88
-115
-118
-117
-113
-141
-126
-106
-110
-153
-116
-130
-117
-125
-139
-175
-221
-205
-220
-219
-188
-189
-157
-110
-132
-157
-148
-131
-182
-152
-197
-200
-234
-232
-186
-194
-158
-174
-148
-148
-173
-167
-166
-158
-135
-153
-121
-102
-68
-71
-47
-45
-55
-14
-64
-76
-100
-110
-106
-118
-90
-106
-94
-40
-93
-161
-192
-127
-99
-93
-102
-118
-97
-112
-96
-151
-131
-112
-93
-116
-96
-109
-130
-135
-107
-156
-200
-246
-228
-227
-247
-204
-226
-244
-237
-192
-276
-285
-276
-236
-283
-309
-298
-238
-242
-231
-205
-259
-196
-147
-160
-184
-150
-154
-159
-148
-156
-181
-164
-138
-114
-85
-93
-82
-83
-125
-78
-92
-71
-70
-88
-92
-121
-79
-133
-134
-142
-137
-131
-135
-158
-138
-69
-111
-162
-164
-160
-150
-148
-144
-171
-230
-212
-226
-266
-216
-183
-132
-207
-148
-156
-204
-214
-191
-161
-212
-180
-213
-237
-211
-203
-171
-144
-124
-84
-140
-105
-125
-158
-178
-188
-142
-140
-154
-126
-108
-95
-134
-168
-139
-126
-143
-138
-67
-24
19
19
36
11
-29
-60
-16
-38
-43
-80
-80
-67
-101
-101
-80
-38
-10
18
-9
36
5
-17
14
42
26
31
0
-6
10
32
28
30
20
-11
-48
-99
-131
-178
-189
-221
-196
-167
-137
-126
-80
-21
-18
5
-54
-42
-49
-60
-60
-33
-62
-82
-73
-105
-103
-106
-80
-103
-125
-110
-130
-87
-68
-88
-50
-58
-37
-45
-15
-21
10
-4
-36
-35
-59
-62
-100
-108
-78
-79
-174
-178
-186
-172
-176
-142
-94
-123
-70
-100
-85
-97
-109
-38
-23
-3
-19
0
-6
-28
3
-12
18
56
46
63
67
44
9
-12
-31
-24
-12
40
41
49
18
-4
-27
41
38
-22
0
-14
-19
-59
-51
-36
-21
-36
-22
-28
-28
-64
-90
-116
-123
-126
-191
-181
-210
-217
-203
-221
-229
-189
-190
-167
-93
-90
-83
-56
-24
-33
-50
-57
-43
-44
-35
15
31
56
50
67
70
98
140
123
105
125
137
102
94
78
79
61
33
-34
-114
-138
-164
-136
-119
-120
-89
-53
-10
-13
-4
50
51
49
81
30
47
32
46
44
6
-4
-14
-11
-27
-9
45
35
32
30
23
48
10
10
88
118
120
107
127
127
140
107
76
22
22
48
14
5
-19
-32
-55
-73
-87
-87
-79
-22
2
16
-6
-48
-25
17
11
8
-64
-97
-92
-74
-77
-99
-81
-100
-107
-106
-91
-70
-68
-36
-13
71
100
90
140
98
114
107
65
75
23
62
38
0
-7
-3
18
-32
-21
7
1
-33
11
-11
-33
-79
-121
-115
-119
-95
-65
-70
-100
-105
-140
-158
-191
-174
-196
-183
-190
-197
-187
-121
-136
-157
-127
-81
-70
-71
27
53
93
74
107
124
76
36
40
-3
-73
-64
-73
-82
-58
-56
-34
18
38
-1
-69
-102
-81
-106
-124
-124
-122
-82
-99
-92
-89
-119
-144
-108
-142
-122
-102
-82
-68
-52
-55
-52
-56
-6
49
116
154
203
235
239
228
253
232
185
171
150
154
186
159
186
107
111
195
186
211
185
168
158
131
125
101
90
67
78
129
117
109
97
134
130
150
142
147
168
129
142
99
108
103
112
124
59
9
42
15
-3
-47
-68
-28
-25
53
69
128
138
138
99
107
92
61
43
3
17
4
28
65
53
-4
-54
-25
39
101
103
122
184
86
65
124
111
77
43
25
-5
-50
-66
-75
-99
-108
-137
-162
-175
-180
-170
-136
-104
-64
23
58
68
145
137
115
102
71
18
20
-12
13
-6
-37
5
-26
-54
0
-34
0
12
22
100
111
117
93
88
60
81
87
73
29
38
-1
12
-11
-39
-16
-39
-4
51
89
18
30
70
66
41
118
84
84
98
54
19
-4
-31
-52
-65
-45
-28
-63
-87
-102
-108
-62
-31
15
40
75
51
58
35
-19
-35
-77
-100
-125
-118
-154
-101
-109
-62
9
45
62
59
63
49
62
52
52
32
79
54
35
34
1
1
20
25
-30
-32
-52
-19
-16
15
15
-19
-41
-58
-64
-9
-18
20
47
25
18
36
12
-39
17
5
-31
47
61
90
62
30
2
-41
-69
-71
-21
10
48
14
58
60
111
123
111
113
145
134
134
132
97
110
77
120
127
124
42
33
7
-15
20
34
43
89
112
28
94
71
52
78
78
114
146
153
143
203
188
157
187
209
229
260
254
295
309
285
252
194
185
206
165
162
144
127
159
148
118
115
141
129
64
102
85
85
99
28
11
31
48
34
62
49
45
-8
-40
-20
-7
-7
21
-36
-41
61
28
82
92
51
59
72
129
167
202
193
219
195
179
181
182
177
204
180
167
155
117
104
84
54
63
71
76
87
111
68
36
55
-22
16
23
27
40
-19
-38
-45
-55
-62
-71
-113
-117
-92
-84
-73
-52
-16
50
27
42
45
34
36
55
75
50
32
63
117
161
170
147
205
235
287
288
276
251
203
201
168
206
186
140
141
174
214
204
154
121
122
68
102
109
133
142
150
129
164
181
171
161
174
150
132
180
147
192
174
151
187
119
145
143
121
162
174
231
215
248
224
202
192
170
190
193
157
114
128
108
117
70
41
75
52
53
47
108
115
85
134
129
156
154
120
114
78
130
66
54
69
68
110
67
61
50
99
107
152
204
210
229
208
204
171
84
112
140
130
119
53
49
21
27
38
-6
33
-20
-40
-27
-4
-17
-11
-13
55
33
29
38
45
86
52
94
38
74
82
51
131
134
139
149
189
219
216
226
263
315
335
294
289
280
326
265
254
280
266
225
178
195
188
205
222
207
205
202
227
233
212
225
240
219
197
231
182
185
189
168
154
142
227
231
286
248
244
293
299
252
245
258
257
197
170
210
192
198
143
127
117
125
112
111
104
126
99
59
121
80
82
100
135
134
144
117
90
56
65
55
79
78
64
95
97
150
135
131
199
213
217
233
199
229
207
170
184
150
136
108
106
121
131
150
142
124
118
108
146
180
179
149
123
195
193
142
134
130
145
138
137
139
135
80
81
116
167
158
152
167
162
147
121
123
143
150
139
104
66
58
125
148
119
117
131
169
191
159
142
163
159
119
125
91
106
127
164
182
189
219
191
191
182
173
203
229
221
194
175
172
137
59
83
107
111
94
118
122
80
109
101
114
116
122
169
120
118
131
138
116
102
92
81
89
47
9
-4
-5
-1
10
19
17
-2
68
65
89
125
95
125
88
141
97
108
84
61
78
94
129
140
131
163
178
153
151
117
130
127
133
101
176
197
210
219
203
181
169
217
184
173
163
175
132
127
87
95
99
96
119
126
122
131
135
57
86
98
91
111
124
118
91
73
88
88
40
14
51
92
75
114
95
90
38
103
147
126
170
129
140
174
203
213
208
233
213
246
279
234
263
221
200
195
164
163
167
198
166
90
101
124
76
87
129
133
139
157
139
101
71
35
76
48
47
72
40
51
27
22
50
49
108
103
143
142
147
188
108
145
190
171
160
161
105
124
159
137
124
166
176
174
213
187
172
218
189
187
129
131
114
144
96
83
96
66
68
39
36
13
8
-14
-11
-64
-23
32
53
80
92
91
98
170
101
60
54
59
75
136
128
150
152
142
146
153
174
151
150
220
266
259
248
312
310
207
186
146
127
128
146
153
107
152
139
80
85
100
114
108
131
157
126
97
101
73
78
62
30
35
2
-50
-36
0
7
5
69
89
90
123
123
107
98
101
82
115
138
105
44
49
78
80
18
59
160
127
99
132
164
124
119
150
123
165
150
171
155
119
122
74
36
72
87
108
118
64
73
77
115
88
123
114
111
117
134
103
65
84
15
28
30
14
-27
-7
-6
4
15
-15
-41
3
36
50
70
59
58
60
48
70
73
7
21
37
52
43
69
76
34
36
76
84
117
120
53
97
102
74
140
115
120
162
162
144
135
135
94
79
103
94
111
148
103
110
81
63
57
60
58
90
97
95
107
123
109
117
144
82
63
47
13
-10
5
-11
-2
7
11
1
19
20
33
43
25
62
25
27
31
33
29
46
32
39
49
41
87
75
95
113
174
211
186
212
184
235
200
160
199
194
187
175
230
185
171
184
135
132
111
123
139
140
91
97
93
75
121
142
110
145
123
103
109
86
143
152
180
203
194
128
82
74
6
-6
-30
-56
-21
-2
32
2
46
89
64
91
99
110
115
147
131
87
80
48
51
42
59
57
58
86
74
91
147
136
151
185
190
210
193
224
169
178
160
156
169
131
161
196
243
199
183
180
189
146
103
63
55
73
79
95
90
169
176
165
137
86
89
69
48
62
33
49
21
66
79
79
109
90
126
111
87
96
97
109
90
93
56
72
105
98
99
54
80
94
69
98
95
28
45
46
37
60
61
17
-7
18
41
112
131
107
129
41
82
73
96
38
28
59
76
105
54
84
115
159
171
186
162
187
211
211
208
162
109
100
105
105
63
17
-2
41
29
72
68
62
80
73
100
124
125
138
145
130
87
88
117
66
58
72
76
76
85
75
67
18
-3
12
53
44
37
61
85
95
153
209
183
150
131
103
158
137
184
172
187
152
166
209
216
288
286
288
297
319
262
276
244
158
145
172
114
110
124
114
119
87
97
101
74
84
80
130
115
68
50
32
32
4
0
-7
36
53
86
93
123
105
108
115
131
129
123
198
168
203
234
226
258
251
247
194
155
151
164
147
127
134
113
159
149
121
134
110
137
114
114
114
114
113
96
148
125
118
101
116
107
103
98
101
115
95
75
76
70
63
43
26
46
43
84
78
79
100
85
41
90
95
141
163
136
163
167
148
99
96
74
135
160
166
139
161
215
194
260
233
206
183
200
194
204
190
176
142
149
171
115
154
96
45
74
85
48
66
48
14
68
75
76
67
66
30
8
47
58
85
66
37
72
117
85
77
29
73
73
34
48
40
94
118
148
209
208
217
229
212
189
163
158
102
139
79
81
109
62
33
19
33
50
61
72
148
175
171
169
131
137
128
161
179
177
213
204
212
149
110
147
146
126
100
75
95
115
134
144
183
182
193
164
121
110
88
76
25
15
27
-42
-71
-17
-13
-11
-26
-61
-61
-50
-7
-2
52
95
124
123
96
117
70
41
-16
-3
37
19
24
-12
28
38
52
138
123
151
139
160
145
95
145
130
111
170
130
74
91
96
116
97
105
104
86
85
53
93
40
40
52
37
10
-6
42
72
48
16
0
-48
-40
-39
-28
-8
17
91
85
76
54
56
69
70
72
37
16
-24
-55
-67
-86
-100
-78
-43
-56
-41
-28
1
61
38
16
-6
11
4
72
74
85
74
25
70
14
0
-8
39
55
91
103
120
121
98
146
159
177
143
149
174
172
164
144
121
102
124
130
123
135
159
157
142
123
111
109
57
71
59
43
16
15
55
35
86
76
93
92
34
18
22
14
37
51
34
40
19
1
-19
-35
-23
-47
-76
-32
10
43
74
75
81
65
75
96
98
132
139
129
97
126
156
169
151
95
135
113
130
149
82
110
125
119
127
176
171
150
176
154
93
87
108
49
42
70
38
44
74
74
94
51
40
39
34
51
3
6
39
50
60
26
53
61
20
44
54
23
14
35
42
67
113
145
128
141
117
121
143
115
96
66
63
65
11
52
82
76
95
79
79
63
81
55
123
142
137
139
163
172
137
130
162
159
94
76
34
20
9
-24
-28
-25
61
59
44
111
42
-22
10
42
7
0
39
-8
-32
-33
-19
-42
-73
-39
-50
-23
-60
-50
7
41
-33
22
67
69
168
188
231
245
252
245
242
193
170
127
133
169
164
203
175
176
189
152
163
212
127
149
129
101
127
121
89
93
101
105
52
1
8
-27
1
-52
-90
-98
-60
-43
0
-22
-38
-64
-101
-77
-73
-52
-51
-65
-54
-10
-31
-68
-80
-39
-19
-22
11
13
54
40
61
86
71
108
128
131
116
141
140
123
140
164
105
72
90
109
100
101
54
39
91
67
122
142
82
106
94
59
65
48
65
71
111
106
72
83
70
97
116
139
131
144
118
143
155
172
204
174
170
171
153
183
175
129
98
52
93
90
118
105
139
120
91
106
68
88
81
72
69
29
3
5
-18
-29
-19
3
10
-13
24
64
41
22
-29
29
56
53
96
100
154
90
81
132
58
114
110
92
109
120
169
101
124
116
131
139
169
173
164
192
118
131
62
103
152
104
137
147
141
111
129
104
108
106
90
79
103
135
104
144
96
135
134
122
87
77
71
63
113
130
135
138
195
126
144
194
220
189
177
167
115
143
138
154
183
198
191
203
181
127
169
124
162
173
170
220
203
157
177
196
160
156
159
190
153
133
166
103
78
34
57
119
110
107
125
120
125
135
113
88
176
181
138
135
111
131
73
89
59
88
111
134
157
152
163
160
161
125
205
256
192
183
152
150
177
174
172
183
175
141
175
165
143
111
146
139
182
204
186
165
184
171
129
130
103
124
131
92
85
98
99
48
15
34
73
72
57
125
75
74
81
83
23
3
20
-1
-9
-52
-65
-46
-88
-82
-99
-127
-157
-141
-95
-77
-92
-91
-18
-37
50
63
63
19
-43
-37
-64
-87
-82
-92
-100
-40
-5
25
63
48
68
40
28
6
17
43
5
23
16
-13
-4
-38
-48
-49
-25
-47
-60
-34
1
24
16
6
35
57
35
25
40
20
23
7
-27
-10
4
71
101
71
79
96
54
88
23
15
38
52
100
58
103
75
72
97
136
65
29
46
38
28
42
33
35
66
19
-9
6
-6
-65
-82
-87
-126
-134
-107
-103
-80
-74
-69
-60
-32
-27
13
62
22
20
18
-17
-53
-36
-51
-67
-57
-31
-18
-10
3
12
28
-11
25
42
40
3
30
62
68
65
77
39
23
25
31
77
80
45
72
89
45
27
18
11
7
18
0
24
-19
32
65
21
17
6
11
26
-1
17
23
25
-6
-22
-29
-22
1
15
44
52
63
38
32
23
36
71
80
5
54
46
53
55
40
16
15
0
-25
9
-21
-21
-83
-82
-65
-40
-50
-56
-90
-87
-32
-24
-25
-3
-44
-29
-59
-74
-78
-53
-58
-118
-134
-94
-79
-68
-13
10
-9
15
-28
12
25
-30
-74
-83
-62
-60
-19
3
46
21
49
37
33
37
10
-17
27
43
27
48
42
100
94
58
67
38
72
65
69
124
111
110
109
80
58
83
8
13
-2
-42
-24
-49
-89
-43
-10
-46
19
-4
-11
-11
33
13
-4
33
-6
-13
-25
-46
-8
-10
-49
-37
-10
9
44
-17
1
-22
-2
48
11
-1
-14
-35
-30
-15
-90
-12
-21
-5
21
2
27
32
34
36
28
44
58
-10
-23
8
-8
0
-10
-12
59
15
9
79
123
119
108
52
53
49
20
10
-64
-69
-59
-61
-70
-46
-3
-15
-57
-87
-40
-42
-93
-105
-148
-137
-160
-148
-148
-180
-200
-174
-143
-139
-160
-178
-170
-192
-172
-145
-117
-135
-132
-68
-33
-14
-23
-34
-69
-29
-45
-91
-68
-53
-39
-46
-9
-35
-61
-52
-62
-54
-61
-37
-27
-31
-11
-43
-28
-77
-94
-103
-113
-72
-82
-153
-156
-170
-165
-184
-178
-123
-120
-122
-85
-135
-156
-148
-157
-117
-111
-124
-122
-121
-117
-47
-69
-40
12
44
39
91
120
110
83
56
86
79
104
55
34
75
37
83
76
54
102
60
55
143
116
42
53
20
63
17
-12
-15
-16
-30
-65
-18
-66
-57
-44
-28
-17
-33
-44
-56
-40
-56
-68
-62
-60
-67
-69
-58
-82
-113
-110
-135
-115
-144
-140
-152
-163
-163
-133
-94
-31
-20
-3
23
27
38
52
15
45
73
17
53
-9
-1
-3
-10
-46
-11
-17
-48
41
3
-24
9
12
46
-16
-30
-8
19
3
11
42
62
-2
1
0
-20
-4
-16
-33
-82
-76
-122
-140
-175
-165
-174
-197
-171
-155
-153
-152
-126
-112
-81
-82
-95
-134
-137
-115
-123
-95
-85
-108
-84
-99
-133
-97
-82
-37
6
-3
37
70
63
75
101
21
51
48
36
7
-64
-44
-95
-88
-112
-109
-105
-119
-100
-67
-53
-35
3
-33
-67
-90
-107
-159
-130
-136
-174
-164
-163
-171
-223
-198
-213
-213
-224
-225
-180
-192
-164
-93
-80
-125
-88
-101
-117
-94
-83
-120
-171
-93
-83
-143
-131
-75
-69
-54
-45
2
-19
-1
31
14
51
81
34
-5
-3
-21
-14
-59
-66
-50
-84
-115
-76
-33
-35
-16
-46
-51
-46
-31
-81
-120
-129
-187
-174
-182
-201
-186
-169
-177
-182
-204
-210
-198
-239
-202
-127
-139
-127
-148
-150
-163
-135
-135
-154
-146
-157
-119
-87
-60
-60
-43
14
-25
42
41
8
60
46
75
55
60
24
-5
-21
-27
-61
-37
-16
-21
-55
-102
-74
-121
-89
-120
-141
-96
-113
-61
-55
-22
-53
-116
-135
-200
-226
-220
-190
-171
-154
-115
-97
-102
-68
-69
-89
-70
-43
-24
-29
-32
33
27
31
40
57
57
28
-6
15
23
-14
-74
-99
-73
-98
-117
-148
-77
-73
-91
-83
-28
7
-43
-73
-77
-97
-129
-112
-124
-80
-72
-24
-10
-3
11
4
20
50
84
85
88
82
56
39
69
71
43
23
17
-42
-33
-42
-6
18
53
70
36
84
83
64
70
29
48
-12
-37
-25
-72
-77
-76
-25
-10
-30
-40
-11
-7
4
30
34
43
90
95
54
62
52
44
46
44
15
15
23
72
59
46
18
0
23
37
47
41
57
11
6
41
13
18
-28
-53
-78
-90
-86
-87
-93
-105
-41
-59
-7
-24
-54
-16
24
14
23
-22
-46
3
-7
-17
-12
-21
-44
-61
-14
-15
-44
2
32
1
9
-3
42
110
31
77
103
84
58
72
76
35
38
-10
-52
-71
-115
-104
-123
-157
-121
-60
-67
-13
34
51
96
83
104
67
60
37
19
-19
-13
-66
-78
-90
-81
-56
-78
-46
-66
-69
-32
-107
-71
-29
-40
-16
-24
-22
-21
10
3
-12
-65
-91
-75
-90
-89
-87
-114
-78
-91
-40
-15
-29
-24
3
33
15
72
26
30
20
-39
-47
-96
-129
-120
-96
-131
-121
-76
-35
37
49
53
11
91
84
76
123
85
117
144
104
79
97
62
42
42
17
23
27
38
14
15
40
10
-14
28
-17
-50
-93
-123
-88
-122
-100
-102
-61
-140
-165
-181
-169
-147
-83
-22
-31
-3
-44
-60
-53
-89
-104
-108
-101
-68
-62
5
-25
-2
32
14
71
54
111
133
118
140
74
69
42
-19
-54
-61
-48
-72
-78
-67
-67
-46
-39
-48
-48
-63
-115
-108
-153
-139
-108
-161
-158
-183
-201
-218
-186
-158
-159
-98
-71
-44
-82
-56
-26
-33
6
3
10
32
90
79
43
44
60
25
48
-12
-11
32
2
8
5
11
30
42
19
19
-11
-4
-48
-119
-117
-103
-90
-136
-178
-186
-166
-152
-145
-97
-105
-82
-20
-1
10
-18
-39
-6
14
-1
-43
-21
-55
-44
-80
-55
-38
-62
-50
-25
4
5
48
51
10
-32
-42
-91
-85
-55
-115
-95
-79
-123
-154
-138
-164
-173
-219
-271
-228
-236
-219
-180
-169
-125
-89
-63
-91
-117
-145
-162
-159
-125
-102
-127
-160
-124
-89
-117
-122
-73
-83
-89
-55
-93
-69
-70
-84
-89
-129
-168
-193
-190
-235
-235
-185
-188
-168
-139
-148
-127
-148
-166
-152
-189
-199
-224
-228
-232
-214
-207
-220
-197
-142
-140
-117
-136
-143
-115
-113
-110
-113
-79
-43
-27
-80
-67
-26
-46
-74
-81
-77
-100
-110
-144
-141
-141
-126
-129
-106
-47
-88
-134
-85
-80
-115
-65
-71
-128
-133
-118
-160
-197
-215
-242
-219
-242
-189
-188
-199
-171
-174
-198
-147
-159
-140
-122
-122
-103
-86
-85
-107
-124
-165
-165
-202
-195
-223
-205
-201
-171
-142
-195
-186
-183
-198
-177
-138
-170
-185
-157
-212
-180
-210
-178
-182
-242
-251
-266
-209
-223
-184
-179
-172
-162
-149
-121
-93
-55
-74
-84
-82
-85
-28
-37
-42
-58
-89
-75
-88
-49
-45
-48
-59
-80
-136
-139
-160
-179
-204
-202
-190
-165
-174
-171
-141
-179
-180
-220
-217
-228
-230
-251
-241
-246
-224
-243
-272
-267
-262
-238
-254
-289
-269
-245
-226
-166
-152
-132
-180
-176
-134
-156
-113
-165
-135
-100
-162
-134
-141
-157
-163
-174
-180
-175
-198
-186
-154
-157
-128
-137
-119
-160
-143
-96
-119
-132
-139
-117
-169
-142
-144
-171
-134
-144
-164
-157
-172
-154
-117
-131
-147
-108
-78
-117
-138
-132
-122
-92
-132
-146
-63
-41
-40
2
-3
-34
-31
-49
-28
-32
-65
-56
-90
-74
-88
-50
-81
-89
-106
-116
-160
-154
-185
-180
-172
-187
-197
-235
-218
-249
-180
-199
-199
-230
-204
-243
-248
-227
-259
-222
-191
-194
-190
-180
-181
-155
-133
-87
-45
-9
29
27
28
41
50
45
17
-4
-49
-42
-25
-19
-24
-21
-20
-18
17
31
-30
-59
-44
-51
-44
-89
-103
-69
-65
-35
-52
-70
