SAMPLES:	17646
BITSPERSAMPLE:	16
CHANNELS:	1
SAMPLERATE:	16000
NORMALIZED:	FALSE
143
163
126
170
178
162
144
149
162
150
140
137
82
113
110
75
107
93
96
59
43
23
27
35
43
60
51
68
8
-18
-57
-82
-51
-75
-90
-99
-90
-56
-52
-6
13
-14
-17
39
30
90
101
76
49
55
33
-20
24
55
46
50
60
89
74
17
65
123
117
148
150
179
183
165
163
105
99
77
90
59
30
36
31
47
55
60
26
26
47
44
17
37
35
3
65
73
59
30
7
-3
-20
-36
-53
-58
-82
-105
-93
-100
-131
-90
-109
-83
-66
-138
-162
-213
-228
-236
-256
-233
-216
-212
-182
-186
-208
-188
-174
-170
-201
-155
-135
-181
-154
-177
-162
-182
-209
-203
-188
-171
-198
-194
-189
-178
-181
-174
-152
-182
-101
-91
-82
-26
-67
-95
-90
-106
-179
-167
-223
-231
-167
-192
-183
-175
-154
-130
-123
-118
-63
-97
-77
-127
-143
-132
-168
-148
-159
-158
-162
-139
-124
-92
-77
-88
-76
-55
-61
-64
-66
-121
-107
-146
-143
-148
-158
-144
-164
-221
-250
-221
-233
-253
-265
-229
-225
-282
-295
-249
-233
-215
-190
-209
-227
-259
-255
-197
-296
-289
-285
-295
-245
-239
-196
-260
-257
-194
-196
-246
-217
-238
-258
-252
-258
-288
-237
-220
-221
-226
-239
-284
-334
-295
-284
-342
-361
-349
-354
-305
-345
-339
-322
-311
-319
-298
-351
-332
-313
-277
-249
-303
-325
-267
-260
-261
-269
-233
-189
-210
-193
-163
-151
-198
-162
-190
-201
-212
-214
-209
-208
-199
-177
-181
-213
-252
-273
-255
-304
-330
-341
-378
-389
-395
-404
-382
-390
-397
-433
-430
-390
-417
-433
-353
-311
-302
-267
-279
-219
-205
-185
-162
-142
-157
-213
-205
-224
-280
-297
-259
-240
-251
-279
-269
-257
-269
-274
-233
-274
-297
-322
-305
-299
-301
-303
-273
-248
-260
-254
-270
-257
-280
-230
-239
-248
-212
-213
-175
-226
-260
-247
-277
-265
-269
-268
-261
-281
-320
-330
-326
-310
-321
-336
-371
-388
-391
-406
-384
-353
-397
-450
-429
-431
-434
-445
-407
-390
-407
-371
-362
-373
-361
-387
-345
-332
-364
-347
-319
-243
-253
-269
-243
-251
-245
-281
-270
-254
-270
-255
-229
-198
-222
-175
-176
-182
-206
-241
-186
-190
-224
-205
-227
-228
-231
-238
-289
-275
-305
-297
-288
-322
-299
-327
-312
-282
-313
-338
-338
-339
-266
-304
-271
-261
-290
-287
-337
-272
-308
-291
-295
-315
-317
-318
-313
-325
-302
-325
-315
-315
-272
-262
-265
-308
-315
-271
-267
-301
-300
-310
-309
-296
-345
-320
-346
-339
-352
-350
-313
-332
-290
-314
-308
-242
-222
-240
-215
-241
-261
-211
-206
-180
-168
-188
-198
-187
-180
-164
-140
-142
-105
-118
-155
-141
-139
-156
-123
-132
-151
-177
-131
-109
-144
-118
-134
-141
-113
-100
-112
-84
-80
-80
-48
-42
-69
-105
-151
-156
-174
-211
-234
-213
-223
-226
-161
-193
-211
-169
-222
-221
-242
-245
-221
-250
-184
-193
-155
-174
-186
-203
-153
-164
-198
-138
-168
-139
-126
-130
-145
-131
-101
-109
-99
-76
-92
-66
-86
-97
-62
-152
-158
-147
-142
-84
-75
-67
-34
2
-4
51
-9
-39
-116
-181
-143
-131
-134
-134
-67
-78
-95
-103
-79
-102
-127
-132
-102
-69
-122
-98
-69
-57
-85
-70
-127
-94
-90
-149
-117
-127
-113
-79
-48
-60
-94
-73
-86
-127
-174
-172
-192
-193
-180
-216
-251
-251
-199
-236
-229
-241
-246
-224
-202
-211
-283
-273
-238
-264
-264
-252
-243
-293
-243
-224
-240
-206
-235
-252
-190
-175
-170
-136
-137
-136
-152
-144
-150
-158
-121
-70
-95
-88
-61
-82
-142
-133
-148
-163
-129
-96
-99
-68
-47
-75
-86
-80
-16
-65
-91
-96
-75
-40
-34
-55
-54
-41
-66
-93
-99
-70
-82
-69
-77
-88
-83
-53
-58
-80
-73
-97
-74
-69
-113
-117
-76
-87
-98
-82
-69
-73
-97
-63
-2
9
-12
-73
-70
-84
-129
-84
-126
-116
-132
-176
-157
-91
-59
-44
-14
-21
-40
-42
-26
-18
-15
-6
0
-16
-41
-60
-74
-74
-92
-115
-63
-86
-141
-129
-41
-26
-69
-32
-26
-16
-16
1
-13
-4
-27
12
47
-6
87
27
61
98
41
44
72
37
58
73
80
74
64
55
52
58
49
70
70
114
119
91
78
54
35
2
-50
-67
-20
-13
6
-14
-45
-28
-53
-108
-97
-81
-116
-140
-38
-64
-78
-103
-130
-96
-139
-55
-67
-106
-77
-63
-48
-37
-32
-25
45
44
0
38
15
8
23
47
-5
0
9
-25
19
13
23
34
28
84
93
46
53
43
23
-13
-24
-32
-50
-52
-7
-13
-40
-16
-22
-23
-17
-11
9
5
35
36
94
107
88
86
54
87
113
69
70
44
35
98
62
46
14
52
70
79
13
24
47
41
66
-13
-4
-23
-57
-53
-65
-30
-35
-38
-80
-113
-88
-123
-115
-124
-142
-107
-137
-138
-119
-105
-71
-48
-105
-102
-49
-37
-49
-82
-61
-89
-70
-42
26
83
64
101
121
140
190
179
165
183
161
128
128
97
67
27
38
12
2
-2
-35
-31
-81
-73
-70
-92
-58
-57
-41
-58
-75
-81
-122
-80
-58
-64
-103
-120
-75
-57
-30
-31
-41
-41
-50
-37
-72
-35
-24
-25
-25
15
72
71
85
104
100
78
55
60
54
53
41
10
-12
-12
2
4
-38
-14
-77
-129
-94
-105
-61
-61
-135
-134
-141
-129
-100
-105
-149
-161
-179
-187
-192
-199
-173
-197
-209
-233
-212
-204
-205
-237
-191
-167
-167
-155
-117
-180
-154
-159
-139
-124
-118
-64
-86
-84
-105
-13
-46
-13
22
-18
39
48
16
30
21
45
106
119
139
103
125
108
88
109
84
77
35
31
-2
-28
-20
-31
-13
-11
-10
-30
-31
-62
-79
-103
-83
-78
-14
47
2
47
-11
-7
3
-26
55
86
89
73
82
79
78
105
140
95
98
67
73
85
20
29
18
-18
-10
19
-48
-60
-52
10
-42
-42
-11
1
1
-39
-24
-38
-36
-36
-10
-48
-43
-74
-41
-67
-42
-24
-33
49
73
121
157
175
123
81
161
132
117
102
115
94
43
44
15
2
-35
-58
-44
-44
-46
-27
-39
-17
66
58
95
153
116
87
116
132
115
102
88
89
95
90
110
97
71
69
50
67
67
71
114
92
114
77
42
22
-13
7
-21
-25
-57
-98
-123
-110
-116
-124
-121
-107
-67
-35
0
-2
9
-10
-56
-50
-77
-62
-62
-36
-56
-62
-46
-53
-29
-21
-32
-24
14
-29
-4
36
10
28
80
19
-6
-90
-29
-12
-13
15
19
52
49
123
128
123
118
123
82
45
8
-9
-63
-33
-63
-89
-118
-182
-153
-178
-186
-252
-276
-259
-270
-224
-216
-234
-279
-278
-253
-204
-181
-157
-128
-100
-58
-15
13
44
80
82
95
99
120
141
184
187
173
190
174
161
127
127
128
116
87
37
19
-21
-3
-57
-52
-28
-55
-79
-126
-132
-176
-158
-152
-188
-216
-176
-188
-203
-172
-98
-46
-30
-32
-42
-10
14
37
70
121
162
175
162
159
170
166
181
197
198
203
204
210
199
182
168
150
191
139
84
144
140
123
58
59
54
6
-6
-43
-39
-27
-33
-10
-5
-10
4
-47
-53
-48
-97
-155
-164
-161
-161
-148
-86
-108
-83
-10
-83
-42
-10
-41
-47
-41
-8
23
102
122
155
161
154
142
173
172
160
162
126
90
81
128
117
84
81
32
11
-17
-18
-27
-82
-73
-110
-60
-74
-49
-50
-97
-92
-106
-113
-143
-130
-147
-147
-183
-159
-138
-80
-70
13
45
76
82
70
152
99
147
92
66
92
65
52
69
61
45
-22
10
-6
-85
-31
-12
28
-30
-17
20
-9
-22
-8
-24
-53
-42
-41
-54
-45
-83
-136
-68
-71
-89
-71
-67
-63
-33
5
19
55
30
65
59
48
84
83
98
128
163
104
98
129
186
216
208
224
201
203
179
171
202
144
98
66
82
89
84
107
113
101
77
78
20
31
48
46
7
-23
-29
-49
-63
-77
-15
10
-23
4
34
31
35
-14
-28
-6
-51
-27
-21
-19
1
3
16
-5
-12
-38
-41
-22
-54
-59
-50
-24
-17
-98
-67
-56
-130
-128
-140
-71
-59
-48
-40
-26
-3
56
101
127
124
145
171
187
225
246
219
206
240
240
256
262
305
262
260
234
261
234
267
265
220
206
173
130
61
90
26
-22
-25
-72
-88
-112
-138
-153
-198
-168
-183
-201
-227
-198
-197
-175
-145
-152
-81
-53
2
6
16
58
74
99
102
132
141
134
141
149
152
150
161
175
176
197
188
191
220
157
160
117
78
70
61
33
-16
-52
-58
-57
-61
-68
-123
-105
-64
-117
-144
-134
-96
-91
-46
-26
-13
-65
-63
-47
-49
-24
-20
10
24
46
56
75
73
125
126
108
72
82
107
70
89
93
66
52
49
53
44
-4
30
-20
-78
-22
-65
-73
-73
-89
-47
-119
-153
-93
-164
-202
-187
-189
-206
-220
-208
-235
-209
-146
-141
-105
-69
-84
-126
-163
-141
-153
-197
-138
-158
-159
-135
-113
-121
-114
-71
-77
-83
-51
-74
-55
-9
-59
-27
-23
-7
8
15
57
55
33
67
101
44
73
71
59
59
83
118
119
135
134
163
118
146
136
103
120
67
84
42
24
16
29
9
-5
-4
-42
-43
-12
-28
-90
-79
-97
-94
-108
-108
-127
-147
-129
-138
-128
-137
-156
-142
-159
-152
-151
-189
-198
-211
-251
-224
-237
-212
-164
-139
-99
-65
-99
-83
-53
-45
-6
-3
-15
-58
-12
-23
-76
-50
-84
-87
-73
-93
-47
-31
-24
-35
-25
-43
-47
-35
-63
-83
-92
-101
-68
-82
-113
-32
-71
-88
-108
-109
-125
-136
-90
-91
-108
-104
-57
-107
-79
-70
-84
-50
-43
-1
3
99
62
45
65
77
87
104
123
80
75
33
22
-33
-26
-63
-133
-117
-128
-106
-90
-47
-70
-76
-58
-39
-63
-61
-65
-93
-91
-113
-126
-115
-138
-123
-101
-169
-197
-156
-126
-145
-92
-114
-143
-126
-103
-102
-78
-84
-110
-103
-118
-66
-74
-63
-83
-52
-86
-83
-81
-118
-60
-68
-40
-76
-10
26
-18
-48
-63
-90
-109
-106
-87
-146
-147
-182
-226
-217
-209
-220
-256
-279
-230
-206
-206
-246
-229
-167
-229
-251
-200
-210
-233
-233
-254
-196
-207
-223
-207
-256
-201
-181
-188
-177
-151
-140
-102
-84
-62
-97
-93
-53
-112
-119
-143
-112
-145
-145
-113
-122
-79
-142
-171
-161
-129
-156
-169
-145
-188
-183
-204
-188
-207
-198
-205
-220
-235
-217
-184
-128
-141
-119
-104
-75
-53
-69
-43
-75
-30
10
-7
-6
11
20
1
39
89
67
56
38
46
80
78
70
37
31
-34
-46
-91
-83
-146
-173
-135
-188
-202
-174
-195
-222
-176
-169
-202
-250
-207
-221
-220
-216
-268
-235
-192
-172
-141
-176
-169
-134
-105
-67
-91
-27
11
92
92
84
94
48
40
52
52
38
45
7
-37
-23
-55
-9
-66
-91
-27
-58
-91
-71
-57
-58
-50
-76
-67
-72
-91
-124
-112
-126
-82
-103
-82
-92
-144
-175
-166
-126
-165
-140
-147
-118
-126
-122
-136
-129
-80
-84
-70
-97
-76
-75
-89
-105
-158
-109
-94
-71
-68
-85
-76
-89
-65
-84
-70
-48
-26
-57
-10
22
86
63
81
56
46
83
64
101
49
51
28
45
24
-27
-75
-80
-100
-144
-124
-142
-109
-102
-103
-53
-79
-102
-45
-74
-67
-114
-93
-87
-131
-89
-116
-57
-102
-114
-80
-109
-124
-139
-131
-166
-160
-132
-109
-119
-127
-111
-104
-84
-107
-111
-102
-111
-71
-121
-98
-83
-63
-23
-26
-30
-45
8
20
6
30
29
-1
1
19
24
62
59
2
9
-38
-27
-36
-31
-34
-79
-53
-44
-53
-26
-45
-58
-26
-31
-79
-123
-106
-128
-179
-145
-111
-112
-118
-104
-100
-89
-47
-22
-38
-21
16
64
50
81
86
72
89
62
43
59
34
66
75
61
43
43
37
5
25
-3
-3
-9
-3
8
-56
-80
-137
-159
-123
-93
-61
-75
-20
-35
-24
10
-75
-42
-29
-56
-66
-59
-61
-60
-33
-20
-10
-65
-32
-56
-39
26
53
32
44
43
68
76
119
115
87
119
72
69
38
87
67
93
95
78
48
2
12
-14
-13
-62
-83
-87
-102
-113
-126
-121
-114
-126
-167
-177
-184
-160
-160
-140
-143
-144
-163
-183
-182
-206
-177
-172
-188
-148
-111
-115
-70
-60
-13
25
24
47
31
15
15
27
35
25
2
15
3
-30
-1
-42
-14
10
1
32
5
94
109
82
42
56
53
2
59
69
87
65
35
34
38
32
31
45
0
44
40
43
12
-2
12
11
7
-6
-4
17
-19
-64
21
18
-22
-29
-41
-92
-86
-98
-88
-94
-78
-49
-51
15
-3
32
33
5
17
39
14
31
47
38
68
81
96
109
110
54
86
46
33
46
64
29
1
-3
42
56
47
17
-9
-13
-6
-64
-104
-106
-120
-89
-64
-15
23
12
28
0
-10
22
17
1
34
62
55
96
97
78
97
64
24
5
7
25
49
44
62
86
93
96
85
82
111
71
70
111
54
71
65
58
63
25
-2
-25
-23
-45
-29
-63
-74
-81
-77
-48
-29
-61
-76
-128
-122
-120
-182
-183
-225
-185
-145
-150
-129
-118
-83
-65
-87
-64
-19
22
46
69
106
121
153
136
169
183
182
189
204
191
174
171
219
209
217
178
206
195
150
148
106
84
49
65
-6
1
-43
-45
-41
-91
-89
-81
-123
-133
-132
-138
-97
-89
-65
-86
-118
-89
-74
-62
-35
-3
46
18
2
1
-2
31
41
28
56
93
125
146
114
153
174
148
140
109
43
36
28
-5
16
2
-20
21
31
16
19
-24
10
1
-62
-62
-58
-27
-38
-47
-65
-34
-11
-7
64
70
100
80
51
76
89
52
76
43
28
-9
1
-23
-70
-33
-19
-4
-9
3
57
30
22
103
94
86
67
27
24
56
45
27
-17
19
12
-23
15
7
-25
-38
13
50
16
52
52
45
80
44
41
32
26
25
-1
-29
-101
-86
-68
-51
-61
-73
-47
-21
-41
-46
-38
-71
-41
-17
-2
-38
-34
-30
-53
-27
-60
-67
-43
-65
-80
-17
-51
0
41
83
84
92
100
76
108
63
49
28
62
48
39
49
56
95
78
71
29
24
15
-29
3
6
0
12
8
59
85
73
42
40
56
77
66
47
76
78
83
88
54
17
43
29
0
-5
-25
-11
-43
-4
63
28
35
40
46
74
42
16
-3
15
15
-11
-8
13
-4
-29
4
21
5
-27
-63
-62
-73
-111
-86
-43
-35
-37
-33
-56
-58
-44
-36
-4
-53
-37
-32
-5
44
62
59
75
128
157
146
168
158
117
82
71
77
113
144
190
168
147
187
180
188
168
170
163
118
79
62
25
24
13
-23
-84
-74
-120
-134
-137
-208
-173
-160
-103
-65
-81
-89
-94
-138
-156
-130
-92
-54
-23
-37
-43
-13
-19
-3
56
40
35
80
54
29
5
-22
-33
-11
-44
-25
-29
-37
-1
-50
24
-2
-35
-23
-12
-28
-18
-52
-37
-36
-70
-54
-38
-85
-43
-42
-97
-96
-87
-56
-27
1
-2
20
2
81
47
53
76
33
-4
-2
-63
-115
-96
-142
-129
-138
-69
-60
-43
-28
10
14
-19
43
38
68
46
88
94
99
106
103
87
96
47
15
11
7
14
8
13
21
39
3
30
60
9
2
29
-23
-65
-49
-99
-114
-73
-94
-88
-55
-118
-95
-119
-98
-56
-96
-51
-83
-98
-70
-87
-132
-153
-136
-77
-70
-106
-76
-49
-81
-59
-46
-73
-29
-35
-25
5
-24
16
7
12
28
9
-4
-11
-69
-66
-40
-40
-47
-99
-33
5
-67
-96
-126
-119
-106
-105
-83
-78
-49
-39
-30
-25
-38
-12
-29
-67
-39
-40
-22
-5
-37
5
25
12
8
8
-46
-53
-14
-5
17
39
57
57
59
61
73
3
-40
-32
-54
-64
-28
-70
-1
9
26
7
-15
-1
-17
16
-16
-19
-70
-77
-51
-19
-45
-53
-10
-65
-80
-52
-38
-66
-55
-37
-25
-11
-5
-12
-13
-59
-89
-67
-74
-76
-91
-51
-56
-58
-9
-41
16
-4
28
28
40
75
52
75
53
52
2
-24
-16
-36
-35
-78
-14
-31
-15
73
94
49
69
89
56
0
-22
-25
-89
-94
-136
-116
-114
-169
-143
-140
-117
-116
-120
-86
-113
-120
-94
-107
-93
-82
-68
-87
-100
-57
-40
20
-23
-53
-80
-92
-59
-64
-34
24
41
73
74
36
57
51
55
21
-9
-39
-71
-88
-91
-80
-71
-68
-43
-47
-82
-56
-100
-117
-88
-54
-60
-110
-46
-48
-105
-105
-101
-132
-137
-132
-134
-118
-124
-123
-151
-116
-103
-95
-83
-111
-50
-43
-34
-49
-52
-93
-83
-69
-81
-62
-48
-31
-21
-35
-12
-46
-93
-88
-95
-114
-67
-14
-53
-46
-77
-108
-112
-90
-94
-111
-82
-96
-62
-82
-70
-83
-91
-44
-79
-106
-55
-83
-61
-69
-99
-101
-111
-93
-91
-115
-120
-114
-129
-105
-93
-55
-77
-71
-30
-49
-93
-116
-105
-85
-33
-43
-6
-19
-31
-17
-45
-20
-42
-59
-52
-28
-42
-47
-26
-5
46
57
64
45
2
-56
-15
0
8
-16
-47
-47
-76
-79
-48
-112
-104
-102
-111
-103
-130
-127
-145
-125
-125
-63
-104
-93
-41
0
-14
-55
-28
-38
-60
14
22
50
56
43
23
13
19
54
66
25
31
5
-2
-16
-48
-24
-97
-110
-44
-34
-53
-61
-43
-98
-145
-141
-150
-194
-187
-154
-129
-139
-133
-115
-113
-106
-72
-20
-13
-29
-22
6
-38
-29
6
7
15
28
9
-32
-44
-31
-15
-32
-62
-117
-71
-51
-54
-45
-51
-29
-32
-24
-25
-63
-68
-59
-68
-96
-106
-121
-144
-113
-152
-183
-175
-173
-131
-109
-110
-81
-136
-123
-107
-139
-98
-125
-85
-111
-192
-214
-241
-286
-291
-320
-293
-286
-243
-247
-220
-148
-138
-84
-148
-141
-147
-175
-210
-231
-182
-201
-229
-209
-177
-185
-179
-144
-121
-124
-130
-101
-68
-72
-16
-50
-97
-112
-125
-138
-120
-117
-163
-120
-127
-96
-91
-67
-52
-51
-42
-42
-51
-70
-53
-58
-52
-125
-96
-138
-167
-182
-202
-214
-218
-216
-250
-185
-138
-113
-63
-27
-48
-27
-76
-94
-78
-97
-68
-74
-130
-122
-147
-115
-67
-73
-42
-27
-47
-60
-8
-7
-22
-10
-80
-90
-88
-152
-140
-142
-135
-113
-163
-100
-69
-68
-54
-43
-7
-3
2
-36
-52
-76
-86
-99
-100
-125
-98
-99
-123
-93
-114
-142
-164
-183
-204
-216
-156
-167
-148
-120
-138
-110
-99
-99
-75
-49
-78
-73
-36
-47
-2
-14
-12
0
-14
-47
9
17
8
-12
14
16
-45
-37
-138
-109
-115
-147
-167
-101
-115
-140
-129
-162
-186
-192
-156
-215
-183
-181
-208
-147
-144
-168
-170
-151
-109
-89
-73
-73
-76
-58
-72
-94
-94
-117
-118
-111
-145
-103
-75
-86
-34
-16
8
20
-13
-23
33
68
92
64
58
13
-11
-25
-39
-44
-78
-22
-12
-29
-25
-28
-28
-6
-45
-92
-67
-103
-106
-160
-137
-95
-111
-125
-148
-162
-153
-191
-235
-193
-180
-181
-134
-148
-159
-113
-121
-106
-85
-98
-78
-40
-27
-17
-10
-42
-43
-14
-64
-83
-75
-83
-116
-119
-96
-130
-103
-76
-86
-108
-102
-84
-74
-88
-115
-97
-97
-113
-94
-116
-102
-97
-91
-54
-58
-80
-73
-76
-110
-46
-34
-46
-28
-12
35
15
50
55
47
32
-23
-36
-41
21
7
38
0
20
64
-29
26
101
135
94
90
36
34
68
42
33
-7
19
30
7
-1
33
35
17
8
24
-10
55
44
-11
62
28
-21
31
12
49
24
-36
-60
-138
-110
-107
-171
-160
-128
-157
-104
-100
-90
-118
-100
-92
-134
-72
-70
-81
-36
-51
-45
-9
-16
49
23
-8
-12
16
29
34
75
54
100
95
61
72
114
110
56
63
45
32
11
7
56
54
20
36
36
61
36
54
55
21
30
-1
-25
-41
-60
-56
3
15
74
90
87
53
52
66
35
66
53
42
76
73
48
53
30
11
26
20
-7
5
6
9
24
40
24
-29
-48
-39
-7
1
34
11
26
47
72
103
75
74
52
25
84
109
50
45
38
10
6
-13
-33
-70
-104
-106
-89
-143
-128
-107
-92
-105
-69
-37
-54
-42
-37
-13
-20
7
7
45
65
38
51
66
50
96
82
85
113
81
74
60
62
20
66
150
142
168
119
119
151
119
69
66
49
-18
-83
-48
-56
-53
-66
-89
-109
-107
-63
-112
-166
-166
-150
-173
-174
-177
-171
-176
-167
-143
-126
-116
-115
-87
-121
-92
-32
-59
-65
-8
19
37
19
-2
5
35
40
38
42
55
110
121
112
128
139
142
182
181
171
183
197
147
108
100
90
107
99
61
72
81
56
22
10
-12
-100
-107
-98
-72
-90
-94
-69
-42
-10
-81
-63
-19
20
7
31
-5
22
79
82
138
170
202
200
206
271
242
214
243
216
238
195
199
179
165
171
180
183
167
208
241
239
244
238
170
139
154
142
92
132
90
98
113
79
89
61
9
10
35
15
34
30
42
100
134
141
170
148
119
104
65
63
40
41
44
7
48
62
82
111
149
176
168
169
152
81
116
70
89
101
59
42
45
39
-10
3
-26
-47
-20
-33
-47
0
-35
7
9
-13
3
-19
23
25
49
35
49
4
31
49
4
45
34
23
25
26
6
52
29
56
61
49
65
56
80
89
82
117
15
-5
43
-3
24
22
-49
12
-33
-7
25
42
37
35
42
72
100
68
47
24
44
9
-13
-11
-27
-56
-17
-47
-3
14
-19
-30
-55
-48
-48
-49
-47
-28
-24
-19
-42
-66
1
14
-43
-28
1
7
29
47
55
25
32
26
33
58
30
62
124
109
133
152
141
170
204
206
195
198
171
173
152
176
143
138
163
110
99
117
83
59
87
71
47
53
32
23
-8
-2
22
-2
-7
13
30
3
-9
18
-3
-12
4
20
75
113
115
121
104
132
174
178
170
189
176
145
192
216
145
142
204
195
220
240
221
242
211
227
236
270
266
246
290
250
247
239
220
196
217
242
242
252
242
197
175
153
134
113
93
132
172
177
149
145
129
153
154
154
123
96
94
91
114
108
114
115
162
178
188
128
120
163
154
124
150
161
144
129
124
152
123
179
201
191
218
215
201
205
196
187
170
193
171
143
129
80
90
109
95
126
117
41
13
36
47
32
6
9
-21
-17
19
18
33
43
64
91
112
103
116
102
69
88
59
67
73
49
88
105
105
138
104
106
109
98
145
130
128
166
217
215
246
253
291
276
249
248
180
158
151
127
92
52
97
80
68
57
58
142
90
108
68
123
141
126
164
100
111
109
52
88
73
53
71
50
26
53
67
92
85
117
139
130
74
67
79
43
65
72
69
71
77
108
76
78
115
109
154
170
178
203
245
269
235
232
237
177
181
163
137
139
130
144
97
103
124
120
189
169
150
120
109
100
79
85
67
74
30
25
36
41
58
43
12
31
38
56
117
135
162
121
169
179
152
162
160
125
117
192
174
87
81
64
94
98
51
123
141
132
121
142
113
67
54
54
24
-69
-32
-6
-7
-48
18
51
9
88
70
71
-3
46
-11
-27
15
-3
-14
-7
56
10
57
114
102
107
89
77
145
131
140
145
160
167
202
180
175
158
164
167
159
146
141
129
144
136
88
85
113
107
104
133
110
97
73
73
91
84
86
106
96
95
103
114
93
66
50
67
104
82
68
41
34
58
33
83
54
27
64
65
59
37
24
40
43
24
22
59
63
76
116
62
61
58
61
53
50
67
39
74
89
76
91
94
96
107
136
134
117
104
114
117
80
119
92
143
151
110
151
137
110
45
64
19
37
23
10
36
-12
-3
-23
-11
-10
-35
-27
-30
-33
-18
35
33
-29
-14
-11
16
2
-10
0
-1
4
12
-49
-31
3
16
29
31
78
93
77
44
42
68
70
40
20
30
39
94
112
101
96
77
93
68
97
73
51
46
33
4
2
25
-12
-37
-84
-99
-139
-100
-93
-74
-49
-48
-52
-68
-61
-15
-35
-61
-23
-14
-21
-22
-45
-65
-50
-79
-42
-32
-42
30
87
73
124
106
91
120
67
33
2
-13
24
10
-7
-11
-35
-28
-50
-54
-60
-50
-41
-22
50
19
46
43
76
92
56
44
30
31
3
59
64
97
105
93
103
117
112
95
115
105
120
180
126
107
130
143
132
68
88
79
74
66
98
59
71
31
16
24
-2
11
2
-25
24
-13
6
30
-6
22
62
36
-4
20
-14
15
12
16
39
81
87
97
48
43
63
21
41
77
118
57
82
100
113
114
126
130
115
137
118
142
135
108
98
73
48
54
100
63
49
90
60
76
61
13
15
24
16
27
56
31
-6
7
-19
-58
-103
-54
-57
-63
-75
-114
-66
-96
-78
-18
-17
5
25
45
85
40
103
109
90
79
32
42
22
48
41
49
64
51
90
59
28
35
38
21
29
37
19
22
13
-20
-31
19
11
-7
47
11
46
96
66
115
59
43
86
115
111
126
75
98
131
115
96
85
87
75
33
32
17
-12
13
-13
28
52
17
13
33
5
-25
-36
-48
-103
-88
-99
-90
-78
-41
-30
-28
23
38
93
36
22
67
63
26
49
76
77
95
73
68
80
92
59
101
91
117
169
144
178
173
158
165
145
147
104
162
139
107
100
38
27
49
43
15
-47
-44
-32
-50
-45
-99
-104
-108
-94
-134
-167
-141
-134
-135
-134
-98
-62
-71
-64
-59
-93
-83
-101
-73
-81
-51
-47
-67
83
121
163
147
169
164
111
99
97
71
62
58
47
68
55
58
40
-8
21
54
17
4
34
9
7
-24
-8
-32
-73
-47
-3
-10
-68
-16
-23
12
31
63
94
49
45
79
88
93
153
146
146
140
177
215
152
166
196
198
187
174
176
202
213
141
116
102
95
118
112
84
79
98
68
-1
-22
-25
-85
-77
-112
-106
-77
-100
-117
-88
-68
-74
-27
-66
-63
-57
-35
40
18
49
21
56
76
82
69
50
101
150
164
141
133
151
166
127
146
121
81
103
124
117
79
90
45
30
6
16
-3
-42
-64
-67
-79
-58
-51
-43
-41
-36
-64
-84
-90
-112
-148
-173
-129
-159
-143
-99
-137
-135
-128
-61
-46
-7
-2
37
93
131
129
129
156
128
110
126
146
112
90
136
104
123
151
142
154
127
158
153
158
137
131
97
76
51
55
110
19
79
98
71
45
8
27
21
32
20
9
23
40
45
44
42
5
34
46
-11
-25
-1
3
-21
-36
-28
44
23
15
97
32
33
41
16
-11
-37
5
33
35
44
112
59
13
9
31
68
48
24
4
27
25
6
-6
23
-3
15
21
-10
9
-19
26
78
60
77
54
34
63
71
38
46
68
119
102
76
65
2
24
-3
23
58
97
105
104
91
49
100
75
70
62
31
21
59
73
53
74
91
93
64
86
66
68
13
-14
38
82
147
144
139
136
145
155
139
124
112
158
161
132
119
115
90
36
81
84
98
102
109
144
108
127
140
99
115
110
112
132
61
38
62
78
110
89
55
77
66
74
127
133
135
158
146
116
51
49
80
79
131
89
57
96
51
67
78
96
36
66
92
78
103
104
106
75
105
147
132
153
149
84
48
47
54
49
35
56
-27
-55
-53
-35
26
19
-9
5
34
5
-6
-21
-8
-14
26
-39
-32
-32
-44
-1
-60
-48
-61
-74
-37
-37
-67
-10
10
25
45
51
15
30
16
3
42
-5
22
-41
-4
2
-43
-39
-48
18
-18
7
-12
8
13
14
-20
20
-20
-16
-32
-67
-94
-121
-24
-62
-61
-64
-47
3
40
70
111
161
151
164
177
193
202
191
195
245
233
196
182
227
216
190
230
229
227
267
257
218
207
172
213
199
140
140
135
100
79
12
33
23
7
33
4
10
-15
-15
23
6
-7
-9
12
32
17
33
88
46
50
99
102
95
81
124
73
114
147
101
96
84
52
24
60
49
60
38
26
60
1
2
22
40
54
67
63
40
40
3
-38
-46
-108
-124
-106
-89
-46
-16
-58
-99
-40
-23
-36
5
-25
-25
24
31
56
90
55
9
31
46
53
42
31
39
34
76
50
38
29
65
69
77
76
111
179
112
76
78
86
35
57
32
-44
-16
-12
-7
26
31
-15
54
48
70
16
-23
32
7
35
7
-14
-14
36
42
38
-20
-24
10
-49
-32
-35
-25
-45
-29
19
-2
45
48
28
36
22
-39
-73
-67
-97
-103
-125
-115
-184
-198
-184
-174
-168
-134
-174
-197
-176
-131
-160
-215
-198
-166
-208
-186
-166
-153
-152
-132
-137
-139
-111
-130
-99
-101
-114
-127
-112
-67
-47
-46
-82
-93
-98
-108
-96
-101
-96
-117
-90
-141
-125
-96
-105
-96
-141
-89
-78
-85
-80
-75
-91
-89
-126
-177
-205
-235
-211
-190
-193
-210
-228
-206
-184
-186
-213
-185
-178
-129
-118
-127
-92
-104
-61
-39
-53
-86
-66
-69
-63
-94
-32
-32
-70
-40
-59
-65
-67
-22
2
-25
-35
-46
-67
-138
-127
-149
-150
-135
-164
-189
-192
-169
-230
-234
-235
-203
-208
-195
-139
-154
-159
-194
-212
-183
-202
-191
-222
-174
-163
-196
-173
-142
-84
-55
-71
-100
-82
-118
-112
-82
-39
-12
-30
-60
-93
-119
-93
-94
-116
-89
-104
-109
-90
-100
-140
-166
-115
-129
-137
-130
-79
-89
-111
-113
-120
-98
-125
-104
-98
-67
-96
-93
-63
-81
-98
-130
-118
-144
-179
-154
-164
-131
-184
-186
-187
-160
-212
-202
-157
-195
-208
-232
-235
-239
-249
-252
-239
-271
-290
-282
-219
-233
-219
-201
-161
-175
-153
-158
-176
-149
-201
-166
-206
-177
-159
-164
-185
-191
-197
-195
-171
-183
-167
-213
-234
-240
-179
-193
-207
-203
-193
-224
-253
-242
-221
-255
-217
-167
-197
-196
-199
-164
-174
-145
-133
-188
-184
-218
-208
-193
-189
-173
-217
-132
-126
-129
-80
-44
-35
-61
-40
-53
-20
-13
-64
-106
-89
-108
-137
-124
-92
-96
-87
-82
-100
-104
-123
-111
-101
-67
-82
-122
-161
-158
-150
-108
-137
-178
-164
-189
-204
-244
-224
-203
-207
-187
-183
-143
-158
-180
-116
-106
-122
-122
-83
-40
6
33
35
-29
-60
-65
-98
-95
-113
-92
-51
-8
-30
-64
-28
-66
-77
-68
-98
-144
-105
-58
-124
-134
-115
-77
-138
-177
-189
-174
-169
-168
-167
-214
-173
-193
-244
-227
-209
-168
-211
-179
-141
-161
-114
-87
-77
-82
-58
-53
-16
-11
-1
-49
-44
-35
-31
3
-12
-26
-72
-64
-101
-58
-29
-36
13
-16
-35
-47
-101
-63
-112
-133
-136
-131
-141
-147
-125
-192
-153
-158
-148
-173
-179
-178
-178
-207
-198
-231
-280
-224
-246
-260
-270
-214
-216
-259
-220
-252
-204
-181
-143
-117
-124
-107
-88
-75
-82
-71
-57
12
-15
-40
1
-10
-36
-55
-86
-57
-91
-105
-36
-42
-55
-49
3
-21
-65
-86
-87
-100
-91
-78
-111
-96
-96
-69
-61
-19
-26
-69
-84
-130
-145
-114
-89
-111
-104
-105
-107
-77
-133
-152
-129
-120
-109
-127
-51
-52
-49
-18
-21
-8
2
-20
-98
-136
-135
-114
-149
-163
-136
-81
-87
-65
-46
-22
14
-26
-2
-13
35
36
41
0
-20
-56
-126
-166
-185
-156
-192
-176
-194
-173
-166
-145
-93
-101
-106
-133
-126
-155
-198
-201
-227
-171
-161
-205
-171
-146
-196
-224
-164
-170
-164
-146
-124
-162
-119
-83
-79
-62
-51
-38
-43
20
7
7
15
6
35
52
89
158
79
82
96
93
105
50
77
63
71
56
23
31
6
6
-57
-78
-26
-12
-28
-53
-32
-57
-94
-120
-71
-100
-105
-62
-86
-28
-46
-83
-60
-30
-22
-29
4
-2
-24
5
41
64
41
49
49
74
100
118
86
96
102
102
136
103
99
66
98
101
93
92
31
58
34
0
-29
-55
-42
-61
-42
-29
-19
-23
-25
-20
-13
-29
-5
3
21
24
-11
4
6
23
-17
-60
-21
-69
-69
-52
-15
-14
-48
-35
19
34
-18
27
29
82
81
46
72
73
63
51
57
62
90
81
84
41
3
-11
12
-19
-30
-1
-55
-56
-78
-130
-76
-134
-113
-88
-131
-123
-155
-170
-132
-105
-107
-98
-122
-114
-115
-104
-100
-75
-71
-31
-7
44
52
10
42
68
76
72
113
91
135
138
140
108
38
45
1
1
-27
-33
-38
-52
-22
-31
-78
-65
-29
-26
-22
-12
14
-26
-16
-20
-89
-80
-68
-99
-120
-124
-120
-88
-101
-81
-78
-54
-50
-35
-11
-27
30
90
104
69
62
54
60
77
50
30
35
51
50
46
67
74
68
87
61
108
39
123
145
126
93
15
49
36
56
41
56
15
-2
27
84
13
-28
-21
23
24
48
50
41
60
44
74
78
55
46
-16
-12
5
57
106
59
63
107
88
13
0
3
7
-10
-4
-14
19
30
39
31
36
102
140
157
206
182
133
152
187
199
173
210
205
208
196
158
140
143
107
107
62
60
14
75
61
99
56
-5
27
-6
44
59
47
-14
9
53
-27
-3
8
1
7
37
74
48
43
57
18
63
68
125
134
130
109
114
144
94
108
135
158
155
168
138
179
126
102
71
47
9
21
35
-45
-29
-28
-49
-132
-123
-126
-109
-96
-102
-98
-53
-101
-73
-56
-98
-91
-182
-113
-111
-83
-84
-52
-38
-3
37
-7
7
-22
-11
15
18
-3
18
64
55
25
18
28
53
33
-45
-19
-44
-42
-50
-114
-16
-44
-53
-60
-70
-44
-46
0
-24
-7
37
41
42
44
7
19
22
3
-37
-41
-71
-90
-81
-64
-8
-95
-113
-103
-131
-129
-106
-52
-35
-70
-94
-94
-86
-78
-64
-40
-20
-27
-78
-51
-44
-7
31
64
34
63
51
35
70
78
90
114
141
123
111
131
130
124
120
98
116
79
102
60
23
27
14
-14
-37
-73
-113
-156
-226
-228
-250
-231
-220
-178
-161
-164
-122
-127
-114
-69
-94
-75
-93
-103
-78
-129
-127
-82
-81
-117
-60
-46
-22
-6
43
63
71
115
125
119
74
153
165
132
135
124
109
74
104
84
45
43
32
-10
4
19
-23
8
13
31
-8
-39
-23
-52
-48
-30
-18
-43
-68
-74
-63
-52
-68
-89
-59
-40
15
55
90
101
71
34
55
9
-23
-16
-17
20
-2
-4
9
-9
-7
8
-27
16
35
12
3
43
13
67
60
25
60
68
72
20
29
35
31
31
74
88
82
101
80
88
96
55
87
99
107
108
121
73
56
70
17
30
32
17
37
36
-47
-21
-31
-39
-10
-28
-31
-7
17
-11
-18
-19
-79
-71
-49
-19
-4
1
-7
-23
-39
-40
-42
-3
23
-7
38
75
82
56
73
84
33
64
51
54
81
27
75
31
38
10
-16
2
-11
27
20
27
-14
-14
7
40
13
-30
11
-11
-19
-18
-64
-47
-32
-56
-73
-40
-38
-71
-51
-38
-6
-33
-46
-47
-31
19
9
36
35
7
8
47
63
50
34
88
106
89
22
-34
7
9
4
39
46
-1
-48
25
22
11
55
60
78
97
125
122
112
134
189
173
124
102
147
143
175
165
159
112
87
93
125
136
83
84
80
121
144
130
108
77
30
15
45
57
43
62
21
56
39
16
-17
12
16
16
36
18
22
18
43
59
78
95
103
63
33
104
56
66
80
57
98
68
77
118
132
125
116
165
146
78
89
71
70
78
114
106
86
63
92
84
51
81
119
127
131
164
148
138
139
123
73
84
143
172
77
-3
76
203
160
97
175
242
321
353
353
353
312
276
249
324
347
321
320
331
360
293
301
404
434
343
200
268
387
332
139
53
135
134
-24
-125
-134
-73
-182
-314
-304
-318
-330
-465
-595
-622
-589
-637
-748
-826
-865
-888
-891
-946
-1020
-991
-938
-980
-1078
-1071
-991
-929
-918
-883
-942
-791
-521
-413
-547
-626
-322
113
164
-72
-17
401
690
607
561
813
1136
1143
1098
1250
1521
1602
1525
1452
1540
1718
1687
1650
1587
1561
1566
1521
1511
1434
1343
1239
1233
1197
1047
990
862
679
465
364
273
145
-77
-259
-345
-491
-643
-721
-884
-1056
-1172
-1312
-1394
-1550
-1742
-1858
-1966
-2084
-2203
-2290
-2373
-2551
-2553
-2099
-2096
-2826
-3057
-2117
-1240
-1856
-2957
-2722
-972
-406
-1694
-2282
-946
451
-178
-1134
-376
1240
1270
29
-69
1327
2237
1450
643
1271
2271
2226
1608
1755
2349
2264
1706
1713
2345
2330
1777
1593
1929
2051
1613
1494
1704
1573
1102
959
1181
1126
799
640
725
656
511
509
645
511
225
242
367
296
128
16
44
-49
-218
-194
-143
-192
-414
-418
-480
-509
-518
-601
-675
-902
-960
-972
-1063
-1191
-1413
-1598
-1702
-1829
-1988
-2083
-1806
-1750
-2497
-3020
-2205
-1156
-1539
-2946
-3138
-1438
-434
-1544
-2603
-1602
-81
-377
-1523
-1110
500
927
-334
-857
420
1723
1293
194
388
1500
1826
1227
1050
1670
1964
1342
964
1572
2122
1747
1039
1117
1626
1604
1317
1311
1442
1310
1080
1132
1370
1446
1197
989
955
990
1182
1181
1003
745
698
796
831
757
768
683
518
552
671
724
613
435
306
323
268
227
158
-21
-315
-500
-462
-482
-630
-884
-1133
-1224
-1306
-1415
-1636
-1848
-1993
-2203
-2495
-2450
-1960
-2219
-3135
-3558
-2721
-1870
-2378
-3567
-3568
-2170
-1576
-2355
-2891
-2013
-930
-1204
-1925
-1367
19
379
-529
-856
209
1242
960
274
549
1402
1619
1222
1300
1962
2122
1641
1432
2070
2568
2208
1704
1812
2157
2122
1989
2008
2173
2034
1778
1784
2018
2140
1826
1565
1530
1696
1840
1741
1567
1382
1320
1272
1196
1171
1104
816
505
456
569
580
374
125
27
21
8
-86
-185
-429
-665
-840
-931
-931
-1051
-1326
-1648
-1773
-1786
-1850
-2086
-2330
-2503
-2663
-2938
-3033
-2608
-2539
-3449
-3998
-3370
-2506
-2636
-3572
-3849
-2781
-1950
-2442
-2956
-2306
-1300
-1331
-1890
-1408
-215
268
-284
-531
281
1280
1304
826
1104
1738
1992
1832
2012
2633
2796
2394
2288
2859
3266
3076
2817
2983
3046
2769
2882
3166
3083
2549
2308
2533
2794
2706
2323
2159
2084
1958
1848
1823
1688
1341
1038
906
787
733
637
317
-45
-156
-72
-115
-313
-566
-753
-877
-939
-914
-986
-1210
-1402
-1440
-1484
-1483
-1472
-1635
-1721
-1840
-1984
-2135
-2118
-2032
-2169
-2586
-2968
-2913
-2085
-1772
-3096
-4107
-3295
-1893
-2026
-3355
-3951
-2728
-1368
-2094
-3155
-2358
-896
-871
-1985
-1803
-165
779
-105
-943
-125
1287
1458
613
662
1598
2002
1592
1586
2334
2835
2303
1762
2299
3219
3173
2598
2571
2878
2953
2922
3148
3153
2663
2369
2697
2862
2651
2287
2079
2162
2005
1891
1905
1725
1431
1116
1114
1113
995
870
686
410
215
318
319
151
-177
-364
-388
-403
-359
-477
-776
-897
-867
-912
-1018
-1043
-1089
-1292
-1602
-1526
-1361
-1507
-1903
-2170
-2157
-2250
-2564
-2753
-2859
-2754
-2333
-2906
-4034
-3844
-2285
-1674
-3426
-5038
-3493
-785
-1242
-3837
-4094
-1208
469
-1629
-3322
-1213
1518
728
-1658
-1182
1852
2953
868
-303
1587
3531
2894
1316
1915
3682
3597
2101
2045
3655
4107
2764
1961
3032
3973
3211
2372
2648
3120
2875
2368
2406
2646
2473
1927
1787
1926
1882
1591
1249
1114
1084
1029
853
678
568
488
286
25
63
182
51
-259
-416
-285
-246
-416
-627
-795
-827
-771
-947
-1123
-1118
-1108
-1286
-1432
-1502
-1489
-1537
-1838
-2042
-2025
-2002
-2302
-2653
-2717
-2838
-2903
-2417
-2678
-3836
-4113
-2921
-2047
-2769
-4262
-4108
-1997
-1216
-2523
-3300
-1885
-398
-994
-1895
-996
780
948
-381
-508
1160
2512
1781
752
1375
2622
2837
2233
2383
3236
3392
2610
2513
3512
4062
3430
2666
2992
3614
3466
2933
2987
3231
2788
2212
2468
3038
2827
1912
1494
1889
2115
1763
1211
1005
1009
846
592
571
565
338
-61
-329
-168
-16
-113
-450
-704
-656
-491
-490
-575
-706
-812
-927
-990
-854
-737
-984
-1314
-1318
-1213
-1173
-1179
-1421
-1741
-1838
-1806
-1819
-1912
-2161
-2490
-2671
-2161
-1709
-2686
-3744
-3317
-1985
-1792
-3194
-4219
-2943
-1098
-1620
-3254
-2908
-875
-197
-1455
-2003
-408
1137
461
-806
-207
1656
2259
1043
437
1593
2721
2300
1620
2173
3162
2977
2060
2328
3489
3718
2720
2210
2908
3588
3166
2499
2591
2943
2752
2170
2154
2561
2554
1922
1544
1708
1942
1742
1184
912
958
942
633
452
396
270
-16
-347
-270
-100
-194
-450
-686
-597
-497
-549
-660
-780
-845
-902
-939
-961
-899
-1061
-1283
-1332
-1271
-1308
-1366
-1541
-1795
-1875
-1809
-1831
-2126
-2361
-2593
-2601
-2066
-1948
-3149
-3953
-2890
-1752
-2180
-3602
-4017
-2474
-1237
-1953
-3141
-2526
-791
-687
-1832
-1638
118
1070
90
-699
252
2041
2177
874
729
2022
2820
2245
1914
2682
3471
2932
2143
2762
3893
3813
2746
2394
3218
3685
3204
2600
2724
3094
2647
1949
2167
2735
2409
1546
1325
1735
1921
1513
949
791
872
808
535
412
476
307
-114
-246
-47
37
-167
-531
-654
-540
-423
-467
-497
-678
-840
-787
-644
-593
-682
-864
-1000
-1123
-1129
-1041
-1146
-1314
-1622
-1740
-1685
-1669
-1838
-2229
-2553
-2299
-1668
-2052
-3221
-3561
-2436
-1632
-2425
-3682
-3579
-1805
-1048
-2231
-3100
-1938
-522
-774
-1734
-1300
371
908
-123
-601
681
2051
1680
633
906
2142
2586
2003
1877
2665
3144
2606
2140
2827
3674
3273
2347
2328
3123
3290
2635
2300
2614
2660
2142
1776
2008
2482
1999
1147
1108
1592
1738
1215
649
569
766
714
460
301
332
209
-73
-190
-81
-17
-184
-358
-555
-489
-261
-163
-283
-529
-601
-502
-321
-292
-502
-719
-707
-684
-808
-877
-956
-1209
-1455
-1521
-1649
-1729
-1796
-2183
-2663
-2226
-1616
-2470
-3619
-3364
-2184
-1819
-2807
-4095
-3434
-1458
-1449
-3325
-3524
-1430
-282
-1536
-2598
-1343
717
745
-953
-1128
899
2304
1175
107
1150
2580
2371
1394
1750
3040
3291
2120
1796
3095
3931
3148
2194
2708
3648
3330
2495
2610
3280
2944
2007
1936
2634
2735
1775
1060
1486
1931
1532
872
709
1023
910
413
314
561
530
125
-211
-30
134
5
-277
-407
-356
-391
-421
-369
-385
-546
-712
-709
-414
-308
-665
-918
-864
-800
-872
-961
-975
-1212
-1642
-1709
-1521
-1588
-2036
-2503
-2570
-1848
-1659
-3038
-4004
-3053
-1631
-1986
-3718
-4483
-2825
-1042
-1945
-3692
-3338
-1318
-725
-1988
-2474
-950
572
-13
-1251
-660
1288
1966
673
66
1261
2462
2299
1648
2030
2884
2901
2208
2450
3538
3716
2866
2365
3035
3700
3396
2801
2745
2965
2745
2441
2468
2610
2315
1706
1479
1656
1719
1404
940
749
734
711
556
453
382
133
-30
-48
62
-2
-214
-330
-450
-462
-392
-312
-406
-621
-740
-714
-520
-395
-529
-806
-927
-885
-797
-906
-1037
-1218
-1441
-1488
-1566
-1711
-2001
-2182
-2443
-2214
-1951
-2840
-3813
-3427
-2254
-2323
-3572
-4380
-3431
-1961
-2324
-3721
-3688
-2095
-1324
-2200
-2708
-1535
-144
-340
-1398
-1071
663
1523
591
-63
922
2168
2080
1506
1842
2826
3053
2361
2308
3350
4001
3313
2600
2992
3719
3618
3096
2920
3068
3088
2842
2643
2703
2656
2150
1706
1763
1937
1707
1229
975
935
941
734
548
398
250
20
-136
-91
-70
-181
-361
-483
-480
-435
-416
-413
-501
-712
-793
-690
-550
-654
-912
-1122
-1051
-957
-1152
-1344
-1473
-1630
-1911
-2073
-2193
-2464
-2758
-2989
-2619
-2490
-3514
-4261
-3578
-2433
-2877
-4249
-4826
-3535
-2115
-2632
-3979
-3811
-2114
-1532
-2414
-2643
-1317
-130
-549
-1334
-737
865
1559
634
118
1160
2352
2339
1733
1980
2915
3094
2474
2529
3429
3883
3202
2544
2941
3681
3595
3070
2868
2866
2803
2713
2591
2470
2319
1910
1568
1633
1715
1550
1111
716
613
637
619
417
183
-96
-212
-172
-127
-174
-385
-516
-570
-609
-592
-560
-607
-734
-871
-935
-868
-727
-768
-1117
-1492
-1356
-1261
-1390
-1562
-1921
-2138
-2081
-2142
-2509
-2776
-2900
-3192
-2995
-2515
-3204
-4393
-4138
-2783
-2620
-3917
-4909
-4030
-2299
-2287
-3662
-3960
-2370
-1254
-1985
-2685
-1650
-40
-100
-1165
-882
792
1865
1137
337
1092
2409
2740
2080
2025
2888
3390
2915
2638
3333
4011
3642
2910
2974
3651
3877
3411
3080
2988
2905
2826
2790
2684
2373
1930
1693
1778
1781
1574
1127
757
683
671
525
409
207
-82
-280
-321
-264
-305
-552
-785
-880
-893
-826
-856
-981
-1080
-1233
-1345
-1296
-1094
-1120
-1434
-1637
-1626
-1502
-1550
-1749
-1965
-2159
-2307
-2308
-2514
-2795
-2846
-3054
-2979
-2771
-3182
-4014
-3958
-2849
-2491
-3559
-4577
-3884
-2328
-2152
-3316
-3684
-2399
-1202
-1615
-2361
-1590
-121
-29
-907
-853
661
1772
1229
373
946
2276
2703
2134
2056
2790
3239
2886
2684
3308
3923
3592
2952
3079
3674
3880
3450
3184
3151
2925
2795
2920
2840
2402
1894
1643
1790
1808
1394
1010
783
700
510
315
270
116
-217
-576
-663
-486
-411
-642
-992
-1118
-929
-792
-915
-1133
-1105
-1164
-1377
-1388
-1120
-1027
-1422
-1677
-1634
-1438
-1349
-1633
-2035
-2129
-2156
-2297
-2357
-2540
-2844
-3123
-2956
-2420
-2873
-4004
-4117
-3016
-2419
-3203
-4299
-4103
-2480
-1823
-2879
-3654
-2632
-1182
-1188
-2042
-1755
-118
468
-382
-779
428
1927
1826
719
932
2289
2943
2467
2145
2779
3419
3173
2649
3132
3967
3872
3097
2845
3452
3841
3416
2917
2883
2962
2625
2398
2492
2483
1934
1284
1249
1411
1365
935
387
186
188
91
-5
-97
-330
-651
-780
-673
-560
-662
-1006
-1192
-1151
-965
-921
-940
-983
-1121
-1097
-1044
-983
-811
-832
-1157
-1347
-1137
-1035
-1181
-1369
-1528
-1706
-1744
-1575
-1851
-2371
-2375
-2465
-2488
-2183
-2743
-3578
-3405
-2502
-2423
-3204
-3874
-3395
-2189
-1975
-2816
-3257
-2084
-1018
-1493
-2051
-1222
92
233
-459
-458
829
1977
1570
691
1163
2493
2880
2350
2296
3055
3474
2984
2639
3348
4124
3768
2919
2947
3726
3921
3200
2799
3060
3004
2565
2357
2520
2574
1960
1171
1143
1572
1498
866
225
195
383
178
-49
-225
-313
-561
-763
-708
-534
-485
-813
-1064
-980
-586
-627
-868
-728
-773
-919
-839
-726
-552
-532
-722
-871
-804
-557
-557
-846
-1094
-1233
-1296
-1243
-1401
-1811
-2001
-2076
-2263
-1959
-1626
-2409
-3278
-2947
-1922
-1852
-2879
-3612
-2767
-1457
-1746
-2726
-2691
-1327
-620
-1459
-1825
-673
514
213
-619
-248
1199
1904
1265
791
1507
2489
2514
1946
2225
3063
3149
2465
2412
3296
3781
3184
2524
2892
3518
3370
2667
2666
3061
2713
1946
1974
2442
2308
1349
796
1068
1415
1150
471
215
376
404
29
-208
-106
-136
-575
-793
-633
-448
-493
-811
-932
-688
-509
-624
-683
-573
-490
-620
-699
-428
-259
-391
-604
-620
-526
-458
-470
-590
-902
-1034
-1081
-1110
-1289
-1546
-1756
-1947
-2114
-1960
-1480
-2004
-3025
-3181
-2277
-1719
-2341
-3390
-3465
-2018
-1414
-2358
-2931
-2015
-926
-1187
-1728
-1240
57
589
-188
-597
535
1949
1782
856
1073
2206
2684
2279
2076
2735
3243
2797
2187
2744
3698
3539
2646
2411
3135
3494
2891
2367
2649
2704
2078
1633
1982
2175
1636
806
562
1016
1134
593
-4
10
186
20
-157
-78
76
-178
-561
-499
-73
104
-306
-534
-383
-208
-172
-133
-135
-226
-173
-279
-252
-4
124
-287
-593
-354
-206
-273
-394
-518
-763
-979
-1019
-989
-1230
-1446
-1734
-2073
-2205
-1988
-1540
-2225
-3246
-3181
-2365
-1872
-2462
-3471
-3607
-2201
-1563
-2568
-3079
-2069
-1038
-1333
-1865
-1331
77
539
-280
-640
530
1859
1659
877
1164
2260
2681
2294
2170
2908
3359
2864
2290
2799
3680
3535
2662
2381
2976
3289
2848
2324
2581
2616
1926
1495
1888
2097
1468
707
568
995
1071
614
169
58
316
140
-156
-63
87
-73
-411
-431
-142
90
-157
-432
-329
-87
25
-59
-101
-6
-9
-151
-185
154
223
-101
-367
-229
-57
-278
-411
-484
-768
-959
-1036
-1109
-1172
-1413
-1745
-2031
-2097
-2163
-2069
-1854
-2440
-3333
-3206
-2160
-1982
-2862
-3571
-3212
-2011
-1746
-2435
-2624
-1649
-897
-1326
-1660
-781
535
548
-331
-319
1036
2145
1682
970
1375
2427
2666
2278
2328
2994
3206
2619
2304
3034
3707
3271
2459
2382
3007
3149
2550
2224
2400
2193
1558
1363
1810
1878
1150
422
534
980
919
424
20
53
126
65
53
168
223
-97
-428
-243
170
335
-91
-453
-269
50
136
133
118
-10
-23
-3
112
252
130
-191
-292
-166
-209
-334
-374
-538
-913
-1012
-852
-1030
-1365
-1590
-1750
-1925
-2040
-2295
-2590
-2117
-1995
-3107
-3738
-3063
-2092
-2171
-3139
-3861
-2877
-1374
-1508
-2560
-2578
-1079
-509
-1117
-1153
-90
989
723
-66
288
1763
2402
1565
1047
1769
2595
2635
2231
2460
2957
2946
2366
2234
3002
3327
2569
1746
1961
2512
2439
1794
1536
1682
1548
881
638
1147
1319
615
-261
-109
572
659
64
-362
-270
-45
-90
-202
-56
48
-198
-535
-367
168
377
-77
-521
-302
111
276
141
-28
-19
-70
-209
-27
226
72
-382
-620
-407
-234
-425
-772
-986
-1015
-1208
-1468
-1419
-1359
-1631
-2085
-2250
-2226
-2328
-2492
-2618
-2336
-2392
-3144
-3473
-2571
-1680
-2196
-3286
-3285
-1863
-861
-1335
-2088
-1663
-381
30
-524
-510
731
1469
657
122
1047
2441
2490
1370
1017
2006
2750
2284
1770
2089
2584
2246
1542
1810
2633
2616
1641
930
1453
2085
1698
853
710
1096
927
372
280
755
864
142
-467
-102
515
502
-148
-416
-136
89
-15
-89
82
66
-216
-350
-111
298
317
-180
-337
-153
18
68
-34
-130
-267
-382
-316
-78
68
-201
-716
-794
-439
-377
-668
-908
-899
-1022
-1280
-1230
-1143
-1299
-1661
-1912
-1938
-1825
-1862
-2053
-2404
-2368
-1729
-1884
-2763
-2872
-1848
-1157
-1665
-2641
-2581
-1084
-224
-1082
-1910
-1135
152
154
-527
-366
879
1409
580
106
1072
2232
1851
785
814
1798
2190
1663
1255
1713
2107
1658
1024
1451
2169
1829
859
567
1243
1635
1096
427
601
1036
732
127
207
725
618
-138
-375
155
416
68
-296
-248
-20
-87
-178
-97
165
137
-270
-333
105
443
155
-211
-99
222
245
108
131
172
184
56
-211
-55
194
1
-428
-576
-280
-152
-314
-511
-622
-675
-694
-779
-921
-986
-1121
-1417
-1472
-1457
-1483
-1621
-1876
-2080
-1888
-1215
-1453
-2516
-2600
-1456
-802
-1445
-2360
-2162
-804
-127
-972
-1688
-807
336
3
-876
-506
774
1064
63
-403
547
1750
1393
106
197
1405
1698
937
609
1297
1813
1150
441
1004
1904
1665
594
363
1210
1704
1155
470
883
1331
998
384
524
1186
1077
270
-68
530
852
380
20
207
361
188
11
122
410
323
-104
-219
186
510
311
-3
48
240
218
158
261
289
224
66
-21
249
510
320
-112
-133
327
280
-112
-96
56
-145
-450
-349
-228
-170
-394
-913
-948
-556
-482
-1058
-1302
-1091
-1270
-1543
-1230
-719
-1415
-2365
-2103
-1017
-750
-1746
-2633
-2119
-589
-587
-1840
-1975
-779
-120
-935
-1537
-619
584
376
-754
-803
560
1378
632
-237
358
1416
1433
872
869
1626
1891
1234
919
1767
2527
1992
1099
1241
2064
2257
1583
1272
1563
1659
1299
1027
1339
1647
1326
665
573
1095
1325
901
435
536
739
643
505
531
588
415
122
53
321
524
302
48
149
380
436
327
313
360
351
226
213
461
570
354
86
221
460
337
141
215
157
-89
18
0
-258
-249
-245
-549
-749
-587
-580
-793
-1014
-1126
-1191
-1244
-1342
-1174
-1127
-1940
-2525
-1913
-973
-1236
-2457
-2939
-1824
-633
-1234
-2339
-2047
-676
-405
-1337
-1332
-45
831
104
-670
21
1407
1802
705
235
1315
2184
1896
1346
1740
2447
2383
1689
1701
2649
3039
2278
1528
2051
2868
2762
1936
1709
2274
2284
1628
1437
1952
2066
1411
874
1232
1726
1571
988
714
1057
1223
961
756
877
1002
621
344
570
938
921
430
226
641
936
643
507
664
677
641
475
523
846
877
524
363
646
920
798
471
506
546
544
466
366
287
166
16
-50
-86
-205
-282
-327
-555
-785
-858
-833
-955
-895
-853
-1494
-2012
-1632
-729
-698
-1655
-2346
-1708
-322
-275
-1399
-1653
-569
172
-315
-755
-46
963
815
-18
121
1342
2127
1513
757
1186
2130
2306
1748
1621
2257
2456
1867
1613
2295
2821
2328
1566
1569
2393
2624
1934
1445
1776
2047
1635
1224
1438
1719
1381
727
692
1166
1262
752
340
558
802
693
408
425
651
542
140
136
533
722
396
10
148
477
460
227
153
188
143
31
25
200
344
112
-246
-132
279
254
-134
-304
-56
4
-250
-299
-225
-304
-438
-596
-686
-549
-437
-746
-1070
-931
-770
-1000
-1199
-1227
-1100
-755
-989
-1824
-1766
-934
-616
-1262
-1965
-1806
-852
-365
-1055
-1546
-1035
-212
-286
-802
-590
219
523
-34
-440
208
1223
1128
233
139
978
1414
1020
670
1043
1490
1283
784
1020
1747
1843
1205
808
1368
1886
1648
1167
1134
1348
1311
1092
1089
1394
1368
952
738
979
1208
1073
745
625
655
645
639
538
492
407
129
-23
230
320
79
-207
-269
-129
-199
-305
-321
-303
-474
-597
-521
-368
-343
-450
-655
-659
-350
-273
-443
-590
-390
-296
-476
-397
-136
-159
-297
-452
-437
-218
-135
-369
-755
-784
-528
-490
-857
-1027
-1033
-1038
-852
-979
-1678
-1936
-1439
-1234
-1582
-2098
-2340
-1864
-1215
-1500
-2107
-2024
-1292
-1027
-1527
-1585
-938
-405
-629
-1070
-814
87
422
-175
-474
143
783
713
386
558
1108
1265
883
872
1480
1825
1440
1001
1378
1894
1851
1511
1481
1686
1664
1407
1256
1539
1582
1128
762
845
1096
1003
583
328
343
312
121
-17
-145
-227
-409
-704
-746
-606
-604
-898
-1060
-914
-806
-933
-1010
-922
-902
-920
-1060
-948
-666
-712
-886
-859
-611
-466
-467
-539
-447
-317
-249
-276
-244
-112
-131
-275
-287
-271
-212
-240
-605
-784
-584
-553
-934
-1162
-1246
-1330
-1513
-1880
-1935
-1626
-1851
-2615
-2742
-2046
-1762
-2356
-2823
-2744
-2103
-1788
-2253
-2540
-2058
-1328
-1530
-1893
-1464
-694
-504
-847
-974
-396
420
414
-40
99
787
1091
846
880
1357
1574
1326
1081
1488
1962
1859
1386
1349
1673
1599
1443
1447
1438
1286
1000
851
977
1058
687
206
72
229
196
-89
-312
-347
-364
-550
-701
-691
-597
-729
-1021
-1120
-933
-694
-801
-1029
-1118
-957
-817
-827
-719
-661
-650
-576
-471
-431
-301
-182
-263
-328
-153
-75
-178
-86
-90
-102
-172
-165
-90
-224
-393
-447
-452
-581
-616
-697
-804
-976
-1092
-1231
-1381
-1381
-1491
-1787
-1935
-1767
-1964
-1944
-1859
-2256
-2658
-2267
-1692
-1823
-2378
-2614
-1984
-1387
-1567
-1995
-1833
-1119
-890
-1263
-1189
-482
-49
-307
-585
-314
423
721
391
153
537
937
965
818
912
1214
1140
916
922
1284
1379
1015
733
918
1096
764
560
713
753
460
237
257
437
321
-57
-276
-180
24
-85
-290
-378
-342
-345
-403
-410
-427
-438
-546
-648
-650
-440
-399
-599
-675
-544
-427
-455
-485
-469
-400
-445
-525
-460
-274
-303
-490
-484
-362
-298
-281
-324
-451
-444
-383
-456
-375
-407
-515
-636
-629
-545
-715
-706
-702
-949
-1038
-930
-948
-1123
-1270
-1433
-1556
-1629
-1758
-1949
-2111
-2029
-1794
-2146
-2582
-2485
-2080
-1967
-2352
-2679
-2658
-2066
-1732
-2132
-2400
-2008
-1472
-1506
-1739
-1434
-822
-640
-917
-884
-325
310
198
-232
18
560
752
639
641
983
1229
1025
843
1058
1432
1349
990
907
1187
1398
1099
823
981
1068
778
518
585
769
632
173
-55
64
328
135
-271
-368
-256
-162
-302
-379
-347
-315
-404
-525
-415
-229
-261
-398
-455
-264
-123
-139
-203
-190
-50
-60
-50
55
173
142
51
61
208
261
201
139
117
152
153
119
65
-38
-100
-124
-206
-226
-144
-224
-541
-546
-358
-494
-769
-888
-877
-962
-1140
-1320
-1342
-1373
-1556
-1780
-1860
-1577
-1618
-2182
-2425
-2020
-1530
-1821
-2340
-2363
-1621
-1204
-1594
-1826
-1439
-787
-740
-1075
-873
-145
170
-37
-163
289
823
1039
825
804
1269
1654
1594
1478
1739
1980
1882
1694
1853
2128
2086
1777
1618
1829
2031
1775
1449
1452
1590
1496
1114
924
1099
1141
811
460
498
664
569
248
100
194
206
78
29
124
140
116
52
126
271
321
275
204
367
534
585
575
638
714
719
744
755
939
1023
901
780
929
1074
922
798
829
878
842
778
694
644
679
469
337
394
367
156
10
-6
-154
-181
-272
-396
-517
-450
-513
-817
-851
-859
-937
-1049
-1152
-1272
-1311
-1149
-1096
-1339
-1500
-1311
-944
-836
-1093
-1294
-1018
-394
-410
-684
-520
-78
343
168
141
631
1082
1082
923
1047
1476
1832
1734
1557
1743
2058
2129
2101
2096
2304
2306
2072
1996
2125
2231
2025
1779
1737
1829
1828
1627
1404
1361
1335
1142
892
868
931
839
689
505
547
634
614
430
321
426
340
263
282
334
313
280
285
407
536
567
512
497
618
659
632
627
691
639
607
627
618
666
671
616
569
558
612
636
531
438
544
546
371
314
300
274
150
76
-78
-117
-124
-315
-506
-545
-556
-602
-678
-744
-812
-939
-982
-1113
-1155
-1186
-1337
-1582
-1576
-1440
-1660
-1843
-1668
-1568
-1925
-2077
-1804
-1457
-1461
-1718
-1853
-1467
-968
-990
-1168
-971
-517
-349
-402
-207
164
493
461
405
728
1177
1335
1150
1155
1422
1601
1527
1543
1652
1736
1597
1436
1524
1705
1658
1374
1140
1159
1195
1143
928
676
693
640
500
329
316
348
231
5
-62
77
141
53
-142
-157
-26
35
13
-2
-19
42
127
180
264
329
366
399
408
457
544
604
560
522
576
677
744
738
659
604
602
591
593
572
586
506
432
461
446
383
274
143
86
86
-18
-123
-214
-303
-478
-599
-643
-756
-960
-1104
-1114
-1138
-1226
-1295
-1320
-1355
-1374
-1459
-1496
-1480
-1440
-1375
-1471
-1518
-1420
-1264
-1168
-1254
-1425
-1290
-948
-808
-947
-1065
-793
-307
-187
-329
-208
126
413
396
403
643
890
982
934
921
1153
1375
1361
1224
1244
1376
1402
1341
1313
1388
1349
1200
1161
1262
1230
1105
970
932
946
946
906
738
625
673
694
592
539
534
523
457
313
259
335
362
272
174
170
249
246
189
172
185
208
224
213
232
294
315
310
288
284
375
402
325
286
292
317
300
303
351
356
240
248
248
206
221
122
93
88
31
-35
-113
-98
-131
-247
-352
-367
-307
-344
-451
-539
-511
-438
-489
-554
-624
-603
-600
-650
-732
-700
-675
-700
-721
-785
-731
-711
-817
-864
-822
-741
-719
-751
-687
-648
-586
-756
-821
-635
-488
-539
-689
-672
-412
-224
-257
-233
-149
0
148
196
217
403
548
548
540
658
716
828
862
781
820
929
1025
1023
999
1001
996
991
1049
1123
1070
1021
993
1000
1010
912
816
764
803
697
574
534
575
591
476
333
277
371
380
236
167
162
188
191
72
4
12
20
-116
-109
-49
-14
30
-84
-98
-52
12
-16
-78
-23
37
104
81
128
153
192
256
286
311
279
245
259
260
247
216
205
234
237
280
267
267
261
249
200
198
149
122
48
29
19
-62
-81
-142
-171
-266
-212
-251
-435
-457
-474
-525
-626
-699
-769
-763
-785
-874
-928
-956
-1005
-1080
-1081
-1052
-1212
-1251
-1093
-983
-992
-1084
-974
-754
-626
-656
-633
-397
-226
-197
-112
145
363
380
438
585
764
876
941
968
1049
1226
1343
1349
1336
1467
1528
1411
1339
1361
1360
1351
1234
1127
1102
1007
926
790
669
524
410
289
228
59
-4
-87
-189
-264
-266
-297
-422
-464
-508
-487
-528
-547
-544
-538
-601
-574
-474
-428
-432
-393
-302
-278
-279
-210
-80
19
-13
12
144
172
226
280
297
280
315
335
384
459
399
383
376
370
405
423
376
330
292
250
251
191
141
95
72
13
-25
-3
-67
-181
-262
-310
-356
-469
-598
-661
-710
-708
-783
-801
-840
-915
-1020
-1061
-1041
-1130
-1134
-1102
-1104
-1116
-1075
-968
-893
-989
-1035
-903
-717
-689
-696
-622
-454
-266
-162
-113
-44
122
183
188
285
462
575
587
576
699
747
777
790
689
661
631
602
592
522
478
430
337
312
329
325
206
103
82
74
18
-91
-168
-105
-158
-252
-290
-237
-166
-276
-372
-420
-292
-240
-319
-359
-274
-192
-124
-188
-192
-60
-21
-14
-14
27
130
227
191
236
304
405
450
452
443
514
516
527
530
549
528
456
478
470
516
479
475
428
388
339
338
373
326
301
291
283
277
269
222
157
81
30
35
9
-86
-135
-166
-210
-306
-374
-388
-406
-461
-534
-563
-609
-574
-646
-750
-761
-768
-757
-846
-884
-886
-908
-957
-946
-833
-824
-872
-891
-849
-768
-688
-773
-865
-726
-572
-609
-648
-523
-395
-338
-316
-216
-90
8
51
74
128
242
303
299
304
372
435
445
485
519
519
532
557
592
613
648
653
605
638
618
555
517
485
471
378
365
339
334
342
293
224
195
246
247
256
157
98
177
150
112
43
90
139
61
17
-20
-23
24
-23
-76
-62
-58
-30
4
14
47
141
171
159
248
232
199
211
221
268
272
269
281
251
259
311
368
339
355
366
414
429
380
375
329
277
250
248
197
145
86
56
-19
-75
-206
-312
-372
-505
-585
-660
-679
-734
-818
-835
-879
-988
-1093
-1113
-1122
-1210
-1309
-1248
-1199
-1186
-1202
-1182
-1164
-1088
-1047
-983
-886
-828
-769
-762
-651
-487
-391
-351
-295
-128
10
84
220
334
419
476
562
604
693
773
773
774
813
874
865
877
862
791
749
788
721
696
605
544
526
442
428
407
381
240
165
161
129
116
15
-54
-29
-118
-129
-84
-106
-170
-176
-190
-196
-213
-163
-129
-172
-117
-51
10
66
72
116
174
214
259
269
270
308
311
342
439
470
514
507
473
491
564
534
486
499
489
479
457
399
435
401
386
353
263
194
128
12
-69
-74
-161
-210
-268
-355
-428
-502
-536
-605
-609
-659
-765
-835
-871
-898
-913
-946
-1011
-962
-952
-980
-1020
-1007
-949
-963
-957
-888
-776
-742
-657
-627
-573
-520
-492
-415
-363
-288
-289
-234
-100
6
60
155
184
283
347
289
288
367
437
367
331
385
437
461
388
353
392
371
334
257
235
269
213
173
157
183
181
180
110
80
92
95
92
39
14
19
90
109
79
75
117
125
121
126
93
124
111
96
85
132
191
131
145
68
58
91
99
119
46
41
96
59
79
47
39
19
-6
-17
-8
-26
-39
-12
-57
-10
-29
-6
-23
-33
-40
-25
-2
3
49
53
61
-1
-18
-5
-38
-101
-142
-136
-196
-203
-237
-257
-277
-288
-296
-337
-356
-396
-397
-417
-420
-416
-387
-375
-373
-390
-437
-461
-441
-432
-481
-490
-552
-521
-525
-529
-516
-530
-532
-523
-524
-528
-504
-478
-433
-423
-373
-405
-344
-304
-340
-282
-188
-170
-170
-128
-76
-51
43
83
74
145
222
291
262
307
382
405
429
392
390
459
479
484
488
466
456
452
417
366
336
281
262
192
164
152
126
73
19
18
-4
3
10
-46
-135
-144
-154
-171
-161
-158
-230
-172
-155
-130
-61
-18
20
-8
-11
39
65
72
113
162
220
235
281
357
352
301
270
328
391
377
399
408
390
362
425
412
370
313
284
235
160
128
17
-64
-115
-202
-241
-240
-316
-371
-432
-467
-462
-451
-442
-484
-583
-637
-626
-643
-623
-680
-737
-761
-736
-666
-683
-736
-711
-622
-558
-604
-629
-571
-504
-497
-537
-510
-430
-340
-324
-290
-218
-163
-66
-23
-7
15
67
121
117
171
141
174
262
287
280
289
331
324
315
272
301
266
306
308
274
248
266
221
137
99
39
27
3
-17
-43
-83
-87
-145
-194
-211
-107
-101
-111
-63
-50
-6
-6
-39
-90
-93
-71
-39
-36
-18
13
37
118
190
136
195
214
238
234
213
279
362
356
274
389
432
409
414
380
298
269
224
189
227
161
116
146
145
110
-1
-107
-102
-172
-202
-180
-217
-239
-246
-266
-303
-362
-381
-397
-410
-467
-507
-446
-472
-483
-455
-475
-531
-547
-570
-543
-519
-567
-569
-552
-513
-465
-439
-458
-444
-386
-344
-325
-353
-375
-363
-288
-280
-317
-269
-239
-197
-156
-148
-218
-168
-78
-142
-171
-205
-145
-168
-223
-230
-214
-204
-195
-142
-152
-135
-117
-92
-117
-99
-41
-75
-46
-38
3
37
53
112
144
171
177
198
248
251
301
324
281
246
317
321
298
289
320
303
354
351
373
404
358
317
256
275
234
225
189
164
110
150
144
52
58
-35
-73
-60
-114
-118
-185
-194
-198
-241
-254
-266
-287
-339
-355
-379
-417
-479
-507
-513
-538
-597
-540
-577
-551
-587
-602
-564
-581
-558
-524
-492
-535
-533
-529
-441
-386
-376
-373
-278
-276
-225
-229
-294
-253
-210
-150
-138
-99
-72
-33
-40
-27
11
50
60
-9
21
14
-43
-61
-84
-77
-78
-80
-70
-62
-43
-39
-42
-34
-3
15
58
64
92
91
123
189
185
207
216
255
321
353
394
388
416
447
453
459
456
460
422
431
400
336
321
320
307
204
168
143
104
133
78
59
44
10
-10
-54
-84
-72
-106
-109
-84
-122
-91
-148
-149
-134
-181
-209
-197
-173
-192
-120
-90
-112
-107
-83
-90
-63
-62
-33
-48
-31
-41
-77
-49
-70
-110
-173
-175
-164
-215
-238
-275
-278
-282
-296
-351
-358
-342
-336
-302
-355
-362
-356
-330
-361
-358
-340
-359
-283
-293
-286
-234
-254
-247
-225
-150
-137
-232
-184
-127
-160
-144
-162
-149
-148
-181
-190
-177
-146
-79
-80
-126
-73
-30
-23
-8
-49
-50
-15
22
16
25
55
56
63
88
108
159
148
143
160
135
56
26
110
99
23
-98
-41
31
4
-7
-86
-142
-143
-186
-153
-159
-218
-233
-199
-151
-101
-100
-141
-119
-83
-102
-65
19
49
59
90
92
120
209
174
204
216
175
203
213
222
228
219
212
225
188
208
145
54
60
57
56
28
22
-17
-14
-83
-122
-148
-173
-181
-250
-295
-344
-288
-393
-460
-450
-465
-458
-488
-533
-605
-571
-559
-570
-569
-621
-582
-531
-541
-529
-510
-539
-530
-570
-524
-489
-449
-426
-429
-404
-414
-335
-342
-296
-305
-252
-223
-249
-202
-148
-70
-45
-42
8
-7
6
44
89
142
171
163
182
209
159
190
232
256
189
140
127
119
98
102
58
28
-28
-86
-52
-104
-74
-106
-88
-113
-151
-168
-216
-199
-184
-152
-178
-140
-116
-149
-122
-111
-115
-91
-107
-51
10
2
34
79
90
105
126
113
143
188
168
205
172
219
186
166
229
206
177
119
72
28
25
13
-26
-72
-76
-97
-133
-130
-159
-224
-256
-261
-298
-324
-365
-385
-399
-379
-397
-396
-408
-419
-381
-404
-407
-373
-354
-347
-341
-306
-359
-346
-305
-300
-295
-280
-266
-220
-176
-166
-130
-126
-131
-160
-164
-124
-84
-76
-140
-28
-14
-15
65
79
113
102
127
103
115
133
188
168
155
189
230
247
228
234
266
224
198
185
129
160
175
188
192
157
150
118
93
100
78
80
80
57
-16
15
24
32
41
12
63
29
11
-14
-41
-50
-42
-72
-93
-57
-102
-131
-130
-116
-131
-157
-149
-178
-177
-146
-164
-115
-96
-66
-74
-101
-94
-79
-63
-44
-45
-38
-50
-75
-20
-31
-39
12
14
-6
-25
-33
-5
50
0
-13
23
-8
-4
-89
-141
-100
-123
-121
-114
-127
-91
-139
-130
-126
-108
-72
-86
-126
-164
-189
-206
-158
-131
-116
-144
-153
-155
-156
-168
-134
-143
-126
-145
-139
-86
-93
-57
13
29
93
110
124
110
53
100
113
93
46
117
110
97
127
126
118
114
136
150
90
76
149
117
84
108
81
103
109
87
63
75
90
27
55
27
24
44
14
-8
0
-7
-35
-22
-11
-15
-16
-12
26
19
23
66
47
87
98
57
54
65
48
71
65
82
73
91
75
74
94
107
72
44
87
73
90
79
81
108
132
113
40
69
65
15
29
-32
-17
-43
-69
-50
-95
-103
-132
-135
-159
-191
-155
-103
-140
-84
-150
-125
-106
-123
-103
-96
-68
-103
-85
-121
-131
-132
-75
-104
-94
-69
-50
49
107
81
113
152
117
106
73
46
20
-27
-29
-35
-25
-46
-47
-70
-96
-74
-75
-71
-71
-61
-80
-54
-64
-70
-58
-78
-76
-44
-28
-54
-53
-18
21
11
37
25
68
82
101
121
174
186
184
233
177
160
73
126
149
114
99
116
130
127
60
103
99
32
7
-12
-10
-51
-29
-48
-62
-106
-84
-100
-92
-101
-100
-59
-10
-33
-117
-76
-62
-123
-125
-131
-130
-131
-175
-168
-145
-137
-185
-195
-213
-175
-204
-165
-228
-210
-175
-187
-191
-134
-111
-129
-90
-106
-78
-94
-61
-29
-20
16
46
34
73
73
112
120
124
127
123
118
57
28
14
4
11
-24
-69
-81
-87
-112
-138
-131
-203
-181
-186
-188
-200
-215
-248
-255
-266
-298
-306
-364
-367
-377
-316
-312
-301
-242
-267
-223
-174
-113
-123
-100
-13
-93
4
27
39
111
137
165
235
264
252
304
325
328
360
342
254
297
302
267
260
221
243
239
174
205
213
238
242
190
162
142
112
73
60
18
-11
-37
-104
-163
-183
-146
-110
-119
-122
-106
-75
-35
-76
-19
-45
-35
27
-34
-36
6
-5
-34
-22
25
56
52
112
121
111
145
217
238
266
324
302
279
243
276
315
278
273
230
207
195
184
177
114
106
111
89
63
59
92
70
71
60
58
50
38
59
42
1
42
53
88
160
165
235
214
199
238
207
250
260
276
284
282
370
400
369
415
397
395
391
380
344
274
302
293
291
287
313
318
319
301
268
218
226
206
178
172
128
79
0
8
-9
-20
2
-9
-11
-29
-43
-27
-98
-109
-52
-68
-51
-4
22
42
9
27
62
52
79
90
70
110
107
126
156
148
214
221
240
247
245
206
274
280
265
287
299
292
270
231
201
198
196
196
198
148
110
150
77
122
66
53
101
73
84
63
76
9
12
15
-2
47
13
-21
21
29
57
124
128
131
147
145
174
93
87
88
105
128
127
145
157
177
161
142
121
109
111
145
138
95
69
136
122
130
163
131
103
117
96
27
20
15
50
11
-42
7
-17
-5
-3
-1
-15
-2
48
26
-12
-14
-26
-34
-23
-25
28
10
43
19
-9
34
72
70
93
158
161
176
199
218
238
217
209
268
278
317
292
296
339
331
348
437
485
505
490
492
527
527
489
491
539
465
455
421
389
383
315
354
345
274
230
207
212
146
120
83
66
77
77
59
72
81
87
106
158
165
216
253
287
322
281
307
298
217
194
250
272
314
333
346
384
412
423
447
447
412
433
469
468
437
413
404
404
381
411
388
406
429
422
435
397
385
345
368
387
348
393
359
367
347
295
338
284
307
350
325
357
381
352
356
329
335
317
329
350
371
400
396
430
421
475
479
507
493
477
473
480
509
438
450
466
465
486
465
426
406
431
418
432
459
420
425
440
394
344
252
187
210
240
255
208
201
224
218
193
195
264
246
262
231
247
235
229
280
270
284
272
307
282
318
356
377
339
381
434
442
438
472
450
446
463
397
416
429
439
389
370
346
318
257
216
225
247
195
199
197
152
133
98
73
76
66
47
-27
-25
-54
-50
-40
-60
-15
-53
-63
-52
-36
-50
-57
-23
4
-16
43
99
101
65
105
123
51
57
87
76
73
141
110
120
126
123
165
194
237
212
225
190
191
167
124
136
154
190
181
144
121
140
129
87
115
72
97
90
61
10
-13
-33
-62
-53
-83
-88
-104
-91
-146
-188
-201
-197
-229
-242
-197
-242
-205
-240
-281
-288
-283
-275
-286
-310
-309
-299
-300
-282
-243
-240
-294
-308
-304
-293
-284
-295
-276
-298
-355
-371
-401
-448
-511
-508
-528
-533
-517
-514
-500
-517
-472
-469
-448
-416
-422
-405
-423
-400
-396
-403
-379
-389
-429
-493
-511
-528
-552
-549
-559
-531
-470
-428
-377
-397
-481
-427
-420
-447
-435
-474
-495
-560
-518
-561
-595
-553
-551
-566
-565
-541
-549
-518
-546
-541
-501
-467
-473
-466
-441
-441
-410
-426
-429
-451
-446
-423
-411
-360
-352
-330
-296
-330
-329
-332
-342
-353
-353
-356
-379
-350
-414
-430
-421
-416
-458
-448
-444
-395
-416
-394
-368
-360
-326
-344
-263
-287
-263
-296
-340
-325
-302
-332
-344
-315
-282
-297
-303
-251
-299
-233
-175
-169
-163
-176
-136
-137
-129
-116
-140
-62
-77
-87
-24
-83
-56
-38
-25
-35
-64
-57
-52
-33
-13
-6
-9
-30
-31
-29
3
25
15
51
81
112
74
47
69
18
-33
-37
-46
-13
-6
-51
-28
-25
-37
-5
-24
-21
-10
-24
-16
-40
-8
18
32
17
7
85
104
101
142
184
201
164
164
178
130
132
146
161
187
193
197
186
180
187
218
173
112
151
166
196
170
199
202
199
196
237
228
233
251
214
204
201
209
224
247
254
261
280
271
227
261
273
259
237
308
272
268
285
269
246
255
303
287
264
218
200
206
174
121
115
87
49
37
17
0
42
65
44
31
31
33
9
12
64
51
45
53
60
38
6
13
17
6
22
19
2
-13
-13
12
-12
-12
23
32
47
64
37
4
-17
-33
7
-52
-62
-87
-50
-73
-125
-147
-191
-234
-180
-199
-237
-257
-217
-174
-193
-182
-244
-203
-211
-220
-173
-197
-222
-186
-161
-188
-159
-166
-162
-172
-189
-194
-241
-260
-297
-271
-266
-279
-255
-263
-280
-272
-240
-203
-243
-292
-318
-378
-427
-414
-403
-411
-411
-428
-445
-436
-455
-445
-441
-446
-408
-365
-313
-381
-336
-316
-318
-318
-307
-314
-270
-255
-289
-303
-321
-338
-345
-364
-408
-370
-365
-351
-347
-318
-374
-366
-350
-353
-314
-295
-239
-214
-232
-252
-273
-257
-272
-314
-272
-258
-247
-232
-170
-144
-143
-140
-137
-102
-84
-23
23
41
42
98
126
138
99
74
92
112
126
67
59
64
91
61
82
107
53
110
66
93
111
133
168
110
68
72
93
53
54
59
59
39
46
-21
-46
-58
-100
-90
-87
-65
-67
-55
-37
-5
-8
8
24
-3
6
4
67
43
23
33
47
71
155
197
179
157
157
161
167
181
179
234
232
296
220
245
295
273
290
309
315
316
294
228
220
202
166
160
150
150
90
74
51
-7
-11
-44
-37
-26
-56
-78
-69
-45
-7
9
12
19
46
1
-40
-15
-23
-18
6
37
16
28
49
40
89
114
120
168
152
161
194
234
266
271
265
241
229
261
232
224
217
184
213
169
139
173
165
83
67
66
52
42
39
11
-9
-35
-58
-52
-42
-67
-89
-119
-132
-124
-168
-213
-197
-163
-235
-262
-297
-270
-287
-281
-290
-301
-260
-247
-189
-202
-175
-210
-156
-160
-185
-120
-114
-78
-81
-80
-117
-85
-31
-17
-18
-22
-15
-68
-29
-19
-66
-62
-82
-51
18
9
26
-1
-37
-22
-53
-81
-33
-1
2
-37
-37
-82
-70
-85
-122
-175
-166
-165
-190
-217
-214
-150
-148
-109
-102
-91
-122
-94
-105
-96
-78
-56
-64
-44
-55
-55
-29
-14
21
2
-22
-23
-8
33
73
77
78
100
53
2
54
43
45
22
-7
-16
-65
-83
-60
-56
-26
20
6
7
14
2
31
16
7
43
74
39
36
52
17
8
4
6
-34
-35
-58
-42
-33
-34
-7
16
-35
-73
-63
-139
-117
-143
-154
-120
-170
-133
-130
-95
-78
-97
-99
-95
-96
-139
-147
-140
-138
-131
-119
-71
-71
-88
-107
-84
-55
-45
-38
-24
20
47
56
27
37
49
63
-6
-18
-10
20
6
-9
63
67
46
19
42
35
29
-23
-37
-54
-102
-90
-95
-132
-139
-92
-101
-159
-148
-131
-139
-139
-125
-106
-93
-114
-130
-95
-121
-123
-56
-77
-47
-31
-63
-40
-62
-66
-105
-150
-156
-177
-205
-198
-166
-146
-119
-125
-97
-138
-135
-131
-167
-206
-192
-223
-205
-78
-95
-112
-56
-9
-16
-22
-50
-7
-29
-21
-36
-57
-43
-97
-83
-58
-18
-62
-26
-21
-73
-90
-97
-95
-148
-197
-230
-212
-203
-182
-145
-151
-118
-165
-241
-213
-202
-208
-177
-215
-222
-221
-223
-225
-249
-233
-243
-270
-283
-251
-245
-222
-182
-207
-177
-127
-145
-122
-117
-86
-43
-52
-63
-36
-88
-99
-78
-58
-94
-96
-74
-63
-79
-113
-87
-111
-148
-159
-131
-158
-183
-212
-219
-212
-259
-265
-236
-205
-166
-139
-111
-159
-159
-113
-144
-167
-210
-220
-235
-223
-171
-138
-152
-135
-123
-114
-187
-209
-132
-158
-159
-192
-186
-181
-124
-130
-119
-100
-102
-107
-152
-121
-145
-108
-89
-73
-28
14
18
39
52
67
63
85
99
59
35
69
127
130
118
123
146
91
114
86
69
51
87
104
21
15
11
-8
-11
-37
-47
-56
-48
-19
28
-2
3
2
-40
-33
-1
-4
-57
-101
-75
-8
43
59
74
75
39
64
97
50
25
88
63
61
122
149
131
147
161
183
149
212
250
205
204
192
194
170
147
93
80
103
140
127
145
168
145
131
126
136
87
88
49
43
82
-31
19
3
36
110
92
97
74
134
115
123
73
33
56
47
49
36
-30
-37
19
13
-28
-69
-36
-28
-29
-18
-29
-8
-37
0
59
65
82
87
65
87
116
148
96
89
113
116
85
53
82
97
71
43
52
32
62
11
21
2
-15
-28
-38
-42
-81
-122
-129
-129
-131
-108
-149
-97
-112
-65
-64
-77
-53
-19
39
-2
26
85
132
126
143
123
130
151
213
230
255
264
277
291
285
270
223
240
236
207
248
277
323
313
263
270
196
206
165
140
124
93
109
18
10
-38
-53
-86
-90
-92
-159
-177
-240
-241
-256
-283
-260
-248
-262
-245
-258
-266
-224
-179
-193
-143
-136
-109
-92
-110
-106
-100
-66
-41
-16
41
74
59
50
8
13
43
88
104
147
142
109
188
181
154
202
197
222
160
133
137
74
24
19
-12
-36
-9
21
17
13
37
38
53
96
139
150
168
150
131
142
167
148
157
110
116
128
113
102
123
120
108
160
182
226
216
222
199
232
217
186
173
134
132
136
144
123
144
132
134
186
191
160
197
213
213
201
169
164
140
88
50
67
68
39
28
48
29
-6
-8
-3
-12
-32
-18
-40
-49
-85
-158
-137
-138
-168
-178
-180
-188
-172
-182
-177
-125
-115
-120
-124
-103
-54
-23
23
59
54
105
91
25
-4
-20
-14
-13
-2
37
22
26
78
80
96
99
102
94
139
95
98
69
68
98
54
101
81
123
128
129
118
141
136
108
136
156
184
200
203
164
125
131
154
124
73
59
96
34
30
28
-21
-48
-42
-29
-22
-22
-67
-30
-45
-62
-7
-23
-31
-15
-16
9
-8
-67
-2
35
-4
-19
15
20
-48
2
36
91
164
169
102
91
65
51
51
74
69
79
72
48
97
51
38
35
17
85
23
26
68
33
59
40
11
-5
-30
-53
-47
-64
-81
-73
-93
-45
-25
9
54
14
48
67
84
89
86
36
44
12
-56
-42
-42
-71
-87
-62
-52
-25
2
20
9
9
28
-38
-36
-19
-58
-82
-89
-96
-100
-113
-71
-67
-86
-164
-137
-184
-134
-66
-110
-65
-83
-14
-26
0
-29
-56
-27
-43
-24
2
15
34
76
65
72
144
111
144
159
150
147
105
125
56
0
19
6
-4
-34
-68
-128
-149
-121
-147
-157
-231
-223
-210
-256
-240
-264
-296
-314
-274
-250
-290
-273
-242
-201
-204
-257
-227
-194
-108
-78
3
-3
29
93
59
40
46
108
91
84
114
173
201
172
161
142
151
146
145
107
75
70
10
-1
-27
-29
-43
-90
-81
-78
-29
-57
-55
-55
-73
-111
-125
-97
-109
-136
-107
-106
-119
-69
-72
-59
-74
-47
16
-68
3
14
24
84
98
93
125
137
116
154
131
164
141
136
155
163
135
159
122
113
140
131
132
119
126
153
145
119
122
140
132
128
117
101
109
112
112
94
33
76
59
18
-47
-107
-103
-66
-74
-79
-71
-115
-90
-83
-29
-21
22
67
74
65
103
76
77
94
115
121
106
114
100
105
98
133
130
122
107
66
67
63
71
59
75
50
42
35
28
-2
23
-20
19
-16
-10
68
5
65
65
116
106
81
101
82
132
163
153
163
182
270
261
280
315
286
299
310
325
308
309
295
293
235
281
265
190
211
186
154
128
125
115
37
56
105
86
99
146
189
225
242
199
215
206
213
221
196
200
240
206
250
273
284
290
257
235
243
275
282
291
298
292
277
221
202
191
179
176
124
110
156
134
136
166
149
133
135
134
135
139
193
219
182
236
251
233
264
249
246
194
199
230
221
243
275
300
289
268
270
245
216
181
198
190
147
156
179
166
172
156
183
155
134
179
109
160
188
158
180
169
168
149
199
194
189
216
213
190
227
236
194
222
208
273
283
251
247
238
241
210
219
221
253
224
197
213
191
175
140
129
92
61
89
36
67
43
30
42
47
85
60
36
35
23
29
43
-19
-10
14
-6
-35
-7
3
35
47
5
49
42
51
60
108
98
115
110
111
44
92
134
96
84
90
115
86
155
108
97
93
102
164
96
128
107
106
63
19
54
-3
-53
-96
-110
-174
-221
-234
-216
-228
-218
-165
-167
-154
-174
-104
-111
-108
-110
-92
-60
-34
-26
5
-31
-16
9
18
30
80
77
99
146
121
149
157
216
151
200
192
196
199
141
138
122
104
57
40
42
37
30
-38
-4
3
-76
-70
-84
-135
-144
-109
-150
-162
-147
-179
-154
-178
-214
-176
-162
-176
-176
-211
-173
-140
-172
-164
-143
-112
-126
-91
-113
-157
-138
-103
-84
-72
-73
-5
33
59
109
97
79
83
67
31
13
19
47
60
66
48
82
90
42
22
43
56
86
93
83
67
41
19
-44
-26
-72
-83
-98
-151
-168
-173
-151
-194
-178
-173
-176
-183
-155
-122
-138
-136
-103
-100
-111
-119
-103
-107
-140
-113
-49
-76
-79
-66
-61
-13
-26
-31
-50
-48
-67
-80
-88
-108
-164
-153
-174
-162
-108
-162
-146
-129
-94
-91
-70
-49
-49
-6
-3
-33
-25
-4
-82
-101
-120
-133
-160
-145
-124
-61
-62
-86
-76
-97
-177
-215
-183
-247
-224
-303
-299
-275
-313
-321
-314
-346
-337
-301
-369
-334
-326
-263
-281
-279
-220
-225
-182
-141
-150
-118
-135
-77
-61
-84
-42
-46
-57
-56
-21
4
-23
11
-14
-12
3
4
1
-40
-22
-62
-44
-32
-63
-83
-57
-52
-80
-67
-93
-94
-100
-127
-156
-185
-181
-199
-237
-193
-210
-194
-200
-167
-134
-174
-200
-172
-181
-202
-229
-201
-172
-216
-240
-254
-256
-242
-245
-225
-253
-256
-258
-214
-177
-181
-183
-163
-142
-161
-180
-152
-191
-194
-223
-183
-171
-233
-249
-272
-200
-232
-206
-180
-179
-191
-162
-129
-113
-120
-99
-70
-75
-64
-44
-60
-76
-84
-68
-98
-151
-155
-154
-151
-165
-159
-140
-168
-189
-171
-194
-240
-204
-163
-153
-194
-181
-181
-174
-178
-205
-203
-201
-151
-201
-242
-246
-248
-235
-210
-233
-179
-147
-160
-167
-153
-173
-164
-143
-140
-119
-130
-131
-141
-127
-165
-127
-124
-167
-151
-176
-180
-157
-156
-104
-129
-105
-104
-102
-111
-133
-121
-155
-97
-89
-80
-111
-124
-143
-159
-189
-184
-183
-219
-228
-198
-213
-206
-221
-199
-175
-164
-178
-166
-135
-139
-134
-127
-140
-152
-157
-225
-171
-181
-200
-174
-197
-171
-170
-207
-190
-218
-193
-189
-151
-124
-95
-83
-131
-116
-132
-123
-127
-161
-151
-171
-176
-220
-230
-168
-148
-125
-133
-111
-97
-103
-69
-73
-99
-94
-143
-151
-153
-152
-186
-197
-161
-154
-136
-192
-158
-124
-161
-166
-170
-150
-111
-70
-117
-111
-130
-150
-183
-209
-238
-283
-266
-282
-237
-257
-227
-190
-165
-145
-108
-123
-102
-92
-94
-79
-114
-164
-161
-179
-230
-219
-162
-166
-137
-141
-99
-65
-53
-18
-70
-58
-77
-68
-59
-81
-120
-118
-120
-126
-183
-203
-157
-148
-176
-166
-142
-135
-90
-116
-93
-104
-160
-87
-117
-136
-124
-131
-150
-160
-128
-191
-178
-155
-185
-177
-191
-208
-192
-201
-189
-208
-236
-228
-239
-263
-246
-220
-179
-190
-186
-150
-141
-141
-103
-91
-139
-104
-93
-111
-49
-69
-80
-52
-71
6
8
11
77
87
95
86
51
117
61
31
24
8
22
-28
-45
17
-7
-53
-69
-111
-131
-101
-98
-99
-58
-12
8
-40
-35
-39
-53
-48
-62
-63
-35
-43
-21
5
52
69
88
106
100
115
100
139
175
167
190
175
119
85
43
30
31
-31
-70
-75
-94
-164
-168
-107
-113
-158
-213
-198
-195
-177
-157
-150
-120
-123
-128
-126
-128
-120
-97
-69
-83
-84
-52
-7
37
36
67
49
15
30
41
-19
-14
27
24
9
14
-15
-43
-67
-79
-80
-86
-98
-116
-93
-112
-150
-159
-140
-139
-131
-119
-136
-169
-161
-136
-114
-86
-131
-156
-165
-218
-183
-178
-188
-169
-109
-140
-129
-90
-110
-68
-103
-112
-104
-132
-93
-64
-20
16
21
9
-25
-14
-65
-53
-106
-136
-177
-178
-220
-204
-184
-192
-171
-112
-84
-83
-116
-104
-80
-96
-110
-125
-167
-187
-177
-219
-191
-204
-190
-107
-143
-104
-87
-121
-103
-117
-143
-144
-100
-129
-113
-79
-75
-85
-117
-109
-99
-158
-182
-104
-80
-76
-67
-25
-24
-64
-27
-34
-18
-69
-79
-50
-90
-108
-117
-84
-37
-6
-36
-28
40
32
-15
12
6
-13
-92
-73
-68
-99
-73
-95
-86
-92
-84
-102
-93
-157
-128
-141
-174
-210
-186
-226
-243
-143
-180
-192
-157
-185
-188
-172
-166
-164
-189
-226
-171
-200
-218
-171
-170
-151
-163
-109
-114
-147
-104
-104
-114
-135
-99
-149
-153
-183
-159
-148
-181
-116
-131
-125
-106
-117
-94
-81
-91
-83
-107
-90
-102
-108
-136
-153
-147
-210
-241
-244
-228
-179
-201
-206
-183
-184
-158
-152
-159
-151
-160
-196
-184
-168
-154
-154
-166
-164
-145
-166
-105
-102
-101
-78
-86
-64
-94
-62
-88
-148
-169
-160
-156
-166
-180
-218
-240
-204
-199
-228
-226
-227
-213
-243
-228
-221
-220
-263
-311
-313
-320
-310
-319
-335
-287
-247
-268
-244
-205
-164
-169
-227
-221
-234
-138
-53
-56
-48
-47
7
-3
7
31
3
-56
-77
-43
-69
-84
-80
-27
-29
-27
2
21
27
2
-33
-57
-77
-84
-109
-101
-135
-169
-137
-105
-106
-120
-90
-110
-115
-88
-56
-47
-58
-34
-52
-55
-78
-125
-102
-112
-195
-200
-249
-281
-266
-239
-184
-146
-97
-73
-29
-71
-31
-40
-21
-4
-50
-32
3
20
45
-8
-8
37
-1
-22
-3
-39
-35
18
9
18
37
13
-4
-5
-66
-23
-53
-27
-30
-104
-146
-139
-112
-152
-134
-154
-179
-157
-130
-127
-89
-97
-123
-125
-97
-114
-111
-108
-113
-119
-131
-78
-51
-53
-107
-74
-67
-61
-56
-21
-21
-19
23
98
76
4
31
30
-1
2
-32
-26
-42
-82
-66
-62
-83
-87
-51
-110
-78
-66
-123
-118
-123
-125
-172
-206
-203
-216
-284
-285
-203
-208
-228
-212
-201
-251
-279
-285
-326
-348
-322
-323
-333
-336
-331
-326
-316
-272
-246
-306
-273
-248
-250
-217
-203
-148
-134
-92
-49
-11
-11
-8
-10
16
-22
-46
-39
-96
-99
-107
-112
-172
-146
-157
-191
-184
-177
-180
-173
-146
-101
-162
-181
-195
-199
-202
-219
-252
-255
-197
-228
-220
-277
-255
-242
-218
-133
-139
-71
-70
-70
-31
-50
-3
-26
-21
-14
-99
-70
-83
-81
-74
-68
-86
-77
-68
-13
-26
-59
-33
-42
-36
-77
-89
-87
-59
-15
-66
-29
-30
-57
-78
-98
-79
-73
-103
-107
-109
-138
-122
-131
-94
-146
-103
-100
-127
-56
-99
-78
-103
-135
-118
-75
-24
-12
-22
-24
-14
8
7
27
47
29
46
27
42
20
43
60
42
11
-28
-12
-43
-9
-2
-60
-58
-84
-84
-43
-73
-99
-79
-79
-76
-78
-95
-135
-115
-114
-104
-67
-87
-60
-40
-30
-4
24
31
65
51
30
58
108
86
69
64
55
13
-17
-22
1
54
28
36
26
19
71
60
49
62
79
89
60
86
94
101
125
109
100
109
88
60
49
95
123
49
63
67
49
91
82
-5
62
74
41
50
55
77
99
95
72
110
69
21
-1
57
67
88
109
72
71
42
59
50
34
73
54
59
82
90
94
86
170
130
158
191
194
181
182
147
184
168
99
94
45
48
71
101
110
108
133
179
124
137
183
179
225
175
210
208
173
225
191
169
184
190
145
137
139
112
154
105
94
88
101
116
107
111
127
155
130
159
164
147
132
138
98
87
103
64
60
94
116
126
110
106
128
124
109
115
121
129
104
89
120
106
87
104
113
105
140
74
63
106
111
159
129
166
159
175
171
151
157
167
161
134
181
186
139
173
207
217
217
195
171
185
181
167
129
128
131
144
135
196
187
159
156
138
138
130
108
142
140
121
153
166
150
118
122
107
148
126
94
66
92
101
96
106
126
157
156
190
147
149
107
50
93
53
72
79
63
111
133
121
119
99
87
77
53
27
20
17
9
60
91
108
105
147
137
106
120
69
56
15
-56
-21
8
-65
-54
-48
-79
-80
-74
-41
-6
-24
15
46
-13
7
-17
-16
-37
-13
3
-23
9
12
29
42
34
53
55
39
33
16
-2
34
50
15
56
60
73
74
3
24
74
75
67
93
81
68
83
47
33
-7
-31
-32
-26
7
-26
-23
-15
-9
-23
-49
8
-7
-25
-6
-8
-44
-57
-65
-60
-70
-38
-85
-140
-110
-121
-139
-126
-104
-145
-116
-154
-117
-110
-86
-50
-100
-56
-37
-71
-68
-56
-85
-51
-118
-106
-141
-173
-169
-138
-131
-172
-137
-142
-165
-144
-147
-158
-137
-160
-139
-126
-167
-163
-154
-166
-132
-161
-158
-121
-109
-101
-117
-99
-135
-100
-43
-85
-54
-65
-70
-53
-35
11
-17
-11
-5
-24
-52
15
40
18
45
86
117
111
125
81
87
57
60
100
54
77
89
94
88
90
118
81
111
105
91
91
63
34
41
18
58
104
63
76
78
111
97
60
56
33
14
24
55
85
134
149
159
197
154
156
175
171
158
167
178
200
184
137
141
148
181
143
175
185
214
247
260
306
276
285
259
287
248
231
234
252
236
257
276
226
230
207
179
223
249
240
269
235
220
200
207
211
174
165
156
188
230
195
180
168
208
189
164
174
173
143
159
207
190
190
179
225
250
222
227
205
177
214
223
213
239
231
251
297
252
329
302
296
327
304
352
360
340
347
372
372
369
392
379
390
357
368
334
307
324
337
307
273
267
218
191
163
98
73
72
60
80
65
14
29
32
42
56
50
67
97
131
106
140
163
128
163
204
196
185
214
196
179
227
268
255
282
335
350
340
336
335
307
345
306
281
298
267
279
276
279
237
199
196
197
210
212
200
223
230
256
257
220
191
162
110
126
125
148
164
173
190
171
133
134
165
202
262
296
304
296
315
289
275
275
296
324
324
340
319
305
311
292
295
306
298
318
274
296
317
300
308
279
346
275
244
209
184
135
97
51
41
88
65
82
61
88
122
174
165
136
181
209
195
215
250
227
276
242
260
292
238
230
202
209
232
268
280
240
282
248
245
230
216
195
132
129
110
97
101
100
54
80
69
82
99
106
132
137
174
174
174
144
139
155
180
103
91
135
75
118
100
107
124
150
163
109
60
96
35
-5
46
39
38
27
72
90
94
84
105
132
127
111
137
103
112
182
122
127
133
102
76
38
66
45
-36
6
22
16
47
67
88
44
23
23
11
42
-5
8
-6
-30
-26
-12
-20
-18
6
9
28
37
52
44
45
106
93
134
141
138
171
165
139
131
160
145
153
177
166
139
155
178
206
218
230
200
183
168
149
113
68
77
47
46
72
68
51
36
27
8
45
30
2
45
28
63
44
50
3
35
59
53
56
60
133
111
150
135
151
142
118
124
94
66
75
97
34
68
74
43
73
50
73
87
87
104
162
188
178
209
202
201
211
213
175
206
176
126
174
170
120
161
225
208
167
185
193
203
185
169
124
148
135
128
129
97
132
137
149
129
160
183
156
191
163
143
170
155
137
115
70
84
75
64
50
51
37
52
72
69
63
77
83
101
84
74
99
91
82
43
40
68
90
70
48
91
97
47
37
83
116
98
88
118
116
88
69
33
42
27
-33
-9
11
43
73
70
141
95
119
138
117
156
124
150
182
146
155
182
160
171
168
140
165
155
117
134
153
191
198
219
257
221
221
259
203
138
146
177
216
162
198
192
166
196
212
182
173
184
193
201
195
160
154
186
128
102
79
16
11
-23
-54
-12
-52
-62
-98
-106
-100
-62
-45
-11
-13
9
44
41
47
51
52
51
95
114
81
97
171
144
137
161
207
201
247
219
275
275
250
281
216
197
178
241
217
213
206
199
228
218
211
160
164
179
188
197
162
171
152
174
132
132
88
73
86
46
76
73
132
116
157
159
191
207
221
194
186
229
231
266
238
251
237
248
224
192
208
213
185
174
175
192
191
174
128
141
165
100
127
123
84
93
74
29
31
-16
30
45
64
60
55
22
-26
-6
-34
26
45
60
56
25
73
85
93
102
119
160
158
151
144
167
165
174
189
187
225
232
224
226
204
187
204
193
172
187
214
209
193
263
256
289
274
277
249
252
274
223
262
233
228
201
204
208
181
188
200
219
187
189
211
185
136
134
124
96
106
92
55
110
133
129
109
83
134
114
111
126
131
108
123
108
83
121
113
102
83
93
80
95
105
107
91
103
114
109
162
123
92
110
139
173
138
140
156
135
101
145
146
137
166
154
133
113
93
53
62
81
113
129
148
148
172
159
85
118
127
105
93
109
96
101
111
81
137
114
142
180
159
176
187
181
187
209
212
205
194
244
248
249
267
216
202
182
115
167
192
140
181
161
112
77
54
128
56
24
38
47
47
37
35
-10
27
-14
-11
0
-2
32
51
45
46
99
126
154
146
123
92
197
183
189
221
206
229
252
239
205
158
147
164
182
161
147
122
71
99
69
62
35
-5
-15
30
88
75
23
27
54
46
85
83
85
53
33
61
38
22
22
39
67
75
139
93
84
95
68
89
79
100
124
116
78
108
72
59
40
14
-4
18
38
-7
15
35
66
107
92
138
105
65
98
64
84
48
59
11
-17
4
-18
-34
-95
-121
-133
-119
-104
-153
-132
-99
-120
-135
-46
-63
-126
-100
-105
-66
-96
-79
-35
-61
-62
-22
15
13
41
54
-2
20
14
-30
-12
-50
