SAMPLES:	15031
BITSPERSAMPLE:	16
CHANNELS:	1
SAMPLERATE:	16000
NORMALIZED:	FALSE
10
65
34
9
7
-40
-35
-30
-20
6
-40
-41
-12
9
14
-7
72
104
89
107
61
128
76
95
134
119
159
154
123
110
73
46
78
36
33
22
27
17
38
51
43
11
-23
-19
23
24
-60
-52
-8
17
-10
-3
-38
-43
-33
17
-7
8
-1
-24
43
23
30
10
-7
16
46
-30
16
-11
-61
-30
-12
1
23
54
47
18
58
74
102
113
103
124
56
66
80
43
48
52
19
-10
-40
22
24
56
91
130
135
94
159
125
106
108
123
103
104
84
84
99
92
44
58
97
57
41
40
44
12
-14
-13
-43
-6
14
-53
-92
-61
-44
-75
-89
-106
-101
-50
-88
-96
-13
-23
-1
20
43
30
50
66
73
60
58
43
62
96
36
119
131
123
110
100
80
62
126
81
79
71
101
99
61
54
76
97
85
90
89
115
110
76
46
60
39
61
-13
-46
-10
-8
-19
-10
11
31
25
-30
-7
-48
-26
10
14
-2
2
-21
-7
-47
-19
31
36
77
107
167
116
160
168
206
240
223
188
171
202
188
115
112
126
110
60
23
66
54
32
6
-8
-25
8
25
18
5
64
34
-7
18
-21
-6
-17
-16
-21
-38
35
54
27
9
67
90
76
169
181
172
245
197
222
253
238
228
192
180
175
214
185
167
91
93
149
127
111
136
127
71
77
129
118
71
61
42
17
50
-2
-9
57
3
37
68
48
45
-18
-26
-15
31
69
111
131
144
159
139
174
134
127
127
127
155
176
172
173
169
148
129
119
140
118
130
175
167
179
162
138
101
93
72
48
13
36
1
-52
-79
-102
-118
-136
-111
-51
-57
-63
-86
-86
-100
-66
0
51
95
74
115
108
138
164
168
150
148
136
149
144
116
124
147
93
85
144
88
70
75
84
104
73
60
22
14
16
9
87
60
79
44
-11
-31
-6
45
50
55
-4
51
53
85
96
96
59
25
-5
2
57
5
-15
23
-3
9
28
16
-40
-39
-20
-48
-2
47
80
149
177
125
150
70
29
10
-7
5
-12
-30
-15
-53
-92
-78
-146
-124
-106
-109
-85
-34
-26
-10
-10
-30
-4
7
11
-33
17
58
-4
-1
38
-24
-32
-26
7
4
2
51
47
76
94
178
183
164
197
157
163
142
153
144
136
88
85
87
56
77
122
107
71
68
64
59
83
102
93
108
90
79
106
76
68
56
57
114
114
105
80
86
117
133
165
201
179
190
198
168
159
149
167
157
153
200
190
185
159
136
144
105
63
42
-10
11
35
32
13
-8
-17
-17
63
95
118
62
40
42
75
52
23
32
54
35
39
60
92
89
69
134
136
131
110
126
119
122
132
159
167
149
165
148
91
87
96
98
69
14
66
37
27
45
29
14
14
33
-1
7
-17
-27
-49
-40
-12
12
5
-21
-24
-12
-11
-13
-55
-95
-80
-38
-48
-63
-26
-44
-19
-34
-50
-35
-61
-5
-28
-1
6
0
-10
29
25
14
4
-30
8
-11
-19
-53
-30
-1
1
-31
-60
-54
28
-35
-39
37
22
9
0
-18
-30
-54
-60
-59
-61
-58
-19
-9
-64
-32
15
-18
-48
-27
-5
-11
-24
36
11
-7
-36
-79
-70
-61
-87
-71
-31
-45
-89
-60
-63
-107
-69
-94
-111
-144
-182
-177
-192
-193
-199
-119
-47
-31
46
46
10
-4
-18
-18
-72
-20
69
59
83
54
85
36
59
80
92
83
89
87
102
135
76
112
73
10
37
16
-9
-22
6
-31
-80
-61
-79
-85
-73
-75
-57
-60
-44
-10
-26
-40
-87
-84
-165
-197
-159
-159
-138
-145
-71
-7
31
24
25
15
28
81
74
95
53
57
52
53
59
62
58
50
-1
-24
58
35
-3
3
-19
4
43
35
32
19
33
14
-3
-70
-101
-74
-89
-77
-62
-101
-78
-40
-62
-45
-15
-7
-19
20
18
-22
-48
-18
17
6
14
7
-19
-10
-8
-15
-29
-25
3
22
51
73
34
62
86
28
12
84
65
65
79
-23
12
0
94
105
73
112
40
69
47
18
2
38
27
20
-28
-29
15
-12
-74
-74
-129
-131
-113
-85
-45
10
40
23
50
-2
-13
-24
-5
-30
-48
-44
-65
-26
-7
-31
-38
-50
-14
-42
-20
-35
-97
-101
-170
-195
-182
-190
-220
-175
-178
-130
-123
-94
-72
-82
-94
-114
-38
-46
-70
-9
11
55
56
94
124
155
165
172
149
150
167
180
195
166
203
210
176
172
159
160
201
183
174
136
116
95
49
33
-10
-18
6
37
-7
11
20
7
30
4
32
17
-32
-58
-63
-9
-18
-41
-13
-68
-89
-70
-79
-64
-92
-84
-59
-32
-19
9
13
5
22
11
41
42
47
79
27
50
74
-4
-16
-56
-44
-88
-117
-73
-85
-108
-72
-21
-35
-7
-14
-26
-57
-36
1
-23
-7
-6
-17
41
5
36
86
86
92
114
104
93
97
128
151
166
214
209
198
198
243
235
214
196
153
124
135
99
65
78
83
62
77
42
32
18
-61
-60
-42
-82
-114
-114
-55
-58
-40
-50
-12
-34
-44
-19
9
101
85
117
36
52
126
105
57
52
75
64
103
80
78
48
43
14
15
23
51
20
-13
10
-36
-49
-15
38
-2
-13
-34
-20
7
-56
-39
-64
-85
-78
-75
-40
-69
-55
-6
-6
-18
35
-31
-31
16
-3
54
86
117
142
139
134
178
181
178
252
253
192
206
217
213
157
186
175
209
178
143
135
150
144
118
132
113
43
-36
41
-58
-67
-74
-93
-89
-54
-69
-120
-110
-143
-186
-173
-150
-166
-156
-147
-74
-82
-62
-100
-79
-41
-17
21
-13
28
65
48
49
82
123
83
59
71
53
55
80
113
102
68
71
50
84
61
48
24
-1
68
75
63
27
-40
-15
7
-30
-12
-5
36
36
35
83
58
24
20
48
14
22
55
41
48
116
180
169
155
178
187
231
235
240
182
157
176
134
120
99
151
122
90
73
26
5
42
-21
-119
-65
-11
-11
42
27
25
61
19
25
-11
-46
-72
-83
-95
-118
-155
-140
-109
-55
-58
-31
-22
-46
-9
33
-8
-13
-38
-66
-62
-103
-92
-72
-38
6
51
78
104
154
121
152
102
182
187
118
161
147
140
122
88
50
42
27
13
35
42
25
5
17
-21
-3
15
-49
-64
-108
-111
-76
-91
-97
-64
-12
6
17
44
-9
14
27
12
23
4
18
-43
17
-20
-61
-57
-96
-113
-98
-93
-103
-131
-111
-96
-153
-180
-150
-151
-199
-214
-271
-291
-246
-297
-297
-249
-207
-164
-186
-167
-168
-153
-130
-130
-133
-123
-74
-91
-68
-3
-4
45
82
26
26
40
18
28
28
-19
-9
-60
-60
-106
-91
-101
-127
-72
-93
-116
-135
-105
-101
-89
-104
-107
-132
-158
-159
-176
-160
-186
-212
-208
-240
-190
-197
-170
-198
-187
-154
-142
-123
-147
-130
-135
-105
-100
-72
-51
-64
-56
-51
-93
-95
-118
-135
-179
-204
-196
-183
-157
-155
-162
-195
-215
-216
-158
-162
-157
-120
-116
-119
-111
-79
-62
-15
-66
-105
-101
-173
-144
-91
-116
-118
-101
-137
-225
-218
-203
-216
-190
-154
-154
-145
-143
-101
-123
-71
-84
-108
-41
-46
-104
-114
-83
-112
-72
-126
-119
-68
-85
-60
-69
-66
-128
-158
-133
-82
-42
-75
-63
-58
-105
-126
-104
-163
-170
-147
-127
-181
-119
-100
-90
-45
-100
-101
-111
-137
-169
-156
-172
-178
-159
-175
-140
-168
-130
-164
-224
-183
-158
-123
-160
-168
-138
-140
-151
-193
-197
-173
-182
-189
-167
-150
-201
-137
-156
-200
-243
-228
-247
-230
-197
-181
-153
-240
-202
-223
-177
-128
-127
-141
-147
-114
-132
-134
-128
-119
-156
-125
-120
-105
-128
-169
-136
-154
-140
-158
-91
-125
-145
-109
-50
-31
-26
23
-12
-33
-47
-24
-72
-90
-120
-128
-131
-116
-115
-155
-168
-203
-207
-215
-221
-207
-234
-267
-312
-252
-226
-280
-217
-141
-142
-120
-135
-189
-137
-171
-194
-197
-240
-233
-182
-172
-163
-137
-84
-69
-66
-52
-56
-87
-61
-21
-40
-16
-80
-81
-45
-97
-112
-117
-143
-143
-116
-111
-116
-130
-128
-114
-129
-119
-107
-81
-73
-45
-11
-60
-89
-140
-109
-147
-131
-84
-76
-77
-102
-122
-134
-127
-116
-49
-103
-121
-121
-101
-125
-111
-131
-101
-119
-163
-127
-174
-179
-225
-205
-236
-235
-185
-185
-194
-145
-138
-119
-81
-117
-136
-126
-99
-115
-115
-156
-146
-161
-181
-173
-197
-168
-157
-144
-148
-122
-122
-130
-87
-118
-112
-80
-118
-133
-113
-105
-72
-149
-169
-135
-98
-67
-51
-11
-44
-58
-46
-34
-26
3
-18
-61
-62
-98
-138
-235
-242
-202
-267
-239
-209
-168
-185
-170
-144
-109
-125
-128
-165
-213
-190
-187
-200
-242
-226
-185
-260
-247
-180
-138
-131
-115
-46
-4
29
14
36
60
5
8
6
-84
-98
-53
-44
-97
-59
-16
-27
-73
-63
-64
-74
-115
-68
-31
-87
-85
-72
-87
-94
-50
-65
-67
-101
-78
-79
-131
-131
-129
-54
-55
-62
-61
-92
-121
-114
-104
-137
-76
-146
-131
-93
-70
-34
-45
-27
-20
10
0
-11
13
40
7
31
9
1
41
16
29
61
75
115
115
124
160
157
121
124
70
30
58
63
90
112
72
97
23
11
2
-65
-61
-118
-111
-160
-176
-134
-140
-163
-126
-133
-141
-139
-128
-164
-132
-149
-129
-83
-119
-61
-40
-39
-64
-52
-54
-84
-67
-40
-79
-62
-96
-106
-128
-86
-56
-82
-43
-57
39
-2
-13
-41
-18
-36
-93
-96
-111
-40
-28
-30
-41
-16
-8
-16
-25
32
54
-7
11
10
12
33
58
77
52
49
25
15
46
53
33
-30
-27
-41
-21
39
23
-3
-4
24
31
-17
-13
-54
-65
-58
-108
-87
-120
-32
0
-29
-34
1
-20
-82
-43
-30
-35
-22
-57
-23
-53
-43
8
-34
-77
-98
-99
-97
-84
-132
-148
-143
-154
-159
-168
-186
-189
-186
-172
-152
-166
-107
-45
-32
4
15
-22
-11
5
-47
-97
-66
-69
-114
-130
-97
-81
-62
-5
17
-35
11
41
-28
-25
-18
8
5
24
2
-2
11
-38
-32
-41
-67
-37
-32
-31
-1
-27
6
-8
-32
-10
2
44
61
3
-8
-62
-53
-87
-110
-72
-104
-75
-85
-45
-42
-11
-24
-20
20
-12
-25
-82
-52
-85
-115
-175
-98
-79
-129
-128
-169
-134
-144
-71
-53
-4
36
15
4
23
49
22
21
27
45
40
47
66
69
19
19
-19
17
56
94
97
82
102
139
103
63
64
37
28
60
79
39
30
36
59
46
30
57
93
74
0
19
43
-9
33
75
70
77
121
116
49
32
27
9
22
19
-18
-23
-52
-47
-57
-107
-72
-91
-96
-140
-130
-134
-122
-118
-141
-117
-135
-111
-121
-186
-158
-92
-121
-93
-76
-76
-46
-26
-49
-44
-3
-22
-70
-22
-32
26
19
21
35
23
75
93
109
86
119
69
99
122
38
6
27
16
6
1
-74
-75
-84
-91
-101
-116
-128
-109
-133
-107
-16
-66
-79
-79
-85
-55
-152
-143
-100
-130
-101
-104
-90
-59
2
22
-13
-19
-5
32
-4
-17
-4
-16
40
28
15
3
-27
32
-34
-98
-92
-106
-91
-59
-7
-21
29
-13
-6
-22
-79
-56
-91
-113
-117
-126
-101
-102
-100
-135
-179
-126
-139
-138
-140
-174
-219
-242
-193
-174
-181
-167
-150
-145
-79
-95
-86
-53
-46
-15
-47
-6
-43
-56
-25
6
10
-4
1
59
104
73
45
54
72
44
66
72
39
51
-6
-62
-114
-110
-100
-141
-153
-102
-77
-70
-76
-125
-148
-152
-134
-205
-178
-183
-168
-172
-228
-181
-234
-241
-163
-198
-217
-153
-138
-138
-120
-83
-81
-60
-42
-17
-8
11
-27
1
-10
-50
-86
-96
-94
-148
-173
-127
-97
-107
-67
-78
-128
-121
-94
-101
-94
-109
-97
-151
-129
-36
-19
-7
-15
36
45
82
116
86
78
92
62
-35
19
15
-26
-37
10
92
58
73
93
93
126
95
77
65
31
-4
13
-57
-83
-96
-103
-126
-131
-97
-134
-168
-137
-101
-85
-46
-113
-127
-116
-139
-107
-59
-86
-150
-131
-68
-67
-77
-48
-34
-67
-75
-58
-76
-86
-108
-89
-101
-71
-66
-61
-21
-29
-12
-71
-87
-76
-84
-43
-50
-90
-96
-120
-62
-54
-89
-99
-111
-35
-9
36
106
92
73
110
128
81
88
64
12
19
-41
-61
-64
-86
-90
-80
-56
-49
-68
-81
-22
-43
-57
-44
-67
-81
-72
-122
-126
-165
-168
-115
-150
-184
-207
-192
-180
-169
-234
-220
-154
-146
-71
-107
-108
-83
-74
-89
-82
-38
-75
-95
-89
-106
-87
-43
-43
-8
6
-17
-12
26
21
10
22
12
30
-10
-21
-48
-69
-51
-32
-26
-61
-118
-76
-73
-63
-58
-88
-70
-70
-45
-46
-66
-73
-53
-106
-113
-97
-101
-50
-53
-48
-45
-62
-46
-64
-32
-21
-84
-29
-17
-26
-11
-23
0
43
12
20
15
27
43
47
59
37
17
-27
-24
-39
-52
-121
-126
-137
-131
-103
-118
-97
-35
-69
-47
10
4
-13
-13
-51
-78
-66
-75
-68
-128
-87
-104
-76
5
26
61
80
98
97
122
198
221
252
261
224
265
239
180
213
126
83
133
82
89
92
56
19
21
55
84
53
75
63
14
-32
-26
-40
-49
-63
-56
-91
-85
-68
-75
-92
-106
-87
-75
-70
-74
-66
-46
-12
-17
32
65
99
95
100
91
103
122
98
166
123
147
171
161
151
125
107
76
90
73
69
107
50
86
63
3
21
-57
-40
-54
-76
-111
-128
-108
-107
-84
-65
-45
-38
-60
-41
-65
-83
-93
-78
-61
-62
-62
-44
-24
-3
-5
7
10
-5
-2
85
115
130
117
139
106
95
87
67
19
-34
-1
-14
32
37
70
24
13
-3
-4
-7
65
31
21
14
6
24
15
19
-22
-10
-12
-1
-71
-86
-135
-134
-128
-94
-110
-182
-141
-138
-140
-157
-168
-151
-130
-97
-90
-65
-99
-157
-130
-81
-85
-108
-42
-52
18
-1
7
79
57
31
55
120
85
68
54
96
101
40
60
81
63
37
50
52
5
20
30
-1
-31
-6
-38
-82
-105
-90
-110
-168
-94
-114
-144
-179
-162
-150
-212
-165
-150
-186
-181
-134
-120
-116
-78
-47
3
-30
-58
-35
-46
-75
-70
-25
-10
3
17
24
28
9
47
38
11
-34
-91
-92
-103
-111
-160
-182
-210
-154
-173
-238
-255
-282
-246
-274
-250
-244
-175
-118
-147
-116
-66
-49
-41
6
-28
-81
-111
-96
-142
-164
-95
-152
-205
-151
-72
-101
-124
-121
-116
-54
-47
-11
-1
-26
22
4
-45
-93
-43
-15
-13
-5
23
-27
-101
-101
-85
-77
-77
-21
0
-19
-5
31
15
-6
25
65
25
-51
-45
-79
-113
-108
-84
-97
-107
-93
-89
-82
-110
-81
-52
-13
-28
-32
-50
-64
-82
-83
-97
-113
-127
-151
-158
-93
-95
-94
-87
-73
-45
-54
-27
-59
-84
-81
-96
-130
-179
-200
-214
-281
-256
-310
-286
-247
-250
-247
-283
-301
-234
-198
-212
-218
-184
-157
-169
-191
-154
-158
-199
-141
-126
-137
-88
-49
-19
-37
61
16
-8
18
9
29
-26
-22
5
16
-27
-48
-26
-42
-37
-30
-24
-45
-48
-19
-91
-57
5
-56
-102
-57
-68
-60
-8
-2
29
11
47
78
38
18
43
7
9
26
40
27
40
58
9
16
-16
-50
-71
-44
-63
-125
-144
-202
-182
-225
-239
-244
-258
-231
-188
-199
-177
-145
-155
-139
-115
-48
-39
-2
-13
-29
26
-22
-22
26
-5
13
33
49
77
128
119
139
150
95
128
116
101
93
125
114
127
146
130
94
38
14
42
73
49
83
111
120
100
90
87
54
10
14
39
10
-80
-72
-24
-51
-12
-10
15
63
74
123
167
141
71
88
65
40
6
-37
-73
-96
-89
-82
-136
-169
-206
-217
-200
-229
-209
-229
-207
-138
-129
-103
-57
-52
8
3
-20
25
23
12
-47
-37
-38
-25
6
18
-64
-51
-4
27
8
10
26
61
64
45
25
28
77
110
73
81
141
121
85
78
112
44
60
44
43
14
35
109
87
114
88
59
28
89
79
24
24
-15
-40
-50
-45
-26
-41
17
54
31
22
65
81
46
64
57
97
138
136
73
56
69
52
6
29
37
14
23
52
-9
43
55
26
46
45
77
59
60
56
-24
-71
-25
-28
-70
-103
-94
-34
-40
-67
-27
-65
-123
-96
-76
-101
-154
-145
-90
-77
-68
19
-16
-56
27
29
35
47
88
103
133
136
156
137
120
109
107
124
125
146
183
184
164
195
175
146
195
143
150
177
183
178
171
190
179
184
157
154
116
88
123
118
142
104
88
54
30
6
-17
16
0
71
46
-5
3
63
93
61
101
53
44
15
-26
13
-19
31
38
-8
-24
32
95
74
61
102
85
24
1
30
54
13
57
64
59
80
76
47
67
68
43
83
81
117
119
124
126
148
163
172
198
191
147
91
104
75
45
25
-12
-2
28
13
54
68
97
78
68
89
78
133
106
138
156
151
116
112
148
130
130
111
67
38
50
73
118
117
117
90
77
75
94
92
62
72
21
5
22
32
8
67
112
80
91
113
122
89
76
102
137
111
69
84
71
66
44
37
8
9
51
66
36
112
186
129
198
245
193
232
247
200
177
174
192
188
232
235
251
209
205
183
153
134
148
197
162
160
165
143
100
151
86
38
-15
26
5
-40
-32
-19
-6
34
69
41
82
75
46
76
32
17
4
-26
-19
-4
2
-34
-19
-10
-24
-8
-52
-47
-12
20
43
82
84
83
100
116
115
90
120
134
125
127
152
155
167
178
163
194
190
189
212
229
213
152
117
98
82
0
49
34
36
-1
44
89
65
75
78
39
18
20
-5
-11
1
21
27
4
3
-25
-38
-33
-52
-50
-28
-33
14
16
-36
-27
26
50
47
83
141
120
116
135
155
160
129
101
62
97
121
101
110
129
84
128
160
152
175
168
165
181
166
200
249
241
253
278
167
151
95
81
118
100
113
55
75
81
98
88
75
52
63
87
75
62
22
34
43
32
23
18
8
60
52
32
19
102
117
68
95
99
78
68
120
125
92
74
87
83
71
89
70
87
89
76
87
84
63
53
48
58
52
23
-9
10
4
-24
1
-7
-26
-19
-13
-35
-36
-2
18
-11
-11
-13
-17
-28
20
33
15
15
26
28
70
34
-22
30
47
51
6
49
52
67
63
43
80
51
11
-10
14
11
-9
-54
-66
-51
-105
-104
-119
-182
-180
-179
-142
-136
-135
-83
-84
-71
-17
20
-15
-25
10
56
81
33
28
36
31
79
114
92
77
122
100
58
119
90
116
96
80
113
40
10
3
10
17
3
-20
-26
8
48
52
-17
-14
-37
-90
-140
-183
-182
-175
-148
-173
-159
-131
-129
-159
-152
-126
-166
-158
-136
-156
-127
-92
-65
-36
-81
-90
-117
-119
-176
-186
-161
-149
-168
-150
-120
-88
-69
-49
-45
-26
-12
6
7
57
68
109
121
67
36
38
81
32
48
90
112
66
46
26
-15
-12
-66
-47
-58
-112
-39
-19
-93
-123
-166
-188
-201
-151
-183
-204
-184
-177
-157
-179
-193
-160
-151
-158
-116
-124
-75
-56
-36
-59
-79
-24
-3
-6
51
4
8
2
-58
-56
-35
-48
-115
-101
-96
-143
-137
-139
-165
-127
-113
-140
-183
-146
-129
-166
-155
-143
-162
-117
-90
-54
-66
-23
-4
-29
-41
-30
1
-16
21
-3
16
20
27
81
91
92
64
48
31
-35
-112
-71
-86
-111
-135
-148
-200
-215
-219
-273
-263
-229
-208
-225
-164
-139
-128
-143
-116
-65
-123
-104
-116
-102
-64
-90
-80
-48
-52
-59
-4
-25
-64
-56
-115
-92
-97
-126
-95
-91
-61
3
6
28
43
35
-14
-96
-102
-126
-109
-164
-198
-218
-161
-192
-189
-169
-212
-227
-226
-169
-208
-175
-157
-85
-105
-103
-80
-63
1
-16
-52
-65
-84
-95
-86
-94
-95
-152
-142
-167
-101
-108
-141
-130
-169
-123
-130
-156
-180
-219
-214
-196
-237
-235
-237
-182
-179
-223
-180
-131
-126
-104
-78
-87
-59
-34
-41
-44
-13
1
25
-27
-42
-66
-69
-104
-136
-114
-107
-101
-128
-89
-118
-109
-117
-142
-94
-69
-90
-128
-115
-106
-109
-129
-96
-125
-169
-187
-193
-153
-194
-191
-156
-171
-146
-197
-208
-187
-147
-102
-138
-109
-84
-86
-113
-114
-91
-106
-116
-132
-97
-93
-108
-99
-67
-46
-23
1
-2
-5
-32
13
-11
8
45
71
66
114
81
57
99
74
100
95
36
36
8
-2
-1
-30
-62
-144
-185
-190
-121
-137
-113
-95
-161
-154
-209
-220
-244
-232
-240
-228
-242
-244
-168
-194
-186
-147
-152
-137
-120
-111
-103
-134
-89
-87
-105
-73
-55
-19
-26
-1
4
-9
40
31
15
29
18
38
-14
-71
-52
-24
-65
-99
-119
-139
-119
-85
-116
-116
-103
-135
-90
-73
-146
-117
-61
-70
-37
36
-3
13
10
35
17
2
-23
-109
-91
-131
-79
-95
-85
-68
-49
29
8
-17
-55
-53
-17
-27
-14
-32
-26
-19
-37
-54
-37
-10
-21
-13
-1
-19
-20
-1
69
76
71
92
64
92
62
98
149
109
107
82
46
59
41
8
-40
-60
-46
-28
-31
-26
11
-14
21
52
58
56
20
52
57
22
73
49
64
58
44
47
28
31
-52
-53
-49
-39
-58
-72
-50
-36
-33
11
13
30
61
94
72
15
29
-1
-54
-33
-61
-70
-9
12
16
3
-4
49
24
-20
-3
25
27
5
-8
47
59
2
20
1
-21
-39
-54
-49
-22
-27
36
61
75
35
61
143
139
119
73
76
117
70
50
14
32
20
7
-21
-27
-39
-53
-51
-127
-61
-66
-65
-69
-84
-75
-42
-23
-55
-54
-45
-1
-40
2
29
19
-38
-6
39
-21
-33
35
62
19
82
119
59
-4
75
35
-47
-49
-49
-85
-23
22
27
32
39
100
75
97
85
86
65
91
90
76
96
63
37
41
39
9
-10
48
55
49
58
96
87
52
62
36
45
19
77
107
90
84
35
20
-14
-10
37
12
-2
-17
-5
26
-9
38
57
15
48
39
65
55
43
62
71
99
110
107
133
146
88
100
83
104
78
48
35
3
5
16
54
67
63
62
12
14
1
5
6
-60
-89
-52
-55
-63
-17
-30
-53
-75
-21
-37
-2
-43
-49
-87
-87
-77
-107
-140
-105
-73
-32
-17
-37
-1
-6
48
56
86
66
78
98
20
61
126
135
156
162
210
225
215
271
306
279
292
283
302
249
218
167
126
45
-48
-60
-97
-27
17
-39
-48
-11
-3
14
-14
69
83
61
48
27
-12
-15
29
-19
-51
-48
-69
-37
-42
-57
-16
34
39
94
175
127
179
163
137
153
107
194
124
183
191
124
120
134
81
5
49
46
21
-18
-12
-66
-58
-50
-53
-72
-52
-57
-71
-64
-28
32
22
56
55
70
123
129
121
94
99
149
196
200
220
191
167
155
151
147
93
95
78
66
77
89
93
116
82
112
97
93
89
97
159
141
208
190
168
216
205
185
186
172
120
107
145
85
120
168
151
150
132
122
147
86
81
76
73
65
36
45
41
6
53
73
39
34
81
130
109
147
147
93
92
94
90
109
106
107
75
26
101
117
111
122
66
72
31
12
23
6
-4
28
3
31
46
50
39
13
89
20
18
-5
-37
1
-22
-75
-65
-121
-112
-71
-64
-1
-24
-15
13
32
48
43
-8
-22
-33
-51
-98
-76
-83
-112
-91
-119
-125
-131
-149
-208
-207
-194
-227
-272
-244
-238
-249
-210
-205
-164
-158
-151
-111
-111
-69
-47
-84
-57
-47
-36
0
36
63
59
67
94
43
0
-1
-3
-69
-72
-57
-124
-94
-86
-113
-176
-134
-133
-126
-54
-10
-30
-28
-17
-49
-30
-36
-30
-8
-11
-38
-9
-33
-79
-118
-112
-165
-153
-131
-170
-130
-73
-77
-74
-32
-15
-2
-23
-46
-30
-64
-94
-54
-48
-34
-31
13
5
32
70
46
67
52
6
13
-38
-37
7
-1
-6
-15
-30
-27
-43
-40
-15
-42
-22
-111
-49
-71
-106
-61
-93
-80
-107
-32
-43
-33
-10
-57
-23
7
18
19
-3
-11
-24
-23
-23
-3
-13
-83
-74
-83
-136
-174
-115
-103
-119
-85
-67
-65
-108
-123
-155
-116
-163
-136
-164
-151
-128
-130
-97
-55
-1
-43
0
12
83
96
93
110
98
129
113
123
111
52
117
152
157
135
154
157
117
133
132
152
142
133
164
151
160
128
122
92
34
65
55
26
-2
25
60
80
48
47
21
-32
-40
-52
-60
-76
-65
-23
11
-8
14
54
-14
-14
-19
3
15
-21
23
45
45
25
50
62
13
14
2
-62
-22
-45
-31
-23
20
55
29
30
4
39
-4
-14
-22
-16
-25
-27
-17
-47
-76
-46
-37
7
-17
-4
10
-16
31
-5
16
6
16
-13
-17
22
20
7
21
-29
-34
-53
-64
-37
-36
6
29
41
35
76
106
152
137
178
137
71
53
0
31
-36
-23
10
-10
-8
-30
-27
9
-19
-8
-9
-1
55
27
31
23
28
32
36
-15
-16
-59
-90
-61
-59
-111
-82
-36
-40
-13
30
14
45
36
64
61
62
122
180
159
89
80
22
5
-14
-32
-41
-26
-35
-34
-20
11
54
101
92
123
163
139
147
95
52
44
43
29
59
32
-35
-48
-36
-6
-37
-62
-51
9
-14
12
23
57
92
31
97
90
70
65
51
80
66
113
79
75
79
93
94
76
100
66
61
27
20
32
14
62
87
90
58
103
97
31
71
61
47
50
84
59
25
7
30
23
-39
-52
-22
-38
-11
37
44
43
87
142
117
179
137
117
91
70
61
20
19
28
37
46
40
82
56
56
88
57
72
47
118
117
117
132
176
161
124
119
118
153
109
64
58
69
31
46
54
62
124
105
60
74
57
76
68
64
41
41
-17
-40
-6
-48
-72
-80
-80
-98
-113
-129
-90
-66
-34
-20
-28
-4
-10
42
4
5
29
5
-20
-45
-39
-29
-14
-5
34
5
5
18
38
27
40
-7
4
-12
-27
-41
-26
-10
-24
-36
-55
-71
-34
-11
-22
-24
-23
-26
-48
-19
-76
-55
-18
-39
-48
-81
-72
-108
-110
-115
-140
-186
-158
-125
-124
-67
-126
-127
-138
-145
-90
-69
-47
-24
-10
-5
-13
23
14
-8
-41
-31
-27
5
-18
-66
-91
-87
-67
-43
-30
-50
-51
-45
-20
-66
-102
-134
-169
-166
-195
-181
-144
-178
-161
-153
-119
-38
-10
3
-51
-92
-90
-91
-91
-89
-77
-38
-3
-42
-31
-31
-30
-10
22
48
-20
-43
34
8
-16
29
57
44
69
129
53
-13
-47
-78
-43
-45
8
31
52
44
27
17
-26
-45
-43
-35
-90
-73
-101
-83
-98
-129
-139
-168
-209
-214
-196
-214
-188
-166
-182
-165
-128
-159
-168
-199
-161
-114
-121
-102
-41
-51
-36
-32
-8
21
8
42
75
65
118
158
110
97
67
97
130
144
152
155
177
196
166
92
63
79
16
-8
-38
-59
-77
-84
-55
-92
-104
-124
-103
-137
-151
-199
-209
-192
-219
-216
-161
-158
-116
-84
-109
-118
-103
-84
-85
-53
-54
-26
18
18
8
20
-7
-23
-24
10
4
17
64
28
50
54
25
15
29
21
8
-35
-53
-80
-103
-100
-121
-95
-86
-130
-143
-165
-149
-136
-133
-128
-172
-134
-96
-87
-84
-55
-98
-64
-13
-49
-42
-20
-22
-53
-4
1
-25
-53
-10
-7
-19
4
9
16
48
35
-5
-25
0
-7
1
14
-40
-55
-58
-73
-81
-132
-158
-167
-142
-254
-255
-185
-200
-124
-123
-88
-37
-21
-13
-50
-85
-69
-74
-71
-38
-61
-92
-68
-69
-54
-105
-86
-81
-127
-114
-134
-142
-164
-130
-151
-170
-159
-135
-127
-96
-38
-22
-26
-57
-16
-1
-6
68
56
22
6
-22
-26
-28
-40
-8
-46
-53
-50
-50
-35
-16
-40
-47
10
-8
-33
-26
-28
-41
-105
-125
-90
-112
-140
-125
-133
-105
-126
-125
-85
-97
-15
-8
-35
-45
-79
-118
-142
-55
13
-42
-15
37
35
24
20
11
25
-2
-29
-22
-54
-49
-37
-64
-91
-81
-69
-87
-105
-130
-173
-124
-91
-90
-92
-57
-32
-98
-78
-42
-24
3
11
3
-10
-10
-33
-51
-50
-37
-39
-57
-35
-35
-16
-8
3
-20
-32
-39
-47
-30
-47
-9
-1
10
4
49
47
83
1
19
40
17
60
100
67
18
66
52
73
53
31
54
54
22
33
75
46
43
-10
29
-7
-40
-18
-48
-27
-65
-38
-72
-70
-132
-137
-129
-184
-215
-210
-187
-176
-154
-213
-179
-176
-194
-235
-225
-218
-234
-217
-202
-175
-112
-154
-124
-67
-119
-58
-21
-15
-20
-15
-35
-10
-12
12
37
29
76
94
130
155
158
209
182
179
218
198
208
226
216
161
163
207
197
176
138
155
93
80
98
72
102
93
89
39
22
-7
-62
-60
-28
-19
-10
-11
-43
-84
-85
-104
-78
-27
-50
-33
-21
-24
4
-6
-33
-43
-60
-83
-37
-75
-65
-69
-145
-195
-185
-206
-247
-244
-243
-259
-319
-343
-362
-389
-408
-388
-397
-365
-341
-384
-322
-298
-260
-253
-171
-84
-87
22
128
180
178
207
222
240
343
344
309
329
347
349
421
385
349
389
404
408
426
429
477
463
444
475
445
464
475
518
525
485
424
443
428
403
358
328
288
263
217
166
122
65
-25
-162
-239
-395
-580
-754
-894
-1017
-1056
-1237
-1415
-1646
-1786
-1823
-1891
-1890
-1945
-1981
-1969
-1896
-1853
-1770
-1660
-1477
-1259
-843
-281
-49
-130
-127
310
1049
1447
1519
1449
1572
1772
1849
1933
1981
1872
1552
1343
1293
1197
938
531
161
2
-154
-386
-741
-1033
-1106
-1112
-1037
-990
-993
-1136
-1181
-974
-520
-186
-91
-45
52
345
740
1073
1257
1409
1575
1651
1744
2011
2067
1913
1803
2030
2160
1891
1483
1292
1301
1148
915
647
494
226
-134
-342
-465
-596
-942
-1285
-1510
-1700
-1889
-2013
-1952
-2182
-2592
-2854
-2742
-2533
-2657
-2940
-3120
-3058
-2963
-2877
-2693
-2417
-1778
-938
-514
-774
-1038
-302
1154
2091
2011
1800
2041
2423
2631
2784
3086
3124
2558
1882
1733
1825
1488
632
196
238
-13
-713
-1512
-1900
-1930
-1970
-1969
-1963
-2126
-2448
-2747
-2554
-1886
-1158
-821
-857
-852
-566
53
739
1280
1604
1841
1950
1992
2123
2366
2538
2629
2751
2792
2678
2169
1759
1565
1581
1651
1487
1070
342
-288
-530
-279
13
-59
-414
-822
-1008
-1018
-754
-377
-226
-312
-425
-361
-231
-149
-96
44
264
317
131
-180
-483
-664
-707
-688
-780
-1203
-1743
-2182
-2548
-2630
-2699
-2901
-3225
-3576
-3766
-3434
-2692
-2286
-2560
-2812
-2150
-838
20
-23
-63
636
1598
2123
2353
2713
3074
2958
2767
3048
3473
3263
2465
1988
2108
2191
1700
903
409
173
-192
-565
-773
-1049
-1546
-2095
-2218
-1954
-1691
-1716
-2031
-2139
-1824
-1252
-774
-489
-246
126
434
783
1292
1899
2461
2506
2380
2467
2935
3297
3208
2927
2867
3016
2892
2582
2226
1925
1541
1286
1208
1044
439
-257
-532
-454
-541
-851
-1216
-1540
-1787
-1996
-2003
-2085
-2170
-2283
-2418
-2556
-2769
-2866
-2801
-2714
-2857
-3003
-3128
-3234
-3317
-3323
-3279
-3187
-3209
-2555
-1274
-557
-1281
-2418
-1665
771
2571
2116
1089
1229
2292
3085
3361
3830
4062
3408
2579
2647
3389
3414
2308
1385
1463
1737
1120
-60
-711
-747
-789
-968
-1173
-1492
-2087
-2757
-2918
-2190
-1324
-1114
-1749
-2383
-2177
-1277
-317
169
309
362
457
657
1360
2254
2785
2665
2360
2659
3215
3424
3165
2913
2939
3052
2994
2700
2249
1666
1340
1442
1625
1289
369
-335
-536
-363
-252
-486
-959
-1516
-1840
-1831
-1646
-1595
-1856
-2204
-2422
-2407
-2357
-2322
-2350
-2484
-2591
-2576
-2560
-2695
-2968
-3066
-2961
-2843
-2905
-3220
-3439
-2991
-1331
38
-488
-2275
-2606
-156
2637
2880
1330
805
1854
3103
3394
3670
4075
3698
2627
2356
3270
3815
2790
1281
1074
1746
1653
463
-662
-878
-802
-925
-985
-1044
-1634
-2676
-3107
-2447
-1270
-830
-1484
-2354
-2351
-1337
-230
343
427
574
830
950
1247
1976
3183
3649
3260
2982
3375
4059
4076
3672
3567
3626
3322
2878
2622
2268
1690
1274
1346
1324
516
-426
-867
-921
-890
-1035
-1273
-1720
-2218
-2540
-2487
-2148
-2160
-2475
-2744
-2792
-2757
-2752
-2602
-2476
-2548
-2723
-2733
-2750
-2927
-3019
-3024
-3014
-3319
-3559
-3532
-3253
-1845
-392
-640
-2551
-3422
-1115
2447
3343
1261
18
1242
3221
3934
3883
4157
4083
3164
2732
3640
4632
4006
2300
1830
2670
2814
1500
173
-88
161
18
-287
-585
-1274
-2464
-3186
-2596
-1463
-1074
-2021
-3125
-3292
-2338
-1195
-521
-385
-335
-176
-132
351
1486
2785
3292
3168
3125
3543
3973
4165
4433
4690
4753
4506
4096
3682
3271
3045
2990
2838
2267
1213
360
-7
-87
-262
-703
-1331
-2033
-2644
-3037
-3083
-3059
-3293
-3649
-3903
-4065
-4207
-4253
-4035
-3754
-3566
-3688
-3831
-3706
-3541
-3227
-2925
-2977
-3147
-3242
-3071
-2924
-2468
-619
1095
450
-2016
-2644
463
4183
4406
1769
600
1952
3619
4086
4138
4378
3870
2482
2083
3262
4050
2889
1156
1124
1984
1603
80
-853
-692
-321
-433
-578
-772
-1686
-2866
-3074
-1872
-542
-306
-1175
-2242
-2367
-1216
263
1096
1036
622
525
1223
2277
2970
3200
3277
3537
3873
3970
3732
3545
3617
3933
4110
3813
2959
1983
1635
1978
2225
1735
689
-304
-811
-844
-681
-793
-1316
-2109
-2718
-2880
-2685
-2581
-2960
-3442
-3620
-3488
-3437
-3614
-3725
-3675
-3589
-3514
-3389
-3368
-3507
-3520
-3376
-3255
-3335
-3491
-3574
-3633
-3414
-1101
1110
125
-3201
-4429
-592
4242
4629
1108
-753
839
3384
4591
4891
4861
3824
2164
2349
4468
5540
4118
1969
1924
2954
2769
1556
704
560
481
348
451
259
-1074
-2629
-2764
-1524
-260
-483
-2095
-3426
-3255
-1731
-196
282
-132
-579
-625
-3
1429
2642
3010
2699
2633
3247
3817
4085
4147
4073
4133
4205
4109
3727
3128
2689
2783
2985
2522
1428
248
-134
-21
-118
-533
-1216
-1995
-2793
-3133
-2973
-2836
-3287
-4046
-4373
-4314
-4143
-4064
-3928
-4007
-4267
-4312
-4030
-3832
-3808
-3825
-3679
-3487
-3562
-3712
-3699
-3360
-2422
-849
-405
-1446
-2185
-1517
482
2189
2362
1889
1554
1567
2262
3632
4527
4239
3190
2416
2768
3497
3719
3341
2630
2266
2076
1696
1419
1270
969
702
655
403
-108
-739
-1017
-778
-529
-410
-643
-1117
-1461
-1381
-809
-84
284
167
-39
-142
229
1164
1937
2200
1968
1790
1972
2469
2994
3183
2999
2749
2663
2654
2585
2506
2438
2251
1875
1453
1118
805
545
358
59
-372
-848
-1352
-1711
-1881
-2041
-2258
-2666
-3132
-3410
-3541
-3573
-3728
-3930
-4039
-4249
-4322
-4268
-4327
-4300
-4281
-4460
-4735
-4711
-4665
-4183
-4212
-4028
-2009
-418
-1627
-4287
-4316
-130
4284
3767
-90
-1523
758
3992
5506
5306
4323
2632
1852
3648
6129
6331
4027
2059
2697
3919
3463
2296
1863
1747
1340
955
808
422
-896
-1736
-1128
-297
-406
-1652
-2939
-3129
-2274
-1118
-497
-978
-2001
-2236
-1549
-95
1083
1124
647
309
814
1979
2933
3138
2815
2435
2592
3192
3567
3498
3258
3093
3130
2883
2499
2201
1912
1728
1410
938
374
-142
-630
-978
-1022
-1187
-1706
-2492
-3060
-3128
-3041
-3162
-3455
-3862
-4181
-4291
-4166
-3986
-4035
-4270
-4354
-4345
-4386
-4421
-4464
-4408
-4428
-4632
-4403
-2492
-762
-1609
-4101
-4684
-1287
2687
2856
-151
-1834
-252
2795
4646
4605
3524
2112
2034
3903
5866
5731
3942
2727
3395
4389
4099
3337
2787
2478
2161
2022
2187
1834
480
-686
-626
132
343
-614
-1953
-2421
-2068
-1353
-1039
-1392
-2027
-2561
-2297
-1306
-344
-306
-800
-923
-251
814
1425
1608
1474
1300
1734
2531
3282
3229
2720
2653
2996
3381
3315
3089
2803
2572
2231
2031
1925
1556
944
446
201
-207
-838
-1409
-1598
-1811
-2263
-2831
-3157
-3370
-3666
-3941
-4045
-4096
-4275
-4441
-4535
-4475
-4452
-4548
-4733
-4606
-4492
-4532
-4751
-4517
-2584
-925
-1760
-4082
-4613
-1501
2295
2563
-108
-1592
-113
2759
4451
4200
3015
2175
2588
4136
5135
4855
3936
3543
3919
3935
3431
3139
3064
2500
1912
2039
2403
1785
190
-667
30
961
668
-655
-1796
-1858
-1286
-739
-635
-1102
-1712
-2007
-1749
-1057
-469
-496
-827
-1009
-706
79
667
672
398
485
1264
2092
2081
1619
1601
2090
2579
2663
2476
2250
2035
1988
2102
2311
2161
1555
985
755
720
490
156
-302
-751
-1047
-1283
-1631
-2118
-2525
-2635
-2796
-3180
-3690
-4038
-4098
-4053
-4053
-4256
-4514
-4810
-4841
-4756
-4703
-4984
-4244
-2426
-1975
-3546
-5208
-4160
-575
1675
343
-2051
-2133
148
2647
3488
2693
1675
1563
2765
4192
4439
3926
3557
3724
3920
3682
3465
3582
3347
2687
2624
2971
2670
1313
239
674
1553
1404
201
-941
-1012
-501
-366
-520
-697
-985
-1445
-1618
-1388
-709
-288
-590
-966
-984
-409
182
350
280
308
638
1148
1390
1337
1399
1645
1938
2012
1848
1713
1666
1762
1769
1680
1532
1221
820
531
514
499
169
-349
-854
-1086
-1187
-1558
-1979
-2284
-2414
-2632
-3109
-3461
-3595
-3542
-3755
-3996
-4181
-4273
-4375
-4546
-4563
-4741
-3943
-2615
-2472
-3864
-5111
-3846
-615
883
-807
-2846
-2259
388
2415
2252
1098
734
1499
2962
3648
3278
2859
3054
3668
3874
3482
3224
3335
3194
3040
3219
3305
2705
1703
1423
2111
2397
1546
307
-5
506
798
437
-308
-736
-649
-456
-516
-680
-782
-820
-809
-669
-402
-166
-257
-479
-326
334
885
759
408
434
1000
1481
1575
1474
1283
1343
1445
1494
1614
1601
1447
1156
930
837
707
672
374
-34
-317
-575
-933
-1473
-1912
-2013
-2151
-2591
-3213
-3680
-3699
-3588
-3660
-4055
-4447
-4677
-4705
-4824
-4374
-3199
-2848
-3830
-4998
-4425
-1942
-199
-966
-2604
-2626
-730
1325
1720
950
634
1302
2471
3060
2818
2797
3246
3657
3605
3183
3068
3366
3444
3186
3071
3046
2656
2053
1790
2274
2509
1794
852
510
910
1126
667
133
31
182
201
-106
-475
-383
-192
-191
-284
-332
-175
-17
30
132
327
463
534
518
689
1018
1110
869
720
935
1315
1336
870
616
816
1123
1038
606
339
353
290
50
-159
-370
-569
-872
-1278
-1472
-1691
-1997
-2366
-2712
-2866
-3051
-3332
-3751
-4044
-4169
-4268
-4441
-4627
-4058
-3444
-3790
-4824
-5076
-3491
-1699
-1686
-3067
-3422
-1810
141
815
113
-272
595
1984
2830
2513
2087
2732
3692
3947
3498
3172
3454
3808
3738
3579
3478
3156
2789
2585
2723
2758
2146
1436
1243
1430
1391
758
100
-1
177
164
-108
-595
-953
-822
-652
-557
-703
-922
-826
-524
-197
17
-35
-163
46
516
969
956
633
623
1011
1361
1292
1028
1068
1336
1384
1199
947
876
889
770
528
182
-42
-229
-332
-528
-826
-1191
-1523
-1690
-1862
-2036
-2379
-2858
-3201
-3220
-3190
-3333
-3669
-3986
-4185
-3959
-3372
-3243
-3916
-4456
-3885
-2469
-1762
-2471
-3225
-2521
-774
307
-2
-742
-291
1222
2180
1988
1482
1774
2883
3648
3422
2783
2757
3337
3743
3621
3295
3059
2937
2886
2846
2810
2561
2092
1731
1790
1862
1513
890
608
756
749
331
-205
-252
27
32
-466
-794
-494
-129
-221
-550
-573
-184
110
129
-33
-84
160
469
554
636
729
809
775
780
990
1278
1233
907
752
840
934
770
581
463
320
83
-183
-339
-453
-616
-833
-1108
-1359
-1662
-1831
-2000
-2165
-2395
-2687
-3025
-3319
-3350
-3324
-3557
-3684
-3420
-3318
-3815
-4225
-3663
-2423
-1915
-2665
-3319
-2352
-737
-335
-963
-1061
137
1338
1129
416
891
2472
3258
2585
1743
2159
3414
3796
3071
2504
2887
3466
3138
2469
2361
2680
2649
2097
1618
1634
1758
1347
761
652
751
494
-45
-298
-54
26
-434
-825
-604
-186
-131
-507
-694
-434
-131
-82
-52
194
303
297
194
289
731
1089
1014
692
700
1012
1221
1122
976
947
933
744
552
633
715
511
203
17
-56
-246
-498
-626
-648
-833
-1163
-1428
-1539
-1519
-1667
-1978
-2228
-2359
-2419
-2551
-2612
-2695
-2841
-2697
-2412
-2511
-2934
-2973
-2403
-1711
-1686
-2237
-2208
-1388
-577
-542
-949
-794
-31
590
592
366
622
1200
1513
1384
1225
1528
1907
1959
1799
1762
1933
2125
1998
1875
1860
1777
1698
1712
1725
1637
1393
1150
1135
1216
1103
743
564
615
629
411
148
182
320
296
87
24
171
307
307
238
393
558
498
381
438
704
883
838
694
716
859
1006
963
858
879
918
843
723
710
707
616
495
367
183
-62
-248
-301
-332
-410
-741
-1078
-1172
-1193
-1319
-1409
-1485
-1635
-1762
-1953
-2031
-2041
-2082
-2089
-2222
-2242
-2055
-1925
-2046
-2161
-1993
-1600
-1380
-1401
-1339
-942
-564
-521
-591
-364
165
455
337
220
349
735
1056
1057
870
846
941
1098
1182
1156
1176
1212
1129
1106
1165
1158
1126
954
848
871
830
786
767
760
730
600
597
682
714
585
560
673
838
812
565
501
735
923
849
624
599
877
1012
903
842
925
988
935
791
741
906
914
766
565
462
567
541
397
293
213
127
42
-39
-177
-186
-90
-55
-140
-354
-515
-556
-457
-490
-708
-800
-837
-951
-1061
-1010
-853
-789
-920
-1103
-1060
-888
-856
-980
-1047
-980
-761
-570
-678
-886
-859
-602
-355
-404
-539
-458
-247
-129
-174
-263
-191
-4
-29
-129
-31
123
246
190
152
199
302
300
294
329
370
422
497
544
506
495
399
415
471
528
506
482
494
549
646
749
852
894
930
897
908
994
1118
1173
1119
1068
1074
1115
1244
1224
980
859
886
938
915
839
668
664
716
638
490
394
367
395
314
158
76
-15
-140
-147
14
-7
-189
-350
-359
-340
-254
-155
-184
-315
-280
-295
-221
-52
-20
-91
-78
-95
-87
-48
26
59
50
86
157
215
166
118
92
118
120
105
60
-51
-145
-197
-244
-269
-273
-358
-536
-538
-529
-548
-550
-643
-689
-681
-611
-568
-517
-541
-596
-572
-476
-431
-422
-427
-476
-380
-407
-336
-187
-213
-203
-133
30
157
170
222
281
310
378
478
544
607
656
711
751
811
865
915
891
931
963
962
972
928
976
917
907
909
928
908
849
786
727
716
677
606
531
543
514
462
411
347
326
264
261
222
141
87
29
-10
25
-4
-56
-34
-13
6
-34
8
114
180
192
196
234
229
230
236
286
309
273
175
114
196
210
241
179
81
80
79
119
170
189
104
17
0
37
76
55
-134
-249
-326
-344
-308
-341
-466
-625
-659
-683
-690
-711
-770
-792
-761
-767
-753
-737
-741
-648
-584
-629
-644
-584
-454
-344
-196
-149
-130
-100
-8
137
245
373
404
384
466
567
690
782
776
789
790
824
878
869
876
918
947
937
941
960
983
952
895
822
777
870
808
699
640
633
590
496
381
381
424
284
259
229
200
207
114
134
153
110
23
-32
-16
-15
72
24
-22
-58
-59
26
92
64
39
71
113
136
127
138
153
169
158
279
368
312
200
136
107
103
121
53
10
-35
-94
-166
-206
-221
-309
-364
-478
-474
-516
-600
-599
-612
-574
-599
-602
-659
-625
-505
-440
-386
-384
-462
-372
-239
-134
-103
-150
-92
-48
84
119
145
202
295
314
321
373
435
434
393
338
417
491
529
504
474
518
548
547
519
541
541
521
446
420
445
514
478
360
309
331
414
480
423
259
176
210
243
243
191
147
33
9
-5
-7
9
-51
-101
-92
-107
-124
-182
-163
-89
-62
-79
-142
-189
-238
-138
-63
-55
-68
-167
-231
-179
-114
-29
-49
-78
-166
-177
-142
-71
15
41
-15
-132
-178
-218
-154
-128
-124
-79
-89
-203
-212
-146
-19
78
26
-100
-174
-161
-69
58
57
16
-22
-33
-72
-16
93
147
149
82
-25
6
71
117
154
169
98
16
8
32
102
83
37
65
-2
43
58
69
106
113
118
87
52
41
32
16
6
3
23
-53
-26
24
111
96
50
52
12
-1
66
143
100
43
64
93
68
42
4
79
100
42
18
-23
4
10
0
-9
-56
-132
-237
-259
-206
-97
-69
-78
-91
-173
-140
-116
-60
-8
-17
-68
-130
-128
-75
-17
47
6
-23
30
82
89
151
181
256
227
162
172
225
376
395
306
197
147
162
117
66
10
-38
-104
-120
-45
-95
-213
-188
-179
-268
-285
-339
-305
-272
-220
-272
-309
-368
-350
-291
-267
-253
-321
-337
-342
-296
-188
-126
-87
-68
-74
-47
-11
32
60
81
124
154
136
131
177
210
212
204
218
182
146
185
176
160
118
113
89
59
48
59
-11
-112
-91
-29
-31
-81
-123
-152
-71
-52
-11
-22
-115
-46
23
22
44
126
91
52
56
99
135
141
128
132
159
151
117
161
257
311
256
177
179
214
241
231
226
196
203
203
186
173
196
153
49
15
56
21
-37
-32
-179
-225
-193
-234
-269
-212
-207
-327
-366
-326
-364
-315
-328
-350
-405
-375
-307
-276
-286
-267
-169
-177
-164
-159
-126
-85
-8
42
80
134
148
157
169
192
249
183
164
177
184
177
190
203
129
137
101
85
146
134
96
123
161
143
144
171
136
50
99
98
86
152
80
85
60
47
75
90
130
81
48
46
29
31
15
-34
-18
54
139
158
155
140
110
187
228
246
208
198
245
251
234
216
219
231
221
203
171
120
91
116
111
55
56
-44
-49
-30
-15
23
-23
-62
-109
-125
-64
-5
-31
-108
-165
-147
-111
-56
-15
52
47
37
111
131
226
235
169
189
153
170
118
102
44
-27
-5
-22
-47
-99
-37
-72
-81
-69
-67
-42
-50
-78
-66
-24
-4
1
-48
-7
50
40
-9
-26
87
141
175
211
217
217
289
316
348
307
249
279
212
173
193
203
190
130
110
42
52
119
159
178
66
67
52
81
124
128
140
126
109
131
139
158
131
118
121
101
83
76
122
127
167
181
207
178
154
199
245
310
287
224
210
248
269
306
248
129
123
156
181
154
185
123
118
114
148
158
158
219
119
101
68
107
34
-16
-21
-39
22
-85
-167
-173
-187
-135
-115
-125
-174
-162
-159
-145
-119
-70
-27
-1
51
90
127
146
282
260
320
361
359
390
449
483
459
493
491
520
420
346
346
288
317
287
212
124
65
104
82
45
46
44
-9
-29
-11
20
24
-23
-62
-109
-165
-138
-142
-143
-135
-202
-228
-209
-193
-217
-191
-94
-5
6
34
74
62
153
229
164
143
180
197
272
334
338
360
338
329
377
370
352
343
349
335
333
322
290
278
187
136
99
47
-20
-68
-136
-197
-241
-311
-278
-326
-358
-345
-351
-294
-271
-243
-269
-244
-158
-128
-42
-53
-67
14
92
91
94
129
181
240
280
344
375
333
352
402
414
418
413
326
246
245
270
254
203
201
166
158
144
161
154
124
124
119
93
90
138
85
37
2
8
-19
-72
-87
-147
-168
-197
-198
-174
-166
-114
-66
-74
-60
-44
-42
-31
29
69
88
136
186
200
251
267
314
315
328
342
350
334
301
339
338
338
331
394
405
325
227
148
113
110
82
31
4
-113
-157
-199
-306
-378
-399
-367
-387
-419
-437
-445
-436
-411
-299
-268
-229
-194
-147
-94
38
135
164
285
337
367
375
405
415
457
446
424
458
401
358
305
280
266
213
170
152
144
153
132
38
26
53
86
21
-38
3
-31
-94
-140
-168
-145
-169
-152
-197
-232
-184
-238
-262
-301
-225
-180
-178
-180
-156
-82
16
46
59
86
123
179
171
180
185
188
196
195
246
301
321
310
295
319
268
286
269
276
264
276
266
223
198
180
173
79
31
-10
-39
-74
-72
-92
-80
-88
-110
-172
-173
-123
-145
-115
-144
-147
-165
-202
-146
-65
-47
-71
-58
-23
-26
-8
46
41
84
116
101
91
77
20
67
65
42
27
-44
-23
-57
-28
-50
-51
-60
-136
-107
-90
-25
-67
-148
-172
-141
-113
-80
-11
-41
-105
-85
-85
-95
-67
-98
-140
-218
-188
-164
-168
-129
-115
-79
-20
-6
-29
-7
10
89
122
102
122
155
166
210
251
273
271
247
218
243
276
281
258
256
259
237
259
247
203
144
123
138
56
29
-11
-52
-88
-103
-124
-74
-74
-56
-55
-50
-59
-78
-8
33
19
-2
38
34
66
17
-17
33
55
45
6
40
59
153
121
128
121
67
135
50
22
-1
-32
-34
-19
5
-35
-36
-58
-52
-10
-61
-89
-49
-82
-63
-88
-142
-126
-81
-116
-148
-136
-158
-117
-140
-146
-157
-134
-135
-122
-88
-67
-51
-48
-8
22
23
4
45
128
197
256
268
250
274
356
360
304
268
295
350
293
254
320
276
305
275
241
265
241
225
183
142
162
157
63
36
11
-22
-50
-57
-75
-128
-105
-83
-67
-32
-39
-50
-36
8
27
119
159
153
150
224
244
193
157
141
128
104
122
138
151
153
149
75
32
-21
-60
-86
-114
-97
-138
-131
-97
-88
-133
-149
-152
-176
-201
-167
-137
-101
-71
-54
-57
-89
1
41
-4
4
55
39
57
145
109
94
188
206
168
183
187
190
199
230
214
222
238
259
248
212
191
211
252
266
284
204
163
188
177
159
70
32
-37
-66
-49
-87
-170
-245
-232
-171
-139
-99
-59
-135
-148
-111
-80
-84
-85
-44
-82
-70
-36
35
53
68
99
164
153
147
220
144
148
114
63
33
81
30
-12
3
-63
-99
-139
-130
-121
-132
-185
-152
-140
-168
-232
-292
-220
-206
-243
-233
-227
-261
-267
-176
-113
-135
-178
-193
-145
-72
-73
-73
-56
-82
-61
-36
-61
-86
-61
-69
-90
-66
-112
-81
-60
-38
58
63
66
72
2
26
79
96
169
108
156
180
171
151
200
213
185
199
224
217
160
113
117
115
21
40
-2
-13
-58
-58
-55
-54
-99
-126
-135
-186
-223
-241
-217
-248
-211
-209
-151
-95
-81
-71
-59
-88
-108
-105
-114
-90
-105
-68
-25
-22
-47
-53
12
-7
-14
14
-49
-87
-95
-87
-88
-89
-178
-182
-175
-198
-166
-213
-242
-242
-217
-212
-209
-179
-142
-180
-188
-177
-130
-130
-166
-190
-309
-168
-100
-330
-294
-61
-43
-185
-68
-33
-71
19
16
-36
-6
31
-3
-59
-90
-79
-98
-81
-33
-85
-18
35
8
31
-7
-34
-56
-45
-84
-119
-84
-132
-143
-156
-172
-152
-159
-136
-183
-173
-93
-166
-159
-107
-76
-86
-147
-155
-133
-139
-111
-43
-63
-65
-74
-97
-68
-41
11
66
81
71
13
39
36
7
5
43
-23
-113
-40
-90
-134
-114
-155
-146
-136
-136
-177
-170
-168
-216
-230
-214
-259
-274
-266
-227
-231
-272
-302
-331
-274
-230
-243
-271
-263
-254
-274
-261
-244
-230
-246
-278
-276
-250
-288
-304
-213
-262
-217
-142
-130
-138
-130
-47
-65
-67
-72
-35
-27
-47
-31
-57
-44
-33
70
53
-40
11
63
57
8
-53
-132
-222
-238
-188
-230
-300
-339
-387
-351
-359
-390
-392
-345
-351
-281
-267
-255
-179
-125
-111
-126
-89
-65
66
56
52
31
35
24
22
49
50
58
45
22
8
58
34
-107
-70
-41
-59
-98
-141
-108
-167
-207
-205
-228
-255
-270
-298
-363
-365
-307
-373
-308
-303
-359
-329
-259
-313
-260
-183
-294
-265
-286
-362
-335
-250
-288
-331
-285
-256
-246
-207
-265
-252
-177
-184
-197
-133
-162
-191
-61
-38
-119
-158
-41
-22
-97
-65
-33
9
-51
-1
38
11
-23
12
-40
-77
-30
-68
-57
-114
-65
-117
-122
-193
-165
-140
-199
-224
-304
-256
-246
-227
-210
-265
-251
-182
-215
-183
-147
-110
-206
-201
1
-112
-185
-49
-42
-88
-48
27
-81
-34
35
-9
45
119
68
83
91
40
-50
43
73
-121
-128
-30
-120
-272
-256
-231
-309
-290
-210
-345
-287
-142
-281
-335
-174
-207
-296
-174
-154
-222
-169
-126
-218
-180
-147
-238
-217
-156
-184
-184
-78
-140
-152
-62
-76
73
-22
14
166
55
72
110
91
90
65
-58
128
38
-13
88
-8
-104
54
-21
-142
-32
7
-47
-198
-79
-83
-201
-134
48
-12
-285
-68
-21
-250
-38
-45
-379
-119
26
-284
-299
-261
-201
-65
-349
-254
-79
-198
-110
-69
-197
-146
47
-118
-208
-88
16
-146
-54
-99
-162
-133
-55
30
-15
0
-94
63
112
76
-14
-53
-44
11
142
53
-146
-10
-4
-171
-69
-70
-280
-201
176
-202
-360
-289
-171
-105
-180
-181
-38
-13
-60
-120
-164
-52
-107
-190
-155
96
79
-165
-7
86
47
-2
-76
36
-22
-88
49
108
-268
-160
-36
99
72
-149
-93
18
-55
-104
0
-165
33
-3
-151
0
-2
-177
-11
257
-74
-145
-28
42
22
-55
107
251
-9
-129
241
-56
-268
155
181
-153
15
87
-30
38
-109
-57
34
-22
-128
36
-140
-146
124
-243
-291
29
-78
-191
-206
-186
34
-58
-168
1
-92
-197
-17
24
87
-74
54
138
76
271
104
-206
-83
301
149
-128
-88
71
-259
-171
254
-62
-354
-163
110
-4
-136
-176
-94
-163
-95
119
-268
-367
150
-205
-450
180
-140
-641
-43
150
-291
7
45
-364
-127
145
-49
-99
107
85
103
258
268
-32
-88
25
287
186
-71
-9
130
301
-68
-106
346
311
-213
-106
325
34
-173
155
319
39
-68
-44
220
290
-172
-21
171
-14
21
1
45
75
91
162
104
-105
-195
90
70
-75
-84
40
-151
-128
35
-36
-194
12
192
-48
-109
-274
3
79
-100
-4
-27
-184
-82
120
200
245
-45
-196
138
418
90
-181
75
215
171
219
-68
-210
119
250
31
19
-154
-304
82
369
-29
-523
-298
147
-32
-241
-275
-209
-176
-141
-63
-11
-301
-508
93
345
127
-63
-101
30
243
350
260
-56
165
368
139
89
180
-22
-32
456
498
167
-34
189
338
349
238
19
19
258
309
86
-48
75
181
150
-13
-78
-113
-241
-20
160
-180
-432
-152
45
-73
-268
-161
31
-5
71
91
-189
-161
141
169
120
7
-133
-60
225
281
62
-1
222
96
-19
338
292
-64
171
501
328
64
135
68
108
285
100
144
20
-71
171
269
118
-12
33
71
229
330
-107
-236
73
144
57
-106
-88
82
-9
-148
-93
39
-83
-231
15
2
-88
-112
-68
-95
-75
123
114
27
-4
178
70
-61
92
243
233
110
129
219
135
242
338
227
247
224
68
173
475
160
-154
141
475
244
14
-55
92
259
165
182
29
-235
-334
81
229
-112
-231
-13
-29
-63
-100
-349
-414
-68
258
112
-164
-297
-1
212
312
113
-91
-91
148
571
313
-106
47
421
457
336
155
149
205
394
681
436
70
73
231
260
350
101
-258
49
372
124
-18
-124
-265
-53
328
213
-204
-307
-102
80
206
35
-80
-128
-54
267
363
105
-139
51
323
267
250
76
-76
159
316
274
91
-127
-131
196
319
85
-36
-11
-79
26
170
-39
-289
-66
81
-6
-49
-267
-286
-101
110
40
-102
8
-72
57
254
154
-17
162
232
85
205
258
51
102
290
211
24
164
178
40
204
203
-86
-136
-53
-141
-146
46
47
-171
-112
-15
-47
-5
-116
-251
-143
127
128
-4
-9
-47
-36
89
233
190
127
193
225
329
338
146
170
347
319
154
86
96
120
215
133
-82
-38
4
-99
-120
-29
-29
50
146
-48
-62
118
46
-119
32
70
-83
1
65
25
-31
-48
49
149
259
277
258
248
264
276
273
268
178
92
180
231
231
118
-115
-45
144
52
-47
20
0
88
192
129
16
29
154
243
288
68
-19
121
199
30
-161
-63
51
125
135
98
-72
-112
12
109
154
24
-66
2
52
-71
-63
-140
-158
-15
58
-5
-120
-143
-52
63
144
83
-25
19
49
-11
100
159
65
135
216
155
148
184
147
254
406
312
154
217
164
75
173
259
143
28
-17
100
122
-137
-102
0
-77
-196
-183
-111
-107
-141
-52
89
-64
-108
-2
-21
-121
-24
81
17
20
-16
4
99
31
140
312
236
167
305
343
183
113
223
365
313
178
317
338
236
294
157
38
182
261
256
149
63
39
12
92
73
-67
-107
16
70
51
-140
-185
-130
-51
27
-112
-232
-113
9
90
37
-127
-246
-124
-45
-123
-129
-140
-82
-3
-9
-131
-111
-40
-15
69
-27
-96
-93
27
108
-51
-88
-7
53
85
105
35
0
62
151
71
-18
13
136
176
-13
-132
-47
51
-59
-119
-26
82
89
54
65
50
20
139
225
78
-24
-5
61
106
68
6
28
27
20
16
67
32
10
81
211
174
60
131
192
255
264
268
186
186
158
118
165
114
35
-3
20
22
42
-35
-161
-80
89
96
-52
-168
-167
-90
47
-20
-230
-179
-35
107
101
-19
-110
-51
92
150
89
-60
-44
158
274
131
-125
-140
9
153
191
79
-39
-8
136
274
130
-31
10
136
224
80
-88
-154
15
149
92
-110
-309
-219
-23
70
-37
-165
-117
2
125
63
-7
21
112
286
295
101
-39
19
159
195
185
118
124
129
128
84
47
40
14
41
1
-90
-188
-148
-164
-221
-151
-195
-205
-211
-199
-221
-267
-260
-167
-138
-223
-251
-195
-113
-136
-89
-85
-100
-107
-110
-148
-177
-104
-18
43
19
12
-82
-46
89
88
5
-30
13
43
43
-23
-68
-33
-25
-61
-83
-92
-166
-220
-91
-27
-116
-123
-57
-53
-78
-95
-43
19
-49
-84
-30
-68
-133
-133
-73
-46
-85
-149
-214
-156
-109
-66
-29
-65
-50
-41
-18
24
-1
31
33
29
-6
-63
-76
-146
-109
-41
-16
-6
-46
-46
1
83
89
96
130
46
-83
-34
27
20
97
71
-10
-21
16
-13
-26
2
1
57
82
15
-109
-175
-203
-99
-83
-131
-242
-233
-198
-111
-72
-141
-158
-135
-42
-57
-17
-42
-82
-3
10
-21
-123
-133
-133
-90
-35
-57
-92
-102
-79
-71
5
-13
-23
7
57
29
-7
-63
-82
-63
-88
-113
-142
-191
-203
-153
-131
-156
-166
-117
-99
-122
-125
-85
-83
-84
-34
9
-33
-47
-13
-17
-46
-41
-7
-49
-57
-43
-40
-58
-66
-68
-56
-37
-88
-56
-47
-29
-18
-35
-59
-129
-74
-83
-73
17
-12
-6
10
49
62
17
2
-6
20
31
21
-21
-62
-54
25
82
67
28
39
32
30
38
19
-11
15
4
-27
18
-46
-105
-95
-91
-148
-197
-219
-211
-205
-252
-289
-239
-228
-289
-241
-223
-179
-211
-171
-163
-269
-242
-173
-182
-248
-188
-152
-90
-52
-22
-108
-155
-54
17
-21
-77
-72
-52
-2
9
-20
-96
-46
-7
-12
-42
-104
-94
-142
-99
-140
-189
-164
-210
-151
-176
-180
-184
-185
-175
-141
-134
-159
-117
-130
-117
-34
-49
-92
-121
-105
-95
-91
-74
-123
-161
-114
-24
-23
12
26
37
58
74
109
89
45
70
77
74
66
3
3
0
13
22
-24
-42
-38
-4
-47
-64
-55
-137
-183
-134
-195
-218
-292
-261
-236
-305
-318
-320
-331
-331
-242
-261
-294
-243
-195
-268
-219
-130
-154
-120
-98
-20
20
70
60
65
104
80
102
129
126
93
123
142
115
80
87
82
40
62
53
35
19
19
0
-55
-90
-80
-84
-74
-76
-131
-145
-174
-187
-199
-259
-223
-237
-293
-348
-317
-312
-271
-239
-271
-226
-243
-206
-152
-110
-92
-127
-51
-68
-117
-77
-33
-23
-23
4
-3
22
-2
-50
-7
5
2
32
-32
-65
-80
-65
-98
-49
-67
-119
-116
-131
-140
-182
-127
-66
-70
-120
-79
-48
-64
-39
-41
-30
-46
-26
-6
-57
-46
-85
-109
-155
-170
-164
-165
-94
-90
-56
-57
-99
-116
-158
-124
-152
-103
-53
-87
-81
-87
-102
-84
-42
32
3
-46
41
72
100
140
126
138
107
112
117
40
16
-14
-18
-14
-49
-38
-80
-114
-127
-135
-139
-196
-182
-176
-204
-240
-256
-290
-305
-289
-286
-341
-312
-297
-284
-254
-183
-222
-211
-142
-128
-138
-143
-28
-28
10
-42
-59
-55
-73
-49
-43
-42
-88
-56
-24
-22
41
49
28
48
91
78
50
90
112
134
120
32
36
1
-14
-53
-65
-59
-84
-60
-44
-26
-51
-73
-85
-102
-105
-137
-157
-86
-86
-100
-89
-135
-118
-149
-139
-128
-158
-149
-146
-107
-57
-86
-104
-79
-86
-98
-88
-108
-130
-48
-48
-55
-57
-21
21
-28
51
84
79
116
115
102
62
21
-22
-27
-37
-63
-2
-35
-33
-31
-104
-58
-142
-156
-198
-225
-209
-235
-254
-236
-205
-208
-196
-233
-262
-245
-252
-211
-170
-198
-243
-255
-135
-105
-105
-115
-108
-90
-60
-87
-37
-60
-78
18
-3
44
38
60
78
101
136
54
44
33
25
17
-9
-17
15
-9
-72
-78
-139
-127
-159
-159
-204
-181
-169
-213
-200
-220
-188
-195
-183
-163
-148
-118
-130
-129
-75
-99
-92
-88
-105
-135
-167
-149
-117
-149
-135
-123
-147
-141
-148
-106
-113
-120
-97
-73
-35
-65
-68
-85
-78
-94
-142
-157
-142
-111
-92
-126
-151
-143
-224
-170
-134
-93
-89
-103
-36
-86
-119
-139
-129
-95
-96
-75
-65
-91
-112
-155
-208
-215
-202
-224
-206
-238
-218
-258
-294
-262
-315
-332
-283
-245
-222
-191
-211
-164
-159
-137
-115
-90
-112
-152
-125
-107
-127
-98
-78
-72
-66
-78
-20
-46
-54
-48
-85
-57
-66
-32
-16
-21
-18
-70
-85
-118
-88
-69
-129
-157
-173
-183
-174
-171
-191
-214
-237
-264
-279
-254
-207
-202
-215
-203
-141
-140
-96
-80
-37
-44
-6
-11
-3
45
5
31
18
-18
-18
-33
-21
-4
-21
0
-1
7
-13
-29
-13
-34
10
31
35
34
29
0
8
33
4
-32
-39
-40
-85
-62
-63
-68
-36
-6
0
-39
-41
-52
-99
-100
-137
-156
-131
-102
-81
-83
-38
-62
-78
-69
-110
-110
-102
-100
-53
-21
-37
-64
-26
5
8
37
12
7
-10
-26
-22
-44
14
6
26
-2
-26
-24
-58
-74
-129
-138
-138
-167
-213
-192
-230
-243
-185
-199
-239
-209
-237
-210
-195
-191
-187
-223
-88
-114
-128
-86
-54
-72
-100
-92
-109
-117
-151
-121
-120
-107
-156
-134
-79
-88
-102
-120
-99
-99
-60
-53
-46
-44
-90
-114
-117
-125
-101
-61
-63
-77
-88
-68
-105
-129
-150
-161
-174
-218
-241
-194
-216
-264
-274
-227
-199
-226
-213
-178
-207
-231
-159
-167
-163
-83
-69
-64
-44
-119
-154
-125
-90
-106
-63
10
60
101
139
174
165
162
165
150
102
117
150
83
15
-8
-33
-83
-95
-56
-108
-136
-82
-121
-101
-131
-128
-104
-118
-64
-79
-69
-140
-130
-200
-197
-150
-195
-181
-130
-126
-117
-105
-87
-30
-66
-71
-26
-33
-52
-42
-26
-22
-12
-8
-25
-24
-54
-38
-130
-145
-110
-113
-144
-141
-110
-118
-65
-39
11
16
13
-37
-49
-93
-123
-71
-63
-63
-35
-23
-61
-61
-114
-126
-130
-76
-17
19
23
2
30
17
-7
5
-43
-28
-8
-43
-28
-80
-49
-17
-2
32
57
59
22
24
88
85
83
63
95
78
46
40
-22
-78
-134
-158
-146
-203
-187
-211
-183
-138
-187
-147
-127
-102
-81
-105
-97
-131
-135
-189
-219
-135
-144
-145
-90
-76
-47
-17
-14
-22
-11
-3
-12
4
4
26
8
14
-8
-11
-26
-53
-107
-120
-138
-115
-161
-175
-143
-135
-148
-186
-155
-197
-167
-236
-202
-233
-273
-198
-215
-226
-172
-133
-131
-89
6
-28
12
32
-8
72
86
68
71
110
81
38
33
4
-52
-24
-63
-99
-105
-125
-144
-126
-119
-134
-129
-74
-100
-110
-173
-171
-198
-210
-213
-268
-263
-334
-263
-266
-282
-237
-266
-221
-170
-119
-121
-108
-116
-85
-70
-11
-70
-100
-45
-58
-16
-17
73
45
70
44
53
29
30
10
-8
0
-41
5
-36
-49
-40
-25
-27
-32
-19
-46
-87
-83
-80
-116
-93
-77
-83
-52
-29
-10
12
-16
-55
-2
-28
0
5
-55
-80
-56
-30
20
44
44
41
6
10
-49
-78
-87
-82
-10
-2
39
-12
-4
25
65
88
63
41
41
3
-20
-49
-7
-21
-74
-45
-71
-82
-96
-125
-150
-116
-96
-103
-127
-53
11
-6
-30
-56
-76
-82
-78
-59
-74
-125
-95
-18
-22
7
62
58
62
59
55
42
13
66
58
49
41
68
80
35
52
79
39
26
54
110
92
69
92
69
33
5
-22
-18
-8
-3
29
6
19
41
33
51
47
44
61
127
78
87
100
156
151
110
100
109
119
57
75
29
20
-8
18
63
92
106
91
134
127
71
42
73
25
-24
-14
-45
-61
-89
-89
-73
-89
-174
-137
-151
-224
-210
-221
-252
-276
-214
-173
-172
-165
-87
-99
-160
-114
-60
-73
-94
-97
-73
-52
12
41
-3
-5
67
81
34
23
71
86
47
99
143
154
169
177
180
189
192
192
216
180
189
178
142
121
151
151
134
146
144
118
97
74
55
25
57
28
-32
-30
-25
-13
2
35
1
-32
-23
29
7
36
18
25
29
25
15
53
137
118
182
224
212
239
223
216
245
190
136
153
80
54
69
64
102
132
124
148
125
129
118
87
81
57
66
33
28
30
49
-25
-50
32
57
50
52
62
100
118
162
201
158
162
259
278
257
258
257
217
128
136
183
194
181
194
195
145
127
130
76
30
95
127
100
85
137
129
131
160
161
139
140
150
186
114
91
75
91
120
95
68
37
94
64
91
60
71
89
143
113
115
124
95
110
134
130
114
126
94
72
62
60
30
46
35
47
52
63
82
72
131
106
134
145
146
150
95
129
170
147
149
157
168
187
196
193
194
160
131
150
126
149
134
124
124
126
98
166
200
215
187
236
216
223
239
178
213
194
173
136
169
166
197
190
199
231
181
140
101
121
158
125
86
81
14
-5
13
23
27
5
-35
5
17
16
76
74
113
124
144
153
125
113
83
63
22
38
22
28
46
122
139
99
119
137
105
68
87
40
24
35
34
38
77
34
50
67
18
83
30
32
70
54
74
118
152
200
225
218
226
220
243
240
232
240
263
282
296
287
196
256
269
219
195
247
182
112
138
133
122
111
190
169
142
181
161
123
131
130
128
128
104
39
13
-4
-40
-94
-46
-44
-59
23
37
38
83
68
114
119
132
157
155
123
117
130
118
170
157
122
90
97
62
1
11
72
70
69
89
78
106
149
180
179
165
177
167
150
168
194
145
168
165
139
119
117
120
87
92
102
147
141
137
192
249
200
273
279
284
279
298
284
237
208
184
126
64
138
156
155
156
151
135
74
142
161
105
98
74
84
31
52
46
37
34
39
39
25
42
17
38
44
72
82
145
150
145
180
183
225
180
144
95
68
75
31
23
92
100
55
17
39
54
30
4
18
15
40
61
-6
36
28
6
30
13
42
70
114
102
133
149
192
174
137
146
98
168
167
126
126
125
109
90
128
109
78
102
114
71
90
155
113
52
17
70
46
42
49
106
120
93
92
74
95
84
32
35
4
13
57
-10
-36
-30
-10
-59
-50
-61
-79
-73
-56
-41
-7
-57
-37
45
-15
23
-1
-38
-125
-112
-152
-164
-90
-124
-122
-98
-57
-74
-52
-48
-23
-25
-62
5
30
20
-43
-19
-9
-9
-56
-81
-57
-79
-80
-110
-58
-45
-10
62
54
112
119
110
147
154
141
149
132
95
76
40
40
6
-13
-18
-33
-42
-11
-1
-18
7
2
30
38
38
70
43
37
56
47
37
21
12
3
6
19
-12
-43
-33
-74
-86
-28
-47
-85
-78
-41
-3
-20
-17
-34
-83
-20
-2
-62
-121
-113
-107
-132
-101
-57
-37
-50
-38
-50
-75
-13
-4
46
62
31
59
89
92
105
88
144
143
49
93
85
85
98
104
87
65
49
24
43
-5
11
-30
-11
-8
-19
-48
-85
-108
-167
-168
-152
-100
-81
-61
-62
-54
-52
-82
-33
-20
-28
-2
-29
-14
40
47
49
98
106
79
84
50
67
74
94
73
26
45
36
3
19
52
-13
-47
-26
-2
-1
-36
9
27
-19
-54
-65
-99
-93
-78
-75
-71
3
-5
-8
-13
-58
-14
11
-12
-34
2
1
11
-20
9
15
-6
-31
-45
-37
-21
-1
-27
-37
-40
-4
-13
5
5
35
79
117
176
171
123
120
81
38
59
78
89
84
26
28
41
22
16
-18
-3
-28
-3
14
0
-14
-57
-107
-132
-175
-209
-241
-196
-214
-221
-192
-175
-105
-125
-74
-86
-88
-60
-47
-67
-28
1
-19
2
4
-31
9
7
-19
-47
-25
-28
-76
-79
-115
-110
-96
-90
-50
-44
-105
-105
-134
-113
-110
-79
-18
-27
-1
-5
-4
-23
31
-55
-73
-54
-32
-32
-113
-67
-39
-59
-106
-25
8
3
-33
-20
-17
-23
-18
-28
-31
-33
-88
-39
-17
-25
38
14
-27
-27
-5
-91
-115
-92
-108
-87
-106
-74
-60
-124
-73
-81
-113
-141
-134
-91
-113
-108
-120
-155
-170
-152
-151
-147
-168
-172
-171
-175
-209
-188
-250
-269
-212
-204
-184
-199
-198
-210
-197
-198
-167
-172
-133
-141
-112
-89
-109
-85
-74
-69
-58
-77
-5
-31
-48
-40
-35
-49
-51
-51
-109
-90
-133
-89
-113
-77
-70
-18
-15
-70
-26
-54
-13
-2
-8
-2
15
-30
-67
-25
-12
-20
-6
-24
-21
-43
-97
-82
-94
-78
-100
-134
-110
-99
-90
-82
-86
-62
-56
-6
-10
-19
-48
-80
-55
-70
-115
-117
-110
-144
-166
-118
-153
-157
-112
-66
-67
-105
-109
-158
-202
-210
-196
-216
-218
-191
-153
-171
-130
-179
-168
-164
-191
-185
-165
-177
-214
-151
-168
-183
-106
-110
-124
-93
-104
-108
-131
-106
-79
-55
-3
64
20
64
105
119
55
35
71
20
51
17
18
42
12
55
12
5
-34
-46
-17
-33
-87
-91
-68
-111
-16
-3
-77
-58
-62
-78
-62
-45
-46
-52
-53
-72
-117
-99
-127
-140
-116
-123
-97
-84
-94
-158
-167
-182
-124
-121
-155
-103
-109
-125
-108
-92
-115
-140
-97
-78
-41
-14
-27
-8
19
15
-1
-14
-7
-14
-16
-29
-67
-36
-26
-4
-7
-18
4
10
-1
-23
-44
-25
43
15
7
-24
-45
-77
-88
-91
-104
-149
-76
-79
-108
-38
-44
-48
-80
-54
-87
-107
-101
-77
-97
-82
0
3
11
19
-14
-35
61
58
63
53
95
69
30
66
60
60
70
57
25
-4
-68
-72
-67
-69
-65
-59
-106
-119
-89
-82
-100
-68
-33
-37
-33
-13
13
-8
7
-25
-46
-56
-54
-45
-73
-52
-64
-78
-93
-85
-125
-109
-96
-132
-80
-107
-125
-116
-139
-139
-146
-136
-117
-110
-155
-166
-132
-108
-114
-83
-46
-60
-31
27
42
47
88
120
116
127
165
168
141
144
156
146
141
144
174
181
169
165
165
145
85
67
46
-1
-30
-48
9
-44
-67
-29
-92
-132
-128
-106
-112
-160
-146
-144
-172
-116
-129
-102
-114
-109
-97
-167
-145
-166
-174
-214
-173
-171
-166
-100
-72
-46
-107
-82
-41
-58
-50
-31
-47
-83
-38
-33
-17
-22
-24
-5
42
63
7
24
4
1
9
-15
-9
-36
-13
-16
-10
-28
-16
-38
-45
-31
4
13
-63
-24
-32
23
-12
18
60
32
-18
-14
3
2
54
12
55
94
70
54
58
75
87
96
125
123
108
129
88
99
84
40
67
42
79
50
-12
17
-24
1
-68
-78
-82
-76
-116
-154
-134
-145
-118
-113
-49
-81
-52
-77
-90
-45
-91
-52
-73
-79
-97
-69
-67
-44
-55
-20
9
5
20
26
59
101
107
109
125
135
124
112
173
142
135
141
118
135
146
129
98
81
71
51
78
78
92
70
51
40
5
-17
-49
-30
-31
-45
-49
-37
-72
-40
-44
-83
-50
3
-35
-63
-45
-76
-45
-5
-11
-36
29
39
23
35
42
91
115
110
117
85
103
162
139
119
90
93
64
20
-7
-10
-27
-23
-20
-31
-33
-38
-28
-83
-66
-79
-67
-82
-46
-92
-75
-56
-85
-25
-24
-48
-26
-36
-54
-19
13
35
43
60
21
47
29
55
18
4
67
43
32
18
50
40
59
115
60
79
95
137
105
76
93
60
47
32
21
7
11
-23
-63
-37
-119
-120
-72
-65
-77
-50
-22
-30
-1
35
23
58
46
31
41
26
14
22
-22
-69
-13
-28
4
22
48
80
79
42
23
24
68
38
39
57
79
83
17
62
14
-26
-25
-33
-18
-51
-44
-44
-55
-89
-87
-64
-98
-93
-89
-72
-83
-94
-147
-118
-125
-134
-109
-94
-32
-14
8
13
-12
12
4
-16
11
19
47
47
32
23
37
37
31
-48
-23
-34
-25
-32
-15
3
-15
-9
-19
2
14
22
-18
7
-30
-28
-15
-28
14
-29
-33
-11
-12
23
43
45
32
52
43
3
23
48
49
82
67
72
85
66
44
87
78
40
65
70
85
99
135
97
57
34
47
48
27
-14
-83
-17
-17
-20
-28
-21
12
-2
17
-18
6
3
31
23
30
7
3
-17
-15
13
-7
9
-9
4
-36
-19
-41
-33
-29
-4
6
13
46
75
46
2
27
15
-38
-42
-27
-25
-38
-62
-40
-42
-75
-101
-139
-148
-140
-104
-91
-116
-105
-114
-116
-29
-49
-106
-84
-96
-82
-98
-84
-28
-14
32
64
73
78
116
145
107
111
183
171
171
240
164
166
119
161
136
63
95
85
81
50
45
41
84
60
113
129
78
91
121
98
114
34
72
33
-6
106
53
51
6
10
44
58
98
112
90
85
89
77
71
46
37
5
-49
-60
-71
-82
-66
-25
-32
-52
-54
-20
-29
-33
-41
-60
-31
-45
8
46
71
50
23
27
31
0
-6
25
-17
-7
-31
-41
-4
-45
-62
-103
-98
-77
-50
-73
-73
-59
-85
-39
-59
-59
-9
-13
-2
-10
16
14
-5
3
-6
-47
-58
-70
-82
-87
-119
-138
-115
-93
-72
-47
-49
-67
-44
-32
-23
-46
-84
-28
3
-21
-52
1
1
0
1
-3
-44
-71
-54
-27
-20
-44
-31
-21
32
7
-22
-37
-20
-59
-104
-108
-120
-88
-78
-46
-51
4
-16
7
52
-4
-13
-3
-34
-87
-76
-100
-111
-142
-190
-191
-193
-178
-200
-186
-167
-177
-118
-73
-60
9
-28
26
41
49
18
-53
-9
-49
-7
3
-29
-39
-11
-12
20
2
18
48
35
47
72
59
13
46
53
12
-9
-24
-107
-134
-159
-171
-126
-152
-127
-122
-84
-120
-98
-53
-41
-7
-3
26
7
72
109
82
26
32
-8
-34
-79
-112
-103
-106
-70
-108
-107
-98
-79
-104
-89
-102
-86
-39
-17
-54
-95
-61
-70
-130
-183
-174
-210
-229
-203
-184
-162
-159
-209
-165
-152
-160
-148
-151
-158
-124
-123
-168
-187
-195
-193
-195
-218
-232
-249
-237
-193
-138
-106
-105
-69
1
34
-24
26
23
21
50
92
91
46
74
58
76
97
30
23
77
102
69
66
74
15
10
-22
-2
1
-63
-6
-18
13
74
23
-24
-56
-115
-176
-212
-199
-228
-250
-274
-290
-258
-226
-201
-163
-144
-163
-171
-173
-177
-127
-76
-110
-91
-25
55
45
12
83
72
-6
-18
-5
-13
-41
-3
18
-16
-62
-36
-28
-36
-71
-112
-109
-115
-132
-129
-137
-126
-199
-182
-185
-187
-185
-181
-191
-217
-197
-194
-224
-291
-265
-229
-221
-236
-205
-170
-162
-154
-176
-170
-177
-228
-261
-214
-227
-196
-180
-110
-69
-88
-45
-4
35
-23
-57
-12
-22
-35
-37
-5
18
-30
-73
-56
-70
-77
-33
-42
-44
-66
-64
-40
-10
-27
-53
-34
-35
-32
-59
-99
-130
-120
-114
-188
-208
-171
-149
-130
-147
-184
-158
-122
-109
-59
-31
-107
-33
-45
-73
-32
-34
1
30
47
18
-13
-92
-51
-27
-29
-24
-20
8
85
77
61
47
-11
2
11
-35
-71
-28
-32
-36
-18
-27
-46
-59
-73
-64
-73
-98
-116
-63
-69
-59
-48
-76
-89
-141
-138
-137
-201
-221
-224
-173
-146
-154
-123
-86
-101
-103
-88
-89
-112
-99
-54
-40
-18
-21
-20
23
28
12
4
4
-25
-57
2
-52
-48
-49
-58
-61
-72
-62
-71
-73
-113
-102
-102
-127
-125
-79
-87
-54
-50
-74
-50
-49
-38
-75
-104
-138
-133
-169
-108
-105
-121
-85
-119
-76
-110
-100
-32
-15
-2
14
30
-9
1
21
26
-4
18
63
85
78
84
64
33
55
32
18
26
-8
-31
-41
0
20
-38
-7
-30
-46
-57
-76
-91
-121
-69
-91
-73
-74
-31
-23
-16
-21
-12
-15
-33
10
-2
-31
-82
-76
-132
-96
-84
-81
-78
-81
-45
-56
-105
-89
-139
-185
-144
-157
-140
-65
-56
-47
-62
-62
-45
-34
-18
25
-4
-6
-10
-3
-62
-18
10
-26
-32
-7
-12
-80
-67
-79
-66
-115
-98
-76
-78
-102
-61
-65
-60
-42
-52
-35
-44
-28
14
19
-12
5
29
17
-46
-68
-13
-29
1
5
2
-57
-4
-22
-21
-11
-71
-88
-102
-37
-10
36
52
-2
-15
-7
40
-55
-93
-54
-115
-64
-42
-48
-10
9
-13
-30
-80
-14
-30
-76
-81
-146
-140
-148
-116
-135
-143
-142
-88
-56
-21
30
-30
-23
-8
-2
63
84
51
71
33
32
63
-28
19
61
42
-6
-25
25
32
75
61
80
2
-16
20
-27
-74
-91
-88
-130
-192
-189
-206
-191
-235
-175
-159
-155
-101
-124
-100
-113
-113
-130
-121
-106
-124
-111
-142
-146
-103
-84
-108
-135
-110
-114
-110
-120
-102
-49
1
-3
4
-11
-39
-24
-69
-121
-104
-128
-143
-155
-125
-106
-169
-134
-162
-156
-99
-126
-112
-96
-72
-36
-28
-37
-80
-69
-87
-96
-44
-89
-94
-67
-124
-73
-71
-20
-51
-65
-34
25
36
7
27
9
13
-9
35
50
73
66
71
91
93
89
67
129
150
148
179
162
95
99
106
80
38
3
-2
-27
-20
-1
-51
-102
-51
-50
-101
-99
-68
-129
-147
-137
-135
-127
-178
-199
-173
-225
-212
-159
-176
-149
-110
-115
-121
-116
-89
-87
-58
-42
-37
-45
-86
-53
-49
-90
-52
-100
-103
-96
-85
-14
-23
-6
-9
-5
28
14
25
20
-43
-46
-94
-87
-97
-100
-93
-110
-75
-73
-83
-101
-66
-48
-40
-25
-16
-14
-15
13
17
-49
-58
-56
-10
-17
-23
-35
-68
-62
-54
-77
-92
-78
-96
-87
-72
-44
-60
-47
-33
-86
-115
-64
-41
-73
-91
-124
-104
-108
-106
-110
-142
-149
-104
-102
-90
-55
-79
-64
-46
-37
-76
-91
-169
-127
-79
-103
-63
-106
-83
-134
-154
-149
-146
-140
-81
-70
-36
-46
-64
-63
-154
-144
-126
-130
-93
-57
-29
-45
-75
-91
-66
-76
-77
-56
-97
-59
-30
-77
-32
-72
-63
-19
-10
42
26
6
1
-7
-67
-93
-74
-108
-142
-119
-110
-112
-92
-94
-9
-35
-62
-83
-95
-87
-59
-65
-76
-73
-61
-81
-96
-90
-125
-152
-182
-150
-193
-163
-178
-170
-160
-155
-96
-94
-89
-142
-120
-135
-128
-114
-75
-115
-111
-132
-151
-180
-203
-158
-136
-116
-165
-165
-163
-218
-176
-210
-170
-120
-113
-72
-28
-16
-47
-65
-77
-72
-89
-106
-118
-168
-173
-117
-102
-108
-149
-136
-128
-188
-198
-136
-184
-154
-105
-99
-108
-106
-133
-131
-68
-78
-66
-9
15
13
9
74
84
49
117
92
45
88
73
80
78
64
93
111
94
112
82
27
-4
-27
13
-6
-26
-53
-67
-118
-102
-127
-134
-151
-169
-160
-186
-195
-193
-175
-216
-173
-204
-231
-222
-232
-236
-203
-241
-192
-217
-272
-206
-170
-115
-128
-125
-171
-129
-135
-151
-89
-104
-131
-78
-78
-61
6
-23
4
19
-6
37
22
6
-3
-53
-39
-48
-64
-27
-82
-89
-100
-107
-125
-114
-109
-159
-105
-126
-68
-74
-65
-100
-119
-87
-129
-128
-203
-189
-179
-143
-163
-177
-158
-174
-166
-179
-169
-142
-137
-162
-165
-180
-158
-104
-71
-47
-23
-41
-38
-44
-3
-19
-49
-68
-132
-98
-60
-18
-54
-42
-37
-68
-68
-26
-28
-85
-125
-71
-120
-106
-81
-99
-121
-126
-152
-196
-161
-186
-175
-211
-184
-160
-212
-178
-188
-221
-193
-174
-129
-144
-102
-77
-64
-63
-65
-44
-18
-68
-123
-118
-125
-85
-86
-130
-80
-60
-53
-88
-66
-54
-15
12
-27
-13
-30
-28
-60
-26
-75
-64
-37
-44
12
-21
18
-20
-67
-32
-60
-39
-41
-77
-51
-69
-90
-94
-73
-103
-95
-67
-54
-33
-14
-59
-63
-80
-37
10
-24
-7
-56
-43
-53
-74
-29
-36
-67
-36
-36
-60
-82
-60
-25
5
14
-18
3
-56
-63
-70
-55
-46
-106
-91
-49
-69
-23
-42
-54
-24
-50
5
30
30
-1
30
2
26
49
72
45
21
22
13
23
-27
-23
-19
12
-4
-39
-24
-48
-48
-42
34
40
11
35
1
0
0
11
-21
-73
-62
-87
-57
-52
-84
-68
-85
-84
-18
-41
-41
1
-3
-17
-26
-37
-12
-13
-46
-23
-39
-15
7
48
44
33
36
52
70
38
37
44
64
53
26
-16
-4
32
1
-19
-4
-40
-66
-49
-86
-121
-135
-106
-92
-166
-141
-99
-107
-119
-166
-94
-114
