SAMPLES:	17588
BITSPERSAMPLE:	16
CHANNELS:	1
SAMPLERATE:	16000
NORMALIZED:	FALSE
-45
-54
-56
-32
5
45
75
108
149
137
114
106
63
41
46
-2
-27
-19
-91
-105
-55
-45
-30
-30
-25
10
41
75
67
84
107
132
167
166
167
181
161
145
159
165
128
76
129
78
83
99
60
92
81
57
83
113
134
151
125
156
137
143
102
103
98
84
71
47
62
45
64
49
24
43
-10
-6
-59
-58
-45
-92
-84
-81
-45
-49
-48
-27
-6
-14
10
-5
13
11
7
4
35
79
56
53
29
34
103
86
73
119
173
156
216
250
175
223
218
232
195
189
213
196
187
161
150
142
124
115
117
102
92
66
52
60
-28
-13
-12
37
23
-51
-24
-20
-41
-3
20
-26
-14
-39
-26
-87
-106
-101
-73
-59
-57
-1
2
11
-1
1
-26
2
-20
-20
15
0
26
38
39
24
42
74
29
83
52
36
77
110
104
132
167
165
151
167
180
123
132
62
30
39
17
18
24
20
36
50
47
33
34
88
82
70
62
30
3
33
42
31
7
-28
-32
-18
-8
-14
-43
-23
-36
-65
-38
-50
-62
3
32
32
46
35
39
-15
-6
20
1
37
49
48
58
53
92
83
110
101
83
117
81
24
6
6
-21
-1
-4
32
5
33
56
-1
3
-8
-65
-98
-103
-89
-30
-37
7
12
-35
-45
-24
-10
58
39
25
-5
5
-11
-31
10
-13
-13
9
42
61
18
-48
-59
-39
-75
-98
-48
-97
-74
-88
-73
-37
-41
-68
-41
-45
-45
-17
-14
41
41
93
91
136
154
156
120
140
126
91
108
139
169
177
202
168
191
174
161
161
162
131
144
157
135
140
111
105
84
3
24
-20
-49
-34
-36
-49
-29
-38
-70
12
-68
-102
-135
-151
-96
-98
-53
-67
-59
-64
-54
-77
-71
-76
-62
-53
-42
-10
-8
-2
-70
-57
-28
-57
-48
-69
-78
-21
3
25
81
30
11
70
91
116
98
15
-13
19
18
-40
-47
-42
-70
-93
-56
-59
-60
-62
-64
-52
-100
-102
-83
-57
-36
-18
18
55
61
47
12
16
27
43
39
73
106
71
92
96
150
119
108
147
114
91
68
62
28
4
14
-8
-73
-23
-22
-14
-13
12
-20
-78
-64
-38
-38
-45
-89
-98
-52
-122
-72
-78
-61
-45
-59
-17
-3
-24
-28
-28
-15
-9
-28
6
-30
-25
-53
-63
-57
-15
-24
-26
-13
-34
37
50
50
35
60
96
74
65
57
57
79
69
56
91
44
68
29
19
38
72
34
-28
2
2
-36
-44
-58
-55
-41
-49
-57
-76
-64
-75
-94
-84
-90
-68
-83
-41
-51
-108
-47
-57
-17
45
-7
51
0
-3
8
-51
-17
39
23
29
50
70
79
85
109
99
95
84
78
79
92
102
51
74
115
91
78
59
88
82
105
84
85
131
102
97
99
60
80
78
100
138
101
140
85
81
99
104
71
31
73
43
55
87
102
101
119
104
116
161
196
185
223
166
131
110
100
110
88
59
31
35
33
99
125
149
163
194
211
179
147
142
126
124
121
160
153
131
176
152
132
122
90
91
79
82
73
68
96
85
94
71
67
72
53
62
61
91
82
115
89
88
116
51
108
75
91
91
102
134
165
174
171
144
173
149
142
144
80
120
109
150
158
172
192
168
225
200
193
207
243
216
220
219
163
128
161
151
100
133
67
53
20
25
38
-12
-44
-42
-32
-77
-37
-21
-54
-38
-33
-42
11
42
35
81
12
13
5
11
7
-4
30
74
74
105
137
155
159
155
165
166
235
193
214
216
144
133
145
65
42
-8
4
-28
-4
15
-14
-16
16
16
-6
69
92
99
39
3
49
57
45
15
0
5
-28
-20
0
21
30
11
37
5
19
78
46
47
100
134
103
88
104
119
122
142
136
128
132
131
118
160
165
124
141
102
153
141
138
142
77
58
88
90
68
84
43
27
10
-10
-40
-46
-2
-2
-35
-3
13
-21
-21
-21
-33
-7
-39
3
51
7
20
47
23
19
0
21
-8
16
55
45
40
39
93
116
181
220
220
212
185
169
139
172
141
158
148
118
138
135
139
115
123
84
82
85
62
47
70
55
53
55
41
6
-40
-6
-15
13
6
-2
-18
29
58
35
38
55
60
62
113
115
100
203
148
140
134
90
200
181
215
199
223
158
145
131
126
154
150
172
137
111
90
119
160
137
75
115
56
60
60
73
98
75
79
78
78
70
46
36
7
23
14
-27
4
33
20
29
19
56
74
54
100
68
67
67
11
-6
-24
-12
-36
-1
37
59
79
76
71
86
129
87
66
78
105
118
92
75
48
75
108
138
93
54
37
46
42
31
34
41
71
83
88
83
98
119
76
43
39
-41
-26
-59
-74
-114
-81
-83
-95
-89
-89
-71
-24
5
36
26
-14
36
-19
-4
-38
-22
4
-49
-65
-61
-36
-102
-95
-64
-79
-77
-71
-36
-47
-47
-79
-48
-47
-26
6
-37
13
25
69
101
137
118
180
206
184
193
133
144
126
81
93
74
94
65
42
44
56
27
18
62
-13
-57
-55
-41
-54
-89
-125
-89
-73
-29
-29
-68
-82
-120
-122
-125
-92
-113
-78
-95
-72
-49
-46
-80
-62
-46
-107
-65
-42
-41
-23
38
49
75
107
56
53
45
34
20
12
-6
-31
-61
-85
-98
-112
-110
-120
-128
-152
-142
-127
-135
-172
-140
-153
-155
-170
-164
-184
-229
-223
-205
-187
-158
-135
-131
-127
-144
-151
-150
-144
-122
-132
-87
-36
-72
-59
-28
-84
-100
-97
-84
-63
-56
-45
-3
7
-3
6
6
52
76
53
101
74
57
80
8
30
7
-20
-6
19
-12
-25
-36
-28
-50
-76
-86
-152
-114
-106
-88
-101
-95
-91
-69
-75
-106
-114
-168
-154
-159
-114
-161
-173
-145
-148
-135
-68
-16
-2
5
34
77
87
77
49
108
117
72
36
33
-5
19
-2
-46
-51
-59
-104
-54
-60
-45
10
-6
-9
-57
-109
-71
-65
-104
-50
-77
-46
-38
-24
-43
46
57
58
82
68
86
80
58
21
55
60
-6
40
17
-62
-27
-39
-38
-40
3
3
15
46
-18
3
31
4
12
9
19
51
47
56
47
-44
-29
-49
-78
-66
-78
-86
-94
-104
-50
-57
-16
-32
-30
6
-2
10
-34
-7
-57
2
34
-24
39
32
-9
-6
-62
-64
-73
-56
-59
-66
-32
-19
15
29
62
16
20
16
-2
4
6
23
13
4
-29
-52
-30
-57
-52
-66
-81
-88
-90
-78
-76
-43
-62
-76
-68
-106
-161
-142
-58
-63
-78
-77
-58
-79
-117
-124
-110
-113
-112
-134
-131
-116
-142
-163
-178
-141
-180
-202
-178
-158
-151
-185
-128
-90
-101
-141
-136
-157
-172
-184
-173
-140
-137
-149
-76
-111
-139
-72
-58
-49
-60
-60
-102
-91
-89
-99
-80
-116
-76
-42
-56
-94
-150
-112
-72
-116
-137
-121
-151
-170
-137
-110
-115
-50
-32
-81
-132
-152
-133
-177
-163
-171
-208
-156
-153
-150
-114
-127
-102
-77
-67
-21
15
-14
-2
-3
-15
5
-26
7
-29
-58
-78
-62
-44
-57
-59
-77
-50
-80
-50
-27
-5
-35
-30
-41
-56
-23
-76
-147
-145
-176
-205
-270
-303
-267
-261
-227
-250
-191
-176
-167
-106
-110
-66
-102
-91
-92
-93
-116
-101
-85
-132
-103
-100
-43
-35
-55
-80
-81
-128
-159
-77
-110
-137
-116
-80
-46
-39
-24
-45
-99
-119
-113
-83
-91
-67
-33
-73
-131
-120
-64
-82
-86
-158
-181
-151
-178
-201
-190
-210
-239
-171
-149
-167
-134
-109
-139
-189
-185
-145
-196
-213
-196
-210
-232
-220
-217
-244
-154
-89
-62
-79
-49
-62
-96
-81
-104
-80
-91
-76
-103
-84
-53
-84
-74
-60
-82
-75
-58
-48
-59
-73
-44
-62
-54
-43
-18
-51
-83
-120
-155
-201
-246
-257
-237
-233
-212
-193
-185
-150
-157
-161
-132
-108
-136
-137
-108
-127
-90
-84
-77
-54
-56
-83
-124
-163
-186
-188
-221
-228
-227
-252
-239
-182
-169
-177
-159
-132
-153
-135
-146
-186
-236
-235
-224
-221
-242
-261
-251
-286
-282
-259
-312
-296
-273
-322
-293
-316
-344
-337
-286
-297
-308
-305
-347
-352
-345
-339
-366
-358
-347
-344
-330
-319
-302
-271
-255
-236
-254
-258
-270
-334
-332
-300
-333
-359
-365
-364
-304
-304
-269
-190
-175
-137
-101
-101
-111
-120
-180
-140
-149
-202
-197
-208
-223
-222
-223
-197
-185
-186
-159
-159
-108
-95
-39
-68
-108
-125
-110
-131
-183
-167
-178
-181
-151
-162
-204
-231
-266
-209
-203
-250
-197
-236
-240
-213
-229
-207
-209
-238
-259
-294
-288
-321
-289
-322
-244
-270
-333
-291
-311
-297
-313
-268
-274
-216
-220
-223
-216
-225
-256
-262
-238
-286
-289
-251
-220
-199
-186
-159
-118
-113
-84
-98
-65
-72
-135
-98
-107
-158
-163
-225
-237
-204
-252
-218
-204
-189
-163
-151
-102
-135
-159
-140
-148
-200
-164
-129
-149
-122
-145
-182
-143
-151
-123
-161
-143
-165
-226
-224
-171
-168
-219
-203
-228
-216
-200
-211
-210
-232
-244
-308
-308
-337
-367
-348
-365
-357
-371
-395
-380
-363
-301
-291
-315
-322
-260
-272
-285
-232
-191
-188
-184
-117
-130
-90
-111
-122
-132
-106
-105
-47
-26
-44
-29
-53
-6
-56
-34
0
-64
-70
-86
-70
-97
-115
-102
-141
-164
-183
-143
-183
-157
-216
-254
-226
-303
-303
-347
-338
-325
-332
-312
-329
-295
-281
-309
-314
-311
-313
-309
-300
-300
-346
-361
-283
-301
-247
-265
-224
-166
-190
-189
-193
-193
-189
-187
-187
-164
-153
-142
-117
-56
-102
-132
-126
-95
-139
-130
-136
-166
-156
-177
-180
-150
-182
-166
-194
-199
-182
-200
-169
-159
-175
-231
-166
-186
-179
-201
-225
-190
-192
-193
-187
-187
-151
-142
-119
-115
-129
-130
-105
-80
-83
-50
-71
-73
-78
-62
-33
-41
24
75
21
-31
20
41
55
42
49
59
54
12
-56
-54
-72
-80
-89
-44
-15
-39
-18
-38
-53
-34
-86
-60
-43
-30
-24
-23
-41
-67
-24
-76
-89
-87
-106
-125
-149
-153
-141
-106
-64
-100
-100
-65
-34
-38
-49
8
-9
-21
-70
-66
-47
-41
-58
-84
-54
-54
-32
-22
-29
-48
-56
-75
-91
-48
-23
-12
-62
-26
-28
-63
-69
-107
-77
-59
-65
-57
-82
-97
-35
-39
-22
25
16
5
20
16
-21
15
3
28
61
12
22
65
40
26
25
13
74
71
99
105
79
47
30
35
2
-5
-46
-29
-35
-74
-71
-57
-87
-111
-70
-56
-19
-82
-85
-80
-40
-29
-14
31
-50
-30
-17
-7
-20
11
78
59
62
70
31
24
25
29
66
40
120
127
106
176
170
190
190
159
196
174
179
236
226
262
209
229
255
248
221
214
217
207
246
245
255
277
305
284
294
311
294
294
293
300
273
279
281
278
313
273
293
290
255
299
223
264
265
255
264
231
265
218
210
240
179
193
199
235
233
167
174
165
155
145
181
192
207
242
258
270
291
306
269
262
242
227
224
200
250
263
246
238
261
260
218
223
236
242
260
286
342
388
383
411
446
434
410
380
366
388
358
332
310
270
323
307
302
342
356
407
436
436
416
458
446
467
456
436
421
392
391
397
370
403
392
361
387
389
396
384
392
398
436
430
438
434
426
439
421
422
394
368
376
378
339
267
281
275
271
293
282
315
343
349
336
308
303
318
352
337
372
352
376
422
427
428
399
401
380
386
372
366
396
466
494
473
455
438
485
457
418
419
392
425
377
375
394
423
397
406
426
385
380
372
342
307
268
283
290
302
256
267
254
250
318
319
339
358
338
328
340
361
401
376
367
371
410
464
495
491
481
487
486
515
495
530
525
518
500
483
486
430
464
374
402
394
390
454
419
350
362
383
319
333
320
279
247
231
276
276
281
281
276
297
282
308
293
340
333
335
311
336
370
343
343
378
409
385
392
390
433
425
433
418
442
454
427
472
485
476
464
443
445
390
331
281
267
296
285
299
333
380
401
386
371
403
393
402
388
352
356
350
386
387
349
345
348
343
342
292
321
362
353
385
364
389
419
400
412
404
407
368
393
389
334
378
288
275
216
187
157
86
72
53
36
45
5
38
40
59
75
35
66
96
131
139
123
159
138
113
139
145
158
201
217
222
239
245
265
277
298
307
310
291
301
288
257
237
272
282
282
331
350
310
319
287
259
253
196
195
156
106
74
125
74
44
90
86
122
72
37
35
68
27
16
32
21
-5
-16
-13
-29
-46
-32
6
-31
28
25
41
-6
-30
17
-35
-69
-87
-83
-89
-78
-72
-33
-41
-19
36
37
24
19
10
-2
-11
-10
-5
-28
-79
-79
-99
-118
-134
-153
-180
-140
-108
-133
-91
-122
-131
-115
-140
-205
-219
-172
-203
-201
-191
-189
-179
-185
-211
-223
-162
-173
-221
-171
-219
-263
-273
-329
-366
-347
-300
-290
-265
-281
-267
-250
-236
-223
-185
-208
-191
-157
-215
-187
-216
-244
-272
-227
-211
-210
-191
-213
-169
-207
-217
-199
-185
-186
-205
-168
-150
-96
-100
-121
-169
-176
-192
-206
-170
-245
-220
-248
-239
-217
-235
-235
-239
-264
-291
-297
-336
-341
-322
-310
-304
-277
-259
-240
-241
-282
-304
-287
-305
-307
-307
-283
-259
-247
-229
-228
-178
-201
-178
-181
-197
-220
-260
-293
-381
-365
-428
-477
-455
-419
-396
-393
-415
-423
-399
-377
-396
-409
-348
-398
-373
-330
-377
-372
-347
-379
-442
-453
-452
-451
-497
-481
-514
-496
-458
-409
-386
-389
-403
-397
-373
-350
-340
-361
-361
-403
-423
-395
-398
-410
-404
-457
-479
-446
-461
-431
-400
-425
-432
-477
-493
-439
-421
-391
-415
-451
-434
-478
-489
-529
-508
-527
-525
-511
-496
-437
-461
-407
-405
-383
-340
-327
-325
-366
-400
-425
-419
-424
-406
-354
-351
-367
-373
-402
-404
-361
-399
-400
-431
-432
-417
-447
-445
-526
-535
-506
-491
-476
-502
-505
-542
-503
-525
-557
-572
-604
-596
-558
-542
-524
-537
-515
-522
-538
-537
-569
-531
-497
-527
-498
-504
-536
-575
-571
-598
-626
-631
-674
-625
-566
-536
-549
-503
-476
-482
-434
-422
-401
-396
-426
-408
-418
-434
-477
-494
-443
-461
-465
-500
-417
-465
-463
-418
-409
-407
-391
-387
-357
-396
-381
-359
-364
-409
-422
-405
-490
-492
-532
-483
-488
-451
-431
-404
-423
-368
-315
-314
-351
-370
-377
-452
-434
-454
-430
-431
-456
-452
-457
-530
-543
-534
-537
-462
-476
-471
-429
-455
-466
-463
-460
-453
-457
-434
-488
-423
-461
-488
-477
-497
-488
-446
-431
-420
-441
-449
-405
-364
-316
-273
-184
-191
-165
-194
-191
-225
-202
-207
-237
-203
-203
-152
-198
-188
-116
-132
-142
-142
-122
-138
-127
-106
-134
-149
-125
-140
-148
-189
-195
-175
-205
-277
-277
-291
-289
-261
-255
-250
-264
-229
-251
-276
-291
-301
-341
-346
-339
-356
-308
-317
-338
-321
-371
-356
-305
-299
-342
-354
-325
-312
-294
-298
-271
-308
-309
-271
-291
-248
-253
-247
-215
-208
-190
-207
-224
-253
-269
-245
-249
-212
-199
-196
-167
-212
-239
-233
-245
-233
-221
-192
-188
-215
-162
-169
-137
-123
-124
-147
-200
-183
-224
-214
-200
-216
-134
-122
-117
-110
-71
-59
-61
0
-50
-4
29
72
42
42
64
46
48
-5
36
45
-22
19
73
129
97
93
140
110
51
26
43
23
2
-1
-52
-101
-109
-96
-140
-137
-115
-148
-144
-152
-135
-41
-1
-2
42
23
10
-31
-31
-61
-49
-43
-75
-57
-81
-85
-45
-37
-63
-42
-16
18
60
45
64
77
26
28
34
52
-4
33
45
67
81
60
57
47
78
77
56
71
72
109
137
147
208
169
185
168
171
166
193
183
145
113
142
185
178
240
208
249
252
268
256
205
202
157
140
121
76
90
85
80
128
104
104
81
82
76
86
85
109
91
113
92
100
123
92
118
64
67
41
33
37
16
-9
21
57
89
96
122
104
109
182
147
154
118
159
207
209
197
190
162
154
133
108
123
149
97
104
124
126
119
116
97
142
173
176
162
126
171
108
91
72
54
59
83
126
157
150
186
230
320
303
312
289
343
378
311
288
272
264
223
252
256
298
247
219
172
161
166
148
131
123
140
126
102
72
26
-25
15
33
32
12
26
24
33
38
39
64
57
122
134
177
233
230
298
309
308
309
294
308
326
347
342
387
328
344
348
324
348
344
374
343
352
351
324
319
334
286
300
308
260
248
228
224
242
337
329
333
339
364
330
280
263
199
207
156
136
166
184
155
160
231
264
267
283
316
336
359
421
458
408
390
380
312
308
255
233
253
217
203
246
280
222
320
353
349
381
421
416
380
371
345
359
331
338
289
266
272
246
243
208
184
219
237
269
267
249
296
280
284
286
316
305
270
276
263
260
255
264
275
250
247
238
253
275
183
181
161
160
182
181
208
218
220
208
195
220
208
221
247
270
272
270
293
277
231
237
229
188
198
191
159
156
128
135
168
191
163
161
191
215
205
220
259
268
253
232
185
185
162
94
117
72
48
36
70
83
112
119
166
147
169
210
206
242
236
251
222
223
196
171
152
153
133
126
120
151
115
77
101
120
132
138
123
82
143
116
85
56
82
99
114
68
69
117
85
15
-14
49
7
-14
-46
-11
12
-56
-32
-14
27
56
75
91
89
70
38
93
69
40
40
43
53
29
45
104
112
116
52
114
142
136
117
135
163
131
109
102
106
105
94
77
39
107
102
117
100
75
60
36
10
-18
-61
-75
-96
-79
-75
-126
-126
-112
-136
-132
-110
-83
-75
-55
-88
-104
-71
-65
-95
-106
-112
-111
-86
-79
-46
-46
3
75
39
66
58
70
48
24
60
51
59
9
24
68
109
112
80
19
14
-21
-26
-33
-125
-92
-112
-108
-104
-146
-181
-138
-146
-135
-180
-156
-139
-174
-159
-178
-144
-178
-174
-192
-185
-194
-188
-189
-180
-215
-196
-178
-210
-178
-174
-135
-147
-139
-144
-104
-71
-110
-116
-112
-100
-77
-85
-111
-75
-41
-6
21
36
33
-24
-32
-16
-67
-90
-68
-80
-55
-59
-75
-28
-12
-32
-66
-108
-115
-160
-116
-98
-119
-100
-102
-98
-99
-121
-143
-201
-259
-263
-285
-245
-226
-239
-215
-200
-197
-173
-166
-134
-167
-138
-167
-147
-131
-128
-161
-224
-221
-223
-166
-176
-200
-197
-154
-189
-172
-167
-148
-121
-90
-96
-91
-106
-149
-173
-189
-169
-196
-189
-157
-164
-151
-153
-217
-173
-173
-187
-207
-223
-203
-186
-152
-133
-134
-120
-139
-136
-90
-141
-153
-161
-161
-134
-103
-127
-141
-174
-192
-145
-186
-170
-120
-149
-165
-191
-189
-163
-133
-125
-164
-133
-111
-139
-133
-106
-96
-94
-82
-83
-86
-106
-101
-143
-139
-92
-115
-92
-118
-109
-160
-188
-188
-233
-146
-182
-198
-159
-196
-163
-117
-166
-107
-107
-92
-124
-134
-106
-165
-130
-181
-147
-114
-108
-110
-89
-30
-62
-90
-62
-28
-49
7
17
-15
-30
-71
-94
-119
-125
-144
-161
-176
-174
-106
-208
-193
-229
-275
-265
-281
-283
-251
-233
-236
-232
-242
-244
-217
-227
-251
-180
-194
-134
-167
-123
-69
-41
13
29
38
54
49
22
73
28
-7
-31
34
54
55
49
62
48
37
7
-11
8
-41
-31
-23
-73
-83
-99
-151
-148
-193
-239
-247
-254
-273
-284
-230
-272
-283
-263
-240
-169
-185
-208
-234
-272
-298
-273
-301
-220
-207
-182
-141
-141
-155
-151
-124
-126
-152
-123
-86
-63
-34
-54
-45
-16
17
5
31
-15
1
-17
20
-6
8
61
83
92
88
88
48
34
14
9
-70
-67
-67
-90
-122
-139
-173
-180
-198
-218
-230
-207
-230
-213
-225
-231
-187
-189
-161
-185
-177
-157
-130
-125
-135
-94
-86
-69
-49
-41
-36
-2
7
27
2
18
2
-12
13
13
55
55
50
26
36
-3
5
11
-38
-68
-12
-7
-20
14
53
-17
-17
-15
-39
-44
-51
-81
-102
-145
-131
-129
-87
-27
-58
-77
-108
-85
-44
-56
-81
-106
-126
-99
-57
-78
-56
1
19
11
21
56
88
112
86
91
110
91
50
50
85
49
20
24
60
73
19
26
24
20
11
35
19
-18
49
49
-10
15
-26
-80
-73
-129
-190
-216
-238
-266
-205
-157
-136
-106
-67
-27
-15
-25
-56
-73
-52
-89
-102
-86
-151
-184
-153
-96
-137
-153
-121
-88
-72
-48
-62
-50
-54
-71
-76
-105
-116
-134
-76
-60
-14
-19
-22
3
-18
-8
8
-1
-4
67
19
66
36
6
43
7
-10
-60
-28
-64
-64
-25
-33
-10
-14
-30
3
30
28
11
-12
-16
-20
14
43
-42
-50
-66
-48
-74
-91
-144
-209
-206
-163
-150
-154
-186
-184
-106
-55
-40
-11
23
26
65
77
78
52
83
79
59
77
89
80
50
40
32
11
-11
-2
-52
-49
-51
-29
-41
-85
-55
-75
-111
-112
-59
-95
-144
-108
-121
-125
-96
-80
-63
-94
-109
-95
-81
-87
-78
-63
-24
-3
41
59
118
171
193
193
154
167
143
159
176
173
159
162
182
147
241
186
194
199
155
223
216
192
182
161
159
152
133
148
90
67
67
17
4
14
19
4
18
51
55
22
13
25
36
65
34
28
46
26
23
33
64
47
57
98
84
92
96
112
120
124
113
117
76
89
137
108
126
125
102
100
106
86
48
97
89
76
74
61
62
40
85
115
105
150
158
153
200
187
180
204
242
208
187
214
261
269
260
280
277
316
300
268
238
247
242
218
192
167
180
138
133
145
175
144
129
104
25
3
-31
-18
-41
1
-3
21
24
26
58
52
46
20
37
82
106
151
142
114
153
144
115
110
89
139
134
107
109
126
132
162
147
121
144
144
162
163
213
227
227
209
278
231
238
192
142
171
188
189
176
195
167
161
163
195
228
234
175
131
134
155
178
193
140
108
133
105
109
111
75
68
105
99
91
124
84
118
135
184
219
265
272
202
236
229
225
232
225
204
196
164
122
177
135
149
109
61
60
45
72
100
102
105
102
119
153
141
180
157
152
195
176
203
212
233
246
240
255
286
316
286
263
279
246
228
229
215
221
239
235
260
248
275
265
193
124
126
163
103
125
117
138
181
149
177
194
235
227
190
179
191
183
119
84
94
62
91
147
121
104
94
120
172
225
235
219
270
272
266
268
213
161
150
161
139
103
84
86
110
47
56
98
149
211
229
275
254
288
290
256
197
212
216
169
191
167
108
60
100
134
161
131
157
159
148
135
97
127
120
85
56
29
21
66
102
138
133
117
127
184
190
177
218
210
213
214
214
276
305
299
311
300
269
300
257
215
182
170
198
167
229
202
186
210
186
188
224
206
177
127
120
128
75
121
103
98
98
94
96
129
98
82
66
37
64
70
93
108
165
219
219
176
157
131
100
128
97
110
93
93
93
75
57
40
70
39
37
-18
33
94
101
59
53
-4
-17
-5
-38
-2
-37
-74
-91
-57
-64
-37
-6
2
50
68
136
210
211
239
220
242
204
140
118
102
121
83
78
93
97
95
52
73
80
89
87
70
94
77
54
51
69
86
38
-2
-59
-121
-76
-114
-106
-92
-84
-1
-17
28
49
54
84
79
93
35
8
-8
-45
-82
-88
-125
-155
-126
-136
-157
-125
-82
-66
-56
-39
-63
-23
2
-28
-59
-44
-9
-7
-20
-22
-1
18
14
16
79
105
117
83
79
64
101
145
131
179
185
151
161
170
96
110
111
101
86
112
108
114
114
69
42
27
59
30
6
5
46
1
-11
-36
-60
-29
-16
3
17
30
13
53
42
65
123
104
111
100
68
59
72
22
26
31
26
30
5
33
34
-26
-11
72
89
70
83
98
126
158
183
245
215
158
175
151
135
71
33
31
93
75
60
107
92
134
128
163
200
287
352
327
315
307
301
274
248
197
208
156
168
208
206
236
246
242
279
308
267
342
345
341
340
349
333
335
274
247
244
187
185
96
111
54
54
73
25
53
122
127
175
208
195
286
263
277
272
280
265
241
202
157
146
116
134
118
160
175
190
229
267
261
277
316
300
282
256
244
231
231
175
187
196
238
266
237
200
229
216
230
270
244
250
274
269
320
282
326
346
331
341
309
311
296
333
305
292
279
272
289
286
256
220
226
228
212
236
268
249
240
251
257
320
367
384
412
383
424
403
340
316
319
336
298
310
311
322
313
302
302
336
345
289
312
326
335
343
322
342
320
321
252
229
249
297
282
275
281
227
271
272
304
330
318
339
307
303
237
259
255
222
261
225
217
220
253
266
255
207
245
259
312
305
324
308
284
289
333
304
288
310
318
356
329
365
337
354
387
404
395
374
391
402
378
356
355
302
264
341
302
244
225
229
233
216
200
184
242
213
239
276
251
225
204
214
226
223
213
234
258
302
267
266
255
234
215
202
138
120
129
108
153
175
189
188
216
220
216
217
178
172
197
209
207
215
232
262
247
247
274
239
304
328
349
336
308
284
301
302
304
356
349
326
338
328
310
306
319
308
280
296
271
279
237
264
266
216
220
214
191
225
224
239
262
215
250
250
235
218
235
247
263
275
333
338
365
404
367
345
314
271
292
244
196
235
248
241
269
252
247
238
250
265
257
266
248
240
206
243
296
274
266
241
254
286
315
292
263
262
289
311
299
337
363
411
426
421
438
425
477
472
463
410
383
313
272
308
268
251
262
241
208
230
222
236
231
239
210
244
246
246
252
247
210
183
212
145
111
110
129
166
146
174
187
241
311
291
382
420
410
424
395
333
327
301
247
248
234
276
280
282
311
316
315
325
385
341
363
342
314
299
258
202
197
184
155
120
100
71
71
130
66
78
66
103
135
138
132
172
177
159
152
103
129
169
170
182
151
126
170
147
154
141
137
197
193
163
174
171
149
159
168
165
208
178
185
195
192
227
210
278
295
266
279
273
240
201
182
203
193
208
205
241
248
239
307
276
236
200
197
214
166
171
104
64
94
68
45
54
93
76
58
72
70
122
93
41
29
42
38
1
20
-16
-10
20
31
14
54
76
55
110
113
114
120
129
132
163
165
191
183
168
174
102
66
38
68
29
39
70
1
27
27
11
-1
3
-52
-7
5
-10
5
-92
-65
-87
-89
-112
-103
-47
-31
20
42
15
39
73
48
79
40
65
32
17
0
10
-3
7
32
38
3
-2
42
-32
-22
0
4
-26
-41
-16
-40
-24
-41
-82
-66
-46
-13
-31
-95
-12
-12
-53
-29
-8
-9
-32
-9
-42
-21
-27
-21
-53
-33
-20
-27
-8
-69
-16
-44
-47
-88
-75
-70
-70
-27
-47
1
-6
-32
-40
-75
-72
-126
-103
-88
-98
-49
-5
-12
-23
0
-6
-7
1
-39
-24
1
-17
-42
-18
24
37
17
30
22
45
13
-7
40
68
87
71
92
67
57
69
40
30
35
-9
-28
30
37
45
28
20
-18
-32
-67
-81
-84
-122
-94
-153
-154
-155
-101
-99
-104
-135
-101
-104
-77
-57
-14
-44
-77
-71
-79
-83
-105
-60
-72
-85
-84
-89
-120
-87
-76
-115
-102
-143
-153
-169
-185
-131
-134
-118
-94
-95
-83
-88
-131
-67
-87
-71
-59
-53
-29
-69
-55
-16
25
29
18
-12
-6
34
84
48
40
41
56
62
53
100
119
66
21
68
24
7
28
35
19
77
34
11
-10
-100
-123
-144
-116
-172
-142
-101
-138
-98
-102
-110
-143
-136
-98
-99
-146
-161
-130
-181
-143
-156
-196
-250
-255
-262
-260
-217
-251
-230
-236
-226
-183
-191
-164
-203
-256
-199
-220
-220
-225
-268
-311
-329
-333
-365
-361
-365
-421
-404
-358
-332
-323
-317
-287
-267
-257
-332
-351
-353
-385
-339
-347
-366
-339
-338
-313
-295
-315
-293
-243
-239
-245
-205
-212
-190
-171
-163
-87
-81
-96
-92
-63
-22
-54
-111
-57
-50
-43
-14
-21
-38
-85
-95
-96
-77
-82
-77
-66
-74
-21
3
-18
59
118
137
86
121
95
75
69
59
70
46
89
80
72
69
82
25
73
91
52
28
31
27
-6
20
-28
-32
-47
-41
-31
-105
-118
-97
-192
-269
-348
-325
-354
-407
-446
-524
-521
-574
-604
-611
-658
-651
-709
-767
-802
-901
-941
-944
-968
-1003
-998
-950
-989
-1033
-1046
-1059
-1042
-1049
-1067
-1074
-1011
-1008
-1005
-1020
-1021
-1009
-1000
-936
-893
-839
-760
-719
-636
-542
-444
-363
-248
-121
-46
54
187
277
376
427
528
631
681
787
851
927
971
1040
1145
1221
1280
1345
1394
1436
1514
1506
1511
1504
1488
1399
1316
1287
1181
1122
1033
938
871
798
684
586
512
430
342
245
104
-16
-158
-251
-357
-462
-566
-597
-636
-750
-840
-888
-1009
-1111
-1183
-1262
-1293
-1318
-1378
-1394
-1446
-1499
-1560
-1589
-1635
-1682
-1742
-1770
-1760
-1808
-1815
-1819
-1825
-1881
-1874
-1866
-1852
-1872
-1870
-1833
-1741
-1651
-1639
-1615
-1563
-1464
-1311
-1223
-1114
-988
-847
-684
-468
-260
-137
-15
140
327
528
638
737
817
961
1190
1337
1473
1466
1460
1549
1587
1593
1551
1498
1404
1363
1373
1358
1270
1105
1051
1005
970
939
830
719
616
544
512
387
297
222
159
120
78
85
-12
-32
-39
-24
0
74
14
-2
45
-16
25
-61
-110
-111
-124
-170
-174
-197
-243
-263
-321
-333
-374
-439
-502
-547
-616
-589
-634
-724
-782
-870
-917
-971
-970
-1085
-1160
-1160
-1187
-1131
-1220
-1235
-1226
-1234
-1262
-1293
-1271
-1307
-1303
-1294
-1265
-1241
-1284
-1297
-1286
-1323
-1355
-1391
-1371
-1397
-1361
-1271
-1239
-1188
-1182
-1126
-1022
-938
-857
-795
-752
-639
-557
-484
-347
-254
-118
-20
122
267
383
463
522
676
762
809
876
923
936
1011
1069
1131
1164
1065
1053
1051
1021
985
876
771
760
723
701
668
578
480
390
333
308
219
187
132
70
-5
-35
-94
-171
-191
-254
-276
-275
-292
-248
-205
-178
-189
-231
-250
-281
-253
-236
-239
-260
-223
-270
-245
-246
-268
-209
-291
-297
-247
-266
-281
-299
-330
-309
-297
-301
-318
-375
-378
-395
-377
-356
-402
-363
-409
-392
-345
-405
-454
-457
-473
-484
-482
-550
-574
-571
-624
-649
-677
-750
-771
-895
-894
-979
-1055
-1063
-1128
-1073
-1102
-1133
-1149
-1184
-1194
-1145
-1132
-1134
-1122
-1152
-1130
-1082
-973
-859
-801
-718
-631
-482
-347
-180
-102
-22
184
323
444
527
562
619
705
749
813
885
905
940
971
1038
1074
1008
1029
1002
929
927
884
887
857
829
783
767
759
766
757
706
719
693
676
647
607
608
579
501
483
467
428
394
368
372
343
370
388
400
435
406
391
355
373
310
232
181
160
92
61
54
41
37
-40
-72
-89
-100
-112
-165
-241
-233
-255
-278
-308
-345
-402
-464
-492
-539
-589
-604
-632
-656
-637
-647
-649
-645
-659
-605
-597
-621
-624
-615
-680
-689
-642
-743
-777
-782
-839
-869
-879
-879
-866
-827
-842
-825
-793
-759
-704
-679
-601
-551
-510
-376
-308
-284
-237
-150
-25
35
121
178
238
341
438
531
605
676
718
808
883
917
956
928
946
984
980
973
970
1042
1030
1025
1118
1134
1124
1105
1065
1065
1035
976
936
870
809
744
671
618
563
503
421
390
372
425
409
398
403
343
356
360
325
281
229
235
240
172
133
50
43
46
47
72
72
40
38
47
3
18
1
-5
21
38
19
25
10
-25
-25
-37
-54
-69
-132
-124
-152
-102
-84
-127
-109
-124
-33
-59
-80
-77
-132
-121
-109
-115
-133
-137
-96
-73
-62
-66
-55
-79
-125
-176
-193
-227
-346
-383
-420
-491
-581
-562
-594
-629
-641
-650
-615
-599
-530
-515
-484
-475
-385
-399
-344
-287
-237
-119
-95
-2
94
139
193
273
288
369
469
541
632
735
764
840
925
928
976
993
1042
1066
1045
1014
1041
999
973
969
974
1000
999
972
941
888
856
850
750
743
691
696
658
617
625
607
604
534
525
543
488
409
379
349
365
335
261
251
262
263
191
156
188
165
141
126
106
72
83
110
86
60
55
37
71
77
18
-49
-39
-6
-26
-70
-49
-29
-4
55
37
69
80
95
127
130
149
139
105
107
99
108
131
154
149
138
123
85
76
23
-57
-66
-117
-122
-169
-218
-245
-340
-372
-434
-442
-465
-506
-570
-578
-567
-582
-537
-515
-474
-435
-413
-406
-359
-317
-262
-204
-112
-18
25
104
169
248
296
407
461
571
628
602
640
624
626
633
681
702
720
798
813
816
820
772
754
725
747
737
674
670
642
654
670
663
639
660
636
610
596
586
551
495
491
421
432
426
494
501
441
437
360
329
306
298
281
294
258
242
233
185
129
97
58
28
69
3
-14
53
76
55
130
185
205
211
206
192
226
227
238
253
237
263
287
316
330
378
355
384
373
339
367
299
247
269
235
273
211
196
214
145
118
26
-19
-35
-67
-68
-40
-71
-83
-99
-173
-130
-128
-143
-178
-266
-253
-304
-289
-278
-282
-296
-290
-316
-301
-296
-305
-303
-310
-312
-336
-293
-297
-291
-298
-252
-228
-256
-202
-143
-99
-28
37
62
130
156
150
161
217
262
335
369
364
442
460
501
516
566
634
635
689
705
689
718
738
731
782
818
827
845
856
883
844
851
803
766
748
661
640
642
640
612
595
613
667
645
601
599
576
592
524
472
460
433
396
348
323
279
378
326
334
373
352
395
360
380
317
361
362
315
360
346
377
340
317
332
272
261
256
188
210
181
198
217
193
187
209
192
129
159
170
155
96
40
-2
-21
-32
-75
-59
-64
-45
-72
-76
-30
-43
-5
-25
7
43
50
17
24
35
-2
-25
-32
-52
-53
-66
-104
-200
-223
-178
-199
-175
-107
-99
-203
-179
-73
-102
-177
-98
-80
-115
-27
11
-31
-12
75
56
61
107
145
160
199
215
219
339
393
415
435
531
509
489
559
562
559
610
607
605
639
657
682
687
685
682
707
719
689
633
644
624
589
592
563
544
526
463
496
487
486
506
461
483
462
475
486
477
472
403
399
402
445
372
351
318
264
255
260
274
270
273
272
299
267
276
257
218
231
177
111
146
98
46
69
36
45
11
-35
-10
-7
-21
-71
-23
4
-22
61
20
-47
-71
-50
-70
-159
-186
-169
-148
-143
-125
-134
-97
-61
-41
-97
-103
-96
-147
-164
-211
-195
-267
-246
-273
-314
-316
-336
-369
-359
-383
-424
-435
-471
-420
-393
-384
-375
-390
-374
-296
-301
-280
-304
-287
-273
-314
-236
-153
-104
-74
-3
22
128
161
221
319
309
326
389
424
448
539
553
580
669
669
693
766
751
757
821
764
698
698
687
653
705
745
718
665
716
664
585
580
576
514
434
439
345
302
303
283
220
162
163
140
6
30
73
-16
-8
-37
-82
-32
1
-61
-46
-41
-34
-82
-47
-76
-189
-151
-167
-222
-192
-188
-228
-94
-124
-178
-166
-120
-148
-110
-52
-84
-14
-55
-25
-38
-9
-47
-65
-43
1
49
14
52
34
70
104
55
144
249
222
219
312
344
261
264
357
208
176
225
136
145
183
125
122
144
103
-18
53
86
55
108
174
99
40
156
84
6
19
55
-18
103
141
24
110
174
108
99
148
115
264
274
271
268
406
336
311
510
542
478
567
423
341
597
598
458
452
744
668
484
578
741
553
519
641
602
496
515
559
444
505
445
390
553
350
298
485
365
195
260
281
174
197
137
235
39
65
336
115
-167
101
182
-40
220
172
-62
159
286
184
191
174
69
108
267
309
153
191
414
335
474
435
325
124
563
379
217
462
229
181
394
426
139
267
219
247
299
76
47
141
123
-24
-16
150
191
22
-113
-47
103
-38
-224
-142
-77
-135
-228
-65
-213
-224
26
30
-206
-79
66
29
-154
-94
166
34
-42
20
189
111
85
-18
303
271
-98
202
450
-63
-116
647
386
-169
487
704
-63
314
677
308
176
483
597
198
288
609
332
248
428
277
362
489
459
325
498
346
341
532
417
223
360
404
280
519
470
20
412
501
374
473
179
-7
408
550
241
79
272
596
308
130
420
385
-141
149
438
-29
128
-67
166
126
18
228
142
-100
-103
89
-84
-67
-331
-198
56
-135
-304
-8
-22
-185
-14
-28
-136
14
-72
140
-40
31
84
133
302
-21
98
631
195
-130
756
459
-2
385
705
275
265
306
187
541
302
290
295
331
407
427
353
131
392
433
70
489
356
-25
-22
480
89
-167
559
-103
-77
453
373
-137
-79
141
331
-361
-15
513
-328
-153
635
-55
-306
426
225
-374
339
778
-264
-127
452
449
-264
389
587
-419
207
668
87
-355
234
305
-12
597
393
-47
158
204
257
659
-76
-161
453
542
175
193
454
-397
230
789
105
16
-60
39
290
80
160
-302
-158
287
271
580
-98
-318
429
182
-199
472
-310
-662
590
182
-453
-215
296
-553
192
823
-314
-277
404
211
-535
623
349
-627
60
573
37
-183
32
11
-97
124
593
-503
-162
242
-155
110
538
-83
-676
271
413
-267
-297
37
-389
-28
87
240
-648
-263
-60
-234
-199
-84
-242
-556
266
-130
-181
119
-316
-392
240
231
-151
9
-212
-130
236
167
-127
131
12
48
117
205
130
39
304
31
-6
926
-26
-348
1026
33
143
737
7
-193
585
255
133
655
-23
-431
1073
411
-681
725
-12
-145
785
300
10
-133
245
146
249
63
-231
117
-30
151
32
-128
-164
-505
-84
694
-335
-651
245
-293
-151
488
-218
-1013
269
662
-523
-205
-51
-402
-57
308
-242
-219
152
-69
226
-162
-29
-88
-85
470
-94
-434
-24
357
-115
52
196
-128
37
60
237
100
-568
-68
957
-78
-841
337
169
-107
51
113
-305
-162
143
58
38
234
-83
-543
880
-43
-807
344
164
-391
298
711
-218
-12
401
-196
440
385
-436
-117
588
220
76
144
174
-65
74
-116
370
422
-106
26
62
144
598
-54
-443
325
338
451
-514
52
135
-594
252
736
-912
-477
449
-163
193
130
-618
-437
164
144
-277
-240
89
-134
5
255
-452
-636
130
288
-159
-342
-89
-305
139
254
2
-167
-522
146
481
-187
-85
-168
-41
343
528
-612
-296
387
-259
95
352
-351
-874
220
461
-259
-405
62
-386
-294
256
-173
-215
-295
-71
-113
-75
-415
-606
-376
238
-389
-635
354
-20
-1109
-230
330
-357
-408
112
-409
-584
366
-256
-125
-20
-701
-420
591
-201
-734
73
193
-70
-209
148
-237
20
194
304
315
-126
92
33
581
284
-237
112
290
179
402
87
-208
670
392
-53
217
524
-41
141
536
145
146
-25
-33
503
113
-320
304
-29
-218
-7
117
13
-333
90
252
-63
-447
-221
116
134
-24
33
-614
-420
56
-333
8
-367
-732
127
471
-551
-795
-190
-7
-552
-552
-422
-649
-507
-95
-182
-1133
-537
-356
-859
-343
-329
-867
-692
-177
-460
-458
-773
-675
-281
-447
-413
-401
-530
-608
-215
-384
-462
-371
-558
-480
1
-408
-768
-302
-251
-11
-55
-367
-278
-274
63
194
-177
-295
26
140
-118
233
-155
-270
300
149
-124
165
-17
-171
40
-64
198
460
102
-288
335
657
-32
69
518
228
172
347
308
11
155
454
283
26
-5
220
559
42
-116
421
-27
-45
311
54
-238
29
201
-50
-154
-362
-421
222
-68
-739
-297
-230
-895
-455
215
-598
-1257
-546
-125
-581
-847
-678
-775
-761
-424
-849
-1062
-1002
-795
-522
-533
-1066
-1283
-360
-432
-1425
-811
-294
-1134
-677
40
-706
-1181
-346
-372
-728
-378
-531
-767
-590
-256
-375
-515
-634
-518
-298
33
-617
-857
28
-281
-434
-59
-25
-468
-253
48
-47
-174
-160
16
202
156
37
455
425
165
365
825
778
492
651
824
803
957
1048
856
753
906
1204
1121
853
660
708
1263
1192
657
822
774
760
1026
723
436
506
509
241
612
527
-80
-82
214
226
-41
-103
-225
-135
-86
-36
-385
-722
-508
-276
-377
-595
-765
-753
-582
-739
-529
-649
-1125
-833
-324
-587
-947
-918
-954
-620
-693
-1099
-1182
-643
-489
-1118
-1188
-987
-975
-879
-932
-790
-995
-1189
-1056
-1157
-1269
-1248
-1162
-936
-982
-1294
-1470
-1121
-659
-791
-840
-710
-591
-398
-226
-198
-196
59
472
540
393
504
707
860
1058
1172
1094
1072
1198
1372
1471
1458
1395
1295
1448
1601
1522
1357
1242
1171
1198
1302
1111
1000
1028
952
905
991
873
614
488
696
737
539
341
248
389
539
462
276
267
290
231
256
31
-33
341
315
8
103
39
-229
-170
138
-82
-265
-154
-309
-570
-340
-108
-538
-978
-736
-587
-522
-878
-1217
-866
-797
-1089
-1163
-1270
-1520
-1391
-1062
-1146
-1577
-1769
-1586
-1190
-1568
-2064
-2104
-1750
-1251
-1244
-1515
-1799
-1918
-1222
-688
-1152
-1595
-1385
-818
-419
-405
-674
-816
-272
350
486
304
242
518
963
1370
1267
999
1061
1400
1711
1779
1495
1345
1563
1779
1696
1528
1259
1164
1277
1397
1380
931
752
923
998
763
628
589
533
498
508
472
328
139
243
505
286
72
22
380
471
145
79
343
496
543
550
279
92
218
666
592
387
347
364
416
418
142
-73
1
20
5
-191
-503
-800
-528
-387
-712
-1123
-1264
-1040
-1062
-1246
-1555
-1801
-1722
-1597
-1672
-1918
-2141
-2025
-1967
-2162
-2366
-2440
-2592
-2637
-2166
-2007
-2220
-2437
-2462
-2085
-1415
-1324
-1737
-1586
-1019
-731
-805
-775
-707
-228
319
427
337
602
1048
1263
1529
1685
1557
1545
1960
2202
2113
2062
1942
1989
2168
2091
1871
1751
1772
1722
1469
1281
1151
981
950
814
539
363
440
348
115
76
-2
-63
-162
-188
-293
-445
-242
-184
-214
-215
-226
-138
100
239
105
31
142
340
452
306
88
194
404
363
363
208
35
112
205
13
-228
-303
-347
-194
-220
-698
-936
-807
-990
-1159
-983
-1293
-1723
-1664
-1572
-1717
-1839
-2087
-2297
-2236
-2137
-2275
-2547
-2795
-2909
-2747
-2389
-2317
-2550
-2686
-2747
-2420
-2029
-1893
-2101
-2113
-1640
-1151
-1082
-1261
-1157
-709
-186
114
158
210
497
980
1263
1257
1331
1518
1718
2010
2158
1986
1871
1995
2202
2269
2151
1861
1784
1878
1866
1537
1295
1258
1152
1024
809
574
389
334
266
65
-157
-82
-136
-351
-351
-338
-465
-519
-398
-462
-533
-396
-264
-265
-177
-212
-183
101
42
-27
185
184
89
110
105
166
199
220
44
50
92
-40
-125
-290
-363
-364
-499
-768
-870
-996
-1093
-1131
-1245
-1606
-1855
-1620
-1672
-1871
-2075
-2346
-2530
-2408
-2500
-2834
-3018
-3112
-2836
-2352
-2484
-3076
-3301
-2702
-1976
-1930
-2213
-2498
-2194
-1269
-806
-1199
-1284
-808
-92
416
414
259
469
1099
1564
1579
1494
1537
1776
2257
2544
2351
2025
2010
2306
2483
2263
1879
1579
1690
1898
1722
1279
1106
1078
1008
919
654
221
177
259
220
-12
-341
-412
-320
-231
-345
-441
-455
-432
-357
-281
-366
-347
-231
-61
4
53
32
138
319
348
409
417
291
196
331
363
290
138
-64
-134
-89
-155
-339
-419
-565
-662
-901
-978
-1041
-1138
-1285
-1672
-1778
-1721
-1913
-2246
-2549
-2673
-2653
-2786
-3094
-3341
-3172
-2728
-2613
-2989
-3492
-3387
-2615
-2210
-2495
-2848
-2633
-1951
-1460
-1487
-1640
-1416
-704
-97
-21
-112
47
613
1163
1232
1146
1272
1539
1898
2118
2127
1978
1942
2220
2387
2298
1959
1791
1872
1901
1723
1441
1267
1205
1191
959
743
608
377
139
87
87
-90
-285
-351
-253
-193
-337
-476
-470
-344
-256
-288
-234
-227
-117
-70
-58
-20
106
133
190
311
350
322
215
218
260
294
188
123
113
-5
-131
-120
-233
-473
-557
-564
-739
-1000
-1145
-1312
-1349
-1351
-1744
-2080
-2008
-1954
-2204
-2551
-2910
-2977
-2768
-2918
-3143
-2967
-2867
-2881
-3194
-3293
-2787
-2399
-2423
-2693
-2522
-1907
-1561
-1591
-1455
-1145
-731
-246
-134
18
483
929
1183
1340
1541
1712
1895
2109
2259
2272
2183
2261
2343
2321
2297
2079
1844
1839
1827
1577
1249
1277
1202
1039
753
474
408
370
264
-21
-236
-344
-321
-312
-349
-556
-620
-525
-512
-470
-470
-466
-373
-252
-156
-191
-139
17
69
114
137
142
243
280
251
298
238
60
104
86
-12
-121
-279
-413
-538
-644
-836
-941
-1116
-1329
-1415
-1621
-1854
-2075
-2111
-2068
-2440
-2740
-2796
-2846
-2839
-3174
-3240
-2774
-2562
-2840
-3345
-3337
-2608
-2048
-2265
-2612
-2453
-1714
-1113
-1067
-1203
-1011
-320
205
245
237
543
1013
1354
1558
1605
1699
1986
2257
2531
2480
2177
2222
2485
2639
2463
2040
1833
1822
1876
1762
1445
1258
1142
908
701
563
325
181
99
-61
-241
-362
-465
-384
-340
-488
-593
-645
-596
-516
-410
-415
-416
-326
-235
-237
-225
-81
11
-2
41
124
205
235
217
197
247
282
134
-54
-192
-231
-307
-407
-493
-658
-835
-993
-1164
-1296
-1443
-1619
-1837
-1927
-2077
-2300
-2450
-2568
-2644
-2892
-3024
-3212
-3291
-2966
-2624
-2580
-2947
-3269
-2967
-2170
-1797
-2132
-2383
-1927
-1229
-804
-895
-981
-567
144
559
555
611
1007
1546
1917
1948
1894
2017
2318
2541
2560
2430
2247
2257
2474
2499
2206
1876
1707
1795
1772
1503
1295
1161
1062
825
589
406
305
204
49
-126
-356
-484
-462
-434
-438
-583
-728
-720
-562
-385
-398
-457
-460
-297
-101
-81
-60
-3
33
107
196
252
202
193
275
277
164
-51
-136
-119
-98
-201
-418
-634
-702
-761
-892
-1105
-1325
-1422
-1531
-1601
-1763
-1924
-2103
-2321
-2389
-2440
-2573
-2779
-3011
-3113
-2883
-2555
-2498
-2864
-3192
-2909
-2180
-1750
-1991
-2352
-2017
-1176
-694
-738
-893
-636
29
633
674
660
1038
1421
1726
1811
1833
1910
2137
2407
2564
2454
2177
2088
2291
2499
2302
1878
1644
1674
1729
1570
1329
1111
959
793
513
310
161
36
-72
-225
-442
-594
-548
-543
-577
-586
-682
-686
-526
-446
-308
-325
-404
-210
-66
-39
-13
66
150
275
246
256
332
352
395
370
319
238
221
161
69
-15
-119
-228
-330
-432
-613
-780
-856
-1101
-1309
-1381
-1401
-1563
-1809
-1971
-1996
-1987
-2167
-2346
-2557
-2634
-2644
-2777
-2631
-2298
-2227
-2555
-2895
-2593
-1882
-1617
-1896
-2178
-1867
-1113
-703
-843
-907
-503
127
491
538
563
945
1411
1617
1680
1718
1912
2132
2318
2472
2416
2315
2249
2464
2602
2401
2020
1782
1877
1867
1622
1418
1269
1117
938
764
593
442
324
117
-55
-154
-287
-373
-366
-419
-553
-582
-610
-533
-437
-466
-476
-441
-406
-238
-131
-104
-92
-89
22
98
229
283
246
201
210
228
165
120
19
-44
-41
-149
-321
-337
-429
-520
-634
-797
-913
-1108
-1155
-1167
-1318
-1571
-1757
-1734
-1745
-1864
-2051
-2292
-2428
-2550
-2620
-2358
-2128
-2244
-2527
-2781
-2413
-1768
-1629
-1921
-2083
-1576
-896
-675
-841
-791
-293
372
648
563
649
1066
1552
1772
1772
1851
2007
2313
2524
2509
2385
2294
2331
2517
2561
2318
2057
1944
2033
1934
1703
1437
1276
1179
1038
816
524
361
219
166
22
-109
-198
-243
-199
-311
-369
-459
-443
-337
-339
-291
-301
-220
-63
-8
34
57
102
94
142
148
194
232
290
246
210
259
278
293
198
100
14
-84
-150
-192
-278
-389
-550
-632
-723
-835
-949
-1069
-1164
-1281
-1444
-1546
-1594
-1692
-1822
-1973
-2182
-2250
-2334
-2299
-2068
-1926
-2178
-2670
-2701
-2035
-1447
-1690
-2191
-2076
-1283
-676
-688
-925
-722
-82
481
572
511
750
1280
1680
1750
1762
1876
2087
2372
2622
2655
2466
2387
2592
2852
2767
2450
2215
2213
2303
2147
1898
1680
1498
1362
1134
919
772
596
304
119
38
-17
-29
-130
-225
-298
-382
-409
-406
-428
-476
-482
-456
-412
-273
-285
-248
-120
-44
-28
-64
83
270
283
214
138
154
317
323
252
129
76
60
29
2
-131
-258
-405
-454
-511
-605
-757
-840
-926
-1028
-1099
-1203
-1316
-1431
-1551
-1653
-1695
-1786
-1948
-2229
-2219
-1777
-1629
-1934
-2434
-2376
-1613
-1196
-1467
-1935
-1740
-968
-453
-592
-852
-637
-39
515
572
461
681
1204
1552
1707
1665
1685
1906
2225
2419
2429
2267
2244
2497
2682
2523
2214
1980
2007
2083
1860
1604
1408
1378
1307
1066
810
650
602
527
356
90
-62
-16
10
-190
-365
-424
-404
-285
-267
-329
-355
-336
-219
-103
-168
-193
-54
83
160
65
70
171
351
439
374
369
366
437
420
416
318
243
103
29
72
-3
-97
-268
-425
-522
-577
-623
-690
-833
-929
-961
-1022
-1122
-1351
-1432
-1446
-1567
-1689
-1908
-2186
-2203
-1788
-1603
-1959
-2479
-2571
-1925
-1230
-1304
-1894
-2039
-1311
-602
-648
-993
-937
-380
171
244
172
398
890
1315
1498
1475
1554
1796
2149
2414
2354
2239
2159
2338
2635
2629
2359
2108
2094
2223
2161
1859
1617
1571
1518
1245
922
817
903
757
395
238
175
207
125
-6
-133
-259
-321
-254
-232
-322
-360
-278
-210
-264
-284
-198
-53
30
67
31
132
257
399
441
361
306
351
452
540
394
278
269
270
298
239
158
75
7
-84
-164
-277
-384
-416
-480
-581
-695
-828
-896
-939
-1141
-1345
-1474
-1532
-1677
-1830
-1995
-2082
-1806
-1599
-1791
-2242
-2368
-1848
-1310
-1445
-1980
-2056
-1390
-719
-787
-1137
-1017
-492
92
237
138
270
664
1014
1207
1262
1377
1639
1931
2214
2231
2110
2015
2281
2551
2556
2200
1918
1980
2149
2122
1779
1609
1534
1566
1352
1137
1058
988
971
757
477
308
277
292
160
-40
-196
-323
-277
-133
-129
-286
-332
-233
-78
-1
-32
-14
131
230
209
244
320
397
470
504
481
439
468
526
496
447
378
390
420
458
407
302
249
196
121
69
4
-153
-319
-380
-434
-537
-694
-806
-866
-1042
-1196
-1328
-1489
-1629
-1710
-1883
-1994
-1750
-1657
-1857
-2297
-2290
-1806
-1453
-1580
-1968
-1751
-1183
-799
-836
-996
-735
-224
139
217
264
477
810
1034
1157
1343
1539
1764
2007
2195
2164
2189
2293
2464
2594
2451
2236
2171
2213
2267
2159
1961
1794
1748
1563
1355
1208
1026
901
735
517
317
165
52
-23
-91
-267
-408
-460
-444
-356
-446
-481
-515
-435
-326
-268
-235
-235
-95
-27
16
94
203
308
364
382
380
470
573
688
746
689
636
704
790
730
596
523
466
422
341
271
149
3
-68
-163
-369
-416
-509
-707
-860
-1099
-1206
-1270
-1414
-1578
-1747
-1934
-2131
-2174
-1927
-1750
-1968
-2451
-2518
-2100
-1672
-1679
-2059
-2021
-1518
-994
-966
-1041
-828
-348
46
131
96
261
746
1119
1243
1254
1369
1673
2051
2268
2278
2164
2136
2359
2571
2508
2276
2145
2229
2310
2186
1903
1756
1768
1597
1312
1071
976
907
646
350
156
83
46
-34
-257
-354
-380
-453
-487
-523
-554
-585
-545
-508
-524
-451
-317
-168
-36
-6
110
264
430
572
584
544
691
867
919
907
862
961
906
836
845
828
707
674
605
496
391
426
351
225
50
-182
-250
-375
-498
-756
-937
-1043
-1152
-1236
-1413
-1524
-1608
-1752
-1859
-2065
-2063
-1818
-1667
-1891
-2232
-2219
-1798
-1389
-1518
-1792
-1669
-1214
-736
-639
-708
-529
-94
247
338
432
622
997
1285
1399
1468
1637
1888
2143
2255
2198
2128
2163
2365
2470
2334
2108
2006
1974
1969
1809
1516
1359
1289
1098
842
619
555
420
216
53
-128
-198
-256
-313
-422
-512
-542
-601
-535
-474
-457
-502
-465
-361
-188
-51
28
131
234
412
516
561
664
768
887
1005
1020
1109
1172
1225
1200
1193
1199
1120
1005
986
941
813
723
591
483
355
256
133
-13
-215
-365
-518
-689
-822
-983
-1139
-1248
-1355
-1523
-1650
-1734
-1784
-1847
-1884
-2082
-2091
-1806
-1691
-1796
-2134
-2121
-1621
-1222
-1395
-1644
-1561
-1019
-681
-736
-848
-683
-230
155
263
235
440
817
1178
1306
1323
1404
1654
1887
1986
1952
1882
1978
2138
2198
2109
1888
1839
1857
1817
1668
1401
1262
1191
1074
846
589
461
448
381
160
-93
-252
-201
-203
-428
-605
-722
-645
-529
-570
-669
-662
-541
-354
-198
-153
-80
37
214
334
440
526
624
743
863
950
1037
1143
1217
1254
1256
1208
1109
1188
1131
1097
957
842
791
672
570
438
249
106
-13
-172
-341
-561
-682
-817
-923
-1114
-1219
-1328
-1420
-1483
-1621
-1777
-1916
-1951
-2018
-2169
-2272
-2122
-1932
-1962
-2250
-2457
-2197
-1806
-1751
-1953
-2070
-1724
-1251
-1002
-1075
-1059
-704
-201
92
176
386
704
1084
1303
1344
1416
1598
1877
2088
2129
2063
2025
2187
2354
2321
2080
1882
1807
1842
1782
1508
1371
1241
1220
1052
816
639
482
361
191
-50
-299
-370
-413
-460
-636
-761
-799
-746
-652
-603
-558
-514
-482
-331
-164
-72
21
170
343
485
567
682
814
934
1001
1072
1146
1139
1253
1260
1243
1247
1225
1199
1106
998
899
816
750
635
443
202
109
52
-25
-242
-528
-678
-742
-838
-1007
-1215
-1263
-1353
-1506
-1622
-1762
-1804
-1861
-1972
-2162
-2244
-2311
-2169
-1885
-1801
-2012
-2244
-1991
-1508
-1348
-1476
-1654
-1381
-793
-462
-557
-472
-126
293
541
510
558
841
1150
1374
1402
1420
1558
1804
1929
1936
1835
1748
1764
1929
1931
1748
1545
1496
1553
1486
1291
1069
983
867
692
511
369
250
116
-8
-169
-360
-436
-386
-376
-466
-585
-638
-516
-318
-262
-286
-316
-234
-20
169
178
220
371
553
634
654
769
916
1023
1036
1119
1257
1384
1456
1425
1351
1324
1273
1257
1279
1151
961
834
794
699
512
355
203
82
-133
-327
-477
-622
-706
-846
-965
-1181
-1341
-1394
-1520
-1604
-1749
-1823
-1876
-1914
-1950
-2141
-2163
-2188
-2120
-1920
-1778
-1884
-2034
-1902
-1522
-1281
-1365
-1506
-1345
-847
-556
-606
-638
-426
-22
299
362
429
633
904
1100
1111
1106
1245
1496
1619
1664
1643
1577
1717
1797
1793
1672
1549
1504
1478
1442
1332
1199
1097
1028
886
725
540
392
287
128
-66
-183
-206
-258
-363
-517
-540
-504
-554
-478
-472
-412
-346
-282
-196
-135
17
166
363
451
437
531
711
951
1042
1079
1139
1209
1389
1465
1497
1510
1470
1482
1447
1443
1316
1137
1012
895
703
510
384
270
62
-134
-256
-407
-567
-733
-804
-925
-1053
-1241
-1310
-1382
-1458
-1587
-1736
-1789
-1880
-1927
-1992
-1989
-2094
-2150
-2154
-2096
-1882
-1775
-1828
-1988
-1902
-1522
-1295
-1289
-1361
-1220
-890
-634
-579
-551
-358
-70
160
300
345
494
759
987
1148
1184
1296
1437
1611
1761
1791
1740
1783
1882
1958
1881
1738
1664
1656
1627
1479
1328
1220
1065
964
816
610
486
387
283
117
-42
-200
-186
-204
-331
-468
-545
-481
-451
-401
-413
-429
-283
-144
-114
-19
91
264
493
653
683
779
931
1109
1201
1199
1231
1306
1377
1458
1465
1429
1445
1470
1440
1313
1079
967
953
829
618
377
229
99
-10
-157
-343
-583
-745
-878
-981
-1085
-1231
-1359
-1503
-1586
-1641
-1747
-1898
-1908
-1991
-2002
-2073
-2161
-2204
-2223
-2176
-2260
-2155
-1895
-1784
-1845
-1915
-1668
-1226
-1083
-1230
-1176
-853
-442
-240
-246
-123
153
463
668
695
748
991
1249
1400
1441
1453
1543
1737
1884
1890
1813
1760
1805
1870
1826
1630
1397
1312
1262
1145
948
757
613
535
359
144
-11
-95
-183
-281
-368
-475
-567
-586
-522
-546
-693
-703
-507
-417
-270
-250
-200
-46
130
266
323
453
591
752
920
958
958
1104
1227
1391
1436
1436
1392
1385
1442
1382
1244
1128
1071
1033
885
694
586
539
405
211
37
-164
-291
-458
-658
-855
-1016
-1142
-1278
-1357
-1493
-1582
-1646
-1739
-1821
-1871
-1929
-1948
-1981
-2002
-2025
-2060
-2016
-1976
-1908
-1892
-1894
-1864
-1663
-1445
-1290
-1287
-1360
-1191
-793
-508
-579
-684
-422
-41
174
152
166
327
608
800
847
876
968
1199
1361
1405
1386
1437
1595
1667
1620
1506
1412
1397
1435
1407
1250
997
871
880
832
721
465
283
272
180
23
-143
-191
-232
-282
-376
-435
-482
-461
-334
-336
-395
-401
-315
-229
-115
-111
-117
-22
89
293
401
411
485
611
781
915
956
1030
1139
1220
1224
1287
1297
1236
1240
1247
1096
937
793
703
607
491
368
199
107
-40
-191
-353
-506
-639
-792
-905
-1037
-1243
-1384
-1414
-1492
-1582
-1643
-1724
-1712
-1670
-1652
-1615
-1587
-1573
-1461
-1443
-1348
-1280
-1278
-1186
-1150
-1101
-1038
-930
-705
-540
-574
-738
-700
-393
-46
-39
-223
-200
82
351
365
250
320
505
650
731
717
762
851
921
967
921
874
955
1055
1068
986
866
870
1002
1013
888
681
585
618
684
608
480
448
394
341
323
237
196
215
112
40
51
-5
2
44
32
13
-43
-77
-33
57
63
98
107
93
106
219
283
294
277
258
309
413
552
521
413
328
390
425
364
289
254
267
199
100
42
38
10
-107
-195
-252
-310
-298
-350
-366
-466
-543
-553
-565
-544
-634
-701
-752
-734
-686
-682
-700
-659
-624
-629
-613
-635
-590
-554
-570
-577
-646
-601
-628
-615
-598
-656
-743
-850
-791
-603
-528
-692
-935
-899
-670
-563
-751
-909
-783
-523
-396
-451
-465
-373
-154
-35
-22
-42
57
245
381
464
506
561
691
869
942
927
902
986
1112
1239
1183
1084
1063
1130
1149
1068
915
887
874
743
648
484
490
392
292
190
66
-19
-89
-169
-284
-375
-455
-450
-419
-490
-589
-609
-647
-610
-587
-606
-537
-494
-459
-440
-333
-244
-177
-117
-58
27
64
143
210
275
365
439
536
593
605
580
615
617
613
638
593
584
526
429
340
282
244
138
119
73
-39
-148
-210
-262
-349
-430
-490
-553
-605
-675
-726
-786
-913
-978
-962
-962
-1061
-1077
-1146
-1234
-1292
-1297
-1333
-1342
-1298
-1218
-1139
-1253
-1336
-1186
-889
-674
-755
-913
-713
-350
-193
-213
-226
-36
200
347
445
509
591
750
939
1094
1148
1181
1280
1413
1488
1437
1338
1320
1436
1420
1350
1167
1087
1079
973
815
636
549
446
350
130
-16
-86
-230
-333
-419
-599
-640
-731
-795
-835
-898
-1023
-1050
-998
-959
-923
-972
-921
-738
-569
-531
-451
-302
-152
-58
50
234
341
471
666
833
906
978
1139
1221
1292
1307
1327
1356
1355
1312
1290
1134
1019
977
855
755
684
587
400
264
156
36
-121
-313
-481
-549
-697
-838
-1004
-1131
-1182
-1226
-1248
-1278
-1256
-1306
-1359
-1326
-1199
-1136
-1104
-1038
-1026
-943
-920
-879
-816
-824
-820
-783
-631
-488
-462
-524
-543
-409
-184
-150
-269
-302
-128
80
118
28
60
236
393
441
397
397
466
548
655
628
468
439
544
659
649
540
447
495
541
496
383
293
258
278
152
23
-42
-73
-107
-194
-256
-346
-408
-424
-393
-471
-496
-483
-433
-382
-377
-370
-355
-333
-239
-137
-83
74
201
311
391
491
561
660
747
783
851
927
1035
1074
1068
1101
1055
1032
1057
1092
986
881
799
691
593
446
340
253
178
39
-81
-206
-298
-414
-519
-628
-693
-799
-891
-946
-944
-933
-978
-930
-967
-933
-896
-814
-738
-723
-686
-618
-536
-470
-377
-370
-344
-328
-315
-315
-390
-451
-520
-538
-565
-664
-631
-468
-450
-623
-746
-640
-455
-485
-701
-842
-796
-635
-569
-647
-674
-616
-513
-428
-453
-417
-355
-227
-109
-109
-30
65
198
411
410
392
441
520
667
731
707
665
686
710
747
687
665
643
594
626
534
476
464
439
341
297
209
128
184
148
85
-8
-43
-7
45
72
46
40
101
172
169
205
192
188
286
318
368
379
410
459
435
396
432
428
448
487
456
410
345
359
351
311
241
148
117
102
51
28
-106
-168
-191
-183
-203
-264
-296
-335
-323
-353
-365
-366
-343
-293
-299
-364
-350
-327
-400
-378
-375
-397
-467
-468
-473
-561
-562
-631
-658
-644
-682
-739
-801
-899
-900
-836
-873
-1011
-1142
-1045
-887
-846
-993
-1143
-1000
-787
-745
-722
-592
-403
-252
-160
-47
25
201
363
483
584
594
642
708
902
939
959
950
1032
1111
1099
1023
947
1019
983
917
840
788
774
673
532
455
396
338
208
52
-35
-123
-140
-243
-283
-329
-401
-431
-412
-348
-369
-327
-298
-265
-261
-235
-137
-43
11
64
90
164
297
380
342
385
471
498
502
510
569
564
570
546
557
600
598
551
474
367
328
280
240
171
121
35
-74
-92
-106
-120
-220
-268
-350
-442
-471
-557
-585
-657
-719
-755
-802
-780
-776
-796
-835
-889
-892
-895
-975
-936
-973
-1011
-1014
-1087
-1022
-1007
-944
-903
-925
-925
-824
-670
-701
-798
-830
-663
-508
-495
-598
-532
-326
-179
-99
-111
14
184
296
321
407
495
605
713
841
878
876
839
922
966
879
833
789
793
780
732
675
630
611
581
469
320
250
151
60
-57
-163
-169
-264
-324
-393
-453
-436
-452
-428
-467
-441
-410
-388
-299
-241
-221
-92
6
87
170
212
327
406
497
599
619
636
689
775
785
840
816
816
778
752
708
676
653
557
498
403
328
244
184
140
52
-95
-162
-237
-301
-371
-410
-448
-534
-600
-616
-599
-596
-621
-608
-591
-618
-608
-620
-596
-543
-580
-594
-619
-590
-580
-571
-594
-638
-638
-644
-630
-646
-569
-595
-644
-624
-669
-725
-753
-753
-658
-630
-659
-692
-642
-493
-430
-522
-577
-450
-253
-126
-217
-155
13
116
222
265
284
327
419
520
553
545
519
507
567
545
490
465
456
521
523
422
317
303
282
194
119
80
62
-15
-34
-112
-153
-157
-147
-170
-225
-189
-212
-138
-120
-125
-121
-88
-11
50
11
61
170
194
224
270
297
388
493
464
462
480
511
495
463
420
391
458
429
405
338
277
174
133
136
93
70
-48
-27
-55
-68
-106
-146
-182
-170
-167
-206
-257
-282
-270
-262
-273
-253
-201
-175
-153
-166
-206
-283
-245
-227
-226
-257
-318
-306
-318
-389
-427
-453
-472
-495
-517
-567
-566
-618
-670
-673
-715
-800
-840
-862
-888
-819
-805
-887
-962
-929
-804
-658
-738
-793
-704
-490
-377
-363
-341
-200
-17
61
144
138
205
320
403
477
506
486
529
599
677
659
547
507
624
661
619
577
493
525
507
512
443
355
331
258
184
76
19
-20
-7
-14
-13
-11
-35
17
47
7
-20
23
59
66
56
117
146
158
188
210
329
299
273
286
285
283
286
296
288
286
328
313
272
304
271
274
212
176
180
158
153
223
207
115
74
77
84
24
52
100
46
51
38
10
24
-14
-44
-86
-90
-80
-135
-180
-189
-225
-272
-314
-326
-405
-448
-446
-453
-501
-585
-645
-712
-715
-748
-729
-789
-853
-879
-903
-886
-907
-918
-921
-855
-743
-679
-720
-777
-647
-440
-336
-368
-355
-199
1
62
-2
-1
66
164
221
178
276
356
464
592
633
672
625
678
731
704
675
584
532
545
478
416
312
192
176
135
64
-5
-48
-59
-64
-87
-85
-27
-8
-46
-59
-39
-43
-49
-21
-2
21
69
132
124
143
139
166
263
318
394
425
466
555
556
530
601
606
626
663
696
654
661
640
600
567
449
384
304
259
222
194
183
107
93
69
-3
2
15
-20
-73
-119
-120
-194
-185
-180
-260
-301
-359
-344
-361
-372
-415
-503
-580
-663
-647
-655
-662
-660
-671
-613
-566
-561
-525
-535
-514
-537
-573
-593
-636
-640
-660
-647
-639
-609
-622
-595
-506
-484
-364
-321
-405
-396
-284
-157
-177
-230
-194
-38
22
47
32
27
127
161
245
263
242
259
264
299
236
216
190
225
236
209
216
187
177
202
203
195
143
181
213
229
240
214
243
251
248
254
340
376
394
392
379
379
396
472
462
483
501
525
530
552
546
557
562
595
605
623
532
516
500
420
387
316
291
236
199
157
125
51
103
99
78
60
0
-31
-44
-94
-166
-200
-265
-289
-310
-368
-406
-410
-356
-349
-364
-361
-358
-321
-359
-325
-297
-302
-294
-333
-368
-381
-418
-446
-409
-436
-396
-430
-425
-428
-404
-346
-388
-370
-341
-355
-353
-403
-412
-415
-428
-414
-463
-421
-423
-403
-347
-293
-350
-360
-306
-278
-279
-233
-194
-188
-119
-133
-78
-29
42
6
-5
70
119
109
169
250
275
295
363
383
376
393
419
454
387
368
372
370
366
381
364
310
310
350
394
292
321
305
344
352
329
320
249
280
324
320
271
292
293
341
341
279
255
281
250
256
214
192
117
176
284
266
239
227
245
273
263
175
170
131
74
49
64
34
-43
-114
-89
-87
-138
-119
-167
-220
-234
-239
-253
-275
-307
-367
-400
-363
-379
-378
-402
-405
-382
-378
-379
-403
-404
-438
-412
-413
-416
-449
-439
-448
-425
-361
-370
-367
-367
-332
-303
-274
-260
-291
-287
-280
-267
-280
-301
-277
-312
-290
-270
-309
-315
-306
-340
-343
-294
-268
-257
-258
-223
-173
-76
-33
-44
-15
-3
88
152
124
157
179
175
185
246
256
292
369
429
459
443
447
477
466
490
488
444
473
452
481
485
515
514
474
523
501
494
464
441
407
429
428
425
434
426
402
417
422
354
317
267
260
215
178
136
84
77
35
74
21
-17
-49
-57
-39
-49
-10
-55
-24
-44
-88
-118
-170
-156
-197
-176
-199
-250
-280
-304
-333
-354
-377
-348
-359
-387
-327
-340
-372
-389
-391
-376
-367
-385
-407
-401
-415
-420
-420
-378
-377
-397
-379
-394
-388
-305
-224
-250
-238
-291
-253
-241
-254
-313
-352
-334
-291
-221
-213
-178
-190
-139
-114
-108
-145
-155
-104
-97
-93
-83
-64
-35
40
105
118
87
83
91
175
246
185
198
300
376
437
472
461
488
514
572
588
584
527
532
520
506
507
436
457
479
466
438
422
343
334
352
315
307
244
211
279
235
112
72
-20
-52
-57
-111
-110
-144
-144
-115
-168
-148
-185
-163
-84
-96
-112
-149
-176
-109
-75
-34
-76
-144
-131
-105
-64
-112
-140
-115
-121
-83
-131
-196
-167
-129
-167
-179
-207
-215
-224
-246
-226
-278
-326
-329
-277
-305
-364
-387
-358
-343
-341
-336
-377
-348
-335
-328
-332
-335
-295
-285
-263
-203
-166
-161
-90
-89
-63
-32
14
26
70
99
86
92
50
72
86
66
57
47
56
47
39
71
75
105
166
159
186
219
205
263
203
193
250
253
270
241
242
265
226
236
195
194
241
197
211
244
287
270
280
298
293
326
302
367
352
331
311
308
305
291
282
312
276
265
314
299
314
259
273
304
333
332
296
296
298
296
233
180
119
108
119
111
55
-24
8
-3
-27
-34
-91
-154
-172
-185
-182
-173
-228
-197
-232
-191
-170
-228
-277
-304
-263
-259
-279
-295
-264
-288
-267
-210
-209
-239
-230
-163
-128
-152
-183
-134
-110
-126
-120
-131
-59
-19
-27
-28
18
64
2
-10
-24
-11
-18
-17
30
2
-21
-21
-14
-20
-46
-89
-67
-98
-120
-122
-133
-139
-124
-107
-88
-62
-35
-33
4
6
78
78
71
47
57
112
147
241
232
285
303
360
377
376
402
376
384
426
486
443
445
421
383
371
392
365
290
297
288
299
219
221
156
180
140
122
90
13
32
-8
-32
-94
-127
-182
-218
-231
-217
-233
-280
-328
-325
-305
-298
-259
-306
-329
-294
-288
-245
-272
-211
-171
-137
-74
-61
16
37
27
42
71
75
9
-48
-89
-84
-77
-105
-101
-85
-56
-26
-33
-87
-51
-44
-3
-26
-74
-100
-74
-55
-111
-130
-210
-245
-245
-281
-282
-287
-332
-268
-245
-278
-284
-283
-221
-201
-155
-85
-103
-109
-73
-56
-20
-1
14
55
120
164
127
147
205
263
300
322
295
307
377
410
380
378
360
386
388
377
342
354
338
358
321
271
259
278
259
286
221
137
171
122
78
-2
-12
-93
-101
-143
-249
-213
-222
-259
-296
-259
-238
-254
-214
-203
-169
-161
-142
-85
-105
-57
-81
-16
-7
-17
32
36
51
47
78
122
122
73
135
160
126
43
34
42
-15
15
-21
-33
-105
-131
-120
-155
-178
-259
-226
-301
-326
-355
-394
-405
-444
-482
-487
-450
-445
-457
-462
-405
-384
-343
-286
-237
-182
-152
-68
-35
-38
-45
2
1
48
61
114
60
25
42
55
88
29
121
68
72
70
62
90
97
123
113
145
125
150
134
127
105
82
97
104
107
115
139
164
148
114
75
66
33
-4
-21
-72
-87
-105
-93
-92
-99
-128
-93
-86
-106
-48
-77
-41
-58
-93
-50
-57
-37
-6
-5
-13
18
39
44
61
70
101
123
194
216
172
152
115
72
121
152
141
131
107
60
53
65
11
-41
-21
22
-3
-33
-64
-84
-169
-123
-156
-203
-236
-255
-213
-234
-210
-235
-226
-187
-152
-87
-106
-81
-12
-4
25
37
72
108
107
136
110
79
61
75
57
48
71
41
92
66
137
144
154
174
167
211
131
135
118
128
90
76
84
29
14
-39
-93
-95
-135
-104
-92
-87
-57
-82
-79
-107
-122
-127
-134
-142
-125
-95
-124
-100
-25
-23
-55
-88
-55
-57
-7
-4
0
13
20
51
119
105
140
128
104
107
106
134
68
68
85
115
99
57
7
-13
-16
-42
-39
0
-32
-14
20
40
12
5
7
-23
5
-19
-12
-39
-41
-17
-37
-47
-52
-33
-21
-3
32
17
27
3
33
43
38
80
18
67
30
0
0
-39
-9
-5
21
17
79
44
56
62
120
130
109
123
130
189
131
177
170
151
128
111
102
43
20
21
22
76
74
60
106
104
104
84
21
-16
-39
-44
-48
-92
-62
-73
-128
-150
-135
-160
-133
-139
-179
-106
-77
-12
-25
21
25
33
22
-17
-11
2
-17
-27
42
29
61
60
108
97
78
109
102
119
146
109
124
165
180
187
193
209
203
162
149
144
115
80
77
79
58
42
16
0
-2
-25
-1
17
9
-53
8
-13
-76
-52
-64
-84
-92
-146
-127
-98
-111
-29
-29
-9
10
83
90
78
80
116
165
151
128
132
134
137
157
178
193
218
193
177
225
175
189
206
246
195
153
111
121
127
147
107
111
106
119
81
67
75
47
33
3
12
42
29
17
6
-21
12
-9
18
-11
-41
-56
-5
-37
-76
-38
-46
-53
-69
18
29
19
-11
-50
2
-27
-49
-63
-26
17
-9
3
66
52
110
155
83
94
114
153
157
202
182
160
174
196
219
226
233
242
248
192
220
198
169
177
149
191
111
47
83
72
74
97
64
81
136
156
108
82
105
92
115
51
36
47
-8
9
-2
-4
-44
-37
28
82
93
138
191
158
158
160
147
140
165
192
152
139
174
162
195
176
172
138
168
217
175
137
179
190
229
205
165
184
159
111
105
51
22
-3
-29
-28
-87
-113
-100
-110
-123
-147
-174
-143
-108
-108
-164
-153
-226
-195
-244
-219
-141
-175
-68
3
-72
-107
-108
-110
-4
-7
-45
-26
3
63
63
115
43
68
135
167
260
189
174
188
288
340
342
338
353
352
362
353
333
406
394
454
388
347
298
276
268
206
206
138
122
85
64
52
37
-12
-12
-50
-9
12
21
-35
-83
-101
-96
-106
-45
-68
-50
-22
-8
30
38
30
18
8
-2
14
-18
-19
-3
33
-26
-36
-17
-17
-9
-24
-32
-53
-116
-134
-113
-124
-122
-118
-98
-127
-138
-145
-144
-125
-203
-197
-198
-189
-195
-186
-170
-192
-132
-143
-147
-93
-63
-83
-72
-74
-79
-56
-50
-46
-110
-81
-119
-123
-94
-100
-73
-88
-55
-43
-8
-9
-6
40
46
57
94
108
109
80
117
101
96
59
81
92
5
-29
-42
-52
-8
-15
-5
38
47
82
76
76
68
64
12
35
18
-55
-40
-57
-93
-115
-77
-78
-87
-71
-64
-39
12
22
19
34
78
70
31
37
51
82
78
81
5
7
22
25
25
20
90
58
79
162
166
156
199
180
164
116
82
38
7
0
-50
5
-20
-42
-19
-26
-48
-73
-82
-107
-100
-122
-56
-40
-23
-28
0
-28
-94
-46
-84
-76
-62
0
1
10
-35
-73
-49
-45
5
27
4
-45
-17
12
57
22
39
19
36
115
124
103
76
63
43
19
-29
-43
-48
-21
-48
-108
-69
-115
-99
-54
-56
-76
-95
-57
-39
-31
-69
-105
-72
-94
-75
-64
-22
-32
-91
-74
-74
-77
-97
-64
-11
-11
-3
100
111
105
77
64
75
93
84
77
42
75
86
79
63
32
61
29
84
74
9
9
-20
-64
-56
-70
-118
-90
-108
-120
-120
-125
-164
-168
-137
-118
-145
-152
-166
-154
-165
-211
-198
-141
-166
-206
-152
-150
-168
-182
-158
-135
-138
-147
-116
-79
-93
-47
-6
-10
-8
-4
16
51
62
56
36
29
16
21
13
-19
-4
1
7
27
-10
2
37
7
-3
-48
-30
-87
-99
-126
-155
-143
-156
-173
-168
-127
-121
-141
-130
-135
-200
-94
-144
-161
-142
-171
-173
-189
-157
-151
-84
-63
-52
-58
-32
-2
29
91
120
120
113
149
113
120
88
89
25
82
61
102
156
115
103
130
170
100
93
76
74
36
-19
-18
-99
-138
-115
-162
-159
-178
-206
-248
-248
-283
-284
-274
-303
-288
-321
-308
-270
-272
-302
-265
-216
-242
-224
-149
-98
-61
-48
-8
-19
9
86
77
125
153
140
201
215
241
272
244
278
273
301
336
287
317
318
280
261
251
216
130
105
120
83
77
54
54
25
11
-12
-90
-60
-120
-70
-101
-161
-121
-157
-173
-180
-160
-202
-224
-227
-214
-256
-290
-208
-220
-228
-176
-183
-192
-155
-165
-160
-144
-152
-112
-91
-19
-3
13
30
75
32
69
91
117
136
164
129
144
139
114
126
88
95
98
116
87
101
9
-34
-25
-70
-99
-80
-102
-91
-34
-72
-87
-102
-116
-90
-50
-74
-64
-89
-109
-142
-143
-102
-102
-56
-94
-58
-32
9
43
45
43
38
67
46
121
101
68
91
56
111
138
135
145
117
136
129
148
102
87
65
66
148
106
155
129
105
126
138
83
36
26
42
60
74
123
45
81
55
38
15
-64
-88
-106
-105
-57
-34
-12
17
3
31
45
54
3
-47
-94
-133
-148
-187
-210
-161
-157
-139
-103
-132
-113
-59
-70
-61
-69
-79
-48
-23
-4
-70
-40
-64
-95
-29
-12
28
22
28
52
72
71
120
115
56
62
27
-24
40
59
5
35
31
33
37
59
24
40
9
-51
-19
-14
11
-9
33
23
20
-20
-59
-30
-76
-25
-35
-99
-91
-68
-28
-30
-50
-4
-8
5
39
42
26
-26
28
15
41
58
74
81
80
71
60
81
72
81
77
68
50
113
97
96
90
76
77
52
39
6
12
0
8
34
50
73
41
30
49
30
4
-14
-29
-29
-70
-127
-106
-83
-98
-112
-105
-106
-121
-129
-105
-63
-13
-58
-18
-24
1
53
14
-22
-14
-35
-55
-42
-45
-7
-16
22
31
75
73
97
89
40
37
-20
-36
-51
-32
-26
11
24
26
5
56
81
49
96
45
65
89
89
112
134
137
74
123
113
104
130
128
123
131
171
150
195
147
113
134
142
183
162
198
143
129
139
146
167
129
141
141
118
100
132
133
90
129
94
83
86
50
103
94
38
36
-19
11
46
57
36
50
89
118
131
89
126
88
146
130
82
41
22
43
44
24
76
138
114
148
97
128
109
102
75
30
6
-12
13
26
13
12
38
2
12
-21
-48
-15
5
3
13
-16
-50
-27
-43
-45
-76
-39
-38
-36
-45
-39
-23
-66
-48
-68
-35
-38
-87
-59
-59
-29
6
32
60
67
85
62
65
24
13
54
20
14
62
26
17
13
29
28
40
70
113
107
102
84
80
97
120
109
63
106
80
55
44
-6
-3
-21
-15
7
44
50
100
102
99
126
102
155
87
49
60
54
8
-25
-19
-9
-31
-13
-44
-92
-71
-82
-139
-133
-116
-145
-145
-146
-65
-25
-17
-67
-62
-41
-67
-61
-52
-52
-65
-61
-62
-85
-2
37
34
-14
-61
28
-42
-35
-22
15
21
38
78
75
132
87
83
70
54
72
40
78
88
71
41
56
38
34
40
34
83
84
94
88
82
96
57
68
76
95
110
54
41
30
52
68
50
49
23
10
34
54
75
129
163
134
180
182
193
194
160
168
123
119
114
127
117
113
118
100
95
131
147
108
122
91
53
49
25
60
52
79
58
96
58
43
58
-43
-44
-35
-32
-53
-40
30
35
20
49
66
86
105
120
98
82
87
60
49
12
18
46
75
89
94
70
127
175
144
143
128
159
140
117
170
143
123
133
165
178
187
163
190
188
160
189
224
167
119
100
110
162
122
144
151
171
139
135
100
67
66
45
48
70
91
40
81
34
62
70
28
47
43
29
22
7
-8
17
45
94
144
198
197
228
188
158
214
147
163
119
78
136
137
165
233
250
226
204
175
115
122
108
85
63
2
27
-5
0
-2
-22
-34
-39
-63
-36
-61
-97
-70
-84
-96
-150
-139
-206
-248
-216
-189
-152
-153
-156
-99
-121
-141
-86
-72
-31
19
-44
2
80
68
115
146
94
120
151
167
150
124
130
113
134
114
135
161
171
209
217
192
152
161
191
177
124
116
36
36
11
19
41
-32
16
-2
12
32
55
43
27
1
69
43
9
72
25
75
96
77
50
83
104
93
104
91
56
116
132
92
155
144
140
140
106
72
104
58
65
88
70
47
12
12
-30
-23
10
27
-29
17
46
45
-7
-32
-43
-34
4
-23
-32
-43
-23
-34
-19
-27
-62
-41
-64
-58
-32
-24
-32
21
42
30
15
36
4
28
12
-7
3
-9
-21
-19
33
17
36
22
17
26
48
27
25
29
4
-19
-28
17
13
-46
-20
3
-23
22
-12
-1
32
29
40
62
86
81
99
144
197
157
155
143
97
164
177
152
195
164
184
203
173
177
148
150
145
98
82
100
92
79
106
108
78
77
87
129
36
59
19
-35
-37
-100
-69
-79
-87
-103
-60
-30
-46
-66
-98
-136
-120
-131
-152
-114
-140
-110
-129
-111
-90
-122
-112
-121
-107
-99
-65
-53
-16
-25
19
53
61
88
109
117
133
102
27
46
54
35
37
42
69
41
84
73
7
55
62
96
60
33
26
-5
-9
-34
-46
-95
-58
-57
-91
-68
-89
-121
-102
-90
-100
0
24
7
14
55
103
116
135
80
119
139
124
118
93
102
105
97
63
103
104
137
81
93
103
67
123
133
133
109
164
204
189
203
191
182
170
124
98
109
78
27
59
23
24
24
40
26
31
58
-4
4
9
-8
-20
-71
-47
-67
-117
-141
-193
-166
-187
-154
-125
-100
-169
-240
-174
-215
-231
-194
-186
-210
-214
-179
-147
-109
-60
-63
-50
-84
-61
-48
-46
-33
-66
-63
-43
-27
-8
4
21
66
37
27
7
-6
-25
-43
-76
-77
-84
-77
-41
-54
-72
-84
-98
-96
-83
-92
-75
-98
-98
-132
-133
-126
-150
-131
-151
-107
-106
-127
-82
-109
-91
-37
-66
-61
-53
-66
-12
-39
-75
-43
-26
-73
-38
-21
-5
-10
6
-9
-44
-32
-32
-17
-40
-58
-62
-52
-70
-24
-14
-34
-33
-62
-50
-52
-65
-73
-38
-10
29
13
-48
-40
-19
-45
-68
-73
-83
-58
-31
-18
-79
-86
-35
-72
-61
-84
-62
-61
-25
-17
-33
-9
-48
-69
-52
-74
-128
-133
-148
-144
-145
-123
-118
-109
-94
-135
-123
-103
-86
-48
-48
-53
-31
-40
-50
-54
-62
-8
-13
-25
-47
-36
5
11
3
50
73
43
56
81
65
40
70
61
42
16
-9
-42
-49
-79
-98
-120
-151
-121
-51
-67
-72
-81
-51
-85
-114
-119
-141
-143
-178
-150
-169
-192
-203
-170
-160
-147
-82
-73
-83
-25
-23
-18
15
-23
-72
-41
-22
-28
-47
-38
-11
8
39
33
35
24
25
22
80
76
85
84
67
65
53
20
-35
14
10
-1
-8
-12
-54
-80
-46
-42
-52
-45
-76
-83
-77
-127
-144
-152
-172
-156
-139
-184
-198
-190
-211
-225
-217
-248
-278
-268
-220
-202
-176
-164
-132
-117
-100
-90
-101
-56
-39
15
-37
-20
-58
-39
-33
-74
-25
-54
-48
-7
-62
-81
-19
-49
-35
-31
-61
-55
-93
-165
-94
-154
-146
-86
-111
-115
-121
-138
-159
-165
-192
-183
-186
-223
-264
-216
-191
-194
-196
-153
-156
-161
-123
-129
-159
-158
-187
-188
-162
-179
-131
-175
-128
-120
-112
-93
-122
-87
-86
-95
-67
-91
-122
-73
-106
-78
-40
-56
-61
-55
-43
-5
3
-29
-14
-12
-27
21
32
32
-24
-16
10
-82
-83
-55
-10
7
13
-5
-48
-5
-21
-100
-108
-85
-74
-13
-68
-85
-62
-42
-11
1
-14
-26
-41
-41
-48
-73
-88
-127
-168
-174
-139
-156
-139
-144
-118
-76
-114
-109
-84
-57
-38
-31
-10
-26
-57
-72
-7
16
7
-28
-8
-59
-32
20
-31
-5
-28
4
22
23
34
26
31
35
-15
-35
-23
-43
-48
-11
-24
-17
-26
-35
-62
-90
-68
-41
-18
-52
-68
-63
-108
-98
-137
-137
-105
-69
-33
-93
-72
-86
-79
-40
-113
-104
-88
-104
-84
-64
-7
-34
-48
8
10
53
28
16
53
88
106
110
113
47
87
86
83
72
57
115
141
130
106
171
122
124
88
58
55
53
85
80
161
145
143
118
128
95
77
37
47
53
67
68
60
57
51
69
46
36
44
30
9
11
-35
-39
-68
-68
-55
-32
-9
25
35
-32
-19
-9
-24
15
-3
-29
-25
0
30
4
36
48
60
78
105
87
106
90
73
101
121
123
104
156
180
156
145
164
152
144
104
29
62
33
-2
28
40
1
-19
-35
-57
-40
-81
-107
-166
-164
-160
-211
-218
-232
-274
-210
-227
-227
-201
-215
-224
-206
-150
-80
-91
-119
-95
-108
-115
-80
-84
-79
-21
43
72
62
153
190
161
172
154
146
167
208
248
205
247
233
217
240
206
171
146
123
91
56
43
29
22
-1
-1
-28
-46
-36
-100
-108
-122
-118
-117
-160
-204
-192
-191
-166
-134
-121
-94
-109
-58
-54
-31
-25
-91
-63
-73
-89
-69
-38
-32
-11
1
8
-8
-1
-15
-23
-69
-49
-47
-61
-51
-87
-118
-74
-41
-46
3
2
-1
9
-6
-34
-52
1
-10
-42
-76
-70
-57
-74
-84
-37
5
38
46
36
-11
-34
-9
-68
-74
-104
-97
-101
-68
-66
-53
7
-15
-1
-7
25
-8
-3
-20
-43
10
-60
2
-8
-21
-9
4
34
79
91
98
137
146
209
197
253
220
224
206
238
237
200
236
177
183
134
172
184
153
121
132
158
120
181
175
148
120
157
173
125
117
107
41
-19
-20
-55
-15
-9
-48
-60
-14
-15
-55
-40
-45
-96
-115
-66
-45
-37
-11
4
1
29
-8
-52
-13
-57
-63
-4
9
16
25
96
97
38
24
13
23
42
53
24
51
46
49
40
47
61
69
19
-2
20
45
86
87
155
174
162
146
95
82
103
74
75
50
-15
5
26
57
32
22
56
95
87
63
75
71
-14
-3
-27
-59
-37
-44
-8
-9
-21
-49
-50
-41
-36
-114
-120
-49
-73
-65
-53
-76
-71
-89
-100
-93
-93
-61
-48
-42
-34
-78
-30
17
-13
-28
47
23
44
123
67
55
34
49
68
98
83
42
16
46
74
66
76
78
87
90
87
57
69
80
35
-1
14
-1
-31
-23
-36
-41
-67
-106
-98
-90
-79
-67
-79
-92
-45
-37
-12
32
-9
18
9
-33
15
17
32
54
35
49
50
69
28
41
51
71
75
18
58
43
32
-5
-23
-4
14
16
30
33
25
-22
21
6
-36
-81
-143
-155
-180
-235
-261
-263
-337
-300
-304
-315
-300
-260
-178
-173
-153
-104
-119
-61
-24
-56
-74
-34
9
-29
-32
2
-26
-80
-59
-1
28
33
56
114
107
153
136
118
134
99
125
121
104
49
36
23
-12
-39
-88
-109
-79
-75
-84
-113
-67
-47
-60
-67
-100
-95
-81
-101
-126
-154
-125
-150
-104
-83
-124
-97
-80
-70
-25
40
51
86
116
146
140
120
116
132
108
108
119
129
109
90
118
108
89
76
112
61
53
68
42
17
-30
-80
-34
-104
-132
-195
-237
-204
-220
-209
-213
-171
-189
-146
-124
-132
-132
-125
-94
-89
-78
-60
-83
-73
-3
21
28
12
48
74
54
36
21
0
25
65
106
77
82
117
143
158
123
140
112
103
67
55
73
57
43
70
95
54
44
27
-21
-60
-66
-71
-130
-164
-167
-206
-219
-229
-230
-189
-177
-165
-177
-187
-173
-196
-146
-139
-129
-133
-144
-116
-71
-57
-52
-40
-63
-72
-76
-88
-60
-51
-16
-36
-7
20
16
49
70
66
90
82
99
107
79
147
69
45
43
-5
-45
-7
-20
-63
-26
-34
-49
-25
-38
-64
-20
28
-12
-29
14
-33
-18
-52
-36
-66
-95
-103
-122
-144
-169
-135
-143
-178
-182
-171
-150
-134
-159
-161
-131
-161
-79
-71
-103
-73
-73
-58
-142
-139
-132
-145
-145
-127
-101
-61
-103
-112
-9
-18
-30
-35
-131
-118
-74
-95
-122
-147
-209
-247
-285
-311
-290
-307
-269
-257
-258
-261
-246
-217
-193
-147
-155
-142
-118
-113
-135
-98
-121
-89
-44
-48
44
100
87
82
88
167
131
176
153
123
130
97
127
112
140
82
62
4
3
21
-14
9
42
50
58
45
76
80
12
-2
15
43
76
-3
-9
6
-21
-3
-30
2
-19
-43
-45
-69
-57
-41
-10
39
46
34
17
-50
-49
-122
-159
-152
-93
-63
-107
-112
-114
-109
-119
-108
-95
-95
-90
-63
-101
-67
-35
-33
-3
42
58
60
75
53
25
69
50
32
2
-32
1
-43
-4
24
23
2
18
35
31
70
55
36
-13
-52
-82
-87
-98
-101
-47
-99
-42
-18
-52
-7
-14
-3
4
56
59
72
46
84
123
93
135
104
93
103
111
136
148
161
159
157
162
120
80
80
51
10
22
41
18
10
37
16
-26
-57
-25
-8
-72
-101
-90
-132
-152
-171
-94
-103
-95
-38
-35
2
-12
29
61
67
72
95
92
121
111
121
113
123
150
223
231
208
238
233
268
214
214
198
142
124
76
66
113
124
110
106
119
123
86
62
56
78
84
55
14
-11
-7
-18
-1
11
37
18
31
7
-4
29
15
35
33
74
57
72
81
18
52
32
61
37
41
67
54
11
15
21
44
3
39
38
5
25
23
23
51
109
95
99
80
47
23
13
8
4
12
14
45
94
103
121
124
153
128
125
137
121
103
63
71
54
55
36
1
-3
6
-20
-17
9
18
-51
-19
33
42
44
56
63
55
91
50
26
10
5
16
41
28
67
77
65
118
118
118
63
77
92
30
14
-20
0
-62
-109
-89
-111
-28
-24
3
38
76
101
112
58
33
50
22
32
2
-10
12
-10
4
47
47
38
11
29
58
72
78
99
139
182
174
213
238
196
163
124
70
88
85
84
58
5
54
85
80
47
98
104
125
134
47
60
31
58
49
33
31
59
70
96
75
70
138
104
120
118
132
104
102
143
148
129
103
84
111
85
104
79
52
69
58
112
83
130
113
80
172
170
118
91
47
48
-39
-49
-58
-85
-84
-58
-19
5
70
106
106
106
86
110
116
84
76
15
57
46
16
49
53
76
99
117
76
47
58
61
34
60
32
42
33
40
85
38
20
-12
13
18
5
69
77
74
69
42
23
54
21
20
62
85
99
40
64
69
53
68
51
62
78
45
60
50
50
6
-39
-32
5
0
-24
-7
-37
-20
-24
17
-24
59
75
38
45
26
-5
-20
-1
4
2
-24
-1
-22
-44
-75
-35
-50
-6
24
-27
7
3
21
-23
14
47
57
65
25
55
54
68
63
55
81
70
80
60
39
29
15
24
24
2
5
43
6
17
-22
-37
-39
-55
-48
-50
-53
-72
-8
-21
-10
10
3
-43
-75
-40
-23
-9
12
13
15
67
67
56
52
47
48
30
9
-11
-2
34
-4
-25
-42
-22
25
-12
-11
-44
-17
1
-63
-90
-114
-147
-129
-143
-138
-93
-104
-84
-100
-89
-112
-78
-85
-128
-113
-73
-23
0
-22
28
54
12
51
34
45
13
-5
-1
-34
-30
-52
-83
-57
-35
-42
-12
-27
-83
-91
-108
-75
-108
-102
-121
-98
-77
-66
-95
-87
-69
-114
-76
-92
-55
-32
-23
-18
35
37
1
27
41
36
16
4
32
14
-10
-29
-51
-7
-29
-18
-7
5
30
1
-13
-1
-12
-13
10
-6
-22
-49
-35
-39
-53
-80
-106
-96
-138
-141
-145
-139
-171
-162
-137
-133
-96
-42
5
12
7
-14
-18
-47
-84
-86
-103
-103
-68
-65
-44
-1
-6
-28
-18
16
29
53
63
70
73
76
72
34
95
102
96
109
87
74
82
47
53
110
97
121
107
136
90
89
89
63
63
41
10
7
-14
-64
-74
-89
-57
-24
-59
-66
-75
-88
-113
-156
-166
-202
-144
-155
-188
-171
-190
-140
-123
-120
-74
-90
-95
-116
-133
-94
-83
-102
-104
-46
-56
-57
-27
-19
27
18
-6
-6
15
41
26
44
74
65
-1
14
-12
-20
-8
24
33
69
64
17
75
21
33
38
9
-6
-29
-51
-61
-58
-43
-49
-73
-108
-113
-70
-7
-14
22
54
61
50
99
46
55
61
40
33
54
60
4
38
26
81
46
20
3
-3
-34
-47
-89
-110
-52
-106
-140
-104
-152
-162
-137
-82
-99
-149
-139
-166
-158
-106
-81
-100
-84
-87
-65
-101
-92
-59
-113
-122
-112
-116
-105
-92
-106
-101
-108
-114
-147
-159
-124
-125
-100
-72
-33
-42
-81
-45
-76
-109
-103
-103
-104
-91
-103
-69
-31
23
0
-37
-57
-56
-23
-56
-24
-1
4
-22
-32
-21
-40
4
40
17
24
37
7
48
105
114
123
92
89
55
51
18
-31
-32
-29
21
16
7
8
16
7
-27
-67
-15
5
-27
-41
-50
-90
-70
-138
-170
-157
-185
-131
-124
-149
-115
-79
-93
-83
-109
-89
-73
-78
-48
-73
-77
-84
-70
-115
-74
-63
-87
-100
-99
-99
-82
-105
-106
-72
-99
-105
-89
-53
-53
-32
-35
-27
13
25
47
45
44
80
83
94
117
176
170
112
116
87
73
59
93
74
25
34
16
44
43
19
70
37
43
66
64
78
22
14
4
-15
5
21
-6
6
-5
-13
24
35
57
35
-23
-9
29
15
7
6
-40
-51
-61
-73
-60
-68
-54
-70
-93
-91
-80
-97
-77
-62
-59
-36
-32
-2
-32
-55
-72
-47
-11
-60
-6
-32
-43
-14
-52
10
43
20
18
36
34
40
57
31
58
123
141
176
143
116
91
88
75
20
-11
-22
-25
-67
-40
9
-13
7
18
-48
-43
-20
-34
-26
17
-39
-64
-49
-24
-45
-61
-66
-72
-82
-64
-64
-88
-86
-63
-67
-78
-17
-42
-15
45
83
87
90
104
60
47
38
12
5
17
-14
-47
-37
-100
-59
-46
-90
-71
-77
-50
-70
-79
-91
-87
-160
-182
-94
-99
-50
-64
-47
-13
-8
-21
-2
-18
-49
-47
-54
-40
-42
9
-28
-37
-47
-33
-27
-26
-15
-40
-18
19
43
11
-1
-58
-76
-48
-78
-93
-108
-95
-100
-60
-9
-62
-118
-126
-139
-148
-115
-144
-178
-118
-141
-183
-135
-123
-108
-87
-52
-50
-13
39
32
64
81
90
87
69
100
134
128
54
79
98
123
113
95
89
67
63
90
121
115
105
126
109
84
110
47
24
12
-6
9
16
-10
-13
-66
-66
-105
-142
-96
-65
-27
-33
-11
-19
-16
-65
-32
-21
-51
-55
-81
-86
-84
-67
-47
21
6
-22
-39
-30
-55
-94
-61
-26
-32
12
25
51
60
66
71
54
45
49
-11
-17
-25
-21
27
25
73
91
79
96
116
80
36
22
42
7
7
-10
-40
-11
-13
-9
47
38
62
88
22
21
32
55
64
64
13
7
37
39
63
22
44
107
106
154
150
167
119
108
87
43
73
74
108
93
70
81
97
113
89
86
98
62
0
-13
-4
-60
-75
-93
-69
-71
-56
1
-20
-7
-6
-44
-28
-40
-31
-49
-77
-68
-64
-51
-42
-40
-67
-64
-101
-38
-54
-26
-44
-57
-17
-14
44
90
115
108
84
52
46
-10
-17
-72
-93
-38
-65
-42
-83
-73
-67
-43
-51
-89
-63
-58
-65
-91
-126
-136
-142
-121
-96
-136
-136
-131
-127
-156
-165
-147
-124
-122
-82
0
4
74
86
120
170
175
160
163
225
204
178
135
115
136
131
143
135
120
55
52
40
36
49
15
15
-14
-46
-71
-64
-110
-103
-110
-148
-199
-188
-173
-168
-120
-144
-179
-174
-154
-120
-69
-60
-50
-10
-54
-57
-13
-10
5
40
29
24
18
71
112
137
111
90
124
139
164
131
113
115
93
94
86
52
129
69
34
77
67
82
76
83
39
55
56
75
70
58
55
59
55
31
90
110
72
42
113
63
-1
16
15
26
5
32
4
63
59
86
110
79
115
118
131
97
102
86
71
-17
-49
-53
-90
-70
-127
-97
-101
-113
-58
-46
-50
-58
-67
-72
2
-10
-49
-14
-38
-19
-34
-22
-8
-36
-16
-30
-4
10
14
42
43
106
104
58
86
142
200
116
150
167
78
111
60
30
25
26
6
56
12
-3
-5
-19
11
36
86
51
61
56
63
85
60
40
41
53
32
38
19
47
84
125
168
163
194
253
265
270
188
133
129
118
118
97
76
60
70
71
79
63
-1
-34
-23
-34
-30
-10
39
76
64
43
51
22
-3
21
-24
-20
-46
-65
-50
-48
-61
-33
19
40
39
25
60
67
47
59
85
83
63
138
113
110
163
123
164
143
141
128
124
160
133
152
144
196
170
166
196
160
167
126
170
199
179
159
146
171
179
161
128
108
102
112
75
46
83
71
44
70
54
20
15
49
23
9
55
61
69
56
60
44
69
57
97
89
100
105
111
97
123
115
80
135
86
63
24
12
-37
-31
-42
-77
-55
-62
-65
-64
-28
7
2
-7
-6
-42
-8
38
-30
