SAMPLES:	16864
BITSPERSAMPLE:	16
CHANNELS:	1
SAMPLERATE:	16000
NORMALIZED:	FALSE
-30
-39
-14
37
56
60
32
36
26
5
40
80
84
50
57
46
-2
-15
-11
-6
-1
37
15
12
15
20
-5
-15
-9
-28
-51
-89
-80
-86
-83
-122
-103
-93
-49
-41
-6
8
-55
-2
-25
-12
-19
-28
4
6
60
27
21
-6
3
69
53
32
42
25
26
65
81
53
29
29
10
-6
-41
-25
-15
-35
-34
-62
-86
-122
-128
-150
-195
-159
-191
-209
-220
-180
-167
-209
-145
-82
-33
-48
-21
0
13
17
73
46
36
56
88
153
174
223
226
209
194
229
211
173
149
88
53
75
51
-4
-2
25
-61
-57
-18
-40
-75
-102
-127
-165
-133
-138
-167
-157
-145
-143
-123
-105
-133
-158
-147
-141
-94
-94
-27
4
-6
-9
-21
24
-44
-29
-45
-46
-35
-34
58
34
81
97
109
149
135
122
52
65
58
44
21
-33
-73
-146
-135
-163
-154
-193
-150
-113
-131
-128
-128
-78
-74
-71
-109
-20
-109
-116
-94
-70
-53
-80
-32
-71
-66
-111
-119
-109
-102
-36
-59
-25
24
-8
11
-29
-21
-36
-68
-39
-77
-91
-67
-89
-144
-172
-122
-116
-110
-98
-57
-47
-98
-72
-98
-76
-102
-85
-127
-113
-54
-63
-63
-99
-104
-98
-61
-53
-89
-107
-89
-78
-23
-48
6
-18
-39
-18
-53
-91
-120
-137
-163
-129
-122
-123
-118
-112
-133
-146
-138
-128
-166
-167
-170
-187
-171
-196
-158
-148
-173
-158
-177
-191
-192
-219
-224
-213
-207
-171
-158
-149
-197
-194
-181
-222
-234
-213
-206
-230
-275
-290
-283
-242
-195
-129
-112
-126
-81
-92
-104
-78
-61
-91
-71
-14
-42
-82
-102
-77
-86
-122
-104
-104
-121
-122
-148
-193
-139
-170
-182
-136
-183
-165
-192
-179
-136
-169
-173
-181
-169
-211
-189
-217
-231
-181
-189
-138
-164
-165
-184
-183
-163
-130
-126
-142
-152
-170
-185
-161
-107
-104
-139
-98
-107
-123
-58
-46
-77
-78
-78
-47
-52
-88
-43
-71
11
-28
-48
-27
-38
-33
-30
-26
-63
-85
-91
-87
-71
-56
-82
-77
-106
-140
-92
-77
-77
-60
-53
-85
-89
-124
-102
-144
-112
-102
-96
-55
-33
-18
-45
-17
5
-11
7
0
-28
-25
-52
-32
-29
1
-27
-64
-50
-55
-62
-103
-111
-140
-142
-158
-108
-135
-100
-78
-153
-135
-139
-162
-176
-190
-194
-188
-195
-147
-138
-124
-135
-121
-136
-104
-53
-90
-68
-62
-32
2
-21
-5
0
30
56
39
48
15
-2
-3
33
16
13
14
23
41
31
11
-27
-42
-31
-72
-88
-131
-191
-221
-219
-160
-193
-186
-203
-201
-164
-156
-105
-104
-147
-79
-121
-117
-61
-69
-55
-56
-55
-41
-61
-69
-42
-70
-61
-41
-68
-91
-45
-50
-43
-22
-39
-25
6
51
68
29
54
47
-16
18
26
-15
-3
-5
-23
-7
7
10
6
-31
-32
-19
-48
-64
-41
-53
-27
-16
14
-72
-54
-87
-148
-106
-115
-122
-179
-110
-104
-141
-149
-167
-147
-163
-144
-144
-105
-150
-163
-98
-101
-131
-122
-87
-111
-102
-57
-111
-112
-74
-59
-36
-51
-56
-56
-18
-47
-64
-37
-57
-62
38
15
26
56
48
72
60
58
16
-32
-12
40
78
78
59
33
57
42
25
10
-7
-55
-69
-69
-81
-66
-37
-56
-59
-13
35
5
5
-4
-9
-5
-5
13
44
56
9
9
7
47
26
45
15
-10
-26
-26
-34
-69
-56
-78
-71
-86
-64
-70
-87
-80
-46
-17
-36
-35
-76
-41
-66
-80
-23
-123
-69
-123
-136
-60
-126
-73
-60
-8
0
-26
-7
-10
-11
48
59
30
5
-43
-87
-127
-163
-161
-106
-117
-118
-85
5
-3
-22
-2
-11
-36
12
-8
-10
5
5
28
24
32
10
13
42
-22
9
24
-27
5
-4
-20
-26
-12
6
-13
-20
-2
-13
10
-5
-45
-78
-76
-82
-138
-100
-58
-57
-22
-71
-48
-28
-61
-57
-46
-23
-19
15
50
87
117
118
126
161
165
152
102
103
72
48
57
55
35
35
22
2
34
44
21
-1
-28
-51
-31
-52
-62
-70
-71
-54
-22
-29
-29
-4
-4
-40
-30
-22
7
3
0
20
47
58
52
54
72
95
124
127
111
83
70
57
60
55
51
51
20
-17
7
18
-7
5
-30
-2
-11
-18
5
-30
-87
-38
-55
-98
-78
-104
-129
-111
-89
-114
-85
-95
-120
-68
-60
-37
-2
-6
-20
-11
-42
-54
6
4
-37
-51
4
1
2
12
8
-19
-6
-2
26
52
22
24
30
14
6
5
-58
-82
-123
-149
-192
-213
-184
-217
-171
-164
-211
-122
-100
-83
-57
-74
-87
-58
-7
-37
-24
1
-7
18
24
59
83
66
75
73
116
119
101
72
87
104
117
132
125
128
130
71
51
60
62
54
39
49
-25
17
7
-13
-9
-32
-53
-28
-68
-63
-45
-90
-112
-117
-107
-149
-125
-98
-104
-84
-87
-72
-125
-111
-145
-189
-92
-58
-109
-82
-41
-27
-3
5
57
40
59
25
17
36
64
66
65
77
71
107
87
100
149
130
95
107
91
73
70
78
23
-2
-8
-38
-31
-39
-25
-71
-64
-35
-50
-71
-70
-90
-98
-102
-78
-77
-30
-16
-51
-32
-13
30
48
40
67
61
61
96
101
144
114
127
186
145
116
103
95
116
86
71
64
75
110
89
77
36
38
34
-53
-59
-64
-102
-76
-51
-36
-15
-17
-15
22
34
18
53
54
52
35
48
52
27
31
-11
-21
-11
3
19
-16
-40
-38
-59
-46
-62
-69
-49
-5
45
42
73
84
40
79
75
-1
47
71
44
89
43
41
75
9
12
4
36
10
13
55
27
71
21
34
33
-16
-2
-79
-7
13
-7
29
12
2
18
3
-12
-27
2
18
9
-23
24
-7
-3
38
50
33
92
134
143
145
178
175
165
185
152
140
110
152
149
120
70
82
80
88
53
60
81
14
8
47
92
58
40
48
59
62
66
79
6
-5
3
-13
-11
-31
-12
-39
38
23
33
30
13
35
7
12
17
19
0
26
9
-28
-45
-42
17
49
62
93
100
110
149
156
179
190
137
130
188
137
75
98
70
55
76
95
94
108
132
97
85
133
129
138
122
85
66
47
17
-41
-52
-78
-94
-150
-95
-19
-15
2
12
37
33
15
70
99
51
38
-3
-5
-34
-76
-41
-56
-90
-80
-45
-34
-30
-46
-54
-33
-29
22
-16
19
51
25
-4
36
64
58
61
59
36
29
58
51
28
0
35
12
20
33
28
16
38
71
46
26
44
34
60
52
27
37
33
-11
-40
-48
-58
-95
-91
-43
-6
-26
-29
10
52
46
88
84
34
57
40
47
41
78
80
123
100
101
85
108
85
84
52
34
40
-9
50
22
-3
23
25
-24
23
-21
-9
25
-15
-30
-23
9
-3
-22
-8
20
-8
-32
-52
-67
-58
-115
-76
-38
-64
-38
-78
-73
-45
-93
-92
-96
-101
-79
-101
-81
-84
-97
-64
-34
-46
-43
14
-32
-51
-25
-86
-88
-65
-35
-62
-44
-32
-28
11
57
18
40
55
32
-4
-26
-35
-39
-23
-55
-40
-29
24
61
35
45
33
56
12
-30
-26
-3
-52
-39
-5
-38
-2
-12
-21
-27
-35
6
17
3
12
42
28
-17
-10
-9
9
-27
-83
-66
-121
-101
-150
-154
-123
-114
-42
-70
-44
-18
10
17
24
13
-54
-45
-35
-68
-87
-69
1
-27
-9
-29
-17
-2
-13
-12
-26
-35
-21
-38
-23
-43
-38
-18
-54
-95
-52
-11
-90
-138
-108
-165
-159
-182
-147
-154
-135
-87
-94
-49
-23
-12
24
11
13
56
-15
-14
-7
9
-25
-15
-25
-41
-10
-7
-4
35
46
110
123
157
161
145
175
128
84
48
6
7
-14
-62
-64
-48
-71
-72
-100
-78
-135
-106
-94
-122
-91
-105
-126
-95
-60
-78
-58
-64
-38
-32
-43
2
41
63
58
82
86
55
73
41
45
25
12
32
-19
-2
22
78
99
67
104
67
82
91
55
64
56
44
18
36
11
-14
-44
-76
-77
-111
-132
-157
-178
-128
-140
-87
-59
-77
-49
-38
-11
-1
-16
-42
-69
-54
-52
-29
-54
-100
-109
-109
-117
-121
-101
-88
-73
-58
4
-17
13
24
-14
-10
-17
-32
-7
-29
-83
-73
-85
-83
-99
-131
-141
-151
-120
-135
-110
-97
-93
-95
-65
-36
-23
-29
-25
28
26
36
-5
-67
-9
-5
-4
11
17
27
-15
16
38
71
21
-1
17
20
43
9
-9
-58
-64
-60
-1
-47
-89
-83
-43
-42
-32
-17
-12
4
-55
-65
-96
-76
-105
-146
-187
-196
-180
-172
-174
-176
-148
-139
-107
-109
-120
-62
-40
-24
10
23
40
77
131
143
133
97
115
135
78
55
61
107
41
74
82
83
98
141
118
62
92
47
44
18
6
-33
-68
-71
-40
-63
-56
-27
-36
-70
-142
-80
-58
-84
-69
-92
-101
-99
-86
-118
-112
-82
-59
-47
-20
-6
13
3
14
76
38
64
89
75
62
91
105
91
115
131
107
85
56
79
34
19
2
13
3
20
62
64
41
4
22
28
-1
10
7
-17
-13
-35
-1
8
4
30
34
35
35
29
10
31
24
-31
32
30
18
46
30
10
8
56
62
40
12
63
67
43
44
62
97
117
138
133
114
104
90
95
76
61
-15
-56
-125
-181
-190
-174
-165
-172
-99
-75
-46
-28
-53
0
-2
-4
-24
-15
14
40
39
-16
42
50
27
69
71
125
191
129
111
129
64
-41
-7
-18
-45
-19
46
48
47
29
2
-5
-91
-81
-72
-105
-113
-86
-68
-33
-21
3
-5
-11
5
-1
17
18
-9
46
64
41
9
39
83
86
101
117
122
51
68
64
38
54
87
62
38
61
85
138
152
159
136
130
114
65
69
82
82
104
105
114
115
141
93
80
25
11
5
-36
-27
-41
-53
-21
16
67
77
83
73
64
86
112
61
57
95
59
37
28
80
42
93
88
95
115
72
69
79
112
52
100
93
42
47
70
26
17
-2
2
-25
-34
-37
-30
3
2
37
48
94
58
48
18
31
72
83
62
101
139
123
131
133
152
153
159
141
165
213
176
164
164
157
149
129
130
112
90
58
52
74
85
102
48
-27
4
-15
-65
-40
-32
-55
-20
-4
21
-13
-15
4
15
-6
-1
61
29
8
10
26
40
88
86
73
64
107
80
107
92
71
76
49
46
61
14
35
35
19
5
14
11
16
42
53
53
55
83
108
165
133
125
119
73
70
59
71
64
44
24
-15
17
17
36
-11
-18
11
-1
8
22
47
32
20
67
55
38
41
46
92
51
30
87
90
81
96
101
93
104
85
142
138
143
164
208
184
117
124
106
133
73
88
73
41
58
54
76
80
71
108
79
58
66
66
22
36
69
71
73
42
32
-1
-4
35
1
27
36
35
42
3
32
34
13
26
48
61
102
61
53
29
56
78
58
81
50
106
72
84
57
83
128
107
134
119
94
83
112
77
129
99
91
148
127
136
111
129
55
6
50
23
95
84
66
52
35
61
10
0
-24
-64
-62
-64
-15
1
27
63
18
45
72
129
146
136
112
108
166
101
94
143
104
136
70
77
46
13
36
28
67
98
71
4
1
-24
-17
-19
-45
-59
-79
-70
-72
-39
-43
-19
2
-14
14
-3
7
-29
5
48
67
51
-24
-35
-8
0
15
4
45
68
-3
13
40
66
72
26
71
32
0
-21
-8
33
-39
-16
-18
-5
-68
-56
-39
-81
-52
-53
-7
12
7
-13
-34
-29
-26
8
20
14
50
92
36
19
-3
-13
4
-9
2
44
32
45
69
92
65
87
92
99
125
68
96
29
5
22
50
32
10
-2
-17
15
51
99
104
109
66
40
59
53
27
14
31
66
71
58
26
-8
-3
-18
3
-44
-26
-2
-55
-80
-14
17
-10
36
58
11
16
-34
-24
8
-33
-18
7
-13
8
5
-34
-7
-38
-51
-68
-27
-26
-50
-48
-47
-41
-16
5
12
39
55
84
57
70
82
95
72
64
57
41
24
56
76
82
71
28
50
90
67
37
30
10
-6
39
2
-14
-31
-65
-72
-90
-122
-128
-118
-125
-145
-133
-109
-127
-67
-46
-36
-24
-2
50
29
35
54
9
5
22
24
79
63
85
113
92
66
106
106
48
106
100
113
105
99
126
124
91
68
42
26
-6
14
-15
-65
-76
-82
-101
-95
-124
-169
-142
-123
-138
-116
-84
-106
-101
-105
-83
-114
-51
-71
-88
-44
-34
-45
-18
-14
-27
23
30
37
18
89
83
102
174
179
134
106
93
74
50
44
29
19
57
0
17
29
22
-1
-52
-43
-45
-8
-34
-48
-44
-38
-82
-77
-121
-144
-170
-150
-142
-170
-119
-91
-70
-81
-51
-2
-21
-67
-19
-35
-15
3
-48
28
-7
-58
-45
-79
-85
-64
-61
-64
-47
18
-13
-31
-2
1
-1
-20
-12
5
-36
-49
-69
-58
-44
-60
-64
16
24
13
15
39
62
47
41
50
24
42
59
42
32
-39
-36
-59
-118
-102
-121
-99
-104
-97
-122
-113
-101
-136
-102
-134
-104
-65
-59
-81
-57
-55
-101
-66
-72
-55
-22
1
18
26
12
77
114
92
91
116
91
107
102
84
61
21
-50
18
-21
-115
-118
-161
-56
-105
-145
-122
-106
-189
-137
-123
-123
-144
-111
-132
-134
-130
-155
-59
-102
-84
-20
-40
-33
-45
-32
-20
-24
-5
0
-51
-53
-7
3
-24
-12
18
-12
-45
-24
-43
22
26
25
53
50
48
44
51
27
27
13
-40
-41
-45
-30
-60
-51
-51
-84
-46
-21
-25
-68
-37
6
43
25
-12
18
-32
-94
-96
-96
-128
-137
-149
-145
-142
-157
-150
-176
-143
-152
-156
-150
-109
-108
-96
-71
-34
-6
1
-11
20
17
20
-6
-12
49
-10
15
21
-5
44
42
77
73
111
147
111
93
85
59
14
24
-56
-35
-39
-51
-6
-5
-58
-80
-102
-161
-150
-185
-186
-182
-179
-167
-151
-102
-108
-101
-78
-44
-97
-58
-49
-46
-64
-57
42
44
48
62
76
48
83
85
63
76
89
94
103
86
89
72
77
59
22
-62
-1
-27
-56
-72
-49
-38
-84
-86
-120
-139
-160
-106
-144
-153
-164
-135
-76
-171
-113
-78
-75
-65
-77
-35
-24
-9
15
56
72
87
107
94
100
93
83
84
42
42
26
68
31
-9
-43
-55
-26
-58
-66
-94
-90
-92
-93
-75
-150
-137
-64
-93
-86
-73
-59
8
9
-30
-3
-15
-32
5
24
21
63
72
53
117
110
94
82
60
116
100
58
78
64
47
61
78
67
42
36
25
49
34
25
10
8
22
2
14
19
-12
-33
-54
-38
-18
-54
-55
-70
-80
-81
-31
-52
-81
-65
-42
-60
-78
-48
-47
-40
-65
-61
-92
-95
-99
-77
-67
-60
-93
-65
-98
-107
-66
-70
-66
-61
4
-7
3
-21
13
59
2
47
57
64
92
93
80
67
44
82
87
48
28
61
64
14
28
72
65
62
93
22
-30
-32
-18
15
16
-7
-5
1
-4
-26
0
31
8
4
50
-13
20
46
32
4
45
84
59
61
48
105
102
84
78
125
62
50
106
63
63
51
128
111
131
156
165
156
78
87
98
73
50
98
118
47
-9
292
149
-283
111
378
-45
-144
137
90
-15
124
34
-67
96
-10
68
77
-20
90
89
45
114
53
-24
12
-59
-57
8
19
-24
-5
26
36
-36
-57
38
-41
-16
100
50
-44
46
106
5
1
-25
41
70
-12
30
7
-90
-55
36
0
-36
91
122
92
98
161
126
151
122
85
80
37
61
16
34
37
-41
-62
-45
-64
-64
-152
-94
-94
-121
-77
-30
-33
-33
-14
9
11
-12
28
42
76
50
97
123
76
105
108
62
63
100
99
100
103
120
153
132
140
177
90
79
91
52
11
-19
7
-18
-53
-41
-18
26
-18
-28
-41
-25
-7
-28
-24
-40
-65
-75
-30
-8
0
14
5
25
56
31
35
45
72
98
67
91
87
80
76
45
8
19
33
4
1
7
17
-1
27
57
5
15
53
12
2
12
19
-23
-26
0
-17
-3
11
-8
-25
-26
31
64
42
55
15
43
72
-7
44
-2
2
33
-17
3
-50
-58
-66
-94
-145
-111
-160
-115
-101
-128
-94
-74
-30
-17
-14
12
6
-71
-46
-24
42
10
-29
-17
-2
70
28
-2
40
47
37
29
70
-14
27
18
-19
3
-49
-43
-71
-106
-120
-126
-119
-132
-123
-131
-122
-59
-38
-24
-55
-93
-60
-47
-88
-72
-116
-165
-161
-151
-145
-159
-138
-153
-114
-83
-106
-80
-50
-12
-7
-8
9
34
12
63
74
56
69
102
59
38
12
24
4
-13
1
3
21
20
101
61
48
16
9
44
1
-58
-21
-16
-15
-41
0
14
-23
-35
-23
-56
-68
-56
-63
-29
7
2
-4
15
15
10
-7
11
-1
-35
12
8
20
40
-2
31
12
50
24
-7
-14
-71
-7
-23
-74
-77
-60
-89
-117
-85
-118
-168
-122
-121
-119
-68
-57
-99
-101
-72
-137
-157
-100
-140
-171
-128
-151
-160
-173
-119
-90
-77
-48
13
7
-49
7
22
15
-30
2
50
42
22
12
8
-3
-19
-27
-44
-59
-65
-46
-27
-64
-68
1
60
0
-53
-71
-34
-58
-78
-71
-88
-33
-44
-42
-57
-119
-123
-45
-53
-54
-70
-97
-79
-98
-133
-136
-83
-102
-38
-19
-11
-28
-15
-29
0
-52
-71
-67
-48
-11
-38
14
-36
-41
5
-29
-88
-120
-134
-117
-112
-89
-100
-100
-62
-36
-45
-73
-15
1
-3
13
46
20
-11
-29
-22
-31
-38
-27
-56
-69
-131
-31
12
-42
-24
-17
-4
-90
-64
-82
-104
-138
-158
-126
-178
-168
-170
-154
-171
-144
-79
-100
-91
-71
-153
-96
-35
-10
-25
-19
66
37
59
70
116
67
61
67
59
69
35
19
-33
-53
-30
-51
-65
-22
-25
-38
-5
-15
-19
-17
-19
-56
-69
-51
-46
21
-13
3
-20
-33
-49
-32
26
1
21
3
21
18
-1
-19
56
59
70
11
36
36
-4
5
-29
-7
-18
13
-16
-16
39
2
-9
9
-1
-31
-27
-18
-20
27
25
42
21
26
77
47
70
5
27
50
26
4
-4
11
7
28
21
66
47
23
31
36
30
-10
5
-43
-61
-50
-86
-95
-83
-123
-135
-104
-82
-61
-69
-64
-94
-137
-92
-52
-29
-25
-50
-31
-9
-4
27
73
60
98
71
98
109
95
99
107
123
114
131
88
97
117
78
107
91
81
90
120
122
41
46
39
28
16
21
-14
-9
-51
-86
-89
-122
-154
-189
-180
-153
-111
-85
-42
45
21
-21
0
-14
-49
-61
-25
-47
-37
-30
32
41
27
70
69
68
108
137
93
68
86
136
117
72
69
67
72
40
-37
-3
-19
-69
-82
-52
-60
-95
-80
-89
-77
-95
-89
-80
-68
-65
-38
-35
-64
-61
-73
-50
-88
-79
-87
-45
-38
-39
32
36
49
69
57
5
20
36
54
46
28
68
73
27
54
39
26
31
38
16
69
46
13
32
3
23
-10
18
-5
-83
-39
-23
-63
-93
-51
-31
-66
-41
-97
-54
-24
-72
-56
-76
-56
-106
-110
-78
-104
-92
-122
-176
-191
-181
-186
-139
-174
-160
-113
-70
-83
-145
-99
-28
21
30
19
16
2
80
131
114
107
39
36
41
-6
23
37
2
50
16
-20
-10
35
62
29
35
48
31
10
10
-4
-30
-54
-62
-73
-71
-47
-49
-102
-82
-39
-58
-84
-53
-26
-20
-21
-52
-41
-35
-61
-50
-46
-17
-41
-59
-31
-38
-55
-40
-56
-39
-76
-68
-15
-43
-80
-87
-70
-64
-22
-5
-26
-33
-43
-69
-60
-89
-58
-21
-42
13
6
-16
-11
-51
-74
-84
-99
-134
-112
-95
-138
-104
-75
-64
16
-18
-20
52
45
45
48
41
76
77
49
40
60
75
4
15
36
25
55
102
82
13
47
104
92
53
52
60
88
100
139
80
44
63
69
17
-32
-32
-75
-63
-50
-47
-34
-72
-113
-117
-166
-125
-60
-78
-82
-83
-103
-153
-161
-179
-201
-191
-177
-179
-219
-224
-196
-147
-106
-90
-90
-68
-63
-102
-134
-99
-86
-73
-78
-16
-19
-52
29
44
53
75
57
43
77
21
6
14
1
4
36
22
14
23
-14
-21
-64
-45
-67
-101
-67
-83
-111
-61
-94
-90
-111
-134
-108
-80
-93
-131
-100
-134
-84
-89
-103
-81
-90
-58
5
12
15
27
27
21
4
49
23
-2
7
22
47
57
47
48
16
-16
-6
-8
-15
-30
-6
-52
-102
-92
-155
-104
-85
-80
-132
-189
-196
-202
-241
-224
-229
-262
-260
-255
-272
-224
-201
-227
-233
-194
-235
-243
-198
-181
-174
-183
-136
-126
-92
-105
-64
-43
-48
-7
-9
-16
30
50
39
15
13
23
2
0
-1
5
-49
-47
-88
-81
-50
-94
-113
-91
-89
-112
-65
-88
-97
-131
-123
-117
-188
-218
-226
-240
-224
-246
-218
-191
-164
-174
-140
-85
-66
-63
-85
-95
-132
-142
-139
-99
-73
-67
-108
-111
-89
-87
-63
-56
-72
-96
-79
-75
-83
-37
-41
-16
-21
-25
19
-28
-52
-67
-98
-107
-105
-100
-96
-127
-126
-64
-69
-87
-81
-74
-115
-134
-136
-154
-125
-153
-200
-143
-136
-139
-104
-107
-141
-131
-105
-143
-135
-140
-115
-102
-97
-101
-43
8
-6
12
-4
-24
-13
6
-4
-47
-63
-81
-32
-16
-43
-21
-50
-9
5
-57
-31
-106
-105
-158
-160
-158
-237
-139
-124
-130
-159
-187
-142
-181
-203
-180
-179
-191
-214
-184
-165
-162
-126
-128
-150
-147
-154
-131
-88
-67
-84
-125
-73
-118
-98
-58
-43
-17
-56
-26
-29
-32
0
-34
-49
-23
-44
-43
-6
-25
-25
-33
-80
-46
-82
-67
-14
-16
-14
-4
2
-33
-24
-36
-23
-84
-69
-36
-41
-51
-18
-31
-19
-41
-77
-42
-58
-89
-78
-112
-109
-101
-84
-74
-87
-104
-38
-35
-56
-30
-62
-31
-65
-25
4
-5
-4
2
-12
15
17
26
48
-4
-13
3
-36
-50
-19
-37
-49
-38
-41
-50
-72
-95
-85
-76
-97
-123
-150
-146
-105
-148
-143
-123
-144
-146
-135
-136
-93
-117
-144
-76
-100
-110
-85
-75
-85
-102
-83
-116
-109
-110
-115
-66
-100
-117
-132
-147
-121
-137
-77
-95
-51
19
-3
10
45
38
47
104
42
42
33
15
12
65
91
89
104
142
123
145
149
137
139
124
161
104
93
87
34
45
60
32
32
4
10
6
-21
-52
-37
-33
-63
-60
-35
-28
-46
-57
-35
29
19
-4
-33
-77
-28
-13
9
-31
-40
14
-41
-7
-41
-6
-25
-108
-79
-35
-28
-50
-41
-59
-29
-4
-12
-8
-30
-71
-54
-48
-57
-21
-50
-55
-41
5
16
20
4
-11
24
39
19
56
89
100
107
130
173
195
198
258
209
193
180
164
127
154
147
110
44
49
104
72
84
76
65
-18
7
25
-30
-54
-67
-55
-58
-55
-42
-58
-69
-82
-67
-64
-95
-59
-36
-30
-33
5
16
44
34
55
81
47
29
37
93
58
19
77
119
90
116
134
103
79
93
91
97
116
100
102
103
96
86
42
29
42
35
-8
-28
-36
-82
-24
20
25
-22
-32
19
-21
-23
-22
-55
-32
-45
-57
-40
-78
-98
-103
-82
-33
-63
-64
-50
-37
-18
-30
-72
-69
-22
-68
-25
-37
-37
-28
-14
-41
-7
34
8
20
58
77
105
142
131
121
100
166
183
198
189
150
198
193
211
205
191
184
163
144
117
151
105
135
162
111
81
114
105
32
85
64
19
25
4
7
20
20
12
35
27
20
34
24
20
44
61
55
66
56
77
131
157
165
147
129
77
86
69
98
77
24
79
51
40
-17
34
107
67
102
133
133
141
186
196
171
184
175
121
116
127
77
104
86
104
144
86
70
59
2
-44
-58
-91
-49
-62
-15
11
-6
41
33
-2
11
20
-45
-33
-2
-20
-8
37
-12
17
0
29
32
35
80
64
64
56
75
110
63
94
105
132
177
153
140
147
176
136
110
123
132
42
46
64
46
6
3
46
63
42
33
50
67
48
13
17
37
51
31
61
71
33
50
46
58
53
62
29
-27
-3
2
-3
-24
-64
-21
-32
-36
-26
2
26
-17
58
43
30
62
18
43
32
73
83
64
77
83
95
66
61
78
85
43
63
83
84
83
84
96
72
63
49
20
-4
17
42
-10
12
16
61
25
-11
15
34
40
4
12
-14
-38
-39
-23
14
54
70
73
113
116
118
116
92
97
77
106
88
96
76
47
106
107
124
118
140
111
102
105
68
130
93
70
9
-71
-69
-61
-64
-53
-37
-24
-26
-29
-27
-27
-47
-31
4
-18
-10
-7
-45
-80
-97
-78
-67
-56
30
41
38
26
14
62
22
17
33
63
28
37
78
37
46
72
116
101
80
80
77
65
21
50
39
26
17
-7
-1
5
-61
-67
-99
-94
-98
-91
-70
-85
-93
-116
-44
-38
5
19
1
-19
-66
-71
-90
-57
-41
-66
-51
-65
-88
-37
-51
-41
-47
-56
-60
-51
-35
-37
-40
-39
-13
-22
-39
-21
-41
-42
-23
-33
-62
-60
31
-1
-1
-5
3
-15
-3
31
42
32
55
106
94
80
72
66
66
47
43
36
26
-1
2
24
5
-7
-53
-51
-115
-130
-93
-137
-136
-128
-116
-152
-182
-171
-142
-148
-112
-61
-61
-49
-69
-15
5
-22
-23
24
20
-26
11
20
-30
-63
-31
5
-84
-65
-43
-29
-58
-108
-63
-72
-73
-43
-33
-58
-27
-70
-50
-59
-95
-96
-111
-22
-79
-132
-57
50
77
6
18
78
53
63
74
84
55
48
25
-1
39
37
38
6
4
7
20
25
41
24
51
34
18
40
72
8
-21
-36
-15
78
39
55
54
38
15
-24
-43
-19
-14
-21
-29
-1
24
15
-9
10
-12
-22
4
-12
-58
-76
-63
-42
-25
-58
-120
-100
-108
-63
-72
-76
-70
-73
-127
-103
-26
-72
-53
5
-71
-54
27
-19
30
-4
24
85
82
108
83
51
33
25
24
55
61
53
71
61
72
41
26
-10
-24
14
6
-6
-8
-18
3
5
37
37
33
37
35
45
100
49
29
80
-3
3
47
6
30
58
103
39
21
54
85
81
52
121
112
133
115
155
123
92
64
60
58
70
83
50
59
5
16
4
6
34
29
42
32
5
24
62
52
33
39
82
87
40
51
70
76
80
111
141
106
112
119
100
78
69
99
151
123
99
96
104
98
104
76
13
27
78
70
30
11
23
27
23
-16
-19
-22
0
-33
-26
45
8
-17
3
-3
-27
14
-1
15
14
44
53
49
50
71
90
94
69
54
43
13
13
18
46
81
65
53
93
110
94
107
107
101
84
43
83
62
59
29
20
14
2
16
40
56
16
21
17
13
20
75
66
59
67
59
60
19
-7
-47
-92
-116
-77
-33
-115
-106
-75
-44
-38
-10
3
-15
11
64
135
97
83
130
98
106
83
60
147
114
183
141
95
102
99
116
153
200
91
123
113
64
41
48
62
27
3
13
34
6
19
45
60
-6
5
51
3
9
23
1
17
23
8
24
22
16
41
54
70
76
82
56
69
121
91
66
69
55
51
107
133
106
75
51
101
80
84
79
67
109
124
106
60
56
65
100
145
159
188
177
196
206
227
221
216
173
120
139
144
158
136
145
101
94
87
43
57
53
25
67
100
80
72
82
88
80
95
77
61
-3
22
15
25
79
80
99
59
56
98
61
60
60
38
52
51
44
-8
5
25
38
5
0
-24
-25
35
75
84
32
14
33
38
12
43
46
75
69
89
130
78
81
13
72
78
98
117
148
144
131
109
129
88
66
81
-5
15
50
29
-7
0
41
18
-21
37
55
19
67
86
110
96
77
85
83
52
18
43
-25
19
37
55
83
136
139
108
175
162
162
204
176
155
139
112
49
42
78
10
11
6
17
23
26
57
113
93
62
65
71
105
33
60
83
24
7
72
58
19
42
116
101
80
83
84
94
70
127
136
130
148
147
167
114
153
179
120
148
193
152
90
156
172
139
180
157
172
182
111
116
92
80
103
102
125
144
95
63
63
64
77
123
113
126
134
109
111
87
123
121
90
48
68
98
130
139
102
115
118
89
137
154
65
77
89
111
103
115
95
113
100
72
84
9
29
23
-29
-44
-40
17
44
55
72
41
29
9
27
85
59
53
76
104
85
79
104
75
56
41
54
55
10
-18
38
38
30
45
47
68
47
54
44
25
59
39
60
64
31
33
65
67
62
90
88
74
46
96
75
107
184
163
167
214
230
201
184
182
158
178
185
184
116
67
58
48
32
58
46
17
52
25
11
-13
5
-46
-72
-93
-95
-143
-149
-104
-125
-103
-48
-34
-42
-67
-46
-42
-31
41
-29
-9
7
16
12
-7
-16
-48
-87
-81
-68
-116
-108
-110
-124
-124
-122
-102
-74
-83
-45
-39
19
10
16
46
22
2
19
64
42
64
67
58
97
133
215
261
293
238
249
203
227
236
231
263
263
344
302
351
354
326
306
305
316
338
362
346
376
370
354
302
312
286
270
274
308
288
261
256
266
215
248
258
216
217
143
156
109
80
73
24
-43
-91
-123
-199
-242
-250
-267
-313
-322
-369
-407
-404
-494
-487
-467
-517
-558
-518
-507
-531
-541
-548
-575
-648
-645
-624
-647
-617
-573
-535
-528
-478
-431
-429
-410
-357
-311
-294
-265
-228
-181
-158
-104
-41
-23
108
173
216
304
376
475
562
717
828
906
1003
1045
1125
1182
1289
1375
1383
1427
1429
1453
1502
1525
1541
1551
1563
1585
1552
1510
1462
1392
1288
1226
1096
1020
930
840
689
616
516
412
293
166
144
40
-43
-116
-179
-263
-355
-444
-510
-536
-597
-653
-703
-753
-824
-849
-874
-907
-940
-984
-1033
-1060
-1066
-1094
-1160
-1241
-1203
-1198
-1209
-1277
-1341
-1404
-1475
-1468
-1438
-1433
-1445
-1441
-1448
-1372
-1237
-1113
-1005
-935
-857
-689
-499
-306
-160
-15
61
193
358
545
744
784
848
942
1099
1260
1384
1427
1491
1583
1643
1755
1803
1803
1798
1731
1726
1725
1777
1752
1666
1530
1480
1455
1439
1394
1285
1188
1151
1122
1056
1040
978
925
883
830
861
858
838
738
678
633
627
635
609
554
508
504
501
514
420
342
333
212
166
126
90
61
-24
-40
-133
-115
-172
-231
-296
-404
-452
-471
-489
-604
-687
-739
-786
-824
-828
-900
-1006
-1014
-1023
-1080
-1126
-1145
-1198
-1261
-1335
-1380
-1412
-1452
-1429
-1408
-1409
-1428
-1407
-1459
-1442
-1320
-1255
-1171
-1066
-968
-830
-590
-367
-183
-76
10
188
412
558
733
877
1014
1125
1212
1368
1515
1586
1608
1658
1736
1797
1890
1930
1898
1926
1923
1921
1964
1926
1838
1733
1686
1583
1485
1423
1285
1105
970
916
852
780
714
624
548
464
404
411
327
307
272
218
233
231
172
140
94
53
84
62
61
26
-21
-13
-20
1
52
25
24
-9
8
0
-16
-2
8
-2
-26
-17
-57
-60
-60
-72
-106
-130
-104
-82
-87
-94
-127
-158
-191
-232
-321
-364
-393
-448
-490
-555
-595
-706
-788
-915
-955
-978
-1068
-1096
-1159
-1205
-1265
-1231
-1173
-1079
-1002
-951
-905
-804
-590
-482
-400
-304
-145
-86
14
172
275
322
448
543
599
702
759
829
873
920
994
1101
1114
1129
1156
1191
1219
1213
1201
1183
1191
1125
1069
1105
1088
1015
962
945
943
940
928
865
816
791
751
702
689
660
624
561
514
503
439
414
374
299
290
305
335
344
251
276
254
224
214
190
186
154
134
78
69
69
57
17
4
41
51
27
64
60
87
118
127
174
106
133
128
84
46
1
4
-107
-134
-153
-222
-241
-306
-400
-506
-623
-724
-787
-904
-1006
-1092
-1199
-1291
-1378
-1423
-1496
-1571
-1554
-1537
-1489
-1460
-1415
-1330
-1283
-1178
-1012
-966
-866
-737
-608
-484
-333
-181
-58
75
157
261
387
480
595
671
829
964
999
1082
1090
1151
1221
1282
1329
1364
1411
1423
1433
1413
1407
1369
1378
1392
1344
1275
1251
1230
1239
1190
1131
1043
953
912
852
821
686
643
595
551
480
440
447
395
343
319
321
257
219
194
170
174
122
109
99
91
61
35
-1
-94
-97
-123
-127
-137
-162
-166
-142
-102
-96
-41
-63
-60
-41
-82
-100
-142
-204
-222
-213
-249
-313
-351
-396
-405
-404
-487
-555
-563
-646
-734
-795
-920
-970
-1032
-1096
-1103
-1193
-1257
-1291
-1306
-1370
-1411
-1395
-1415
-1423
-1341
-1291
-1233
-1154
-1013
-892
-797
-698
-630
-480
-376
-240
-142
-34
91
228
349
443
532
648
773
826
910
966
1029
1097
1094
1097
1116
1147
1168
1260
1285
1233
1236
1218
1238
1244
1243
1213
1220
1198
1142
1100
1088
1053
972
916
838
782
753
706
687
630
592
543
482
443
397
316
228
167
152
112
15
5
0
-44
-129
-153
-188
-230
-242
-216
-263
-276
-337
-328
-354
-354
-294
-319
-294
-268
-205
-294
-302
-300
-262
-223
-225
-193
-172
-168
-233
-222
-175
-233
-264
-286
-282
-335
-418
-464
-510
-566
-586
-613
-666
-672
-763
-763
-845
-914
-956
-1025
-1066
-1118
-1149
-1173
-1172
-1142
-1195
-1169
-1049
-984
-885
-814
-720
-621
-559
-402
-302
-233
-172
-138
-34
63
120
202
277
299
330
424
508
575
609
687
801
882
924
938
1037
1058
1147
1171
1137
1163
1191
1204
1209
1199
1221
1270
1216
1227
1180
1139
1094
1021
986
940
920
842
783
692
629
593
499
414
381
340
203
110
54
-34
-140
-177
-202
-251
-232
-277
-281
-299
-291
-317
-335
-354
-380
-371
-432
-404
-381
-348
-330
-278
-247
-227
-214
-180
-164
-159
-115
-106
-67
-91
-72
-69
-4
-31
-59
-42
-92
-124
-155
-199
-255
-281
-362
-376
-403
-452
-470
-506
-535
-615
-707
-712
-755
-794
-844
-887
-872
-906
-902
-884
-863
-854
-814
-773
-729
-698
-618
-586
-531
-433
-374
-284
-214
-137
-44
61
175
206
258
345
447
538
629
710
732
780
845
889
915
942
1017
1029
1084
1170
1120
1119
1140
1156
1155
1111
1091
1122
1052
990
971
898
852
768
778
723
651
615
589
538
474
429
378
317
217
190
94
46
-22
-61
-127
-151
-244
-271
-290
-342
-324
-328
-303
-339
-335
-354
-391
-361
-355
-402
-384
-356
-343
-293
-273
-247
-229
-226
-158
-179
-168
-179
-163
-125
-114
-82
-89
-10
-13
-48
-43
2
-38
-68
-66
-111
-132
-170
-167
-247
-305
-348
-388
-372
-409
-442
-466
-565
-596
-632
-692
-696
-728
-759
-767
-734
-705
-664
-636
-572
-517
-480
-454
-372
-314
-314
-305
-249
-179
-144
-42
-12
60
42
104
162
222
358
518
971
724
3
453
992
778
489
581
769
766
840
727
618
572
706
927
1437
1803
837
-165
684
1582
1189
626
647
771
800
1096
1162
-53
-681
710
1669
1449
550
-305
-394
498
1015
650
454
76
-73
115
197
155
-263
-476
-272
186
653
-174
-805
-717
-291
747
644
166
-132
-266
-115
-25
505
621
222
-350
-435
196
53
-175
4
-234
-189
-62
-219
-708
-1041
-400
-214
-510
-612
-783
-1048
-1194
-1261
-1407
-1335
-1410
-1706
-1721
-1667
-1975
-2022
-2101
-2273
-1949
-1563
-1611
-1758
-1672
-1286
-872
-618
-624
-519
65
402
628
818
983
1122
1245
1442
1674
1997
2052
1945
1869
1964
2228
2428
2157
1921
1849
1753
1737
1657
1486
1226
1184
984
676
608
605
269
11
10
118
228
61
-224
-414
-175
179
115
-135
-142
8
-49
169
279
244
346
300
283
459
646
549
494
397
509
491
393
339
306
451
215
-36
-16
341
22
-640
-651
-394
-127
-458
-969
-1171
-1219
-1081
-1068
-1010
-1100
-1339
-1435
-1704
-1383
-1231
-1519
-1859
-2034
-1742
-1702
-1847
-2142
-2536
-2459
-2249
-2181
-2424
-2823
-3332
-3193
-2063
-1594
-2198
-3264
-3755
-2863
-1507
-926
-1421
-2111
-1990
-1028
-103
19
-102
13
556
1433
1962
1923
1695
1683
2069
2821
3539
3478
2770
2245
2489
3347
3811
3485
2597
1974
2059
2496
2512
1935
1416
1098
974
864
564
236
-12
-185
-321
-496
-657
-816
-1051
-1081
-873
-729
-764
-977
-1148
-1001
-570
-398
-409
-455
-264
82
130
-13
118
391
630
624
486
390
475
793
906
896
698
235
91
398
647
470
-149
-392
-446
-466
-554
-832
-1187
-1364
-1192
-1212
-1409
-1688
-1990
-1938
-1849
-1905
-2109
-2426
-2539
-2499
-2414
-2431
-2665
-3075
-3332
-3366
-3360
-3466
-3875
-3745
-2744
-2367
-2946
-4039
-4434
-2914
-922
-672
-1924
-2740
-1917
-168
784
352
-126
556
1666
2524
2556
2209
2321
2689
3383
4053
4256
3864
3171
3128
3795
4618
4511
3511
2600
2208
2759
3202
2727
1750
1179
1272
1237
958
400
-82
-162
-219
-410
-705
-943
-1136
-1261
-1162
-958
-806
-1009
-1451
-1400
-872
-290
-289
-740
-758
-370
102
313
244
155
334
611
706
777
705
631
702
624
720
744
454
266
250
243
93
-183
-520
-768
-867
-841
-989
-1479
-1966
-2081
-1995
-2089
-2402
-2681
-2874
-2945
-3146
-3431
-3553
-3791
-3960
-4167
-4481
-4829
-4926
-3946
-3068
-3627
-4874
-5600
-4547
-2243
-1307
-2466
-3720
-3057
-998
457
180
-556
93
1473
2596
2954
2542
2482
2986
3872
4756
5052
4614
3960
3944
4653
5514
5560
4558
3594
3158
3655
4177
3759
2631
1858
2019
2202
1855
937
325
352
443
157
-455
-850
-881
-965
-1148
-1120
-960
-1084
-1364
-1387
-1013
-664
-675
-940
-899
-553
-161
67
-44
-58
133
327
476
542
560
664
749
601
417
426
582
614
232
-145
-199
-137
-295
-691
-1043
-1125
-1166
-1418
-2004
-2354
-2466
-2554
-2692
-2918
-3336
-3744
-3890
-4068
-4252
-4467
-4787
-5220
-4819
-3712
-3573
-4673
-5834
-5622
-3548
-1746
-2083
-3691
-4068
-2223
-95
361
-608
-869
435
2048
2834
2455
2093
2545
3432
4371
4768
4529
4094
3986
4511
5270
5633
5140
4203
3826
4088
4564
4389
3448
2615
2565
2950
2809
1863
938
831
1157
1030
362
-283
-421
-336
-475
-734
-844
-831
-982
-1170
-1175
-973
-898
-1099
-1207
-1071
-798
-481
-509
-683
-606
-323
-60
-1
-12
42
284
359
142
10
107
249
133
-222
-424
-439
-363
-601
-1004
-1213
-1286
-1419
-1825
-2025
-2188
-2421
-2693
-3012
-3206
-3445
-3725
-4046
-4397
-4666
-5063
-4900
-4000
-3803
-4617
-5757
-6001
-4273
-2316
-2322
-3751
-4261
-2866
-765
81
-844
-1201
111
1843
2832
2478
2019
2510
3474
4413
4634
4404
4146
4308
4819
5296
5430
5020
4483
4178
4166
4491
4353
3490
2780
2586
2812
2695
1906
1008
801
1085
947
264
-440
-512
-301
-509
-936
-1085
-941
-919
-1156
-1256
-1027
-751
-837
-1058
-995
-720
-392
-402
-548
-577
-389
-154
-142
-160
-123
105
185
-104
-220
-186
-20
-96
-377
-536
-640
-661
-857
-1091
-1270
-1142
-1253
-1834
-2069
-1982
-1899
-2119
-2468
-2883
-3006
-2950
-3135
-3506
-3784
-4049
-4333
-3603
-2673
-3218
-4408
-5261
-4486
-2318
-1335
-2510
-3916
-3388
-1453
178
-6
-1121
-763
613
1913
2337
1781
1716
2205
3087
3871
3858
3573
3460
3805
4261
4648
4645
4077
3496
3234
3686
4036
3442
2444
1894
2219
2567
2077
983
348
635
920
648
-47
-523
-440
-508
-697
-821
-712
-786
-1064
-1107
-994
-707
-680
-901
-912
-622
-311
-119
-260
-422
-115
201
270
218
67
133
356
388
173
-63
-82
-140
-373
-629
-738
-757
-1065
-1441
-1707
-1722
-1608
-2025
-2546
-2655
-2516
-2609
-3054
-3332
-3421
-3427
-3491
-3804
-4138
-4268
-3921
-2958
-2800
-3624
-4544
-4484
-2825
-1286
-1553
-2770
-2966
-1563
12
494
-132
-293
750
1853
2513
2448
2123
2244
2943
3701
3877
3582
3220
3260
3660
3975
3992
3621
3008
2618
2495
2727
2850
2169
1233
895
1286
1371
804
-25
-334
-110
-162
-442
-806
-956
-920
-1028
-1115
-965
-833
-881
-993
-895
-607
-380
-401
-494
-381
-108
192
285
285
325
367
604
784
715
581
668
716
494
380
244
233
148
-252
-523
-607
-684
-890
-1204
-1428
-1531
-1736
-2005
-2211
-2467
-2703
-2816
-2996
-3156
-3470
-3680
-3637
-3761
-4077
-4284
-3620
-2688
-3007
-4108
-4855
-3927
-1750
-999
-2026
-3057
-2340
-554
711
480
-321
182
1493
2424
2571
2174
2283
2896
3492
3980
3825
3460
3364
3658
4001
4094
3935
3490
3081
2774
2868
2996
2573
1874
1430
1404
1495
1132
337
6
152
54
-444
-751
-733
-664
-842
-1262
-1305
-974
-865
-1019
-1173
-1008
-621
-479
-420
-343
-155
73
229
284
303
420
588
773
759
644
752
922
747
513
355
366
350
-12
-429
-596
-499
-665
-1101
-1546
-1794
-1750
-2022
-2406
-2639
-2877
-3069
-3283
-3501
-3727
-3838
-4054
-4220
-4276
-4055
-3166
-3007
-3903
-4619
-4415
-2673
-1211
-1752
-2954
-2854
-1232
367
545
-367
-313
1061
2276
2614
2174
2066
2812
3537
3944
3762
3494
3577
3879
4178
4123
3926
3778
3614
3315
2955
2943
2884
2474
1729
1348
1550
1440
870
94
-127
107
-53
-576
-999
-987
-933
-1134
-1441
-1416
-1094
-1023
-1100
-1127
-1043
-712
-639
-556
-255
-77
18
72
141
336
655
766
789
767
665
853
995
843
693
539
566
451
55
-212
-363
-509
-697
-1166
-1589
-1759
-1942
-2214
-2574
-2803
-2916
-3198
-3662
-3888
-3887
-3938
-4156
-4598
-4971
-4226
-3010
-3170
-4254
-5077
-4437
-2381
-1208
-2068
-3206
-2695
-719
667
379
-415
31
1560
2803
2924
2279
2304
3090
3972
4408
4055
3715
3903
4340
4547
4397
4069
3790
3743
3454
3063
2940
2669
2240
1879
1618
1478
1208
648
184
128
37
-289
-630
-807
-727
-887
-1268
-1460
-1199
-907
-920
-1151
-1236
-956
-747
-740
-630
-433
-83
168
102
38
164
488
655
611
402
384
549
584
486
312
185
104
-100
-404
-585
-624
-679
-1068
-1613
-1694
-1680
-2026
-2379
-2597
-2796
-2890
-3088
-3560
-3734
-3708
-3931
-4205
-4311
-4115
-3244
-2853
-3756
-4579
-4361
-2666
-1129
-1614
-2830
-2783
-1111
581
656
-343
-256
1201
2403
2687
2325
2132
2809
3564
3897
3870
3565
3509
3911
4315
4285
3842
3564
3602
3614
3215
2862
2810
2546
2026
1622
1609
1604
1010
273
12
127
13
-433
-783
-789
-675
-960
-1302
-1208
-1021
-1010
-1092
-1139
-909
-671
-755
-642
-332
-121
-18
-8
125
282
327
470
694
706
634
685
734
655
499
387
387
320
-121
-537
-714
-718
-843
-1331
-1745
-1947
-2130
-2325
-2572
-2949
-3091
-3330
-3488
-3438
-3775
-4115
-4287
-4323
-4255
-3780
-3035
-3091
-3765
-4353
-3814
-1968
-917
-1547
-2537
-1988
-68
1084
711
49
680
2233
3026
2809
2398
2709
3498
3980
4115
3857
3607
3722
4057
4208
3914
3532
3318
3355
3179
2798
2474
2244
2020
1615
1342
1200
847
305
-49
8
43
-411
-901
-957
-616
-640
-1118
-1339
-1060
-702
-738
-941
-851
-529
-349
-354
-335
-126
221
436
497
454
491
757
982
1038
933
877
973
1024
826
583
456
461
419
40
-283
-493
-609
-878
-1245
-1486
-1820
-2107
-2325
-2545
-2731
-2969
-3292
-3467
-3545
-3622
-3842
-4082
-4234
-4355
-4124
-3146
-2638
-3357
-4254
-4190
-2487
-620
-768
-2078
-2239
-638
1210
1567
651
466
1841
3234
3556
2988
2689
3383
4248
4640
4357
3814
3751
4191
4534
4256
3614
3310
3290
3240
2752
2214
1943
1790
1433
1047
782
475
73
-399
-581
-515
-763
-1239
-1399
-1149
-961
-1251
-1616
-1527
-1107
-921
-950
-1001
-770
-389
-228
-165
75
394
701
867
910
1046
1223
1467
1581
1522
1467
1522
1527
1494
1297
990
839
801
646
230
-123
-450
-739
-1021
-1310
-1538
-1941
-2334
-2521
-2835
-3070
-3297
-3622
-3795
-3825
-4008
-4344
-4549
-4671
-4648
-4302
-3349
-2969
-3923
-4705
-4304
-2401
-657
-1094
-2483
-2461
-603
1191
1375
492
553
2001
3194
3342
2883
2821
3598
4352
4570
4260
3734
3748
4354
4720
4345
3585
3267
3404
3410
2924
2414
2080
1753
1352
1069
1012
825
203
-389
-515
-272
-544
-1153
-1340
-1110
-888
-1262
-1606
-1517
-1031
-847
-945
-1001
-823
-388
-122
-10
112
249
561
827
958
1021
1145
1437
1580
1438
1346
1554
1728
1578
1302
1081
1086
1044
718
362
94
-105
-375
-750
-1062
-1314
-1598
-1937
-2280
-2645
-2944
-3109
-3415
-3544
-3714
-3964
-4073
-4282
-4362
-4320
-4283
-3834
-3057
-3089
-3976
-4492
-3725
-1719
-654
-1671
-2832
-2149
-55
1286
801
-47
458
1970
2970
2886
2577
2808
3459
3997
4228
3969
3697
3841
4255
4434
4022
3426
3423
3527
3387
2843
2504
2347
1914
1472
1221
1302
1063
246
-283
-82
187
-222
-890
-1097
-832
-803
-1208
-1348
-1059
-834
-950
-1175
-1032
-561
-256
-267
-336
-248
-36
366
702
778
710
820
1133
1372
1269
1160
1336
1499
1358
1020
808
911
878
453
174
54
-157
-515
-789
-888
-1169
-1680
-2053
-2143
-2228
-2436
-2759
-3032
-3206
-3306
-3496
-3633
-3705
-3843
-4123
-4305
-3642
-2747
-2959
-3893
-4324
-3476
-1506
-776
-1994
-2968
-2066
-5
988
328
-581
38
1774
2666
2419
1754
1930
2919
3662
3787
3222
2890
3282
3967
4124
3583
3026
3016
3306
3223
2644
2307
2233
1897
1579
1495
1522
1237
541
154
462
661
162
-455
-568
-301
-234
-557
-739
-575
-491
-528
-611
-458
-126
-14
-31
-42
-54
141
490
572
521
455
510
840
942
633
533
594
650
501
218
188
310
156
-222
-463
-493
-538
-838
-1152
-1278
-1415
-1685
-1956
-2057
-2194
-2344
-2583
-2843
-2911
-2954
-2908
-2962
-3241
-3526
-3723
-3244
-2171
-2144
-3186
-3942
-3466
-1652
-488
-1390
-2653
-2291
-491
758
432
-552
-374
1054
2080
2024
1474
1502
2238
2951
3197
2888
2465
2629
3220
3598
3259
2638
2530
2849
3015
2535
2055
1981
1960
1587
1277
1270
1180
808
250
167
456
304
-132
-423
-282
-180
-483
-632
-429
-283
-489
-744
-715
-369
-146
-215
-298
-200
-46
132
273
302
211
293
546
755
645
400
513
742
816
503
265
334
266
95
-134
-201
-203
-471
-791
-999
-894
-987
-1432
-1727
-1726
-1677
-1814
-2111
-2273
-2309
-2216
-2218
-2480
-2793
-2924
-2858
-2815
-2432
-1779
-2047
-2953
-3305
-2739
-1122
-431
-1562
-2676
-2061
-234
636
22
-874
-379
955
1575
1381
1031
1321
1929
2312
2439
2175
2050
2328
2787
3004
2625
2277
2272
2628
2574
2096
1848
1739
1720
1497
1267
1290
1211
727
429
642
718
403
3
-176
7
99
-166
-209
-53
-47
-203
-371
-240
51
133
24
-8
76
265
411
522
539
514
548
683
758
621
619
657
643
528
338
279
372
346
100
-112
-235
-356
-504
-647
-661
-782
-1178
-1427
-1337
-1239
-1247
-1543
-1862
-1864
-1695
-1750
-1971
-2044
-2123
-2265
-2325
-2582
-2653
-1848
-1189
-1829
-2967
-3345
-2246
-511
-449
-1956
-2576
-1440
149
408
-526
-887
89
1142
1361
984
864
1314
1795
2096
2155
1938
1810
2190
2647
2650
2268
2126
2304
2468
2101
1663
1730
1825
1593
1220
1169
1199
950
501
452
760
556
78
-147
59
243
-33
-355
-377
-125
6
-52
-158
-143
23
130
248
337
240
300
570
755
713
600
601
730
776
665
681
735
726
603
512
559
514
294
-4
-47
14
-102
-355
-547
-575
-697
-890
-1064
-1196
-1238
-1391
-1472
-1444
-1519
-1632
-1711
-1787
-1847
-2041
-2087
-2042
-2064
-2394
-2390
-1640
-1433
-2184
-3066
-2962
-1625
-565
-1305
-2552
-2414
-971
105
-102
-921
-822
221
923
1015
773
807
1250
1765
2025
1899
1681
1791
2353
2741
2529
2091
2136
2452
2568
2213
1987
2053
1970
1732
1651
1832
1639
1066
728
1019
1293
831
160
39
408
476
103
-201
-154
6
13
-72
-144
-121
-36
0
91
58
38
188
381
389
284
279
493
733
541
330
448
633
574
385
341
426
375
129
-75
-84
58
14
-144
-231
-440
-560
-583
-592
-621
-734
-947
-1014
-963
-962
-1039
-1114
-1206
-1373
-1482
-1604
-1723
-1960
-2107
-2213
-1949
-1319
-1610
-2490
-3002
-2573
-1296
-789
-1737
-2693
-2211
-861
-166
-565
-1172
-838
165
647
689
574
754
1132
1540
1891
1816
1687
1820
2328
2712
2456
2112
2248
2601
2674
2228
2020
2154
2118
1850
1762
1876
1649
987
628
964
1173
728
49
-142
102
201
-157
-411
-280
-311
-463
-517
-417
-351
-413
-423
-271
-233
-295
-193
89
201
60
31
279
566
475
333
434
675
661
427
445
672
713
512
430
428
499
318
159
246
291
106
-177
-285
-320
-299
-414
-560
-674
-861
-1041
-1056
-1114
-1328
-1570
-1719
-1736
-1848
-2107
-2413
-2575
-2210
-1644
-2030
-2958
-3389
-2858
-1514
-1094
-2155
-2984
-2279
-867
-242
-794
-1257
-739
214
778
879
792
972
1395
1796
2132
2133
2009
2253
2792
2962
2620
2401
2592
2938
2811
2450
2367
2417
2232
1924
1941
2022
1638
912
689
992
936
413
-140
-173
63
-57
-479
-627
-573
-581
-601
-705
-679
-691
-684
-619
-447
-490
-548
-362
-128
-108
-266
-149
229
429
286
234
515
786
829
718
784
986
979
891
895
972
914
781
716
694
671
507
407
340
195
-41
-258
-293
-428
-591
-799
-1002
-1145
-1395
-1536
-1606
-1734
-1977
-2242
-2401
-2579
-2834
-2678
-2223
-2358
-3123
-3623
-3073
-1838
-1423
-2271
-3015
-2337
-1027
-466
-855
-1218
-769
271
864
909
854
1016
1518
2097
2474
2355
2151
2496
3018
3192
2943
2735
2940
3218
3062
2660
2583
2595
2470
2128
2007
1993
1547
1052
858
986
928
402
-103
-174
-23
-194
-555
-759
-794
-787
-843
-927
-939
-960
-926
-720
-619
-613
-586
-370
-84
-36
-80
-2
363
609
587
600
772
1006
1058
1089
1161
1210
1159
1096
1156
1251
1200
925
832
898
898
752
543
380
189
53
-26
-211
-463
-737
-833
-947
-1154
-1421
-1643
-1751
-1871
-2142
-2410
-2541
-2543
-2724
-2946
-2705
-2377
-2580
-3243
-3542
-2989
-1969
-1653
-2280
-2752
-2143
-1030
-448
-598
-816
-416
364
933
1185
1228
1438
1750
2215
2515
2477
2480
2815
3171
3209
2945
2914
3130
3241
3054
2646
2507
2497
2326
2066
1955
1785
1317
804
677
863
658
44
-474
-539
-383
-523
-819
-1088
-1125
-1070
-1028
-1106
-1162
-1141
-1036
-852
-800
-855
-770
-406
-65
-136
-184
9
398
616
568
611
897
1171
1128
1102
1237
1339
1310
1252
1229
1228
1185
1049
1009
965
812
608
452
247
171
-44
-223
-342
-605
-875
-1007
-1095
-1254
-1521
-1817
-1941
-2012
-2120
-2272
-2460
-2754
-2938
-3111
-2968
-2478
-2382
-2877
-3377
-3248
-2361
-1580
-1721
-2314
-2281
-1437
-579
-399
-588
-400
293
831
1090
1264
1460
1794
2073
2432
2641
2621
2706
3073
3351
3285
3097
3100
3261
3221
2839
2619
2567
2417
2094
1825
1673
1402
937
615
611
607
178
-389
-569
-383
-424
-807
-1086
-1063
-989
-1015
-1079
-1132
-1085
-1006
-914
-721
-665
-674
-572
-325
-43
37
87
320
617
693
718
903
1149
1284
1240
1200
1286
1342
1328
1316
1274
1202
1007
883
865
778
578
339
201
118
-109
-390
-575
-615
-757
-1073
-1303
-1452
-1571
-1599
-1641
-1887
-2095
-2224
-2274
-2341
-2497
-2722
-2872
-2806
-2379
-2123
-2528
-3032
-3003
-2191
-1359
-1430
-2080
-2153
-1171
-252
-75
-401
-372
295
1008
1381
1456
1558
1785
2099
2494
2605
2527
2553
2773
3076
3028
2814
2705
2753
2777
2461
2163
2150
2037
1650
1314
1276
1211
707
175
51
198
113
-426
-909
-937
-760
-787
-996
-1068
-1129
-1130
-1067
-891
-750
-803
-832
-619
-348
-280
-218
-16
266
400
384
548
817
958
1033
1107
1267
1346
1314
1303
1430
1546
1419
1254
1208
1233
1150
938
804
717
544
343
249
139
-101
-416
-545
-574
-719
-1037
-1278
-1302
-1381
-1600
-1765
-1892
-1972
-2013
-2167
-2237
-2322
-2435
-2556
-2560
-2467
-2192
-1980
-2212
-2576
-2584
-2052
-1254
-1045
-1511
-1682
-1104
-337
-32
-200
-161
309
859
1188
1239
1377
1581
1834
2068
2250
2203
2095
2235
2559
2601
2304
2176
2221
2258
2025
1714
1638
1534
1253
1004
948
962
583
83
40
218
82
-352
-650
-572
-441
-604
-827
-873
-821
-775
-696
-678
-676
-661
-567
-344
-189
-137
-91
90
365
489
513
655
937
1005
944
1031
1174
1261
1228
1211
1289
1410
1281
1146
1142
1219
1120
845
634
578
547
407
210
12
-150
-335
-480
-642
-788
-960
-1131
-1190
-1234
-1426
-1542
-1587
-1659
-1788
-1828
-1833
-1930
-1999
-2078
-2136
-2157
-2156
-2140
-1738
-1542
-1877
-2168
-2062
-1305
-598
-863
-1405
-1312
-562
137
269
-44
-33
475
988
1286
1307
1335
1456
1675
1914
2032
1904
1914
2206
2381
2252
2012
1991
2143
2194
1984
1693
1550
1426
1272
1164
1184
948
488
261
371
509
290
-157
-373
-217
-154
-374
-580
-627
-551
-467
-489
-581
-543
-466
-340
-198
-127
-125
-13
209
407
445
529
687
862
907
877
982
1140
1240
1102
1072
1187
1282
1165
1106
1098
1013
957
734
661
576
479
321
125
-7
-183
-260
-320
-392
-617
-832
-932
-907
-970
-1106
-1202
-1295
-1348
-1439
-1463
-1581
-1643
-1702
-1781
-1845
-1933
-2009
-2030
-1962
-1585
-1502
-1898
-2190
-1987
-1267
-707
-1022
-1598
-1391
-666
-167
-81
-223
-95
369
736
928
1038
1135
1333
1580
1746
1851
1856
1985
2297
2432
2256
2062
2185
2300
2183
1829
1684
1667
1538
1248
1163
1280
974
454
158
299
357
2
-437
-519
-398
-424
-730
-983
-940
-858
-839
-832
-795
-861
-753
-491
-293
-266
-258
-48
337
452
389
436
688
972
1040
1047
1164
1374
1434
1482
1506
1591
1588
1524
1522
1538
1433
1235
1124
1030
905
750
570
425
257
84
-60
-203
-352
-491
-639
-695
-892
-1089
-1182
-1231
-1288
-1446
-1634
-1831
-1829
-1856
-1981
-2100
-2206
-2233
-2213
-2272
-2375
-2271
-1911
-1684
-1933
-2170
-1999
-1314
-713
-899
-1198
-927
-270
166
255
227
431
866
1171
1438
1638
1716
1834
2052
2308
2440
2294
2331
2513
2657
2506
2199
2179
2255
2113
1758
1515
1352
1084
865
757
712
396
-137
-354
-264
-175
-520
-891
-1036
-982
-856
-934
-969
-952
-927
-774
-617
-509
-448
-337
-108
144
339
402
659
963
1076
1189
1279
1518
1723
1771
1804
1849
1919
1914
1895
1914
1859
1665
1460
1398
1370
1243
1044
811
666
467
273
113
-104
-347
-622
-772
-928
-1068
-1228
-1385
-1457
-1523
-1674
-1800
-1831
-1869
-1950
-2065
-2073
-1964
-1938
-1992
-2070
-1992
-1930
-1894
-1783
-1777
-1783
-1750
-1414
-934
-1023
-1333
-1259
-746
19
116
-306
-392
267
910
991
825
772
1120
1534
1788
1897
1808
1721
1924
2187
2299
2077
1771
1921
2156
1984
1553
1376
1451
1339
1036
723
642
502
230
104
87
-11
-287
-672
-692
-425
-427
-730
-844
-775
-587
-479
-455
-337
-312
-300
-42
262
457
480
563
763
1027
1114
1226
1459
1534
1586
1614
1744
1933
1953
1753
1658
1675
1613
1492
1343
1263
1190
931
706
653
497
338
139
-99
-289
-494
-704
-803
-919
-1164
-1381
-1486
-1576
-1674
-1784
-1902
-1943
-1958
-1975
-1923
-1822
-1811
-1844
-1825
-1696
-1617
-1599
-1534
-1459
-1357
-1272
-1256
-1165
-1037
-971
-848
-504
-197
-403
-726
-600
-12
565
414
-52
49
574
925
908
715
703
955
1158
1235
1312
1221
1226
1276
1437
1494
1232
1060
1176
1277
1112
819
759
833
780
521
283
247
223
82
-17
-10
-57
-188
-241
-212
-194
-268
-325
-171
-96
-162
-216
-114
84
159
112
143
339
569
661
720
823
903
981
1098
1217
1214
1178
1228
1298
1312
1228
1182
1225
1147
980
764
646
552
458
316
66
-92
-286
-437
-545
-720
-872
-1032
-1136
-1275
-1433
-1540
-1560
-1601
-1634
-1737
-1803
-1724
-1626
-1605
-1656
-1627
-1565
-1437
-1384
-1307
-1237
-1213
-1132
-1024
-1009
-1011
-926
-859
-771
-699
-750
-705
-726
-496
-106
-299
-653
-730
-369
216
243
-216
-439
-44
474
519
362
292
512
769
825
912
848
796
896
1063
1174
1022
815
937
1148
1107
855
707
803
878
763
534
498
459
224
118
163
201
103
-54
-11
112
67
-73
9
105
102
85
51
154
234
210
216
345
413
380
385
427
548
541
500
558
607
529
532
589
594
533
357
279
241
188
41
-72
-160
-283
-449
-508
-511
-586
-685
-813
-874
-902
-915
-923
-903
-983
-1013
-1097
-1089
-1047
-1081
-1068
-1041
-998
-962
-914
-915
-839
-730
-734
-729
-661
-627
-639
-595
-585
-582
-534
-511
-491
-482
-496
-572
-570
-550
-445
-245
-359
-714
-829
-561
-158
-29
-381
-543
-240
77
229
63
-62
107
361
458
516
518
427
552
692
799
715
559
633
828
882
695
626
718
784
710
603
649
703
640
602
614
603
539
425
368
448
322
159
203
283
229
58
-15
77
85
32
-47
-137
-72
-184
-198
-127
-82
-154
-241
-224
-201
-256
-298
-265
-204
-193
-401
-371
-287
-274
-328
-402
-366
-401
-410
-424
-349
-299
-345
-369
-317
-280
-266
-304
-271
-153
-186
-243
-255
-141
-144
-146
-175
-190
-150
-260
-240
-229
-269
-353
-476
-502
-475
-454
-565
-640
-667
-703
-781
-838
-838
-941
-1010
-1129
-1166
-1201
-1184
-1039
-934
-1107
-1382
-1281
-923
-550
-575
-881
-804
-412
-164
-54
-102
61
305
463
520
630
735
807
974
1132
1182
1068
1092
1257
1405
1335
1208
1180
1293
1362
1178
945
990
931
713
527
498
419
183
34
-4
-37
-265
-480
-581
-550
-645
-805
-876
-881
-891
-981
-955
-882
-901
-1000
-981
-866
-791
-806
-776
-574
-456
-437
-295
-125
-21
66
68
184
461
554
511
534
690
762
744
707
796
820
792
836
800
708
559
548
535
503
335
161
107
55
-102
-341
-470
-582
-716
-853
-959
-1073
-1108
-1167
-1226
-1269
-1263
-1285
-1296
-1239
-1222
-1261
-1308
-1251
-1136
-1070
-1078
-1059
-1018
-992
-922
-717
-562
-666
-719
-589
-176
161
127
-11
111
454
719
748
639
696
790
918
965
983
940
869
914
1053
1090
977
857
916
996
886
741
678
691
595
445
312
263
139
-77
-139
-144
-260
-534
-676
-612
-570
-726
-867
-884
-822
-814
-871
-902
-867
-814
-784
-662
-587
-566
-485
-374
-209
-95
-20
132
337
516
642
726
843
985
1008
1082
1175
1234
1203
1173
1162
1127
1031
975
953
904
793
625
481
351
317
156
40
-70
-262
-374
-512
-605
-730
-816
-930
-1030
-1058
-1184
-1257
-1290
-1282
-1173
-1181
-1140
-1149
-1110
-1036
-961
-916
-828
-767
-690
-589
-546
-496
-408
-291
-312
-247
-193
-181
-91
20
22
-75
-126
-29
220
256
94
27
153
305
356
321
237
244
295
357
404
383
278
293
357
423
377
303
329
354
328
230
245
225
176
89
22
10
-19
-74
-45
-97
-209
-272
-296
-251
-242
-308
-372
-366
-278
-238
-211
-176
-182
-142
-121
-18
19
86
220
322
419
432
482
609
704
713
753
735
752
765
763
749
711
689
614
576
566
506
378
271
276
157
50
-28
-117
-189
-302
-401
-523
-554
-700
-804
-814
-788
-841
-913
-933
-902
-875
-834
-796
-853
-811
-724
-651
-548
-506
-432
-326
-280
-223
-144
-71
-52
1
1
-3
7
30
42
18
6
2
5
-21
-75
-93
-100
-201
-337
-407
-367
-289
-332
-407
-449
-394
-328
-296
-326
-285
-236
-211
-138
-62
38
19
54
143
222
311
329
379
464
481
457
481
523
543
555
576
507
481
523
619
653
559
462
401
483
557
550
450
367
412
412
357
321
291
300
282
351
410
347
363
387
427
379
361
355
345
317
312
278
273
294
184
132
59
27
-36
-115
-134
-167
-244
-335
-359
-343
-358
-422
-459
-459
-498
-493
-483
-509
-527
-501
-440
-434
-408
-398
-320
-261
-202
-172
-106
22
58
84
124
161
214
223
216
209
219
216
192
187
201
99
38
6
-137
-158
-199
-231
-283
-399
-484
-558
-603
-661
-721
-775
-739
-757
-801
-810
-765
-655
-541
-464
-438
-349
-228
-95
2
134
239
321
482
626
712
788
785
885
1022
1088
1086
1023
1031
1079
1089
1058
1096
1024
946
856
802
764
662
586
493
399
362
226
104
47
9
-78
-117
-184
-230
-238
-237
-267
-317
-313
-325
-314
-336
-351
-351
-301
-323
-299
-293
-263
-216
-208
-206
-180
-71
-53
-74
-1
78
129
82
113
140
135
162
195
166
162
134
149
206
205
206
179
144
134
139
113
123
111
90
22
-14
-15
-23
-61
-136
-195
-220
-280
-295
-310
-379
-389
-438
-463
-469
-555
-585
-544
-577
-566
-632
-660
-625
-594
-541
-530
-508
-495
-391
-296
-270
-245
-201
-96
29
155
179
229
273
416
504
535
589
600
662
778
826
848
878
864
859
871
823
758
720
706
620
537
487
380
375
296
236
144
78
27
-79
-88
-176
-245
-323
-378
-375
-350
-375
-434
-456
-479
-412
-361
-406
-388
-343
-261
-190
-189
-191
-74
61
182
240
217
251
342
402
447
460
479
426
468
579
672
611
652
681
379
308
277
235
335
226
-50
-64
-12
17
81
-63
-357
-439
-337
-299
-296
-395
-588
-576
-397
-297
-236
-368
-437
-338
-230
-190
-258
-265
-281
-147
-27
-13
-10
-83
-55
92
105
38
5
12
47
28
53
122
101
153
218
219
175
193
238
227
211
279
252
236
237
232
225
190
208
218
201
156
145
107
59
20
35
112
77
57
75
37
9
37
41
25
12
-18
-45
-33
-24
-59
-83
-51
-60
-38
25
78
35
75
194
152
191
244
294
384
397
393
419
465
503
494
514
502
490
463
478
458
391
382
408
368
311
285
246
209
150
92
27
-16
-75
-83
-148
-275
-324
-348
-392
-411
-440
-497
-523
-500
-490
-453
-428
-385
-314
-338
-287
-253
-241
-189
-131
-100
-76
16
54
60
34
102
147
191
266
263
287
301
286
245
245
264
233
219
140
92
102
72
10
-75
-132
-191
-186
-218
-242
-272
-305
-308
-373
-380
-359
-346
-325
-318
-304
-220
-201
-228
-266
-207
-153
-98
-33
30
29
78
193
201
184
232
292
331
360
361
366
367
393
403
429
412
353
329
396
407
425
419
388
397
326
287
298
283
260
268
268
237
263
238
191
177
130
146
105
57
-6
-27
-33
-35
-96
-100
-138
-175
-177
-223
-218
-279
-225
-267
-260
-265
-309
-258
-216
-188
-153
-145
-97
-62
-88
-59
21
34
26
97
118
146
166
175
218
207
300
339
286
300
240
271
245
199
201
180
210
208
134
111
157
100
79
17
-16
-60
-93
-63
-100
-133
-152
-147
-172
-219
-217
-244
-246
-196
-236
-236
-218
-164
-161
-129
-105
-99
-97
-49
-11
26
74
66
46
103
162
110
175
230
283
293
304
281
246
269
318
344
316
327
348
329
320
315
306
256
228
253
173
140
107
6
-29
-4
-69
-66
-82
-109
-133
-132
-69
-103
-105
-123
-121
-118
-98
-110
-121
-92
-115
-121
-97
-122
-84
-58
-69
-48
33
66
68
84
117
132
63
103
99
112
108
115
130
133
163
113
102
92
125
104
115
157
124
151
176
199
121
142
143
120
43
14
5
-14
-42
-77
-52
-74
-102
-102
-68
-83
-88
-67
-34
-57
18
17
-51
-67
-72
-58
-96
-145
-146
-105
-67
-82
-58
-51
-30
-59
-25
12
21
27
74
110
90
72
106
82
92
126
178
215
151
115
100
118
87
76
8
12
22
39
42
-8
-36
-64
-76
-61
-85
-118
-123
-99
-71
-93
-103
-99
-50
-60
-124
-145
-125
-85
-145
-158
-173
-180
-126
-155
-151
-116
-110
-150
-160
-151
-71
-57
-18
9
7
68
53
45
47
41
44
51
45
32
20
39
52
58
27
33
30
59
51
66
51
24
56
2
7
9
32
48
20
36
63
8
-10
49
74
55
39
56
85
115
133
155
157
158
166
170
143
131
139
108
76
110
11
58
86
5
32
4
-1
12
-21
-48
-52
-66
-38
-73
-36
-18
-2
19
48
37
64
74
24
27
53
66
81
132
129
141
112
138
149
75
50
53
63
71
96
77
99
63
-20
-72
-82
-18
-35
-57
-161
-218
-221
-250
-229
-258
-251
-283
-229
-221
-255
-230
-250
-185
-159
-159
-151
-132
-29
-24
-13
26
32
59
39
70
64
74
94
144
197
180
173
105
106
104
137
121
124
123
146
133
125
133
150
159
151
114
93
134
102
96
35
64
69
117
142
144
139
143
181
162
140
133
161
181
175
219
204
153
140
118
97
51
36
17
-40
-77
-49
-46
-67
-40
-122
-113
-103
-133
-142
-112
-115
-113
-131
-162
-109
-120
-94
-99
-124
-170
-157
-142
-175
-188
-188
-165
-185
-169
-148
-150
-176
-184
-165
-196
-181
-196
-192
-190
-199
-222
-243
-224
-221
-208
-165
-166
-206
-171
-76
-87
-79
-36
-62
-105
-83
-67
-34
-70
-82
4
-39
-47
-44
7
19
-18
16
4
-43
12
21
-3
-14
-26
23
46
75
45
28
-35
-38
-48
-78
-42
-88
-100
-92
-38
-55
-18
18
84
100
96
94
111
134
135
199
172
114
98
126
112
128
92
125
169
182
205
223
243
184
191
215
194
159
116
100
82
35
-43
-51
-89
-91
-106
-177
-197
-235
-289
-312
-324
-374
-387
-378
-418
-400
-390
-457
-435
-405
-393
-394
-378
-372
-336
-313
-334
-288
-302
-255
-200
-185
-166
-151
-138
-108
-96
-96
-90
-69
-30
-4
12
38
82
71
92
117
100
87
60
84
126
101
85
125
130
106
71
85
72
68
55
33
58
39
-6
16
4
-43
-48
-34
-44
-84
-95
-118
-139
-101
-89
-145
-174
-146
-115
-149
-136
-144
-150
-137
-107
-62
-81
-74
-69
-41
-18
14
42
34
78
73
66
55
97
100
92
109
108
131
133
136
115
116
107
97
104
108
80
46
49
-2
-8
-71
-129
-138
-199
-190
-294
-343
-323
-383
-399
-447
-478
-446
-486
-501
-496
-507
-495
-460
-428
-475
-457
-394
-382
-413
-334
-285
-228
-179
-137
-86
-8
29
35
124
147
204
206
226
273
357
341
345
468
465
407
432
420
334
304
266
285
264
184
154
146
135
82
-7
-64
-122
-186
-200
-255
-309
-288
-395
-398
-389
-364
-371
-379
-318
-338
-308
-321
-288
-220
-171
-162
-146
-99
-87
-53
-27
29
94
169
200
226
289
286
334
349
345
339
410
388
314
342
377
314
256
273
253
218
186
104
86
64
45
10
-61
-53
-71
-134
-187
-217
-237
-305
-328
-343
-328
-301
-355
-361
-337
-315
-260
-235
-266
-244
-215
-197
-136
-79
-60
-27
12
73
118
171
147
182
187
178
198
175
225
230
256
267
277
302
315
301
285
266
193
195
190
176
152
98
65
58
23
-43
-89
-132
-189
-212
-230
-238
-219
-204
-196
-232
-244
-223
-202
-200
-183
-198
-185
-139
-139
-110
-81
-16
29
39
102
126
177
225
234
194
185
246
319
318
322
371
342
327
365
358
324
319
363
311
349
336
281
234
194
184
139
97
15
-16
-45
-88
-79
-78
-105
-137
-138
-213
-278
-263
-289
-291
-305
-294
-323
-315
-329
-287
-319
-322
-249
-231
-213
-156
-119
-110
-8
-6
-7
46
40
89
116
121
175
216
239
265
254
238
211
258
272
243
226
214
207
187
182
148
100
71
55
34
59
71
49
9
42
30
-1
-26
-40
-74
-84
-75
-44
-12
-13
-41
-36
-37
-44
10
2
-3
27
11
64
73
90
57
83
120
100
141
140
168
221
169
153
192
188
173
234
286
295
279
334
328
351
332
261
293
243
246
206
172
109
85
49
61
27
2
-49
-100
-115
-95
-78
-103
-98
-83
-42
-89
-69
-76
-67
-113
-151
-127
-119
-106
-104
-94
-16
-11
-58
18
-23
38
44
71
107
123
152
224
231
219
270
204
196
170
142
147
142
130
126
135
129
79
88
45
10
25
33
26
-27
16
-3
-4
9
-23
-18
-7
-13
-23
-74
-34
-21
-53
-4
-30
-31
-45
3
16
-14
-19
-26
-45
-42
-48
-35
-12
2
52
70
85
133
146
151
166
173
203
175
163
172
138
119
81
79
43
89
86
109
93
39
28
-5
30
30
-5
-10
-57
-51
-108
-130
-132
-138
-169
-234
-235
-217
-187
-177
-145
-119
-87
-49
-3
-39
-63
-53
3
-9
-52
-13
54
15
56
53
55
54
29
67
62
0
-16
5
17
46
21
68
35
32
46
-6
-32
-40
2
-5
-17
-30
-14
-10
-11
-47
-85
-61
-97
-90
-89
-94
-73
-43
-70
-34
-4
-11
28
5
-7
0
15
-19
-13
-53
-55
-77
-53
-85
-97
-47
-105
-72
-4
-38
-80
-23
-27
-36
-14
10
26
61
32
31
63
67
66
37
63
28
13
41
31
39
51
95
35
-1
55
23
15
13
28
-70
-62
-59
-75
-118
-155
-108
-133
-169
-195
-148
-192
-193
-188
-129
-97
-148
-127
-77
-106
-88
-42
-109
-102
-76
-85
-80
-86
-62
-45
-28
-7
-17
-8
-3
0
-29
24
35
80
124
159
170
126
153
174
120
106
111
36
75
94
26
33
0
14
-5
-35
4
-36
-29
-35
-52
-79
-80
-48
-81
-101
-98
-96
-75
-57
-46
-59
-57
-66
-65
-46
-21
-22
-20
-52
-13
1
-42
-45
-46
-36
-51
-80
-96
-40
-48
-40
-50
-51
-101
-132
-169
-209
-172
-172
-160
-120
-127
-156
-142
-160
-189
-211
-186
-197
-219
-192
-160
-150
-133
-110
-148
-158
-117
-102
-124
-106
-67
-54
-46
-106
-110
-116
-140
-128
-144
-115
-144
-130
-145
-141
-186
-166
-186
-226
-197
-203
-174
-131
-146
-188
-103
-150
-142
-121
-116
-98
-111
-147
-94
-43
-17
-31
-57
-49
-48
43
25
29
0
-19
7
-2
13
-75
-27
-64
-43
5
6
-11
-23
-14
-56
-88
-129
-101
-106
-95
-79
-74
-98
-131
-130
-115
-148
-176
-166
-200
-226
-243
-231
-245
-233
-210
-209
-187
-217
-188
-214
-174
-115
-127
-116
-96
-59
-66
-59
-20
6
3
-19
3
-1
-102
-92
-87
-105
-75
-14
-46
-76
-43
-77
-89
-107
-90
-113
-154
-177
-180
-216
-291
-278
-307
-284
-294
-289
-298
-241
-192
-223
-179
-199
-152
-145
-121
-111
-98
-85
-69
-75
-23
-11
-53
-48
-33
-14
12
26
39
61
12
81
50
104
137
126
161
102
80
35
45
42
-35
-70
-50
-56
-54
-5
-18
-32
-58
-59
-58
-39
-26
10
-38
-67
-83
-99
-96
-122
-49
-109
-146
-104
-93
-76
-92
-86
-76
-65
-51
-32
-36
-7
3
14
4
25
29
51
50
-8
11
-18
55
24
56
79
85
140
105
124
118
148
81
32
-71
-75
-51
-109
-107
-121
-87
-105
-143
-157
-197
-172
-191
-210
-251
-305
-289
-231
-266
-273
-250
-264
-268
-281
-315
-294
-220
-222
-195
-192
-161
-124
-133
-138
-92
-43
-13
27
71
66
79
109
118
62
69
108
66
80
106
84
46
40
47
-2
40
36
29
-11
-15
11
-36
-49
-65
-53
-67
-117
-120
-146
-140
-178
-171
-208
-241
-196
-189
-195
-273
-218
-184
-206
-234
-236
-257
-271
-206
-234
-204
-136
-179
-190
-167
-195
-127
-100
-147
-140
-125
-124
-157
-157
-99
-181
-177
-129
-102
-140
-122
-145
-183
-169
-146
-127
-142
-144
-171
-193
-178
-137
-170
-142
-147
-144
-165
-234
-240
-252
-252
-323
-281
-299
-266
-284
-272
-253
-271
-196
-202
-161
-192
-178
-158
-157
-204
-168
-124
-129
-76
-86
-36
-8
6
8
32
104
139
173
173
123
148
176
196
219
232
241
206
169
159
164
140
154
96
49
-17
-11
15
-59
-90
-110
-107
-129
-154
-188
-214
-221
-222
-283
-313
-267
-274
-292
-283
-258
-219
-198
-157
-97
-45
-54
-34
8
-4
-1
66
45
8
56
43
41
51
90
84
60
63
43
36
12
38
11
-25
-58
-70
-112
-161
-151
-198
-182
-222
-204
-237
-224
-207
-234
-257
-258
-168
-183
-156
-144
-147
-110
-128
-115
-97
-76
-55
-81
-80
-48
-45
-48
-30
30
49
116
142
132
106
115
144
176
158
184
171
180
201
145
194
191
167
154
121
170
160
135
126
102
138
107
78
80
98
114
71
88
57
75
12
35
30
-33
-67
-90
-22
-67
-32
-40
11
21
13
-7
-35
2
-4
-19
-23
9
19
48
41
91
73
83
158
126
105
97
148
161
187
224
205
230
241
205
192
176
132
155
150
211
234
152
153
151
177
180
149
151
117
139
168
157
123
71
36
17
2
20
36
53
54
50
69
41
69
36
96
133
123
144
158
209
176
239
236
221
207
202
260
304
306
295
333
343
335
341
339
321
299
315
325
308
304
309
307
301
317
296
256
238
258
235
243
203
208
248
215
214
191
191
177
189
203
175
207
214
209
202
210
166
210
222
235
264
249
270
234
255
275
265
271
263
231
211
220
214
233
300
275
274
282
318
350
380
371
372
420
395
415
400
361
383
329
310
290
288
315
320
325
300
314
351
347
302
292
297
299
321
302
259
283
272
248
211
206
231
160
132
137
160
151
223
228
262
308
338
371
365
345
381
375
386
349
332
389
342
384
430
461
504
487
485
480
439
455
524
497
506
487
455
479
427
417
447
409
419
416
417
405
389
409
412
384
405
405
405
409
388
337
318
321
275
322
283
301
360
370
382
359
378
339
357
363
348
368
397
433
387
361
405
410
351
380
382
388
386
395
378
324
378
392
419
424
433
423
404
343
356
330
288
310
268
265
243
254
272
285
257
261
259
260
305
317
305
299
271
263
277
269
278
309
329
349
342
350
353
366
399
403
348
324
302
317
329
305
366
378
404
445
491
486
479
482
454
452
454
477
448
458
475
490
477
476
485
501
434
448
417
398
375
375
366
299
269
215
239
195
243
241
231
251
208
215
197
184
193
193
148
134
168
210
216
175
182
213
225
246
185
194
184
136
196
209
189
219
232
217
226
191
148
151
86
50
57
44
55
-25
30
19
36
95
58
47
-2
13
-11
-18
-6
26
-8
-42
-13
34
33
12
1
13
34
75
116
107
131
127
105
132
165
200
200
182
217
219
183
174
169
175
163
175
190
180
139
132
89
130
129
98
110
110
119
99
155
77
39
-63
-84
-114
-147
-113
-140
-159
-127
-55
-44
-72
-51
-59
-86
-58
-48
-90
-97
-16
-13
-24
-37
9
-17
-52
-23
-36
-9
-11
-21
-33
2
6
3
-7
-52
-51
-48
-35
-70
-83
-140
-140
-166
-235
-178
-197
-181
-158
-192
-190
-203
-163
-146
-124
-109
-54
-52
-81
-62
-78
-97
-103
-127
-92
-75
-98
-76
-57
-67
-89
-92
-34
-66
-63
-39
-52
-54
-46
-23
-56
-33
-36
-23
-60
-101
-90
-85
-82
-110
-120
-92
-130
-118
-96
-101
-63
-57
-65
-40
-34
-22
40
-8
-23
-75
-76
-65
-151
-161
-120
-156
-197
-176
-204
-196
-143
-158
-196
-213
-210
-184
-136
-149
-152
-141
-133
-83
-97
-35
-54
-28
-37
-62
-44
-26
-12
-9
13
3
17
3
5
-11
32
-48
-2
63
26
70
78
18
23
-42
-11
-63
-66
-106
-118
-84
-104
-94
-93
-74
-97
-74
-83
6
27
-14
37
34
-10
-19
-42
-35
25
-8
-33
12
26
16
-1
9
17
-26
-65
-57
-91
-60
1
1
-3
-15
40
52
44
29
-1
5
10
27
47
44
62
63
87
100
88
104
111
112
109
119
112
107
121
135
124
126
47
141
126
122
120
66
58
16
-17
-58
-95
-139
-170
-178
-172
-200
-196
-158
-148
-204
-131
-84
-95
-90
-70
-108
-107
-100
-119
-125
-99
-110
-88
-52
-76
-89
-89
-80
-146
-158
-180
-168
-181
-156
-104
-139
-111
-131
-147
-145
-143
-118
-158
-181
-134
-146
-206
-127
-100
-142
-142
-90
-40
-88
-124
-76
-158
-242
-217
-184
-239
-195
-231
-229
-225
-185
-111
-157
-85
-136
-149
-145
-126
-144
-181
-153
-156
-110
-102
-70
-65
-74
-92
-68
-64
-61
-5
20
20
23
60
2
23
46
15
26
-39
-39
-23
-115
-118
-135
-203
-164
-145
-209
-197
-133
-186
-197
-157
-201
-190
-248
-272
-262
-268
-285
-285
-303
-263
-237
-231
-237
-216
-204
-248
-228
-206
-222
-243
-172
-202
-212
-216
-190
-209
-174
-198
-219
-174
-211
-224
-198
-254
-254
-246
-261
-222
-261
-198
-164
-126
-138
-144
-142
-174
-156
-152
-123
-127
-107
-92
-46
-78
-101
-56
-109
-58
-42
-67
-76
-71
-81
-78
-61
-80
-56
13
-9
-2
-2
21
43
7
40
38
12
19
25
17
42
11
-17
-14
14
-7
2
52
20
18
3
-24
-31
-6
3
-21
-22
-16
-33
-40
-43
-52
-84
-66
-55
-58
-72
-88
-95
-135
-108
-145
-151
-161
-149
-185
-174
-174
-144
-153
-171
-129
-178
-194
-194
-189
-253
-264
-183
-165
-203
-171
-216
-182
-160
-154
-126
-137
-163
-183
-188
-206
-182
-167
-210
-203
-134
-95
-128
-126
-145
-129
-128
-136
-157
-219
-187
-189
-232
-199
-206
-227
-202
-217
-209
-211
-181
-160
-139
-73
-57
-62
-17
-3
-20
-22
-13
-22
1
-14
70
75
24
81
50
58
41
114
121
145
180
152
152
122
107
93
42
34
65
61
63
31
53
45
-8
42
62
54
83
40
45
38
9
-16
-32
-61
-56
-97
-169
-171
-181
-198
-250
-247
-236
-230
-222
-215
-231
-231
-254
-266
-283
-287
-256
-283
-293
-269
-285
-291
-270
-266
-220
-183
-152
-126
-123
-19
14
45
84
104
70
31
104
104
85
77
59
34
19
68
59
36
14
3
-40
-71
-80
-93
-79
-142
-200
-182
-209
-199
-249
-291
-270
-287
-243
-253
-242
-252
-181
-151
-167
-152
-124
-109
-149
-93
-64
-102
-88
-55
-66
-2
25
28
41
33
59
49
57
29
28
-13
6
-26
-53
-74
-79
-72
-80
-31
-19
-29
-22
5
0
-37
-45
-73
-78
-88
-110
-133
-124
-82
-108
-129
-116
-149
-166
-129
-141
-131
-148
-111
-102
-108
-125
-130
-110
-131
-118
-124
-99
-88
-112
-111
-148
-174
-156
-179
-161
-192
-200
-172
-177
-158
-178
-198
-166
-186
-223
-234
-243
-248
-207
-232
-229
-225
-207
-148
-166
-203
-247
-205
-200
-239
-231
-216
-254
-254
-221
-281
-274
-263
-256
-230
-233
-209
-164
-122
-139
-163
-213
-268
-226
-175
-210
-162
-165
-166
-94
-124
-78
-59
-106
-98
-89
-69
-81
-35
-19
-58
-16
-30
-56
-70
-113
-172
-184
-188
-195
-214
-221
-232
-227
-205
-183
-131
-130
-116
-129
-143
-150
-138
-115
-175
-167
-190
-177
-226
-214
-177
-209
-200
-247
-237
-195
-143
-189
-140
-136
-186
-178
-163
-114
-116
-157
-94
-62
-70
-68
-111
-112
-138
-159
-126
-175
-188
-204
-195
-200
-208
-146
-194
-164
-164
-181
-194
-206
-205
-203
-167
-177
-133
-146
-159
-148
-132
-137
-174
-181
-208
-241
-280
-279
-271
-274
-262
-260
-260
-232
-260
-238
-262
-223
-241
-270
-266
-299
-288
-250
-252
-274
-209
-167
-141
-183
-130
-178
-147
-95
-97
-76
-51
-21
-53
-46
-48
-69
-67
-81
-65
-107
-112
-107
-122
-137
-154
-173
-168
-145
-185
-153
-173
-201
-186
-198
-194
-202
-222
-243
-199
-184
-206
-206
-208
-209
-180
-130
-183
-162
-137
-192
-196
-212
-221
-232
-220
-185
-205
-204
-138
-124
-144
-137
-156
-177
-163
-206
-195
-221
-216
-146
-144
-215
-176
-148
-156
-152
-128
-136
-156
-146
-150
-161
-162
-135
-132
-161
-115
-128
-89
-103
-149
-176
-190
-183
-182
-186
-192
-186
-232
-219
-234
-229
-193
-219
-279
-209
-195
-222
-202
-218
-226
-206
-166
-172
-148
-132
-115
-92
-99
-138
-102
-106
-135
-160
-204
-213
-249
-251
-282
-283
-327
-343
-365
-358
-401
-406
-402
-419
-416
-415
-383
-352
-377
-337
-348
-344
-331
-363
-317
-314
-349
-351
-279
-269
-227
-216
-202
-174
-145
-94
-108
-134
-183
-146
-117
-169
-126
-144
-212
-200
-201
-210
-188
-199
-209
-232
-267
-233
-245
-228
-218
-205
-199
-179
-173
-187
-231
-212
-201
-280
-288
-282
-275
-271
-250
-248
-277
-273
-300
-291
-285
-258
-293
-302
-284
-289
-274
-301
-325
-329
-342
-365
-344
-293
-324
-313
-277
-289
-294
-293
-201
-213
-185
-162
-192
-166
-186
-166
-142
-120
-158
-95
-75
-144
-116
-167
-172
-149
-137
-123
-149
-175
-136
-155
-171
-211
-202
-251
-270
-285
-285
-322
-373
-364
-361
-362
-364
-370
-384
-366
-370
-404
-348
-382
-379
-360
-387
-348
-400
-359
-318
-297
-283
-243
-292
-286
-263
-243
-214
-209
-166
-151
-183
-152
-125
-144
-128
-111
-66
-172
-196
-153
-198
-269
-254
-207
-233
-238
-264
-235
-233
-261
-269
-245
-275
-294
-299
-290
-294
-323
-284
-284
-281
-284
-262
-278
-308
-324
-257
-289
-278
-209
-190
-162
-143
-129
-201
-184
-151
-178
-166
-159
-178
-204
-213
-216
-246
-232
-204
-188
-228
-233
-265
-296
-305
-305
-328
-360
-393
-392
-317
-327
-370
-333
-328
-322
-313
-342
-303
-313
-329
-300
-312
-321
-325
-346
-339
-410
-426
-372
-424
-433
-425
-448
-421
-356
-330
-351
-384
-285
-283
-305
-283
-283
-266
-240
-254
-305
-283
-294
-309
-300
-327
-269
-259
-245
-237
-217
-193
-181
-165
-173
-195
-192
-183
-185
-214
-191
-200
-248
-238
-286
-335
-328
-339
-348
-314
-316
-253
-260
-295
-226
-238
-248
-188
-230
-185
-126
-149
-117
-71
-66
-47
-68
-35
-14
4
17
-70
-109
-67
-109
-52
-72
-92
-53
-73
-115
-138
-116
-167
-156
-205
-202
-236
-265
-231
-257
-269
-249
-257
-282
-264
-264
-310
-286
-295
-304
-265
-273
-272
-287
-277
-254
-264
-232
-232
-230
-219
-246
-306
-275
-255
-255
-209
-241
-187
-144
-135
-115
-152
-134
-94
-44
-21
-73
-82
-58
-36
-28
-38
-72
-85
-87
-82
-114
-113
-96
-64
-81
-95
-71
-148
-177
-199
-227
-246
-258
-263
-185
-218
-244
-198
-183
-202
-191
-165
-182
-181
-224
-209
-183
-163
-182
-201
-152
-140
-128
-107
-98
-105
-93
-99
-64
-71
-60
-13
-13
-18
-12
-27
-25
-49
-78
-73
-81
-39
-86
-8
2
-50
-7
-23
-26
-20
-41
-23
-4
-36
-9
-53
-48
-52
-54
-58
-75
-51
-110
-135
-132
-93
-146
-113
-94
-115
-116
-99
-119
-132
-134
-178
-193
-183
-163
-130
-138
-141
-115
-144
-142
-127
-129
-95
-123
-89
-114
-132
-62
-59
-87
-36
-43
-45
17
24
48
44
55
16
52
44
20
9
12
59
35
35
13
33
21
6
20
-36
-34
-46
-10
0
-1
11
10
29
44
66
45
68
80
31
3
26
33
28
63
33
13
30
59
53
72
89
50
63
41
91
109
120
140
144
137
97
91
56
31
2
47
12
6
47
-16
-29
-56
-60
-49
-28
35
63
92
46
44
53
70
48
15
49
28
90
101
87
44
0
2
-38
-60
-54
-87
-92
-31
-17
-58
-37
-57
-20
-17
35
47
64
41
-7
46
4
-13
1
-17
-65
-22
-11
-20
-46
-41
-17
-18
27
60
58
96
85
78
66
51
108
105
138
134
134
107
90
90
88
115
78
87
126
111
108
129
72
27
70
68
9
32
51
40
-4
-32
4
-11
-54
-35
-19
-41
-36
-14
-35
5
21
38
23
20
43
65
49
74
159
160
102
146
135
69
184
184
213
242
235
247
217
190
144
139
126
169
197
183
166
125
167
121
76
43
27
35
35
14
-17
-50
-88
-88
-158
-128
-100
-101
-115
-99
-73
-79
-100
-115
-122
-127
-135
-109
-101
-53
-53
-76
-51
-35
12
32
85
90
97
110
89
148
180
173
221
224
221
191
203
185
179
192
202
190
206
228
182
142
170
156
140
135
92
114
52
63
92
53
36
12
-7
-47
-32
-12
-16
13
42
21
-2
-25
-69
-63
-64
-62
-101
-21
-43
-91
-34
-46
-56
-39
18
32
13
45
116
106
73
95
147
139
107
103
97
101
88
94
106
125
122
111
91
114
118
97
108
135
141
72
60
-9
39
57
33
18
-11
9
-21
29
-24
-38
-2
13
22
9
29
32
44
51
44
75
122
157
148
164
139
197
175
133
153
204
199
232
276
236
223
238
212
210
233
203
232
198
163
149
103
124
98
29
33
58
30
-25
-10
32
38
45
77
84
66
62
105
54
61
101
23
26
74
74
55
55
76
113
141
140
121
123
150
149
168
178
110
159
196
186
175
195
200
183
179
159
184
189
203
195
206
176
172
106
121
104
101
115
75
103
93
79
27
16
42
65
53
41
65
51
43
73
109
109
79
132
117
137
129
100
93
78
94
155
163
164
174
183
219
208
192
183
159
155
166
167
176
124
113
151
158
90
94
105
79
72
62
99
73
31
38
26
8
-47
-60
-1
-87
-54
-21
7
-5
14
78
108
67
77
100
72
113
73
115
158
132
122
131
137
165
124
82
124
106
133
119
131
116
83
124
94
131
128
83
91
46
67
45
21
84
41
37
41
85
92
65
-2
20
41
7
40
73
66
22
51
26
43
2
-20
-59
-50
-43
-30
-39
-46
-54
-8
4
59
91
51
10
12
74
37
85
63
60
132
100
100
102
83
95
140
151
97
93
29
41
35
47
17
26
50
3
34
-18
5
-41
-17
28
52
139
57
65
63
69
57
101
132
174
174
146
186
169
191
204
221
230
205
211
204
181
166
160
163
159
142
172
169
183
180
154
180
135
128
117
126
138
108
75
60
59
13
18
9
-47
-68
-61
-54
-76
-34
8
-31
-39
4
24
49
-8
23
31
-27
29
41
-4
34
45
41
32
60
61
96
104
123
176
208
195
200
231
252
256
243
224
204
214
186
194
149
189
173
113
128
110
65
73
87
99
139
174
162
118
99
45
50
77
48
43
66
40
24
-14
29
74
68
119
168
215
182
222
220
238
217
185
148
181
133
130
133
138
202
162
175
172
180
168
167
144
154
164
158
79
58
82
76
62
67
146
147
129
104
110
113
84
103
69
100
105
77
117
43
83
82
41
33
4
-7
-34
-51
-44
10
-12
11
66
63
86
69
38
77
81
84
97
121
122
77
84
110
54
88
108
94
105
130
138
155
147
197
178
133
134
160
175
149
151
109
95
131
52
-21
35
19
70
59
45
69
102
82
135
158
139
157
127
170
162
144
144
147
157
121
151
184
140
159
182
185
170
163
154
139
160
184
154
170
164
182
220
179
196
173
144
127
116
179
127
65
81
88
99
76
67
51
39
85
96
109
104
92
97
102
115
76
136
146
148
129
127
147
129
131
141
105
88
74
71
87
61
100
126
168
158
119
136
192
222
250
282
213
192
170
165
189
157
188
195
169
170
119
81
118
120
94
164
175
188
236
215
225
254
209
169
206
191
147
122
130
111
92
73
70
48
40
7
47
67
79
110
123
155
132
128
102
101
45
105
79
75
42
21
37
40
73
68
98
96
162
132
122
184
170
215
219
218
259
206
198
212
204
200
163
185
185
142
168
143
205
124
116
125
110
120
100
45
38
24
-24
-43
-71
-65
-59
-71
-33
10
-11
39
72
114
135
129
166
148
150
118
139
215
212
221
188
229
226
258
276
193
234
245
243
261
253
249
238
227
242
231
198
225
228
254
225
145
152
209
98
96
116
75
75
111
140
112
34
104
130
114
139
108
109
99
90
88
133
107
152
134
109
157
167
149
150
168
174
131
150
140
109
115
135
148
122
155
112
143
133
89
103
68
69
1
-6
-3
5
52
5
28
33
21
32
46
80
32
36
94
97
120
172
141
91
143
95
103
147
128
59
81
182
148
166
170
214
189
191
212
209
251
223
230
225
248
228
202
189
158
147
148
176
179
186
155
186
220
152
96
99
138
167
169
194
169
135
121
116
138
131
164
141
80
90
89
105
132
111
95
88
86
25
72
104
116
108
120
127
149
162
141
126
132
165
124
136
170
172
193
198
162
198
169
162
179
148
141
116
133
120
112
66
69
106
129
125
117
148
50
74
62
62
71
79
75
99
117
129
143
118
135
119
144
87
171
161
159
176
144
163
130
151
185
138
156
155
131
130
91
94
46
123
148
159
207
184
180
201
234
224
188
211
221
240
214
206
226
265
294
333
320
349
367
364
363
334
311
230
188
162
171
146
165
133
143
158
124
97
101
108
65
77
72
101
89
102
162
170
177
188
233
208
224
274
230
239
220
263
291
281
296
323
367
396
413
422
405
356
335
307
259
244
227
163
146
149
120
122
84
57
93
58
58
37
89
111
90
93
104
120
110
113
121
126
121
174
230
224
225
213
176
167
142
211
276
272
289
295
296
262
277
244
233
210
221
233
189
129
152
137
119
160
142
119
84
111
41
22
-19
18
81
72
17
37
28
12
48
78
98
90
117
155
87
110
125
124
173
133
154
156
174
183
155
158
176
177
175
193
236
235
223
252
275
217
253
210
190
200
153
159
160
193
206
200
262
268
255
247
208
222
203
182
178
188
143
132
140
150
181
122
113
130
102
95
98
76
39
56
97
119
85
40
63
75
118
120
156
151
160
162
195
182
186
184
121
140
162
178
163
197
248
247
274
258
212
192
182
188
125
188
179
182
206
183
175
155
200
201
144
136
213
134
135
175
165
148
192
157
163
160
177
205
139
188
199
244
249
260
223
186
220
207
181
203
228
259
246
240
252
245
223
198
177
157
161
177
241
249
276
216
226
188
166
163
138
142
136
192
183
199
224
242
221
223
219
165
182
138
112
161
158
193
164
206
201
110
152
158
166
140
109
135
119
131
149
128
126
169
191
200
190
189
218
174
163
142
151
121
102
125
120
156
77
69
112
103
144
128
111
124
136
127
111
74
45
12
46
18
85
87
69
92
77
81
100
144
119
143
124
102
155
113
73
101
158
173
162
166
151
131
117
154
123
131
93
110
132
152
133
100
66
59
21
-11
-2
-25
-27
-8
-9
15
46
75
47
53
108
89
66
104
143
160
140
172
200
201
216
159
150
180
206
221
210
156
145
158
95
109
124
135
85
31
26
4
19
33
3
30
59
25
35
27
39
57
33
16
30
27
-31
-16
6
-1
5
3
35
46
76
104
133
173
164
147
149
130
173
192
102
122
90
58
49
51
31
-29
7
-43
-58
-80
-75
-61
-66
-39
-22
-93
-89
-142
-163
-133
-143
-126
-123
-137
-145
-111
-120
-116
-76
-89
-89
-86
-65
-27
-2
-40
5
-13
-21
-4
-31
-47
-51
9
-33
-64
-76
-7
9
-23
9
41
71
3
14
-3
0
-13
-7
-50
-53
-49
-76
-82
-105
-121
-135
-131
-110
-81
-99
-119
-107
-131
-135
-92
