SAMPLES:	17796
BITSPERSAMPLE:	16
CHANNELS:	1
SAMPLERATE:	16000
NORMALIZED:	FALSE
2
-19
-40
-60
-62
-64
-57
-44
-76
-26
-37
-80
-68
-68
-42
-30
-12
18
-7
45
51
45
84
81
109
75
58
26
46
24
70
60
53
125
84
57
84
99
92
97
97
103
98
112
120
159
146
105
86
108
114
114
113
81
127
148
139
132
144
171
189
210
267
249
240
257
268
262
260
268
274
204
192
218
191
200
168
182
179
163
162
152
123
124
149
140
110
102
100
50
94
137
122
79
58
16
7
48
31
91
92
86
107
79
116
100
78
122
101
136
149
151
202
189
178
165
215
205
217
249
248
225
239
261
225
190
190
200
159
166
138
116
72
99
70
18
0
-36
-53
-67
-1
-28
3
38
56
58
40
20
-7
43
11
-15
22
53
73
56
81
82
129
105
89
149
176
182
154
168
186
148
173
173
132
155
164
158
175
178
177
181
171
147
158
149
98
124
109
101
55
44
101
100
102
105
116
108
79
38
79
77
62
62
64
62
63
57
52
43
-2
-10
-29
27
15
98
88
24
81
83
135
165
92
128
125
89
79
79
59
37
103
95
112
112
131
139
162
185
116
173
124
79
54
40
18
39
61
25
7
-22
0
-43
-15
-42
-37
-47
-85
-67
-62
4
35
37
30
60
83
105
137
94
74
83
102
93
93
156
93
101
148
117
137
155
114
112
87
67
56
73
60
46
98
97
80
59
48
35
15
0
57
67
75
46
74
73
25
60
-2
38
24
-22
-28
-106
-73
-155
-138
-97
-72
-48
-74
-18
16
48
-29
-48
3
20
21
-1
-11
16
-39
-24
-31
-89
-99
-78
-50
-76
-45
-69
-37
-22
-9
0
2
73
109
79
41
66
97
52
64
49
23
-3
21
48
7
-30
-27
-7
-17
-34
-49
-81
-71
-55
-56
-50
-41
-38
-45
-53
-49
-75
-90
-114
-146
-214
-193
-150
-158
-161
-168
-185
-182
-206
-186
-190
-220
-157
-137
-101
-106
-113
-102
-150
-142
-132
-67
-65
-77
-73
-29
34
-23
3
10
21
26
4
40
63
47
27
-9
-52
-26
-50
-46
-24
-96
-116
-127
-190
-204
-207
-217
-205
-196
-242
-237
-272
-307
-279
-303
-292
-257
-257
-222
-197
-227
-284
-282
-281
-308
-319
-279
-258
-218
-204
-228
-220
-205
-216
-189
-84
-85
-104
-113
-165
-190
-184
-216
-273
-290
-243
-225
-236
-253
-273
-221
-203
-212
-170
-151
-163
-201
-188
-197
-186
-179
-179
-192
-154
-150
-218
-189
-203
-172
-222
-214
-239
-222
-143
-135
-132
-169
-126
-182
-214
-234
-263
-288
-267
-274
-301
-299
-358
-345
-355
-321
-338
-307
-314
-309
-336
-366
-378
-395
-370
-370
-285
-284
-292
-316
-282
-314
-357
-321
-317
-325
-287
-270
-262
-271
-282
-278
-247
-233
-241
-203
-202
-212
-253
-230
-203
-220
-219
-190
-180
-159
-164
-116
-167
-215
-233
-276
-295
-306
-292
-317
-325
-291
-210
-237
-235
-179
-192
-217
-249
-262
-248
-243
-250
-219
-250
-287
-260
-204
-245
-284
-273
-318
-261
-299
-306
-297
-349
-319
-322
-287
-286
-288
-281
-279
-268
-283
-277
-311
-276
-253
-269
-262
-259
-226
-241
-203
-154
-174
-224
-241
-215
-250
-206
-193
-228
-209
-189
-175
-176
-192
-234
-253
-286
-265
-207
-228
-226
-236
-212
-192
-225
-265
-264
-231
-257
-258
-272
-336
-371
-368
-384
-380
-333
-292
-305
-323
-273
-252
-301
-270
-298
-302
-322
-334
-297
-276
-251
-297
-264
-264
-267
-194
-207
-226
-257
-257
-225
-201
-181
-174
-177
-153
-143
-120
-59
-113
-125
-175
-165
-138
-217
-200
-186
-219
-217
-220
-211
-198
-224
-185
-190
-202
-176
-194
-197
-227
-164
-150
-152
-207
-188
-121
-175
-206
-286
-289
-284
-286
-290
-266
-259
-268
-240
-249
-225
-259
-232
-189
-234
-203
-261
-260
-220
-272
-275
-234
-218
-231
-231
-215
-203
-202
-213
-171
-189
-209
-224
-232
-209
-229
-210
-201
-181
-129
-112
-185
-236
-246
-253
-265
-269
-209
-193
-126
-154
-164
-110
-125
-142
-140
-139
-180
-151
-155
-145
-140
-123
-78
-83
-92
-59
-43
-45
-36
-61
-42
-42
-31
-5
-20
-33
-54
-63
-153
-160
-128
-171
-185
-193
-210
-237
-211
-241
-225
-215
-205
-199
-224
-222
-286
-233
-240
-240
-217
-193
-236
-196
-161
-187
-131
-154
-129
-91
-53
-30
-77
-92
-70
-115
-71
-46
-46
-53
-45
-74
-51
-16
-87
-127
-110
-117
-168
-175
-211
-217
-243
-218
-269
-275
-243
-271
-268
-276
-277
-252
-279
-291
-236
-246
-181
-170
-143
-132
-136
-148
-136
-107
-129
-167
-124
-79
-109
-78
-66
-62
-69
-108
-90
-76
-85
-78
-139
-166
-151
-180
-208
-201
-251
-233
-267
-312
-308
-282
-253
-259
-241
-247
-224
-217
-209
-210
-159
-156
-119
-67
-79
-116
-128
-143
-107
-147
-102
-46
-36
22
12
-19
-21
-45
11
-29
-53
-63
-118
-144
-145
-147
-204
-199
-225
-235
-252
-255
-264
-290
-287
-288
-247
-220
-225
-217
-198
-152
-153
-194
-201
-189
-208
-161
-120
-119
-74
-62
-30
-35
-4
31
11
20
17
37
8
29
22
-11
-71
-90
-66
-105
-148
-143
-123
-165
-192
-198
-210
-254
-206
-215
-243
-210
-245
-225
-226
-212
-198
-205
-172
-123
-126
-183
-150
-97
-56
-86
-77
-52
-72
-95
-100
-85
-108
-87
-93
-69
-100
-101
-121
-141
-161
-129
-94
-169
-189
-162
-163
-176
-178
-180
-175
-147
-170
-159
-220
-226
-192
-204
-277
-243
-194
-222
-232
-178
-127
-101
-72
-57
-57
-82
-101
-65
-75
-82
-101
-106
-106
-162
-148
-119
-110
-66
-84
-51
-16
-46
-67
-124
-86
-159
-206
-202
-186
-170
-216
-211
-200
-209
-193
-158
-170
-177
-147
-145
-174
-181
-189
-157
-128
-98
-36
-53
-66
-32
-88
-121
-146
-127
-78
-91
-105
-117
-127
-82
-95
-88
-46
-65
-77
-113
-101
-131
-139
-137
-182
-185
-175
-150
-141
-142
-176
-162
-145
-145
-158
-118
-91
-118
-126
-190
-154
-152
-193
-175
-216
-211
-236
-260
-231
-322
-323
-274
-293
-224
-197
-205
-189
-172
-180
-158
-213
-262
-232
-187
-197
-173
-153
-171
-118
-136
-129
-88
-80
-54
-47
-26
-58
-40
-43
-79
-79
-101
-87
-129
-153
-134
-171
-202
-175
-178
-204
-217
-184
-217
-182
-144
-184
-143
-155
-206
-181
-174
-152
-176
-182
-160
-229
-196
-151
-157
-149
-109
-129
-120
-82
-54
-91
-92
-62
-102
-33
-75
-68
-28
-67
-83
-129
-94
-118
-138
-171
-182
-248
-241
-205
-204
-173
-188
-182
-218
-185
-208
-200
-231
-240
-271
-328
-310
-324
-332
-301
-255
-240
-247
-251
-235
-222
-250
-239
-247
-224
-190
-226
-179
-173
-163
-145
-152
-154
-151
-113
-134
-100
-99
-125
-115
-145
-159
-153
-120
-101
-122
-121
-127
-125
-136
-145
-137
-176
-175
-205
-183
-228
-220
-213
-211
-196
-263
-260
-248
-216
-191
-179
-185
-161
-173
-130
-122
-146
-105
-135
-128
-141
-188
-139
-92
-134
-116
-86
-81
-65
-54
-57
-41
-83
-70
-127
-130
-129
-115
-126
-179
-197
-235
-199
-203
-195
-171
-179
-133
-147
-164
-125
-124
-185
-177
-150
-148
-165
-136
-104
-112
-88
-83
-44
-28
-39
-17
43
10
-13
-65
-80
-50
-89
-98
-129
-130
-151
-182
-167
-192
-185
-177
-147
-205
-161
-169
-147
-143
-160
-136
-175
-171
-160
-160
-151
-140
-168
-173
-142
-150
-129
-104
-136
-99
-94
-49
-6
-13
-13
-2
-28
1
19
-23
-7
-37
-44
-51
-95
-76
-71
-87
-140
-119
-166
-132
-146
-203
-203
-223
-213
-217
-169
-142
-164
-174
-225
-239
-222
-269
-280
-284
-283
-271
-249
-214
-178
-194
-140
-144
-159
-137
-143
-127
-138
-151
-132
-40
-7
25
5
-17
-15
-60
-61
-81
-75
-83
-92
-48
-55
-49
-84
-123
-136
-117
-75
-112
-181
-129
-146
-172
-132
-181
-184
-182
-190
-183
-154
-131
-153
-145
-176
-137
-163
-144
-144
-171
-150
-201
-158
-200
-174
-101
-109
-66
-91
-89
-96
-76
-56
-72
-27
-13
-25
-51
-39
-55
-43
-40
-91
-111
-128
-125
-142
-145
-125
-152
-165
-145
-150
-164
-148
-141
-112
-93
-113
-117
-123
-132
-146
-136
-99
-100
-70
-111
-103
-91
-72
-74
-99
-89
-74
-40
-43
-20
12
48
54
18
6
-11
-51
-38
-103
-98
-71
-106
-138
-166
-163
-158
-79
-87
-55
-39
-53
-22
-81
-60
-50
-69
-83
-100
-132
-193
-146
-130
-121
-177
-165
-144
-186
-181
-179
-156
-115
-74
-95
-75
-85
-58
-74
-97
-82
-83
-74
-49
-1
-14
-31
-22
35
82
51
51
116
111
99
59
6
35
24
31
20
31
32
44
55
46
57
15
2
-26
-89
-103
-85
-87
-96
-91
-49
-14
-115
-140
-145
-178
-186
-162
-190
-188
-123
-117
-83
-31
-56
-47
-17
-42
-39
-51
-97
-144
-179
-173
-136
-106
-80
-116
-118
-77
-57
-91
-164
-159
-152
-139
-118
-88
-82
-77
-51
-39
-28
-16
-17
-22
-28
-23
-1
-12
4
-6
-34
-49
-59
-37
-62
-86
-78
-133
-138
-137
-158
-195
-217
-217
-196
-182
-203
-163
-143
-192
-207
-194
-219
-243
-232
-207
-220
-192
-144
-159
-157
-128
-152
-152
-112
-94
-95
-87
-73
-45
-65
-51
-23
-65
-37
-43
-53
-105
-146
-184
-149
-148
-211
-175
-158
-155
-160
-117
-109
-124
-124
-147
-171
-211
-224
-236
-229
-168
-238
-246
-195
-256
-264
-280
-300
-281
-313
-282
-281
-275
-266
-238
-239
-235
-211
-220
-202
-259
-194
-192
-241
-223
-225
-226
-259
-267
-225
-225
-186
-171
-219
-191
-196
-175
-119
-130
-125
-120
-145
-133
-161
-163
-137
-159
-217
-241
-251
-339
-305
-282
-310
-315
-320
-299
-270
-232
-267
-259
-255
-272
-273
-248
-242
-226
-225
-258
-220
-207
-215
-203
-261
-284
-224
-214
-186
-179
-157
-161
-124
-89
-111
-92
-104
-124
-124
-156
-235
-218
-239
-297
-345
-340
-363
-399
-406
-390
-351
-354
-323
-306
-284
-287
-310
-321
-322
-320
-290
-242
-221
-219
-235
-244
-191
-193
-143
-99
-103
-70
-68
-89
-100
-85
-83
-94
-77
-76
-103
-102
-128
-120
-119
-184
-217
-242
-256
-280
-306
-302
-266
-242
-271
-311
-374
-374
-362
-381
-371
-393
-388
-350
-377
-345
-309
-247
-266
-244
-201
-213
-166
-151
-126
-110
-95
-152
-137
-139
-131
-171
-166
-141
-217
-264
-281
-241
-272
-310
-276
-313
-317
-315
-269
-256
-236
-246
-275
-283
-268
-272
-289
-247
-242
-270
-211
-233
-300
-232
-294
-313
-315
-319
-251
-271
-262
-258
-247
-223
-204
-179
-188
-160
-199
-196
-198
-226
-204
-219
-219
-210
-220
-229
-232
-229
-228
-228
-207
-188
-201
-239
-228
-213
-229
-206
-189
-187
-181
-177
-192
-195
-205
-200
-167
-194
-199
-236
-232
-255
-275
-230
-185
-162
-133
-128
-114
-122
-133
-124
-123
-196
-187
-158
-194
-196
-168
-119
-111
-117
-148
-151
-139
-172
-200
-174
-165
-170
-156
-168
-227
-204
-233
-234
-199
-223
-258
-236
-236
-227
-240
-279
-219
-185
-189
-221
-206
-191
-196
-173
-175
-183
-193
-171
-194
-174
-151
-190
-167
-205
-162
-188
-201
-168
-212
-167
-115
-98
-126
-83
-89
-105
-126
-89
-60
-56
-62
-67
-11
-34
-53
-66
-79
-75
-20
-13
-23
-19
-5
-43
-43
-28
-78
-46
-70
-101
-93
-90
-118
-103
-132
-149
-109
-100
-139
-140
-167
-173
-171
-188
-174
-176
-134
-104
-87
-63
-61
-70
-88
-93
-124
-151
-131
-84
-121
-150
-94
-98
-48
-72
-71
-14
-48
-30
-29
-38
-35
-58
-63
-46
35
21
15
17
7
45
62
16
17
-37
-37
12
-15
36
52
70
87
92
89
54
9
43
14
22
15
-28
33
-5
25
-33
-2
-11
-38
-26
-28
-16
-53
-11
-34
31
59
-12
45
15
26
74
10
0
-39
-24
-23
15
8
34
41
22
9
-2
10
34
22
15
53
-16
49
56
31
51
5
-4
-18
-35
-10
-46
-67
-101
-92
-28
-35
-39
-16
-20
-16
13
30
46
30
51
46
68
71
29
44
-12
-27
-3
12
-12
41
7
-18
32
-14
47
19
-11
26
25
18
10
-11
-30
-36
7
-6
-11
75
117
117
135
218
249
237
222
179
151
112
87
97
43
52
110
107
128
184
233
270
288
254
276
220
158
145
81
97
70
47
37
53
86
13
35
48
47
89
66
119
114
86
93
31
2
-59
-16
18
5
-11
50
79
111
149
175
155
121
123
38
18
13
-13
-9
-7
-5
-26
7
37
51
-3
7
93
109
105
116
120
52
49
-9
-42
-45
-11
-2
-33
-37
-73
-24
-14
29
47
77
99
104
71
112
140
58
55
53
36
7
-15
-11
9
63
81
55
79
108
134
135
123
158
210
207
177
175
165
112
8
9
2
-27
-8
-16
-54
-62
-65
-29
-43
-85
-75
-69
-31
-52
-47
-78
-110
-113
-133
-161
-140
-104
-104
-72
-68
-70
-12
-13
32
63
70
92
130
157
92
93
60
13
31
36
45
57
2
3
9
11
-11
-115
-112
-56
-72
-110
-105
-129
-132
-156
-148
-108
-192
-243
-211
-230
-166
-222
-221
-110
-121
-112
-107
2
-38
-56
-58
-108
-175
-141
-144
-194
-237
-237
-216
-183
-143
-133
-103
-76
-82
-113
-119
-136
-148
-146
-198
-238
-207
-237
-204
-211
-185
-168
-157
-123
-125
-148
-136
-152
-110
-109
-126
-95
-158
-156
-118
-132
-125
-139
-167
-157
-207
-185
-167
-186
-167
-152
-140
-158
-138
-176
-173
-180
-202
-191
-201
-218
-200
-222
-220
-250
-253
-230
-203
-168
-195
-180
-220
-194
-194
-210
-218
-211
-207
-263
-286
-346
-307
-325
-325
-278
-289
-302
-307
-284
-280
-309
-281
-253
-220
-168
-185
-207
-188
-164
-184
-201
-179
-197
-164
-163
-173
-110
-88
-50
-32
-61
-55
-63
-56
-115
-137
-126
-132
-145
-170
-159
-154
-222
-250
-219
-258
-322
-293
-312
-335
-336
-346
-351
-342
-377
-369
-335
-382
-335
-325
-346
-348
-309
-359
-327
-279
-280
-277
-301
-262
-289
-296
-262
-261
-271
-264
-244
-293
-287
-275
-293
-247
-246
-255
-197
-178
-251
-212
-222
-278
-235
-260
-301
-323
-352
-382
-377
-406
-407
-415
-417
-369
-359
-379
-364
-361
-294
-243
-254
-243
-245
-251
-263
-243
-264
-288
-333
-355
-309
-268
-303
-325
-351
-368
-344
-314
-305
-316
-314
-334
-346
-353
-403
-436
-480
-500
-442
-448
-483
-496
-472
-470
-435
-421
-330
-332
-321
-308
-295
-289
-293
-279
-276
-268
-242
-243
-267
-271
-214
-214
-257
-213
-184
-252
-305
-246
-211
-247
-256
-299
-312
-325
-344
-329
-336
-346
-349
-324
-346
-355
-356
-359
-351
-378
-353
-417
-407
-374
-378
-383
-418
-405
-395
-392
-362
-354
-390
-340
-347
-315
-324
-338
-328
-334
-349
-298
-329
-281
-269
-340
-308
-335
-328
-292
-306
-304
-288
-319
-285
-246
-309
-328
-313
-262
-246
-252
-260
-288
-300
-305
-328
-402
-386
-378
-351
-322
-321
-304
-311
-321
-308
-325
-366
-419
-386
-439
-437
-420
-461
-419
-456
-433
-411
-407
-351
-335
-336
-332
-291
-330
-337
-306
-289
-266
-251
-305
-343
-358
-321
-320
-262
-261
-272
-262
-265
-285
-263
-266
-275
-229
-235
-256
-253
-310
-300
-260
-332
-326
-333
-287
-277
-270
-267
-254
-228
-225
-216
-210
-159
-173
-191
-179
-197
-201
-164
-169
-163
-154
-175
-130
-158
-106
-126
-139
-143
-166
-177
-147
-94
-107
-128
-164
-218
-215
-195
-222
-243
-238
-243
-252
-279
-254
-265
-238
-228
-240
-214
-241
-190
-204
-167
-171
-200
-154
-159
-155
-167
-129
-123
-123
-90
-123
-115
-77
-68
-45
-120
-95
-99
-92
-94
-107
-81
-95
-110
-124
-90
-53
-61
-23
-15
-26
-23
-13
-21
-18
18
28
-6
-78
-89
-70
-111
-83
-94
-118
-89
-103
-74
-53
-66
-99
-94
-106
-99
-100
-67
-17
-32
-76
-55
8
44
64
38
49
101
137
120
171
223
245
258
285
299
266
279
293
300
287
317
287
274
300
279
264
265
236
233
226
207
153
125
95
68
50
-9
-14
-20
64
67
65
92
111
83
104
151
133
137
139
165
134
158
216
205
267
324
280
243
266
261
255
204
216
193
244
297
250
271
246
233
237
231
244
236
216
211
172
145
138
166
182
171
169
133
112
126
120
119
146
225
258
269
260
279
286
348
375
418
403
434
407
419
394
388
385
416
406
372
381
326
295
307
336
320
311
296
319
291
300
291
297
304
233
188
177
185
151
189
192
166
191
208
188
223
227
228
203
237
290
284
254
225
282
308
278
287
305
273
280
279
311
337
237
282
310
279
287
271
273
258
249
241
215
214
222
249
244
249
228
194
158
132
156
103
136
109
129
134
78
79
109
101
73
107
57
99
85
36
72
56
63
78
102
157
167
191
166
180
170
164
169
149
118
68
101
77
78
40
-21
-23
-88
-62
-91
-82
-89
-113
-80
-112
-135
-140
-118
-136
-113
-128
-90
-64
-37
2
-17
-49
-54
-39
-28
-4
39
65
114
156
147
182
203
179
169
179
137
172
127
140
135
96
119
87
52
47
10
-52
-90
-169
-164
-171
-238
-266
-274
-290
-276
-266
-301
-316
-313
-287
-300
-312
-268
-277
-214
-166
-161
-168
-116
-75
-59
-89
-64
-36
-1
52
44
73
110
102
109
48
75
121
79
58
98
118
41
46
-22
-47
-58
-99
-39
-103
-80
-49
-116
-162
-128
-120
-134
-147
-133
-101
-110
-111
-160
-133
-141
-132
-98
-124
-83
-32
-58
-8
36
18
17
32
28
16
42
50
51
64
51
47
47
50
86
111
112
116
125
147
117
17
31
-35
0
-35
-75
-80
-92
-96
-103
-68
-63
-69
-72
-28
-22
12
-29
-25
-24
-43
-57
-89
-51
-37
-75
-86
-39
-20
17
56
48
51
18
-19
-24
-37
-58
-22
34
34
57
117
120
166
107
118
162
134
118
129
107
164
145
150
132
117
123
69
79
61
2
6
10
17
60
46
89
96
94
133
173
123
97
64
51
31
-27
15
-21
-51
15
35
22
37
37
44
81
37
73
102
91
116
141
165
186
203
191
203
199
225
183
201
191
161
173
196
257
223
229
186
178
192
136
38
52
94
72
65
99
92
79
86
81
87
135
144
115
146
176
182
159
103
120
142
179
148
139
136
115
130
130
130
131
187
223
221
186
240
232
187
214
237
280
278
273
257
262
254
237
218
217
200
199
243
260
263
264
274
246
271
282
255
241
239
213
204
200
194
175
218
222
205
252
242
234
275
232
195
202
182
197
197
179
200
218
207
187
225
269
192
208
201
163
199
200
177
150
142
177
164
145
177
162
173
187
186
250
258
255
251
275
253
260
262
211
229
185
187
161
151
157
144
156
154
191
190
223
276
276
241
254
252
260
225
282
250
225
211
215
176
158
193
170
149
88
122
129
114
84
62
93
114
137
132
155
182
202
224
244
239
164
156
161
134
145
125
136
94
168
130
114
133
139
130
90
130
100
109
181
183
180
184
169
158
137
156
178
179
159
151
144
154
144
155
159
200
223
238
272
289
253
234
191
177
173
156
147
149
150
97
148
172
191
220
187
179
206
184
105
142
192
160
208
230
236
254
237
204
233
181
155
181
120
114
113
115
130
126
151
151
146
136
146
186
184
201
204
169
201
237
237
243
240
205
259
213
224
234
210
199
189
186
227
240
226
272
249
291
276
259
268
230
224
226
244
267
265
276
223
193
218
185
169
169
168
164
145
152
115
130
84
62
7
21
18
20
11
-45
34
70
78
74
75
80
62
75
47
14
44
48
128
133
137
150
174
180
190
172
173
200
195
209
210
176
238
257
265
252
208
182
154
193
139
109
88
43
17
37
12
6
-20
-27
-13
-74
-60
-12
-7
28
6
62
21
19
31
10
25
-29
-46
-32
-4
-22
8
-8
41
70
96
87
83
113
100
145
118
74
67
49
20
53
87
46
36
19
40
63
64
68
65
52
34
25
0
-12
5
1
-60
-76
-76
-68
-77
-96
-87
-25
-22
-2
91
51
48
-17
36
55
54
71
74
100
111
144
155
215
203
189
166
196
213
211
192
136
159
104
101
84
48
37
68
34
74
86
33
34
26
33
-7
-5
-2
-25
-37
3
13
13
-1
-2
-54
-93
-52
-67
-25
17
-24
-18
-28
-28
-12
12
33
35
74
42
2
-29
-9
-23
-28
38
13
-21
-42
-28
-57
-30
-20
-60
-19
-52
-70
-60
-49
-58
-89
-37
-40
-23
21
19
32
63
30
16
56
51
51
41
57
30
62
47
60
66
97
144
89
58
73
105
69
73
94
92
130
167
86
105
70
-4
12
-7
2
-30
-25
-11
-15
-36
5
15
-32
-34
-86
-80
-118
-91
-71
-75
-81
-82
-92
-82
-85
-83
-63
-26
-27
-8
30
-34
26
79
77
66
41
6
61
27
39
3
-14
79
59
93
30
21
43
42
17
58
28
18
13
-25
-6
-44
-58
-58
-12
19
67
61
64
42
61
57
57
26
42
79
77
115
75
52
138
106
72
30
33
58
33
39
89
98
85
88
87
86
42
32
-7
-17
-23
-64
-61
-106
-135
-119
-133
-100
-117
-116
-98
-115
-98
-82
-111
-87
-80
-84
-36
-16
-27
-45
-81
-93
-62
-32
18
55
31
46
66
22
12
19
-15
18
14
-9
13
-6
-15
16
-37
-73
-56
-91
-102
-131
-138
-117
-149
-132
-110
-99
-112
-142
-139
-139
-154
-179
-176
-141
-177
-177
-205
-232
-230
-214
-201
-175
-133
-126
-78
-73
-21
-13
4
26
-2
11
-8
-2
-55
-60
-43
-45
-16
-10
19
2
49
43
19
13
-8
-17
-42
-17
-27
30
-21
-53
-68
-52
-38
-84
-140
-139
-118
-131
-105
-62
-64
-37
-15
-16
1
-27
18
23
17
23
32
30
14
3
15
23
-18
-16
15
84
62
59
139
163
152
161
139
174
150
99
111
29
36
75
79
91
90
82
59
23
30
51
53
59
12
-23
-25
-51
-38
-25
-34
-8
-21
19
3
4
55
5
20
19
11
20
29
100
79
124
172
160
106
113
154
126
116
121
123
137
130
139
116
126
107
116
163
166
154
145
141
133
99
127
97
71
83
78
89
35
98
62
52
71
54
87
22
69
71
96
98
58
29
-8
-9
-8
6
29
41
36
47
63
95
89
83
63
78
81
17
3
102
97
104
100
75
61
31
121
100
72
74
112
95
104
132
122
92
109
141
130
120
122
141
72
82
94
79
97
119
83
114
148
98
106
176
188
129
155
148
142
172
165
183
182
214
186
204
201
180
191
189
187
193
202
173
171
145
162
118
117
115
91
117
129
138
120
137
146
160
149
185
188
256
208
205
246
216
215
212
257
246
285
285
303
326
288
308
305
304
265
253
213
169
184
165
160
125
67
36
113
126
88
89
82
59
73
88
78
88
104
97
86
70
57
95
130
138
106
121
157
151
170
186
152
190
198
221
230
198
189
191
259
242
284
307
291
277
262
312
339
350
307
275
269
261
259
232
252
249
273
253
271
283
212
179
175
180
196
221
205
201
234
203
182
226
217
187
208
203
247
222
192
184
174
212
110
139
177
115
124
119
155
154
84
88
71
42
75
105
105
146
163
162
190
166
160
198
242
222
204
246
256
245
197
194
163
145
128
123
184
179
182
189
162
121
135
119
124
145
130
88
83
103
137
150
127
102
136
126
132
140
153
129
134
121
106
131
119
140
115
93
134
129
135
129
101
94
91
72
92
59
28
122
105
169
194
202
219
234
298
337
376
396
419
401
364
380
353
316
361
326
289
277
277
246
230
261
251
230
212
160
158
160
103
113
126
90
92
88
53
15
53
40
56
23
-33
-11
-66
-12
20
36
72
75
89
104
139
120
126
133
127
137
179
181
202
175
187
178
199
228
218
185
219
215
169
178
159
198
185
193
186
185
201
182
187
173
82
81
110
117
135
105
133
136
137
100
110
118
115
135
77
121
133
159
163
143
139
125
139
135
96
113
110
90
75
80
41
66
51
45
68
57
66
19
22
40
2
-21
-21
-40
15
14
4
6
-19
4
-32
-13
-15
-21
-13
-45
-19
-42
-20
-7
-12
-15
-37
-20
-29
-25
-75
-55
-79
-67
-64
-64
-24
-34
-24
12
8
-50
-41
-63
-98
-70
-57
-10
-12
-15
22
34
20
-12
-30
-50
-4
-35
-32
-23
6
20
12
43
21
-13
-35
-15
15
-8
17
12
15
14
17
-8
-7
-31
-60
-126
-148
-147
-154
-161
-217
-176
-183
-177
-174
-190
-201
-165
-157
-211
-219
-228
-191
-141
-162
-149
-140
-155
-194
-218
-253
-208
-190
-142
-106
-108
-62
-56
-29
-10
-22
-63
-99
-139
-124
-130
-168
-166
-131
-140
-135
-79
-121
-77
-105
-128
-139
-140
-97
-125
-127
-149
-169
-136
-156
-108
-121
-109
-74
-96
-137
-124
-137
-145
-123
-149
-98
-71
-4
-21
0
-7
-33
-45
-54
-39
-64
-21
-31
-38
13
-20
-47
-32
-68
-129
-162
-147
-205
-220
-207
-235
-235
-219
-196
-190
-122
-116
-159
-154
-184
-185
-186
-214
-203
-233
-236
-250
-260
-242
-212
-206
-182
-164
-168
-150
-171
-192
-204
-157
-161
-161
-147
-172
-247
-286
-267
-273
-302
-344
-331
-353
-344
-381
-379
-367
-320
-287
-288
-286
-274
-243
-275
-264
-235
-343
-308
-273
-256
-197
-196
-168
-178
-174
-128
-112
-92
-76
-96
-89
-53
-57
-43
-30
-81
-95
-81
-111
-165
-232
-210
-222
-210
-213
-197
-187
-224
-255
-313
-322
-315
-355
-347
-339
-307
-324
-267
-247
-259
-244
-231
-200
-248
-233
-229
-271
-298
-266
-224
-224
-207
-200
-201
-136
-98
-56
-45
-19
-35
-46
-38
-83
-82
-105
-136
-139
-117
-117
-104
-137
-142
-74
-105
-209
-177
-229
-272
-235
-272
-284
-302
-254
-274
-270
-270
-274
-254
-303
-351
-306
-240
-224
-257
-272
-233
-250
-211
-204
-215
-201
-208
-233
-199
-177
-215
-206
-206
-146
-131
-120
-154
-175
-183
-197
-184
-211
-209
-216
-185
-247
-329
-309
-311
-352
-332
-285
-275
-248
-209
-195
-195
-253
-195
-174
-214
-224
-238
-224
-238
-254
-242
-235
-232
-253
-279
-267
-226
-198
-206
-171
-181
-189
-204
-129
-124
-157
-161
-196
-179
-194
-160
-169
-138
-119
-78
-50
-24
-33
-106
-67
-60
-61
-10
-42
-26
-8
-34
-16
-22
-80
-147
-113
-145
-169
-147
-126
-111
-62
-84
-112
-95
-36
-61
-22
-15
-115
-131
-122
-158
-202
-174
-146
-141
-147
-113
-43
20
8
46
57
17
37
28
9
-44
-70
-109
-117
-156
-173
-174
-193
-111
-105
-77
-98
-5
-35
-58
-15
-12
-21
-77
-71
-43
-28
-21
5
13
41
84
109
88
78
86
61
41
60
34
-27
-55
-63
-8
-77
-40
46
39
54
36
47
32
17
19
30
-3
8
21
-15
0
32
7
6
0
-19
-4
-25
2
24
64
102
152
150
193
167
137
140
109
76
67
77
41
29
14
6
-7
23
-10
0
10
-1
21
3
25
3
45
61
48
36
-33
-67
-44
-68
-79
-51
-51
3
14
38
73
95
87
92
113
87
74
41
21
47
18
-4
24
46
-9
-13
-6
0
14
-16
-15
-33
-23
-44
-36
-19
-57
-18
-38
-48
-29
-60
-67
-70
-62
-70
3
39
44
3
31
31
-41
-14
-46
-91
-111
-158
-194
-162
-170
-153
-157
-154
-116
-87
-58
-58
-26
-87
-42
-43
-51
-71
-88
-128
-153
-140
-164
-144
-124
-80
-118
-89
-60
-51
-45
-33
-27
-19
-36
-58
-77
-37
-50
-43
-68
-112
-130
-152
-124
-99
-89
-168
-124
-151
-136
-162
-124
-97
-104
-112
-86
-6
-45
-39
-96
-108
-93
-63
-75
-84
-81
-60
-89
-78
-108
-93
-64
-86
-41
-8
-16
-34
28
-5
-35
-92
-134
-88
-98
-97
-110
-85
-121
-56
-7
-63
-81
-116
-132
-120
-129
-143
-137
-157
-121
-87
-86
-121
-99
-105
-101
-135
-130
-177
-165
-117
-157
-163
-180
-156
-163
-174
-205
-211
-192
-121
-89
-107
-73
-78
-67
-85
-59
-55
-42
-54
-96
-89
-90
-116
-121
-140
-157
-92
-132
-122
-89
-69
-115
-132
-159
-142
-138
-178
-131
-138
-109
-129
-146
-120
-87
-65
-63
-49
-52
-29
-37
-51
-84
-103
-57
-65
11
15
59
118
113
143
144
196
188
183
136
113
54
60
76
49
40
110
62
26
58
30
19
17
41
48
69
69
60
67
-5
16
-2
-52
-31
-24
-7
-10
-55
-32
-58
-45
-28
-49
-14
-48
-16
-29
39
31
20
94
80
102
142
164
133
175
161
193
228
195
169
221
195
246
251
251
252
211
260
260
240
266
221
236
264
217
200
210
196
205
191
184
217
202
195
172
170
156
149
117
118
138
134
160
146
162
148
198
179
191
209
166
142
159
158
157
201
202
231
273
231
267
301
298
255
215
193
166
166
179
159
191
241
210
210
205
251
235
235
190
194
146
127
170
200
218
244
282
238
244
227
263
299
306
290
308
344
348
341
354
323
315
357
336
297
319
310
265
260
266
261
305
305
272
226
222
230
275
287
302
288
277
267
264
307
316
315
328
310
304
296
333
348
315
301
290
294
244
274
226
272
335
333
301
315
305
270
330
347
292
254
290
314
284
295
265
302
239
222
246
230
227
214
217
187
207
230
225
232
261
206
261
265
271
349
375
393
365
349
343
362
349
330
345
336
371
361
400
397
368
402
404
367
339
370
368
382
325
317
324
294
296
248
227
223
164
164
169
168
163
154
201
215
165
173
206
202
221
254
242
216
224
202
171
200
220
230
222
231
243
247
270
255
248
272
285
324
316
288
286
305
308
248
301
282
302
315
330
316
329
343
320
256
276
302
269
293
268
282
323
314
306
299
314
303
312
315
349
293
266
260
259
285
216
199
207
222
246
244
230
183
204
214
169
203
181
189
225
267
278
267
296
307
323
296
316
287
291
245
226
274
275
230
250
290
325
386
393
409
368
364
304
277
211
184
184
167
229
226
227
283
274
259
264
259
227
190
142
137
115
99
90
72
81
103
133
119
162
235
270
273
312
347
377
372
335
294
307
295
258
297
283
252
192
224
241
214
208
230
274
285
357
402
404
370
372
337
358
317
265
263
216
214
216
203
154
165
168
180
206
208
236
189
206
207
215
208
149
137
172
145
107
142
181
184
193
183
223
254
249
207
165
173
176
144
88
66
94
75
117
84
71
91
58
96
56
41
54
39
21
57
46
27
10
-40
14
40
30
72
118
109
123
138
198
176
187
220
250
278
286
337
313
302
311
334
251
246
298
307
261
243
274
288
303
277
329
356
317
301
354
376
359
369
377
351
345
327
274
263
202
174
133
147
183
205
208
164
219
230
189
183
154
58
43
27
-12
19
-1
27
83
98
62
40
39
45
74
82
54
46
-45
-58
-56
-13
-20
-12
16
34
131
126
125
71
75
133
87
98
85
23
42
28
23
32
37
51
80
74
65
85
123
150
159
162
144
151
166
164
130
107
136
143
157
134
146
151
137
145
170
161
168
167
100
137
107
97
98
68
125
132
141
166
143
150
163
200
192
224
233
234
266
235
226
207
228
219
186
175
177
151
176
166
161
197
187
225
254
221
214
203
183
126
118
129
93
52
76
3
-12
13
-71
-72
-72
-110
-95
-89
-154
-135
-175
-193
-203
-228
-161
-216
-244
-264
-306
-373
-437
-447
-384
-340
-318
-291
-311
-288
-307
-273
-259
-209
-177
-151
-157
-146
-77
-102
-65
-48
-16
-38
-55
-7
17
12
43
79
90
119
147
214
209
155
180
162
133
145
144
173
199
227
209
230
302
308
309
322
367
372
366
371
376
379
366
328
383
389
398
376
363
385
344
361
312
298
325
394
368
353
347
278
280
231
243
209
208
236
189
173
184
149
113
5
9
1
-67
-56
-130
-125
-207
-272
-279
-326
-402
-498
-519
-563
-605
-609
-619
-683
-726
-731
-760
-735
-738
-732
-723
-748
-749
-781
-773
-802
-808
-799
-747
-727
-731
-734
-737
-694
-685
-691
-674
-622
-608
-559
-482
-436
-411
-416
-327
-277
-229
-164
-96
-16
-8
82
150
175
161
223
258
318
346
356
446
482
527
554
638
713
733
793
792
832
876
882
868
888
884
930
947
973
979
920
919
891
898
842
815
761
650
638
608
563
542
528
446
379
260
154
78
-10
-112
-214
-271
-306
-364
-450
-475
-501
-533
-565
-607
-631
-712
-757
-814
-908
-973
-1021
-1024
-1064
-1079
-1056
-1088
-1117
-1141
-1135
-1161
-1207
-1220
-1234
-1200
-1155
-1153
-1183
-1148
-1204
-1196
-1199
-1169
-1093
-1064
-981
-959
-942
-896
-860
-779
-703
-665
-528
-406
-298
-225
-150
-89
-39
23
94
199
280
351
347
444
573
630
697
690
772
790
721
779
819
795
850
868
857
814
796
798
815
796
764
760
704
700
693
674
695
656
658
682
705
675
589
561
553
477
433
376
314
308
255
205
205
215
155
104
74
70
22
-38
-23
-87
-122
-154
-174
-188
-197
-283
-335
-313
-337
-379
-381
-370
-399
-386
-427
-417
-490
-495
-549
-548
-554
-614
-662
-659
-595
-646
-691
-718
-731
-725
-770
-788
-828
-859
-879
-911
-918
-977
-1010
-1071
-1091
-1096
-1099
-1103
-1112
-1082
-1064
-1054
-995
-978
-923
-834
-751
-691
-598
-546
-455
-407
-356
-310
-260
-155
-105
-8
86
166
193
269
331
341
412
430
441
474
520
587
588
599
604
624
665
640
649
620
584
566
596
587
601
620
591
542
547
561
547
560
511
555
553
535
532
495
471
439
398
377
344
304
292
228
171
132
121
103
83
23
22
1
-38
-73
-90
-150
-153
-174
-188
-177
-121
-120
-171
-150
-154
-145
-168
-178
-202
-217
-235
-242
-246
-269
-314
-314
-318
-362
-413
-473
-439
-520
-550
-564
-684
-744
-796
-791
-856
-918
-909
-949
-1044
-1061
-1121
-1182
-1196
-1235
-1239
-1276
-1239
-1210
-1173
-1156
-1087
-1084
-1029
-938
-886
-812
-784
-662
-589
-472
-438
-388
-267
-198
-152
-41
87
148
200
295
346
434
513
553
663
732
781
867
946
953
992
1003
1015
993
1023
1072
1023
1030
1020
1045
1006
970
942
936
912
905
885
799
802
764
739
718
676
621
614
584
494
402
356
321
210
193
165
119
143
145
123
80
31
-18
-47
-94
-184
-184
-219
-261
-327
-354
-345
-390
-398
-434
-464
-496
-529
-533
-564
-513
-540
-547
-549
-579
-563
-588
-590
-651
-628
-689
-724
-724
-728
-752
-778
-808
-823
-892
-890
-891
-919
-949
-1048
-1089
-1167
-1206
-1195
-1200
-1186
-1194
-1180
-1178
-1171
-1107
-1092
-1014
-952
-910
-808
-761
-683
-585
-526
-416
-346
-268
-99
-46
10
107
94
143
264
380
478
522
607
647
721
738
742
813
864
957
955
935
947
951
937
868
882
857
811
837
754
743
703
678
675
623
600
598
611
571
585
487
450
432
407
421
363
332
283
232
197
150
74
77
24
21
-24
-21
-48
-93
-62
-117
-173
-173
-196
-251
-248
-275
-333
-364
-383
-381
-389
-456
-476
-440
-448
-486
-453
-434
-443
-451
-441
-462
-451
-473
-540
-582
-582
-597
-654
-680
-711
-712
-751
-762
-778
-874
-836
-853
-925
-943
-973
-1009
-1071
-1062
-1111
-1137
-1166
-1158
-1128
-1137
-1105
-1089
-1048
-1017
-955
-876
-777
-700
-614
-540
-460
-410
-368
-264
-205
-128
-52
-39
42
123
205
238
351
437
458
487
510
561
568
581
613
595
640
640
622
637
632
636
615
586
577
622
663
604
554
572
522
511
526
490
498
515
486
453
430
353
325
348
280
216
199
239
151
160
143
76
46
0
-49
-131
-150
-181
-204
-206
-207
-229
-300
-320
-322
-358
-358
-425
-466
-486
-490
-532
-555
-549
-552
-527
-491
-477
-452
-497
-483
-466
-459
-498
-524
-520
-544
-517
-543
-362
-371
-618
-615
-519
-658
-782
-672
-698
-794
-774
-769
-808
-811
-793
-852
-952
-984
-973
-980
-990
-1001
-973
-945
-866
-882
-885
-845
-740
-699
-626
-498
-443
-360
-278
-196
-234
-120
-42
-50
-6
75
112
114
179
178
175
231
259
266
325
382
399
393
413
404
376
408
389
373
389
426
448
464
494
459
441
428
424
434
494
468
447
397
407
454
379
415
358
339
287
244
228
199
108
58
22
-4
-25
-36
-111
-183
-146
-177
-158
-219
-261
-312
-48
-96
-491
-464
-203
-338
-589
-488
-463
-506
-494
-337
-410
-252
-89
-241
-59
-56
-347
-412
-120
-256
-447
-306
-273
-290
-267
-183
-307
-295
-286
-387
-491
-466
-514
-631
-637
-669
-719
-755
-734
-795
-845
-853
-890
-971
-1025
-1030
-1046
-1055
-1020
-1029
-1031
-947
-942
-933
-875
-810
-781
-700
-589
-560
-505
-412
-307
-225
-98
-29
-72
-25
73
121
191
200
261
286
277
405
463
373
401
477
436
442
422
446
409
372
392
392
326
376
438
402
354
367
356
286
303
339
312
259
271
277
278
227
180
199
135
131
218
184
80
83
74
44
138
115
32
-9
73
-29
-153
-58
-206
-272
-212
-232
-344
-215
-302
-417
-305
17
-174
-433
-310
-195
-272
-324
-319
-363
-214
-306
-322
-255
-269
-496
-283
-242
-490
-379
-308
-358
-470
-389
-278
-565
-636
-502
-496
-731
-697
-623
-726
-1044
-933
-858
-1022
-975
-933
-1024
-1050
-923
-1163
-1073
-829
-1028
-1110
-859
-883
-984
-844
-711
-670
-638
-486
-421
-521
-284
-167
-245
-110
122
45
-68
199
257
191
396
489
348
467
434
355
469
439
378
531
458
440
360
391
484
275
416
300
107
498
467
-174
598
432
85
188
421
380
86
492
336
253
158
354
453
-93
130
644
-181
58
376
153
193
-198
-62
216
26
-73
-63
72
-132
-143
-179
209
-464
-446
25
-149
-288
-150
-488
-433
136
-277
-445
-366
-67
-515
-318
-71
-555
-500
-74
-569
-226
-163
-664
-436
-148
-497
-534
-288
-666
-879
-533
-377
-925
-930
-557
-895
-829
-643
-782
-1178
-1115
-936
-708
-871
-1184
-1127
-839
-850
-1171
-852
-757
-983
-1049
-695
-647
-843
-861
-792
-645
-480
-484
-512
-424
-426
-117
42
-219
-221
206
113
-6
474
175
-128
279
353
-63
342
343
-75
29
518
333
184
55
274
534
-134
475
368
9
145
192
292
490
-78
142
404
98
218
395
173
74
-9
716
287
36
124
328
390
96
341
186
515
22
247
285
445
-170
-66
367
100
67
-157
449
-28
-404
-14
195
236
-458
90
-117
452
-356
-146
265
-626
119
305
-297
-436
277
-431
-139
-79
187
-807
-383
160
27
-441
-432
-446
-612
-64
-554
-388
-913
-1020
-346
-452
-1024
-679
-882
-1402
-896
-909
-880
-1234
-1118
-815
-1274
-974
-987
-1219
-1252
-739
-1125
-965
-904
-1069
-1029
-533
-265
-682
-553
-298
-233
-520
137
267
-261
-230
425
295
27
299
453
65
623
733
344
697
468
549
794
776
702
604
330
820
961
490
416
794
565
450
807
978
574
407
493
969
492
138
1265
787
-179
611
1271
556
0
280
809
852
394
213
465
834
35
955
529
-187
242
285
690
-276
529
-88
-584
530
148
-48
-650
-565
380
442
-491
-58
-223
-454
177
177
-150
-739
-217
-161
-45
-71
-575
-162
-310
-44
141
-793
-222
-185
-983
368
47
-1339
-422
-230
-464
-516
-697
-1424
-1315
-653
-968
-1118
-1076
-1154
-1455
-1348
-745
-1620
-1670
-677
-1013
-1183
-763
-1010
-1022
-736
-273
-219
-563
-62
-285
-199
356
709
483
220
920
1028
800
748
921
1392
1201
1199
1181
1140
1434
827
1187
1525
1111
650
675
1276
1193
1117
1068
476
871
828
1011
312
1
1390
559
431
1175
352
169
945
642
1040
1207
95
28
1087
1645
469
-254
635
1256
928
374
834
681
635
731
1174
950
261
450
52
1343
1015
-1047
1086
495
-198
312
1548
-662
-513
785
309
-143
-90
-477
-394
672
-1063
289
155
-913
-1261
687
1144
-2071
-339
136
-712
-208
110
-649
-1217
-100
-805
-625
-924
-758
-1287
-1457
-692
-1109
-1109
-1648
-1124
-1535
-1016
-1265
-1151
-1200
-1307
-1046
-1059
-171
-750
-1097
-442
251
-20
-121
338
346
772
1113
841
786
1101
1143
1337
1860
1606
1002
1612
1957
1339
1820
1697
1025
1186
1620
1741
1492
932
1177
1620
1131
820
1175
1048
876
1028
1447
1003
411
816
1036
932
934
1102
256
416
1104
1585
556
524
1541
1279
913
549
1515
1269
380
1335
1810
835
466
1220
764
1368
1030
450
447
1217
1074
-250
1028
661
-124
321
841
431
-657
280
-172
180
532
364
-1607
40
487
-511
-207
-754
-699
-677
454
-357
-1306
-1144
-239
-994
-1541
-337
-1192
-1952
-687
-530
-1666
-2256
-1559
-1159
-1026
-1463
-1776
-1725
-1146
-812
-1266
-1125
-1234
-1278
-796
-130
-480
-428
-46
398
374
630
1008
835
668
1109
1695
1906
1691
1470
1798
2312
2418
1951
2010
2186
2016
2036
2179
2007
1541
2215
1730
1514
2137
1495
930
1003
1637
1538
1243
259
259
1326
1127
576
804
761
-241
583
1473
1031
291
371
760
991
1091
231
541
1441
1272
974
1180
986
867
1267
1036
1668
658
307
775
1359
975
324
639
736
763
357
954
-219
-228
744
434
-362
-665
-110
-693
-353
-99
-737
-1241
-792
-701
-920
-1439
-1447
-721
-1154
-1658
-1267
-1420
-2391
-2243
-1378
-1950
-2575
-2437
-1944
-1481
-1431
-2434
-3053
-1980
-956
-1094
-1416
-1849
-1697
-905
-335
-283
-799
-473
278
564
529
762
1119
997
1394
1897
2045
2094
1843
1952
2682
2929
2624
2179
2319
2668
2642
2553
1997
1840
2159
2282
1905
1788
1882
1528
1013
1398
1533
812
856
1092
554
458
836
299
94
652
605
599
554
529
590
906
828
948
960
1180
1142
872
1048
1328
1326
850
1121
1733
1293
506
1184
1473
790
893
907
545
674
990
1050
320
-144
-269
-236
-217
79
-946
-1457
-568
-130
-842
-1866
-2305
-1112
-712
-2190
-1842
-1962
-2386
-2543
-2236
-2017
-2370
-3346
-3510
-2934
-2732
-2636
-2359
-2576
-3483
-3512
-2054
-1021
-1946
-3010
-2481
-1163
-154
-563
-1441
-723
216
796
775
798
924
1426
2108
2595
2607
2340
2224
2748
3416
3556
3213
2682
2852
3259
3346
2970
2702
2381
2528
2682
2344
1727
1430
1473
1586
1627
1079
779
784
650
604
700
629
2
-266
382
578
214
297
299
355
698
406
362
840
967
811
1347
1200
536
985
1669
1442
850
751
1138
932
923
1358
750
90
714
1035
133
-78
-102
-275
132
312
-470
-1552
-1503
-451
-682
-1586
-1805
-1273
-1402
-1466
-2241
-2809
-2976
-2524
-2379
-3012
-3260
-4003
-3923
-3546
-2940
-3127
-3527
-3546
-4167
-3585
-2416
-1945
-2947
-3466
-2816
-1563
-908
-1665
-1825
-685
518
388
99
447
1392
2199
2356
2452
2269
2744
3348
3895
4081
3988
3551
3367
3824
4219
4119
3675
3412
3397
3378
3263
2891
2587
2416
2455
2301
1706
1055
1176
1429
1165
549
350
393
320
149
127
256
-73
-261
-170
213
135
-6
281
440
370
438
565
712
1014
784
858
850
622
413
924
1381
806
429
-42
220
645
285
30
-209
-88
-403
-560
-1110
-1148
-1154
-934
-1148
-1783
-2121
-2229
-2106
-2124
-2513
-3165
-3248
-3299
-3442
-3773
-3642
-4194
-4476
-3502
-2906
-3315
-4667
-5050
-3497
-1766
-1925
-3687
-4168
-2701
-1060
-610
-1417
-1714
-1019
54
800
910
1074
1416
2008
2654
2778
2879
2968
3423
4080
4459
4023
3539
3475
4093
4813
4495
3729
3035
3272
3882
3903
3303
2483
2299
2384
2244
1782
1596
1486
1186
746
534
445
128
217
254
42
-68
-246
-280
-36
194
-63
-260
-93
213
38
-39
164
108
28
305
456
428
596
643
539
414
217
170
333
230
45
-114
-225
-460
-413
-794
-998
-1097
-1153
-1335
-1586
-2052
-2554
-2582
-2272
-2391
-3312
-4090
-4196
-4159
-3963
-4278
-4852
-4000
-3460
-4172
-5320
-5109
-3774
-2911
-3172
-3982
-3829
-2824
-1723
-1702
-1912
-1417
-731
-168
21
543
1270
1858
1974
2084
2367
2942
3410
3588
3873
4000
3903
3673
3909
4298
4362
4037
3599
3312
3288
3372
3217
2915
2621
2447
2197
1811
1561
1576
1606
1199
658
604
667
412
334
236
94
-35
-54
-118
-197
-116
-34
-211
-408
-337
-46
119
-75
-125
-28
-26
-90
52
-32
-139
-23
-125
-285
-268
-421
-728
-449
-383
-1016
-1108
-1102
-1242
-1300
-1703
-2003
-2140
-1973
-2353
-2858
-2967
-3136
-3521
-3803
-3927
-4152
-4554
-4276
-3540
-3438
-4170
-5492
-5095
-3371
-2459
-3331
-4580
-4112
-2692
-1759
-1911
-2002
-1686
-1005
-275
3
412
993
1563
1821
2087
2289
2704
3196
3547
3703
3770
3517
3397
3691
3977
4111
3783
3329
3069
3222
3416
3275
2736
2433
2358
2011
1665
1528
1511
1363
1018
569
411
380
269
253
141
-72
-228
-240
-267
-133
-96
-176
-278
-290
-158
-99
-33
-45
87
176
-133
-535
-278
252
245
-327
-647
-439
-274
-443
-830
-1009
-953
-994
-1231
-1570
-1768
-1823
-1889
-2043
-2442
-2932
-3066
-3050
-3238
-3449
-3891
-4248
-4605
-4859
-3857
-2945
-3498
-5155
-5788
-3960
-2136
-2316
-4102
-4716
-3300
-1649
-1302
-2121
-2166
-1272
-340
169
300
370
827
1617
2198
2233
2064
2384
3108
3744
3859
3471
3182
3357
3789
4123
3963
3307
2870
3045
3303
3265
2863
2389
2232
2206
1890
1558
1472
1471
1229
713
322
298
429
300
-17
-313
-400
-308
-326
-447
-401
-387
-466
-530
-520
-475
-286
-163
-174
-282
-228
-160
-191
-165
-208
-238
-520
-581
-532
-608
-769
-849
-956
-1337
-1614
-1727
-1649
-1626
-2201
-2709
-2749
-2842
-3057
-3217
-3774
-4079
-4345
-4463
-4791
-4368
-3627
-3754
-4645
-5431
-4442
-3011
-2633
-3774
-4345
-3226
-1760
-1238
-1661
-1637
-949
-67
209
502
1037
1675
2147
2374
2682
2924
3276
3698
4193
4148
3817
3766
4060
4358
4258
4068
3662
3325
3168
3365
3369
2843
2255
2146
2220
1855
1394
1173
1228
842
224
-65
46
153
-46
-370
-678
-612
-575
-697
-670
-568
-618
-624
-572
-467
-270
-49
-33
-248
-235
-173
-113
-58
-132
-130
-66
-105
-311
-448
-418
-594
-721
-877
-1052
-1264
-1402
-1456
-1675
-1936
-2479
-3009
-3019
-2834
-3197
-3887
-4322
-4328
-4597
-4803
-4069
-3654
-4331
-5486
-5433
-3890
-2803
-3590
-4737
-4303
-2714
-1767
-1965
-2263
-1685
-718
-94
143
519
1138
1835
2268
2394
2574
3030
3605
4069
4237
4230
4122
4211
4414
4743
4873
4465
3834
3635
3921
4069
3692
3015
2630
2525
2388
1923
1610
1397
1031
689
304
164
79
97
-124
-659
-863
-784
-574
-617
-843
-961
-910
-832
-891
-754
-611
-701
-867
-794
-546
-441
-463
-427
-452
-503
-477
-511
-390
-266
-519
-954
-1150
-982
-1006
-1118
-1429
-1833
-2047
-2246
-2524
-2938
-3079
-3390
-3750
-4219
-4607
-4975
-4956
-3997
-3748
-4726
-6081
-5827
-3991
-2575
-3382
-5075
-4921
-2903
-1428
-1759
-2522
-2142
-757
154
209
419
1152
2037
2496
2563
2696
3071
3710
4392
4621
4346
4068
4234
4841
5012
4720
4418
4061
3891
3958
4063
3733
3180
2708
2613
2462
1996
1656
1513
1318
839
157
-54
122
123
-246
-728
-997
-977
-741
-737
-824
-938
-1074
-1040
-951
-671
-518
-563
-687
-613
-378
-249
-241
-275
-239
-202
-253
-351
-347
-263
-88
-352
-844
-961
-882
-841
-1142
-1544
-1781
-1922
-2284
-2552
-2744
-2929
-3390
-4011
-4209
-4369
-4736
-4672
-3785
-3600
-4559
-5856
-5492
-3406
-2283
-3477
-5109
-4473
-2311
-1003
-1645
-2401
-1821
-391
519
588
698
1343
2262
2635
2677
2786
3230
3925
4476
4596
4225
4055
4280
4785
4942
4603
4300
3890
3840
4038
4075
3828
3113
2638
2619
2433
2127
1784
1543
1327
825
289
191
454
521
-12
-706
-894
-595
-318
-373
-733
-977
-936
-859
-794
-647
-514
-560
-642
-714
-594
-371
-197
-124
-185
-274
-285
-225
-123
-154
-56
-288
-749
-865
-705
-711
-975
-1582
-1975
-1967
-2140
-2533
-2975
-3322
-3755
-4047
-4236
-4518
-4854
-4222
-3550
-4162
-5569
-6016
-4414
-2682
-2959
-4695
-5088
-3330
-1517
-1507
-2329
-2168
-945
154
398
542
1242
2178
2579
2638
2739
3203
3912
4556
4791
4487
4154
4413
5029
5259
4925
4448
4010
3932
4138
4133
3734
3075
2678
2684
2502
1948
1467
1375
1332
924
135
-206
163
450
159
-601
-1104
-819
-301
-251
-780
-1120
-851
-515
-484
-515
-510
-399
-222
-219
-242
-170
-3
149
288
258
141
-76
37
258
159
-131
-431
-436
-257
-192
-745
-1318
-1487
-1411
-1635
-2083
-2490
-2648
-2836
-3264
-3785
-4277
-4648
-4903
-4368
-3764
-4180
-5380
-6058
-4768
-2906
-2959
-4884
-5571
-3740
-1664
-1661
-2697
-2594
-1178
17
42
71
911
2117
2696
2692
2773
3267
3990
4715
4989
4696
4525
4793
5280
5501
5297
4968
4687
4507
4437
4304
4035
3701
3280
3022
2726
2294
1917
1736
1624
1164
409
-139
73
344
58
-580
-1010
-864
-558
-522
-789
-1064
-938
-613
-626
-656
-494
-304
-202
-338
-242
27
283
379
369
395
382
309
296
437
468
201
-76
-145
-58
-258
-571
-923
-1220
-1553
-1845
-2001
-2333
-2612
-2881
-3295
-3742
-4060
-4306
-4529
-4017
-3695
-4383
-5503
-5600
-4116
-2904
-3416
-4898
-4962
-3289
-1944
-2122
-2705
-2197
-1033
-270
-181
53
973
1901
2257
2179
2375
3066
3855
4423
4485
4218
4119
4457
5085
5256
4887
4589
4529
4564
4449
4224
4142
4018
3558
3113
2775
2529
2352
2180
1838
1166
532
411
628
659
149
-552
-765
-636
-438
-511
-889
-1042
-899
-800
-918
-893
-663
-538
-576
-706
-625
-358
-164
-150
-180
-204
-167
40
181
200
-67
-299
-327
-199
-105
-383
-745
-969
-1055
-1187
-1473
-1853
-2187
-2331
-2631
-3146
-3567
-3694
-3864
-4090
-3609
-3485
-4103
-4953
-4945
-3530
-2512
-3215
-4640
-4407
-2593
-1441
-1980
-2602
-1861
-603
-89
-204
209
1240
2046
2095
2041
2414
3060
3763
4188
4247
4007
3948
4371
4891
4952
4473
4228
4198
4149
4091
4001
4008
3692
3184
2869
2689
2485
2204
1933
1786
1216
494
394
736
735
151
-539
-631
-269
-152
-334
-626
-691
-553
-489
-563
-493
-341
-327
-301
-276
-310
-208
-98
139
212
14
-117
-14
236
308
133
-166
-322
-287
-145
-259
-674
-1039
-1230
-1280
-1395
-1792
-2158
-2294
-2404
-2790
-3143
-3481
-3734
-3945
-3760
-3077
-3205
-4071
-4941
-4282
-2551
-2017
-3250
-4348
-3476
-1775
-1076
-1706
-2040
-1226
-230
219
284
801
1496
1989
2085
2188
2427
2823
3423
3915
3849
3426
3362
3851
4320
4208
3884
3625
3480
3474
3453
3449
3372
2946
2405
2235
2182
2076
1939
1775
1403
858
510
564
839
749
142
-429
-359
-122
-58
-183
-410
-473
-388
-357
-387
-424
-362
-188
-206
-320
-388
-143
162
220
40
-127
-43
139
237
64
-172
-287
-421
-422
-349
-546
-948
-1248
-1279
-1354
-1596
-2014
-2307
-2503
-2691
-3005
-3315
-3620
-3839
-4155
-3917
-3173
-3227
-4218
-5085
-4216
-2437
-2063
-3479
-4467
-3273
-1385
-880
-1731
-1931
-934
75
447
390
808
1621
2209
2181
2146
2272
2879
3632
3957
3632
3078
3182
3862
4341
4017
3502
3354
3253
3176
3164
3164
2875
2285
1785
1766
1747
1458
1201
1061
838
227
-197
109
463
362
-306
-780
-535
-113
-99
-453
-651
-515
-422
-486
-552
-401
-131
-83
-245
-345
-223
160
450
396
75
-2
208
411
361
103
-87
-217
-328
-336
-318
-561
-876
-1137
-1202
-1240
-1486
-1866
-2154
-2266
-2516
-2925
-3210
-3445
-3575
-3943
-4258
-3556
-3049
-3621
-4726
-4882
-3283
-1952
-2606
-4140
-4008
-2233
-976
-1388
-2153
-1661
-445
299
151
203
988
1851
1968
1787
1920
2539
3239
3638
3521
3053
2926
3405
3934
3929
3465
3081
2964
2982
3038
2918
2772
2413
1893
1703
1635
1484
1194
980
775
295
-298
-340
83
138
-366
-962
-1029
-611
-428
-642
-916
-870
-689
-731
-819
-602
-328
-277
-370
-446
-256
26
239
217
168
126
191
370
428
412
299
258
116
-90
-137
-149
-227
-529
-767
-940
-1182
-1413
-1550
-1770
-2127
-2421
-2774
-2967
-2997
-3298
-3785
-4116
-3894
-3172
-3086
-4001
-4817
-4180
-2579
-2176
-3378
-4163
-3167
-1533
-1093
-1859
-2136
-1201
-200
-24
-108
314
1200
1757
1683
1719
2103
2657
3073
3308
3256
3025
3150
3659
4055
3853
3313
3061
3084
3167
3037
2817
2697
2408
1922
1638
1520
1474
1300
1018
580
115
-125
39
311
46
-694
-1184
-1018
-620
-628
-963
-1198
-1076
-890
-941
-997
-768
-527
-450
-568
-530
-312
-57
199
267
189
95
236
498
663
592
361
263
215
193
138
40
-188
-411
-543
-760
-952
-1136
-1324
-1576
-1994
-2296
-2378
-2533
-2811
-3189
-3469
-3583
-3703
-3374
-3066
-3292
-4067
-4388
-3396
-2255
-2455
-3584
-3631
-2353
-1193
-1291
-1940
-1692
-653
-19
-45
57
663
1420
1643
1605
1890
2222
2667
3034
3180
2934
2782
3131
3525
3546
3139
2988
2989
2936
2703
2491
2596
2473
1957
1535
1467
1538
1327
932
584
307
9
-195
-70
-60
-341
-842
-986
-693
-555
-731
-923
-893
-797
-677
-740
-659
-430
-280
-262
-318
-268
39
313
410
302
76
266
611
694
538
355
345
317
221
121
73
-94
-381
-530
-643
-763
-1072
-1269
-1305
-1517
-1899
-2261
-2391
-2425
-2660
-3147
-3501
-3437
-3513
-3323
-2834
-2906
-3623
-4285
-3565
-2182
-1970
-3064
-3652
-2620
-1337
-1148
-1761
-1639
-779
-134
-13
61
740
1553
1747
1611
1669
2046
2679
3187
3308
2998
2824
3078
3619
3835
3422
2983
3086
3186
2829
2470
2494
2639
2287
1623
1271
1305
1373
1238
804
317
-22
-232
21
197
-90
-606
-913
-747
-524
-583
-696
-732
-613
-568
-626
-443
-128
11
-63
-212
-157
36
406
600
542
355
329
518
700
676
506
420
392
262
179
159
65
-139
-441
-609
-693
-882
-1126
-1334
-1487
-1723
-2008
-2208
-2257
-2459
-2706
-2861
-3055
-3218
-3419
-2893
-2438
-2856
-3707
-3814
-2521
-1429
-1873
-3009
-2927
-1505
-525
-888
-1438
-1002
-70
425
369
521
1149
1819
2043
1961
1969
2210
2811
3297
3240
2758
2598
3055
3549
3461
2893
2613
2691
2729
2488
2226
2150
2122
1793
1407
1178
1051
1058
968
797
321
-135
-129
198
301
-56
-472
-518
-217
-120
-245
-271
-129
-40
-88
-181
-38
294
501
441
331
385
557
785
898
843
618
593
743
769
701
591
440
350
234
121
0
-96
-315
-577
-722
-851
-1000
-1151
-1263
-1493
-1773
-2035
-2030
-2135
-2280
-2551
-2836
-2895
-2916
-3102
-2952
-2373
-2408
-3072
-3617
-2919
-1653
-1444
-2431
-2939
-2002
-717
-473
-1018
-984
-252
352
493
511
945
1578
1777
1713
1794
1998
2396
2775
2868
2600
2307
2509
2900
2974
2613
2308
2228
2177
2087
1968
1947
1762
1390
1165
1222
1097
755
579
590
500
73
-277
-13
303
243
-272
-512
-231
139
126
-16
-7
153
272
245
324
494
633
705
676
627
677
796
978
933
685
570
686
768
735
564
452
337
121
35
114
33
-221
-505
-645
-601
-726
-1000
-1203
-1226
-1287
-1530
-1775
-1833
-1828
-1967
-2292
-2505
-2521
-2542
-2631
-2945
-2621
-1878
-2066
-2810
-3285
-2450
-1194
-1133
-2187
-2660
-1639
-414
-268
-926
-951
-261
338
487
519
858
1264
1469
1385
1505
1688
1935
2220
2458
2319
2092
2208
2514
2662
2365
2128
1947
1989
1917
1881
1963
1772
1378
1171
1233
1184
982
777
737
653
365
209
458
698
444
16
-103
254
562
388
81
47
271
382
323
284
410
509
500
470
486
582
664
664
625
526
519
575
616
556
388
311
298
280
296
110
-139
-270
-270
-238
-364
-617
-770
-808
-877
-1007
-1091
-1160
-1253
-1335
-1496
-1569
-1621
-1728
-1966
-2253
-2336
-2408
-2403
-1909
-1762
-2278
-2932
-2869
-1832
-1185
-1656
-2627
-2432
-1410
-835
-1084
-1394
-1014
-574
-396
-364
-23
491
819
877
873
1006
1300
1774
2170
2175
1856
1706
2095
2618
2659
2362
2223
2129
2119
2237
2352
2415
2221
1898
1733
1685
1679
1675
1534
1301
892
608
746
1017
885
477
137
68
277
343
214
7
-25
22
4
-150
-107
77
115
0
-207
-229
77
359
315
107
-15
103
340
436
381
235
207
294
335
351
312
268
247
233
131
37
73
91
-4
-169
-385
-444
-422
-491
-686
-1024
-1106
-1199
-1372
-1570
-1730
-1813
-1965
-2309
-2386
-1893
-1736
-2297
-2933
-2752
-1856
-1490
-2175
-2856
-2432
-1445
-1206
-1664
-1847
-1321
-751
-524
-504
-178
285
617
766
964
1214
1503
1802
2101
2228
2170
2256
2575
2870
2861
2631
2530
2548
2634
2614
2544
2365
2184
2108
2015
1878
1627
1525
1446
1188
721
381
472
612
426
-135
-546
-470
-214
-221
-575
-856
-786
-538
-521
-629
-650
-362
-228
-359
-509
-378
42
207
170
82
240
397
618
772
843
867
873
1060
1171
1167
1121
1065
1045
996
871
774
730
667
531
242
33
-89
-238
-320
-568
-828
-1066
-1237
-1242
-1462
-1795
-2053
-2250
-2394
-2634
-2812
-2958
-2666
-2474
-2827
-3286
-3406
-2749
-2148
-2280
-2886
-2932
-2111
-1431
-1360
-1576
-1278
-694
-287
-71
168
666
1062
1249
1395
1687
1924
2305
2685
2886
2785
2697
2943
3286
3480
3255
2928
2828
2823
2816
2662
2460
2212
2027
1864
1567
1195
926
1011
905
353
-280
-460
-172
-76
-369
-833
-1032
-917
-780
-695
-803
-942
-954
-782
-568
-534
-463
-272
4
133
115
254
617
945
1009
1019
1104
1324
1478
1721
1825
1807
1748
1718
1935
1970
1750
1532
1481
1447
1248
1015
846
690
497
332
69
-123
-322
-564
-741
-953
-1205
-1407
-1504
-1660
-1851
-2136
-2253
-2373
-2489
-2713
-2916
-2970
-2931
-2564
-2508
-2784
-3063
-2826
-2108
-1744
-2003
-2340
-2037
-1294
-821
-876
-914
-399
17
292
448
789
1202
1515
1706
1865
2080
2298
2570
2777
2856
2757
2700
2908
3110
3062
2823
2642
2505
2410
2309
2191
2011
1729
1464
1354
1216
948
594
427
405
315
-49
-303
-229
-100
-134
-418
-603
-510
-351
-359
-360
-308
-207
-116
-70
107
244
395
525
639
711
846
997
1151
1292
1305
1335
1356
1428
1510
1613
1638
1547
1423
1392
1387
1343
1205
1079
1019
876
617
398
329
273
151
-141
-412
-552
-580
-620
-812
-1048
-1238
-1346
-1432
-1620
-1701
-1793
-1941
-2146
-2334
-2426
-2463
-2457
-2530
-2337
-2209
-2400
-2600
-2513
-1889
-1567
-1805
-2243
-2017
-1177
-735
-853
-1001
-593
-89
213
359
639
1128
1444
1599
1730
1941
2283
2544
2708
2749
2608
2633
2937
3152
3020
2707
2574
2571
2565
2481
2348
2151
1937
1732
1593
1540
1392
1122
772
525
347
274
169
-13
-254
-390
-531
-546
-526
-562
-564
-642
-562
-425
-350
-288
-111
49
118
185
317
524
740
824
861
972
1126
1266
1371
1493
1632
1626
1573
1681
1736
1729
1674
1612
1620
1563
1392
1243
1062
987
866
733
503
268
123
3
-179
-481
-709
-846
-1020
-1250
-1407
-1493
-1651
-1838
-1916
-2038
-2153
-2296
-2442
-2455
-2540
-2509
-2566
-2447
-2139
-2146
-2314
-2472
-2140
-1536
-1239
-1416
-1602
-1192
-513
-93
-120
-59
307
789
1129
1287
1515
1758
2054
2175
2277
2351
2557
2877
3001
2920
2716
2709
2849
2928
2790
2568
2404
2243
2118
2000
1845
1702
1390
1036
935
816
640
497
258
51
-123
-211
-286
-276
-326
-434
-495
-550
-459
-362
-314
-268
-211
-106
39
206
395
579
707
796
981
1141
1326
1451
1560
1665
1780
1830
1837
1950
1984
1909
1866
1827
1784
1699
1605
1495
1357
1172
1084
956
780
621
368
164
-19
-201
-417
-548
-696
-797
-954
-1155
-1245
-1368
-1492
-1606
-1698
-1762
-1788
-1800
-1898
-1963
-1983
-1968
-1970
-2015
-2000
-1927
-1984
-1869
-1561
-1481
-1626
-1674
-1297
-744
-604
-881
-880
-433
125
248
127
289
632
865
1017
1319
1564
1644
1713
1878
2133
2161
2223
2320
2471
2482
2334
2322
2381
2382
2199
2041
1973
1870
1782
1701
1617
1442
1192
986
932
883
722
542
400
320
234
194
208
150
22
98
138
182
232
204
317
347
404
444
584
722
806
888
913
987
1040
1086
1151
1214
1209
1177
1266
1270
1312
1329
1275
1213
1147
1161
1180
1119
975
867
824
769
616
483
343
256
164
48
-112
-165
-334
-404
-466
-580
-627
-742
-850
-912
-1039
-1095
-1151
-1258
-1306
-1339
-1389
-1415
-1443
-1497
-1519
-1589
-1560
-1477
-1489
-1519
-1463
-1193
-1076
-1246
-1411
-1188
-742
-571
-751
-875
-564
-114
76
67
181
426
589
744
948
1187
1279
1391
1601
1769
1831
1832
1954
2107
2087
1951
1929
2030
2096
2016
1932
1841
1649
1544
1522
1544
1460
1207
1036
1053
998
752
578
654
674
424
244
330
530
505
264
101
149
224
196
194
152
136
206
276
382
510
568
601
665
707
731
741
839
883
799
869
921
951
912
983
1026
954
875
836
914
921
844
704
646
574
437
346
265
235
89
-124
-205
-248
-314
-454
-551
-615
-646
-684
-754
-850
-944
-996
-1046
-1069
-1126
-1126
-1139
-1092
-1219
-1278
-1152
-1071
-1106
-1192
-1133
-1061
-1048
-1015
-801
-722
-845
-1012
-875
-522
-411
-599
-780
-561
-212
-126
-148
-119
14
150
267
425
630
681
769
927
1050
1027
1020
1229
1425
1472
1336
1414
1645
1685
1565
1481
1544
1538
1452
1502
1435
1367
1192
1065
1092
1063
940
696
677
667
632
498
346
321
315
303
157
69
51
36
9
-6
43
21
20
7
75
115
135
132
130
243
298
331
389
432
423
326
355
397
423
422
419
419
270
256
304
287
256
122
130
211
141
37
11
45
21
-95
-148
-118
-129
-208
-305
-299
-338
-420
-400
-370
-361
-458
-519
-517
-518
-565
-684
-732
-751
-790
-841
-888
-963
-979
-1070
-1143
-1200
-1291
-1352
-1442
-1262
-1182
-1257
-1418
-1531
-1249
-1019
-1075
-1225
-1209
-935
-776
-751
-648
-485
-364
-219
-26
163
338
429
601
854
1042
1127
1246
1496
1607
1510
1547
1657
1681
1658
1610
1601
1583
1442
1369
1409
1413
1201
961
830
684
485
352
315
124
-100
-347
-373
-301
-393
-621
-765
-760
-781
-804
-843
-856
-871
-866
-723
-655
-643
-669
-566
-385
-332
-286
-175
18
113
155
137
341
441
508
577
600
629
621
676
682
685
596
582
637
599
535
506
497
490
398
321
229
117
30
-90
-111
-137
-243
-300
-346
-348
-368
-529
-613
-664
-653
-626
-666
-743
-763
-771
-823
-906
-970
-999
-1075
-1080
-1072
-1145
-1195
-1256
-1271
-1291
-1374
-1377
-1210
-1128
-1242
-1349
-1262
-991
-763
-931
-1011
-864
-526
-363
-441
-404
-183
-15
71
286
430
478
541
712
786
809
839
933
1099
1128
1019
977
1062
1076
1032
908
748
636
471
468
374
161
-50
-176
-166
-248
-387
-543
-632
-705
-753
-784
-850
-820
-825
-829
-768
-759
-709
-639
-540
-483
-403
-358
-285
-170
-87
42
145
244
288
421
503
554
622
623
663
604
596
563
587
545
486
425
388
336
296
240
160
63
14
-57
-173
-197
-277
-264
-304
-400
-403
-448
-462
-491
-513
-568
-615
-613
-565
-510
-540
-558
-552
-478
-442
-473
-540
-573
-563
-550
-568
-666
-699
-712
-790
-900
-1001
-1120
-1163
-1219
-1271
-1317
-1375
-1438
-1436
-1414
-1416
-1500
-1568
-1541
-1358
-1216
-1319
-1386
-1303
-1120
-971
-935
-920
-760
-633
-586
-477
-278
-157
-147
-52
28
106
181
315
421
431
412
418
534
572
500
449
399
361
275
237
286
285
228
136
136
112
68
62
31
49
-48
-133
-192
-78
-36
-90
-107
-200
-133
-122
-149
-128
-194
-247
-222
-225
-192
-149
-165
-214
-224
-229
-265
-242
-222
-244
-302
-374
-394
-339
-288
-270
-338
-388
-404
-378
-346
-378
-384
-392
-365
-356
-332
-329
-318
-315
-271
-255
-265
-223
-169
-168
-164
-187
-203
-193
-218
-206
-279
-339
-342
-449
-496
-559
-622
-691
-782
-839
-928
-1022
-1154
-1261
-1352
-1461
-1530
-1611
-1673
-1756
-1867
-1899
-1907
-1965
-1975
-1901
-1924
-1983
-1981
-1868
-1700
-1601
-1607
-1541
-1399
-1223
-1054
-921
-776
-654
-561
-492
-353
-180
-74
-27
67
232
308
406
489
519
515
523
558
580
569
546
538
469
449
397
394
337
192
159
135
131
98
1
-80
-96
-98
-128
-244
-293
-261
-297
-304
-374
-416
-444
-432
-373
-370
-438
-484
-401
-361
-390
-343
-331
-360
-343
-340
-327
-296
-319
-286
-218
-211
-162
-109
-79
-56
-48
-105
-87
-42
-2
3
13
58
114
136
98
142
122
123
61
9
-66
-112
-143
-204
-237
-361
-421
-511
-574
-611
-732
-852
-935
-1083
-1194
-1254
-1376
-1405
-1554
-1635
-1668
-1720
-1738
-1759
-1784
-1790
-1769
-1822
-1765
-1709
-1667
-1628
-1528
-1438
-1346
-1256
-1148
-1009
-944
-891
-713
-560
-403
-339
-276
-118
21
136
197
279
370
454
505
538
572
553
520
522
546
504
449
368
371
307
186
173
142
104
-3
-88
-166
-203
-242
-271
-286
-340
-358
-372
-333
-293
-242
-203
-265
-252
-178
-182
-134
-145
-132
-113
-7
63
95
137
153
202
243
241
190
207
218
167
128
86
71
122
74
26
16
-84
-76
-125
-194
-235
-262
-292
-379
-414
-478
-518
-466
-486
-559
-564
-619
-573
-579
-663
-662
-667
-631
-599
-568
-527
-562
-550
-539
-504
-481
-496
-545
-528
-525
-580
-491
-465
-467
-438
-436
-450
-393
-404
-453
-430
-434
-494
-548
-561
-504
-472
-536
-571
-554
-517
-517
-490
-501
-544
-515
-447
-450
-429
-444
-411
-338
-382
-412
-426
-412
-385
-400
-432
-397
-335
-277
-253
-167
-148
-148
-168
-106
-61
-29
-29
89
133
165
209
232
295
225
218
308
332
318
376
370
455
384
382
417
425
378
404
414
329
314
271
294
269
256
215
175
138
122
87
1
-102
-86
-116
-136
-189
-195
-222
-233
-274
-357
-349
-373
-297
-318
-318
-328
-269
-201
-197
-110
-64
-57
26
114
214
198
150
123
133
208
227
225
191
199
153
152
134
81
45
7
19
-52
-77
-158
-194
-230
-278
-377
-456
-453
-481
-517
-569
-648
-696
-689
-663
-699
-700
-734
-788
-791
-783
-814
-815
-767
-772
-774
-814
-802
-736
-733
-649
-619
-586
-509
-477
-398
-360
-338
-276
-192
-124
-66
45
74
145
185
157
203
188
188
294
304
305
315
339
426
466
453
425
452
462
479
468
462
399
398
412
385
339
288
248
217
163
134
113
132
129
57
9
-51
-49
-43
-32
3
-22
-57
-45
-73
-110
-100
-135
-183
-183
-174
-138
-114
-52
-65
-77
3
32
34
35
36
-11
44
79
97
115
76
104
68
85
102
87
56
37
-9
-42
-44
-130
-177
-211
-225
-332
-354
-377
-472
-475
-583
-652
-668
-730
-726
-742
-765
-819
-777
-738
-726
-670
-691
-695
-667
-643
-602
-549
-506
-510
-478
-405
-350
-317
-299
-251
-156
-115
-58
-52
-15
56
103
100
112
133
168
199
174
193
182
162
166
138
115
126
144
139
109
105
89
51
31
49
-1
-19
-11
-12
-16
-6
17
-35
-54
-53
-58
-63
-44
-36
-15
38
62
99
158
205
240
275
249
238
242
205
232
261
288
335
297
258
299
318
362
392
364
400
407
382
334
308
290
299
282
230
235
191
145
89
58
11
5
-36
-50
-89
-149
-188
-226
-271
-338
-344
-438
-441
-444
-508
-518
-511
-520
-495
-508
-579
-634
-641
-629
-639
-622
-608
-591
-535
-519
-454
-413
-361
-312
-268
-207
-195
-192
-108
-90
-47
-6
-30
40
66
65
107
110
98
152
173
125
114
106
138
171
165
82
77
112
98
60
-57
-48
-117
-112
-117
-164
-214
-209
-217
-231
-175
-190
-150
-77
-73
-119
-126
-138
-75
-91
-172
-161
-166
-158
-149
-159
-125
-92
-52
-13
26
76
104
172
211
264
268
263
300
244
254
204
243
255
228
231
243
239
215
212
193
203
114
27
14
38
30
36
-54
-93
-90
-140
-181
-262
-261
-297
-360
-327
-338
-342
-391
-386
-412
-439
-421
-416
-385
-413
-447
-440
-467
-423
-410
-394
-318
-300
-272
-239
-235
-221
-171
-186
-208
-193
-179
-193
-187
-156
-164
-192
-202
-193
-201
-168
-99
-70
-97
-67
-80
-36
-44
2
17
-32
-59
-105
-110
-97
-153
-189
-167
-182
-180
-186
-145
-124
-101
-90
-107
-76
-29
8
-4
12
27
13
44
24
2
21
-54
-36
-44
-3
20
-29
-28
-4
-44
-53
-10
-44
-61
-71
-129
-130
-108
-90
-53
-119
-183
-213
-216
-203
-228
-272
-253
-221
-195
-191
-182
-208
-197
-132
-117
-44
20
80
100
165
199
201
177
188
162
154
170
160
101
82
92
79
53
4
-54
-36
-28
-49
-85
-109
-87
-121
-148
-199
-228
-237
-269
-307
-331
-309
-299
-305
-272
-325
-335
-309
-342
-357
-365
-293
-287
-329
-342
-325
-267
-286
-227
-213
-209
-214
-227
-224
-204
-163
-156
-158
-165
-134
-57
-30
-82
-76
-39
-62
-50
-43
1
39
64
49
15
54
9
14
-6
-41
-58
-122
-56
-62
-83
-113
-143
-134
-123
-136
-191
-187
-195
-195
-182
-177
-158
-165
-184
-213
-275
-276
-254
-207
-203
-179
-178
-171
-138
-73
-58
-23
-44
-61
-38
-95
-91
-100
-80
-18
3
178
280
208
176
172
173
172
90
11
3
-18
-14
13
39
-21
-20
62
67
121
79
29
69
98
50
22
-20
-44
10
39
69
84
76
98
134
138
162
137
103
118
104
48
-23
-89
-57
-140
-168
-159
-239
-243
-227
-228
-210
-249
-193
-185
-188
-219
-246
-234
-236
-245
-249
-264
-279
-281
-277
-192
-132
-109
-70
-64
11
67
39
120
133
113
112
138
141
102
76
61
85
103
125
108
131
119
123
96
77
126
97
100
70
41
38
32
11
35
23
40
41
86
63
27
38
8
-12
-26
-74
-141
-84
-129
-91
-75
-93
-39
-44
-12
-38
-6
27
35
41
36
21
-3
-12
-9
-27
-9
-10
-18
-4
-24
-19
25
25
52
113
92
57
36
88
90
79
47
41
70
60
42
49
35
31
-26
-63
-53
-83
-72
-122
-85
-82
-78
-30
-76
-83
-82
-75
-26
-49
-54
-13
-15
12
8
-51
-31
50
17
20
40
65
72
139
139
126
143
128
146
88
112
141
135
98
84
82
96
103
117
126
121
121
89
108
104
110
103
112
84
82
122
95
68
-14
40
88
90
76
133
111
122
162
155
175
180
175
163
131
128
193
186
205
164
181
228
222
260
315
310
318
297
281
289
283
256
249
283
231
233
233
233
226
253
238
274
270
276
347
309
289
224
232
220
199
211
209
183
174
171
186
171
197
144
160
168
196
195
184
204
139
116
137
128
98
96
86
110
97
129
101
134
223
224
240
266
272
247
269
257
204
196
166
167
175
207
184
204
287
280
307
277
288
269
278
303
282
313
324
309
262
255
192
187
193
161
170
175
128
114
101
69
87
172
207
267
280
308
342
316
279
302
282
256
262
247
273
322
332
288
298
353
369
430
438
442
434
442
500
435
450
463
447
400
422
356
334
312
257
196
215
246
252
259
259
214
154
151
120
84
83
80
33
-14
5
69
98
106
110
129
199
162
155
133
132
128
129
194
111
111
107
96
60
97
114
93
100
59
99
129
184
199
183
166
143
186
246
255
244
247
250
251
257
265
275
278
295
304
286
308
328
317
355
318
282
271
241
249
175
179
160
114
153
129
105
118
125
123
100
115
101
102
95
112
110
119
174
166
190
177
223
233
227
233
244
272
282
316
345
367
449
479
506
560
492
529
514
473
467
490
494
494
484
475
463
460
441
410
388
393
416
400
390
411
401
334
353
320
289
305
293
235
250
237
217
173
136
135
129
107
104
158
133
106
99
127
181
219
237
222
255
260
267
272
284
282
297
285
275
318
325
354
384
367
394
415
373
419
391
412
375
367
341
325
346
289
292
212
214
167
124
118
142
176
131
143
147
96
119
78
65
120
107
104
148
188
165
167
209
214
274
311
328
357
363
414
482
487
483
585
588
527
505
459
482
446
394
394
449
427
344
323
285
300
261
240
185
156
183
165
138
142
126
104
129
99
96
91
107
78
123
128
121
100
118
133
102
116
148
158
123
152
169
221
213
225
233
271
294
295
292
274
302
247
269
297
270
318
342
339
319
326
315
286
259
262
231
265
249
207
223
211
254
213
147
133
86
18
-1
-73
-124
-140
-117
-119
-108
-86
-111
-137
-140
-112
-55
-70
-67
-37
-27
-51
-12
-7
9
20
53
87
148
188
239
277
324
312
336
382
418
415
378
325
244
297
281
312
341
329
373
375
359
393
401
375
316
304
263
283
274
224
193
163
131
80
42
12
-14
-88
-101
-131
-140
-138
-152
-165
-99
-26
-17
-58
-22
-3
-10
-51
-59
-31
9
50
86
108
104
191
161
190
246
199
175
190
241
291
286
318
344
347
327
344
352
348
302
337
255
250
253
202
191
157
146
163
145
109
66
9
2
-19
-33
-33
-49
-87
-134
-147
-91
-87
-80
-68
-71
-35
29
36
72
53
41
39
89
140
130
112
82
74
91
126
111
153
191
254
238
215
242
230
219
230
248
259
285
253
201
179
153
195
191
148
157
125
159
149
115
101
109
110
136
129
94
76
53
59
49
66
40
-23
-47
-29
-34
-26
-26
37
75
49
115
125
119
125
214
250
211
279
287
326
315
317
342
335
322
336
314
311
295
274
295
293
309
310
325
371
322
300
306
226
213
246
261
239
193
161
153
134
65
53
-26
-17
31
10
35
17
-19
-49
-46
-40
-42
-71
-47
-25
-10
7
21
38
61
104
138
152
161
197
236
260
277
286
303
292
308
278
285
311
310
259
252
246
235
233
189
184
195
204
211
201
152
89
81
26
-6
-48
-53
-104
-148
-152
-157
-152
-145
-153
-148
-131
-117
-62
-72
-32
16
74
82
107
152
162
179
210
243
243
289
273
281
340
330
340
382
416
397
411
437
423
395
402
348
330
267
245
224
161
180
158
162
173
148
119
149
154
121
103
75
26
24
21
39
26
18
5
46
38
16
8
-34
-34
-1
-5
11
23
65
153
233
266
294
303
345
361
382
433
430
363
359
363
403
369
428
401
413
375
297
298
257
293
210
267
262
238
253
198
203
180
172
146
72
44
63
64
52
12
37
42
64
117
118
111
99
70
15
78
56
71
56
73
126
109
95
89
89
82
40
37
84
32
73
121
48
81
100
128
87
67
105
111
101
128
73
116
112
67
122
106
116
113
144
134
154
167
158
203
235
239
221
227
275
240
253
215
252
254
254
245
249
306
311
337
339
340
341
360
328
313
329
299
303
344
327
352
372
360
370
365
310
307
275
200
194
188
236
222
242
251
258
256
245
287
263
313
336
302
258
246
218
257
274
274
295
267
273
255
259
271
285
243
286
290
292
322
291
257
224
228
215
205
203
153
137
183
182
202
172
176
176
159
166
108
120
103
101
84
64
45
-15
-31
-26
-26
10
30
62
109
120
106
116
157
166
178
227
215
184
200
208
181
164
194
273
250
226
239
226
263
246
281
277
264
295
288
302
315
328
334
320
335
314
291
242
290
327
355
397
386
395
365
374
363
353
332
303
288
290
275
278
279
246
207
190
157
141
141
132
133
66
62
47
78
56
56
38
2
5
-5
6
-12
17
14
-49
-73
-67
-72
-94
-95
-34
-57
-83
-37
-38
-11
33
20
35
64
78
95
87
115
121
171
164
201
253
239
250
232
231
284
268
256
258
238
243
246
253
264
259
241
195
216
178
152
155
122
155
135
64
55
78
45
91
78
47
58
38
41
28
11
27
37
70
47
64
69
71
93
102
137
124
149
135
170
196
176
183
228
291
310
356
370
374
383
401
396
379
379
404
446
454
456
440
452
469
416
351
326
346
350
260
215
218
174
144
90
38
20
12
11
11
-44
-59
-72
-80
-42
-25
-29
-44
-46
-36
-85
-49
-47
-33
-38
-73
-35
-17
-8
37
22
35
77
94
113
149
182
227
197
213
252
158
215
218
195
205
210
211
164
218
191
205
232
210
250
218
190
124
117
129
115
89
107
108
63
50
34
58
68
110
84
49
59
55
21
-33
-51
-104
-110
-90
-76
-100
-95
-29
-25
-34
-34
-47
-49
-25
-13
4
9
46
45
13
25
57
56
67
54
57
103
39
49
108
106
123
111
128
94
81
93
58
73
40
34
22
-1
-18
30
-8
-66
-5
-12
-39
-31
-39
-47
-47
-107
-115
-112
-98
-116
-137
-96
-88
-124
-80
-84
-99
-103
-126
-74
-91
-91
-118
-106
-112
-105
-52
-32
-20
-3
18
-18
-14
-7
-9
-25
-21
-28
-31
28
2
-6
26
26
15
16
43
94
110
115
130
102
94
97
82
87
62
46
51
-12
-48
-30
25
28
25
-4
-9
-43
-75
-70
-74
-127
-96
-108
-79
-78
-144
-105
-182
-133
-130
-129
-132
-128
-93
-60
-53
-46
-30
6
16
17
54
61
14
36
43
15
-8
-6
44
12
13
4
27
19
-33
-37
-16
17
-3
-18
-51
-113
-120
-95
-125
-165
-141
-138
-155
-123
-111
-114
-91
-107
-89
-123
-142
-108
-98
-84
-79
-59
-74
-61
-71
-97
-113
-130
-135
-137
-83
-79
-60
-70
-43
11
7
45
51
14
-17
-14
-29
-47
-52
-83
-59
-57
-34
-10
-12
32
12
-27
-31
-46
-15
-67
-79
-103
-121
-91
-112
-132
-124
-94
-90
-65
-75
-31
-99
-112
-98
-101
-109
-160
-160
-167
-166
-172
-161
-177
-223
-192
-251
-189
-186
-191
-145
-179
-166
-163
-142
-141
-108
-113
-92
-79
-103
-68
-65
-68
-63
-46
-95
-87
-88
-109
-126
-106
-93
-117
-49
-56
-89
-67
-93
-81
-69
-89
-96
-121
-79
-43
-70
-60
-33
-20
-8
-47
-37
-62
-57
-68
-66
10
-7
-15
-25
-37
-4
39
31
24
17
38
49
61
83
109
52
52
39
34
73
18
77
21
14
23
55
101
104
118
101
112
49
78
67
68
69
23
38
80
88
84
50
8
47
30
19
9
6
18
68
93
139
146
124
118
106
92
44
100
63
77
56
34
85
64
81
90
106
61
98
103
69
36
20
47
19
-12
11
17
-3
-2
1
-8
-36
-35
-25
-63
-47
-47
-62
-28
-36
-17
19
23
0
-50
-15
2
6
-19
-22
-82
-48
-49
-11
9
23
34
29
37
11
12
-31
1
28
-4
14
38
19
43
103
71
36
43
37
24
44
33
23
45
2
16
46
66
91
75
58
35
61
32
30
36
25
75
22
28
30
29
9
-27
-1
-22
-17
-18
-26
-64
-39
-17
-75
-53
-36
-50
-65
-83
-66
-44
-27
-3
-10
25
29
59
55
58
4
44
39
65
50
73
109
67
146
111
68
37
73
86
70
40
67
34
-12
-19
-5
45
7
5
-42
-69
-119
-149
-153
-165
-142
-130
-132
-133
-98
-64
-84
-76
-80
-41
-8
-30
-35
20
30
56
85
132
186
200
185
153
164
172
176
160
191
201
223
209
193
197
185
184
193
148
138
163
161
100
110
110
109
68
41
11
-68
-65
-26
-51
-24
-47
-68
-92
-55
-82
-170
-110
-126
-143
-161
-112
-88
-17
-8
4
59
37
64
71
83
93
97
121
122
154
181
175
167
163
213
204
178
188
195
138
128
74
57
71
21
49
-2
-11
-8
-18
-48
-54
-69
-95
-40
-50
-81
-37
-52
-43
-60
-63
-13
-12
-15
-3
-44
-19
12
-20
9
-14
8
27
60
76
125
136
134
118
103
113
97
105
98
109
125
128
106
81
78
61
72
105
93
60
60
80
80
81
93
76
60
54
27
26
47
58
33
75
114
90
122
164
126
71
96
70
87
33
55
74
18
34
57
58
14
31
19
-7
4
-18
-33
15
55
35
22
30
0
5
-37
-74
-94
-64
-96
-156
-166
-195
-210
-234
-189
-183
-178
-120
-137
-138
-97
-89
-36
-21
-33
-64
-108
-62
-66
-38
10
21
24
53
44
42
53
31
40
67
62
46
45
73
29
65
115
52
84
74
71
97
111
82
88
77
66
59
61
132
92
77
66
71
80
73
77
41
-15
-22
-30
8
57
37
-6
-14
14
4
14
16
-37
-37
-29
-14
-30
-50
13
38
54
48
75
45
4
4
-5
38
45
37
89
104
118
136
141
108
58
42
6
-10
-74
-49
-19
-65
-35
-25
-41
-51
-16
-15
-11
-16
-66
-63
-80
-102
-22
5
9
27
4
34
-7
24
-18
-6
-35
-42
-31
-23
9
68
96
85
73
62
34
18
9
10
15
28
75
90
140
125
79
94
58
85
-13
-14
15
28
36
2
108
83
51
81
99
108
144
155
149
212
204
185
152
155
119
99
142
103
147
123
120
145
169
180
197
227
168
163
173
155
144
156
136
132
129
63
60
96
77
76
91
75
22
54
21
11
37
-55
-36
-6
-31
-6
28
-5
-4
2
9
61
37
21
17
-30
-16
12
8
-7
23
34
86
146
148
87
78
133
85
79
105
67
29
61
43
15
34
-10
4
-8
-19
-22
-80
-93
-103
-106
-120
-132
-120
-146
-143
-163
-160
-180
-212
-188
-242
-254
-253
-151
-92
-52
-10
31
66
55
83
97
127
118
126
148
156
125
115
182
179
181
262
236
230
193
198
243
222
217
229
213
216
182
201
150
111
74
12
30
51
23
-12
-21
-2
19
-13
34
-6
-21
-13
-32
-30
-31
-15
-34
-34
46
45
49
58
69
82
82
108
85
129
125
138
184
229
231
210
225
192
167
171
167
165
181
134
122
173
144
101
107
84
57
11
24
27
0
-16
3
11
11
0
4
29
-8
-39
-41
0
10
-4
2
41
40
5
-11
2
46
66
80
61
102
90
76
101
73
97
80
155
157
140
126
102
105
75
90
53
108
123
115
141
99
115
125
127
122
116
131
135
121
31
36
54
71
93
123
173
174
214
212
188
200
171
212
182
167
163
163
160
166
198
154
140
180
174
136
109
86
93
123
72
78
39
65
76
34
46
31
10
11
28
-2
15
-5
-6
-16
25
47
83
44
32
41
43
58
64
105
111
144
161
148
120
146
101
154
172
146
129
140
145
167
195
179
187
199
241
257
266
241
208
207
209
204
228
235
205
249
188
194
228
184
177
173
168
163
171
134
135
191
163
168
178
131
121
111
112
138
99
76
32
36
-5
8
14
37
51
47
83
78
79
86
103
105
101
145
161
148
199
175
158
161
185
185
189
192
201
223
175
211
188
192
213
246
239
204
223
199
202
219
200
94
92
44
50
67
42
23
10
-49
-63
-68
-51
-5
-56
-72
-56
-71
-67
-54
-15
20
-13
4
34
79
30
36
84
52
31
94
164
173
159
184
167
130
148
157
161
234
221
159
203
211
232
219
219
216
219
168
145
176
160
149
136
124
169
159
89
106
140
147
98
98
98
123
133
137
158
132
115
124
86
67
64
40
88
90
57
17
-41
-52
-76
-74
-53
-25
-27
-15
28
-29
-22
-18
-53
-65
-66
-44
-75
-95
-72
-39
-42
-4
29
24
7
-11
6
-1
-4
40
43
31
62
81
73
88
112
136
142
159
160
133
142
189
168
135
111
94
127
94
55
82
77
64
60
100
108
58
110
55
35
55
19
53
29
22
40
33
92
89
88
110
84
55
60
45
68
89
90
116
145
193
221
174
175
242
210
235
241
200
207
195
171
166
190
196
160
136
117
69
49
53
71
101
120
106
104
128
101
79
95
32
-18
-19
-14
-13
-57
-73
-121
-119
-93
-91
-99
-28
-28
8
37
37
22
-23
18
-11
-17
-57
-12
20
60
81
55
84
116
146
112
93
71
112
126
58
137
114
116
113
118
155
116
110
73
67
69
76
28
37
60
78
81
81
94
55
86
94
61
12
29
11
-13
4
-11
-29
7
-26
12
36
33
42
46
74
49
70
20
-19
-10
24
56
88
77
57
94
70
53
23
78
71
50
71
71
103
24
43
37
-4
24
11
33
34
46
36
16
71
108
58
65
97
78
42
64
13
23
-11
-22
-29
-33
10
-53
-38
-18
-42
-51
-36
-12
-78
-40
-10
-23
3
-27
16
42
21
-12
-49
-28
-27
-31
-30
24
35
35
11
53
46
25
102
45
45
46
58
46
55
24
70
61
43
92
131
141
104
128
93
141
125
154
186
123
104
83
65
61
56
63
98
68
108
101
127
136
118
168
172
171
160
170
116
100
96
82
42
59
57
50
77
65
47
45
95
74
58
43
110
88
91
99
79
40
79
112
86
55
35
79
71
149
153
77
99
107
87
95
110
90
73
72
59
32
15
34
4
17
20
-37
-23
28
4
-19
-51
-16
9
37
74
84
116
73
86
108
101
121
115
114
147
161
152
161
124
129
129
95
132
142
124
147
117
100
99
98
100
69
46
22
59
61
15
-4
-31
-38
-68
-58
-81
-1
-13
-10
25
27
53
23
34
27
47
72
60
64
56
59
48
36
81
95
75
50
45
27
63
64
85
129
133
157
167
161
187
145
101
93
50
29
30
14
17
11
2
41
-5
5
9
-29
-26
-35
-16
-65
-48
-40
13
6
12
19
63
61
51
98
84
112
107
157
113
88
77
51
60
60
-1
-57
-26
-19
-79
-71
-55
-30
-69
-84
-73
-85
-58
-53
-27
-57
-52
-56
-81
-39
-63
-74
-129
-149
-92
-90
-68
-54
-71
-16
-20
-1
-14
20
33
-20
-24
-3
9
72
90
17
78
51
45
28
9
90
68
93
118
170
131
130
136
50
79
76
97
80
53
70
38
44
61
36
71
75
45
-15
-47
-63
-69
-82
-103
-83
-34
-29
-48
-81
-110
-93
-99
-122
-162
-151
-139
-130
-109
-70
-45
-29
-46
-5
-14
-20
-22
-27
-42
-39
18
-6
9
17
33
38
81
79
96
137
145
166
166
168
169
162
156
134
164
113
146
94
55
51
27
51
34
43
27
69
69
79
68
17
-1
-28
-27
-4
-17
-2
25
5
52
138
168
142
174
161
149
141
92
137
86
130
90
70
77
23
56
52
79
84
70
118
174
143
176
175
179
224
215
212
179
157
133
173
166
102
61
48
39
83
95
125
171
134
132
131
95
61
59
65
20
16
73
66
17
7
38
-19
-19
4
19
16
11
-39
-50
-17
-40
19
39
53
98
66
38
44
35
29
24
22
-25
-20
17
32
27
79
52
53
44
77
56
68
60
62
90
90
118
93
153
145
112
129
139
103
101
67
102
140
119
169
160
141
169
182
197
233
242
233
250
234
238
192
205
162
132
161
130
152
61
80
140
190
155
182
131
130
167
103
120
102
111
125
131
169
188
102
109
88
46
71
45
77
96
103
138
161
145
170
176
192
195
214
191
200
186
144
141
177
198
190
255
193
200
196
142
183
197
139
146
167
184
235
273
244
193
169
194
169
161
176
173
159
143
138
102
125
73
92
89
66
46
-35
-65
-50
-97
-118
-67
-60
-37
-41
11
-39
-53
-17
-36
-71
-61
-17
-20
-14
-11
32
14
73
87
59
84
93
111
149
174
191
188
245
245
279
298
257
215
115
112
117
149
126
76
64
51
87
70
28
64
47
33
47
27
26
23
55
75
96
68
51
87
16
-15
11
52
19
3
23
33
36
-18
-22
-24
32
-3
-43
1
-6
8
14
73
54
38
49
5
41
-11
-36
-67
-46
-31
-19
13
10
28
44
81
91
77
60
115
93
83
56
73
114
115
137
125
122
106
103
114
99
100
149
104
149
144
180
158
180
176
167
191
153
157
116
120
135
121
127
135
107
66
27
-8
-23
-50
-62
-79
-62
-46
-38
26
17
52
51
32
26
5
-62
-53
-37
-42
-12
4
55
118
126
140
156
122
137
131
123
138
186
220
179
174
181
150
155
191
234
202
171
127
105
137
142
184
106
109
111
101
126
88
24
27
46
11
18
20
39
10
55
68
97
107
71
58
83
80
15
67
18
-35
-23
-12
-6
0
69
-2
-31
29
-16
-7
-14
-3
22
-3
21
18
53
38
108
109
52
130
142
145
107
68
116
90
43
53
93
66
75
69
77
106
125
88
56
0
59
89
43
73
25
16
-15
-56
-48
-32
-51
-50
-54
-95
-62
-18
-73
-48
-45
-39
-24
-6
-27
-37
-31
-15
-11
-25
47
21
3
-19
6
-4
-35
0
-52
15
39
4
18
-17
-16
-47
-22
19
-2
-10
-21
8
-9
-29
-14
-10
-27
-45
-59
-31
-13
-40
-44
-14
-17
-7
-20
-52
-72
-73
-45
-86
-96
-66
-68
-99
-97
-84
-95
-21
-32
-51
-73
-82
-91
-92
-72
-73
-64
-44
-46
-40
-20
2
40
-3
5
27
50
27
32
58
29
58
4
41
28
-10
-1
2
5
10
36
-6
-29
-30
-92
-121
-154
-173
-173
-232
-223
-170
-221
-235
-232
-252
-232
-281
-260
-208
-175
-188
-166
-193
-187
-135
-118
-80
-104
-83
-149
-136
-116
-127
-61
-61
-42
-20
25
40
21
-14
6
-5
6
-19
-40
-28
-47
-30
-21
20
-24
-56
-55
-58
-65
-55
-90
-132
-122
-142
-179
-202
-180
-182
-197
-246
-216
-222
-238
-245
-197
-171
-177
-194
-165
-93
-56
2
44
10
0
12
21
9
12
29
-32
11
27
95
101
101
111
93
115
94
84
56
37
35
31
-23
-30
-31
-79
-119
-136
-74
-88
-148
-79
-104
-103
-100
-155
-101
-59
-77
-73
-129
-155
-168
-172
-159
-146
-181
-172
-170
-179
-128
-144
-150
-146
-161
-85
-52
-35
-15
14
15
28
54
57
52
56
38
35
30
11
2
-36
-72
-41
-43
-43
-43
-55
-38
-5
-16
-24
-4
-63
-93
-44
-18
-17
-68
-113
-94
-83
-102
-105
-120
-91
-86
-57
-53
-66
-44
-67
-32
-48
-39
-59
-52
-32
-77
-71
-88
-102
-101
-111
-125
-128
-115
-107
-61
-86
-63
-48
-41
-13
7
12
23
64
11
13
-2
-5
-9
-22
-17
21
-41
-29
-59
-78
-75
-70
-39
-51
-3
-7
-43
-51
-36
-36
-73
-85
-30
-102
-74
-96
-92
-115
-150
-93
-80
-107
-104
-146
-168
-165
-163
-164
-157
-129
-137
-93
-118
-110
-150
-168
-155
-142
-172
-149
-116
-135
-104
-90
-95
-77
-109
-114
-99
-123
-125
-115
-138
-172
-114
-91
-70
-34
-39
-77
-55
-51
-73
-109
-145
-196
-240
-183
-175
-189
-186
-174
-152
-158
-153
-156
-132
-112
-131
-156
-140
-145
-115
-94
-115
-114
-130
-132
-131
-145
-172
-149
-164
-203
-131
-146
-121
-117
-141
-143
-122
-128
-134
-107
-144
-122
-169
-202
-179
-227
-241
-254
-207
-205
-240
-239
-213
-250
-253
-240
-252
-241
-317
-333
-327
-303
-271
-294
-288
-285
-301
-308
-258
-251
-286
-272
-275
-255
-217
-161
-100
-73
-143
-70
-71
-109
-84
-112
-147
-185
-174
-203
-221
-174
-166
-163
-165
-192
-192
-178
-143
-172
-168
-162
-155
-161
-168
-133
-159
-150
-168
-160
-156
-172
-158
-166
-150
-134
-32
-62
-30
-25
-53
-20
-26
-19
-71
-44
-89
-92
-100
-123
-162
-174
-187
-195
-206
-187
-156
-139
-125
-148
-79
-138
-173
-191
-176
-174
-179
-176
-222
-236
-327
-340
-341
-329
-322
-277
-240
-229
-185
-134
-132
-125
-181
-210
-208
-152
-134
-212
-188
-190
-163
-151
-143
-124
-121
-110
-113
-116
-117
-99
-76
-77
-79
-88
-83
-96
-73
-58
-71
-83
-80
-66
-40
-69
-112
-109
-152
-132
-155
-176
-175
-178
-163
-231
-227
-277
-316
-343
-340
-393
-368
-347
-346
-286
-271
-276
-234
-224
-219
-215
-231
-225
-267
-296
-276
-280
-299
-264
-270
-249
-233
-225
-249
-195
-183
-219
-224
-236
-229
-236
-245
-244
-225
-197
-227
-220
-218
-178
-210
-236
-243
-227
-173
-160
-197
-228
-219
-216
-254
-278
-243
-286
-192
-181
-204
-204
-206
-219
-255
-265
-284
-262
-234
-210
-215
-202
-232
-209
-220
-217
-171
-150
-121
-121
-130
-173
-187
-197
-194
-221
-213
-225
-212
-259
-266
-262
-269
-235
-261
-223
-226
-278
-294
-300
-308
-401
-408
-405
-375
-364
-350
-334
-335
-302
-307
-317
-320
-297
-241
-244
-248
-246
-246
-210
-221
-216
-197
-178
-170
-170
-178
-213
-244
-263
-245
-217
-230
-213
-183
-172
-152
-140
-160
-169
-161
-176
-208
-171
-142
-140
-160
-152
-169
-164
-170
-172
-179
-215
-164
-163
-168
-168
-172
-154
-155
-119
-106
-181
-191
-151
-169
-181
-177
-164
-188
-195
-164
-163
-168
-211
-225
-159
-195
-187
-166
-161
-211
-224
-193
-203
-170
-167
-132
-136
-154
-165
-175
-130
-119
-157
-142
-81
-54
-66
-64
-60
-122
-136
-175
-190
-179
-183
-198
-216
-265
-190
-190
-169
-123
-103
-105
-148
-151
-182
-147
-186
-225
-237
-228
-203
-210
-187
-150
-175
-138
-143
-165
-148
-167
-231
-244
-190
-165
-161
-172
-156
-121
-163
-157
-122
-127
-130
-170
-224
-290
-279
-269
-249
-200
-196
-244
-261
-248
-287
-306
-308
-323
-284
-290
-259
-185
-195
-183
-173
-201
-166
-213
-187
-154
-202
-214
-236
-202
-233
-269
-299
-309
-251
-233
-235
-272
-277
-251
-238
-268
-246
-211
-219
-221
-225
-234
-238
-180
-176
-225
-223
-184
-228
-249
-239
-256
-229
-242
-205
-169
-127
-104
-119
-95
-140
-186
-202
-192
-177
-167
-226
-202
-157
-252
-181
-195
-214
-205
-235
-243
-247
-214
-217
-262
-214
-202
-191
-174
-127
-101
-178
-179
-172
-209
-215
-190
-196
-230
-238
-245
-153
-179
-192
-184
-209
-161
-171
-180
-157
-179
-200
-156
-171
-189
-137
-167
-187
-151
-159
-123
-176
-176
-144
-109
-132
-105
-56
-97
-111
-140
-136
-177
-208
-207
-208
-259
-257
-220
-241
-270
-272
-280
-278
-312
-337
-327
-287
-255
-280
-250
-246
-187
-140
-132
-157
-146
-126
-141
-160
-97
-101
-94
-107
-149
-138
-140
-110
-82
-77
-70
-70
-114
-74
-146
-212
-201
-198
-224
-190
-199
-248
-221
-207
-189
-239
-237
-224
-271
-273
-243
-229
-181
-238
-189
-145
-163
-149
-144
-140
-148
-151
-158
-150
-171
-145
-108
-63
-48
-54
-28
3
-27
-29
-55
-125
-106
-126
-166
-168
-173
-154
-182
-190
-177
-227
-252
-258
-230
-214
-191
-197
-181
-163
-132
-151
-197
-221
-185
-159
-180
-185
-156
-164
-200
-266
-260
-294
-267
-264
-287
-256
-244
-243
-202
-181
-199
-135
-145
-130
-110
-137
-112
-121
-155
-143
-127
-137
-77
-84
-88
-112
-115
-24
-53
-42
-40
-5
-62
-49
-47
-94
-63
-89
-112
-84
-123
-79
-86
-119
-137
-177
-114
-103
-96
-121
-169
-141
-107
-118
-62
-106
-137
-98
-76
-31
-27
-43
-60
-45
-76
-62
-7
-3
-28
-19
-25
-39
-36
-62
-31
-57
-89
-81
-49
-54
-66
-38
-10
-9
-29
-63
-12
4
-15
17
12
6
77
23
-16
-14
-38
-21
-7
-8
-38
-2
5
18
-11
-29
-27
-16
9
-1
41
49
64
26
27
0
16
-3
-48
-60
-123
-120
-112
-59
-85
-52
-56
-51
-39
-69
-130
-153
-164
-171
-130
-113
-109
-150
-148
-155
-123
-152
-127
-138
-140
-154
-230
-221
-260
-255
-212
-252
-220
-208
-186
-145
-128
-105
-94
-128
-153
-172
-217
-233
-218
-195
-197
-178
-185
-212
-200
-192
-180
-183
-151
-104
-59
-39
-34
-35
-41
-64
-20
-16
-26
-11
-14
-12
