SAMPLES:	15627
BITSPERSAMPLE:	16
CHANNELS:	1
SAMPLERATE:	16000
NORMALIZED:	FALSE
-190
-156
-187
-189
-157
-141
-156
-143
-161
-181
-167
-141
-193
-151
-202
-223
-175
-160
-166
-168
-206
-185
-211
-257
-238
-270
-268
-264
-245
-244
-262
-286
-253
-297
-320
-279
-283
-301
-271
-267
-289
-232
-218
-235
-202
-186
-179
-180
-140
-146
-168
-191
-237
-244
-263
-264
-244
-228
-200
-201
-191
-168
-203
-176
-164
-160
-167
-120
-108
-149
-110
-124
-134
-163
-129
-122
-141
-176
-166
-201
-188
-167
-189
-181
-184
-220
-268
-249
-280
-262
-255
-285
-325
-305
-277
-312
-347
-328
-284
-291
-268
-290
-235
-262
-288
-225
-218
-260
-246
-222
-246
-276
-265
-230
-216
-214
-241
-220
-192
-229
-220
-195
-233
-255
-294
-277
-264
-267
-209
-227
-205
-212
-241
-198
-237
-151
-195
-212
-184
-204
-180
-196
-153
-126
-131
-119
-155
-159
-160
-214
-170
-187
-196
-165
-186
-185
-232
-204
-218
-220
-224
-245
-246
-248
-252
-211
-210
-201
-184
-228
-235
-241
-240
-284
-266
-253
-264
-255
-225
-177
-146
-71
-63
-69
-124
-129
-136
-137
-150
-188
-163
-146
-130
-138
-107
-122
-144
-180
-161
-154
-207
-158
-202
-150
-166
-234
-209
-210
-194
-204
-244
-263
-250
-236
-221
-236
-220
-254
-236
-238
-200
-213
-211
-166
-192
-175
-155
-178
-155
-183
-189
-170
-172
-193
-144
-106
-130
-136
-82
-96
-125
-72
-101
-133
-142
-132
-89
-48
-74
-85
-88
-147
-171
-200
-214
-224
-243
-218
-212
-192
-199
-188
-178
-202
-192
-196
-209
-186
-204
-156
-177
-170
-181
-155
-141
-161
-163
-131
-126
-115
-115
-111
-88
-100
-75
-108
-115
-96
-117
-89
-114
-125
-113
-81
-89
-127
-100
-126
-171
-176
-139
-163
-155
-154
-163
-173
-160
-139
-117
-121
-155
-166
-183
-173
-182
-179
-207
-225
-174
-154
-190
-151
-140
-129
-101
-149
-161
-218
-183
-211
-200
-204
-226
-180
-152
-168
-149
-172
-170
-140
-131
-136
-115
-73
-87
-68
-75
-113
-107
-92
-118
-126
-120
-139
-124
-113
-104
-67
-114
-83
-94
-160
-118
-150
-131
-110
-118
-122
-136
-94
-112
-99
-120
-144
-171
-151
-120
-117
-117
-149
-154
-204
-159
-142
-136
-128
-151
-144
-210
-203
-221
-207
-210
-217
-171
-233
-243
-172
-185
-229
-181
-164
-190
-168
-170
-183
-193
-158
-116
-164
-130
-131
-103
-119
-135
-116
-144
-152
-130
-110
-79
-77
-104
-94
-112
-117
-175
-167
-173
-150
-160
-153
-139
-120
-107
-151
-143
-162
-177
-197
-181
-193
-213
-207
-200
-190
-198
-209
-221
-176
-108
-110
-73
-56
-103
-120
-109
-72
-106
-147
-83
-50
-49
-53
-35
-71
-105
-85
-111
-120
-113
-117
-128
-94
-62
-16
-28
-51
-26
-75
-83
-135
-146
-164
-139
-129
-162
-133
-155
-176
-145
-152
-140
-146
-151
-155
-176
-150
-156
-172
-167
-141
-72
-38
-92
-34
-15
-81
-98
-71
-45
-4
-44
-36
-72
-58
-36
-22
34
50
75
15
49
39
-29
-42
-60
-85
-75
-47
-65
-108
-107
-55
-25
8
25
15
-27
-12
-14
-34
-47
-91
-75
-49
-25
-28
-50
-1
-43
-51
-13
-87
-44
20
-9
10
28
28
35
56
85
54
60
75
76
91
68
76
43
23
38
32
46
7
1
-31
-24
-66
-58
-83
-123
-67
-61
-61
-53
-10
16
37
12
2
25
11
23
31
29
-1
-2
-9
-10
18
9
41
61
35
33
42
46
78
62
63
37
60
26
60
71
103
144
131
87
73
134
64
92
101
150
118
138
125
100
94
27
18
43
51
41
66
16
42
48
32
55
83
70
83
70
62
19
36
41
31
27
4
7
13
29
28
7
18
67
89
131
109
86
80
71
62
75
71
64
79
78
98
66
86
65
27
61
68
47
52
36
54
88
102
110
64
106
112
112
98
61
76
106
123
113
104
140
108
87
132
147
119
141
164
146
110
99
129
136
99
123
100
121
113
116
118
117
134
125
124
160
157
82
108
103
50
35
39
44
96
85
115
140
137
148
142
134
101
60
69
63
61
75
104
67
28
50
22
-7
13
44
36
38
67
58
102
87
78
70
96
130
135
101
53
88
70
68
25
47
61
45
106
123
74
67
50
60
87
99
132
111
90
89
63
47
36
38
-18
12
21
69
95
101
75
76
118
118
136
131
165
147
148
170
100
102
84
37
57
20
9
-34
-76
-114
-90
-102
-141
-102
-93
-56
-35
-80
-48
-82
-102
-81
-70
-56
-56
-14
5
2
2
30
20
33
0
-5
9
-9
16
27
55
81
96
107
134
169
153
153
119
131
97
62
76
56
50
-7
15
57
35
15
46
28
53
32
22
40
19
12
-8
0
10
-49
-57
-43
-28
9
-3
-9
-34
-12
-11
-1
16
44
50
63
54
51
27
38
52
43
45
38
10
26
37
41
68
40
35
55
70
27
43
34
-31
-24
-13
-34
-35
-47
-56
-67
-62
-24
-28
-51
-7
-31
-22
-33
-84
-61
-23
-19
-75
-31
-48
-41
21
-17
6
27
16
-32
-41
-23
3
23
30
52
81
85
90
143
120
115
89
75
54
52
13
-30
-41
-52
-18
-28
-27
-46
-25
-9
-13
14
6
29
46
32
65
17
-14
1
-14
-39
-35
-68
-108
-92
-138
-93
-43
-58
-35
-52
-69
-6
-26
-33
29
24
38
48
15
-19
34
-30
-42
-25
2
1
-3
42
31
-3
41
34
-50
-62
-71
-33
-51
-91
-122
-79
-74
-74
-83
-123
-81
-53
-7
5
37
23
-21
-17
-16
-30
-24
17
38
-18
-10
-26
-19
-33
-19
-40
-26
-30
-11
53
45
33
53
88
83
55
24
46
37
31
54
35
34
37
74
50
57
57
72
57
44
55
25
14
30
22
39
54
4
19
-3
-22
-48
-16
-36
-46
-41
-55
-24
-55
-40
10
43
52
52
42
76
89
29
33
81
69
129
135
116
126
119
132
116
59
47
120
126
127
113
128
78
77
63
43
75
38
62
63
67
112
123
80
129
118
86
61
56
75
-1
11
3
12
0
-18
-24
5
25
23
63
88
110
91
103
67
89
81
59
87
60
-8
-23
-45
-52
-14
23
9
11
67
-16
5
34
34
82
97
96
95
87
116
84
101
37
34
59
34
78
35
55
79
155
156
149
164
129
188
167
160
126
142
135
71
85
51
39
59
51
93
65
73
124
69
101
101
93
45
17
16
51
9
-3
22
17
51
17
72
114
64
90
126
82
130
140
105
57
31
22
-10
4
-12
33
18
-21
-34
-13
14
12
-18
-4
-2
-12
10
23
63
-6
6
24
-18
-43
-43
-49
-60
1
5
18
2
68
98
117
135
131
150
86
129
142
134
127
103
108
123
126
87
122
118
91
62
62
80
105
73
68
52
26
24
5
7
15
26
16
-36
-49
-79
-77
-57
-41
-31
-23
-10
-21
22
14
26
32
19
2
8
55
23
9
-19
-20
-1
-8
9
29
69
80
85
116
88
74
61
54
12
-5
-28
-14
-14
-35
-58
-70
-127
-130
-113
-92
-71
-105
-80
-49
23
-18
-46
-37
-53
-70
-49
-63
-63
-40
-37
-5
-24
31
-7
-8
19
19
-17
-40
14
10
14
29
8
8
3
-12
13
-32
-47
-36
-18
-53
-60
-70
-74
-62
-100
-112
-61
-42
-46
-69
-107
-104
-154
-165
-180
-130
-84
-92
-91
-25
-65
-77
-53
-55
7
-12
9
-2
26
34
-31
-8
-13
16
6
-15
-37
-58
-18
-56
-47
2
-34
-42
-17
-56
-22
-42
-71
-60
-108
-97
-132
-127
-93
-128
-114
-97
-87
-82
-92
-105
-48
-61
-68
-56
-84
-35
-25
-16
-29
-41
-65
-72
-74
-74
-27
-40
-60
-37
-13
-28
11
38
44
81
49
17
38
76
26
45
36
23
25
3
-49
-60
-60
-79
-52
-112
-83
-56
-103
-82
-55
-72
-96
-78
-104
-147
-166
-148
-151
-179
-129
-100
-146
-129
-107
-88
-56
-45
-66
-113
-102
-105
-97
-86
-37
-69
-56
-31
-42
-82
-78
-52
-55
-75
-99
-50
-105
-123
-117
-114
-105
-129
-135
-151
-115
-151
-157
-143
-115
-125
-125
-110
-149
-136
-109
-162
-176
-182
-188
-155
-199
-191
-229
-235
-229
-220
-225
-223
-236
-202
-123
-145
-151
-113
-125
-149
-145
-104
-67
-98
-106
-99
-118
-121
-130
-128
-151
-126
-187
-159
-104
-152
-131
-106
-149
-177
-194
-203
-156
-167
-200
-221
-202
-198
-213
-230
-192
-180
-149
-129
-143
-142
-193
-154
-113
-163
-150
-203
-213
-165
-161
-132
-184
-155
-181
-132
-137
-129
-113
-119
-123
-142
-128
-151
-163
-226
-198
-158
-152
-166
-175
-149
-166
-180
-181
-220
-213
-209
-243
-193
-201
-144
-124
-119
-112
-97
-96
-119
-132
-170
-167
-191
-165
-185
-195
-191
-160
-174
-155
-115
-127
-150
-185
-155
-161
-183
-173
-159
-149
-177
-225
-193
-209
-232
-223
-233
-264
-262
-286
-292
-233
-262
-259
-224
-204
-176
-145
-102
-170
-177
-134
-128
-112
-51
-68
-121
-102
-86
-41
-108
-96
-114
-124
-89
-128
-142
-148
-107
-173
-111
-123
-140
-138
-115
-134
-152
-170
-204
-203
-203
-206
-232
-234
-250
-177
-234
-225
-203
-284
-244
-225
-224
-178
-145
-139
-129
-132
-83
-69
-26
-23
-42
-68
-32
-54
-52
-88
-63
-42
-73
-62
-57
-90
-102
-97
-116
-75
-78
-42
-56
-104
-111
-117
-99
-92
-159
-177
-136
-173
-210
-181
-176
-170
-171
-154
-187
-184
-172
-159
-145
-74
-95
-155
-139
-158
-154
-149
-126
-138
-189
-183
-148
-122
-139
-148
-166
-102
-81
-84
-33
-14
-2
-14
-30
-54
-71
-127
-141
-130
-174
-167
-210
-219
-248
-229
-234
-219
-194
-184
-204
-267
-210
-208
-195
-206
-180
-180
-166
-110
-175
-123
-128
-129
-139
-118
-97
-129
-126
-136
-84
-134
-89
-97
-118
-87
-101
-88
-170
-165
-186
-144
-204
-172
-160
-172
-175
-170
-192
-200
-196
-251
-262
-325
-311
-300
-309
-283
-270
-314
-283
-297
-338
-273
-268
-245
-223
-260
-267
-280
-241
-272
-258
-205
-231
-241
-209
-168
-176
-161
-198
-205
-189
-196
-194
-188
-179
-173
-157
-142
-163
-182
-224
-209
-198
-216
-239
-188
-211
-264
-229
-243
-229
-236
-197
-261
-222
-255
-253
-296
-300
-305
-329
-304
-324
-299
-302
-279
-305
-267
-329
-350
-351
-350
-365
-386
-337
-357
-308
-314
-325
-290
-326
-297
-298
-284
-238
-230
-233
-211
-189
-173
-194
-211
-187
-214
-212
-232
-282
-329
-337
-281
-315
-291
-261
-265
-265
-292
-295
-275
-296
-272
-257
-264
-218
-203
-213
-215
-240
-263
-226
-212
-244
-232
-208
-171
-138
-167
-147
-142
-167
-191
-203
-188
-180
-208
-209
-209
-225
-265
-211
-216
-258
-224
-201
-259
-315
-284
-300
-281
-270
-282
-267
-242
-271
-231
-218
-192
-204
-194
-145
-181
-208
-143
-216
-219
-231
-193
-228
-247
-223
-235
-219
-239
-164
-155
-150
-135
-142
-154
-94
-73
-84
-89
-97
-81
-108
-133
-116
-131
-183
-211
-175
-238
-262
-259
-269
-216
-230
-224
-214
-221
-229
-163
-169
-182
-156
-195
-146
-116
-81
-45
-76
-107
-106
-109
-116
-92
-114
-74
-82
-82
-69
-108
-86
-91
-143
-88
-96
-133
-112
-155
-120
-133
-165
-121
-155
-173
-211
-195
-213
-201
-218
-231
-221
-237
-215
-210
-171
-199
-181
-130
-150
-130
-116
-120
-110
-131
-151
-121
-122
-121
-101
-118
-157
-116
-75
-78
-43
-19
14
13
-18
-36
5
-2
-17
50
48
-13
31
29
1
6
-26
-22
-8
-17
-27
-1
-7
-28
-33
-34
-32
-81
-76
-37
-42
-53
-73
-71
-75
-28
-29
-31
-54
-49
-50
-38
-32
-43
34
72
47
27
63
35
12
-21
8
27
-33
-35
-53
-62
-5
-23
11
10
-22
-40
-46
-9
-17
-21
5
-32
-2
13
-18
-12
-24
29
23
33
7
-52
-63
-84
-53
-41
-11
-4
23
15
59
64
87
67
31
58
78
74
37
24
11
-2
7
54
43
57
27
57
66
51
58
25
99
61
94
82
71
133
113
126
84
73
65
55
37
51
104
103
139
86
70
92
45
60
36
11
-13
-35
-51
-71
-62
-64
-68
-43
-64
-67
-82
-41
-11
-43
-25
4
-15
-27
30
-1
32
54
2
29
23
29
50
34
73
102
119
127
76
51
53
70
126
79
127
118
51
71
47
-13
11
19
-8
44
21
44
69
91
103
133
112
110
121
131
134
154
164
151
123
128
110
80
81
48
83
47
50
50
115
90
35
51
11
32
32
39
61
56
17
-27
-50
-54
-66
-70
-53
-10
0
46
74
76
97
95
139
103
104
79
109
118
131
136
103
107
79
81
78
106
90
103
127
90
141
173
128
102
95
95
63
67
7
-36
14
35
57
85
88
89
61
54
95
95
72
95
100
105
99
73
43
82
63
51
92
98
90
113
114
93
98
55
41
41
20
29
32
43
66
19
35
61
-7
-5
19
50
77
66
70
38
64
40
28
57
87
57
103
130
117
96
45
85
73
74
60
97
97
73
110
74
80
106
93
88
46
56
75
83
42
52
125
79
135
135
116
141
168
188
166
172
151
177
165
185
154
158
224
189
163
125
104
113
98
58
62
45
12
-15
-6
1
-18
6
-41
-36
0
-4
4
-20
-6
35
-63
-46
-20
-39
-63
-105
-56
-32
-24
-68
-25
16
51
65
118
168
176
148
155
184
131
139
117
136
141
116
148
177
212
162
153
141
196
186
182
187
189
169
167
145
128
119
121
110
52
72
63
60
77
115
87
80
54
39
13
-25
22
10
46
84
65
64
119
108
79
69
51
63
119
158
190
212
234
227
182
144
135
139
146
186
177
188
157
113
169
150
157
175
159
129
148
105
12
29
28
83
66
33
29
9
3
-44
-57
-11
-7
-5
19
32
38
43
63
32
23
20
63
72
58
47
50
69
88
101
111
134
138
93
170
183
180
193
200
209
199
216
198
173
179
178
167
207
183
157
148
183
178
187
193
173
172
133
145
133
117
114
109
91
65
74
-12
-24
-41
-26
-30
-39
-19
-24
-43
22
8
17
50
53
70
94
95
78
85
105
131
149
175
179
200
198
183
214
253
275
302
241
228
189
128
170
167
146
143
155
128
131
115
128
124
90
89
73
91
88
96
95
117
110
74
86
26
44
50
79
126
135
122
132
165
157
150
122
138
162
170
179
171
177
154
138
156
183
157
218
209
187
168
126
125
106
97
94
84
80
88
93
123
89
41
29
51
34
68
58
41
93
67
97
124
101
137
118
104
127
102
109
84
18
36
47
42
33
28
11
18
33
46
47
30
58
114
118
81
110
104
113
114
132
109
124
131
124
113
143
146
142
198
195
239
227
229
217
200
158
166
131
103
108
81
77
33
58
26
-12
29
-11
1
26
-8
10
15
-8
59
28
12
21
34
18
19
62
15
32
24
55
60
41
92
148
140
152
137
144
133
131
139
116
146
195
155
178
133
164
166
158
150
100
120
144
115
82
65
61
61
52
84
93
95
119
119
113
101
134
111
99
88
71
74
127
133
146
177
152
136
154
116
83
69
39
24
-7
28
8
28
32
29
64
-3
-17
4
-4
-28
-17
48
29
106
62
103
105
54
88
23
37
51
43
28
52
71
114
147
156
130
142
126
96
100
88
72
15
-20
-11
29
8
-23
23
18
24
78
76
78
162
134
129
100
90
112
97
116
156
186
149
137
122
138
173
172
191
167
134
180
154
199
157
105
78
108
135
122
103
28
51
51
16
27
41
46
56
35
46
-43
-17
-45
-40
-18
-29
-6
24
62
20
72
84
124
90
97
100
108
102
97
91
87
98
33
67
81
106
109
122
132
126
183
180
123
143
134
88
107
143
134
122
123
124
139
133
167
174
143
124
116
116
103
44
36
39
58
20
33
-4
-49
-42
-3
8
-14
53
32
48
62
70
96
121
123
102
104
90
110
82
65
87
93
94
96
122
100
130
150
172
138
167
134
138
143
122
183
148
172
110
57
18
15
-9
-25
22
26
3
33
37
53
78
74
89
37
36
16
-15
-4
4
-35
14
-29
-5
72
21
12
20
3
-46
-57
-11
29
36
98
115
79
108
135
102
121
58
30
16
-13
-24
-23
-14
-13
17
18
-25
-5
-22
-85
-62
-103
-90
-93
-96
-109
-57
-67
-75
-45
-73
-16
-14
-35
-40
-40
-21
-29
-23
-11
1
13
-18
-66
-63
-88
-71
-46
-104
-84
-47
-26
-27
-38
-40
-39
-2
-85
-110
-107
-124
-180
-199
-121
-129
-119
-81
-51
-35
-15
13
57
10
-9
-11
-45
-47
-68
22
-8
-22
-56
-74
-89
-140
-114
-149
-128
-165
-119
-144
-149
-128
-163
-138
-118
-140
-200
-150
-202
-187
-174
-175
-146
-108
-89
-68
-102
-105
-83
-70
-42
-61
-97
-44
-24
-55
-40
-41
-59
-82
-79
-20
14
-56
-39
-49
-109
-90
-118
-170
-217
-220
-195
-184
-189
-196
-240
-198
-189
-183
-196
-199
-214
-176
-175
-190
-104
-125
-115
-139
-156
-110
-97
-109
-83
-98
-74
-68
-53
-45
-56
-92
-67
-61
-84
-98
-102
-54
-74
-76
-65
-52
-80
-127
-98
-99
-84
-35
-60
-44
-42
-27
-52
-54
-67
-59
-60
-56
-54
-60
4
-15
24
35
-14
-2
7
44
-8
-39
-10
-47
-74
-113
-84
-76
-109
-88
-77
-116
-80
-71
-70
-61
-27
7
-55
-67
-79
-55
-36
-28
13
30
35
33
10
40
50
42
38
33
87
96
109
50
3
-22
6
-16
-38
-10
-24
-39
-36
-43
-51
-75
-66
-59
-120
-98
-121
-121
-94
-68
-72
-92
-99
-44
-65
-77
-31
-78
-98
-74
-24
-24
-23
-26
-11
4
27
14
-8
2
-18
0
-24
-10
6
10
-9
39
74
32
46
50
13
38
37
48
84
64
76
63
5
-20
-45
-50
-27
-69
-71
-39
-13
8
31
80
56
36
44
26
52
21
58
53
52
30
14
68
25
9
-11
-9
1
-15
9
24
61
53
29
54
47
18
-42
3
0
-8
-35
-2
0
-65
-58
-59
-27
-24
12
-26
3
-9
-26
-33
-57
-22
-11
21
-4
-29
4
1
-40
-5
-1
-2
-7
-24
-27
12
6
35
26
26
16
-23
-15
15
45
87
91
92
81
43
21
-22
14
-36
-16
9
9
32
79
99
82
105
133
120
121
140
86
52
14
39
82
74
46
48
82
66
71
80
89
145
110
87
54
30
32
-12
19
61
46
73
59
42
52
83
3
-49
-13
6
31
-22
28
66
73
95
84
95
149
120
141
178
225
195
199
256
224
265
263
244
271
244
248
258
248
257
303
324
324
336
334
361
291
272
266
264
276
258
292
268
225
206
168
168
109
114
92
107
136
117
128
165
133
142
173
157
214
221
248
277
266
320
306
304
329
306
331
302
257
266
295
303
326
358
363
354
387
373
344
338
310
320
287
278
232
276
272
243
227
217
241
245
260
285
305
268
273
313
320
320
341
310
309
312
345
343
346
379
320
321
343
333
370
349
316
291
262
324
355
348
328
330
340
377
348
319
283
257
315
232
256
229
233
313
283
298
311
327
306
327
342
336
317
313
285
307
366
351
374
350
318
338
336
322
357
306
333
386
355
400
356
337
326
333
352
368
360
343
375
377
401
382
398
431
427
405
405
418
385
422
432
397
373
381
418
377
414
386
368
374
418
391
406
395
330
347
432
402
391
438
442
430
465
472
406
435
424
443
451
421
406
412
410
356
391
435
404
441
414
468
453
466
445
436
456
459
459
411
420
397
430
462
364
380
368
348
359
363
423
357
317
319
299
328
307
356
348
344
309
260
288
271
300
291
290
305
293
273
303
350
369
372
403
416
433
448
404
393
359
363
332
337
353
376
367
368
402
434
464
450
429
396
386
394
405
440
422
404
389
355
356
357
332
308
314
358
295
285
301
268
312
290
314
309
295
291
285
276
266
276
271
256
267
259
264
236
218
224
279
279
261
278
276
249
308
315
272
255
217
193
225
225
184
216
193
186
179
175
192
199
242
264
216
247
170
194
225
196
213
206
179
173
175
147
168
196
164
171
217
235
237
220
251
274
222
225
241
212
239
228
218
163
188
198
162
227
177
147
163
188
205
189
171
142
134
152
148
73
79
88
55
29
52
32
-16
-12
-18
-33
-46
-33
-29
-29
-25
21
-6
25
44
31
18
7
47
29
-3
-50
-60
-56
-41
-83
-85
-87
-74
-125
-122
-137
-182
-170
-167
-155
-145
-154
-193
-158
-97
-88
-114
-102
-105
-134
-94
-113
-109
-77
-94
-79
-131
-127
-108
-88
-65
-70
-86
-119
-102
-134
-145
-145
-135
-122
-148
-142
-155
-133
-177
-173
-146
-137
-164
-110
-126
-171
-166
-189
-164
-181
-167
-211
-220
-199
-164
-193
-209
-182
-189
-213
-184
-173
-209
-183
-233
-267
-200
-218
-249
-229
-168
-187
-208
-171
-178
-176
-178
-201
-185
-190
-187
-211
-231
-226
-217
-229
-224
-225
-230
-250
-209
-159
-204
-208
-188
-197
-258
-260
-253
-227
-255
-277
-231
-188
-239
-265
-251
-241
-251
-269
-290
-233
-221
-200
-180
-190
-202
-128
-127
-115
-99
-129
-103
-112
-109
-125
-90
-72
-78
-55
-22
-50
-87
-106
-111
-122
-160
-148
-153
-146
-127
-199
-177
-165
-160
-154
-177
-167
-181
-207
-229
-196
-234
-206
-205
-221
-210
-173
-143
-169
-130
-145
-136
-91
-102
-112
-160
-134
-151
-149
-123
-144
-108
-84
-92
-76
-86
-69
-42
-63
-15
-35
-28
-58
-54
-48
-61
-64
-65
-102
-133
-159
-157
-146
-196
-217
-241
-197
-152
-125
-120
-120
-119
-132
-121
-114
-176
-193
-228
-180
-139
-193
-177
-200
-193
-199
-180
-124
-123
-144
-165
-175
-145
-120
-118
-95
-136
-140
-133
-114
-147
-181
-179
-104
-116
-130
-102
-95
-76
-107
-106
-169
-177
-137
-121
-131
-168
-195
-246
-241
-305
-324
-289
-288
-266
-248
-249
-219
-186
-120
-97
-127
-88
-85
-47
-45
-87
-51
-39
-42
-36
-81
-103
-110
-79
-67
-52
-75
-132
-171
-170
-106
-106
-127
-99
-58
-41
-43
-74
-118
-109
-78
-98
-110
-117
-123
-110
-146
-103
-100
-62
-75
-111
-65
-73
-119
-103
-19
2
35
22
-15
7
28
74
107
11
-23
-37
-6
70
52
3
-54
-55
-82
-81
-102
-114
-112
-94
-49
-29
-54
-135
-168
-147
-59
-51
-69
-82
-125
-68
-49
-85
-6
-35
-40
20
-13
-49
-55
15
62
80
79
31
-35
-67
-31
-17
-36
-16
46
-16
-110
-64
22
68
77
31
41
77
-10
-83
-13
35
16
-44
-33
-103
-151
-149
-90
-24
-47
-53
-49
-26
-34
-44
-66
-35
-34
5
-33
-112
-99
-80
12
-36
-142
-156
-94
-133
-141
-102
-146
-130
-37
14
-65
-73
-49
3
-24
25
94
-42
-146
-148
-144
-66
-129
-185
-124
-65
-179
-305
-250
-192
-148
-127
-140
-162
-64
-107
-109
-60
-39
-33
15
121
35
-59
-60
-56
57
140
-17
-18
32
-60
-25
82
70
38
91
111
100
29
42
-22
63
138
47
-24
-29
-70
-79
22
10
-30
-147
-76
-30
-72
-62
-17
-30
-39
-59
-143
-100
-45
-194
-49
150
-35
-160
-110
-108
-190
-116
-137
-130
-9
-53
-254
-159
-127
-336
-218
-31
-59
-103
-41
-225
-347
-249
-236
-124
44
-79
-171
20
-54
-213
-95
36
-6
-11
69
-106
-108
-79
-126
37
110
0
-91
22
-108
-212
13
-29
-147
48
74
-143
-179
-214
-127
-10
131
15
-68
-24
-142
-98
-92
-260
-180
104
-3
-187
-164
-85
-109
-162
-55
-90
-55
-13
-155
-55
-129
-295
-184
-83
-188
-147
-85
-229
-350
-325
-313
-240
-82
-230
-152
-184
-360
-230
16
-181
-317
-66
-238
-237
-44
-234
-370
-113
-159
-348
-79
-48
-356
-168
-185
-378
-258
-8
-106
-334
-225
-166
-201
-296
-333
-337
-144
-359
-251
-253
-414
-276
-354
-257
-326
-510
-229
-28
-277
-403
-235
-53
-294
-345
-274
-291
-166
25
-113
-150
-285
-315
-95
-274
-312
-402
-76
24
-102
-297
-200
-223
-319
-172
-346
-307
-316
-214
-212
-224
-368
-465
-257
-73
-264
-273
-47
-287
-242
-106
-484
-170
31
-502
-227
65
-434
-476
-293
-491
-399
37
-253
-441
-143
-302
-330
-104
-174
-457
-253
-215
-188
-197
-277
-387
-171
-80
-493
-194
-237
-450
-169
74
-362
-293
-197
-597
-411
-51
-72
-267
-54
-291
-410
-167
-334
-169
152
-166
-321
26
-90
-333
-232
-168
-82
-4
-61
-104
-218
-345
-338
25
23
-273
-60
-272
-401
-245
-66
-222
-242
-230
-374
-162
-333
-258
-273
-248
-392
-190
-226
-732
-336
-328
-428
-222
-70
-473
-428
-385
-428
-54
157
-465
-506
-68
-439
-350
-71
-263
-545
-156
-278
-255
-247
-481
-535
-203
-34
-310
-258
-288
-523
-446
135
-254
-282
-133
-276
-72
-264
-351
-172
-250
-479
27
102
-451
-403
-305
-316
-42
-51
-532
-327
-206
-553
-62
56
-290
-295
-92
-333
-361
-256
-498
-313
-78
-223
-315
-203
-569
-485
-299
-315
-235
-21
-293
-639
-218
-448
-541
-129
20
-357
-262
-130
-364
-424
-459
-143
-164
140
-214
-443
-395
-315
-131
-246
13
-127
-531
-226
-88
-968
-178
289
-553
-260
-57
-359
-400
-316
-212
-210
-277
-160
-558
-420
-289
-385
-380
-266
-49
-374
-431
-456
-378
-381
-50
-117
-650
-207
-232
-279
-522
-256
99
-389
100
132
-925
-595
522
-553
-250
708
-506
-545
277
-191
-774
341
14
-488
616
-13
-1091
-39
359
-683
-32
354
-679
-593
-229
-419
-229
-9
-122
-125
-164
-636
-512
-352
-142
-306
-42
33
-568
-325
-822
-635
-34
-26
-297
159
-427
-1009
-158
-402
-857
218
406
-505
-42
-387
-787
-245
-238
-183
340
19
-536
-310
-29
-671
-304
459
-255
-154
305
-566
-459
331
-339
-171
303
-58
-236
-67
-441
-346
-124
54
-51
-372
-226
-496
-412
-283
-250
23
-50
-328
-316
-119
-395
-509
-79
305
-177
-168
-202
-750
-156
-225
-165
277
-183
-757
-398
15
-827
-220
139
-355
85
79
-699
-415
55
-623
-72
544
26
-712
-179
61
-399
-68
368
58
-18
279
-599
-705
217
-255
-220
653
-227
-860
-100
-244
-479
364
-106
-229
253
-321
-923
176
-354
-306
617
-336
-289
-29
-406
-559
363
41
-130
658
-209
-868
278
-46
-453
616
552
-440
-175
57
-296
-35
402
-289
7
795
-802
-772
349
-359
-666
847
100
-893
129
-15
-907
121
466
-785
255
559
-760
-592
367
-395
-648
631
-120
-663
215
-56
-910
-14
294
-582
314
-91
-732
-19
497
-274
-611
558
-215
-15
3
-610
-333
464
-37
-548
187
-172
-456
-579
337
-565
-135
289
-187
-178
-325
-205
-175
-11
-156
108
-392
164
-295
-455
78
-116
-32
-101
92
35
-234
-128
121
-426
171
149
-292
481
49
-243
79
180
-85
161
138
164
164
-36
54
-120
117
-278
359
295
-259
328
222
-434
127
650
-858
368
485
-630
157
302
-306
-111
455
-257
372
-125
5
-328
364
351
-585
154
-48
-196
-402
501
-48
-93
30
-80
47
216
-262
-460
656
-86
58
390
-457
-64
120
-91
82
320
-246
129
364
51
-133
-279
140
31
139
-317
360
412
-471
206
228
-210
318
-80
-134
422
194
-435
497
122
-502
183
276
-143
-46
732
-551
122
81
133
376
78
118
-75
320
197
-33
-135
321
48
-183
92
103
15
-342
128
95
-36
198
-572
173
40
-172
202
12
-240
190
-19
-521
120
-175
-219
107
576
-488
-302
424
-405
-19
388
129
-156
230
92
-317
211
112
156
57
485
14
-278
306
-71
292
321
162
72
10
-253
-36
585
-153
104
347
-390
409
141
-532
225
354
-279
284
498
-856
-29
157
-160
183
223
-141
-231
302
-129
248
-233
126
31
4
218
59
86
-62
83
-68
587
-217
-81
15
385
119
-223
505
103
-544
225
784
-534
71
64
-87
158
212
-146
-210
345
-246
171
164
-188
-103
312
-226
64
307
-70
483
34
-4
205
292
-53
-85
370
-150
580
295
-217
288
214
-143
256
491
-2
8
405
78
-215
541
-291
50
854
47
-127
616
165
-346
335
560
-142
-178
583
-179
426
-292
53
572
164
36
-38
360
-7
210
60
524
154
189
190
427
140
-300
889
175
28
213
394
80
108
100
441
194
107
421
-231
371
229
292
181
276
422
-175
436
117
-120
420
378
-328
481
312
-653
847
79
-719
599
260
-472
391
59
-390
407
147
-392
401
443
-111
256
522
176
325
771
-151
455
681
94
101
751
91
-80
807
116
192
374
253
612
232
152
578
270
304
627
-108
702
22
224
591
6
569
67
139
105
416
-305
446
265
343
255
254
318
161
728
-58
640
385
173
621
493
91
553
701
409
732
412
355
756
638
499
503
972
465
513
545
707
463
414
565
328
767
620
537
371
725
115
689
791
214
673
672
1022
144
352
929
371
416
780
387
541
1416
29
736
870
287
1165
625
690
757
947
806
949
237
657
669
1141
799
444
815
512
542
809
803
445
1054
625
1047
962
596
711
908
1216
540
1006
827
537
867
896
633
323
1083
330
617
753
632
288
672
1028
19
1056
314
878
600
620
840
474
714
550
731
9
842
569
635
532
774
842
558
877
638
585
943
1034
560
1169
487
905
922
1080
874
839
1154
514
1784
407
975
683
1537
739
552
1246
626
771
561
1387
-13
1082
1071
366
1054
905
325
582
1317
579
641
1271
532
824
1118
678
1064
494
961
619
1163
945
768
848
862
1294
441
1609
819
706
1234
1319
806
591
1698
593
996
974
1205
805
999
1259
395
1037
1366
662
808
1420
845
752
1205
1091
539
1264
1362
773
1224
1080
500
1198
1485
754
1041
1285
820
1378
710
1054
968
1087
859
1199
1120
527
1407
916
939
1088
1654
332
1675
1290
163
1361
1475
901
783
1552
469
1418
923
806
1027
1785
992
748
1652
683
1167
891
1753
706
1649
1206
585
1596
649
1195
819
1414
1185
962
776
1187
914
610
1366
587
1441
733
1178
998
715
1123
623
1373
875
1080
591
1392
616
1101
1087
965
1039
909
1574
491
1319
828
1319
1182
1104
1078
1070
1323
776
1172
1048
1026
775
1437
568
1170
1151
358
1258
807
818
1034
1310
291
1158
802
936
1090
858
817
602
1650
-32
1260
728
599
938
839
1124
421
1370
286
1067
1020
738
625
1214
839
368
1283
511
1127
540
690
1036
1186
667
1218
718
886
989
1096
1232
607
1634
446
1167
791
968
620
1088
858
171
1029
632
847
263
935
1105
420
854
796
641
961
790
688
891
666
582
927
35
922
577
569
676
521
713
306
939
393
771
759
947
545
856
657
652
888
660
783
422
876
302
459
554
312
858
433
692
734
626
493
679
794
688
751
555
651
563
573
492
439
486
790
666
289
428
584
425
552
730
413
266
630
466
574
385
421
379
535
384
221
423
-108
321
369
571
-71
141
600
124
170
262
502
120
662
112
235
628
-85
419
223
538
158
649
-71
163
622
-115
417
218
314
-192
883
32
55
299
122
-84
311
519
-303
278
32
362
-24
122
82
45
-88
329
60
-322
459
2
-24
418
-73
-179
358
124
-447
272
60
-83
76
-80
-363
449
-197
72
673
-266
-267
387
84
-419
302
71
29
303
385
-282
94
132
-151
295
436
-86
225
184
-202
323
-214
117
13
267
-482
540
-260
-255
259
-306
113
-231
311
-494
313
-158
-138
503
43
-240
77
265
-288
339
-227
166
-95
146
-163
-66
162
-171
-124
319
-195
-458
678
-369
99
-165
60
20
103
191
-392
314
-83
88
122
200
-344
-71
274
-61
364
40
-177
193
53
-167
-115
103
-183
-136
258
-281
39
-448
242
-260
264
-14
-690
271
-142
-363
-21
-13
-482
262
-109
-498
357
-306
-271
164
38
-816
342
376
-1022
551
111
-423
82
130
-331
-249
381
-160
-148
182
-209
-347
143
-454
108
-201
-152
422
-667
-567
294
-503
-321
487
-667
-152
289
-894
-41
-57
-522
-379
263
-134
-649
-188
-68
-259
-530
60
-258
-387
-210
-517
-39
-235
-519
-79
91
-655
-24
69
-626
223
-269
-282
153
-150
-367
-435
83
-296
-328
190
-103
-666
305
-317
-482
-33
-55
-184
-110
-145
-208
86
-430
-232
-183
143
-419
54
-148
-707
50
-284
-433
-173
29
-956
37
-119
-1023
36
-104
-1059
163
-109
-521
-531
-363
-365
-357
258
-869
-688
101
-224
-732
150
-569
-259
90
-353
-163
-645
-57
-152
-146
-568
81
-327
59
-206
-311
-393
187
11
-354
168
-443
-46
-460
24
-390
18
-80
-269
-270
-112
-489
-546
238
-657
-65
-271
-386
-626
221
-648
-562
-67
-115
-45
-915
649
-1039
187
-42
-390
-117
-16
-64
-633
532
-764
187
-168
4
-507
17
341
-668
467
-720
-161
-82
-135
-430
-311
209
-613
232
-309
-345
-202
-338
11
-526
-38
-347
-260
-382
-408
-348
-153
-318
-218
-188
-247
-203
-503
-9
-281
-382
166
-259
-513
161
-356
-299
210
-551
-120
42
-254
-545
-75
-178
-502
-36
-53
-738
-87
-1
-640
-133
208
-665
-198
135
-659
-403
-158
39
-525
35
-202
-319
-404
11
96
-831
325
-318
-114
-346
-104
-519
-21
137
-749
160
-97
-269
-895
585
-242
-852
-54
-244
-350
-409
304
-1060
-265
3
-793
-111
-38
-362
-655
86
-21
-707
190
-69
-481
31
-60
-316
398
-98
-512
476
-116
-464
139
-108
72
-70
-298
-260
239
-89
-682
122
-488
-86
176
-515
-393
-79
-292
-374
362
-704
-372
329
-536
-561
350
-310
-946
398
-333
-453
322
-353
-485
73
-119
-409
-17
82
-615
361
128
-752
335
-274
-220
548
-211
-844
729
-306
-383
10
-43
-316
111
20
-525
313
-378
201
-353
16
-105
-11
104
-167
-339
67
302
-206
-256
-13
398
-555
-190
368
-551
135
-84
-545
182
-75
-425
109
-9
-483
-238
172
-116
-568
375
-487
65
102
-393
67
-314
119
-551
316
143
-175
-332
215
47
-508
562
-35
-79
170
181
97
-76
328
-753
550
212
-557
442
-81
-369
-75
298
-170
48
-10
-265
75
-145
-430
484
-609
82
85
-388
20
47
88
-551
381
-395
189
-562
317
-578
-22
410
-402
-276
-286
245
-485
310
-785
178
-69
-532
54
-71
-538
192
514
-542
447
-412
-79
60
196
-262
-255
712
-707
-61
49
440
-347
263
-153
-294
595
-470
181
-247
99
-129
376
-202
-464
-77
-452
431
-236
-217
-137
-434
-501
365
147
-950
493
-191
-444
406
320
-674
-340
483
-417
252
176
-251
-96
-325
10
-288
274
-136
-56
-481
105
165
-185
211
-449
-129
134
596
-630
-67
-130
-401
-294
338
-386
-518
-31
-643
199
158
-268
-421
-301
-211
228
-242
-28
-288
-255
278
-409
-455
130
-737
219
54
-34
-390
-246
240
-838
-40
235
-574
-156
641
-763
179
299
-854
99
192
-96
-491
259
-343
-342
347
-453
-518
284
-233
-553
477
-450
-110
-38
-158
-522
134
124
-866
52
-141
12
-159
-537
-581
-29
169
-572
-209
44
-242
-424
213
-367
-436
240
-706
184
266
-704
-848
-95
-113
-178
82
-752
-297
-433
-365
-75
57
-780
-634
372
-739
-29
-435
-520
77
-216
-313
-250
142
-1068
171
-23
25
-444
-622
204
-707
295
-316
-143
-66
-445
-488
-50
-1
-639
-126
-400
-141
69
-408
-424
-574
-70
-570
220
-8
-860
-636
-212
-190
-450
225
-1017
-477
287
-343
-417
-46
-767
-709
266
-80
-786
-319
131
-531
-448
602
-779
-86
233
-807
99
-225
-212
-409
-192
5
-181
-411
-403
-340
-58
-770
16
199
-791
-247
6
-442
-725
-51
-381
-607
-120
-66
-461
-612
-501
-533
97
-650
-691
38
-880
213
-649
-266
-113
-1091
-81
-334
96
-999
-189
-800
-121
-295
-1056
165
-726
-32
-761
-120
-285
-475
-903
-400
201
-370
441
-1144
-301
24
-601
192
-267
-644
38
-375
89
-322
-773
165
-412
221
-448
-198
-650
-279
-184
-432
80
-207
-622
-1284
314
-558
-289
-439
-542
-451
-1008
401
-1004
-853
-7
-560
-262
-609
-202
-806
-681
-392
-675
-27
-399
-580
-909
-364
-397
329
-681
-987
-97
-387
-473
-202
-337
-844
-58
-20
-815
-42
-368
-1107
-15
157
-466
-606
-138
-414
-530
92
-352
-576
-398
-438
-465
130
-476
-703
-656
-284
-165
-687
-141
-687
-186
-543
-508
-377
-435
-701
8
212
-1027
83
-641
-381
-373
44
-297
-365
59
-951
-171
41
-901
-393
492
-438
-608
-271
-631
-233
-532
-211
-284
5
-431
-1094
99
-131
-292
-207
-605
-761
-467
503
-512
-954
-571
-75
-453
-105
-383
-1085
85
-774
-12
-635
-262
-996
-834
-189
-228
-261
-1207
-99
-1012
-144
-498
-308
-1039
-428
-131
-443
179
-821
-506
-800
27
-248
-155
-500
-752
-348
-362
5
-512
-420
-582
-326
107
-242
-159
-667
-503
84
-127
42
-261
-924
-501
388
-668
2
-610
-639
-6
-566
-3
-587
-511
-682
4
-542
20
-495
-694
-518
-435
354
-958
-141
-359
-374
-462
-139
-739
-493
199
-829
-190
-181
-354
-975
345
-285
-897
83
-290
-542
-458
-14
-768
185
-104
-1068
159
-548
-347
-240
-318
-826
216
-261
-1110
158
-852
-344
-137
-227
-756
-527
-374
-606
-213
-59
-336
-798
-330
-383
-195
-289
-738
-339
-357
-151
43
-496
-598
-394
-406
315
-46
-757
-121
-575
-119
309
-547
-803
-163
-302
-601
444
-466
-1019
-247
12
-4
-818
30
-362
-647
55
-100
-385
-443
-559
-751
204
-214
-392
-680
-555
31
-157
-318
-597
-287
-359
-666
429
118
-1072
-143
-69
-247
8
-623
-565
43
62
-643
-299
138
-654
-690
99
-209
-478
-256
-435
55
-137
-1083
-207
-32
-379
-432
-207
-180
-419
-80
-452
-40
6
-347
-486
165
-308
-357
30
-415
-86
-105
-656
-133
353
-552
-176
-335
30
106
-109
-181
-786
-35
59
135
-174
-588
-578
-82
184
-221
-362
-283
-394
-510
171
1
-788
-138
-158
-279
384
-225
-989
-164
414
-350
-275
-93
-637
-187
-137
-89
169
-678
-454
336
-7
-579
-125
-311
-520
427
-52
-700
-452
-34
-701
-190
399
-917
-842
104
-64
-587
-283
-274
-380
157
-92
-424
-586
-112
-219
-186
416
-542
-607
-52
-357
188
245
-758
65
-46
-496
364
98
-695
-261
448
-32
-107
-73
-507
-228
241
-264
-300
51
-644
-341
239
-331
-427
-158
-608
-260
380
-333
-141
-202
-488
-76
168
-560
-373
-282
-306
169
-347
-335
-244
-73
-358
-75
150
-543
-41
-125
-599
234
228
-647
132
354
-642
125
97
-190
86
-296
-195
128
-163
-394
-99
215
-202
-285
64
-293
-297
-49
-244
-157
176
-449
-433
-48
68
-140
-189
-163
-324
-405
76
-139
-530
263
-289
-202
232
-444
-414
233
24
-190
171
-140
-131
-162
203
328
-345
-170
170
134
-14
-280
126
288
-223
-209
98
-86
-30
-86
-173
229
262
-127
-520
-1
0
-460
304
262
-569
-289
276
-402
-222
239
-648
-414
558
-119
-680
21
-288
-372
420
225
-397
-257
-180
-80
301
267
-142
-149
-52
-54
-31
69
-207
-156
145
298
27
-409
-294
244
61
-233
79
-219
-349
-318
-82
29
162
-32
-483
-286
65
-101
-88
120
-328
-119
209
120
-264
-530
-9
293
277
-212
-626
-68
116
-117
133
286
-315
-345
37
-52
-77
65
-139
-91
221
-445
-491
66
-87
-118
71
-70
-239
-256
-312
35
127
-362
-116
252
-524
-292
63
-63
-82
-13
-143
-206
146
-180
-112
92
284
-204
-156
0
-288
161
37
206
-71
-401
-115
111
-128
-316
-100
43
429
14
-348
-360
-243
-37
216
208
-337
-357
104
81
-195
24
-351
-269
525
160
-215
-21
22
-227
90
411
-108
-278
86
328
335
197
-222
-192
251
30
-105
157
-61
-230
201
23
-454
3
26
-372
-156
76
-283
-323
-24
-412
-503
-86
-272
-592
57
-230
-534
-222
-182
-355
-507
-489
-456
148
-115
-436
-81
-316
-404
-110
-213
-386
93
-121
-245
106
-304
-581
-68
201
-290
48
189
-369
-135
66
-8
69
13
-189
135
221
-140
-80
113
87
129
-15
-92
205
-22
-63
222
325
-22
2
209
201
326
256
197
338
365
-96
296
467
90
108
498
608
353
124
105
351
184
120
339
376
-3
-20
88
-155
-61
-261
-428
-173
-234
-676
-592
-405
-840
-889
-721
-666
-767
-919
-946
-883
-874
-1038
-1055
-991
-1019
-1167
-1069
-1025
-1162
-1165
-1072
-1100
-1093
-1189
-1008
-611
-739
-988
-921
-519
-346
-248
-212
-263
-88
241
349
366
464
536
691
983
984
954
1042
1117
1231
1228
1275
1271
1284
1138
1241
1371
1329
1168
1066
1043
1026
1018
848
769
846
777
669
540
401
320
313
254
231
145
-86
-264
-33
-172
-463
-175
-204
-433
-336
-447
-723
-598
-723
-869
-515
-696
-1210
-993
-1006
-1298
-997
-1214
-1764
-1621
-1523
-1815
-1847
-1857
-1904
-1672
-1589
-2002
-2383
-2034
-1573
-1312
-1295
-1383
-1257
-1000
-820
-614
-96
107
229
212
453
773
800
951
1058
1108
1352
1297
1256
1315
1157
1277
1564
1476
1148
949
822
810
931
889
700
445
201
40
84
36
-167
-253
-391
-421
-196
-263
-514
-535
-350
-7
140
-38
-205
79
446
690
716
748
820
872
1097
1370
1326
1196
1278
1338
1524
1350
1030
1002
1152
1003
857
629
163
41
-8
-148
-261
-429
-1101
-1185
-1111
-1461
-1683
-1633
-2039
-2420
-2158
-2124
-2491
-2808
-2839
-2896
-2427
-2317
-2586
-2839
-2883
-2564
-1885
-1536
-1932
-2027
-1545
-878
-731
-660
-557
-175
264
572
783
834
891
955
1290
1781
1779
1595
1530
1641
1891
2036
1916
1713
1554
1419
1533
1428
1167
912
895
957
810
592
388
248
215
204
173
54
-108
-172
-89
1
-7
-96
-23
109
243
238
254
444
588
685
751
870
852
880
1010
1117
1043
979
962
864
785
703
562
450
355
197
-20
-247
-456
-649
-821
-1075
-1106
-1425
-1571
-1640
-1999
-2130
-2092
-2244
-2441
-2336
-2642
-2925
-2638
-2288
-2368
-2719
-3073
-2931
-2031
-1749
-2051
-2038
-1626
-1271
-929
-610
-504
-213
119
395
771
1072
1032
1062
1363
1770
2015
1949
1760
1752
1963
2287
2355
2107
1831
1782
1880
1863
1731
1499
1259
1085
931
905
751
479
267
208
205
122
-21
-129
-201
-279
-256
-173
-144
-81
-6
-27
94
225
222
224
301
384
409
549
599
487
527
714
736
745
655
571
415
342
293
123
37
-162
-276
-620
-824
-892
-1060
-1222
-1293
-1524
-1708
-1830
-2104
-2185
-2166
-2292
-2462
-2581
-2734
-2484
-2130
-2231
-2646
-2919
-2419
-1608
-1528
-1979
-1991
-1319
-607
-455
-644
-501
54
501
832
1052
1140
1074
1326
1833
2191
2177
1940
1925
2099
2433
2457
2298
1970
1836
1913
1933
1835
1431
1134
1090
1164
941
618
298
128
113
62
-154
-438
-622
-596
-552
-687
-769
-691
-584
-545
-404
-259
-265
-216
-113
113
361
373
384
489
682
805
806
778
758
882
892
905
811
569
434
405
274
131
-96
-454
-618
-741
-912
-1049
-1326
-1670
-1860
-1889
-1990
-2336
-2549
-2674
-2700
-2689
-2835
-2851
-2646
-2506
-2745
-3005
-2926
-2381
-1844
-1927
-1968
-1600
-1085
-802
-791
-615
-34
469
706
904
1190
1470
1714
1995
2160
2271
2267
2254
2288
2359
2496
2476
2315
2097
1857
1812
1697
1531
1273
1105
954
724
456
178
27
-126
-258
-464
-565
-635
-812
-872
-944
-936
-803
-790
-837
-797
-578
-376
-284
-274
-165
64
280
452
559
599
625
681
781
836
892
766
799
813
743
666
495
455
330
204
65
-172
-594
-739
-768
-897
-1174
-1621
-1824
-1754
-1918
-2252
-2340
-2487
-2607
-2571
-2711
-2976
-2890
-2565
-2322
-2531
-2938
-2876
-2216
-1680
-1841
-1981
-1663
-1099
-624
-602
-447
-22
379
676
953
1272
1382
1483
1635
2010
2268
2159
1985
2076
2355
2423
2296
2130
1911
1676
1740
1803
1564
1248
1025
893
737
583
246
-44
-171
-290
-520
-714
-868
-936
-931
-956
-1052
-1142
-1046
-922
-825
-773
-732
-630
-478
-238
-68
-62
48
262
478
578
575
652
731
855
916
845
769
748
730
660
580
438
251
77
-164
-382
-535
-732
-920
-1283
-1545
-1676
-1869
-2038
-2184
-2325
-2551
-2709
-2753
-2746
-2869
-2943
-2677
-2531
-2738
-3139
-3114
-2524
-1923
-1944
-2207
-1926
-1322
-787
-651
-687
-287
287
668
944
1013
1158
1410
1775
2030
2139
2081
2011
2160
2377
2503
2387
2216
1984
1841
1886
1812
1578
1338
1192
1060
825
543
212
-10
-160
-296
-497
-737
-981
-1026
-920
-978
-1218
-1332
-1249
-1014
-872
-916
-921
-804
-558
-424
-261
-197
-73
138
427
706
692
686
745
1019
1196
1076
959
831
866
906
775
631
439
263
188
49
-206
-573
-857
-853
-905
-1225
-1580
-1833
-1970
-2121
-2198
-2305
-2530
-2613
-2783
-2821
-2919
-2912
-2683
-2572
-2717
-3040
-2988
-2334
-1696
-1785
-1998
-1753
-1102
-570
-462
-453
-159
421
773
939
1136
1277
1512
1798
2043
2206
2090
1975
2133
2319
2360
2179
1890
1723
1691
1642
1499
1216
867
705
593
414
135
-133
-284
-417
-572
-746
-894
-1051
-1117
-1138
-1089
-1202
-1196
-1069
-1007
-884
-768
-606
-499
-418
-287
-10
261
356
489
595
740
967
1035
1088
1119
1179
1188
1183
1128
1018
948
865
758
528
267
126
16
-124
-402
-735
-979
-1096
-1193
-1392
-1690
-1873
-1956
-2028
-2136
-2298
-2443
-2469
-2473
-2533
-2602
-2704
-2586
-2222
-2065
-2318
-2692
-2449
-1657
-1114
-1296
-1605
-1315
-548
-50
-113
-158
127
664
1051
1163
1241
1342
1545
1728
1946
2005
1870
1754
1823
2002
2060
1783
1480
1351
1367
1416
1243
979
719
591
519
394
101
-138
-198
-300
-448
-572
-752
-817
-689
-638
-817
-960
-874
-637
-306
-299
-423
-409
-184
157
356
353
226
406
708
921
970
826
830
995
1186
1174
1042
905
855
930
869
602
436
236
68
-39
-141
-408
-690
-898
-1015
-1025
-1218
-1522
-1818
-1830
-1870
-1900
-2023
-2175
-2231
-2219
-2228
-2283
-2260
-2383
-2284
-1861
-1594
-1798
-2161
-2073
-1414
-723
-790
-1149
-1022
-387
203
243
176
374
826
1201
1428
1419
1351
1409
1609
1965
2036
1792
1580
1622
1825
1932
1713
1361
1132
1127
1210
1166
902
606
490
466
391
203
-54
-212
-228
-231
-263
-391
-567
-612
-593
-577
-525
-344
-374
-564
-586
-228
170
222
-58
-207
210
648
714
581
474
628
1028
1175
1074
944
877
965
1155
1179
955
737
664
682
603
302
84
23
2
-147
-369
-556
-785
-839
-832
-953
-1156
-1386
-1527
-1391
-1367
-1517
-1606
-1663
-1614
-1534
-1549
-1693
-1757
-1692
-1496
-1140
-1069
-1379
-1772
-1645
-944
-300
-529
-999
-936
-281
329
335
64
120
584
1009
1127
1024
1059
1210
1524
1732
1627
1487
1389
1536
1781
1750
1543
1317
1243
1249
1299
1207
1018
797
766
749
668
559
340
264
189
112
-2
-61
-164
-241
-302
-334
-395
-465
-418
-501
-583
-617
-345
-127
-238
-436
-330
76
266
186
95
193
422
652
675
615
562
623
802
923
950
874
810
869
965
915
698
544
504
510
467
324
62
-144
-80
-65
-206
-473
-671
-659
-604
-600
-808
-971
-1073
-1001
-979
-1093
-1264
-1417
-1392
-1397
-1326
-1172
-1158
-1444
-1842
-1745
-1078
-679
-1028
-1435
-1268
-548
-153
-351
-613
-419
194
570
550
425
572
886
1173
1161
1107
1026
1073
1314
1469
1535
1333
1175
1225
1351
1364
1216
1040
911
965
995
798
520
384
361
353
192
-36
-103
-188
-256
-301
-417
-470
-559
-559
-345
-244
-355
-409
-300
-89
97
131
74
137
345
569
602
607
689
783
978
1092
1148
1079
1096
1215
1264
1190
1119
1102
1039
1012
896
748
693
694
623
401
207
61
24
23
-120
-395
-522
-541
-596
-636
-800
-1016
-1093
-1130
-1128
-1201
-1431
-1606
-1665
-1732
-1648
-1389
-1522
-1897
-2129
-1902
-1285
-1033
-1508
-1805
-1437
-737
-472
-771
-858
-480
153
378
346
346
538
759
1036
1253
1287
1285
1327
1545
1678
1687
1484
1356
1479
1595
1587
1426
1225
1193
1336
1306
1098
842
672
650
589
433
273
142
63
57
17
-156
-364
-382
-297
-231
-264
-295
-322
-217
-86
47
112
149
234
353
506
593
642
683
799
941
962
905
968
1109
1193
1207
1134
1114
1138
1146
1095
969
835
759
738
678
537
328
142
57
67
-27
-215
-410
-537
-565
-650
-809
-957
-1099
-1158
-1160
-1240
-1418
-1524
-1609
-1715
-1800
-1944
-2051
-1810
-1632
-1919
-2411
-2475
-2001
-1364
-1457
-1926
-1869
-1361
-786
-725
-872
-741
-222
244
393
388
542
893
1191
1399
1569
1591
1600
1808
2060
2245
2167
2018
1983
2058
2166
2111
1960
1725
1668
1701
1608
1320
976
865
794
622
410
183
72
-59
-195
-328
-518
-610
-627
-566
-665
-758
-820
-746
-671
-574
-525
-378
-264
-182
-75
-32
112
241
417
486
615
719
799
906
1042
1148
1132
1123
1165
1210
1184
1104
1039
1007
915
832
778
726
499
287
173
44
-28
-225
-423
-506
-623
-729
-892
-1101
-1222
-1336
-1470
-1622
-1743
-1863
-1955
-2090
-2168
-2232
-2179
-2080
-2103
-2281
-2417
-2118
-1704
-1565
-1728
-1643
-1298
-788
-523
-529
-327
48
438
657
804
939
1189
1473
1658
1727
1838
1998
2085
2116
2241
2301
2267
2216
2122
2062
2018
1817
1591
1442
1305
1118
835
564
415
233
29
-221
-415
-555
-776
-995
-1084
-1100
-1130
-1182
-1217
-1201
-1236
-1184
-974
-855
-903
-834
-577
-289
-144
-9
170
378
637
866
984
1118
1335
1517
1576
1618
1722
1802
1791
1796
1793
1769
1733
1636
1543
1411
1246
1090
925
819
589
352
163
-93
-165
-335
-638
-883
-1068
-1128
-1246
-1425
-1587
-1682
-1760
-1839
-1951
-2039
-2113
-2197
-2145
-2138
-2204
-2195
-1952
-1715
-1832
-2098
-2075
-1464
-928
-976
-1260
-1141
-556
-116
-106
-151
96
597
925
986
1012
1111
1347
1527
1638
1716
1700
1625
1702
1881
1930
1742
1473
1379
1379
1345
1151
882
792
665
522
324
145
-12
-152
-334
-497
-528
-596
-732
-870
-883
-765
-832
-997
-929
-667
-506
-613
-696
-482
-205
-87
-92
-4
246
471
636
702
809
1027
1159
1287
1318
1387
1449
1488
1572
1538
1467
1353
1308
1330
1238
991
811
708
598
454
245
114
-10
-151
-261
-483
-685
-744
-795
-915
-1053
-1190
-1249
-1247
-1288
-1460
-1552
-1584
-1674
-1656
-1620
-1625
-1659
-1658
-1660
-1710
-1672
-1716
-1673
-1455
-1415
-1594
-1790
-1658
-1275
-988
-1192
-1403
-1179
-712
-393
-469
-540
-327
33
294
372
375
543
765
885
928
987
1000
1071
1180
1311
1356
1235
1182
1222
1330
1310
1190
1039
988
987
942
789
655
472
426
334
149
39
-71
-120
-250
-418
-528
-581
-524
-456
-537
-634
-599
-456
-364
-379
-395
-274
-94
15
84
134
239
398
526
588
661
774
906
1024
1092
1121
1082
1047
1034
1039
1011
962
875
797
782
626
474
353
249
117
-63
-210
-427
-525
-542
-630
-845
-1040
-1099
-1153
-1250
-1310
-1437
-1615
-1668
-1695
-1721
-1742
-1903
-1932
-1955
-1977
-1915
-1947
-1999
-2045
-1946
-1716
-1646
-1782
-1938
-1817
-1331
-1023
-1103
-1190
-973
-547
-185
-203
-276
-85
304
667
725
664
757
1031
1213
1277
1272
1222
1274
1384
1486
1476
1349
1228
1197
1157
1041
818
623
556
521
411
181
-45
-135
-240
-349
-503
-652
-698
-777
-892
-918
-981
-1005
-966
-854
-834
-809
-726
-569
-388
-325
-321
-144
119
309
469
478
659
834
995
1119
1178
1202
1243
1285
1336
1353
1306
1212
1202
1221
1159
1009
848
820
676
528
317
178
107
-21
-179
-341
-510
-660
-758
-803
-900
-1017
-1098
-1134
-1221
-1286
-1383
-1449
-1402
-1391
-1374
-1471
-1460
-1362
-1295
-1219
-1233
-1288
-1201
-1132
-1077
-1082
-1026
-810
-695
-753
-864
-807
-486
-203
-273
-398
-255
65
316
336
311
517
794
968
988
1001
1065
1184
1257
1284
1296
1232
1253
1277
1292
1276
1157
1053
1055
1024
990
810
718
633
583
564
455
269
157
164
66
-8
-101
-141
-143
-82
-104
-173
-137
-91
56
153
142
157
260
458
583
595
673
785
886
1034
1073
1071
1168
1275
1317
1340
1389
1332
1368
1337
1354
1323
1230
1175
1093
1060
941
834
653
526
439
350
258
119
16
-79
-215
-335
-434
-525
-649
-726
-700
-760
-860
-935
-993
-859
-820
-866
-892
-874
-769
-714
-670
-655
-749
-713
-640
-578
-516
-554
-546
-526
-461
-340
-246
-325
-459
-478
-290
-89
1
-61
-66
95
289
408
423
500
681
843
911
985
1054
1117
1189
1215
1169
1178
1114
1146
1206
1195
1170
1096
1019
992
953
866
795
705
621
606
622
543
442
419
419
362
289
266
286
255
236
224
244
311
352
374
443
511
613
708
779
832
865
914
977
1055
1042
1027
1094
1128
1158
1182
1180
1172
1172
1185
1049
955
831
739
663
547
472
418
283
202
85
4
-85
-151
-229
-357
-367
-441
-497
-540
-516
-588
-605
-580
-616
-543
-517
-485
-443
-440
-433
-385
-313
-253
-156
-147
-137
-103
-39
39
62
79
18
4
13
40
-5
-60
-58
-40
7
-86
-278
-296
-143
-2
-42
-292
-254
-102
43
-2
-60
-20
87
307
316
350
364
432
540
558
653
661
705
759
778
857
866
853
871
953
1001
1004
947
905
949
1051
1024
957
911
889
942
944
903
856
840
834
768
694
687
635
572
519
469
490
471
485
451
414
415
413
369
337
326
289
269
205
208
180
162
163
142
99
121
119
99
128
119
99
94
113
100
102
95
158
177
222
197
119
133
129
138
72
41
-7
23
50
19
-23
-108
-109
-37
-33
-51
-69
-86
-103
-143
-201
-223
-285
-337
-332
-436
-542
-564
-497
-508
-562
-662
-646
-521
-422
-477
-663
-668
-483
-272
-281
-469
-412
-202
-28
42
80
186
287
389
450
547
581
677
808
908
993
995
1090
1150
1303
1340
1276
1290
1324
1376
1370
1323
1184
1125
1113
1105
994
958
925
848
777
663
584
481
353
256
228
134
35
-36
-66
-90
-84
-209
-238
-244
-188
-206
-305
-273
-224
-163
-208
-179
-104
-29
-56
18
89
126
183
166
203
243
266
295
288
387
424
425
433
443
404
312
302
260
276
146
60
101
27
-32
-152
-231
-289
-280
-325
-406
-422
-451
-486
-535
-547
-548
-542
-572
-590
-568
-511
-526
-470
-496
-478
-402
-374
-382
-367
-342
-311
-285
-264
-239
-231
-129
16
26
-75
-113
-28
214
317
163
97
266
476
569
490
504
615
769
805
762
757
880
979
962
923
861
823
794
849
855
729
637
619
575
500
428
361
298
206
72
37
26
-20
-171
-315
-355
-318
-377
-506
-550
-547
-516
-432
-496
-538
-455
-342
-245
-179
-110
-36
68
85
185
297
331
354
428
502
501
574
614
639
700
726
734
703
718
707
676
617
532
492
408
307
171
54
-69
-186
-231
-281
-407
-482
-531
-561
-633
-604
-658
-721
-736
-734
-693
-662
-663
-705
-659
-599
-515
-486
-402
-389
-298
-175
-109
-91
-27
72
128
207
193
242
273
284
273
238
164
134
120
103
95
25
-9
4
57
13
-98
-97
-89
-94
-153
-168
-165
-147
-165
-141
-130
-77
-32
-23
-44
-88
-67
27
50
42
104
124
186
158
77
60
165
220
213
112
140
181
218
215
184
165
164
240
258
210
192
203
250
271
288
294
316
365
331
321
288
265
313
315
274
233
255
216
181
189
151
127
97
48
44
0
-38
-68
-164
-218
-288
-257
-277
-359
-389
-442
-442
-414
-447
-502
-539
-480
-426
-455
-378
-371
-367
-277
-280
-267
-198
-159
-122
-59
14
55
63
110
143
199
232
235
232
204
154
113
146
112
123
57
21
-17
-42
-91
-165
-237
-306
-330
-352
-360
-347
-381
-485
-491
-535
-546
-499
-501
-512
-510
-463
-401
-337
-338
-277
-172
-77
12
125
186
234
299
367
424
445
487
545
598
610
642
626
627
622
667
642
571
547
596
620
548
481
440
411
374
336
241
222
193
185
114
27
-1
-25
-57
-118
-160
-177
-174
-224
-314
-317
-346
-367
-365
-333
-353
-382
-377
-352
-349
-367
-388
-391
-347
-323
-261
-211
-212
-230
-132
-63
-9
14
54
135
200
189
184
223
265
297
288
325
286
339
375
364
317
336
360
347
334
302
283
259
210
149
67
7
-30
-84
-137
-298
-347
-333
-364
-427
-539
-605
-656
-671
-730
-808
-810
-707
-659
-647
-635
-676
-623
-572
-518
-464
-397
-318
-191
-75
-28
13
123
244
368
475
479
500
570
721
811
753
689
712
808
840
812
787
789
753
741
693
622
531
499
495
397
353
254
174
97
15
-58
-157
-266
-280
-276
-340
-362
-347
-419
-453
-334
-369
-338
-374
-360
-342
-301
-169
-168
-126
-107
-59
5
47
80
118
205
282
313
316
338
412
472
482
451
411
431
452
461
440
347
308
275
256
198
96
-19
-87
-123
-162
-200
-270
-320
-339
-313
-397
-437
-465
-487
-560
-614
-649
-656
-634
-635
-588
-622
-589
-498
-468
-424
-375
-362
-293
-282
-241
-156
-145
-95
-85
-22
49
63
99
125
136
166
197
258
237
328
330
382
374
346
332
354
437
370
387
406
421
393
402
347
310
328
330
296
282
289
294
240
217
206
104
100
87
32
33
-20
-48
-132
-120
-84
-45
-111
-143
-112
-128
-118
-116
-72
-85
-112
-27
-17
18
54
26
38
54
142
152
112
121
139
144
167
142
195
236
229
225
171
166
145
87
76
43
27
14
-10
-31
-105
-130
-164
-208
-235
-260
-300
-316
-351
-356
-325
-394
-427
-422
-348
-310
-320
-304
-242
-169
-128
-108
-111
-31
-3
54
120
146
141
194
261
259
338
396
425
454
454
439
455
415
383
362
394
387
316
311
309
258
199
162
122
88
119
42
-33
-17
-35
-66
-84
-111
-200
-214
-224
-175
-182
-167
-146
-113
-123
-147
-100
-96
-73
-6
6
10
57
47
62
121
149
138
134
144
172
194
241
235
208
264
288
315
304
269
231
210
176
139
123
114
92
134
140
113
108
130
144
87
54
16
54
-9
-46
-44
-128
-130
-152
-146
-179
-189
-186
-240
-223
-255
-287
-283
-226
-256
-244
-221
-187
-114
-98
-90
-62
-27
21
42
41
46
66
113
199
286
298
326
366
450
446
471
462
521
573
526
533
498
531
545
531
467
400
390
379
363
261
163
113
83
82
21
-102
-108
-134
-190
-243
-279
-282
-259
-231
-296
-302
-295
-279
-265
-282
-213
-198
-188
-107
-81
-19
-1
-8
8
79
156
253
311
318
345
385
460
438
421
449
452
489
481
475
451
436
424
398
402
357
306
312
272
224
166
67
48
-5
-60
-87
-135
-170
-189
-234
-280
-234
-257
-249
-273
-326
-368
-344
-301
-294
-234
-180
-133
-116
-85
-106
-86
-89
-58
16
-20
37
38
83
169
230
270
308
336
350
410
430
439
393
399
430
455
482
471
475
464
462
431
355
361
371
361
345
323
307
319
292
242
146
108
84
58
35
-23
-52
-83
-94
-84
-151
-162
-217
-231
-232
-237
-199
-194
-157
-98
-82
-100
-18
-15
0
74
54
85
126
171
162
195
261
285
305
312
321
322
333
334
333
369
370
355
328
342
322
251
217
212
184
129
160
135
109
86
78
68
19
14
-55
-102
-69
-126
-126
-129
-141
-129
-128
-131
-159
-148
-140
-116
-100
-74
-67
-47
-24
24
77
98
122
175
205
194
226
304
291
297
351
383
445
447
443
457
464
452
431
381
357
341
392
385
353
299
235
279
224
198
133
88
87
87
75
1
-10
-59
-44
-27
-70
-161
-131
-96
-82
-120
-109
-81
-94
-94
-143
-47
70
57
72
192
25
-107
64
181
152
79
-8
1
92
79
58
31
-21
39
246
199
-6
-36
14
123
232
180
183
242
274
333
364
326
273
309
380
354
306
366
302
271
213
217
170
92
95
52
11
-43
-66
-43
-70
-127
-141
-164
-152
-135
-185
-235
-232
-235
-210
-199
-102
-92
-78
-46
-78
-50
-15
5
43
163
275
275
278
341
338
341
336
298
286
320
343
367
376
391
378
377
359
304
258
210
205
164
139
60
61
82
-10
-26
-68
-56
-45
-118
-107
-73
-60
-58
-52
-42
-8
21
1
54
20
2
24
33
52
32
19
97
107
96
121
158
198
202
229
208
176
191
250
227
152
150
176
205
182
156
144
156
146
114
86
67
93
47
35
59
23
-10
15
-19
-14
-72
-106
-123
-104
-105
-123
-122
-102
-142
-162
-122
-141
-97
-110
-72
-59
-73
-104
-125
-88
-62
29
47
22
12
58
86
121
91
138
172
137
153
176
205
203
201
245
216
166
171
133
86
78
105
57
60
60
95
83
92
78
75
67
11
49
83
79
44
82
80
31
23
43
52
69
59
23
41
36
36
36
58
62
62
83
57
87
66
81
70
62
65
73
98
90
81
54
73
89
129
131
170
154
117
130
93
105
73
36
12
-5
-41
-26
-62
-96
-97
-158
-203
-198
-180
-156
-180
-199
-178
-161
-139
-92
-138
-102
-79
-76
-65
-54
12
-1
2
44
72
62
61
96
126
160
182
213
246
255
220
250
226
175
198
211
230
221
199
196
137
123
86
68
79
28
-1
-11
-1
-39
-16
-13
-25
-21
-14
-76
-110
-152
-141
-112
-149
-113
-151
-137
-134
-152
-155
-112
-98
-97
-52
-27
16
40
36
40
72
-1
55
93
107
96
61
31
29
40
76
109
81
134
136
87
111
84
55
7
21
10
36
12
36
42
-45
-60
-64
-35
-134
-82
-67
-93
-92
-88
-130
-142
-151
-184
-160
-140
-154
-205
-193
-210
-233
-213
-239
-271
-259
-243
-228
-264
-270
-219
-275
-306
-266
-252
-198
-202
-205
-199
-162
-97
-114
-48
-44
-82
-65
-45
-15
2
15
34
41
87
86
93
108
110
116
100
112
81
43
49
23
23
10
-20
-25
-97
-124
-151
-142
-160
-192
-224
-278
-262
-262
-291
-286
-345
-326
-293
-283
-305
-299
-252
-264
-276
-218
-245
-238
-182
-148
-113
-70
-19
11
69
77
117
117
128
114
84
50
28
38
33
52
36
47
46
46
50
14
5
-19
-73
-44
-84
-125
-89
-117
-100
-148
-188
-174
-238
-294
-294
-288
-300
-227
-243
-276
-290
-317
-288
-308
-300
-300
-303
-266
-277
-224
-209
-244
-210
-194
-175
-121
-155
-101
-87
-105
-48
-52
-58
-59
-50
-78
-109
-108
-118
-127
-148
-178
-117
-128
-146
-152
-148
-173
-192
-208
-185
-162
-168
-194
-230
-243
-317
-236
-246
-193
-199
-235
-240
-307
-300
-323
-307
-291
-280
-277
-283
-188
-139
-141
-135
-133
-117
-104
-96
-90
9
-12
-14
24
43
48
40
83
41
64
51
45
75
85
70
60
23
-16
-21
-33
-53
-105
-168
-200
-194
-231
-231
-267
-277
-258
-253
-232
-259
-254
-294
-282
-284
-304
-331
-366
-306
-340
-315
-304
-328
-279
-305
-248
-253
-232
-212
-165
-136
-210
-88
-70
-45
-15
0
19
29
45
-22
8
-36
-65
-93
-68
-50
-91
-98
-121
-81
-109
-149
-168
-217
-200
-231
-268
-307
-283
-264
-299
-249
-269
-241
-251
-211
-175
-214
-209
-211
-209
-248
-252
-233
-223
-225
-196
-187
-208
-202
-173
-190
-210
-169
-131
-132
-134
-140
-115
-133
-166
-121
-149
-165
-131
-108
-160
-167
-101
-130
-133
-100
-59
-91
-100
-85
-118
-104
-98
-63
-62
-25
-12
-49
-58
-91
-98
-101
-123
-132
-124
-142
-172
-190
-207
-207
-208
-228
-253
-268
-254
-260
-263
-225
-178
-215
-236
-231
-248
-250
-226
-211
-207
-204
-171
-141
-136
-177
-185
-159
-99
-68
-53
-40
-30
-19
-10
29
50
54
23
48
26
6
4
41
34
7
3
-27
-26
-39
-65
-77
-93
-142
-194
-149
-219
-282
-252
-293
-328
-316
-285
-279
-280
-293
-316
-290
-271
-261
-197
-190
-211
-155
-121
-90
-105
-164
-121
-103
-120
-104
-45
-26
5
-12
3
0
-21
17
24
38
39
67
75
60
-1
-10
-1
-15
17
23
35
53
17
-24
-77
-106
-124
-128
-150
-158
-209
-227
-189
-210
-191
-219
-216
-218
-179
-212
-226
-191
-232
-212
-159
-123
-140
-94
-63
-87
-103
-79
-93
-77
-42
-86
-54
-35
-14
2
3
-7
33
-12
0
60
46
43
54
30
-20
-9
-33
-56
-114
-75
-92
-47
-69
-83
-81
-97
-90
-152
-150
-131
-178
-163
-154
-157
-177
-191
-205
-194
-187
-185
-195
-197
-214
-263
-230
-243
-221
-193
-184
-119
-140
-78
-20
-54
-24
-26
-21
-45
-21
29
27
22
78
107
105
97
124
121
153
131
120
103
97
71
67
70
21
53
35
3
-27
-32
-50
-40
-101
-141
-164
-154
-204
-163
-177
-213
-173
-187
-193
-210
-191
-219
-219
-219
-225
-165
-131
-121
-117
-85
-73
-21
7
13
-3
33
56
43
79
39
90
78
82
72
86
64
103
131
131
141
143
165
177
152
165
104
37
32
-31
-11
-54
-103
-162
-138
-162
-144
-142
-112
-180
-152
-116
-152
-91
-101
-102
-144
-125
-131
-82
-97
-107
-118
-122
-73
-90
-13
15
73
85
98
110
118
72
83
78
44
66
58
9
-7
41
-6
-21
-5
58
58
93
109
77
68
77
48
3
-27
-79
-43
-38
-100
-91
-79
-103
-94
-117
-86
-81
-47
-70
-122
-95
-69
-87
-81
-149
-205
-205
-228
-224
-236
-211
-239
-222
-190
-208
-174
-157
-106
-70
-76
-21
13
15
-74
-42
10
-17
-2
24
-12
26
52
29
40
83
90
135
154
104
137
96
90
93
54
12
-54
-65
-122
-114
-150
-186
-182
-121
-104
-123
-110
-172
-129
-147
-159
-124
-155
-115
-96
-80
-98
-56
-78
-41
-58
-68
-40
-41
24
-12
0
-13
32
-12
-44
-23
-12
-49
3
-6
-31
-20
-88
-63
-75
-67
-91
-53
-31
-21
-43
-59
-51
-67
-65
-138
-156
-174
-197
-206
-171
-118
-178
-182
-131
-117
-83
-98
-132
-117
-62
-72
-75
-76
-90
-120
-82
-84
-78
-110
-104
-90
-72
-77
-112
-54
-60
-51
-57
-76
-68
-63
-50
-65
-99
-122
-132
-101
-81
-79
-55
-82
-49
-19
-3
-27
-30
-9
-32
-26
2
8
-28
-4
-40
-47
-36
-13
-38
-37
-34
-22
-20
-23
-25
-45
-38
-79
-71
-75
-85
-59
-39
-72
-56
-38
-62
-111
-75
-115
-142
-107
-173
-189
-156
-156
-152
-169
-170
-122
-139
-148
-142
-125
-84
-78
-53
-52
-82
-77
-109
-127
-160
-126
-109
-105
-54
-68
-130
-102
-101
-71
-52
-21
-26
-24
-70
-101
-83
-94
-125
-108
-123
-124
-113
-128
-91
-97
-108
-112
-51
-56
-93
-46
-22
-37
-49
-64
-14
-78
-78
-47
-82
-128
-152
-118
-120
-118
-112
-101
-101
-89
-30
-52
-17
-44
-46
-24
-6
15
38
59
14
10
40
38
54
79
70
86
114
68
91
59
46
50
11
18
-3
-12
-40
-71
-72
-66
-72
-37
-73
-112
-82
-125
-91
-70
-52
-33
-38
-9
-26
-46
-69
-54
-33
-9
11
19
10
-10
-10
33
47
16
64
-9
-16
-7
-25
-13
-36
-32
-26
5
-44
-40
-24
-56
-42
-40
-46
-23
-17
-89
-82
-84
-95
-106
-89
-106
-111
-64
-108
-78
-82
-10
-4
-18
25
-2
-1
-6
-1
-67
-57
-16
-90
-61
-42
-46
-41
-49
-34
-33
-15
-7
12
34
50
90
107
102
94
59
59
18
20
3
-11
18
-19
-19
-10
2
-24
-21
-17
15
-25
37
30
-30
-22
-61
-80
-103
-159
-114
-83
-49
-65
-101
-71
-69
-57
-1
-27
-24
6
0
64
76
149
106
168
169
135
152
99
138
107
102
92
109
48
67
80
76
25
-3
-5
-64
-88
-126
-130
-128
-109
-94
-130
-135
-174
-122
-138
-138
-121
-141
-106
-117
-76
-47
-33
-58
-33
-14
-3
-10
-47
-38
26
-5
-13
-3
-21
-25
6
-10
-25
22
17
28
57
67
96
94
52
85
78
46
7
-39
-38
-32
-88
-78
-34
-26
-39
-69
-39
-67
-8
1
6
-33
-92
-77
-63
-47
-20
7
-13
-30
-31
-57
-78
-43
-38
-45
2
38
33
39
25
24
64
23
52
68
36
48
-23
36
33
45
77
60
87
81
123
96
96
126
111
81
96
63
50
50
41
79
32
24
47
3
-23
-11
-119
-155
-120
-142
-136
-155
-185
-195
-176
-188
-219
-241
-206
-219
-187
-169
-111
-98
-94
-60
-71
-28
-10
20
-24
-22
16
-7
2
-2
31
65
46
23
38
47
96
76
93
79
77
82
27
10
-7
-7
-62
-33
-28
-25
11
-30
-20
-24
-6
-12
-45
-55
-32
-43
-37
-49
-38
-21
-39
-58
-81
-94
-107
-85
-85
-67
-92
-61
-27
-23
5
-23
-22
-14
-35
-6
33
58
86
22
7
9
50
96
66
81
72
90
89
41
35
53
49
51
67
6
8
-1
2
36
-13
-31
-10
-10
-16
-14
-10
14
43
-38
-55
-11
-59
4
-9
-61
-10
-49
-52
-22
1
13
9
24
7
12
-19
35
36
46
38
41
47
45
71
47
108
106
97
87
82
92
49
59
66
33
46
31
37
6
-15
-15
-43
-49
-46
-30
-54
-95
-128
-137
-78
-63
-36
-69
-72
-75
-108
-58
-54
-51
-70
-53
-12
-23
-56
-24
-25
7
8
43
35
38
63
43
61
34
33
37
35
7
10
15
38
50
71
68
63
75
81
77
72
83
27
64
87
104
99
124
153
102
84
44
42
18
11
41
-32
-7
-26
-29
17
13
46
36
-14
-13
-55
-69
-39
-29
-66
-76
-4
-30
-33
-51
-20
-32
-28
22
69
105
95
81
73
104
125
125
123
147
155
138
122
140
127
134
153
151
158
170
176
191
245
215
197
220
210
232
236
176
107
108
103
56
25
23
0
5
35
74
29
53
1
-8
14
-50
-33
2
26
35
53
50
57
-12
-13
-18
0
20
28
29
49
65
57
90
88
53
58
86
76
65
71
58
-7
1
44
53
47
59
58
2
-10
-9
-59
-83
-68
-33
-6
-35
-12
15
3
-9
-4
-8
-7
-50
-37
-49
-48
-11
-29
29
40
-5
-4
25
45
13
68
56
57
77
69
62
23
37
77
104
82
99
109
113
119
110
109
96
112
135
120
116
92
91
70
92
81
34
70
48
48
17
42
33
34
46
4
-19
-20
-15
-50
-30
-17
29
21
71
75
62
48
61
62
50
119
86
120
86
146
145
138
141
124
226
176
252
262
229
224
214
154
151
121
99
148
123
146
150
124
129
113
112
99
91
66
-18
-13
-9
-48
-65
-37
-45
-99
-91
-132
-137
-119
-103
-73
-86
-76
-38
-50
-64
-15
-35
-4
40
61
95
110
83
107
115
89
91
59
118
96
68
92
121
126
107
99
75
104
108
97
109
119
136
132
160
100
110
97
110
56
51
84
83
82
50
65
83
71
40
25
14
75
63
7
23
27
18
43
31
3
-35
-8
-17
13
38
63
116
157
196
166
169
182
166
161
201
185
180
171
146
107
131
123
136
147
100
160
116
132
116
139
100
81
68
70
51
6
-7
-57
-43
-64
-67
-95
-107
-100
-95
-107
-105
-90
-101
-124
-89
-75
-104
-114
-112
-78
-90
-70
-72
-25
47
64
90
66
78
55
82
72
79
86
59
2
-36
-32
-7
-13
-9
7
-15
-52
-23
2
-32
-22
21
23
6
10
13
51
44
15
23
51
33
54
27
42
39
71
52
43
84
53
71
62
89
77
104
61
50
105
76
90
68
69
103
103
86
96
79
83
98
133
110
77
77
41
54
-23
-4
-4
5
8
19
22
-49
-20
-48
-68
-64
-99
-111
-95
-78
-99
-74
-81
-98
-64
-71
-72
-56
-62
-114
-114
-87
-71
-63
-39
-63
-3
18
-53
-53
-77
-96
-77
-53
-60
-69
-53
-52
-22
4
-17
-22
-4
-46
-60
-63
-41
-47
-18
-35
-23
-33
-28
-5
-66
1
8
-2
-1
-4
2
-19
-34
-52
-104
-67
-39
-46
-12
-19
35
32
30
33
41
18
50
9
-6
-25
-76
-38
-91
-39
-44
-41
-54
-56
-21
-17
-40
-30
-29
-15
-26
-65
-39
-12
-8
5
26
55
60
23
26
25
16
41
43
58
75
76
20
52
74
40
33
23
-31
-11
-66
-79
-84
-159
-180
-192
-160
-136
-168
-214
-211
-219
-205
-186
-186
-165
-128
-164
-146
-160
-135
-121
-150
-126
-116
-185
-173
-101
-88
-70
-92
-84
-82
-81
-32
-17
15
23
79
69
69
60
20
60
20
20
31
30
10
33
3
8
22
-7
16
18
17
-4
1
-15
-22
-41
-87
-43
-66
-102
-50
-93
-135
-88
-116
-118
-118
-104
-110
-90
-80
-75
-54
-55
-56
-33
-47
-36
-2
-36
-31
-16
-78
-63
-41
-87
-74
-95
-98
-100
-40
-25
9
-34
-74
-86
-121
-128
-124
-148
-130
-147
-164
-54
-71
-108
-55
-69
-83
-114
-106
-61
-91
-142
-141
-116
-149
-173
-180
-166
-177
-168
-178
-163
-166
-154
-136
-150
-120
-105
-116
-47
-114
-114
-164
-209
-213
-218
-224
-206
-189
-174
-142
-188
-197
-183
-162
-181
-139
-152
-157
-151
-134
-140
-124
-131
-112
-99
-141
-149
-159
-144
-136
-121
-152
-128
-138
-137
-29
-44
-37
-6
4
-46
-24
9
38
0
4
45
45
38
23
52
27
37
1
36
58
44
43
34
36
-20
-59
-77
-87
-41
-81
-104
-120
-112
-97
-86
-99
-161
-119
-113
-150
-105
-89
-100
-108
-99
-71
-127
-119
-161
-143
-130
-145
-130
-125
-126
-124
-134
-128
-93
-66
-73
-89
-95
-136
-168
-171
-167
-193
-165
-126
-103
-95
-122
-143
-155
-134
-114
-129
-111
-61
-36
-15
-5
20
-12
11
56
5
23
50
37
7
30
10
-68
-47
-47
-44
11
-17
-22
2
30
45
-18
-26
-8
-3
3
3
23
55
50
59
31
-14
19
47
39
34
20
-7
-23
-39
-60
-39
-46
-65
-10
-23
-54
-49
-67
-31
-75
-110
-114
-96
-91
-132
-109
-116
-170
-201
-212
-190
-184
-157
-160
-176
-150
-156
-145
-146
-134
-115
-116
-70
-40
16
22
48
51
30
86
50
-8
18
32
-21
24
-4
-3
1
0
26
15
28
-28
5
35
36
23
-24
-83
-103
-163
-162
-159
-207
-165
-165
-186
-177
-144
-121
-157
-167
-173
-117
-59
-66
-50
-44
-7
2
-16
15
15
4
19
35
-4
-4
-2
0
-10
-11
-27
-28
-59
-42
-17
-2
14
-13
-17
-31
-28
-66
-69
-72
-17
8
-45
-91
-59
-61
-80
-74
-113
-84
-85
-87
-124
-117
-73
-91
-63
-94
-102
-64
-61
-117
-80
-103
-118
-185
-215
-198
-177
-229
-231
-215
-248
-254
-261
-242
-237
-242
-237
-177
-193
-212
-210
-177
-178
-207
-206
-146
-136
-92
-131
-137
-79
-74
-34
-30
33
5
20
8
-10
29
-22
-17
-48
-72
-86
-118
-136
-201
-247
-195
-194
-224
-230
-253
-230
-237
-229
-185
-188
-237
-224
-218
-217
-205
-184
-212
-215
-238
-205
-154
-163
-183
-143
-137
-66
-38
-76
-74
-71
-94
-74
-37
-75
-65
-16
-35
-38
-67
-98
-85
-132
-91
-83
-87
-89
-88
-54
-7
16
21
23
69
93
48
87
109
28
62
3
-38
-50
-47
9
19
5
5
1
-94
-133
-98
-143
-149
-187
-203
-191
-176
-137
-171
-189
-224
-187
-262
-266
-239
-237
-224
-177
-165
-163
-102
-71
-30
-14
-24
7
21
22
42
-44
-11
-15
-24
10
-52
-18
-8
18
47
42
4
43
9
-27
14
-11
1
17
-40
-55
-41
-72
-100
-129
-146
-144
-173
-139
-136
-99
-30
-78
-21
20
13
18
14
17
56
80
100
113
79
98
95
78
83
75
88
103
159
152
129
126
121
115
71
52
53
17
29
50
22
42
9
46
23
-6
8
5
15
15
24
42
29
30
38
7
-14
-27
-42
-51
-34
-85
-114
-75
-25
17
23
-4
35
63
76
54
32
0
-42
-4
-5
21
21
-7
14
-7
21
-21
-15
4
-44
-14
2
5
-21
-22
10
-1
-30
-35
-64
-73
-50
-59
-21
-14
-29
-6
-28
-25
8
48
37
62
41
80
97
78
106
102
102
100
83
85
137
119
140
199
164
209
177
178
224
170
172
199
197
214
225
160
104
151
111
71
88
67
64
30
62
93
94
73
49
90
80
79
109
81
39
15
58
63
62
94
51
74
109
63
81
119
88
101
121
108
112
119
76
81
122
93
124
80
92
74
43
66
72
94
108
99
111
128
107
125
91
153
99
121
135
114
159
142
150
130
168
135
126
149
139
165
170
193
169
137
146
127
114
120
105
106
62
57
53
80
134
87
56
68
53
16
14
-18
27
22
21
58
34
62
93
75
72
88
135
140
154
165
161
148
191
252
237
187
220
206
201
163
139
152
120
110
105
157
176
158
160
105
63
53
42
46
28
-24
-57
-10
-40
-47
-56
-37
23
-31
15
20
7
40
26
40
57
21
25
75
105
129
118
110
76
74
65
60
105
106
107
96
104
112
158
160
101
105
127
109
88
90
87
125
109
130
125
80
97
111
113
140
134
91
97
63
74
58
76
43
11
36
4
21
1
4
1
-19
21
-41
-17
18
17
-1
0
-15
-19
-1
-7
-14
48
46
51
79
38
57
62
64
43
105
130
86
122
130
108
134
164
159
132
155
135
113
102
122
122
122
135
118
139
127
138
113
95
69
78
106
22
6
21
21
19
89
42
76
103
32
45
40
36
80
89
130
157
93
68
64
87
67
40
85
20
2
40
53
119
101
101
77
101
105
112
116
91
72
64
93
54
72
81
106
98
134
135
122
147
153
178
196
158
194
193
171
176
196
182
128
134
71
22
16
-43
-19
-9
-24
42
-17
-40
-29
1
28
-5
18
47
78
85
114
142
150
143
147
174
149
131
151
150
175
159
169
217
219
228
269
219
203
259
235
222
227
274
236
196
123
124
167
105
141
129
126
30
70
69
56
44
2
-26
41
9
-25
-1
-25
-14
-11
-6
20
48
-25
50
63
83
122
167
171
172
177
181
182
222
250
223
207
197
206
176
169
159
131
138
128
130
133
161
182
182
165
162
186
204
209
188
209
183
143
131
114
115
108
110
113
105
133
112
122
122
139
158
130
116
133
171
197
212
174
133
146
157
79
76
70
81
55
66
65
92
76
20
68
65
87
77
69
76
50
18
37
21
-3
-31
-59
-30
-58
-24
0
-34
-8
-7
-18
-46
-40
-46
-99
-44
-37
-26
10
-4
31
34
59
42
34
91
76
88
146
141
166
166
162
189
177
168
188
154
141
208
218
173
117
123
151
120
86
75
91
110
43
49
72
89
101
106
132
116
114
111
92
102
38
33
58
70
56
111
106
111
109
76
89
126
135
154
163
109
123
94
66
38
49
105
96
87
129
162
137
137
91
121
167
132
165
145
119
130
93
59
52
115
145
107
99
97
85
98
75
84
94
68
35
75
99
95
95
76
108
66
84
45
57
90
67
86
91
83
128
158
118
96
32
58
49
3
11
-25
-28
14
8
7
12
80
83
56
121
92
133
133
95
109
99
68
78
91
66
57
52
44
81
138
134
126
138
111
130
127
144
162
145
144
193
203
194
182
150
124
105
139
127
108
108
99
123
126
114
131
132
203
152
114
156
157
108
89
105
83
107
57
94
99
83
74
73
74
59
78
40
62
34
57
81
96
134
83
94
111
101
115
122
123
129
114
136
149
148
191
196
182
206
174
194
133
76
125
115
104
59
36
23
31
25
24
21
8
33
37
-28
-18
8
5
16
-45
-72
-47
-55
-35
-36
20
63
6
45
45
29
23
56
60
63
46
79
100
59
112
43
56
11
12
85
70
52
63
141
137
127
128
141
168
155
114
155
163
128
134
161
131
184
146
128
178
166
185
128
116
110
104
113
88
87
68
81
85
83
134
142
148
110
152
162
138
156
136
115
79
61
15
-23
-17
-35
-54
-34
-81
-89
-90
-105
-83
-43
-86
-82
-60
-38
-32
-70
-51
1
1
-5
35
21
0
64
77
60
29
22
64
92
82
75
26
90
69
88
96
89
130
130
104
94
155
149
160
149
156
121
146
125
112
75
72
63
19
27
0
10
3
7
24
23
39
64
50
70
35
27
38
42
36
34
73
48
40
8
-6
8
-15
-13
23
20
34
53
85
42
44
64
66
94
52
94
49
40
18
8
-47
-73
-100
-142
-165
-155
-105
-99
-79
-94
-77
-69
-1
13
13
45
35
23
16
6
41
-11
-99
-82
-49
-111
-87
-28
-38
-38
-78
-45
-7
-48
-10
-11
-25
-39
-19
-12
-17
-37
-63
-87
-112
-90
-115
-113
-76
-85
-82
-114
-73
-45
-57
-2
22
22
13
34
8
-46
-51
-46
-34
-24
-11
31
-21
-36
0
-46
-32
-41
-9
-8
-38
-24
-38
12
14
-17
2
7
43
12
-10
-11
-14
-38
-41
-61
-57
-68
-61
-2
-37
-52
-82
-108
-98
-78
-151
-161
-117
-90
-90
-74
-60
-37
-44
-9
-16
-38
-81
-135
-136
-119
-58
-130
-127
-109
-136
-114
-101
-95
-69
-55
-54
-80
-31
-3
-56
-58
-62
-69
-32
-46
-47
-16
52
-16
-49
-27
-61
-75
-51
-70
-94
-64
-68
-43
-52
-13
-27
-18
-35
-23
-56
-82
-63
-156
-141
-160
-121
-111
-126
-94
-99
-83
-115
-135
-88
-79
-92
-70
-85
-67
-73
-34
-43
-48
-46
-63
-51
-37
-33
-69
-69
-41
-17
-37
-38
-42
-37
-81
-88
-56
-46
-58
-42
-66
-78
-56
-47
-7
-11
25
8
-37
-4
-37
-53
-19
-20
39
7
3
44
51
9
3
-11
39
21
4
-3
-36
45
57
86
99
77
76
70
24
-12
-43
-31
24
-8
-32
-33
-35
-79
-47
-125
-173
-158
-177
-141
-162
-215
-254
-223
-222
-232
-242
-223
-190
-219
-245
-245
-208
-257
-269
-233
-230
-223
-177
-176
-195
-175
-151
-147
-141
-103
-117
-74
-66
-56
-71
-75
-81
-53
-45
-75
-58
-89
-69
-45
-35
-63
-32
-70
-76
-47
-74
-91
-84
-55
-63
-49
-45
-88
-104
-83
-105
-77
-56
-91
-94
-83
-68
-95
-102
-85
-41
-63
-62
-60
-105
-40
-52
-36
-46
-44
-46
-62
-80
-75
-76
-134
-149
-188
-189
-178
-138
-130
-165
-123
-103
-103
-70
-104
-152
-134
-120
-133
-122
-115
-133
-109
-131
-152
-111
-122
-134
-120
-123
-98
-102
-121
-77
-124
-140
-110
-146
-126
-156
-173
-199
-204
-232
-210
-239
-255
-224
-219
-209
-160
-175
-171
-145
-118
-121
-96
-93
-117
-103
-129
-116
-119
-106
-118
-73
-77
-62
5
2
25
-7
15
66
104
104
99
44
25
13
4
-4
-21
-43
-95
-58
-92
-99
-88
-82
-70
-90
-55
-51
-81
-71
-115
-69
-57
-121
-86
-33
-65
-115
-157
-142
-100
-128
-137
-128
-147
-142
-107
-96
-102
-123
-77
-114
-131
-57
-25
-39
-22
-39
-16
-13
-18
-63
-75
-65
-89
-54
-59
-69
-49
-73
-64
-67
-66
-78
-52
-67
-95
-113
-78
-42
-72
-51
-105
-106
-60
-109
-125
-102
-108
-124
-134
-142
-131
-129
-177
-135
-155
-199
-119
-148
-148
-104
-123
-86
-77
-51
-42
-82
-68
-51
-37
-60
-113
-53
-50
