SAMPLES:	16617
BITSPERSAMPLE:	16
CHANNELS:	1
SAMPLERATE:	16000
NORMALIZED:	FALSE
-88
-111
-125
-182
-161
-121
-156
-151
-140
-144
-174
-144
-164
-179
-201
-234
-258
-311
-343
-365
-331
-369
-415
-411
-414
-425
-410
-392
-411
-420
-482
-437
-396
-393
-422
-430
-421
-445
-438
-458
-465
-465
-441
-439
-397
-397
-333
-374
-388
-397
-378
-379
-408
-379
-424
-384
-428
-410
-383
-422
-470
-533
-517
-564
-593
-597
-562
-553
-612
-624
-610
-626
-619
-625
-686
-663
-661
-612
-594
-546
-546
-493
-491
-557
-545
-618
-632
-635
-650
-690
-659
-692
-675
-681
-632
-591
-633
-608
-578
-621
-663
-646
-644
-615
-585
-613
-604
-637
-640
-675
-692
-704
-710
-685
-693
-675
-648
-666
-606
-573
-574
-598
-678
-661
-682
-708
-709
-653
-627
-593
-550
-513
-521
-531
-485
-498
-468
-503
-491
-509
-491
-482
-496
-458
-442
-496
-560
-517
-508
-536
-551
-489
-484
-519
-521
-498
-504
-472
-459
-464
-457
-494
-456
-444
-456
-450
-448
-437
-457
-494
-461
-478
-556
-534
-569
-552
-578
-564
-529
-518
-542
-581
-561
-530
-543
-560
-571
-531
-546
-569
-557
-582
-571
-573
-562
-556
-600
-578
-621
-664
-605
-636
-641
-643
-604
-619
-611
-618
-621
-606
-547
-558
-571
-617
-624
-586
-613
-584
-643
-705
-666
-654
-715
-711
-731
-728
-749
-764
-777
-792
-747
-775
-750
-803
-790
-842
-837
-834
-900
-903
-949
-909
-937
-959
-920
-972
-1009
-1062
-1044
-1028
-1067
-1001
-1030
-1023
-1035
-1064
-1100
-1127
-1140
-1161
-1150
-1139
-1133
-1163
-1171
-1180
-1200
-1182
-1196
-1197
-1199
-1203
-1196
-1180
-1204
-1210
-1172
-1111
-1161
-1183
-1158
-1197
-1188
-1211
-1218
-1218
-1239
-1228
-1222
-1210
-1208
-1239
-1214
-1188
-1152
-1148
-1157
-1112
-1118
-1078
-1081
-1124
-1119
-1168
-1147
-1170
-1188
-1207
-1183
-1174
-1202
-1204
-1225
-1230
-1237
-1168
-1170
-1137
-1107
-1049
-1045
-1027
-945
-957
-937
-976
-982
-1000
-1065
-1060
-1069
-1096
-1093
-1041
-1065
-1050
-1006
-974
-987
-988
-938
-986
-972
-944
-962
-976
-987
-1015
-977
-991
-1016
-982
-954
-946
-942
-935
-899
-891
-851
-830
-834
-866
-891
-886
-879
-870
-881
-914
-910
-852
-864
-865
-902
-930
-953
-952
-905
-919
-944
-925
-901
-896
-869
-874
-880
-878
-867
-859
-890
-846
-874
-872
-877
-855
-826
-860
-809
-778
-799
-810
-791
-782
-786
-791
-763
-771
-810
-825
-830
-822
-816
-776
-790
-802
-827
-825
-799
-769
-724
-712
-613
-584
-556
-572
-538
-525
-517
-527
-550
-487
-471
-463
-463
-425
-414
-432
-390
-328
-314
-344
-300
-266
-267
-204
-172
-158
-61
-4
25
2
47
63
56
77
71
74
47
57
51
90
101
128
185
265
284
278
279
314
289
261
315
330
350
334
407
443
475
511
503
509
512
535
486
539
507
481
494
515
574
654
684
681
753
727
751
721
708
698
696
684
647
651
640
691
687
676
634
662
675
683
651
658
686
666
659
649
636
628
630
598
552
541
572
566
564
551
600
551
559
534
562
614
582
564
593
617
571
567
608
564
535
543
476
503
462
482
523
441
482
491
511
467
492
516
473
543
520
533
521
525
520
492
509
522
516
510
508
494
520
507
518
499
468
483
469
485
492
458
499
505
498
456
427
479
433
441
497
491
526
558
580
614
600
568
595
533
480
460
472
468
400
431
421
433
440
446
440
438
438
435
440
418
430
372
364
376
345
322
263
220
223
234
231
207
205
246
285
324
399
371
345
332
343
342
337
318
291
280
259
265
217
182
119
110
36
-5
43
-7
-17
-45
-62
-74
-80
-60
-129
-148
-120
-145
-136
-152
-152
-179
-176
-150
-208
-194
-197
-227
-217
-216
-207
-255
-251
-232
-231
-268
-253
-230
-278
-280
-274
-275
-262
-294
-293
-312
-332
-322
-344
-359
-381
-379
-360
-339
-329
-310
-328
-334
-345
-364
-373
-411
-439
-459
-477
-377
-407
-439
-430
-454
-433
-460
-419
-410
-467
-487
-471
-469
-421
-453
-431
-422
-391
-390
-433
-371
-334
-312
-315
-330
-362
-364
-392
-398
-404
-421
-384
-352
-395
-404
-420
-439
-429
-423
-475
-482
-440
-503
-492
-507
-518
-481
-504
-540
-544
-526
-543
-562
-583
-571
-582
-543
-574
-590
-589
-601
-598
-590
-534
-544
-569
-560
-504
-482
-513
-460
-461
-461
-425
-429
-441
-459
-457
-468
-492
-470
-453
-471
-512
-498
-504
-449
-428
-394
-347
-347
-395
-418
-372
-383
-430
-420
-500
-496
-460
-474
-500
-532
-500
-524
-470
-524
-530
-492
-481
-472
-435
-462
-433
-416
-403
-305
-312
-312
-337
-298
-259
-232
-207
-201
-204
-213
-117
-159
-158
-164
-192
-136
-135
-123
-136
-126
-129
-84
-111
-49
-11
-38
55
0
53
78
45
20
74
117
115
64
74
132
78
92
92
26
-39
25
49
38
88
87
69
93
105
109
114
150
152
137
130
125
67
46
62
45
33
83
76
122
134
114
103
116
148
154
156
194
260
298
294
274
315
278
264
250
253
205
141
187
131
152
182
172
140
160
159
129
112
98
104
71
64
72
68
67
64
31
14
4
27
29
4
39
-8
-49
-11
5
-18
-30
-13
43
25
45
54
20
15
57
42
58
95
67
59
59
2
-34
-18
-39
-21
-10
-81
-97
-64
-114
-69
-85
-95
-114
-111
-108
-110
-108
-116
-117
-141
-114
-165
-208
-215
-180
-207
-226
-229
-231
-211
-207
-185
-193
-184
-203
-122
-133
-149
-133
-161
-134
-154
-153
-197
-189
-215
-231
-199
-233
-173
-152
-170
-196
-168
-131
-175
-154
-130
-142
-180
-179
-191
-162
-140
-185
-153
-154
-180
-230
-262
-262
-238
-285
-299
-280
-330
-285
-303
-329
-341
-368
-328
-339
-345
-398
-450
-409
-422
-418
-390
-410
-384
-363
-354
-381
-402
-430
-494
-478
-468
-459
-461
-410
-432
-404
-397
-407
-402
-421
-453
-437
-412
-367
-403
-391
-387
-483
-479
-484
-482
-544
-547
-568
-576
-552
-546
-546
-516
-543
-527
-538
-541
-483
-472
-441
-492
-493
-471
-529
-521
-531
-520
-487
-492
-552
-535
-551
-572
-566
-578
-587
-660
-621
-604
-592
-600
-617
-596
-589
-584
-586
-586
-601
-592
-644
-607
-602
-642
-637
-626
-610
-669
-655
-628
-627
-668
-700
-651
-679
-655
-677
-678
-685
-735
-696
-748
-766
-795
-822
-820
-834
-791
-828
-849
-846
-814
-818
-833
-810
-829
-835
-834
-834
-886
-917
-887
-916
-953
-917
-913
-879
-847
-852
-812
-799
-811
-846
-815
-781
-770
-788
-765
-756
-803
-789
-789
-817
-791
-805
-807
-818
-809
-805
-801
-780
-754
-790
-803
-816
-845
-891
-891
-879
-876
-877
-878
-903
-920
-924
-961
-995
-943
-984
-971
-967
-982
-968
-988
-933
-965
-965
-948
-954
-976
-959
-927
-939
-966
-973
-963
-935
-1006
-959
-925
-924
-931
-926
-926
-976
-1022
-1001
-983
-1034
-1038
-1064
-1015
-984
-977
-970
-899
-895
-874
-871
-881
-843
-882
-917
-914
-917
-926
-911
-887
-877
-857
-813
-787
-803
-839
-807
-783
-764
-792
-752
-742
-776
-772
-770
-772
-769
-836
-813
-797
-863
-840
-790
-793
-730
-734
-804
-760
-754
-725
-729
-702
-685
-711
-704
-741
-789
-831
-803
-756
-811
-769
-776
-772
-779
-752
-783
-734
-713
-729
-715
-735
-702
-760
-740
-725
-706
-711
-692
-653
-662
-681
-641
-636
-672
-671
-684
-682
-667
-630
-611
-597
-550
-554
-608
-650
-597
-571
-528
-564
-582
-551
-600
-582
-580
-548
-476
-450
-438
-475
-507
-540
-474
-470
-464
-424
-414
-410
-445
-438
-462
-477
-473
-482
-478
-482
-447
-422
-463
-483
-477
-469
-513
-491
-528
-454
-417
-449
-390
-409
-365
-385
-372
-420
-395
-366
-381
-416
-445
-428
-413
-392
-442
-435
-393
-408
-374
-322
-346
-329
-309
-342
-333
-316
-314
-295
-355
-342
-301
-279
-294
-296
-272
-298
-286
-282
-303
-265
-236
-242
-223
-256
-264
-264
-274
-267
-270
-280
-253
-262
-245
-240
-263
-248
-258
-235
-217
-200
-185
-191
-228
-156
-159
-175
-139
-134
-104
-112
-108
-88
-83
-87
-105
-73
-53
-97
-83
-95
-86
-99
-88
-80
-79
-81
-71
-80
-108
-97
-98
-83
-158
-143
-160
-186
-114
-112
-148
-143
-101
-70
-94
-72
-105
-94
-91
-108
-117
-108
-76
-104
-108
-117
-109
-157
-197
-160
-162
-199
-244
-228
-228
-185
-165
-155
-173
-181
-185
-174
-136
-114
-79
-103
-97
-71
-57
-84
-79
-34
-64
-119
-123
-135
-110
-124
-135
-146
-110
-116
-157
-138
-170
-209
-191
-221
-250
-204
-240
-276
-302
-321
-307
-240
-219
-248
-188
-187
-186
-188
-210
-204
-165
-172
-154
-145
-135
-103
-139
-95
-119
-94
-78
-98
-72
-90
-38
-20
-28
14
51
34
43
-11
-10
-36
-73
-104
-150
-123
-119
-151
-114
-120
-135
-87
-141
-113
-145
-164
-147
-144
-155
-154
-109
-128
-126
-110
-135
-103
-92
-89
-102
-121
-68
-86
-100
-89
-61
0
-13
22
17
-43
13
48
56
50
0
53
62
61
65
26
38
47
48
-16
6
-6
-9
-31
-56
-109
-111
-55
-60
-57
-40
-17
-43
-25
-3
23
8
7
33
59
18
-21
-64
-23
-37
-63
-73
-80
-75
-80
-54
-52
-40
-29
-39
-64
-61
-21
3
29
42
21
19
-1
-43
-52
-81
-85
-82
-99
-24
-29
-11
19
-35
-19
-11
-32
-27
-25
-33
-18
-89
-69
-67
-65
-70
-30
-17
-44
22
-2
-56
-24
31
8
-11
17
-15
-49
-35
-49
-9
-16
-36
-31
-25
-20
-45
24
-4
-13
57
61
113
135
102
105
111
125
79
75
100
99
110
106
95
115
123
86
86
92
119
99
94
89
86
84
96
109
74
68
88
56
71
99
121
126
174
149
91
87
113
135
113
151
163
163
158
171
146
151
140
131
169
197
217
237
237
228
226
268
317
291
350
355
377
380
364
360
332
313
282
310
305
325
327
335
402
423
414
389
425
396
432
435
470
479
490
512
493
436
435
448
409
453
440
444
490
484
501
554
509
464
464
475
442
446
429
417
418
383
389
399
372
341
436
446
415
452
432
419
447
461
438
432
401
389
374
351
363
389
380
405
418
389
406
396
398
421
406
457
445
434
467
439
364
367
405
326
323
291
327
417
373
342
343
302
311
323
285
304
314
289
317
298
319
314
275
292
240
256
242
224
230
230
255
249
278
249
254
260
241
222
227
260
267
289
229
247
291
298
310
324
303
311
250
196
184
200
212
218
264
234
225
230
208
222
247
259
255
203
241
208
191
217
249
271
228
230
199
169
172
171
166
130
168
176
114
165
170
164
149
162
138
130
145
153
156
126
108
128
123
74
84
89
81
134
163
148
193
208
222
218
181
162
160
186
163
175
208
219
227
170
141
142
140
204
194
176
182
210
197
171
206
234
234
224
181
181
152
181
190
136
125
120
128
203
216
224
220
189
202
152
148
172
155
170
118
132
118
87
95
83
66
86
113
135
154
108
156
181
145
96
109
106
82
75
88
73
89
88
92
121
181
187
140
182
163
168
173
216
187
184
216
226
225
168
208
203
189
164
170
197
210
253
222
217
233
210
226
244
192
232
251
231
181
205
209
208
211
176
194
179
202
232
248
212
189
203
239
270
241
244
242
211
192
201
209
154
168
183
191
184
205
199
206
189
171
180
190
191
200
187
158
153
157
134
130
132
185
196
227
228
243
297
287
276
280
297
316
267
217
242
244
255
208
195
199
185
158
134
127
132
164
144
128
125
119
116
113
117
121
145
145
188
146
170
169
123
123
90
92
80
58
50
81
66
56
73
137
97
104
112
101
153
105
87
72
34
-11
-19
-1
-7
-11
-17
23
53
48
65
78
54
43
29
50
38
15
-14
6
-3
-1
-36
-53
-29
-69
-77
-69
-99
-91
-99
-120
-47
-54
-50
-36
-32
-40
-61
-44
-106
-142
-143
-157
-110
-144
-148
-125
-122
-83
-80
-42
-35
-25
-4
47
51
77
102
68
107
79
53
46
16
-33
-49
-93
-103
-82
-75
-94
-116
-124
-93
-81
-108
-113
-144
-122
-149
-168
-194
-150
-186
-204
-194
-222
-199
-168
-184
-141
-122
-119
-63
-77
-17
-17
-31
-12
-16
-13
-74
-30
-81
-105
-54
-84
-66
-131
-127
-104
-78
-91
-114
-58
-42
-94
-74
-30
-80
-70
-90
-116
-86
-98
-164
-131
-120
-129
-138
-110
-76
-85
-62
-86
-61
-24
-55
-62
-47
-41
-33
-82
-57
-35
-68
-76
-88
-11
-20
-30
-28
-52
-34
-40
25
-24
-33
-66
-130
-160
-180
-145
-186
-184
-159
-143
-121
-149
-130
-116
-138
-76
-78
-111
-110
-101
-94
-108
-122
-147
-108
-67
-59
-79
-100
-93
-69
-77
-40
-21
-14
13
-6
22
-30
-35
-52
-59
-69
-74
-47
-50
-41
-3
25
-17
-24
-41
9
45
36
68
64
72
71
102
95
93
125
96
72
55
80
103
109
121
138
142
118
113
132
127
85
99
118
113
93
58
15
14
8
36
-4
-34
-24
-14
-20
-35
-27
-39
6
-7
17
-9
-25
4
-29
-46
9
-7
-10
-3
23
60
60
68
65
114
165
141
114
169
203
219
179
157
141
142
139
114
116
98
99
57
18
41
18
23
13
11
22
28
12
2
55
31
42
49
60
79
87
105
102
66
31
63
34
22
75
92
99
149
108
112
88
89
130
157
189
127
169
193
218
154
156
192
170
212
216
184
166
114
89
84
96
85
122
122
87
143
137
107
115
111
130
115
101
73
59
60
69
76
25
24
-37
-71
-48
-52
-60
-29
-65
-72
-76
-91
-58
-79
-54
-59
-67
-99
-100
-110
-90
-61
-86
-61
-58
-41
-85
-50
-3
-3
32
32
50
26
25
8
20
23
58
63
60
48
53
121
52
57
41
37
24
-2
-1
-30
-21
-43
-42
-56
-140
-120
-89
-157
-159
-151
-146
-161
-203
-209
-224
-180
-184
-172
-201
-221
-177
-224
-250
-254
-256
-289
-268
-262
-296
-312
-307
-305
-302
-319
-305
-329
-339
-296
-340
-341
-392
-364
-348
-379
-355
-370
-442
-477
-456
-503
-500
-477
-474
-453
-455
-476
-462
-456
-462
-440
-430
-405
-398
-406
-335
-346
-370
-367
-371
-426
-423
-382
-473
-440
-462
-478
-455
-466
-471
-463
-447
-436
-452
-460
-460
-468
-413
-430
-425
-443
-446
-463
-436
-447
-496
-453
-463
-489
-473
-509
-496
-476
-444
-456
-467
-436
-441
-416
-452
-434
-417
-385
-384
-378
-380
-365
-344
-394
-406
-409
-428
-442
-409
-416
-423
-375
-399
-418
-468
-439
-419
-443
-384
-402
-404
-393
-368
-388
-348
-322
-344
-301
-325
-313
-337
-346
-348
-373
-370
-322
-292
-286
-270
-263
-208
-257
-261
-238
-191
-212
-217
-256
-244
-268
-248
-288
-274
-285
-278
-243
-242
-193
-256
-250
-280
-253
-264
-265
-301
-319
-291
-329
-337
-288
-304
-303
-243
-238
-215
-205
-220
-176
-202
-159
-116
-143
-126
-125
-137
-132
-112
-125
-144
-181
-167
-171
-175
-179
-165
-173
-164
-175
-215
-216
-223
-243
-248
-197
-193
-191
-199
-203
-189
-208
-226
-260
-261
-227
-246
-299
-273
-265
-298
-299
-278
-281
-254
-285
-253
-257
-267
-219
-234
-242
-236
-214
-238
-205
-198
-260
-222
-259
-277
-229
-263
-266
-262
-252
-254
-286
-267
-250
-285
-280
-338
-345
-355
-392
-445
-446
-450
-456
-425
-462
-482
-480
-462
-478
-474
-437
-416
-451
-422
-386
-413
-404
-409
-414
-389
-469
-529
-541
-559
-572
-548
-551
-533
-490
-468
-426
-453
-422
-441
-426
-399
-458
-435
-386
-410
-473
-474
-492
-530
-493
-459
-505
-528
-482
-456
-482
-428
-405
-408
-397
-395
-449
-433
-424
-471
-458
-471
-489
-491
-529
-482
-489
-524
-520
-581
-568
-508
-475
-473
-438
-442
-432
-461
-440
-425
-463
-448
-447
-466
-471
-485
-469
-443
-437
-420
-403
-426
-414
-410
-368
-399
-401
-383
-401
-407
-470
-466
-492
-517
-514
-480
-529
-518
-533
-522
-532
-539
-525
-517
-536
-531
-496
-488
-478
-493
-487
-492
-522
-519
-491
-523
-501
-523
-481
-444
-450
-474
-470
-445
-433
-431
-435
-443
-423
-383
-407
-400
-421
-414
-406
-412
-429
-434
-377
-380
-365
-345
-388
-408
-397
-413
-396
-396
-406
-397
-384
-332
-361
-355
-343
-384
-326
-318
-337
-378
-355
-386
-392
-330
-387
-400
-367
-366
-370
-365
-297
-313
-347
-330
-372
-357
-313
-351
-347
-378
-367
-346
-339
-337
-327
-371
-359
-351
-415
-377
-429
-414
-396
-395
-384
-349
-309
-317
-302
-312
-297
-298
-331
-343
-330
-354
-282
-301
-262
-245
-240
-248
-222
-203
-229
-203
-227
-238
-227
-191
-177
-159
-108
-129
-199
-198
-207
-202
-170
-157
-165
-132
-157
-190
-215
-229
-223
-209
-237
-238
-220
-203
-164
-156
-147
-98
-117
-93
-129
-98
-67
-62
-86
-118
-69
-80
-108
-139
-150
-191
-154
-173
-162
-151
-188
-150
-91
-87
-85
-62
-96
-114
-129
-192
-227
-193
-211
-237
-236
-236
-196
-151
-107
-129
-112
-131
-111
-95
-101
-45
-19
3
-11
18
66
82
63
57
85
56
20
23
64
57
77
130
148
129
119
135
124
119
110
124
126
170
183
152
178
151
143
172
187
161
136
205
166
144
207
176
190
220
247
211
229
248
245
244
210
255
233
213
221
217
183
180
200
154
138
165
148
172
196
194
200
253
272
214
213
201
184
179
172
140
168
174
159
167
184
227
234
301
297
331
371
352
310
321
287
275
302
261
249
249
282
305
335
391
394
413
470
476
459
440
418
408
426
408
449
447
387
395
383
362
357
373
374
376
380
329
374
386
406
417
357
348
324
317
284
333
275
296
309
371
328
313
338
300
307
284
247
242
246
239
225
217
208
199
178
182
216
145
147
132
153
154
159
155
173
181
103
80
64
32
21
45
43
11
-13
47
28
73
148
135
157
137
106
151
127
125
154
143
157
90
82
108
105
122
108
121
143
122
102
145
119
100
127
92
44
16
31
63
99
102
142
112
107
143
187
222
195
206
214
202
215
224
206
195
187
173
146
147
115
108
136
128
134
114
61
62
39
57
58
74
29
15
49
66
82
85
75
65
87
70
58
39
94
117
90
77
34
30
44
-10
-3
22
-15
5
92
78
71
72
121
106
108
121
133
116
87
61
64
34
43
87
45
27
20
59
54
58
37
76
122
169
145
110
106
99
75
47
42
-23
-1
-21
-62
-67
-71
-72
-105
-102
-63
-68
-84
-83
-90
-59
-57
-33
-60
-72
-74
-93
-113
-117
-140
-140
-158
-122
-130
-143
-159
-160
-146
-144
-82
-69
-49
-61
-59
-71
-123
-128
-136
-127
-70
-122
-177
-201
-201
-218
-237
-259
-240
-224
-208
-201
-169
-228
-240
-187
-238
-197
-182
-212
-198
-214
-226
-233
-204
-202
-194
-194
-187
-162
-175
-136
-148
-167
-175
-217
-234
-243
-226
-246
-261
-278
-271
-246
-264
-240
-206
-247
-242
-241
-252
-244
-258
-250
-239
-258
-261
-220
-209
-242
-259
-231
-224
-227
-228
-196
-180
-191
-175
-188
-226
-259
-245
-237
-219
-242
-238
-247
-273
-248
-229
-263
-249
-191
-150
-111
-154
-107
-111
-78
-137
-122
-101
-153
-148
-170
-203
-246
-265
-288
-268
-289
-254
-225
-192
-186
-183
-129
-112
-92
-66
-32
-66
-78
-74
-115
-100
-125
-131
-125
-140
-80
-108
-100
-93
-51
-38
-5
-12
-11
-17
-92
-90
-141
-152
-142
-141
-125
-121
-113
-96
-56
-82
-106
-109
-88
-78
-69
-112
-77
-98
-121
-82
-120
-82
-79
-76
-94
-37
-35
-59
-55
-66
-46
2
32
20
31
34
39
44
27
47
13
-5
-3
-7
-3
-1
-10
-13
-20
-18
-49
-44
-27
-69
-22
-8
-37
14
22
23
34
19
-15
-10
-44
-50
-52
-93
-69
-65
-82
-83
-57
-51
-63
-96
-93
-92
-85
-42
-74
-68
-49
-73
-42
-18
7
-42
-3
36
26
0
-11
-7
-40
-21
-38
-2
3
-19
-29
-20
11
-35
-61
-74
-82
-92
-81
-83
-89
-90
-96
-100
-40
-52
-61
-47
-29
5
-9
23
20
-17
-6
24
3
-22
-46
-26
3
-2
-34
-39
-53
-56
-66
-58
-42
-54
-19
7
13
16
22
91
36
-22
9
-4
10
-49
-30
-18
-69
-65
-1
5
25
30
25
48
13
28
32
78
30
55
85
48
57
36
52
1
18
35
-12
-6
39
21
18
17
6
50
36
41
6
13
2
-21
-33
-81
-14
-2
0
7
-3
8
22
76
73
105
76
98
110
30
31
-6
-17
-31
-2
-36
-28
-54
-57
15
-29
-33
-46
-51
-39
-69
-53
19
17
12
59
104
70
124
121
107
71
92
96
85
93
98
119
66
90
58
52
30
14
41
27
19
-39
-27
-50
-47
-73
-93
-86
-73
-33
-55
-50
-30
7
19
11
-14
57
50
100
98
74
61
1
33
74
89
83
154
109
81
140
110
128
119
92
140
135
112
65
12
16
-5
3
-38
-87
-47
-74
-71
-76
-94
-42
-47
-53
-36
-13
-33
-21
1
-4
-6
33
59
61
97
81
66
33
87
33
21
22
47
53
70
82
89
78
-10
41
3
6
67
52
49
28
19
27
3
30
9
30
22
33
14
25
17
3
90
87
121
89
115
100
61
49
17
34
62
59
55
89
108
146
126
163
202
219
193
161
116
162
136
104
139
139
118
136
159
177
149
176
224
200
219
227
218
190
153
167
160
159
105
86
79
20
69
68
65
75
69
6
1
-8
-38
-14
-2
13
9
78
44
27
52
49
62
31
57
65
56
84
98
113
135
144
139
102
112
114
151
114
114
144
130
161
163
170
179
188
164
84
92
81
86
94
50
43
69
89
106
72
31
23
-7
0
-9
-25
9
57
82
65
123
124
70
92
106
115
132
126
104
104
79
68
117
117
102
148
143
154
226
234
199
212
231
276
235
224
293
245
175
193
186
147
172
96
70
79
22
60
47
37
56
49
61
58
14
28
10
26
-13
24
44
18
35
29
29
30
50
46
109
121
133
75
82
59
79
91
95
179
151
153
198
236
261
255
211
264
264
258
234
216
276
244
226
230
234
222
219
240
217
229
201
182
185
212
207
239
235
206
231
185
199
191
195
181
169
153
133
145
155
168
171
182
157
153
186
207
125
129
133
119
120
130
152
142
202
157
132
187
175
167
136
177
224
234
271
272
290
267
317
300
310
302
285
270
270
255
241
260
283
283
244
233
178
185
219
266
278
306
315
295
270
285
309
284
273
235
237
241
262
241
301
273
205
251
225
273
260
289
312
266
255
246
200
166
208
224
237
268
258
279
247
236
249
256
279
282
303
318
285
290
297
288
281
274
283
286
274
296
328
321
314
276
305
345
324
332
358
367
302
350
281
272
288
233
264
289
316
317
331
350
393
367
403
364
364
336
354
355
350
335
339
378
314
339
350
335
353
331
313
363
335
377
406
397
416
420
423
389
396
375
375
332
296
298
330
325
327
337
344
328
330
328
319
289
309
308
299
285
261
300
279
217
190
197
178
200
213
212
239
294
339
332
334
364
356
443
466
435
396
433
517
475
519
477
447
465
488
495
455
461
447
450
473
482
494
505
473
487
542
525
480
468
429
386
372
351
403
355
393
378
329
310
338
343
328
323
318
348
351
396
378
397
416
395
403
451
453
432
399
394
383
349
341
365
409
413
443
431
390
412
394
408
400
360
447
416
393
396
342
341
335
361
354
363
349
327
328
353
355
356
351
334
320
356
350
347
380
344
360
348
405
381
384
424
407
448
440
449
488
468
431
384
352
306
321
326
309
318
267
310
334
328
336
322
295
347
294
326
302
285
313
298
316
266
273
280
262
267
291
240
268
295
278
315
350
313
298
311
329
333
300
356
343
297
279
269
279
280
231
254
247
222
245
271
277
255
247
218
204
189
248
224
254
214
213
247
280
281
256
252
244
312
320
324
351
347
314
371
347
292
294
349
333
327
332
320
346
286
308
276
290
278
245
265
270
306
282
306
304
272
268
292
281
258
275
260
248
255
232
200
206
225
225
265
296
261
289
283
243
239
226
224
206
154
139
133
135
154
94
106
111
143
178
132
188
140
160
165
145
210
179
216
228
243
246
212
223
242
207
144
179
192
227
197
202
171
153
227
185
230
256
258
291
253
300
266
261
287
279
329
294
328
335
333
325
298
319
326
311
336
305
288
298
289
322
296
280
271
313
372
326
297
304
240
264
217
207
200
232
235
209
222
245
218
205
205
131
166
181
182
146
167
157
176
184
178
200
199
174
155
156
175
176
176
177
183
195
205
223
216
270
240
291
304
263
298
307
291
243
250
253
250
239
259
261
255
275
232
192
203
222
268
215
140
152
156
174
166
176
148
125
118
145
140
133
127
113
139
149
119
86
95
65
131
140
139
134
133
157
175
213
237
216
211
180
184
165
147
194
160
181
190
187
143
147
137
167
126
128
153
140
118
133
110
72
81
57
51
75
40
29
61
61
87
107
114
69
84
47
31
25
-4
-23
-2
-12
-56
-62
-51
-69
-64
2
27
22
35
20
67
54
61
76
117
143
119
137
131
140
157
160
132
188
140
104
98
64
40
58
0
-14
7
13
-37
-21
-14
-16
-18
-56
-42
-47
-50
-50
-58
-35
-42
-31
-2
-10
11
-5
-59
-95
-117
-83
-60
-19
8
-5
9
5
53
55
41
51
100
10
12
5
-19
7
24
35
40
25
7
25
2
27
46
32
16
-8
-56
-55
-90
-71
-74
-108
-99
-57
-58
-49
-20
-55
-51
-63
-98
-106
-143
-124
-115
-134
-98
-161
-158
-160
-157
-178
-172
-148
-122
-89
-124
-100
-89
-50
-75
-88
-53
-79
-74
-57
-78
-99
-114
-117
-95
-37
-54
-62
-77
-74
-66
-35
-65
-78
-58
-84
-36
-80
-79
-115
-172
-143
-117
-103
-104
-135
-120
-112
-136
-133
-194
-218
-196
-161
-169
-127
-132
-134
-119
-154
-141
-127
-150
-161
-115
-135
-96
-116
-162
-146
-166
-123
-143
-214
-221
-285
-252
-248
-315
-255
-268
-233
-207
-177
-249
-226
-236
-263
-220
-223
-210
-213
-212
-189
-214
-178
-198
-206
-222
-215
-172
-233
-231
-227
-227
-270
-262
-259
-280
-306
-269
-258
-307
-274
-263
-251
-239
-238
-264
-262
-295
-298
-235
-251
-262
-250
-256
-239
-242
-214
-193
-191
-179
-155
-131
-149
-120
-99
-165
-189
-180
-192
-211
-165
-171
-146
-200
-216
-198
-161
-148
-146
-127
-156
-126
-135
-125
-180
-162
-133
-143
-194
-223
-201
-251
-251
-269
-279
-312
-292
-291
-275
-258
-237
-197
-220
-210
-266
-276
-264
-297
-271
-284
-282
-267
-307
-279
-268
-271
-235
-226
-194
-152
-151
-180
-136
-161
-136
-180
-215
-213
-235
-240
-250
-241
-277
-263
-282
-253
-300
-292
-277
-267
-213
-196
-197
-194
-241
-266
-242
-249
-233
-226
-169
-162
-153
-112
-140
-162
-83
-56
-52
-40
-23
-35
-7
9
14
28
-74
-102
-118
-176
-146
-169
-170
-212
-258
-245
-276
-231
-251
-274
-273
-265
-248
-232
-246
-234
-231
-233
-187
-191
-226
-209
-258
-258
-242
-244
-228
-228
-211
-146
-134
-112
-54
-95
-71
-93
-101
-71
-163
-134
-166
-191
-175
-180
-199
-199
-170
-203
-163
-212
-174
-218
-237
-210
-226
-228
-199
-209
-213
-221
-252
-224
-200
-192
-218
-232
-217
-195
-208
-195
-161
-110
-49
-74
-74
-123
-143
-170
-164
-113
-167
-146
-131
-70
-105
-127
-102
-120
-153
-171
-155
-142
-138
-133
-174
-211
-249
-249
-215
-270
-277
-304
-264
-244
-234
-209
-191
-140
-110
-88
-96
-113
-139
-107
-95
-140
-141
-178
-217
-267
-234
-255
-285
-259
-271
-239
-253
-260
-229
-184
-187
-186
-198
-167
-169
-207
-171
-178
-167
-172
-188
-195
-193
-202
-209
-145
-174
-171
-153
-153
-197
-180
-200
-189
-195
-184
-175
-222
-202
-242
-221
-222
-190
-222
-201
-177
-209
-200
-183
-190
-195
-145
-164
-121
-150
-148
-168
-187
-174
-203
-159
-159
-146
-147
-182
-168
-157
-208
-236
-217
-215
-249
-244
-213
-209
-200
-220
-204
-180
-159
-160
-187
-200
-204
-243
-235
-190
-196
-197
-193
-185
-158
-107
-123
-185
-162
-223
-219
-175
-200
-139
-146
-147
-149
-183
-166
-112
-177
-133
-110
-147
-146
-144
-83
-64
-41
-73
-41
-93
-113
-114
-115
-133
-107
-77
-131
-152
-126
-111
-106
-77
-40
-54
-73
-63
-111
-112
-76
-78
-91
-70
-53
-77
-108
-90
-98
-136
-128
-119
-152
-120
-123
-130
-88
-94
-102
-96
-99
-102
-112
-130
-106
-138
-124
-100
-61
-83
-108
-113
-127
-122
-100
-78
-82
-114
-154
-137
-128
-147
-140
-108
-147
-134
-104
-109
-140
-125
-119
-147
-113
-121
-125
-122
-113
-121
-113
-160
-153
-201
-222
-141
-198
-215
-199
-209
-248
-188
-157
-151
-129
-133
-108
-132
-117
-127
-166
-139
-133
-126
-106
-62
-68
-67
-94
-90
-97
-147
-136
-93
-99
-112
-146
-159
-144
-135
-128
-153
-150
-116
-137
-118
-111
-143
-201
-146
-127
-152
-60
-65
-42
-72
-22
-11
-4
8
29
-21
-2
-9
-12
20
-18
-27
-50
-7
10
1
-2
-3
0
42
58
58
70
65
86
70
6
-1
-31
-34
-13
-20
2
12
-18
-2
19
3
-47
-2
-27
-36
-54
-60
-76
-83
-118
-152
-171
-150
-122
-163
-133
-154
-140
-125
-141
-124
-145
-99
-62
-52
-82
-105
-67
-94
-95
-94
-85
-45
-37
-9
4
19
54
12
0
-11
-26
-21
-1
-20
19
-17
-67
-35
-64
-9
-54
-79
-39
-51
-69
-77
-91
-99
-71
-35
-45
-75
-105
-120
-100
-98
-81
-101
-50
-80
-123
-115
-78
-66
-100
-42
-20
-14
-32
-43
-63
-73
-83
-66
-62
-84
-86
-92
-65
-70
-120
-121
-101
-93
-87
-46
-97
-121
-147
-153
-164
-174
-156
-158
-174
-141
-186
-176
-110
-88
-68
-85
-70
-43
-29
-17
12
-29
52
72
31
90
50
21
44
33
11
26
44
13
39
60
36
62
52
-4
-1
20
31
-4
-17
-31
-45
-36
-49
-79
-63
-42
-48
-30
-41
-5
-8
-38
-40
-15
-27
-52
-41
9
9
-3
-23
3
21
13
-3
69
87
61
68
79
80
58
107
113
94
76
77
91
96
93
109
96
93
117
126
144
159
154
110
114
147
176
194
172
217
207
161
129
122
134
128
111
177
219
183
130
165
149
147
125
62
103
124
149
134
147
168
205
195
210
183
190
145
124
153
160
162
172
182
155
159
242
253
256
295
272
251
265
287
246
240
227
233
167
120
113
75
80
69
103
66
52
70
68
84
65
57
55
89
34
26
17
9
-30
-43
-39
-51
-30
-67
-65
-35
-38
2
-20
-20
-31
-23
31
1
23
-42
-45
-20
-54
-65
-91
-102
-97
-129
-120
-149
-163
-87
-56
-67
-36
-70
-123
-131
-138
-118
-131
-76
-64
-44
-39
-42
-22
-102
-140
-124
-54
-64
-111
-109
-113
-157
-126
-148
-160
-157
-172
-175
-119
-164
-203
-208
-210
-243
-283
-286
-354
-294
-353
-385
-337
-381
-329
-370
-334
-341
-311
-301
-352
-327
-330
-311
-281
-255
-273
-296
-306
-285
-296
-330
-355
-334
-320
-325
-355
-381
-359
-361
-347
-360
-313
-307
-366
-329
-363
-366
-337
-345
-410
-419
-386
-419
-424
-401
-413
-441
-439
-463
-447
-428
-378
-399
-372
-358
-419
-412
-436
-449
-430
-446
-457
-420
-439
-422
-403
-381
-382
-416
-432
-457
-455
-460
-469
-408
-415
-474
-515
-522
-559
-541
-502
-579
-564
-568
-590
-525
-532
-505
-518
-506
-495
-516
-506
-486
-480
-483
-450
-423
-465
-468
-454
-511
-449
-465
-462
-466
-450
-429
-445
-409
-457
-379
-358
-376
-371
-359
-374
-435
-429
-455
-439
-405
-407
-384
-349
-324
-337
-315
-279
-287
-322
-316
-357
-394
-390
-374
-371
-437
-418
-413
-462
-503
-475
-434
-504
-513
-474
-461
-467
-461
-493
-495
-468
-502
-484
-471
-450
-445
-443
-432
-385
-406
-366
-328
-310
-244
-232
-150
-180
-216
-177
-130
-159
-193
-162
-131
-154
-194
-172
-171
-172
-223
-212
-205
-197
-244
-216
-216
-235
-227
-222
-232
-273
-269
-279
-274
-293
-315
-343
-375
-339
-309
-305
-256
-208
-161
-184
-159
-200
-207
-197
-210
-176
-205
-218
-176
-167
-163
-126
-135
-119
-105
-92
-99
-58
-81
-78
-70
-106
-111
-132
-118
-109
-101
-83
-96
-99
-82
-112
-127
-136
-114
-102
-139
-103
-106
-107
-98
-119
-63
-65
-92
-104
-75
-103
-100
-126
-113
-123
-92
-40
-109
-55
-24
-28
-42
-43
-69
-54
-57
-48
-41
-6
-36
-17
-3
-5
41
26
32
63
81
64
64
60
71
36
2
-74
-68
-54
-71
-92
-101
-87
-112
-102
-83
-69
-100
-110
-137
-133
-133
-121
-100
-118
-111
-125
-116
-85
-67
-47
-57
-80
-72
-78
-92
-76
-107
-120
-74
-97
-87
-77
-88
-97
-89
-116
-109
-91
-63
-86
-141
-133
-162
-182
-145
-119
-154
-113
-108
-110
-116
-101
-74
-110
-110
-109
-111
-84
-69
-100
-75
-32
-60
-112
-65
-81
-60
-56
-49
-35
5
22
-2
44
-1
-19
12
17
11
44
12
29
10
-20
12
-34
12
-11
-11
21
11
16
12
31
76
116
135
124
72
74
68
50
73
129
89
101
123
129
182
176
138
178
159
185
174
151
174
144
145
155
152
123
122
80
73
67
70
79
63
63
87
109
139
136
119
145
143
126
118
143
179
243
240
288
294
282
290
300
328
363
358
380
413
424
412
394
456
404
397
399
390
438
462
458
466
523
497
508
470
440
478
479
470
469
504
511
518
441
392
393
402
433
403
410
375
447
483
474
443
475
500
454
466
482
467
498
516
485
457
457
511
490
523
575
596
646
637
680
708
732
728
755
775
837
850
823
866
834
829
830
792
783
783
819
817
834
834
796
812
843
881
865
850
830
824
790
779
760
744
720
692
700
710
710
686
700
746
789
820
855
853
903
911
894
897
869
919
876
839
857
842
826
832
895
904
847
826
820
827
837
793
790
749
704
683
682
657
599
534
479
499
479
501
480
486
462
458
476
460
494
490
479
451
424
365
346
388
345
309
254
290
311
282
296
307
290
288
258
224
226
198
207
143
77
67
77
43
9
-46
-56
-21
-47
-31
-26
-55
-56
-61
-21
-24
-18
-24
-4
20
-7
-5
35
112
109
117
136
118
170
162
179
200
243
258
289
327
375
424
462
471
501
568
586
613
668
708
745
758
781
757
763
770
742
819
829
882
948
995
1035
1070
1124
1152
1238
1237
1262
1315
1301
1284
1273
1280
1332
1370
1369
1383
1344
1402
1441
1419
1480
1446
1484
1503
1465
1502
1480
1488
1463
1483
1480
1441
1465
1421
1406
1438
1391
1401
1389
1403
1415
1448
1454
1416
1415
1382
1403
1392
1404
1372
1372
1370
1334
1289
1291
1277
1209
1245
1216
1254
1274
1215
1145
1079
1027
1061
1097
1018
948
899
923
945
893
863
806
806
785
759
790
745
695
644
625
611
614
644
587
544
495
487
557
637
602
513
553
722
868
786
641
657
910
1066
953
769
729
823
880
931
894
773
719
777
817
830
840
721
645
749
714
681
596
572
586
567
607
582
557
505
498
573
617
644
571
458
472
508
607
611
540
487
531
591
597
511
441
460
459
447
381
360
329
293
303
338
362
309
244
260
394
469
594
729
747
807
932
1152
1321
1451
1559
1681
1833
1948
2060
2153
2223
2279
2367
2424
2406
2400
2321
2256
2264
2259
2157
2017
1932
1852
1741
1685
1657
1605
1536
1452
1401
1409
1408
1432
1395
1388
1343
1301
1268
1289
1321
1350
1411
1436
1408
1343
1358
1306
1324
1289
1201
1123
1089
1053
964
881
784
716
645
596
472
362
145
37
5
-52
-105
-235
-90
339
820
672
93
-38
716
1729
2029
1782
1636
1873
2267
2656
2998
3226
3197
3073
3146
3409
3472
3202
2846
2711
2798
2757
2397
1814
1425
1327
1385
1297
985
492
197
64
77
212
273
142
-81
-48
331
631
603
521
829
1475
1781
1708
1584
1764
2211
2565
2717
2771
2650
2576
2635
2823
2889
2701
2409
2100
1980
1780
1602
1446
1160
916
666
441
280
90
-86
-125
-158
-264
-366
-525
-613
-548
-454
-368
-391
-459
-500
-543
-580
-563
-494
-499
-609
-776
-1052
-1293
-1488
-1531
-1504
-1213
-242
790
372
-1839
-2940
-722
2847
3820
1494
-492
134
2160
3224
3109
3060
3213
3061
2503
2700
3281
3187
2280
1746
2327
2806
2184
548
-420
39
1212
1576
455
-931
-1540
-1209
-691
-271
-26
-225
-917
-1477
-1006
41
681
425
109
563
1361
1660
1282
1260
2108
3061
3214
2866
2758
2956
3082
3146
3257
3220
2759
2272
2206
2277
2006
1475
1189
1142
965
506
92
-21
41
-78
-182
-250
-475
-767
-740
-424
-253
-300
-488
-488
-433
-385
-210
-55
-112
-264
-332
-369
-447
-539
-641
-806
-976
-1203
-1473
-1851
-2131
-2215
-2343
-2828
-3414
-3045
-1294
169
-1212
-4315
-4778
-1020
2925
2677
-358
-1647
19
2261
2980
2856
3043
3229
2819
2660
3463
4077
3362
2004
1873
2966
3381
2035
-25
-791
72
1230
938
-575
-1945
-2428
-2206
-1764
-1290
-1240
-1804
-2784
-3003
-2017
-969
-824
-1274
-1191
-261
568
518
192
558
1586
2482
2754
2663
2282
1862
2036
2943
3476
2873
1836
1255
1348
1440
1316
850
302
-170
-486
-547
-718
-1028
-1282
-1289
-1086
-1047
-1390
-1729
-1721
-1366
-1032
-864
-968
-1216
-1338
-1021
-483
-166
-363
-803
-1031
-919
-609
-624
-842
-1253
-1553
-1781
-1954
-2119
-2491
-2885
-3241
-3453
-3819
-4031
-2894
-1007
-1102
-3916
-5810
-3412
1089
2476
28
-2164
-1333
1087
2315
2271
2096
2069
2009
2173
2959
3246
2224
914
925
1994
2346
1223
-525
-1504
-1294
-421
-193
-1145
-2681
-3557
-3383
-2805
-2373
-2369
-2776
-3338
-3414
-2680
-1795
-1397
-1559
-1383
-499
393
544
405
944
1744
2115
2240
2584
2811
2430
1918
2189
2662
2508
1762
1030
765
603
488
217
-227
-788
-1270
-1416
-1349
-1392
-1711
-1934
-1867
-1665
-1682
-1863
-1744
-1434
-1102
-857
-741
-547
-422
-224
-17
260
661
566
35
-205
264
731
395
-532
-1152
-1281
-1340
-1572
-2007
-2654
-3437
-4099
-4371
-4428
-4920
-5137
-3845
-2005
-2388
-5082
-6456
-3832
348
1645
-208
-1771
-978
945
2100
2515
2955
3358
3299
3123
3493
3975
3772
2945
2621
3048
3398
2632
1044
-29
-107
557
690
-290
-1725
-2715
-3114
-2998
-2511
-2301
-2625
-3383
-3800
-3340
-2511
-1978
-1758
-1349
-594
-20
189
390
825
1450
2151
2913
3413
3188
2601
2411
2960
3398
3255
2731
2159
1696
1440
1328
1036
531
-46
-317
-458
-770
-1211
-1481
-1402
-1278
-1293
-1521
-1621
-1429
-1194
-880
-631
-359
-182
-84
137
409
601
618
653
766
820
662
401
63
-174
-308
-479
-625
-961
-1887
-2899
-3274
-3064
-3122
-3998
-5163
-5685
-4873
-3026
-2064
-3759
-6361
-6086
-2538
551
344
-1562
-2099
-647
1102
1957
2410
2872
2994
2823
3291
4238
4363
3275
2398
2903
3748
3627
2229
670
45
373
889
608
-675
-2098
-2931
-3086
-2778
-2461
-2681
-3318
-3869
-3686
-2994
-2540
-2435
-2251
-1606
-850
-511
-486
-218
404
1099
1820
2344
2531
2214
1727
1948
2480
2754
2425
1899
1398
926
655
533
292
-137
-540
-895
-1256
-1581
-1748
-1771
-1718
-1783
-1886
-1830
-1797
-1823
-1780
-1541
-1143
-855
-903
-994
-867
-726
-691
-610
-478
-446
-623
-987
-1329
-1444
-1485
-1661
-2198
-2685
-3080
-3597
-4139
-4422
-4564
-5187
-6278
-6945
-5931
-3629
-2531
-4532
-7530
-7334
-3422
240
323
-1799
-2758
-1506
367
1517
2137
2534
2447
2171
2622
3596
3723
2638
1716
2193
3137
3009
1495
-175
-822
-466
204
86
-967
-2540
-3680
-3916
-3347
-2707
-3005
-3883
-4502
-4195
-3637
-3240
-2881
-2444
-1875
-1262
-706
-453
-234
210
1042
1993
2658
2717
2228
1825
2062
2748
3038
2822
2186
1409
973
829
825
579
112
-383
-806
-1116
-1307
-1397
-1534
-1629
-1585
-1539
-1650
-1857
-1863
-1525
-1063
-770
-589
-669
-830
-731
-452
-75
105
54
-197
-349
-406
-537
-695
-817
-917
-1289
-1832
-2296
-2676
-3093
-3505
-3899
-4388
-4890
-5630
-5943
-4520
-2213
-1957
-5123
-8027
-6192
-874
2090
346
-2526
-2643
-196
1761
2355
2577
2923
2898
2777
3555
4432
4049
2593
2099
3253
4335
3651
1453
-145
-170
954
1641
726
-1187
-2814
-3295
-2881
-2198
-2076
-2724
-3660
-4003
-3510
-2986
-2738
-2360
-1678
-1145
-1064
-901
-348
296
842
1358
2126
2671
2656
2168
1899
2222
2835
3123
2731
2002
1223
853
1024
1267
1023
370
-219
-620
-804
-937
-921
-1097
-1405
-1436
-1370
-1374
-1528
-1558
-1225
-684
-412
-493
-676
-663
-487
-264
42
284
304
-75
-468
-558
-455
-491
-760
-1115
-1574
-2088
-2583
-2922
-3218
-3504
-3956
-4599
-5301
-5985
-6033
-4757
-2894
-2742
-5141
-7257
-5773
-1685
692
-234
-1846
-1718
-131
1304
2047
2615
3027
3056
3153
3857
4473
3971
2715
2379
3263
4060
3472
1698
269
-22
516
854
350
-1006
-2518
-3363
-3412
-2949
-2701
-3048
-3619
-3943
-3762
-3454
-3210
-2719
-1911
-1127
-860
-873
-565
224
1067
1779
2404
2862
2846
2474
2450
2886
3310
3324
2925
2440
1979
1637
1411
1219
922
530
189
-179
-549
-917
-1093
-1049
-1016
-1068
-1238
-1394
-1491
-1474
-1173
-741
-460
-422
-421
-401
-280
-34
205
434
518
386
16
-325
-344
-250
-278
-721
-1355
-2078
-2568
-2760
-2997
-3477
-4272
-4996
-5559
-5973
-5662
-4058
-2547
-3553
-6368
-7136
-3990
-115
613
-1149
-2127
-851
1048
1939
2361
2918
3505
3593
3940
4763
4961
3901
2911
3493
4732
4886
3338
1470
614
1020
1717
1515
371
-1136
-2186
-2544
-2365
-2052
-2218
-2822
-3302
-3230
-2832
-2686
-2703
-2317
-1370
-266
443
424
177
333
1479
3113
4155
4071
3214
2718
3172
4153
4594
4240
3553
3053
2830
2657
2426
1944
1476
1130
995
716
88
-504
-838
-612
-265
-194
-653
-1201
-1326
-832
-60
263
197
23
107
477
853
1025
1018
1045
1248
1390
1248
792
353
283
591
593
-57
-972
-1606
-1928
-2097
-2328
-2836
-3774
-4820
-5403
-4604
-2672
-1497
-3035
-5912
-6155
-2699
959
1169
-846
-1708
-216
1828
2786
3057
3377
3749
4061
4683
5413
5369
4259
3420
4061
5278
5333
3750
1934
1214
1704
2299
1924
666
-827
-1785
-2025
-1832
-1647
-1898
-2501
-3044
-2897
-2448
-2336
-2478
-2271
-1413
-359
333
334
165
507
1626
2810
3467
3587
3259
2917
3017
3596
3916
3605
3005
2555
2240
2043
1733
1305
799
492
270
-41
-469
-871
-1119
-1169
-975
-885
-1029
-1319
-1359
-1197
-807
-426
-121
-97
-130
9
305
589
703
836
953
958
738
346
-12
-86
-97
-422
-1058
-1690
-2248
-2779
-3211
-3536
-4038
-4799
-5505
-6166
-6070
-4568
-2925
-3529
-6313
-7508
-4866
-944
277
-1261
-2403
-1583
241
1437
2053
2455
2767
3007
3508
4444
4575
3631
2704
3210
4410
4560
3277
1413
371
442
1098
1164
147
-1390
-2633
-3146
-3121
-2869
-2823
-3340
-4138
-4367
-3976
-3536
-3459
-3361
-2741
-1945
-1212
-852
-782
-463
223
1138
1996
2681
2763
2249
1965
2359
2991
3070
2741
2262
1807
1445
1261
1184
739
310
-20
-312
-692
-1080
-1292
-1314
-1188
-1134
-1235
-1454
-1559
-1471
-1248
-808
-359
-254
-489
-491
-163
172
298
433
615
502
233
-73
-88
-16
-193
-697
-1236
-1605
-2004
-2487
-3055
-3503
-4058
-4671
-5199
-5730
-6484
-6641
-5148
-3197
-3518
-6415
-7956
-5467
-1236
403
-1050
-2510
-1884
-22
1279
1970
2609
3316
3479
3628
4225
4555
3986
3195
3561
4415
4562
3367
1642
690
731
1287
1313
492
-995
-2373
-3056
-2984
-2393
-2182
-2739
-3695
-4061
-3605
-3077
-2835
-2713
-2207
-1374
-567
-259
-360
-157
779
2016
2708
2843
2761
2596
2578
3027
3672
3773
3183
2529
2126
2097
2076
1786
1279
852
551
266
-168
-475
-674
-830
-702
-606
-708
-1090
-1217
-920
-390
26
144
59
11
190
532
784
913
1100
1104
796
542
519
622
492
157
-244
-627
-1144
-1802
-2215
-2432
-2734
-3410
-4363
-5071
-5410
-5820
-6220
-5368
-3366
-2643
-4892
-7395
-6298
-2180
818
362
-1415
-1829
-414
1247
2411
3382
3983
3951
3644
4152
4970
4843
3993
3774
4594
5071
4247
2500
1166
966
1585
2024
1301
-414
-2072
-2853
-2671
-2015
-1757
-2362
-3454
-4047
-3673
-3042
-2730
-2579
-2031
-1121
-651
-819
-613
566
1614
1911
2112
2959
3599
3259
2706
3057
3863
4113
3760
3140
2544
1990
1873
2053
2081
1530
570
-67
-240
-163
-313
-547
-706
-836
-919
-1024
-928
-738
-569
-322
-34
204
325
284
378
795
1314
1541
1287
885
687
874
1023
877
536
-43
-556
-994
-1345
-1724
-2089
-2640
-3329
-3898
-4346
-4727
-5402
-6108
-6607
-6185
-4463
-2828
-3637
-6498
-7345
-4172
52
1118
-697
-2097
-977
1477
3033
3592
3664
3766
3932
4465
5373
5635
4748
3709
3926
4835
4809
3354
1568
749
954
1466
1158
-188
-1828
-2910
-3036
-2611
-2351
-2789
-3699
-4417
-4166
-3427
-3058
-3100
-3119
-2541
-1535
-724
-691
-519
379
1351
1865
2057
2661
3128
3097
2943
3322
3618
3381
3054
2664
2438
2114
1891
1607
1199
720
233
-62
-270
-475
-734
-799
-779
-807
-964
-1092
-932
-840
-613
-264
18
64
52
370
809
1139
1046
947
803
732
731
761
762
407
-153
-690
-991
-1186
-1648
-2200
-2790
-3229
-3676
-4282
-4783
-5226
-5679
-6170
-6563
-6723
-5806
-3931
-3208
-5049
-7275
-6166
-2094
886
364
-1391
-1320
595
2286
2881
3289
3952
4364
4478
4863
5185
4765
3830
3606
4391
4753
3608
1708
402
261
737
787
-164
-1747
-3167
-3734
-3511
-3160
-3194
-3833
-4548
-4670
-4239
-3814
-3639
-3559
-3057
-2043
-1090
-871
-1093
-742
525
1948
2552
2374
2295
2633
3086
3515
3699
3572
3223
2830
2660
2462
2105
1643
1360
1247
1006
589
50
-467
-663
-482
-211
-278
-691
-1104
-1248
-841
-359
-205
-228
-219
-124
-3
183
434
558
520
446
441
434
286
-47
-349
-423
-438
-708
-1329
-1937
-2369
-2692
-2987
-3354
-3772
-4414
-5052
-5451
-5680
-5933
-6388
-6133
-4543
-2830
-3388
-5820
-6446
-3408
486
1522
41
-795
262
1949
3004
3719
4576
5014
4726
4609
5231
5629
4944
3974
4084
4672
4340
2807
1156
537
741
883
270
-846
-2139
-3162
-3585
-3399
-2948
-3117
-3916
-4592
-4447
-3703
-3153
-3050
-2836
-2179
-1305
-651
-361
-61
533
1631
2751
3394
3384
3128
3265
3743
4497
4771
4378
3614
2980
3021
3184
2958
2316
1677
1389
1193
807
284
-41
-185
-166
-254
-353
-647
-1036
-1004
-593
74
198
-77
-444
-396
96
703
1013
873
598
339
378
437
490
462
272
21
-266
-708
-1328
-1812
-2088
-2226
-2405
-2911
-3748
-4484
-4770
-4860
-5047
-5492
-6004
-5922
-4475
-2502
-2494
-4684
-5882
-3551
363
2159
1186
-74
439
2135
3701
4627
5088
5114
4767
4947
5811
6288
5390
4069
3721
4387
4645
3485
1608
289
15
392
434
-441
-2025
-3373
-3823
-3459
-3022
-3193
-3861
-4402
-4221
-3563
-3042
-2871
-2781
-2332
-1433
-462
175
347
531
1030
2079
3617
4514
4142
3073
2960
4224
5306
5168
4192
3345
3033
3099
3260
2947
2086
1371
1107
1145
911
291
-349
-636
-419
-181
-297
-706
-1059
-980
-567
-50
103
-226
-586
-365
296
781
736
381
176
284
618
761
581
165
-273
-428
-448
-609
-1280
-1962
-2289
-2261
-2418
-3031
-3821
-4485
-4638
-4589
-4625
-5058
-5731
-5431
-3646
-1819
-2066
-4111
-4796
-2195
1469
2771
1624
539
1311
3035
4289
5009
5369
5361
4944
5036
5676
5974
5100
3884
3702
4121
4055
2743
1116
175
52
248
-80
-1041
-2439
-3511
-3755
-3363
-3049
-3214
-3796
-4203
-3929
-3310
-2780
-2529
-2087
-1479
-699
25
476
861
1531
2548
3412
3754
4023
4540
4797
4600
4525
4933
5251
5033
4383
3864
3418
3061
2912
2690
2265
1531
912
576
372
170
-138
-305
-405
-617
-940
-889
-516
-423
-494
-519
-311
-92
54
115
296
511
553
524
412
500
558
390
213
155
51
-371
-840
-1128
-1240
-1480
-1869
-2332
-2735
-3091
-3372
-3607
-3891
-4077
-4323
-4531
-4812
-4224
-2554
-1328
-1940
-3571
-3532
-963
1927
2604
1611
1036
1845
3264
4158
4630
4733
4431
4135
4522
5149
4957
3709
2663
2686
3170
2862
1570
82
-803
-737
-513
-787
-1766
-2919
-3752
-3985
-3612
-3179
-3251
-3725
-3948
-3660
-3002
-2345
-1931
-1606
-1033
-254
463
923
1310
1900
2687
3491
3882
4098
4332
4391
4170
4121
4556
4805
4321
3339
2727
2599
2425
2115
1543
945
317
-142
-315
-453
-678
-1135
-1435
-1483
-1367
-1434
-1515
-1461
-1354
-1169
-981
-591
-525
-611
-526
-184
246
483
342
168
208
305
365
353
271
-71
-499
-801
-897
-1003
-1291
-1762
-2203
-2546
-2724
-2778
-2914
-3299
-3635
-3774
-3743
-3828
-3933
-3332
-1782
-610
-1351
-2850
-2673
-147
2367
2719
1745
1308
2102
3180
3785
4188
4319
4154
3930
4057
4353
4042
3028
2203
2231
2537
2241
1022
-396
-1186
-1231
-896
-982
-1741
-2932
-3799
-3808
-3133
-2688
-2758
-3021
-3033
-2536
-1956
-1529
-1129
-555
233
1046
1594
1768
1845
2263
3124
4008
4377
4193
3981
3989
4141
4334
4237
3799
3190
2743
2502
2155
1578
963
439
149
-38
-392
-890
-1449
-1702
-1557
-1340
-1396
-1673
-1941
-1873
-1537
-1186
-915
-642
-576
-617
-421
-34
336
478
498
593
708
733
597
393
414
452
323
-41
-451
-727
-960
-1204
-1323
-1471
-1826
-2263
-2603
-2687
-2760
-2886
-3084
-3303
-3559
-3800
-3937
-3344
-1835
-750
-1443
-3010
-2862
-578
1632
1891
996
716
1450
2300
2685
2911
3055
2946
2732
2910
3147
2666
1580
919
1255
1652
1202
-35
-1105
-1628
-1531
-1202
-1244
-1802
-2786
-3396
-3380
-2717
-2059
-2048
-2311
-2300
-1800
-1218
-759
-439
-53
555
1148
1677
1850
1881
2067
2534
3282
3654
3378
2832
2788
3071
2894
2403
2227
2205
1720
898
242
39
-139
-369
-652
-937
-1459
-2001
-2112
-1921
-1546
-1616
-1903
-2006
-1816
-1547
-1287
-952
-576
-308
-230
-112
27
281
577
902
1060
945
826
760
726
663
576
459
238
-87
-511
-827
-1045
-1348
-1553
-1724
-1879
-2169
-2663
-3010
-3173
-3224
-3292
-3298
-3424
-3670
-3977
-4121
-3365
-1845
-897
-1810
-3244
-2915
-661
1252
1374
614
419
1032
1587
2025
2516
2694
2418
2054
2322
2738
2420
1466
962
1304
1507
1124
226
-507
-917
-912
-742
-654
-976
-1662
-2068
-2031
-1609
-1251
-1230
-1313
-1251
-936
-628
-436
-199
199
573
879
1056
1038
1105
1270
1660
2025
1999
1773
1616
1665
1676
1350
871
500
440
508
149
-463
-1006
-1218
-1133
-979
-1079
-1538
-1900
-1879
-1571
-1263
-1177
-1183
-1288
-1204
-872
-381
-54
-5
34
117
395
646
812
853
864
918
961
879
781
646
410
163
-9
-234
-557
-839
-1118
-1326
-1522
-1723
-1998
-2226
-2399
-2631
-2861
-2958
-2994
-3176
-3424
-3493
-3385
-3297
-3368
-3542
-3355
-2397
-1168
-1173
-2348
-2802
-1375
661
1294
683
218
589
1277
1697
2161
2406
2211
1858
1967
2465
2486
1753
1103
1312
1656
1490
702
75
-166
-178
-41
47
-219
-919
-1424
-1445
-1013
-726
-791
-1092
-1214
-1025
-802
-738
-824
-760
-483
-156
2
-12
-121
14
359
624
693
727
826
755
469
162
201
442
520
219
-118
-362
-461
-478
-413
-271
-246
-404
-481
-323
-203
-130
53
360
462
334
293
489
747
864
898
1031
1090
1049
988
940
973
1015
1062
901
715
520
285
148
-14
-153
-415
-657
-890
-1148
-1382
-1542
-1589
-1686
-1797
-1906
-2032
-2184
-2364
-2438
-2262
-2100
-1933
-2008
-2230
-2309
-2212
-1940
-1327
-318
212
-534
-1441
-927
888
2256
2109
1461
1377
1945
2460
2759
3016
3099
3067
3002
3208
3423
3101
2510
2320
2695
2885
2432
1759
1296
1075
1100
1334
1387
1037
400
-61
-137
233
572
448
128
-86
-7
118
210
391
546
665
721
814
964
1111
1188
1289
1523
1940
2263
2200
1857
1563
1660
2213
2768
2770
2186
1729
1763
2150
2504
2538
2362
2200
2195
2276
2452
2555
2527
2380
2298
2329
2305
2251
2147
2090
2159
2325
2291
1992
1680
1638
1790
1746
1547
1245
1003
888
850
787
649
362
-42
-197
-127
-126
-361
-764
-816
-557
-425
-516
-721
-832
-774
-561
-343
-335
-492
-597
-530
-340
-289
-483
-740
-539
457
1296
865
-422
-712
626
2185
2398
1542
1112
1507
2063
2320
2589
2704
2567
2311
2406
2900
2861
2269
1749
2017
2526
2469
1866
1214
959
1056
1367
1409
1124
450
-164
-188
111
389
75
-391
-631
-509
-340
-458
-539
-584
-381
-119
175
276
132
83
377
962
1545
1821
1543
1195
1387
2054
2607
2689
2343
2037
2065
2343
2602
2573
2307
2028
1984
2180
2120
1840
1551
1414
1456
1575
1416
995
578
412
447
624
579
256
-75
-318
-248
-149
-133
-204
-314
-440
-439
-350
-343
-398
-417
-341
-95
38
-63
-225
-177
77
268
424
435
290
106
66
260
408
364
233
2
-197
-280
-415
-551
-763
-1038
-1246
-1015
-451
-394
-1199
-1909
-1431
-170
547
342
-88
-79
347
898
1444
1814
1796
1606
1710
2185
2491
2289
1950
1948
2232
2318
2096
1706
1370
1155
1130
1260
1055
567
-81
-461
-527
-528
-562
-840
-1211
-1340
-1372
-1378
-1282
-1126
-992
-830
-659
-449
-194
69
361
633
1046
1638
2187
2386
2069
1796
2305
3122
3465
3185
2770
2535
2489
2556
2611
2515
2113
1613
1361
1263
1101
652
170
-7
59
-29
-431
-836
-1112
-1086
-905
-804
-850
-1041
-1075
-892
-454
-68
-36
-112
-50
322
645
750
727
765
972
1174
1326
1316
1125
939
973
1073
1111
908
518
173
-8
12
-95
-470
-901
-1210
-1455
-1673
-1851
-2091
-2311
-2556
-2679
-2383
-1787
-1415
-1891
-2486
-2122
-921
-55
-34
-243
-55
467
928
1232
1587
1835
1918
2061
2375
2542
2359
2078
1984
2241
2364
2119
1554
1031
791
771
801
528
-100
-716
-1007
-1077
-1116
-1157
-1333
-1550
-1492
-1325
-1238
-1282
-1273
-988
-571
-184
-4
91
256
565
1023
1395
1701
1983
2157
2120
2170
2302
2349
2363
2339
2294
2094
1723
1408
1140
965
866
636
251
-106
-360
-586
-794
-859
-846
-896
-984
-1115
-1178
-1126
-884
-638
-565
-489
-361
-171
40
319
544
676
799
965
1127
1175
1149
1053
1109
1151
1250
1211
937
646
367
256
212
150
-255
-753
-1031
-1120
-1211
-1514
-1827
-2083
-2248
-2315
-2419
-2539
-2667
-2786
-2772
-2665
-2267
-1658
-1421
-1832
-2080
-1483
-336
343
254
75
340
901
1274
1508
1786
1955
1884
1872
2158
2338
1983
1433
1280
1565
1557
1054
447
110
-14
-113
-235
-479
-831
-1297
-1647
-1668
-1511
-1491
-1700
-1858
-1759
-1495
-1302
-1289
-1137
-835
-564
-360
-183
53
241
405
644
964
1212
1226
1226
1288
1411
1424
1387
1272
1141
1033
915
713
441
237
179
64
-166
-364
-543
-644
-729
-707
-594
-674
-807
-946
-942
-712
-532
-409
-304
-196
-194
-78
177
417
535
490
488
630
802
823
712
532
490
459
382
135
-138
-331
-527
-655
-876
-1099
-1343
-1571
-1715
-1890
-1982
-2174
-2353
-2497
-2556
-2547
-2568
-2511
-2579
-2709
-2781
-2602
-2409
-2297
-2118
-1620
-1171
-1333
-1549
-1200
-374
225
374
400
568
720
816
1181
1612
1617
1390
1279
1461
1595
1301
980
923
949
745
324
93
-143
-371
-517
-643
-770
-1048
-1334
-1483
-1479
-1418
-1406
-1426
-1404
-1433
-1431
-1258
-1068
-878
-738
-621
-391
-233
-207
-153
-22
151
385
449
479
491
565
709
793
849
833
804
650
537
610
750
634
378
262
229
229
221
195
163
165
202
234
177
121
99
172
275
458
484
289
188
248
389
460
436
322
237
169
135
82
59
0
-194
-326
-468
-564
-569
-604
-673
-763
-890
-1079
-1175
-1189
-1170
-1138
-1071
-1120
-1144
-1202
-1258
-1220
-1098
-996
-1047
-1091
-1173
-1176
-1273
-1254
-1315
-1234
-1047
-749
-417
-435
-771
-874
-307
344
654
500
447
516
621
852
1090
1282
1227
1035
1044
1262
1272
970
714
798
899
731
486
260
51
-75
-45
-19
-143
-502
-794
-913
-887
-806
-818
-963
-1053
-1009
-983
-891
-797
-665
-567
-418
-203
-34
31
161
348
474
698
899
1107
1101
1185
1422
1633
1546
1356
1510
1671
1592
1360
1307
1410
1315
1066
819
682
559
493
359
267
159
44
-22
-72
-116
-314
-394
-390
-364
-372
-379
-318
-274
-260
-66
56
87
70
164
313
432
546
570
526
500
551
569
561
593
483
304
193
127
26
-118
-241
-336
-480
-697
-762
-879
-1066
-1179
-1246
-1291
-1351
-1395
-1420
-1464
-1483
-1534
-1603
-1536
-1479
-1203
-776
-419
-503
-943
-823
-26
565
547
362
446
758
885
979
1235
1361
1198
997
1137
1274
1126
637
419
581
512
211
-130
-284
-447
-584
-559
-548
-669
-970
-1147
-1081
-892
-766
-706
-670
-556
-438
-319
-151
74
260
421
614
752
810
818
939
1121
1204
1134
1059
1037
981
871
845
1005
989
501
-124
-145
263
355
-68
-532
-656
-657
-638
-504
-494
-637
-759
-609
-325
-229
-361
-369
-134
197
384
362
345
418
556
776
1072
1138
946
781
902
1113
1142
1006
854
716
695
628
400
205
-25
-192
-278
-356
-573
-911
-1092
-1099
-1103
-1175
-1377
-1541
-1557
-1577
-1497
-1463
-1532
-1539
-1535
-1399
-1270
-1238
-1314
-1378
-1333
-1184
-1129
-1176
-1337
-1298
-981
-500
-378
-800
-1124
-812
-121
124
56
-60
-45
-21
56
320
564
455
271
294
540
625
491
406
450
554
573
569
486
330
147
172
425
456
229
-58
-193
-201
-121
-174
-290
-414
-576
-612
-511
-488
-543
-593
-638
-585
-509
-531
-611
-620
-523
-347
-256
-132
-208
-255
-84
174
378
384
248
106
298
617
806
664
507
487
564
709
781
761
637
637
720
731
637
566
479
529
612
621
483
368
359
439
486
427
342
188
131
217
327
350
247
138
77
51
97
25
-171
-275
-244
-206
-342
-513
-623
-655
-684
-627
-717
-894
-976
-1094
-1109
-1084
-1001
-1070
-1224
-1229
-1163
-1157
-1200
-1185
-1160
-1114
-1072
-1065
-1069
-1083
-1076
-864
-423
-52
-153
-602
-598
23
600
660
447
412
558
726
803
884
926
891
832
868
888
798
454
214
266
363
266
-42
-389
-478
-406
-467
-533
-718
-885
-980
-1062
-957
-850
-912
-907
-778
-522
-425
-467
-388
-175
84
256
310
377
458
522
651
852
947
946
801
703
859
1083
1084
745
579
808
910
754
529
496
486
407
371
341
219
53
85
124
190
93
-4
34
157
357
318
304
324
337
364
462
501
455
444
465
512
484
448
345
253
223
203
107
-41
-186
-300
-388
-416
-442
-611
-798
-843
-831
-864
-963
-967
-951
-985
-929
-876
-884
-841
-764
-654
-544
-467
-463
-488
-497
-344
-294
-356
-340
-392
-477
-579
-666
-659
-560
-398
-356
-708
-1027
-921
-671
-439
-529
-664
-611
-646
-671
-587
-460
-413
-390
-403
-310
-203
-261
-255
-129
59
56
-18
-8
24
98
82
200
231
175
144
156
180
159
143
105
120
83
39
-71
-145
-172
-164
-223
-232
-201
-271
-424
-412
-277
-219
-197
-229
-163
-175
-200
-116
83
249
258
184
144
214
394
536
575
524
492
510
597
670
607
544
513
601
619
548
427
325
292
278
332
281
218
154
55
1
41
66
13
-41
-98
-41
-23
-145
-221
-243
-169
-119
-106
-201
-245
-245
-270
-286
-264
-225
-254
-325
-354
-337
-335
-298
-365
-437
-500
-542
-605
-665
-695
-609
-616
-742
-748
-789
-808
-870
-863
-898
-911
-927
-946
-936
-841
-712
-560
-510
-634
-587
-292
1
50
40
166
423
534
525
635
823
913
932
1077
1226
1099
933
992
1216
1259
1100
929
875
828
728
710
767
668
484
392
365
425
377
316
309
283
273
272
297
343
386
429
529
590
616
665
627
662
915
1195
1139
909
906
1237
1563
1500
1272
1189
1181
1246
1294
1296
1203
1116
1093
1119
1094
955
824
755
874
945
830
699
630
672
698
755
745
537
440
415
492
596
549
495
475
401
446
470
395
369
304
327
379
368
242
52
-28
88
151
88
-25
-95
-139
-62
58
81
102
46
-24
13
47
27
-58
-40
-3
-7
-18
-94
-134
-160
-114
-151
-205
-275
-440
-434
-381
-383
-394
-470
-466
-426
-432
-579
-622
-482
-315
-215
-125
-97
-134
-106
20
283
365
244
280
427
589
645
674
741
754
813
882
957
980
872
828
933
1046
943
828
743
724
718
716
645
449
285
223
304
299
269
198
187
310
336
276
212
257
424
539
508
424
407
461
644
748
793
668
526
534
663
778
651
477
351
319
306
369
287
143
41
39
97
115
-20
-144
-229
-163
-28
-48
-82
-166
-141
-39
52
94
45
-29
42
134
240
318
266
257
246
248
267
259
230
182
186
198
93
-108
-185
-157
-187
-226
-348
-474
-601
-746
-781
-822
-931
-1031
-1180
-1222
-1214
-1251
-1287
-1314
-1305
-1288
-1255
-1232
-1174
-1159
-1111
-1050
-966
-884
-800
-710
-694
-546
-397
-390
-405
-265
-46
89
150
241
380
418
444
459
493
580
560
627
694
684
561
438
497
513
476
408
314
198
89
39
84
57
-42
-177
-261
-304
-291
-364
-402
-392
-461
-502
-508
-477
-425
-443
-411
-272
-180
-154
-293
-274
-147
8
161
181
121
28
57
183
359
414
361
265
201
293
290
250
197
203
245
276
354
276
266
283
386
420
392
363
277
267
331
382
401
356
246
188
198
265
206
106
70
0
-1
-24
-64
-91
-133
-157
-139
-161
-248
-350
-451
-478
-428
-390
-491
-545
-583
-602
-571
-543
-515
-497
-473
-418
-372
-314
-196
-193
-124
-46
-9
31
-26
71
123
146
170
143
93
-14
-56
-14
52
31
-57
-91
-13
94
46
-53
-105
-67
41
84
104
89
10
0
140
264
262
229
223
303
345
376
392
318
318
260
280
312
304
247
239
330
376
289
175
168
152
199
286
362
313
251
197
241
365
467
408
275
266
348
445
428
388
355
318
315
415
395
306
232
218
316
266
223
151
94
140
190
234
179
105
17
-59
32
93
13
-103
-180
-169
-142
-92
-74
-54
-75
-7
65
67
108
101
177
235
252
231
215
230
202
216
282
239
194
160
72
118
80
99
155
139
89
-13
-48
-82
-78
-58
-110
-239
-242
-295
-374
-410
-410
-426
-484
-490
-504
-490
-500
-565
-584
-504
-533
-549
-572
-569
-554
-604
-559
-525
-502
-549
-591
-517
-396
-335
-286
-324
-378
-268
-138
-90
-83
-11
38
107
163
232
292
252
253
313
372
304
319
337
331
378
400
346
305
350
347
263
251
235
164
88
45
-21
-68
-109
-169
-197
-256
-290
-330
-343
-346
-380
-398
-396
-398
-407
-443
-453
-397
-412
-378
-358
-335
-330
-335
-290
-216
-131
-100
-42
-22
-29
27
40
77
148
125
110
54
34
-32
-48
-31
-58
-88
-105
-101
-148
-170
-225
-261
-270
-280
-326
-416
-414
-426
-464
-484
-544
-619
-607
-603
-562
-619
-632
-703
-738
-733
-796
-784
-826
-826
-801
-844
-892
-893
-830
-803
-839
-832
-769
-755
-770
-732
-721
-687
-631
-633
-604
-552
-514
-491
-471
-422
-371
-427
-405
-352
-369
-353
-393
-313
-326
-401
-415
-407
-354
-387
-359
-362
-410
-408
-437
-447
-432
-431
-447
-519
-531
-511
-543
-509
-478
-459
-489
-556
-558
-541
-550
-553
-529
-562
-582
-570
-576
-540
-515
-554
-562
-579
-573
-533
-511
-504
-518
-510
-531
-508
-489
-438
-421
-375
-404
-391
-344
-387
-387
-321
-323
-315
-251
-234
-216
-251
-256
-231
-236
-249
-278
-319
-339
-386
-425
-451
-488
-529
-568
-643
-614
-631
-688
-754
-740
-728
-761
-794
-842
-805
-776
-793
-793
-729
-722
-701
-657
-650
-610
-532
-504
-434
-404
-355
-294
-270
-251
-187
-191
-153
-112
-137
-127
-141
-155
-193
-232
-240
-245
-290
-365
-421
-431
-466
-509
-567
-664
-688
-704
-734
-738
-752
-760
-765
-759
-731
-649
-588
-546
-452
-433
-394
-311
-268
-218
-145
-135
-110
-77
-80
-62
-27
-50
-83
-20
-10
21
-24
-46
-83
-129
-118
-122
-159
-221
-264
-262
-259
-289
-286
-276
-313
-327
-355
-363
-361
-328
-312
-295
-271
-217
-120
-109
-37
-92
-49
-23
-4
30
5
0
25
2
78
93
28
11
-26
10
17
-14
-79
-102
-158
-196
-187
-228
-313
-302
-355
-388
-404
-396
-330
-336
-295
-185
-110
-118
-56
6
22
108
123
100
96
144
190
204
237
215
206
192
248
295
278
205
162
160
110
93
41
19
-60
-138
-129
-142
-233
-325
-381
-385
-324
-312
-368
-431
-416
-390
-344
-296
-295
-294
-296
-247
-189
-166
-132
-97
-100
-70
-7
-17
-18
-82
-82
-35
9
28
-75
-131
-116
-97
-93
-93
-136
-185
-258
-257
-288
-249
-229
-197
-216
-247
-238
-265
-227
-256
-231
-131
-161
-116
-62
-20
-50
-49
-12
-8
-1
-56
-70
-76
-33
-12
-65
-56
-53
-18
-9
-46
-111
-156
-196
-173
-109
-186
-259
-239
-219
-160
-158
-147
-191
-197
-163
-136
-118
-104
-89
-79
-9
-3
31
63
88
157
134
92
118
169
171
218
229
152
147
127
147
124
97
93
41
57
71
31
-34
-74
-15
-1
-10
27
-3
-23
16
74
88
95
55
34
64
61
36
52
33
31
26
72
76
34
-20
-39
47
15
-4
-39
-56
-17
-22
-27
-62
-125
-143
-202
-214
-197
-204
-267
-297
-284
-330
-304
-305
-297
-310
-267
-234
-225
-233
-231
-184
-181
-154
-184
-189
-165
-183
-193
-152
-176
-129
-79
-87
-73
-92
-92
-117
-62
-60
-98
-93
-125
-120
-93
-154
-125
-128
-172
-169
-181
-157
-182
-173
-150
-135
-82
-57
-121
-156
-157
-143
-161
-127
-117
-102
-119
-119
-83
-98
-110
-73
-43
-2
-4
15
11
81
125
147
139
78
140
174
194
223
221
207
232
238
218
237
199
221
265
216
204
194
145
197
182
114
92
30
-21
13
-50
-111
-146
-205
-209
-234
-223
-250
-268
-281
-312
-308
-282
-322
-383
-331
-338
-347
-288
-283
-332
-335
-292
-205
-179
-187
-186
-140
-76
-42
-20
-60
-39
-44
-22
-28
-50
-14
-100
-99
-37
-60
-93
-104
-98
-39
26
13
7
-6
-6
31
22
-7
-48
-71
-63
-93
-44
-14
-2
-45
-81
-8
-21
15
5
7
17
10
32
58
20
-24
-42
-22
-12
-12
3
-30
-2
32
82
73
62
79
57
96
132
96
61
97
55
65
85
39
36
13
-7
30
33
90
115
159
261
233
236
259
261
282
252
272
276
188
165
192
188
193
190
145
114
123
82
44
27
11
-13
-4
-50
-99
-161
-190
-168
-176
-190
-207
-199
-246
-240
-178
-53
-84
-48
36
52
83
101
83
113
117
151
171
199
270
229
236
211
256
266
216
196
198
232
220
193
170
96
96
100
68
37
-11
-32
-55
-60
-71
-42
-78
-128
-77
-98
-62
-29
-24
24
27
47
46
98
103
92
136
134
176
194
195
161
168
199
180
192
175
118
104
107
143
138
94
90
98
99
81
112
69
107
119
144
167
185
127
84
140
124
145
162
163
161
147
184
185
227
230
191
214
228
194
216
219
136
101
82
78
57
-15
-25
-40
-58
-77
-75
-72
-88
-90
-125
-119
-96
-63
-109
-72
-109
-139
-97
-61
41
20
19
67
99
103
173
150
169
183
209
236
197
177
130
151
140
129
97
98
94
101
77
51
53
72
62
20
46
23
85
51
35
28
29
48
12
88
84
64
63
91
89
76
89
72
62
45
19
-19
-48
-43
-26
-28
-36
-39
-72
-48
-71
-78
-120
-178
-221
-262
-217
-217
-227
-226
-192
-176
-184
-164
-216
-213
-200
-209
-186
-214
-132
-117
-89
-49
-86
-95
-37
-40
-60
-8
-23
-44
-51
-53
-74
-140
-105
-105
-123
-104
-69
-127
-104
-106
-159
-178
-177
-181
-190
-126
-143
-128
-158
-117
-49
12
62
18
31
42
13
20
8
20
60
70
70
85
19
0
13
-19
-1
-32
-23
-38
-9
-61
-124
-155
-136
-162
-157
-123
-184
-120
-136
-134
-119
-75
-46
-58
-43
-22
17
65
50
49
73
63
70
34
41
68
56
52
36
32
-60
-87
-133
-213
-161
-166
-226
-286
-315
-306
-310
-321
-337
-387
-393
-420
-410
-412
-419
-402
-380
-311
-310
-254
-200
-202
-156
-116
-123
-67
-41
-32
-7
-11
-19
33
56
36
75
98
89
74
54
58
-9
-21
-15
-52
-52
-92
-92
-79
-93
-130
-148
-164
-180
-137
-150
-177
-132
-134
-105
-62
-23
-21
16
9
33
68
60
51
70
97
94
76
47
27
71
62
15
65
35
-17
-4
10
10
-9
14
35
38
40
86
50
6
29
16
35
55
93
81
61
75
84
115
117
104
141
112
156
168
146
189
150
141
118
46
50
16
-39
-64
-102
-104
-136
-114
-115
-153
-187
-153
-100
-127
-96
-130
-93
-128
-154
-107
-114
-85
-108
-82
-69
-8
-44
-50
5
-25
-9
-51
-69
-35
-89
-106
-149
-159
-156
-188
-171
-218
-225
-212
-190
-183
-175
-161
-185
-154
-146
-157
-125
-64
-37
-39
51
127
143
180
215
237
247
259
250
221
224
232
276
238
205
232
194
144
137
152
134
70
78
72
33
31
32
28
-14
-34
-17
35
-1
-20
1
40
24
3
104
104
134
162
228
253
229
230
200
207
205
228
227
227
220
198
197
180
138
151
96
71
34
-23
0
-2
-54
-24
-43
-60
-53
-82
-85
-80
-97
-75
-56
-55
-62
-90
-42
-33
13
18
27
60
28
1
-3
31
50
19
-21
-23
-58
-80
-93
-101
-131
-113
-132
-105
-93
-117
-130
-160
-134
-139
-171
-147
-145
-130
-132
-178
-85
-60
-16
-21
-20
52
125
163
172
206
182
154
170
224
202
135
139
183
182
196
138
146
210
141
168
167
119
154
131
109
61
27
28
10
-16
15
0
-51
-53
-28
-20
-21
30
32
59
47
74
93
99
115
84
87
119
144
140
128
107
132
166
146
135
98
60
43
8
11
-27
-55
-64
-32
-40
-55
-22
-66
-27
-55
-78
-107
-88
-71
-94
-79
-84
-46
-87
-69
-5
-35
-56
-33
-59
-43
-7
-6
-25
29
6
-39
-5
-9
-28
-18
5
14
17
13
21
14
32
34
86
59
71
80
94
100
78
114
150
135
181
169
154
192
150
144
144
136
156
167
151
187
181
159
151
114
101
120
113
114
70
68
79
85
58
73
124
80
42
67
43
35
32
29
92
96
94
100
121
80
106
109
108
150
143
149
141
139
147
144
186
227
212
216
226
249
218
184
194
162
182
173
166
195
161
131
88
120
134
123
98
90
87
63
30
60
39
38
67
74
83
85
103
89
101
110
121
124
144
148
126
132
136
144
141
142
187
209
246
211
229
295
307
305
318
308
317
313
300
314
300
283
338
380
344
340
344
363
357
338
335
361
281
290
288
264
245
198
207
210
224
173
236
218
221
238
226
212
231
234
200
220
167
177
166
156
141
156
135
152
96
148
196
199
242
229
259
234
226
223
262
298
284
318
319
325
301
334
361
332
380
378
327
314
285
279
271
318
321
287
314
288
267
274
261
266
298
282
286
277
250
229
177
165
233
204
224
275
249
287
331
307
269
344
347
339
339
317
332
391
405
363
392
388
427
399
418
426
419
419
391
436
454
456
441
446
420
452
431
394
420
350
364
345
378
393
422
419
390
417
411
406
373
402
392
407
390
429
431
436
417
403
390
380
397
380
351
321
327
324
304
232
224
261
308
272
282
292
280
292
290
343
359
314
295
309
309
262
231
283
249
262
283
283
293
254
226
279
282
256
276
218
224
241
260
290
256
236
207
222
231
213
222
210
234
241
273
259
230
264
237
282
352
353
376
385
385
403
369
374
391
381
415
428
464
443
437
399
414
448
429
423
432
429
370
401
367
342
353
342
378
384
366
367
389
376
361
360
342
357
341
374
378
358
368
359
345
356
386
354
390
423
418
468
393
382
423
370
405
355
338
291
273
247
178
186
177
144
123
141
127
169
160
156
174
177
185
136
158
166
176
163
162
133
138
152
118
161
203
206
154
167
170
152
153
172
175
155
139
147
113
112
51
37
25
-22
3
-45
-6
-55
-41
-6
-24
-79
-102
-55
-31
-45
-32
-18
44
96
57
92
143
128
136
146
175
169
188
151
135
141
94
136
122
158
98
78
87
42
69
71
30
-16
-16
-76
-91
-64
-90
-47
-5
-44
-31
-15
-26
22
28
-28
-9
31
13
1
24
14
29
3
-25
-29
21
-28
-86
-51
-53
-44
-123
-124
-131
-145
-186
-209
-222
-208
-213
-252
-200
-217
-197
-151
-145
-117
-87
-69
-47
-72
-51
-49
-49
-56
-67
-34
-12
-22
-41
-8
18
-9
-8
15
-49
-85
-119
-139
-161
-240
-223
-194
-254
-215
-212
-250
-248
-248
-240
-225
-260
-227
-234
-245
-189
-252
-236
-223
-208
-227
-215
-186
-184
-170
-204
-204
-166
-189
-231
-241
-261
-219
-231
-206
-183
-234
-274
-263
-257
-268
-294
-266
-290
-280
-311
-337
-289
-302
-294
-307
-281
-282
-254
-254
-208
-198
-181
-166
-130
-101
-87
-90
-99
-127
-149
-141
-154
-151
-160
-195
-222
-235
-254
-287
-272
-253
-268
-250
-291
-296
-334
-309
-305
-349
-324
-323
-334
-305
-321
-284
-305
-349
-337
-311
-323
-336
-335
-344
-343
-339
-316
-308
-296
-282
-286
-339
-319
-316
-302
-301
-323
-320
-341
-336
-322
-311
-251
-233
-221
-240
-293
-326
-291
-306
-283
-292
-300
-294
-327
-305
-328
-304
-292
-281
-295
-267
-282
-293
-251
-244
-236
-209
-240
-274
-256
-294
-321
-336
-338
-337
-341
-312
-284
-320
-284
-296
-298
-257
-282
-236
-271
-282
-257
-287
-269
-282
-265
-265
-298
-265
-293
-272
-229
-246
-202
-226
-230
-245
-230
-290
-318
-303
-312
-278
-277
-263
-274
-294
-317
-285
-219
-236
-303
-238
-206
-222
-183
-188
-208
-209
-215
-171
-218
-226
-235
-249
-231
-231
-238
-238
-191
-153
-151
-140
-123
-127
-159
-158
-147
-121
-87
-147
-130
-115
-125
-142
-137
-173
-191
-175
-186
-164
-107
-142
-152
-110
-131
-127
-146
-87
-106
-71
-73
-72
-69
-95
-82
-90
-101
-107
-83
-70
-46
-40
-31
-26
-46
-58
-72
-114
-94
-59
-69
-111
-110
-117
-92
-97
-75
-106
-120
-126
-165
-145
-133
-100
-98
-144
-141
-149
-156
-145
-130
-109
-134
-46
-63
-65
-5
-22
-28
-33
-23
-32
-28
-6
-48
-69
-27
-7
-26
-21
0
12
15
7
-41
24
-35
-62
-40
-66
-72
-95
-68
-82
-81
-68
-40
-33
-55
-56
-48
-42
-18
-12
39
68
90
75
75
93
116
148
140
146
179
232
229
216
227
245
215
202
194
123
141
102
67
43
58
31
-5
-3
0
-15
-51
-51
7
30
21
74
53
52
81
71
118
127
136
127
140
127
128
162
120
155
139
158
187
170
131
113
155
143
132
166
156
105
118
129
103
57
22
-26
-60
-76
-75
-66
-54
-65
-74
-76
-99
-52
-4
-36
14
-19
15
37
48
55
72
82
31
111
109
91
90
137
164
153
173
152
132
68
117
89
87
56
60
99
44
4
12
14
-47
-98
-53
-49
-124
-103
-59
-86
-89
-10
33
59
83
84
103
128
107
150
141
150
149
154
198
158
101
99
104
88
120
69
56
91
114
85
82
93
33
35
50
73
78
19
35
25
75
96
77
88
87
89
76
119
84
72
64
107
96
91
103
55
132
128
155
89
67
36
18
57
19
-15
-32
-12
-28
-43
-33
-47
-17
-12
-28
-1
-34
-41
-76
-99
-85
-84
-139
-158
-180
-147
-140
-171
-156
-181
-191
-176
-162
-154
-184
-220
-215
-233
-213
-207
-225
-242
-238
-244
-219
-180
-147
-125
-160
-174
-157
-165
-182
-137
-108
-141
-80
-66
-73
-76
-145
-129
-133
-154
-161
-166
-160
-155
-127
-147
-156
-182
-177
-169
-215
-233
-273
-292
-259
-303
-301
-311
-331
-311
-330
-352
-374
-402
-428
-417
-425
-452
-422
-437
-434
-398
-412
-424
-410
-395
-333
-293
-325
-308
-247
-260
-243
-248
-168
-183
-246
-233
-300
-257
-286
-280
-290
-352
-336
-307
-337
-310
-279
-275
-286
-331
-348
-372
-361
-297
-321
-338
-372
-362
-362
-376
-363
-357
-352
-336
-276
-312
-311
-305
-310
-350
-352
-375
-319
-289
-307
-268
-293
-282
-267
-261
-296
-321
-334
-321
-280
-271
-255
-228
-175
-205
-174
-200
-247
-293
-293
-249
-274
-251
-250
-244
-212
-196
-133
-122
-94
-83
-44
33
40
34
66
60
53
80
40
63
58
89
75
89
114
116
148
139
137
105
127
101
99
132
115
175
102
86
135
58
73
37
98
37
30
82
81
39
43
97
41
41
27
26
32
27
15
3
7
35
87
88
84
101
88
106
87
110
123
135
124
161
192
177
180
212
258
219
229
287
235
274
300
284
314
295
261
303
285
256
275
262
306
313
230
234
226
200
230
206
120
171
184
100
101
122
122
112
154
154
160
156
126
143
171
80
119
123
135
158
159
248
221
221
200
214
219
264
252
208
238
238
184
202
238
238
262
237
201
246
243
251
206
160
161
151
139
122
102
63
56
42
20
23
0
-22
-36
-27
-54
-76
-52
-50
-55
-89
-69
-75
-58
-39
-18
3
-12
7
-58
-44
-59
-97
-101
-113
-61
-103
-31
-15
-63
-51
-10
-1
-25
-47
-48
-63
-42
-107
-145
-70
-117
-96
-86
-81
-85
-76
-62
-94
-82
-136
-106
-56
-67
-85
-80
-49
-109
-136
-137
-108
-122
-157
-173
-188
-160
-188
-205
-189
-183
-183
-201
-221
-193
-218
-234
-264
-313
-317
-313
-300
-290
-286
-309
-319
-349
-348
-296
-311
-263
-300
-259
-268
-281
-245
-269
-235
-220
-211
-244
-276
-222
-182
-170
-202
-140
-108
-140
-95
-84
-86
-66
-50
-80
-52
-58
-36
-59
-55
-49
-111
-127
-143
-167
-159
-193
-204
-205
-247
-251
-237
-193
-184
-167
-158
-137
-100
-86
-107
-103
-127
-144
-110
-85
-91
-99
-49
-33
-36
-12
-8
-13
-42
-71
-35
-51
-62
-44
-30
3
-28
0
-2
-5
-6
2
11
-28
19
49
27
-18
25
38
24
48
45
87
54
58
84
77
81
98
128
136
163
146
144
164
189
148
175
117
109
126
124
69
88
147
111
226
212
194
220
224
249
246
259
278
252
221
265
255
265
276
260
267
262
320
283
303
323
342
324
341
336
273
250
241
231
188
156
143
150
109
107
86
87
71
108
88
84
69
37
76
109
89
45
68
64
44
23
20
10
21
59
77
107
108
99
102
110
130
161
182
200
181
205
245
182
217
212
204
165
145
196
219
163
193
220
180
206
174
177
158
135
111
178
152
142
169
124
145
132
142
133
123
110
124
127
77
102
99
97
123
145
120
148
148
128
139
73
101
114
120
127
95
81
73
69
67
109
94
134
141
150
139
93
81
84
90
72
96
81
81
70
38
26
33
15
13
-36
-42
-2
-52
-32
-37
-67
-103
-94
-93
-109
-106
-90
-94
-82
-94
-53
-71
-68
-119
-129
-71
-97
-121
-54
-31
-67
-61
-86
-46
-68
-49
-69
-54
-95
-94
-128
-129
-108
-159
-136
-158
-172
-202
-248
-282
-277
-352
-322
-309
-368
-345
-339
-344
-325
-341
-367
-354
-345
-346
-374
-351
-373
-366
-366
-381
-409
-419
-453
-439
-441
-435
-439
-482
-502
-477
-533
-568
-555
-588
-569
-552
-566
-572
-577
-575
-544
-500
-486
-466
-452
-436
-422
-390
-371
-378
-354
-347
-352
-362
-364
-355
-359
-406
-373
-388
-388
-398
-370
-361
-352
-343
-323
-306
-322
-314
-332
-299
-316
-306
-310
-301
-288
-277
-251
-263
-227
-253
-195
-211
-171
-103
-103
-54
-29
42
34
8
14
43
40
104
160
184
205
191
209
212
243
192
207
171
171
173
208
218
210
236
248
262
294
329
338
383
354
388
385
384
390
367
419
387
396
444
454
455
444
428
403
444
427
456
462
542
495
510
565
549
565
499
496
483
542
587
569
547
534
508
466
483
441
483
463
478
527
567
543
502
521
553
594
658
695
696
712
654
663
626
605
595
627
615
618
624
611
608
530
523
507
432
432
445
421
436
403
367
361
352
321
257
283
270
219
226
194
179
220
224
251
261
245
240
235
221
212
213
235
231
196
181
206
237
228
223
206
189
208
175
188
193
176
170
172
199
179
191
173
173
195
175
169
108
108
131
114
89
81
125
95
56
94
73
32
52
58
38
7
-34
-45
-46
-28
-24
-76
-5
40
-23
6
-22
-42
-45
-42
-29
14
25
54
75
103
110
133
104
128
168
154
153
192
234
213
239
270
288
258
218
180
205
160
191
132
97
121
127
188
187
155
109
170
159
157
184
186
204
216
227
228
226
301
271
294
335
333
385
384
424
432
442
486
476
465
531
582
564
535
547
516
534
519
493
484
478
494
461
492
485
486
488
542
557
529
588
565
565
574
535
563
574
571
622
622
620
625
613
635
643
673
667
623
677
710
720
692
680
712
684
701
686
675
690
686
642
605
610
587
571
608
598
599
623
611
594
571
553
579
546
511
487
493
479
487
489
434
492
437
395
403
388
380
321
289
306
275
233
179
134
125
116
86
103
81
54
22
-40
-57
-127
-110
-117
-113
-129
-189
-172
-140
-126
-159
-191
-212
-213
-279
-256
-265
-276
-309
-325
-338
-335
-337
-367
-369
-375
-362
-359
-340
-407
-411
-402
-447
-443
-415
-394
-432
-434
-458
-448
-421
-413
-424
-446
-414
-425
-443
-481
-448
-421
-411
-431
-429
-417
-446
-417
-413
-363
-404
-415
-404
-421
-408
-425
-433
-424
-419
-427
-404
-401
-401
-426
-401
-363
-375
-296
-324
-288
-266
-266
-229
-198
-203
-214
-258
-269
-276
-258
-222
-240
-212
-235
-200
-152
-140
-116
-124
-120
-126
-122
-141
-141
-158
-113
-123
-159
-174
-222
-200
-207
-230
-264
-266
-250
-287
-268
-300
-348
-343
-376
-394
-444
-458
-451
-435
-454
-433
-429
-451
-413
-395
-409
-454
-458
-469
-476
-502
-504
-470
-538
-575
-561
-581
-610
-630
-599
-624
-586
-583
-580
-595
-580
-610
-668
-598
-636
-633
-619
-633
-607
-621
-624
-644
-652
-641
-634
-660
-657
-626
-590
-565
-558
-543
-562
-495
-448
-456
-440
-428
-445
-380
-372
-313
-266
-251
-227
-237
-178
-183
-115
-133
-98
9
-10
-6
69
77
46
118
133
173
190
191
220
231
264
268
286
265
274
265
271
244
296
326
334
348
328
344
375
366
428
421
457
480
464
498
485
447
445
444
409
488
502
485
503
552
551
523
541
542
558
513
498
535
557
560
552
578
597
611
587
649
647
664
725
686
723
735
749
772
804
825
762
763
792
809
804
828
860
856
906
897
915
969
1006
971
996
1019
1013
986
971
1004
1009
963
962
965
1024
1019
1005
1056
1038
1046
1011
1053
1042
1020
1022
1000
968
950
902
813
786
746
755
700
640
633
591
563
541
496
496
458
474
415
427
429
366
339
333
304
310
315
284
280
219
236
213
224
270
227
221
222
198
151
165
177
176
184
128
127
63
35
44
20
-10
-24
-44
-45
-40
-70
-90
-80
-102
-138
-161
-166
-160
-132
-131
-104
-99
-115
-81
-90
-72
-104
-108
-65
-35
-28
-5
67
90
120
126
177
165
166
233
226
304
299
314
327
325
360
350
404
350
341
333
366
408
439
452
511
550
561
605
621
576
594
684
671
737
745
739
818
766
792
844
828
876
841
910
893
931
982
972
991
1004
1054
1013
1011
1014
1029
1042
1031
1070
1031
1027
1042
1061
1027
1016
1007
992
1013
963
1009
1055
1067
1053
1077
1080
1079
1102
1084
1047
1016
988
1002
994
985
1009
971
970
938
916
898
860
908
895
910
889
867
886
852
838
805
738
717
704
680
667
678
658
654
637
632
588
620
659
632
636
661
636
638
638
594
638
618
582
584
606
564
566
632
662
685
664
683
715
730
678
636
627
604
592
561
612
624
591
610
632
601
610
589
614
673
666
663
644
646
621
641
636
647
664
666
664
633
609
622
595
529
511
488
441
444
415
392
395
389
420
395
373
366
372
340
322
332
308
298
286
322
330
281
354
345
302
313
288
340
294
288
334
292
280
264
248
215
224
235
260
254
252
276
260
249
189
203
192
196
154
154
138
191
173
160
174
155
192
196
214
198
212
244
265
236
226
248
271
227
186
186
208
233
267
333
390
407
402
361
401
416
352
358
403
390
403
429
426
429
396
419
375
372
408
360
343
306
340
378
343
348
249
226
263
217
201
169
150
173
154
146
243
239
218
250
214
249
262
272
291
292
281
294
283
307
300
287
281
309
308
310
284
267
277
266
277
246
243
297
228
187
206
173
216
186
169
199
238
197
192
214
174
168
150
148
126
155
216
207
234
231
252
291
231
257
284
271
264
291
277
273
324
279
284
276
320
315
339
345
350
356
325
311
346
355
348
416
361
303
355
369
338
322
286
334
302
321
289
316
337
267
291
273
280
303
296
278
263
251
294
260
230
225
190
177
173
145
108
117
127
128
138
129
113
117
108
96
108
92
110
107
119
53
16
-1
-42
-33
-40
-72
-94
-106
-128
-91
-102
-127
-122
-168
-184
-226
-263
-313
-347
-382
-429
-468
-478
-493
-543
-561
-567
-592
-584
-581
-550
-543
-569
-558
-582
-595
-599
-635
-630
-659
-673
-676
-662
-703
-714
-681
-754
-763
-739
-807
-744
-711
-733
-723
-744
-687
-680
-710
-715
-749
-757
-688
-667
-702
-676
-660
-625
-649
-611
-574
-583
-510
-462
-410
-341
-288
-274
-210
-150
-171
-133
-98
-80
-51
-6
35
14
56
124
156
246
295
332
458
497
529
526
525
564
591
604
612
631
658
718
765
814
851
850
867
908
944
987
1042
1069
1116
1124
1144
1179
1188
1250
1294
1331
1351
1324
1393
1398
1394
1439
1423
1439
1409
1428
1420
1402
1370
1348
1310
1292
1277
1243
1224
1199
1207
1198
1214
1194
1151
1146
1113
1101
1062
1002
966
953
953
942
923
948
994
995
1033
1030
981
964
995
994
984
1039
1067
1015
981
986
956
982
962
976
971
929
956
885
913
898
841
816
735
687
659
610
597
573
521
512
497
446
389
327
268
209
155
173
97
52
27
45
6
-30
-25
-64
-73
-77
-80
-146
-196
-230
-274
-339
-357
-388
-420
-489
-514
-570
-563
-553
-593
-567
-561
-559
-574
-597
-594
-578
-595
-563
-586
-599
-613
-670
-619
-651
-660
-640
-657
-664
-640
-626
-627
-649
-583
-595
-582
-549
-523
-524
-544
-554
-543
-539
-467
-388
-369
-299
-266
-229
-196
-164
-125
-59
-19
21
47
47
125
100
150
207
249
321
380
378
435
486
564
600
615
683
716
728
770
821
808
851
823
847
882
838
917
902
928
967
964
975
1006
1003
1045
1044
979
1002
1000
1012
1018
1006
986
1038
1040
996
938
957
976
935
919
881
900
895
842
835
799
781
772
713
658
610
566
555
525
516
462
491
473
478
465
444
449
426
392
410
403
324
308
287
267
253
175
181
192
121
164
139
104
98
51
23
15
-6
-23
-49
-93
-146
-155
-202
-220
-244
-259
-282
-294
-306
-312
-304
-364
-330
-334
-342
-326
-374
-378
-411
-452
-518
-499
-529
-560
-517
-494
-516
-527
-508
-548
-541
-517
-605
-651
-658
-670
-654
-708
-743
-709
-686
-686
-678
-679
-680
-702
-704
-722
-743
-805
-805
-771
-812
-781
-731
-750
-796
-803
-753
-805
-828
-764
-856
-853
-851
-871
-861
-862
-881
-910
-922
-964
-958
-987
-934
-918
-917
-902
-906
-852
-872
-878
-879
-825
-828
-795
-803
-777
-676
-629
-587
-556
-479
-449
-402
-362
-279
-292
-252
-172
-163
-170
-86
-46
-66
-21
6
27
75
89
82
164
206
248
282
302
327
367
350
359
392
425
483
478
523
534
553
571
579
589
623
627
648
618
586
587
578
563
528
514
555
561
546
556
568
589
553
584
595
564
534
516
556
520
505
453
454
460
457
443
446
454
446
401
410
382
363
398
380
344
310
294
289
239
236
221
199
239
198
175
157
186
172
208
168
170
205
130
103
81
97
86
112
109
159
178
166
140
157
166
153
172
174
219
193
174
166
200
220
201
141
117
97
63
5
-48
-22
-84
-153
-176
-164
-200
-168
-189
-294
-296
-337
-410
-466
-522
-507
-474
-455
-492
-445
-484
-504
-490
-547
-544
-565
-556
-536
-499
-498
-497
-535
-510
-507
-560
-568
-563
-623
-658
-642
-645
-647
-660
-643
-689
-719
-736
-770
-849
-876
-864
-936
-928
-896
-921
-970
-1005
-942
-949
-995
-943
-967
-969
-945
-939
-925
-898
-941
-954
-941
-945
-912
-931
-947
-925
-919
-913
-880
-913
-928
-921
-926
-981
-977
-967
-1007
-955
-906
-889
-849
-815
-817
-827
-812
-827
-795
-803
-824
-831
-829
-828
-861
-825
-846
-802
-778
-791
-786
-793
-811
-773
-754
-720
-743
-745
-702
-702
-657
-668
-643
-675
-664
-693
-678
-667
-650
-641
-681
-623
-622
-540
-553
-523
-496
-469
-408
-395
-362
-380
-335
-304
-225
-281
-288
-303
-333
-300
-272
-289
-280
-223
-214
-204
-191
-187
-186
-141
-175
-191
-213
-189
-209
-258
-297
-256
-282
-290
-332
-374
-405
-389
-404
-436
-415
-442
-411
-434
-405
-417
-425
-399
-438
-425
-473
-455
-483
-482
-511
-495
-460
-476
-458
-467
-418
-420
-392
