SAMPLES:	17199
BITSPERSAMPLE:	16
CHANNELS:	1
SAMPLERATE:	16000
NORMALIZED:	FALSE
246
251
247
236
279
246
226
186
207
196
152
180
200
207
219
223
224
248
262
250
265
234
255
249
216
238
217
228
220
151
167
163
204
176
163
180
134
221
215
233
159
179
211
219
251
238
253
213
211
256
239
272
253
246
227
263
279
248
231
211
228
206
237
198
269
241
213
257
244
275
275
281
268
265
259
265
260
249
219
216
235
213
221
186
217
237
222
169
166
203
191
180
156
174
175
174
170
115
112
52
77
81
41
117
107
91
124
120
134
178
196
200
194
182
164
195
213
230
240
231
265
304
266
253
297
228
233
218
231
211
197
196
229
191
184
239
226
205
201
213
181
165
135
178
192
189
231
187
174
156
147
90
116
131
129
156
92
58
59
80
34
61
23
21
45
82
54
61
76
25
46
86
49
73
88
116
125
125
157
134
140
87
116
141
131
146
171
133
127
154
161
188
160
142
160
165
133
167
192
152
141
129
148
144
142
132
154
137
151
134
75
95
77
94
87
82
67
94
130
129
132
106
98
62
-3
-10
-3
-34
-26
-1
9
56
59
61
94
143
118
103
91
80
135
95
126
125
114
123
92
49
25
8
18
1
21
68
88
100
103
160
137
139
144
144
100
69
69
86
115
117
123
107
125
134
152
127
159
204
183
197
160
183
199
201
215
238
261
248
269
226
268
262
253
210
212
226
221
179
162
160
165
206
140
156
150
124
148
97
127
147
106
81
77
42
32
12
35
107
101
144
154
112
93
166
147
92
107
103
121
78
113
95
118
137
131
144
151
143
135
198
161
201
166
131
128
147
128
73
88
131
134
128
123
75
92
67
88
105
124
138
125
144
147
181
166
108
143
84
62
38
43
83
34
51
38
16
-4
-26
-5
14
-15
11
-18
-75
-53
2
19
27
49
76
90
78
99
92
106
135
127
107
64
55
100
60
79
87
82
73
30
49
46
25
3
36
46
52
40
43
50
70
104
82
23
19
13
12
-11
6
17
20
118
127
109
113
83
76
92
81
87
107
86
120
76
103
100
62
89
51
30
47
102
126
117
95
94
93
115
116
118
132
56
28
66
57
73
77
88
65
35
-5
49
56
69
29
21
40
32
85
106
120
133
77
55
114
69
66
16
34
16
35
61
13
60
19
25
25
36
54
27
0
-7
31
78
105
98
125
117
131
163
162
146
123
135
119
141
122
151
163
128
69
54
34
62
83
20
12
-17
37
9
-6
14
-71
-36
-71
-109
-65
-65
-39
-17
-32
-44
-27
-26
19
49
38
10
20
-8
32
53
57
106
92
140
153
185
186
187
226
207
190
214
225
238
225
200
171
147
125
70
64
75
38
6
-4
-29
-36
-56
-88
-115
-116
-94
-124
-151
-154
-161
-174
-177
-126
-96
-85
-57
-30
14
5
-7
-16
-6
29
22
74
53
33
26
21
68
48
66
61
43
20
18
14
74
57
49
67
32
77
68
27
52
48
-8
-2
5
17
-8
18
5
8
34
-12
-14
-40
-39
-48
-50
-31
-15
26
28
14
-31
-15
-34
-35
-4
9
11
37
85
64
72
52
28
27
7
-41
-59
-56
-51
-77
-81
-16
60
59
75
118
67
75
74
43
46
67
45
-5
37
54
74
12
8
25
-3
32
27
29
105
107
72
122
105
58
60
38
-3
-18
-69
-80
-92
-89
-86
-110
-105
-107
-77
-98
-41
-41
-77
-44
-66
-67
-81
-48
-48
-51
1
10
36
8
18
38
43
92
106
82
49
50
12
12
33
75
49
17
26
37
32
41
25
20
41
-3
-4
-21
-10
-115
-120
-158
-173
-170
-206
-224
-221
-212
-198
-152
-194
-162
-121
-151
-127
-128
-128
-106
-175
-97
-102
-89
-92
-84
-39
-71
-36
-81
-101
-72
-58
-78
-38
-45
-45
-41
-15
-18
11
0
-36
-3
-24
-29
-59
-34
-63
-47
-78
-83
-95
-86
-102
-111
-51
-44
-27
-73
-65
-14
10
-3
3
-25
-34
6
2
-23
-17
-28
-41
-50
-45
-17
-33
-53
-30
5
-41
-47
-41
-30
-64
-95
-98
-84
-89
-94
-31
-82
-45
-13
-39
-18
16
11
54
37
25
22
43
65
28
30
37
84
58
52
65
58
66
42
8
-15
13
16
-35
-57
-49
-64
-59
-85
-68
-72
-103
-115
-122
-121
-139
-136
-119
-136
-119
-108
-111
-82
-36
-17
-18
33
49
11
-36
-26
2
33
70
67
95
143
160
144
118
122
103
107
133
75
60
68
36
75
111
86
70
76
63
-10
-12
-49
-48
-79
-92
-107
-130
-167
-144
-125
-157
-135
-116
-91
-106
-93
-55
-62
-37
-22
-17
-4
9
60
2
-7
-43
-34
-3
3
6
11
9
-15
11
35
30
37
-6
-26
21
30
32
-1
50
21
-10
0
-3
-10
-59
-39
-38
-64
-36
-59
-90
-98
-85
-102
-113
-75
-46
19
-29
-27
0
-6
15
25
29
44
-4
4
5
-79
-37
-65
-100
-102
-68
-53
-68
-23
-70
-53
-34
-26
8
-18
-18
-28
-32
-31
-23
-10
-41
-16
-85
-51
-43
-34
-14
7
-17
-39
-11
-43
-26
-41
-37
-32
-64
-82
-80
-81
-50
-93
-92
-27
-96
-62
-60
-29
-16
-33
-49
-74
8
-20
10
17
19
78
63
101
96
86
69
106
128
89
125
139
126
133
142
137
140
150
164
147
100
105
96
97
87
75
22
25
10
-9
-9
-7
-28
-27
-36
-36
-21
-28
-36
-31
-43
-87
-42
-43
-2
-57
9
50
28
75
35
79
25
45
56
-3
18
57
115
126
100
76
82
73
33
26
62
41
27
-21
-12
16
-14
-16
0
-20
-37
-7
-71
-50
-55
-45
-48
-15
21
46
51
32
66
41
81
77
62
92
85
68
75
72
73
87
88
58
75
52
59
42
13
51
48
47
32
59
63
31
27
63
52
47
62
87
85
69
82
66
64
65
57
18
57
12
4
8
-52
-82
-102
-82
-122
-93
-74
-71
4
-31
-47
-36
-19
22
-25
-97
-47
-4
2
69
63
62
94
43
74
100
35
27
10
-5
-14
-18
-44
-48
-14
-47
-76
-60
-48
-65
-117
-138
-121
-121
-126
-123
-137
-141
-147
-156
-151
-114
-86
-101
-106
-124
-122
-77
-150
-111
-77
-78
-45
-17
-2
41
65
63
85
51
43
95
28
14
41
-13
-15
-35
-27
-65
-43
-24
-50
-52
-17
-48
-44
-27
-3
-31
-22
-20
-96
-137
-176
-195
-218
-224
-215
-181
-203
-219
-139
-90
-82
-54
-69
-27
-29
-42
-9
7
46
1
-38
3
2
-14
-34
-54
-35
-80
-67
7
-13
-12
13
56
31
56
79
57
42
-3
29
7
19
7
13
-18
-25
8
-24
26
17
0
-16
-24
-4
-51
-108
-97
-144
-178
-198
-184
-151
-119
-119
-148
-130
-159
-196
-193
-177
-117
-183
-164
-113
-144
-174
-142
-138
-127
-85
-55
8
-26
14
-35
-9
15
9
13
-7
-10
-12
59
53
67
98
50
14
-1
-34
-68
-66
-85
-77
-65
-82
-65
-121
-74
-79
-46
-53
-60
-65
-29
-26
-69
-56
-61
-44
-38
-18
-21
-16
30
10
14
29
-36
-22
3
26
-12
1
-10
30
-8
-3
33
-31
-12
-49
-89
-47
-64
-41
-67
-61
-29
-22
-28
-1
-38
-84
-77
-122
-145
-131
-140
-128
-86
-60
-68
-55
-27
-1
57
57
53
12
51
26
25
-7
-46
-29
-69
-58
-136
-181
-128
-140
-130
-145
-115
-110
-94
-104
-98
-71
-94
-102
-89
-112
-116
-157
-132
-132
-162
-113
-122
-102
-85
-90
-101
-76
-70
-64
-50
-41
-27
-34
-43
-56
-32
-93
-69
-80
-89
-45
-54
-57
-39
-37
-70
-36
-58
-94
-116
-113
-174
-172
-170
-134
-169
-166
-185
-147
-110
-139
-114
-87
-83
-90
-38
-49
-59
-44
-10
-59
-21
-36
-54
-84
-60
-46
-51
-45
5
-24
-27
-6
-5
-42
-63
-23
-26
-19
-74
-78
-54
-44
-67
-51
-53
-27
-2
-20
36
-3
-31
-67
-81
-67
-42
-65
-45
-12
-23
7
-10
37
1
24
14
33
45
13
51
33
14
57
47
26
28
37
81
47
73
78
36
59
85
78
33
27
41
-14
-37
-26
-37
-77
-67
-54
-55
-39
-63
-98
-87
-112
-75
-74
-97
-16
-29
-49
-84
-76
-100
-106
-143
-182
-173
-162
-148
-144
-160
-200
-162
-139
-151
-162
-157
-157
-150
-135
-86
-87
-108
-59
-55
-78
-101
-96
-66
-48
-59
-54
-34
-13
-7
-19
-38
-97
-110
-140
-181
-208
-207
-173
-223
-248
-174
-176
-214
-221
-196
-183
-190
-182
-193
-157
-167
-115
-99
-102
-94
-59
-28
-50
-48
-29
-4
-7
-19
-72
-37
-14
-17
11
-19
5
47
10
-2
-41
-93
-25
-69
-98
-89
-87
-112
-144
-161
-177
-134
-207
-202
-168
-168
-192
-225
-214
-196
-190
-160
-173
-164
-158
-130
-110
-115
-141
-93
-70
-61
-43
-49
-74
-84
-53
-59
-76
-86
-91
-95
-82
-75
-74
-65
-78
-96
-139
-169
-183
-137
-115
-147
-158
-120
-149
-174
-172
-107
-74
-71
-37
-96
-79
-100
-49
-101
-137
-97
-62
-56
-69
-81
-63
-91
-96
-97
-107
-50
-63
-79
-107
-86
-106
-117
-121
-136
-141
-100
-135
-124
-103
-143
-136
-122
-136
-143
-142
-175
-132
-139
-123
-62
-32
-72
-70
-23
-48
-24
-38
-59
-51
-44
-22
-81
-54
-58
-106
-76
-73
-83
-73
-35
-10
-17
-5
3
6
9
-18
-22
-39
-12
-2
-25
-74
-84
-92
-147
-93
-148
-123
-115
-126
-170
-227
-199
-244
-245
-227
-223
-231
-265
-234
-222
-205
-146
-161
-167
-180
-169
-153
-130
-124
-114
-134
-83
-20
-61
-58
-84
-73
-76
-105
-124
-121
-55
-101
-117
-114
-109
-110
-162
-140
-143
-135
-131
-160
-215
-186
-231
-276
-260
-297
-335
-309
-331
-336
-340
-333
-243
-253
-210
-235
-246
-270
-272
-238
-230
-218
-213
-173
-153
-140
-165
-185
-208
-197
-154
-130
-162
-197
-175
-140
-141
-115
-150
-176
-166
-161
-181
-237
-226
-245
-211
-200
-213
-226
-271
-289
-282
-288
-285
-294
-306
-332
-305
-317
-351
-321
-331
-324
-340
-371
-392
-356
-368
-346
-342
-334
-337
-348
-319
-332
-306
-338
-301
-267
-312
-286
-245
-236
-280
-277
-277
-314
-285
-250
-283
-333
-311
-310
-320
-294
-350
-383
-356
-412
-386
-418
-440
-440
-481
-463
-488
-433
-376
-390
-365
-382
-384
-387
-356
-408
-409
-392
-348
-283
-305
-261
-262
-278
-212
-227
-216
-206
-208
-176
-210
-227
-222
-213
-187
-244
-240
-201
-218
-228
-247
-220
-242
-246
-223
-218
-262
-256
-250
-270
-335
-376
-349
-364
-363
-373
-406
-360
-356
-381
-327
-346
-324
-360
-339
-381
-374
-392
-360
-358
-361
-345
-306
-277
-272
-250
-254
-255
-278
-209
-212
-217
-196
-146
-124
-173
-133
-136
-191
-158
-196
-212
-212
-188
-207
-229
-245
-250
-283
-295
-323
-353
-341
-349
-353
-397
-394
-360
-376
-406
-397
-431
-434
-440
-404
-389
-353
-342
-337
-323
-359
-272
-290
-292
-287
-241
-195
-197
-190
-162
-165
-197
-165
-227
-183
-201
-255
-216
-265
-273
-282
-278
-321
-283
-339
-324
-315
-380
-361
-372
-363
-353
-402
-426
-391
-469
-506
-456
-494
-454
-397
-345
-333
-338
-319
-301
-284
-294
-259
-279
-297
-339
-321
-253
-278
-243
-242
-305
-284
-331
-324
-282
-276
-241
-261
-247
-255
-203
-209
-199
-206
-218
-253
-284
-278
-306
-258
-256
-238
-251
-224
-234
-309
-310
-306
-305
-313
-346
-359
-318
-298
-254
-275
-284
-251
-319
-313
-323
-315
-349
-320
-371
-367
-302
-343
-296
-239
-287
-310
-290
-298
-273
-284
-275
-279
-284
-232
-307
-301
-340
-294
-331
-308
-283
-318
-262
-258
-276
-271
-236
-249
-245
-221
-238
-251
-220
-226
-212
-250
-260
-275
-314
-243
-218
-192
-200
-206
-213
-263
-225
-259
-235
-238
-214
-195
-183
-135
-237
-251
-246
-261
-329
-339
-288
-322
-351
-365
-372
-403
-404
-416
-377
-395
-404
-410
-419
-395
-455
-437
-410
-428
-392
-412
-329
-313
-310
-327
-280
-250
-265
-236
-257
-257
-292
-250
-279
-240
-231
-210
-181
-181
-204
-211
-216
-229
-227
-271
-233
-272
-263
-299
-295
-318
-376
-395
-441
-432
-430
-406
-358
-379
-330
-316
-368
-309
-304
-321
-344
-356
-392
-405
-407
-451
-422
-376
-321
-342
-289
-264
-271
-260
-265
-255
-278
-244
-263
-264
-258
-243
-246
-302
-259
-250
-227
-200
-174
-175
-193
-196
-160
-196
-232
-229
-266
-291
-278
-228
-278
-255
-228
-264
-287
-329
-342
-358
-321
-275
-260
-278
-298
-242
-269
-285
-291
-288
-308
-335
-341
-321
-335
-307
-312
-302
-314
-315
-252
-270
-268
-246
-252
-208
-204
-226
-242
-258
-251
-272
-267
-255
-246
-203
-210
-247
-228
-244
-201
-228
-266
-238
-253
-243
-267
-243
-217
-198
-219
-186
-200
-180
-198
-277
-309
-327
-323
-312
-290
-291
-315
-328
-288
-259
-225
-168
-172
-221
-156
-140
-186
-198
-188
-194
-208
-176
-176
-194
-193
-242
-219
-212
-232
-240
-204
-202
-253
-223
-209
-238
-245
-244
-277
-241
-258
-264
-294
-254
-268
-307
-278
-271
-274
-262
-297
-301
-270
-291
-279
-261
-229
-185
-192
-152
-163
-154
-153
-194
-219
-228
-210
-276
-280
-311
-319
-278
-296
-299
-265
-271
-283
-304
-309
-319
-338
-313
-342
-287
-281
-318
-300
-303
-303
-289
-309
-330
-286
-260
-296
-306
-331
-329
-316
-297
-283
-275
-267
-250
-214
-208
-239
-251
-257
-287
-302
-298
-306
-356
-340
-296
-309
-337
-332
-345
-315
-347
-354
-261
-219
-231
-199
-187
-191
-231
-233
-250
-217
-207
-239
-188
-201
-201
-224
-236
-245
-252
-239
-330
-308
-293
-317
-334
-303
-285
-294
-254
-277
-248
-245
-281
-253
-288
-285
-287
-346
-302
-273
-244
-278
-311
-284
-285
-249
-247
-260
-253
-253
-221
-212
-153
-172
-233
-266
-315
-326
-333
-350
-320
-346
-361
-382
-332
-315
-333
-335
-304
-300
-337
-299
-272
-264
-278
-306
-303
-318
-319
-358
-370
-383
-393
-373
-381
-393
-352
-332
-306
-258
-247
-276
-317
-291
-298
-289
-325
-337
-356
-404
-429
-363
-361
-348
-348
-379
-381
-409
-393
-382
-373
-336
-334
-315
-296
-312
-301
-359
-368
-420
-411
-363
-409
-446
-456
-453
-386
-377
-334
-277
-270
-234
-264
-296
-340
-307
-311
-351
-327
-294
-341
-317
-338
-280
-239
-232
-222
-218
-204
-187
-169
-169
-151
-221
-230
-246
-258
-267
-237
-264
-234
-212
-292
-274
-254
-245
-250
-224
-211
-264
-253
-255
-302
-265
-219
-233
-218
-262
-257
-266
-329
-331
-382
-327
-308
-301
-315
-326
-347
-339
-294
-288
-283
-305
-271
-278
-311
-327
-300
-283
-347
-344
-351
-326
-277
-275
-281
-317
-287
-241
-230
-220
-136
-151
-132
-131
-161
-97
-185
-186
-169
-171
-185
-199
-189
-281
-236
-201
-244
-228
-185
-165
-99
-117
-168
-147
-171
-146
-145
-182
-179
-162
-163
-222
-204
-230
-265
-269
-237
-177
-195
-185
-216
-152
-100
-153
-173
-178
-185
-159
-153
-143
-87
-71
-76
-43
-15
-67
-91
-73
-86
-60
-53
-59
-41
-27
-27
24
24
-5
39
28
4
-2
-42
-4
-104
-148
-126
-90
-84
-86
-50
-144
-134
-126
-118
-142
-177
-167
-166
-175
-203
-268
-237
-205
-160
-128
-157
-84
-136
-134
-112
-81
-69
-129
-59
-37
-41
-35
-18
-3
-28
-11
-26
-24
-23
-61
-122
-99
-113
-50
-21
-42
-29
-23
-44
-101
-81
-106
-116
-131
-157
-137
-89
-86
-98
-98
-99
-56
-26
-5
-21
-48
15
0
-5
-46
-42
-66
-89
-64
-64
-56
-91
-91
-121
-103
-93
-153
-175
-134
-80
-89
-106
-97
-161
-148
-178
-173
-155
-184
-172
-144
-134
-168
-106
-101
-99
-56
-55
-82
-108
-71
-107
-109
-109
-67
-95
-128
-143
-192
-173
-179
-122
-127
-72
-61
-79
-70
-105
-150
-182
-193
-201
-205
-210
-225
-243
-263
-211
-171
-142
-147
-135
-102
-109
-77
-129
-122
-108
-129
-54
-45
-22
-25
-9
-13
-71
-74
-95
-138
-90
-122
-139
-100
-113
-112
-97
-63
-75
-63
-99
-103
-117
-162
-173
-188
-205
-200
-184
-177
-173
-177
-158
-172
-139
-157
-165
-177
-188
-191
-154
-132
-103
-89
-87
-115
-97
-109
-145
-149
-188
-163
-192
-204
-219
-205
-152
-144
-127
-159
-146
-118
-120
-123
-94
-133
-127
-108
-147
-134
-113
-199
-157
-155
-197
-166
-168
-176
-196
-165
-137
-116
-142
-90
-155
-171
-135
-111
-157
-145
-154
-137
-127
-200
-150
-188
-193
-141
-116
-84
-67
-89
-70
-44
-57
-57
-71
-62
-58
-45
-86
-93
-53
-20
18
19
42
-22
-32
-31
-15
-31
-72
-28
-71
-85
-102
-93
-67
-94
-111
-54
-22
-25
-41
-32
7
-43
-52
-30
-76
-96
-69
-63
-62
-18
13
26
65
54
97
53
65
65
86
97
144
170
127
169
158
202
178
228
242
238
238
188
174
138
148
127
112
126
111
102
130
133
165
110
121
78
40
59
76
90
85
106
52
70
79
79
113
114
145
140
176
221
217
269
312
342
308
353
389
344
385
400
377
362
403
386
393
376
381
408
408
435
394
342
328
325
293
231
244
258
308
335
312
285
312
327
287
314
302
328
333
341
330
322
351
361
320
307
312
305
282
291
295
297
300
324
329
319
338
360
288
270
260
243
270
247
245
223
236
266
286
299
318
364
371
336
398
442
473
459
453
415
403
431
414
352
395
394
428
406
421
379
347
409
397
444
435
364
385
377
361
308
287
254
260
295
269
265
212
221
284
256
258
244
286
276
241
274
256
247
228
197
209
225
202
204
174
178
179
190
190
155
170
214
181
199
246
216
198
172
128
167
201
209
241
223
233
254
268
253
217
247
310
297
282
282
290
291
285
305
267
270
196
188
233
211
201
208
231
200
190
200
152
131
147
184
166
166
143
129
135
133
107
106
22
-1
16
-24
-1
-10
-15
6
23
-1
-19
48
66
51
51
71
22
35
37
-13
14
-22
-31
0
-34
27
19
-25
18
8
25
-30
-16
18
-17
-32
-42
1
-50
-14
-53
-78
-77
-49
-37
-90
-50
-85
-90
-90
-82
-117
-153
-136
-123
-123
-70
-68
-66
-111
-138
-89
-112
-75
-62
-86
-70
-16
-41
-62
-76
-52
-37
-79
-98
-64
-11
-47
-70
-59
-88
-93
-109
-167
-184
-184
-203
-190
-152
-180
-199
-162
-134
-121
-127
-142
-149
-206
-229
-194
-219
-208
-225
-213
-178
-178
-185
-174
-139
-136
-145
-111
-91
-56
-60
-68
-48
-117
-152
-152
-171
-161
-173
-170
-151
-137
-99
-87
-103
-93
-54
-77
-107
-129
-167
-169
-156
-165
-151
-163
-162
-164
-122
-140
-191
-181
-148
-142
-155
-154
-144
-137
-158
-121
-117
-121
-99
-104
-92
-169
-150
-149
-165
-118
-67
-54
-36
-11
-28
8
3
-15
-1
-28
-37
-83
-64
-44
-34
-14
-23
-82
-89
-101
-48
-44
-75
-38
-53
-88
-85
-65
-78
-72
-130
-105
-74
-48
-74
-76
-77
-51
-71
-119
-101
-195
-184
-170
-159
-138
-167
-95
-102
-125
-146
-173
-153
-186
-150
-132
-124
-113
-77
-75
-61
-80
-83
-84
-64
-70
-92
-124
-166
-136
-169
-158
-139
-142
-123
-99
-76
-98
-68
-54
-41
-45
-65
-101
-66
-43
-15
-13
-48
8
-7
-25
-50
-60
-37
-73
-66
-55
-68
-111
-97
-117
-98
-63
-58
-48
-94
-87
-122
-101
-95
-72
-48
-36
-21
-77
-95
-96
-65
-59
-113
-129
-153
-123
-105
-136
-127
-160
-162
-166
-189
-195
-235
-186
-177
-160
-169
-188
-185
-210
-175
-178
-88
-92
-98
-31
-54
-43
-7
-35
-25
-7
7
-9
-92
-92
-111
-94
-122
-90
-64
-56
-43
-65
-56
-90
-29
-55
-76
-79
-114
-128
-108
-98
-77
-40
14
41
7
42
24
3
-13
23
6
-33
-25
-6
-75
-63
-29
-4
-53
-101
-108
-144
-120
-150
-167
-192
-190
-158
-164
-114
-132
-138
-141
-202
-194
-200
-233
-269
-278
-263
-239
-265
-221
-184
-186
-179
-160
-129
-90
-69
-57
-55
-45
-62
-76
-100
-134
-69
-66
-69
-55
-141
-145
-141
-163
-189
-149
-139
-121
-128
-83
-97
-121
-64
-110
-106
-119
-86
-140
-155
-155
-150
-145
-189
-150
-173
-176
-146
-165
-145
-171
-177
-196
-213
-189
-208
-178
-179
-216
-181
-193
-197
-211
-234
-227
-212
-220
-246
-191
-250
-240
-253
-210
-189
-188
-153
-104
-115
-162
-158
-153
-101
-133
-103
-74
-82
-154
-144
-93
-145
-131
-115
-182
-167
-159
-188
-152
-172
-160
-154
-164
-186
-205
-245
-263
-255
-247
-256
-248
-191
-197
-150
-166
-212
-236
-254
-214
-246
-232
-216
-248
-172
-145
-172
-200
-164
-115
-170
-181
-212
-174
-136
-155
-163
-140
-72
-94
-76
-116
-93
-105
-145
-199
-190
-165
-182
-138
-120
-72
-70
-78
-86
-99
-28
-67
-74
-102
-183
-116
-143
-148
-122
-108
-89
-111
-110
-122
-93
-113
-134
-147
-163
-126
-158
-182
-216
-213
-229
-265
-265
-282
-279
-287
-289
-244
-230
-234
-226
-228
-238
-210
-172
-190
-225
-212
-210
-208
-243
-269
-285
-311
-295
-286
-241
-191
-202
-168
-147
-141
-114
-134
-151
-210
-198
-211
-192
-173
-180
-166
-147
-98
-103
-126
-130
-127
-130
-119
-110
-120
-131
-120
-107
-105
-102
-116
-124
-134
-139
-130
-178
-169
-158
-124
-164
-148
-124
-91
-82
-140
-110
-138
-177
-185
-173
-204
-198
-244
-277
-274
-243
-233
-247
-204
-201
-226
-245
-228
-202
-269
-307
-271
-284
-243
-215
-246
-201
-166
-181
-215
-228
-216
-206
-216
-196
-142
-170
-162
-151
-116
-92
-73
-94
-94
-123
-117
-97
-98
-92
-155
-137
-184
-167
-205
-232
-204
-187
-186
-181
-168
-174
-91
-115
-82
-77
-102
-101
-72
-84
-87
-99
-68
-60
-50
-63
-129
-99
-125
-129
-126
-134
-138
-109
-161
-120
-133
-140
-184
-191
-142
-142
-113
-77
-80
-126
-97
-150
-140
-163
-195
-169
-211
-193
-203
-185
-167
-127
-86
-38
-37
-43
-29
-59
-56
-56
-38
-38
-5
-19
-10
17
5
-39
-23
17
31
24
41
64
41
55
-9
20
6
5
10
0
-35
-32
-19
-52
-70
-71
-65
-99
-120
-110
-99
-124
-113
-132
-133
-162
-184
-217
-231
-205
-183
-180
-171
-122
-132
-99
-93
-40
-22
-61
-68
-66
-5
14
27
44
84
68
35
32
45
26
-3
45
42
52
49
89
156
96
96
106
95
73
97
109
70
66
28
-10
-37
-41
-57
-83
-74
-78
-108
-90
-84
-85
-64
-73
-37
-55
-31
-41
-23
-2
-29
-55
-91
-102
-112
-93
-110
-101
-68
-11
-72
-48
-1
-29
-36
1
11
25
-29
11
-17
18
36
11
70
103
127
110
103
98
69
22
8
21
40
36
52
27
0
-29
-22
-74
-40
-33
-11
-1
-5
7
21
57
24
-3
-46
-21
-1
-52
-100
-114
-121
-109
-101
-117
-122
-119
-108
-90
-102
-80
-75
-91
-40
-57
-58
-15
-16
-31
14
-36
-4
-4
-35
-34
-69
-54
-78
-47
-29
-40
36
40
33
90
110
137
139
142
179
131
103
111
114
98
117
153
91
99
105
103
88
59
39
82
71
33
85
66
86
84
138
160
167
136
138
129
112
143
152
126
148
124
163
190
180
193
202
228
176
153
138
110
179
157
184
220
162
178
177
172
127
106
130
116
120
80
46
62
51
25
12
70
59
69
120
74
113
169
176
198
237
231
218
251
237
263
233
212
246
279
304
288
285
292
241
289
289
262
309
299
328
294
299
324
261
253
256
245
256
208
207
227
194
197
153
182
124
125
108
102
88
69
105
83
82
46
26
75
86
90
57
93
102
99
100
89
168
164
188
206
216
234
265
235
252
242
242
260
284
330
282
269
267
293
312
295
259
261
237
243
229
230
250
199
148
184
210
196
238
237
226
207
199
163
128
109
69
81
34
49
106
78
96
55
81
116
114
158
201
236
234
259
274
262
257
240
188
163
154
175
154
143
196
182
198
221
230
233
253
313
318
299
307
322
316
283
301
321
304
326
291
324
281
222
226
230
220
172
144
163
163
88
101
127
132
151
144
96
139
89
71
94
72
79
117
137
144
147
137
149
158
181
194
172
124
168
187
215
239
207
214
277
283
215
230
257
232
292
252
260
259
235
229
184
210
213
203
185
209
221
210
216
236
248
263
247
253
294
289
263
292
326
318
316
260
226
239
220
192
209
224
210
221
196
173
207
201
249
257
273
243
216
205
192
206
226
226
255
281
265
277
260
251
279
221
198
166
190
205
228
243
168
213
217
194
215
217
208
162
123
142
130
136
86
59
89
98
39
41
74
96
136
86
62
63
88
98
153
157
164
215
175
200
209
204
180
168
139
86
78
53
103
126
133
155
163
140
149
130
129
127
126
121
110
107
96
91
62
7
23
32
44
20
15
68
102
90
88
104
61
121
183
164
97
79
152
139
158
136
165
185
136
147
136
130
134
166
143
145
163
170
193
208
235
221
247
261
292
263
279
361
315
285
283
285
291
325
285
245
237
198
247
196
160
172
188
190
169
204
188
216
244
212
195
237
142
117
107
145
153
98
99
100
85
91
139
115
134
147
180
191
201
261
270
273
236
278
299
253
237
261
278
262
253
253
262
278
233
286
229
240
226
210
194
154
166
140
166
176
165
168
160
175
180
124
142
141
173
150
154
111
114
114
82
145
157
199
179
208
207
252
274
265
255
289
302
299
283
333
374
339
358
321
353
317
287
323
297
304
258
227
237
233
195
173
144
113
81
70
84
80
77
102
60
82
59
38
35
30
45
66
63
55
59
62
56
105
103
76
165
191
228
306
267
331
304
269
285
237
210
168
190
189
228
273
273
253
268
256
256
213
194
148
140
119
128
134
114
153
139
150
103
106
105
107
104
68
50
53
38
45
107
49
83
97
104
110
78
100
108
95
151
192
206
219
221
226
226
244
231
181
164
157
135
166
198
169
222
236
252
224
191
208
215
228
228
272
258
252
290
268
231
222
222
171
171
189
186
206
170
155
149
154
145
115
107
81
59
58
53
116
148
114
116
72
34
62
-5
-29
-75
-78
-85
-85
-4
-7
-5
-5
22
46
48
70
62
148
142
46
32
34
58
105
105
134
154
180
205
211
182
146
148
140
133
181
218
220
252
198
246
233
203
153
101
106
105
52
43
68
64
42
2
40
24
-10
-61
-87
-81
-94
-154
-143
-124
-122
-98
-143
-150
-178
-183
-152
-146
-154
-168
-126
-141
-151
-129
-153
-142
-90
-94
-67
-81
-63
-48
-51
-34
-64
-70
-26
-24
-12
-18
-10
17
29
89
64
10
-44
-35
-75
-81
-28
-61
-39
-8
50
48
64
28
57
43
-34
-33
-73
-71
-58
-46
-57
-87
-118
-125
-143
-146
-92
-109
-98
-73
-90
-74
-56
-83
-84
-54
-47
-26
-70
-88
-80
-114
-70
-113
-103
-99
-110
-79
-40
2
36
-12
-42
-28
-54
-61
-78
-68
-53
-70
-56
-148
-172
-157
-188
-165
-206
-224
-166
-150
-151
-121
-122
-91
-104
-120
-82
-75
-48
-64
-73
-33
-49
-43
-2
19
11
-31
4
-27
-37
-47
-54
5
-62
-78
-50
-108
-125
-101
-125
-101
-165
-159
-182
-198
-223
-200
-192
-183
-163
-189
-135
-156
-103
-114
-145
-152
-95
-73
-130
-105
-146
-121
-108
-101
-76
-107
-72
-64
-49
-76
-86
-76
-59
-55
-105
-149
-147
-149
-144
-135
-93
-129
-174
-137
-163
-180
-188
-193
-160
-171
-144
-140
-141
-189
-182
-178
-203
-167
-102
-93
-89
-71
-114
-144
-146
-133
-151
-139
-183
-172
-154
-155
-153
-182
-179
-133
-149
-198
-223
-194
-148
-156
-132
-119
-122
-97
-87
-123
-80
-36
-73
-44
-56
-94
-77
-69
-64
-85
-65
-93
-75
-73
-104
-127
-167
-135
-186
-167
-154
-166
-198
-206
-224
-231
-240
-238
-247
-266
-271
-245
-190
-224
-197
-215
-221
-217
-251
-295
-275
-287
-231
-205
-169
-141
-126
-73
-82
-99
-100
-99
-92
-96
-117
-139
-150
-139
-103
-87
-89
-70
-118
-134
-104
-84
-114
-158
-161
-149
-180
-194
-178
-196
-185
-192
-152
-111
-123
-111
-125
-105
-128
-162
-142
-163
-173
-205
-240
-209
-189
-207
-204
-204
-200
-212
-173
-131
-137
-113
-137
-137
-143
-137
-106
-80
-151
-127
-123
-169
-129
-105
-122
-152
-149
-116
-80
-105
-163
-180
-179
-133
-147
-191
-224
-232
-217
-225
-217
-225
-187
-216
-253
-219
-229
-255
-215
-169
-120
-70
-42
-21
-19
-8
-55
-53
-55
-70
-121
-93
-63
5
30
48
111
131
176
138
191
166
149
167
113
143
165
193
192
228
266
227
238
232
214
258
237
230
199
144
139
131
108
42
57
50
58
16
33
11
-12
-22
-13
-18
-49
-54
-64
-83
-67
-74
-110
-46
-40
-103
-96
-101
-120
-180
-243
-266
-307
-315
-271
-285
-337
-351
-354
-401
-403
-427
-482
-466
-479
-519
-543
-534
-528
-557
-587
-578
-558
-521
-499
-479
-486
-443
-399
-342
-275
-265
-164
-152
-113
-59
-54
15
47
93
131
181
270
321
321
418
475
521
564
615
695
745
801
807
825
830
840
829
819
850
834
806
801
782
739
801
808
778
739
716
656
581
535
515
453
383
315
255
199
101
40
-11
-102
-154
-162
-230
-316
-353
-417
-473
-526
-571
-669
-691
-717
-683
-752
-766
-754
-795
-805
-857
-858
-885
-936
-984
-1004
-1059
-1038
-1083
-1109
-1099
-1095
-1148
-1101
-1052
-1064
-1031
-1012
-910
-856
-782
-689
-571
-488
-418
-293
-221
-103
-28
16
100
159
271
374
415
480
571
607
690
767
782
829
791
845
865
843
853
879
848
836
852
834
880
876
884
870
828
828
781
774
761
742
690
695
638
626
577
567
552
511
469
435
437
399
432
402
394
335
369
359
357
327
307
292
280
244
219
227
224
117
61
75
-9
-47
-41
-51
-153
-190
-251
-280
-308
-308
-368
-390
-491
-518
-533
-599
-645
-685
-724
-789
-768
-879
-929
-956
-1017
-1071
-1102
-1123
-1098
-1080
-1085
-1068
-1044
-949
-912
-885
-809
-807
-734
-651
-533
-413
-326
-211
-118
-77
25
148
280
344
412
534
588
678
765
784
858
944
948
1014
1061
1045
1072
1057
1074
1072
1093
1132
1110
1064
1048
1002
964
952
897
880
865
812
740
752
684
615
609
555
534
523
459
443
401
339
334
320
269
247
193
153
123
83
47
-1
-26
-46
-59
-61
-64
-86
-123
-114
-153
-166
-178
-188
-204
-217
-207
-218
-243
-297
-310
-335
-351
-391
-419
-458
-466
-443
-487
-539
-524
-508
-492
-513
-525
-565
-610
-648
-692
-802
-855
-858
-889
-891
-940
-950
-894
-858
-801
-718
-672
-590
-556
-468
-395
-297
-218
-157
-138
-61
16
85
173
201
287
322
407
445
485
539
568
610
666
684
771
830
799
799
819
821
783
772
746
756
770
763
767
771
745
735
700
675
650
652
657
621
629
558
553
489
516
491
429
453
393
415
396
359
352
315
267
253
286
275
226
220
198
132
82
61
71
41
17
20
33
26
22
11
7
8
-24
-34
-29
-92
-103
-127
-164
-173
-195
-224
-192
-228
-283
-318
-312
-310
-386
-431
-539
-566
-641
-700
-722
-784
-865
-971
-1011
-1008
-973
-960
-1020
-949
-997
-987
-946
-886
-829
-804
-711
-622
-547
-475
-408
-337
-261
-227
-150
-71
-9
112
168
283
350
404
497
527
614
706
781
805
867
887
849
899
933
952
1035
1089
1081
1026
1007
978
960
921
870
917
870
790
795
748
689
629
610
539
517
485
450
395
347
311
279
327
290
242
218
218
212
142
167
161
178
145
102
135
113
74
89
45
39
69
78
74
36
-6
-11
34
15
-17
26
3
-43
-43
-87
-86
-116
-189
-141
-168
-213
-225
-303
-340
-414
-470
-528
-612
-696
-802
-851
-883
-939
-1018
-1101
-1116
-1121
-1125
-1105
-1102
-1089
-1048
-1011
-952
-870
-781
-694
-589
-465
-374
-305
-237
-120
-116
15
81
204
280
355
440
495
617
618
727
785
856
945
938
982
976
974
1034
1022
1052
1007
1027
1019
988
982
1014
1004
953
934
893
859
793
773
700
691
676
627
596
588
611
553
535
522
503
475
464
418
427
439
392
342
328
320
310
306
275
251
240
238
253
251
234
232
223
220
161
168
189
144
89
110
82
63
80
17
-21
-39
-94
-128
-163
-205
-231
-280
-331
-366
-404
-477
-544
-609
-647
-717
-774
-776
-823
-860
-977
-980
-991
-1056
-1085
-1085
-1048
-1000
-941
-901
-826
-763
-661
-624
-549
-469
-390
-292
-207
-153
-88
25
95
187
298
385
435
449
548
625
632
684
722
765
792
829
844
853
843
821
829
812
817
823
842
833
834
860
879
819
860
892
850
832
795
808
761
729
679
677
611
559
567
569
570
564
556
539
516
514
455
440
432
410
409
372
329
277
270
265
236
218
192
137
156
141
70
83
41
30
34
9
12
12
-10
-29
-4
-45
-79
-155
-180
-184
-234
-238
-221
-241
-339
-303
-301
-391
-409
-450
-454
-471
-548
-564
-568
-606
-621
-659
-711
-693
-684
-720
-819
-817
-832
-770
-720
-670
-587
-565
-471
-409
-349
-261
-213
-163
-90
27
110
183
254
311
393
443
470
539
580
623
662
683
768
778
731
768
797
793
826
794
779
803
795
796
799
754
808
857
878
854
833
829
788
776
767
817
768
736
727
740
757
703
690
675
616
594
570
552
494
486
446
373
345
411
373
379
364
303
319
272
272
231
209
192
207
159
121
126
91
43
30
30
26
-37
-31
-42
-44
-39
-82
-73
-78
-102
-123
-97
-120
-166
-194
-260
-274
-272
-314
-330
-320
-299
-345
-327
-321
-321
-331
-412
-427
-457
-470
-496
-516
-506
-555
-577
-561
-563
-591
-579
-552
-464
-382
-335
-281
-253
-204
-175
-110
-70
-48
29
96
146
181
231
248
254
319
322
367
404
440
503
552
614
590
656
671
677
706
703
711
713
768
786
807
809
785
793
827
851
822
776
770
721
668
681
669
645
588
570
531
498
451
436
380
353
314
321
305
245
236
217
245
203
118
67
55
-7
-43
-33
-9
-45
-30
-31
-86
-65
-60
-123
-125
-136
-99
-100
-71
-81
-54
-34
-91
-85
-53
-51
-82
-76
-144
-101
-102
-37
-51
-89
-46
-31
-29
-45
-30
-20
-34
-40
5
-29
-92
-126
-153
-204
-253
-266
-248
-272
-295
-327
-344
-338
-414
-402
-387
-342
-380
-349
-320
-299
-280
-326
-205
-188
-175
-144
-131
-64
-35
-13
92
125
154
214
256
347
374
430
446
574
565
597
669
676
704
702
709
700
688
688
660
693
715
691
636
670
684
691
659
646
655
568
523
519
470
437
449
373
353
342
289
314
316
237
225
156
171
139
85
62
59
38
22
9
31
13
-65
-61
-156
-178
-203
-218
-204
-212
-223
-240
-212
-167
-124
-167
-132
-113
-132
-106
-96
-63
-89
-54
-16
-5
-36
-22
-21
8
30
43
70
58
119
97
100
94
118
160
123
41
31
1
-14
-33
-93
-143
-149
-189
-217
-189
-264
-319
-312
-350
-346
-354
-387
-378
-371
-382
-359
-371
-389
-327
-307
-270
-214
-173
-92
-54
-9
30
92
121
151
231
275
357
382
410
395
417
463
496
475
524
563
523
484
454
464
448
487
491
471
450
501
471
435
378
356
318
286
242
205
218
165
141
123
179
174
142
68
65
52
-55
-50
-68
-70
-41
-72
-44
-23
-46
-65
-59
-89
-151
-153
-159
-128
-123
-75
-58
-55
-31
3
-10
-47
-13
-35
-15
15
35
79
98
277
779
684
-366
-258
785
1294
1200
554
-68
256
1275
1719
1426
537
-25
816
1472
1253
509
-248
-218
446
925
656
-328
-1315
-936
-36
219
-275
-1066
-1621
-1457
-907
-624
-347
-850
-1736
-1547
-660
-271
-571
-994
-1197
-923
-473
-56
-153
-745
-751
-228
339
731
591
-3
-275
172
917
1618
1411
476
265
855
1565
1810
1570
958
748
1279
1607
1495
1132
769
524
798
1276
1186
662
209
239
457
607
892
538
-324
-221
567
838
460
388
-19
-575
386
1296
438
-331
-146
43
96
472
362
-670
-657
235
113
-211
-4
-36
-644
-683
-5
1
-224
-542
-617
-236
-103
-123
-284
-758
-956
-721
-335
-305
-630
-782
-990
-774
-278
-665
-821
-975
-1580
-1314
-779
-985
-1648
-1958
-1919
-1738
-1722
-2096
-2042
-1660
-1849
-1997
-1960
-2062
-1810
-1414
-1351
-1578
-1402
-672
-424
-656
-637
-83
490
666
813
940
1095
1233
1465
1941
2253
2060
1807
1807
1981
2340
2415
2112
1860
1983
1997
1878
1629
1495
1470
1340
1331
1218
991
560
371
574
737
526
104
-94
-25
87
166
122
88
111
-71
-14
222
412
379
253
345
430
525
582
372
260
427
521
445
401
300
49
91
229
154
145
117
-246
-612
-483
-281
-812
-1183
-939
-1064
-1174
-1135
-1558
-1759
-1739
-1839
-1771
-1763
-1977
-2251
-2045
-1814
-2063
-2470
-2565
-2509
-2561
-2544
-2689
-3071
-3264
-2506
-1718
-2197
-3199
-3719
-2977
-1363
-592
-1315
-2270
-2059
-781
327
414
-48
123
684
1445
2071
2137
2099
2051
2142
2953
3789
3642
2727
2322
2929
3991
4250
3358
2478
2186
2432
2752
2699
2336
1942
1474
1225
1311
1138
591
84
-66
124
262
-226
-846
-935
-595
-233
-350
-851
-1139
-988
-708
-506
-341
-440
-613
-579
-190
286
200
-74
-64
252
590
517
33
-211
113
476
325
31
-287
-392
-258
-201
-211
-605
-1013
-1164
-1196
-1305
-1308
-1528
-2123
-2251
-2114
-2241
-2478
-2845
-2991
-2943
-3087
-3098
-3280
-3708
-3921
-3849
-3957
-4010
-3275
-2716
-3239
-4292
-4706
-3602
-1653
-1107
-2110
-3066
-2434
-679
563
382
-309
122
1393
2470
2600
2262
2379
2850
3440
4038
4419
4087
3314
3159
4039
5021
4891
3740
2834
2772
3292
3546
2912
2181
1803
1718
1494
1226
787
310
187
32
-11
-209
-698
-1017
-1017
-645
-492
-859
-1378
-1403
-962
-692
-609
-671
-758
-714
-571
-338
-81
18
-74
-70
68
253
260
186
238
466
505
246
-178
-307
-96
45
-185
-644
-995
-1270
-1258
-1393
-1659
-1950
-2437
-2732
-2736
-2834
-3194
-3658
-3917
-3931
-3917
-4231
-4866
-5421
-5281
-3833
-2894
-3802
-5481
-6379
-4643
-1849
-1127
-2650
-4225
-3501
-1001
739
340
-515
-152
1153
2505
2860
2518
2570
2924
3627
4567
4864
4432
3632
3441
4362
5517
5298
3959
2979
2869
3579
3777
3012
2151
1614
1469
1460
1156
579
128
-162
-387
-429
-738
-1212
-1430
-1427
-1097
-984
-1368
-1684
-1632
-1347
-1015
-902
-990
-1034
-1023
-840
-485
-212
-195
-271
-502
-402
17
206
31
-94
-126
-103
-104
-347
-443
-460
-614
-872
-1153
-1316
-1466
-1783
-2172
-2383
-2373
-2646
-3082
-3535
-3973
-3957
-3864
-4052
-4464
-5094
-5519
-5488
-4372
-3010
-3475
-5387
-6747
-5622
-2502
-920
-2235
-4418
-4165
-1490
784
919
-275
-301
1162
2867
3558
3127
2897
3307
4164
5166
5617
5392
4519
4031
4763
6065
6405
5297
4054
3511
3880
4290
3998
3151
2247
1878
1785
1630
1197
647
106
-321
-391
-526
-902
-1255
-1463
-1304
-1182
-1349
-1615
-1714
-1523
-1242
-1053
-1010
-922
-838
-756
-453
12
303
210
-9
40
385
753
691
514
415
373
346
147
-15
-136
-413
-680
-962
-1334
-1546
-1853
-2185
-2371
-2517
-2888
-3329
-3600
-3922
-4112
-4246
-4408
-4710
-5135
-5649
-5805
-4892
-3702
-3863
-5189
-6272
-5588
-2968
-1235
-1850
-3593
-3691
-1627
782
1461
450
101
1128
2743
3819
3722
3384
3457
4040
4963
5670
5575
4756
4221
4496
5519
6010
5131
3831
3197
3477
3938
3566
2656
1750
1305
1249
1210
733
-23
-507
-866
-924
-925
-1161
-1603
-1912
-1751
-1505
-1488
-1751
-1861
-1661
-1337
-1034
-962
-999
-895
-669
-295
10
201
222
113
139
504
872
801
637
552
457
500
375
139
16
-197
-498
-836
-1090
-1307
-1585
-1964
-2308
-2567
-2866
-3189
-3537
-3893
-4048
-4185
-4468
-4891
-5340
-5557
-5754
-5294
-4094
-3930
-4993
-6110
-5947
-3533
-1223
-1327
-3110
-3878
-2047
733
2152
1395
595
1188
2804
4312
4593
4343
4359
4629
5394
6204
6333
5781
5304
5425
5989
6363
5717
4744
4140
4085
4257
3758
2935
2141
1657
1390
1095
699
-34
-670
-1194
-1376
-1351
-1729
-2047
-2268
-2337
-2250
-2261
-2319
-2342
-2071
-1929
-1813
-1609
-1376
-1030
-932
-763
-304
38
167
217
312
667
1076
1142
998
1019
1065
1091
876
714
697
498
200
-222
-537
-662
-910
-1345
-1818
-2128
-2490
-2832
-3167
-3336
-3520
-3944
-4373
-4772
-4809
-4752
-5335
-5520
-4405
-3549
-4234
-5415
-5828
-4272
-1663
-999
-2347
-3543
-2504
94
1866
1627
977
1407
2673
3943
4471
4601
4927
5062
5412
6086
6568
6378
5917
5806
6428
6944
6456
5465
4950
5151
5369
4887
3823
3135
2925
2832
2364
1764
1131
629
272
-49
-96
-459
-941
-1225
-1301
-1090
-1115
-1386
-1436
-1204
-936
-801
-754
-709
-470
-218
-15
296
429
631
750
815
1063
1403
1577
1547
1606
1598
1606
1592
1511
1568
1391
1137
859
461
183
4
-242
-639
-1103
-1513
-1846
-2041
-2365
-2755
-3007
-3430
-3757
-3989
-4120
-4365
-4622
-3977
-3112
-3208
-4201
-5049
-4470
-2211
-712
-1276
-2581
-2519
-614
1587
2223
1566
1442
2268
3520
4384
4678
4912
5046
5052
5467
6059
6192
5764
5442
5701
6343
6244
5243
4565
4513
4852
4590
3544
2738
2448
2366
2153
1718
993
417
64
-304
-365
-522
-958
-1371
-1595
-1450
-1255
-1385
-1645
-1571
-1228
-1000
-910
-1028
-913
-616
-475
-168
83
214
379
514
662
990
1252
1181
1221
1294
1228
1153
1007
1068
1118
847
526
90
-223
-331
-504
-923
-1370
-1760
-2097
-2343
-2576
-2828
-3193
-3617
-3863
-4039
-4298
-4576
-4907
-4961
-4170
-3225
-3824
-4884
-5242
-4096
-1923
-1248
-2218
-3156
-2308
-304
1168
1292
624
1067
2160
3150
3784
3831
4155
4376
4534
5064
5520
5446
5035
4916
5178
5639
5318
4295
3856
3953
4163
3817
2806
2037
1841
1917
1716
1245
462
-156
-463
-671
-611
-860
-1357
-1769
-1959
-1782
-1632
-1734
-1973
-1846
-1647
-1595
-1398
-1337
-1229
-925
-725
-567
-423
-300
-204
-102
117
480
551
441
539
542
633
699
490
374
436
262
-59
-383
-679
-840
-1029
-1445
-1850
-2294
-2691
-2771
-3057
-3345
-3644
-4191
-4459
-4430
-4476
-4815
-5135
-5523
-5098
-3940
-3923
-4951
-5722
-5106
-3109
-1804
-2443
-3636
-3438
-1522
349
591
-262
-275
954
2211
2781
2630
2681
3087
3298
3648
4048
4095
3783
3442
3489
3953
4188
3447
2584
2419
2714
2874
2129
1114
699
871
962
609
-198
-928
-1128
-1079
-1036
-1147
-1671
-2154
-2330
-2267
-2055
-1930
-2060
-2194
-2129
-1945
-1753
-1625
-1442
-1225
-1253
-1190
-944
-654
-464
-448
-362
-155
-12
-1
-32
39
116
102
-49
-135
-54
-321
-567
-839
-1065
-1021
-1128
-1752
-2412
-2569
-2477
-2671
-3230
-3721
-4017
-4192
-4339
-4502
-4668
-4967
-5259
-5415
-5446
-5011
-4295
-4469
-5257
-5673
-5120
-3392
-2393
-3076
-3968
-3407
-1742
-509
-329
-779
-526
494
1496
2032
2000
2162
2580
2907
3266
3458
3472
3325
3160
3319
3620
3684
3222
2554
2338
2487
2362
1817
1261
922
893
911
487
-166
-770
-886
-873
-1042
-1233
-1657
-2047
-2214
-2038
-1934
-1936
-2086
-2300
-2269
-2145
-1934
-1766
-1564
-1548
-1574
-1454
-1104
-791
-694
-660
-487
-232
-134
-192
-238
-80
53
62
-101
-231
-273
-472
-756
-824
-789
-1046
-1442
-1761
-1912
-1930
-2118
-2490
-2966
-3267
-3333
-3630
-3910
-3993
-4144
-4369
-4613
-4732
-4928
-4971
-4436
-3765
-3813
-4529
-5031
-4617
-3029
-1763
-2203
-3339
-3309
-1949
-485
92
-340
-573
184
1187
1637
1737
2031
2361
2446
2578
2959
3304
3205
2990
3027
3361
3529
3196
2657
2300
2388
2536
2353
1808
1103
947
968
929
746
273
-297
-729
-664
-533
-814
-1295
-1686
-1683
-1459
-1423
-1733
-1916
-1809
-1734
-1590
-1479
-1468
-1425
-1349
-1189
-973
-723
-669
-765
-662
-328
-152
-203
-183
-150
-43
27
-92
-270
-281
-238
-263
-506
-745
-789
-884
-1087
-1352
-1497
-1671
-1933
-2176
-2329
-2411
-2668
-2930
-3113
-3132
-3220
-3531
-3848
-3813
-3788
-3789
-3311
-3126
-3782
-4145
-3899
-2918
-1781
-2018
-2967
-3158
-1993
-595
-92
-618
-927
-126
913
1421
1416
1440
1955
2223
2263
2608
2919
2983
2890
2950
3054
3139
3131
2933
2962
3005
2782
2315
1940
2008
2121
1934
1459
981
642
541
442
139
-43
-331
-727
-904
-940
-889
-925
-1121
-1322
-1338
-1302
-1263
-1165
-1012
-872
-908
-1045
-895
-607
-438
-455
-507
-356
-152
-81
-29
116
161
99
39
92
148
134
18
-48
-139
-295
-470
-786
-899
-776
-936
-1363
-1627
-1810
-1946
-2014
-2076
-2288
-2675
-2825
-2802
-2898
-2935
-3108
-3452
-2914
-2324
-2818
-3564
-3736
-3021
-1780
-1373
-2234
-2953
-2233
-824
20
-169
-662
-371
413
1114
1410
1389
1600
1846
2098
2467
2723
2719
2656
2732
2865
3122
3042
2725
2574
2648
2692
2440
2127
1983
1967
1921
1656
1366
1039
879
816
751
714
378
-68
-340
-268
-93
-107
-353
-684
-681
-592
-487
-325
-250
-328
-451
-496
-255
104
203
110
-15
147
343
404
305
388
473
506
409
254
351
415
303
97
-68
-137
-347
-399
-367
-487
-767
-980
-1132
-1327
-1286
-1348
-1700
-1970
-1905
-1888
-2188
-2417
-2323
-2254
-2434
-2723
-2472
-1794
-1805
-2580
-2997
-2388
-1140
-785
-1615
-2271
-1555
-161
521
-1
-711
-138
1075
1691
1543
1272
1596
2065
2233
2387
2573
2714
2649
2665
2737
2913
2943
2798
2731
2810
2810
2570
2184
2139
2341
2350
1952
1526
1413
1492
1480
1203
946
850
757
602
526
529
555
482
275
217
247
312
378
347
386
300
162
306
641
731
634
538
556
783
969
884
748
690
625
582
557
510
393
146
-20
-59
-58
-185
-442
-587
-842
-887
-795
-1066
-1330
-1550
-1525
-1515
-1653
-1893
-2029
-1913
-1827
-2005
-2265
-2453
-2500
-2064
-1379
-1540
-2363
-2729
-2327
-1113
-376
-993
-1922
-1716
-537
337
375
-198
-169
661
1177
1239
1079
1254
1694
1841
1789
1848
2129
2143
2050
2060
2254
2465
2229
1984
2001
2046
2039
1721
1366
1329
1506
1390
1035
793
675
773
644
448
402
244
57
-29
126
264
219
-37
-271
-180
1
88
31
8
16
-107
-146
17
2
-54
-61
-125
-139
-191
-332
-348
-258
-295
-484
-744
-857
-786
-762
-1000
-1173
-1249
-1358
-1409
-1527
-1799
-1826
-1825
-2046
-2289
-2383
-2320
-2293
-2442
-2727
-2776
-2723
-2592
-2598
-2772
-2866
-2928
-2887
-2404
-1902
-2269
-3034
-3095
-2363
-1277
-1101
-2060
-2635
-1926
-635
-74
-672
-1257
-827
131
650
547
323
524
990
1098
1167
1269
1387
1425
1548
1622
1743
1734
1471
1491
1655
1813
1694
1350
1185
1458
1609
1333
1037
909
928
987
777
602
630
585
496
456
462
466
416
354
289
359
424
452
314
233
287
209
274
355
238
90
78
92
174
78
-71
-75
-7
-98
-260
-387
-464
-416
-470
-551
-716
-621
-567
-718
-963
-1065
-1033
-1117
-1133
-1291
-1411
-1459
-1468
-1415
-1343
-1463
-1614
-1526
-1389
-1494
-1688
-1798
-1509
-949
-987
-1619
-2077
-1788
-622
43
-638
-1550
-1355
-206
598
323
-367
-199
594
1073
1100
888
1043
1458
1547
1638
1764
1879
1860
1832
1869
2086
2361
2154
1969
1965
2106
2232
2143
1945
1741
1744
1834
1769
1597
1356
1285
1409
1495
1419
1038
764
798
1000
1104
934
675
600
691
700
725
668
566
582
388
326
456
574
537
482
417
327
344
349
348
303
278
224
75
16
136
46
-119
-144
-115
-184
-374
-333
-273
-366
-492
-555
-643
-643
-498
-521
-695
-764
-749
-790
-713
-756
-1041
-1205
-1102
-1137
-1089
-748
-798
-1368
-1684
-1436
-715
-269
-766
-1489
-1398
-444
269
149
-397
-411
289
777
828
722
862
1263
1483
1552
1695
1959
2018
1968
2076
2320
2465
2448
2302
2266
2347
2418
2387
2219
2167
2101
2054
2044
2005
1838
1638
1517
1514
1502
1322
1060
848
876
863
742
512
403
385
279
277
226
120
102
43
58
70
143
137
59
35
36
107
110
62
63
182
160
39
51
188
211
142
109
94
20
-78
-76
-102
-114
-110
-280
-394
-275
-240
-354
-438
-609
-724
-720
-647
-714
-990
-1243
-1200
-1153
-1235
-1093
-1121
-1483
-1895
-1942
-1242
-730
-1007
-1673
-1807
-955
-153
-212
-677
-511
137
521
620
560
806
1230
1355
1356
1434
1701
1844
1988
2114
2218
2286
2289
2316
2389
2458
2498
2389
2183
2210
2340
2165
1934
1743
1639
1809
1646
1304
1076
954
1037
1033
909
712
502
387
397
504
494
386
230
140
173
159
162
205
204
160
78
109
251
440
405
318
360
381
400
409
413
495
488
440
336
374
478
477
422
257
182
187
241
238
67
-63
-49
-142
-242
-292
-400
-526
-545
-668
-917
-1099
-1244
-1319
-1161
-787
-991
-1564
-1927
-1619
-750
-334
-973
-1707
-1338
-373
117
-54
-340
-146
466
873
992
1063
1347
1633
1769
1953
2217
2451
2513
2551
2764
2999
3097
2946
2816
2911
3043
3001
2776
2517
2530
2795
2684
2314
1999
1915
2045
1998
1724
1424
1188
1216
1214
1129
906
798
726
628
650
565
440
371
470
504
470
489
579
596
568
603
595
649
786
783
703
782
866
815
763
808
812
791
685
565
656
760
706
517
365
273
227
292
299
159
19
-70
-244
-269
-137
-377
-667
-757
-709
-714
-827
-1126
-1302
-1129
-727
-710
-1338
-1789
-1670
-895
-307
-689
-1461
-1427
-602
20
-11
-343
-235
368
810
915
921
1131
1440
1558
1653
1845
2026
2099
2107
2205
2423
2551
2492
2389
2490
2564
2472
2268
2072
2075
2154
2094
1827
1535
1493
1558
1430
1156
916
757
667
652
573
510
445
295
176
243
267
194
128
182
196
150
107
162
242
285
241
191
222
272
246
220
359
332
236
132
212
334
286
223
113
103
83
64
-47
-211
-300
-297
-244
-403
-601
-635
-663
-709
-809
-892
-943
-1022
-1080
-1240
-1279
-1355
-1472
-1595
-1687
-1314
-1146
-1575
-2032
-2035
-1402
-729
-933
-1720
-1893
-1112
-381
-313
-753
-869
-324
159
394
337
355
606
763
924
1111
1320
1375
1350
1489
1634
1842
1813
1613
1612
1713
1798
1677
1393
1274
1404
1483
1304
1051
766
785
1015
903
672
426
215
248
432
409
126
-100
-76
56
60
-44
-159
-191
-128
-66
-167
-196
-128
-106
-121
-142
-120
-113
-97
-36
26
-56
-98
-175
-124
-22
-41
-131
-238
-260
-227
-254
-335
-463
-460
-523
-675
-696
-667
-714
-897
-1004
-1075
-979
-976
-1182
-1387
-1443
-1296
-1268
-1402
-1622
-1775
-1593
-1149
-1316
-2060
-2360
-1916
-1171
-903
-1516
-2068
-1654
-849
-515
-794
-1014
-792
-324
-75
10
105
321
581
667
833
1096
1177
1217
1298
1447
1656
1728
1658
1628
1629
1724
1724
1561
1466
1447
1516
1334
1046
945
1010
985
726
575
649
666
417
178
117
273
260
42
-125
-133
-165
-135
-169
-217
-150
-235
-308
-264
-146
-129
-233
-291
-231
-139
-142
-150
-184
-279
-219
-182
-186
-192
-230
-286
-261
-270
-270
-227
-367
-550
-591
-555
-548
-575
-727
-869
-950
-778
-802
-987
-1136
-1199
-1201
-1216
-1245
-1471
-1647
-1640
-1657
-1677
-1482
-1535
-1954
-2205
-2007
-1585
-1324
-1704
-2165
-1981
-1414
-1014
-1093
-1353
-1134
-725
-416
-227
-170
19
256
374
603
846
976
965
1106
1325
1400
1476
1425
1449
1532
1626
1577
1504
1424
1411
1372
1323
1222
1010
885
997
991
745
552
507
451
412
257
105
22
-55
-118
-241
-390
-359
-310
-405
-422
-527
-550
-508
-466
-468
-484
-486
-409
-366
-444
-381
-251
-179
-307
-372
-271
-165
-230
-323
-368
-318
-235
-307
-404
-494
-468
-355
-339
-399
-520
-685
-706
-567
-542
-786
-1041
-1084
-1002
-963
-1188
-1524
-1693
-1641
-1708
-1828
-1616
-1579
-2056
-2407
-2304
-1767
-1358
-1644
-2228
-2196
-1478
-905
-991
-1374
-1303
-671
-234
-200
-267
-126
250
532
680
800
951
1062
1207
1383
1533
1664
1708
1667
1689
1715
1823
1821
1645
1475
1402
1444
1329
1204
1077
1057
973
728
549
553
531
400
165
25
38
-11
-55
-159
-290
-370
-306
-285
-298
-332
-389
-344
-281
-254
-390
-403
-321
-236
-249
-232
-229
-249
-210
-193
-103
-44
-111
-154
-154
-118
11
-39
-115
-196
-239
-257
-291
-292
-344
-471
-577
-671
-719
-716
-848
-925
-1013
-1189
-1253
-1286
-1327
-1499
-1755
-1885
-1714
-1477
-1621
-2123
-2387
-2120
-1480
-1303
-1796
-2227
-1943
-1259
-992
-1181
-1382
-1049
-494
-257
-183
-87
162
461
622
804
1009
1167
1341
1466
1592
1674
1814
1849
1828
1835
1781
1812
1753
1605
1526
1441
1378
1282
1133
1003
972
865
709
479
283
181
179
140
-19
-250
-398
-428
-375
-387
-602
-717
-732
-683
-668
-663
-685
-661
-639
-656
-558
-469
-490
-471
-400
-213
-138
-162
-170
-96
1
-2
-10
-27
-12
-10
7
8
-11
-71
-179
-223
-227
-282
-353
-526
-589
-524
-599
-858
-1037
-1064
-1089
-1174
-1322
-1435
-1601
-1729
-1857
-1987
-1842
-1664
-1954
-2315
-2468
-2157
-1557
-1499
-1988
-2232
-1729
-1053
-850
-965
-1050
-732
-295
-89
48
176
404
637
846
1010
1248
1373
1439
1636
1769
1879
1908
1934
2020
2062
1970
1878
1812
1757
1722
1655
1482
1303
1030
951
863
535
459
411
310
138
-196
-315
-246
-194
-341
-577
-826
-870
-728
-671
-692
-830
-941
-794
-556
-525
-521
-532
-413
-263
-208
-213
-122
64
102
168
193
213
323
328
362
347
311
356
377
325
239
163
32
17
43
-9
-213
-373
-509
-575
-651
-802
-951
-1109
-1190
-1277
-1396
-1542
-1684
-1797
-1872
-2071
-2125
-1906
-1804
-2206
-2532
-2454
-2050
-1562
-1787
-2270
-2194
-1487
-962
-943
-1070
-950
-476
-86
131
256
437
737
1003
1264
1439
1558
1662
1781
1968
2059
2095
2099
2085
2158
2147
2138
2018
1931
1822
1717
1684
1480
1311
1030
849
665
494
475
292
-28
-240
-287
-316
-318
-574
-783
-810
-753
-703
-762
-786
-799
-696
-631
-503
-417
-401
-330
-249
-52
52
105
171
228
287
328
450
543
608
579
601
578
580
560
548
543
469
336
188
103
12
-8
-158
-281
-423
-500
-590
-777
-881
-990
-1154
-1282
-1376
-1543
-1641
-1715
-1870
-2008
-2077
-2135
-1962
-1748
-1960
-2310
-2389
-2015
-1490
-1390
-1701
-1837
-1428
-872
-534
-547
-559
-240
134
428
615
779
1098
1319
1422
1514
1735
1923
2038
2101
2133
2185
2247
2189
2144
2157
2038
1969
1805
1657
1539
1471
1321
1079
719
506
525
431
345
74
-240
-312
-236
-221
-410
-582
-689
-641
-591
-560
-567
-682
-596
-494
-466
-436
-336
-270
-226
-112
-56
24
212
258
412
509
540
643
642
710
699
663
603
614
547
469
428
289
237
134
-2
-54
-76
-245
-370
-536
-636
-675
-740
-921
-1076
-1132
-1192
-1209
-1408
-1573
-1642
-1712
-1728
-1857
-1897
-1826
-1586
-1534
-1774
-1943
-1771
-1276
-1061
-1251
-1423
-1222
-625
-289
-338
-359
-124
298
535
648
752
1027
1166
1252
1401
1547
1660
1752
1816
1806
1825
1880
1884
1808
1801
1678
1610
1546
1375
1300
1233
1166
912
614
560
634
489
202
-59
-126
-92
-143
-239
-359
-414
-523
-515
-470
-498
-545
-488
-424
-363
-317
-308
-156
-31
-26
33
125
202
299
375
441
532
585
526
598
735
787
685
639
698
702
695
565
461
431
376
221
97
54
-23
-224
-381
-417
-453
-593
-724
-826
-913
-925
-1026
-1120
-1190
-1301
-1352
-1357
-1438
-1627
-1668
-1471
-1246
-1458
-1798
-1789
-1446
-841
-844
-1253
-1301
-776
-306
-214
-317
-309
42
328
522
649
746
911
1056
1233
1437
1543
1531
1520
1659
1792
1888
1840
1749
1739
1705
1668
1660
1570
1424
1387
1220
937
823
861
855
628
252
101
238
252
69
-158
-204
-218
-224
-253
-214
-279
-417
-360
-320
-273
-216
-239
-160
-62
26
77
87
181
274
349
423
464
507
518
663
739
708
678
619
654
646
535
475
426
319
270
214
150
38
-106
-239
-280
-316
-423
-560
-630
-703
-724
-747
-855
-1000
-1051
-1085
-1170
-1271
-1390
-1487
-1406
-1057
-1097
-1508
-1761
-1636
-1139
-833
-1004
-1364
-1298
-753
-391
-354
-421
-364
-102
227
436
474
579
732
898
1103
1241
1298
1298
1430
1548
1619
1650
1563
1583
1592
1610
1512
1408
1369
1315
1345
1260
1041
864
832
765
617
445
363
398
270
105
-10
24
29
-76
-140
-222
-226
-204
-207
-243
-228
-129
-81
-18
9
3
18
57
180
199
217
237
280
362
343
408
400
405
390
416
436
435
389
322
286
271
312
179
148
60
-52
-34
-29
-183
-382
-464
-455
-503
-598
-685
-792
-826
-875
-934
-932
-990
-1207
-1399
-1296
-946
-1119
-1645
-1862
-1507
-867
-646
-1036
-1374
-1089
-493
-76
-83
-190
-91
236
551
779
819
810
913
1094
1375
1548
1498
1536
1673
1829
1926
1907
1818
1843
1882
1878
1826
1629
1499
1484
1492
1341
1081
871
818
856
716
502
417
327
287
189
76
55
-5
-42
-49
-79
-110
-99
-47
29
37
57
39
119
136
178
298
390
474
452
560
627
692
662
668
774
768
786
762
791
828
763
672
622
570
527
553
516
406
311
231
197
103
38
-47
-196
-257
-313
-419
-521
-618
-714
-825
-859
-978
-1155
-1224
-1151
-871
-966
-1320
-1499
-1284
-778
-512
-748
-1048
-841
-386
-74
-86
-171
-28
307
553
703
825
963
1069
1210
1421
1546
1561
1538
1608
1718
1797
1760
1699
1670
1645
1555
1477
1329
1218
1177
1105
1033
918
780
595
483
458
493
446
237
18
16
141
182
71
-72
-125
-80
15
33
77
79
89
147
166
280
390
344
424
521
554
577
650
709
755
738
659
730
765
810
789
692
619
604
601
552
490
434
433
326
272
194
62
9
-80
-268
-292
-270
-399
-509
-580
-630
-687
-779
-827
-865
-896
-1025
-1149
-1227
-1153
-831
-819
-1071
-1251
-1117
-728
-431
-500
-808
-712
-251
21
17
-28
38
285
452
591
764
839
935
1009
1065
1205
1293
1265
1281
1364
1436
1448
1467
1408
1354
1299
1267
1213
1088
934
860
878
793
673
541
456
407
432
482
372
164
75
123
257
262
129
13
51
146
212
176
144
144
167
241
325
397
363
342
455
507
553
533
536
627
615
560
488
460
500
498
407
322
287
253
207
177
146
157
109
10
-50
-111
-118
-125
-272
-370
-416
-412
-443
-538
-654
-739
-789
-868
-870
-861
-908
-1022
-1062
-1057
-967
-841
-864
-1059
-1178
-1033
-693
-504
-693
-914
-772
-385
-178
-249
-305
-182
69
223
308
452
573
555
666
823
914
963
912
1008
1059
1091
1094
1076
1075
1087
1055
988
909
812
767
735
760
623
470
449
492
495
423
315
214
223
202
222
239
169
49
-13
96
165
166
141
161
192
220
212
281
385
338
309
289
368
416
400
438
400
392
355
351
411
363
284
249
203
169
132
39
37
-15
-70
-169
-251
-282
-298
-313
-389
-468
-552
-591
-543
-555
-652
-734
-793
-796
-847
-904
-902
-956
-1028
-1069
-1092
-936
-749
-885
-1144
-1112
-908
-638
-568
-794
-881
-642
-296
-146
-229
-265
-56
148
300
424
359
398
591
709
828
811
779
867
1018
1096
1102
1121
1090
1193
1129
984
1005
1068
1142
1138
1002
877
951
1001
961
868
682
593
671
674
658
574
459
523
532
478
506
500
496
540
601
588
573
565
628
744
740
728
724
756
808
840
875
915
972
940
965
939
922
963
912
926
925
861
818
796
746
672
659
559
487
412
394
347
322
319
214
194
101
68
-6
-41
-58
-156
-250
-209
-229
-268
-350
-423
-357
-308
-191
-126
-277
-432
-364
-68
156
32
-185
-189
166
376
370
247
316
529
704
885
960
994
1055
1156
1282
1315
1330
1365
1365
1516
1600
1651
1606
1453
1431
1575
1706
1636
1414
1302
1440
1582
1496
1382
1285
1248
1244
1205
1163
1028
921
906
889
919
866
778
813
806
822
810
783
821
809
781
824
814
799
754
670
631
649
656
613
534
485
514
542
570
560
472
483
478
492
457
333
307
276
300
303
226
136
73
87
86
25
-53
-93
-104
-111
-151
-260
-335
-327
-337
-330
-390
-403
-368
-394
-407
-423
-397
-347
-332
-395
-475
-402
-260
-207
-321
-372
-299
-144
-46
-63
-49
32
178
262
303
417
473
564
706
830
848
919
1016
1069
1199
1206
1238
1266
1289
1353
1360
1400
1419
1323
1332
1403
1387
1330
1236
1135
1204
1197
1188
1095
958
964
941
892
783
725
642
584
577
491
396
446
500
430
371
368
385
371
355
356
365
414
368
346
352
326
318
310
292
300
315
262
213
202
184
180
180
168
116
61
77
42
0
-92
-122
-50
-126
-225
-260
-285
-276
-286
-367
-374
-402
-457
-462
-409
-418
-452
-451
-498
-511
-474
-429
-566
-642
-589
-475
-415
-494
-502
-438
-299
-196
-190
-101
-87
-76
50
184
257
270
348
409
543
543
544
677
759
855
798
805
870
994
1083
1083
1071
1016
1009
1094
1158
1077
902
870
896
867
795
710
661
670
609
503
427
329
311
224
229
174
107
64
71
63
-16
-87
-124
-99
-127
-130
-151
-172
-209
-198
-133
-155
-93
-150
-178
-107
-111
-162
-225
-179
-173
-156
-197
-227
-120
-131
-184
-227
-225
-211
-240
-318
-354
-328
-318
-301
-309
-365
-392
-383
-375
-389
-413
-478
-478
-492
-506
-476
-423
-487
-535
-530
-486
-404
-376
-335
-360
-312
-216
-183
-108
-107
-73
-20
71
132
229
275
201
273
493
698
657
609
624
714
807
863
849
823
849
910
856
786
795
733
740
694
667
590
500
494
420
381
392
283
214
129
54
60
-1
-52
-158
-222
-281
-235
-253
-277
-301
-314
-356
-417
-404
-403
-435
-445
-432
-454
-463
-520
-510
-477
-548
-594
-605
-587
-567
-571
-578
-566
-618
-695
-658
-620
-612
-669
-711
-706
-659
-609
-681
-719
-730
-661
-640
-669
-689
-678
-620
-669
-709
-718
-692
-703
-655
-669
-666
-621
-640
-621
-698
-562
-522
-588
-583
-530
-421
-428
-509
-448
-361
-321
-251
-205
-124
-65
45
71
72
153
218
244
210
290
363
311
329
326
349
326
286
297
252
201
125
133
127
86
24
82
82
39
-59
-73
-48
-125
-155
-128
-226
-210
-200
-207
-196
-314
-343
-316
-269
-275
-273
-313
-332
-310
-338
-382
-408
-468
-408
-415
-489
-521
-517
-494
-595
-619
-576
-612
-620
-696
-744
-674
-625
-669
-659
-607
-567
-564
-548
-547
-583
-585
-555
-473
-461
-508
-467
-452
-429
-358
-393
-385
-329
-331
-363
-385
-360
-365
-358
-359
-377
-308
-295
-331
-339
-360
-326
-339
-352
-311
-333
-307
-272
-235
-239
-279
-193
-188
-277
-292
-247
-231
-217
-215
-198
-215
-186
-128
-190
-128
-113
-143
-110
-144
-151
-131
-140
-163
-239
-277
-258
-234
-221
-191
-227
-245
-209
-254
-230
-245
-230
-255
-272
-302
-360
-360
-395
-439
-527
-531
-584
-599
-648
-722
-737
-742
-789
-869
-858
-913
-936
-917
-964
-996
-1054
-1083
-1101
-1100
-1136
-1165
-1181
-1055
-1056
-1121
-1031
-978
-972
-973
-981
-970
-923
-861
-859
-873
-823
-812
-775
-774
-757
-749
-733
-724
-716
-753
-694
-654
-707
-682
-664
-676
-662
-667
-713
-711
-694
-721
-777
-805
-796
-821
-838
-794
-834
-760
-736
-713
-706
-734
-699
-692
-712
-740
-705
-669
-628
-555
-496
-494
-447
-352
-343
-320
-254
-264
-249
-246
-220
-140
-142
-100
-64
-102
-59
-56
-72
-114
-142
-153
-173
-161
-213
-258
-294
-309
-304
-399
-400
-478
-542
-548
-592
-670
-710
-714
-718
-719
-724
-724
-776
-731
-765
-783
-728
-715
-665
-698
-753
-751
-711
-655
-642
-597
-564
-501
-491
-517
-522
-470
-404
-354
-339
-321
-315
-338
-280
-257
-298
-301
-349
-395
-396
-386
-384
-379
-392
-413
-449
-461
-455
-436
-413
-424
-384
-393
-471
-497
-416
-434
-477
-504
-498
-498
-513
-498
-456
-466
-470
-439
-415
-380
-328
-335
-316
-279
-287
-225
-244
-218
-221
-166
-140
-170
-120
-134
-117
-82
-96
-121
-22
-5
-10
-9
-3
-7
3
4
-68
-119
-204
-210
-256
-334
-342
-396
-375
-402
-418
-444
-483
-486
-520
-513
-525
-510
-545
-557
-519
-516
-551
-561
-588
-613
-641
-691
-726
-735
-711
-705
-697
-609
-562
-525
-542
-508
-492
-537
-522
-485
-479
-500
-469
-523
-564
-537
-537
-531
-516
-464
-434
-399
-410
-354
-328
-303
-277
-347
-274
-259
-264
-288
-328
-310
-300
-290
-301
-330
-327
-294
-316
-307
-368
-397
-327
-318
-327
-383
-390
-373
-301
-275
-288
-294
-319
-287
-267
-246
-220
-227
-213
-207
-173
-166
-140
-94
-115
-145
-124
-114
-104
-90
-98
-51
-79
-96
-40
-83
-100
-76
-148
-157
-211
-227
-194
-225
-357
-415
-445
-446
-422
-429
-422
-484
-552
-523
-523
-545
-574
-552
-534
-515
-497
-487
-474
-472
-482
-439
-465
-496
-465
-498
-483
-499
-480
-409
-375
-330
-362
-287
-213
-216
-255
-237
-241
-262
-197
-162
-152
-163
-150
-219
-208
-279
-310
-257
-232
-205
-206
-250
-219
-188
-201
-169
-189
-153
-197
-222
-231
-195
-176
-164
-147
-135
-133
-141
-112
-177
-138
-80
-75
-94
-133
-143
-150
-90
-102
-139
-168
-186
-142
-55
-69
-95
-60
-32
38
63
30
24
9
-17
47
30
-37
-52
-59
-5
15
-50
-59
-47
-20
5
15
-76
-115
-102
-9
-24
-93
-158
-210
-173
-131
-113
-162
-185
-193
-240
-237
-233
-271
-250
-258
-294
-265
-280
-265
-179
-193
-256
-246
-258
-223
-217
-298
-249
-187
-181
-147
-112
-104
-16
9
-4
37
26
43
30
56
-7
20
52
37
34
74
76
7
-41
-76
-39
-40
-44
-75
-87
-65
-145
-177
-224
-189
-225
-231
-244
-303
-283
-340
-289
-257
-300
-332
-318
-232
-211
-243
-200
-199
-146
-82
-90
-134
-169
-160
-124
-52
-64
-41
-27
38
150
168
147
153
190
200
177
183
154
206
184
163
196
154
159
107
75
84
76
105
65
54
87
48
91
126
93
87
74
57
92
49
-38
-61
-99
-142
-142
-140
-167
-144
-141
-115
-145
-137
-97
-47
-23
-104
-85
-81
-35
-6
-69
-55
-70
-39
-4
-2
-1
42
62
44
67
107
108
58
50
15
7
50
56
70
0
-40
-35
-51
-13
-38
-96
-169
-161
-158
-135
-172
-166
-94
-57
-66
-94
-100
-62
-15
-51
-117
-90
-50
-15
-22
-37
-18
45
93
114
142
157
163
155
191
261
303
346
332
365
349
347
340
351
389
402
336
307
305
321
375
369
345
345
314
316
263
274
212
189
182
148
99
-8
-28
-62
-50
-90
-108
-97
-99
-90
-101
-161
-172
-127
-93
-99
-138
-149
-132
-122
-78
-110
-124
-103
-120
-103
-60
-31
-19
33
56
88
111
90
76
39
65
38
67
82
58
57
51
84
30
79
74
6
9
-67
-91
-32
7
17
15
-4
19
2
-10
-2
-80
-114
-87
-121
-148
-159
-132
-116
-74
-66
-30
-17
-30
-21
-12
14
8
-15
-14
42
82
77
80
46
43
114
161
114
67
78
124
197
141
90
118
135
152
130
123
97
36
21
-29
-23
-23
-33
-63
-98
-89
-89
-139
-125
-142
-183
-197
-266
-295
-303
-325
-314
-308
-356
-345
-302
-344
-334
-337
-357
-335
-320
-289
-281
-278
-265
-289
-253
-201
-199
-193
-241
-235
-175
-175
-164
-99
-104
-144
-157
-127
-117
-124
-98
-185
-200
-145
-151
-180
-222
-220
-303
-326
-310
-261
-270
-348
-289
-291
-267
-243
-270
-306
-322
-392
-349
-316
-424
-426
-481
-430
-414
-442
-385
-380
-355
-291
-253
-208
-175
-157
-170
-151
-102
-85
-144
-93
9
32
28
36
52
86
96
92
54
86
72
31
11
25
37
-6
-45
-78
-74
-61
-83
-137
-141
-124
-156
-194
-257
-259
-264
-307
-307
-329
-310
-303
-305
-344
-331
-371
-331
-313
-364
-321
-278
-247
-241
-261
-222
-174
-181
-190
-208
-203
-200
-165
-154
-148
-112
-91
-76
-59
-34
27
53
-19
-36
-43
-79
-14
-41
-14
17
-2
-3
-107
-124
-154
-190
-184
-160
-173
-208
-181
-177
-163
-167
-175
-127
-110
-147
-167
-138
-193
-176
-170
-199
-148
-105
-72
-75
-11
-42
-34
-22
-25
-3
8
49
87
99
127
139
206
237
265
256
258
310
361
327
296
273
226
240
132
58
-16
-57
-34
-30
-50
-83
-83
-99
-96
-79
-104
-128
-161
-148
-171
-142
-152
-192
-200
-233
-207
-209
-273
-228
-216
-179
-150
-154
-87
-61
-29
-8
-12
-30
35
63
38
43
30
25
116
94
64
103
83
57
45
119
160
118
39
36
64
48
-3
-42
-55
-133
-165
-148
-145
-140
-210
-200
-160
-154
-137
-169
-198
-188
-128
-173
-134
-140
-171
-160
-159
-95
-119
-123
-59
-14
-4
16
40
78
83
78
70
67
77
34
-26
-70
-19
-18
-14
-29
-62
37
25
29
-19
-30
17
-6
-45
-38
-73
-80
-41
-120
-130
-174
-183
-163
-205
-228
-229
-166
-133
-128
-168
-157
-221
-205
-209
-221
-204
-211
-156
-113
-122
-128
-123
-97
-78
-74
-83
-143
-96
-65
-80
-83
-60
-66
-54
-40
-61
-46
-55
-56
-5
12
22
41
77
101
173
162
178
128
69
53
32
-25
-72
-13
-52
-68
-22
-30
-37
-65
-83
-85
-84
-100
-117
-65
-19
-31
-76
-41
-75
-89
-53
-53
-43
-41
9
13
31
67
71
85
101
142
210
215
204
236
305
273
308
277
290
300
315
384
325
356
389
435
430
394
384
372
353
408
378
308
357
344
308
297
268
288
272
280
292
240
180
136
113
121
116
38
28
75
135
138
146
164
169
257
355
315
330
366
335
405
410
388
440
457
492
450
450
453
457
530
616
622
610
641
665
662
639
634
605
595
583
532
540
567
536
591
560
516
484
503
561
552
521
535
562
601
585
585
580
604
609
605
610
623
588
571
649
672
668
703
706
691
755
830
845
841
877
876
866
897
886
917
843
837
853
790
850
840
915
912
909
929
876
872
837
826
840
765
745
695
677
770
784
777
767
722
776
784
718
788
770
751
767
760
767
792
812
833
833
829
872
885
930
912
915
917
903
950
995
1010
979
958
978
980
971
1003
1003
983
956
931
883
860
839
883
873
842
863
827
812
757
711
708
717
703
723
722
688
745
778
777
844
818
812
854
816
830
787
790
879
875
879
911
910
964
983
963
972
1021
1006
1032
1016
1009
1077
1025
1015
997
976
1020
1041
1054
999
1024
1002
950
925
885
856
837
853
852
847
783
790
831
786
741
732
776
778
765
771
681
659
689
652
736
711
712
726
709
655
671
681
651
684
651
699
656
678
704
764
758
747
787
789
794
761
714
718
731
725
699
656
657
617
649
711
722
674
663
654
633
659
582
567
571
550
509
466
483
507
511
521
565
569
568
554
601
614
585
617
578
609
606
610
684
700
733
729
739
714
711
729
709
716
664
696
758
714
684
676
713
777
771
720
732
702
712
723
721
694
630
678
659
604
591
597
556
523
528
469
478
456
434
481
446
426
438
402
397
434
414
357
297
308
300
237
235
225
225
255
274
244
296
367
352
385
403
396
373
386
416
437
445
522
536
557
532
523
543
539
563
534
565
507
502
516
495
520
489
506
504
432
386
352
315
266
331
295
259
295
302
384
398
361
392
360
346
373
336
317
339
327
321
331
382
424
436
443
449
453
450
500
507
497
515
565
546
541
530
489
498
548
532
494
462
469
520
495
495
441
423
461
466
445
405
367
406
401
419
395
355
314
292
314
276
268
237
265
266
242
225
194
209
154
177
180
162
186
200
239
233
188
204
267
224
253
296
307
331
362
366
382
402
401
467
456
448
476
493
501
510
472
461
454
400
405
362
343
321
297
291
251
237
241
193
143
150
155
178
179
173
164
158
157
170
191
156
156
144
152
197
221
235
293
303
325
357
346
308
288
316
343
324
308
308
300
316
301
257
245
245
290
265
248
248
257
252
254
248
233
249
252
275
250
246
200
181
171
162
125
102
93
123
107
131
85
-9
-20
-26
-19
-26
20
40
29
41
86
112
140
173
190
216
207
214
249
212
241
283
293
280
276
295
319
317
291
311
272
280
242
235
283
239
273
278
214
183
175
188
116
73
6
-19
-25
-13
-79
-76
-26
-2
6
-22
10
-11
53
24
36
39
40
68
102
141
234
259
259
287
275
322
309
294
291
273
289
328
345
311
313
319
318
346
272
247
238
203
202
211
208
158
145
150
113
71
67
111
93
96
95
69
58
21
52
64
0
-4
21
-21
-3
41
15
43
25
36
16
55
86
101
147
195
174
187
204
178
156
203
218
185
142
131
203
152
170
146
118
129
69
116
147
148
114
107
150
146
146
45
38
38
26
-30
-49
-16
-57
-7
-34
-63
-90
-117
-124
-130
-109
-68
-40
-71
-61
-42
17
10
47
46
44
28
5
-30
-75
-54
34
-10
38
124
-7
-88
-112
-48
48
-17
-179
-111
-3
23
12
-32
-144
-194
-122
-99
-109
-163
-251
-180
-153
-119
-135
-148
-158
-222
-207
-195
-188
-272
-326
-290
-254
-235
-268
-260
-278
-329
-333
-330
-306
-369
-384
-385
-302
-301
-255
-204
-186
-165
-225
-184
-159
-155
-193
-199
-146
-201
-257
-213
-218
-196
-145
-120
-190
-193
-190
-200
-168
-232
-257
-255
-247
-208
-242
-310
-329
-278
-328
-361
-312
-327
-364
-324
-300
-274
-306
-292
-243
-255
-265
-260
-220
-173
-138
-166
-159
-156
-165
-118
-172
-174
-157
-157
-109
-127
-137
-164
-215
-183
-185
-206
-201
-222
-258
-230
-255
-241
-210
-253
-260
-217
-212
-136
-160
-181
-190
-256
-232
-261
-286
-328
-336
-312
-269
-346
-311
-258
-232
-255
-269
-270
-325
-366
-394
-386
-433
-419
-399
-404
-420
-428
-423
-432
-440
-467
-463
-460
-430
-462
-430
-401
-403
-365
-378
-388
-394
-378
-397
-416
-463
-436
-424
-404
-401
-430
-417
-416
-431
-469
-481
-515
-509
-524
-518
-566
-599
-608
-673
-668
-644
-665
-676
-650
-700
-716
-692
-660
-610
-687
-648
-702
-705
-653
-680
-639
-659
-589
-594
-588
-541
-538
-477
-432
-475
-483
-501
-505
-473
-440
-401
-408
-391
-391
-403
-403
-432
-437
-447
-502
-506
-521
-558
-563
-591
-601
-629
-606
-639
-652
-634
-641
-640
-658
-656
-670
-631
-632
-627
-646
-621
-629
-652
-613
-610
-583
-641
-659
-600
-592
-559
-558
-556
-567
-611
-636
-602
-599
-642
-585
-605
-601
-621
-667
-662
-650
-628
-622
-543
-603
-614
-583
-604
-509
-529
-507
-509
-491
-441
-466
-472
-458
-477
-498
-503
-465
-441
-413
-462
-463
-382
-391
-371
-356
-376
-367
-407
-401
-357
-437
-371
-371
-377
-325
-329
-299
-375
-379
-334
-286
-276
-230
-196
-203
-148
-156
-135
-125
-111
-161
-201
-208
-212
-239
-222
-189
-175
-102
-133
-107
-37
-69
-96
-72
-105
-159
-212
-175
-191
-173
-203
-161
-169
-196
-151
-200
-227
-250
-259
-261
-256
-246
-222
-176
-148
-237
-214
-243
-261
-251
-260
-233
-252
-245
-268
-232
-220
-187
-175
-181
-175
-212
-208
-215
-191
-169
-145
-174
-187
-139
-150
-153
-159
-163
-153
-145
-174
-165
-140
-148
-116
-133
-134
-124
-136
-151
-82
-95
-75
-47
-59
-76
-77
-123
-172
-133
-92
-73
-70
-39
14
-33
-58
-68
-68
-119
-151
-130
-162
-164
-114
-63
-114
-69
-42
-43
-38
-52
-2
19
41
-1
42
60
43
58
38
21
79
91
121
119
93
44
-13
-44
-54
-69
-89
-69
-70
-79
-66
-69
-36
-83
-143
-148
-165
-196
-189
-153
-144
-174
-141
-100
-141
-108
-123
-98
-161
-157
-82
-97
-125
-58
-4
-51
-37
-29
-59
-47
-60
-33
-9
-59
-29
-56
-27
0
35
68
42
61
105
61
55
51
38
12
21
21
7
31
37
27
5
7
-4
-18
9
85
50
9
44
71
150
161
168
130
149
177
205
177
217
202
165
193
176
169
198
209
154
177
164
149
107
124
162
126
155
170
139
175
196
168
131
123
179
172
118
122
100
108
153
134
105
146
155
91
107
136
114
117
63
61
61
43
42
59
73
45
70
56
38
46
30
10
45
59
46
8
-20
-3
-3
25
17
62
51
80
60
100
142
155
146
136
102
112
109
78
88
62
87
121
146
112
91
85
126
120
129
154
162
240
239
232
212
175
157
81
102
109
54
2
-26
1
-3
28
61
42
18
37
43
61
10
10
36
-14
39
-61
-34
-25
-43
1
-13
-32
-17
7
-35
-47
-54
-34
-6
-10
4
-1
34
25
-3
19
11
33
69
106
122
103
107
109
40
72
56
36
25
2
11
-9
-45
-40
-69
-105
-153
-177
-180
-190
-203
-181
-187
-236
-190
-205
-196
-256
-226
-227
-274
-255
-263
-317
-303
-281
-288
-233
-261
-246
-231
-207
-234
-167
-152
-141
-124
-168
-208
-197
-140
-158
-136
-137
-86
-111
-153
-141
-136
-115
-125
-132
-173
-136
-87
-84
-61
-73
-55
-89
-42
-73
-80
-56
-14
-15
-62
-30
-100
-121
-133
-143
-147
-203
-217
-173
-213
-225
-284
-311
-266
-277
-247
-247
-231
-249
-281
-277
-267
-285
-310
-315
-262
-274
-237
-205
-178
-195
-219
-248
-200
-154
-97
-70
-140
-116
-144
-113
-106
-110
-112
-93
-82
-106
-123
-92
-125
-182
-194
-258
-247
-262
-234
-230
-280
-246
-264
-240
-239
-269
-265
-249
-300
-248
-232
-216
-217
-214
-161
-222
-252
-202
-205
-224
-179
-204
-192
-198
-167
-135
-153
-92
-62
-17
0
31
70
9
-22
-21
-54
10
18
6
41
64
55
59
48
55
20
-30
12
28
37
40
51
79
96
93
88
64
69
74
80
73
-9
7
32
2
0
-14
-37
-11
55
-10
31
25
7
32
7
-13
-43
11
1
18
46
62
48
66
15
71
69
33
53
40
0
9
42
-9
3
-39
-51
6
-23
-85
-76
-30
-2
-77
-96
-71
-102
-120
-155
-143
-188
-187
-213
-222
-161
-155
-135
-150
-203
-189
-187
-219
-213
-189
-171
-189
-181
-238
-181
-169
-144
-118
-133
-110
-74
-46
-34
-9
16
7
-6
72
46
49
9
33
52
19
8
-39
19
89
84
93
77
49
-1
-17
-24
-58
-89
-62
-65
-81
-42
-30
-37
-76
-55
-73
-63
-84
-89
-52
-63
-105
-106
-136
-112
-98
-114
-92
-120
-96
-78
-51
-92
-30
-35
-28
-1
-12
7
-36
-53
-92
-92
-72
-96
-126
-134
-118
-104
-72
-83
-134
-106
-106
-114
-124
-159
-169
-203
-222
-253
-209
-202
-218
-202
-179
-154
-181
-182
-192
-181
-168
-184
-183
-162
-148
-167
-184
-180
-179
-162
-175
-174
-177
-166
-203
-195
-201
-181
-183
-205
-161
-151
-146
-154
-167
-207
-185
-170
-194
-151
-163
-160
-125
-141
-122
-141
-128
-138
-129
-95
-108
-90
-49
-40
-74
-11
-77
-82
-13
-8
8
-20
45
62
29
50
50
59
49
8
-36
-26
-87
-65
-111
-111
-106
-151
-147
-220
-189
-211
-207
-223
-197
-250
-267
-234
-259
-227
-290
-297
-269
-220
-268
-299
-302
-329
-319
-329
-329
-374
-397
-379
-367
-354
-285
-258
-239
-234
-245
-178
-142
-179
-141
-169
-188
-160
-151
-185
-177
-151
-107
-70
-87
-79
-84
-50
39
50
19
50
27
22
44
50
29
13
-14
-39
7
46
34
-15
26
20
-2
5
14
3
-16
-5
41
46
56
61
60
103
60
-22
-20
3
20
35
82
108
162
195
234
266
287
289
295
253
238
189
204
243
230
215
211
218
236
222
203
221
217
216
192
202
184
128
134
117
111
101
67
11
-5
-13
-9
4
7
15
24
46
76
67
82
153
108
54
46
38
77
43
29
8
-17
-52
-34
-43
-21
36
-11
36
29
54
59
28
53
16
15
-6
-21
-21
-23
-16
-37
-70
-73
-76
-113
-85
-62
-52
-47
-29
25
66
85
93
137
144
125
158
177
173
162
117
83
32
12
38
26
80
59
119
144
134
154
124
82
95
109
105
130
68
94
67
50
50
73
56
107
100
76
81
19
39
4
22
35
18
-3
-31
-18
-55
-88
-60
-53
-54
-56
-53
-69
-24
-14
-14
6
-49
-63
-64
-129
-174
-204
-201
-215
-191
-204
-204
-160
-199
-210
-180
-224
-205
-167
-182
-162
-161
-139
-139
-181
-211
-203
-231
-237
-181
-189
-169
-170
-153
-153
-106
-137
-102
-93
-63
-31
-65
-139
-160
-142
-145
-119
-113
-101
-97
-86
-98
-68
-77
-100
-99
-59
-82
-79
-52
-61
-44
-83
-125
-122
-76
-139
-152
-170
-140
-95
-117
-157
-150
-89
-98
-86
-86
-94
-102
-91
-111
-116
-161
-158
-189
-211
-193
-186
-172
-199
-179
-170
-154
-152
-164
-178
-195
-168
-185
-168
-149
-161
-155
-170
-180
-201
-197
-219
-222
-210
-263
-268
-270
-269
-292
-338
-305
-329
-371
-296
-284
-282
-311
-291
-307
-338
-356
-376
-378
-378
-400
-411
-405
-414
-375
-361
-309
-371
-343
-320
-311
-290
-237
-230
-256
-213
-202
-206
-209
-192
-243
-242
-208
-220
-186
-209
-236
-266
-239
-248
-260
-227
-222
-209
-219
-220
-226
-222
-218
-227
-257
-298
-329
-296
-339
-330
-253
-282
-280
-241
-203
-191
-260
-278
-227
-257
-249
-261
-300
-255
-230
-269
-326
-327
-363
-341
-392
-427
-409
-433
-401
-414
-439
-442
-464
-448
-413
-410
-379
-377
-415
-411
-446
-378
-374
-356
-344
-395
-381
-383
-433
-440
-429
-440
-391
-422
-393
-302
-359
-354
-362
-346
-347
-393
-360
-359
-393
-434
-403
-465
-443
-397
-409
-420
-415
-375
-447
-442
-395
-370
-364
-348
-344
-302
-356
-368
-340
-356
-337
-397
-374
-347
-347
-430
-416
-435
-432
-387
-418
-391
-378
-395
-389
-380
-410
-391
-389
-388
-367
-383
-391
-378
-351
-364
-368
-383
-364
-345
-346
-379
-369
-364
-359
-294
-312
-307
-337
-343
-320
-325
-321
-319
-320
-296
-355
-368
-363
-368
-361
-408
-435
-396
-381
-413
-382
-380
-416
-384
-443
-461
-416
-424
-375
-405
-385
-412
-423
-435
-467
-404
-453
-414
-426
-458
-424
-446
-469
-496
-460
-506
-522
-511
-512
-485
-464
-489
-469
-455
-446
-401
-389
-423
-440
-402
-424
-442
-445
-402
-434
-363
-347
-327
-287
-288
-235
-287
-260
-213
-281
-322
-305
-294
-296
-289
-263
-303
-266
-252
-274
-267
-318
-300
-314
-304
-254
-258
-212
-203
-221
-220
-232
-264
-292
-301
-324
-271
-250
-213
-210
-255
-254
-300
-283
-277
-295
-208
-199
-225
-233
-272
-243
-263
-258
-247
-237
-244
-270
-289
-315
-307
-332
-289
-326
-369
-346
-330
-318
-323
-264
-216
-248
-241
-218
-244
-267
-307
-286
-271
-327
-280
-316
-262
-237
-295
-244
-308
-277
-283
-280
-257
-271
-213
-253
-208
-297
-307
-296
-331
-338
-313
-358
-377
-366
-369
-366
-314
-331
-371
-344
-313
-259
-271
-229
-267
-256
-282
-272
-320
-357
-348
-331
-331
-315
-241
-284
-291
-332
-324
-290
-291
-288
-302
-283
-240
-212
-169
-172
-196
-208
-221
-244
-228
-181
-153
-179
-203
-186
-185
-186
-187
-172
-193
-185
-147
-165
-139
-104
-98
-161
-136
-128
-183
-215
-249
-225
-215
-291
-272
-289
-303
-292
-333
-334
-333
-346
-339
-340
-391
-362
-360
-391
-380
-369
-383
-365
-358
-348
-347
-356
-311
-289
-307
-316
-320
-280
-328
-320
-309
-288
-262
-246
-239
-256
-260
-279
-253
-224
-244
-216
-197
-249
-222
-235
-257
-266
-242
-208
-227
-238
-187
-170
-174
-175
-185
-180
-183
-203
-179
-202
-173
-186
-211
-151
-196
-173
-219
-180
-146
-120
-151
-164
-147
-188
-174
-201
-192
-152
-144
-130
-110
-122
-91
-91
-160
-154
-101
-135
-194
-199
-259
-221
-185
-233
-188
-178
-157
-162
-161
-144
-158
-196
-151
-165
-145
-136
-107
-81
-113
-109
-120
-126
-170
-157
-94
-100
-112
-80
-62
-45
-85
-55
-40
-85
-113
-137
-129
-143
-164
-216
-171
-151
-152
-176
-133
-140
-157
-133
-128
-121
-171
-196
-219
-236
-225
-193
-267
-208
-229
-175
-139
-179
-198
-239
-223
-277
-329
-315
-284
-291
-236
-323
-317
-274
-272
-258
-306
-291
-246
-311
-304
-296
-274
-208
-211
-212
-176
-149
-127
-123
-121
-123
-114
-43
-13
1
-22
20
41
37
45
53
32
49
70
56
-16
-5
-35
-61
-86
-88
-34
-55
-65
-108
-88
-165
-184
-176
-174
-179
-207
-171
-210
-212
-202
-222
-306
-309
-223
-224
-233
-225
-194
-178
-148
-144
-156
-140
-127
-130
-189
-170
-171
-150
-97
-137
-153
-143
-141
-155
-183
-139
-148
-180
-151
-112
-82
-119
-84
-58
-63
-21
-36
-90
-57
-69
-89
-44
-78
-49
14
-48
-85
-71
-55
-109
-159
-144
-105
-133
-107
-103
-84
-99
-104
-112
-146
-137
-178
-202
-160
-171
-147
-138
-138
-109
-70
-68
-79
-56
-56
-26
-31
32
20
20
-22
-24
-2
-75
-48
-24
-56
-33
-34
18
72
82
65
62
56
62
89
104
109
77
78
77
59
24
5
-27
-50
-87
-131
-140
-128
-62
-143
-80
-80
-141
-161
-162
-168
-189
-223
-217
-212
-207
-211
-216
-177
-89
-98
-172
-147
-184
-150
-179
-202
-184
-159
-141
-153
-125
-121
-170
-128
-104
-119
-103
-75
-120
-145
-109
-114
-145
-143
-151
-155
-179
-230
-186
-169
-150
-173
-167
-155
-155
-103
-125
-141
-191
-141
-116
-118
-83
-48
-76
-44
56
16
2
23
4
31
56
32
52
23
-26
3
-24
-51
-23
-3
20
40
10
35
57
37
40
30
6
26
36
41
29
32
39
71
67
27
21
21
32
-50
-47
6
70
50
35
39
16
11
-61
-46
-98
-105
-112
-165
-146
-165
-188
-211
-181
-196
-137
-156
-205
-164
-144
-167
-151
-65
-93
-95
-68
-78
-51
-60
-63
-53
-28
-13
-30
21
9
26
33
35
17
25
22
-28
-94
-74
-104
-67
-48
-48
-8
-11
-46
-59
-69
-115
-119
-121
-101
-92
-115
-39
-46
-86
-57
-46
-54
-49
-54
37
39
61
79
61
100
72
101
76
63
40
53
43
46
23
33
53
-13
44
18
13
-7
16
30
-21
5
17
45
-10
-44
-41
-36
-69
-57
-76
-96
-83
-133
-137
-191
-138
-146
-161
-108
-156
-90
-119
-36
8
31
65
17
2
-6
5
-17
-11
-83
-93
-100
-128
-118
-150
-163
-142
-153
-143
-227
-226
-194
-219
-176
-204
-236
-223
-251
-241
-271
-271
-238
-295
-309
-277
-258
-317
-309
-228
-190
-140
-160
-173
-158
-57
-107
-135
-96
-124
-80
-55
-22
-26
-18
-6
-1
-42
-11
-2
-44
-54
-39
-26
-22
-2
-1
15
27
-12
-21
-28
-9
-44
-29
-21
-65
-23
-35
-32
-61
-118
-108
-126
-152
-123
-152
-167
-132
-98
-118
-105
-125
-172
-139
-142
-185
-185
-137
-167
-142
-119
-123
-132
-121
-130
-140
-100
-103
-65
-42
-24
-10
15
77
50
58
57
52
72
98
58
17
32
41
22
18
-31
-58
-1
-16
-5
-34
-60
-100
-128
-158
-177
-176
-184
-137
-138
-141
-113
-148
-131
-130
-135
-86
-52
-42
-16
-27
-41
-35
-21
39
44
82
131
186
181
187
180
202
209
220
236
244
248
256
288
273
291
260
246
244
251
237
226
245
198
244
235
207
227
229
268
227
219
255
206
222
193
196
178
147
158
132
144
136
110
184
259
253
214
217
191
179
273
267
243
228
220
203
155
131
122
134
194
228
235
294
303
292
322
291
286
274
259
240
266
274
249
284
209
184
152
128
135
137
94
126
87
24
60
64
91
60
81
82
63
135
160
194
194
199
214
210
200
199
231
250
278
308
320
324
322
331
363
370
345
324
313
305
330
290
293
310
327
301
300
317
349
390
423
357
301
307
312
290
291
334
330
332
352
363
280
313
308
329
349
359
344
359
387
417
423
396
412
409
379
390
359
320
351
304
276
259
280
273
268
277
273
309
347
393
404
423
431
464
444
457
505
487
523
528
526
489
434
454
439
489
493
483
448
433
486
460
421
435
396
391
386
438
415
425
442
359
385
376
379
386
367
335
356
382
374
423
438
483
511
554
563
543
592
613
625
626
626
606
606
609
609
585
588
610
606
660
682
670
698
699
695
667
650
681
669
683
708
652
612
601
591
580
611
671
633
655
690
723
712
738
736
766
777
788
806
792
788
718
766
759
688
684
670
665
650
647
615
606
673
684
687
695
722
693
692
658
635
636
653
650
670
648
653
678
659
675
638
590
611
578
583
588
599
608
557
591
576
571
577
612
635
634
702
738
760
788
792
807
809
802
753
733
713
734
712
707
743
736
722
719
761
749
750
759
760
760
733
753
809
782
789
837
803
777
783
789
801
820
820
833
759
738
728
706
742
782
753
763
783
775
768
767
753
718
696
697
734
708
721
747
785
715
710
754
744
713
721
690
668
727
728
738
716
770
727
731
740
692
670
649
617
624
651
635
671
664
686
643
641
609
605
648
632
628
623
671
669
591
633
651
635
646
634
635
654
665
676
665
629
669
607
610
565
537
542
478
483
532
542
538
532
526
539
574
605
573
601
672
661
688
742
720
709
740
718
694
712
692
653
606
663
707
724
695
692
715
731
735
733
746
762
766
745
729
704
704
664
681
632
584
546
556
536
538
565
522
540
554
569
590
576
561
542
561
585
600
579
535
546
602
597
568
592
564
607
583
555
536
563
533
540
541
552
566
555
501
551
525
521
490
440
487
417
429
466
450
432
480
509
516
464
481
495
487
515
491
466
453
457
498
502
465
482
482
470
484
457
498
458
472
431
425
434
415
444
438
399
384
393
364
332
349
343
366
415
401
460
437
436
481
448
472
421
434
417
407
396
340
344
355
380
344
336
313
265
238
274
309
275
273
259
244
248
239
215
223
206
290
278
241
245
257
335
320
293
294
296
277
287
265
305
312
302
314
284
258
222
251
265
202
149
137
137
149
57
55
39
20
41
19
27
4
-26
-59
-94
-110
-113
-144
-202
-187
-164
-146
-186
-190
-239
-223
-156
-240
-239
-189
-197
-218
-211
-230
-217
-257
-267
-252
-251
-237
-205
-190
-185
-187
-180
-128
-130
-132
-88
-85
-107
-121
-107
-122
-132
-150
-140
-164
-225
-234
-268
-220
-239
-253
-266
-258
-288
-284
-286
-323
-297
-360
-354
-410
-415
-412
-403
-394
-442
-455
-471
-443
-444
-408
-373
-351
-321
-353
-327
-300
-313
-312
-295
-329
-339
-372
-342
-320
-300
-315
-339
-299
-302
-296
-293
-284
-289
-313
-271
-305
-340
-324
-351
-403
-397
-386
-370
-335
-329
-306
-295
-318
-304
-317
-343
-300
-278
-250
-242
-246
-209
-152
-205
-191
-209
-240
-213
-259
-256
-240
-251
-250
-268
-305
-306
-211
-246
-221
-208
-214
-163
-169
-177
-196
-180
-212
-219
-229
-244
-257
-239
-236
-243
-209
-195
-167
-153
-170
-157
-186
-198
-202
-194
-170
-215
-223
-215
-203
-207
-244
-270
-251
-242
-241
-196
-176
-177
-241
-211
-166
-149
-101
-47
-75
-79
-57
-125
-110
-90
-105
-126
-113
-126
-126
-136
-164
-185
-217
-253
-274
-267
-275
-257
-281
-240
-275
-281
-232
-240
-210
-213
-277
-237
-248
-278
-241
-225
-187
-200
-175
-137
-138
-131
-151
-198
-203
-232
-243
-222
-185
-169
-92
-121
-129
-146
-128
-131
-92
-146
-190
-164
-194
-122
-118
-147
-182
-194
-153
-168
-148
-154
-139
-130
-115
-58
-30
-2
-22
12
0
-6
-36
-28
-54
-12
-65
-62
-72
-136
-95
-65
-76
-112
-128
-129
-67
-62
-96
-110
-99
-90
-76
-66
-86
-123
-130
-147
-103
-84
-65
-69
-17
16
-10
7
-10
9
46
67
2
1
22
44
32
7
-12
-69
-47
-98
-124
-93
-90
-106
-125
-145
-77
-113
-109
-115
-129
-116
-175
-156
-184
-189
-168
-181
-182
-176
-184
-146
-140
-156
-121
-124
-112
-81
-104
-70
-84
-93
-91
-54
-49
-37
-43
-32
-53
-60
-49
-74
-65
-93
-100
-60
-55
-47
-57
-28
-67
-103
-117
-120
-127
-153
-129
-124
-114
-84
-68
-90
-85
-100
-58
-39
-63
-66
-50
-61
-39
-8
-17
7
21
43
41
12
6
-21
8
-16
23
65
51
66
116
105
66
82
49
24
26
4
-66
-18
-32
-31
-43
-1
8
-6
-14
-73
-83
-47
-88
-129
-163
-196
-201
-237
-230
-208
-209
-216
-144
-105
-143
-137
-91
-127
-146
-107
-103
-126
-156
-174
-156
-182
-205
-184
-208
-152
-129
-86
-12
-45
-52
-31
-26
0
-4
4
2
-18
-18
-2
-11
-46
-27
-52
-29
-50
-89
-29
-72
-41
-72
-52
-9
-50
34
21
32
-54
-103
-106
-104
-74
-105
-92
-110
-62
-35
-31
-2
29
-7
-9
38
15
45
87
56
68
97
76
75
80
104
35
-1
9
-45
-69
-87
-138
-113
-95
