SAMPLES:	17858
BITSPERSAMPLE:	16
CHANNELS:	1
SAMPLERATE:	16000
NORMALIZED:	FALSE
-143
-180
-146
-194
-176
-150
-141
-135
-125
-122
-126
-139
-135
-146
-141
-142
-123
-152
-164
-137
-136
-168
-121
-120
-138
-95
-73
-13
-29
47
52
-32
-37
-23
-15
7
7
10
-21
-50
5
30
7
-24
-31
-54
-29
-18
-73
-67
-39
-71
-24
-23
-36
-29
-42
-74
-103
-106
-147
-193
-192
-192
-237
-225
-248
-235
-193
-146
-171
-176
-166
-234
-188
-171
-155
-130
-115
-160
-153
-90
-76
-100
-94
-31
3
23
71
74
90
86
94
139
109
76
37
20
38
33
12
-25
-61
-67
-64
-93
-105
-101
-104
-140
-201
-212
-219
-243
-254
-247
-270
-289
-291
-210
-232
-223
-237
-206
-132
-162
-135
-112
-89
-63
10
28
-25
-76
-54
-79
-76
-71
-107
-77
-32
-42
0
-9
24
55
6
2
-21
-74
-44
-50
-36
-38
-27
-21
-40
-21
-23
-48
-82
-78
-76
-91
-111
-101
-153
-114
-129
-135
-109
-127
-92
-141
-125
-85
-82
-74
-88
-74
-93
-131
-87
-123
-168
-107
-91
-144
-166
-128
-149
-119
-62
-92
-20
-8
-73
-83
-80
-90
-123
-172
-96
-155
-218
-170
-149
-158
-199
-144
-73
-118
-128
-76
-56
-139
-119
-70
-97
-75
-61
-24
-35
-33
-76
-64
-101
-82
-116
-107
-75
-78
-39
-55
-43
-63
-61
-21
-23
-37
-20
-32
-6
-10
-44
1
-63
-63
-38
-53
-51
-29
-35
-56
-58
-56
-54
-51
-24
-15
28
-11
-90
-63
-80
-60
-61
-83
-38
-21
-24
-23
-31
-26
-50
-64
-71
-101
-80
-55
-70
-113
-125
-100
-61
-21
-3
-6
-29
10
-21
-25
-31
-57
-29
-62
-77
-47
-9
-57
-66
-45
-96
-79
-57
-82
-102
-94
-84
-98
-57
-60
-12
11
-7
-17
-38
-76
-101
-74
-109
-98
-103
-121
-120
-78
-98
-89
-77
-129
-125
-97
-111
-90
-55
-65
-62
-96
-28
-35
-96
-57
-76
-81
-71
-56
-50
-61
-4
-29
-24
-15
-50
-31
2
-2
-27
17
15
-8
-2
-70
-40
-30
-33
13
-15
-60
-42
-69
-103
-83
-122
-118
-129
-149
-171
-220
-234
-230
-229
-215
-264
-223
-210
-219
-209
-234
-178
-214
-216
-172
-169
-181
-206
-147
-151
-166
-96
-62
-62
-65
-60
-40
-56
-2
6
-27
-40
-46
-80
-118
-134
-146
-145
-151
-100
-85
-45
-57
-56
-48
-8
26
-14
-26
-77
-41
-51
-57
-59
-50
-94
-141
-132
-114
-145
-168
-136
-137
-118
-147
-129
-127
-127
-120
-78
-87
-89
-84
-139
-169
-159
-161
-212
-231
-209
-219
-223
-215
-220
-212
-183
-148
-102
-63
-56
-87
-80
-74
-92
-62
-75
-59
-61
-66
-60
-104
-103
-142
-126
-133
-164
-181
-134
-151
-172
-121
-128
-126
-138
-169
-185
-182
-165
-180
-154
-140
-130
-106
-136
-132
-105
-128
-113
-90
-76
-102
-69
9
-18
-26
-20
-47
-70
-79
-60
-109
-95
-73
-89
-111
-154
-137
-140
-181
-148
-155
-206
-202
-206
-247
-246
-192
-139
-154
-201
-136
-136
-120
-111
-129
-74
-92
-68
-32
-32
14
15
10
32
30
32
-19
-51
-46
-35
-68
-136
-117
-42
-39
-45
-24
-53
-80
-104
-107
-122
-93
-120
-87
-96
-75
-35
-74
-50
-87
-85
-61
-96
-103
-113
-125
-116
-133
-171
-101
-101
-94
-80
-58
-33
-43
-57
-42
-50
-72
-92
-78
-34
-39
-78
-76
-67
-66
-35
-30
11
55
43
44
17
19
15
26
18
2
5
-2
-45
-59
-33
-55
-67
-89
-136
-116
-81
-52
-21
8
-45
7
0
-13
8
37
26
8
5
-4
-25
-55
-56
-26
-21
-56
-26
-35
-28
-1
-4
-18
18
24
28
-27
-20
-17
-85
-61
-56
-112
-78
-68
-145
-170
-51
-33
-92
-63
35
-28
-97
19
35
-31
-55
84
49
-51
6
82
11
24
94
45
17
8
13
-34
-25
33
-6
13
13
38
-7
-29
18
19
13
17
6
8
13
21
28
65
88
84
96
14
23
37
-7
-39
-13
-27
-31
-31
-82
-142
-134
-117
-87
-93
-86
-72
-49
-30
-19
26
5
52
9
6
-5
-17
-16
5
33
33
36
90
135
173
232
210
226
216
276
233
187
233
222
190
182
202
205
177
119
151
128
106
118
69
21
30
19
20
37
73
98
66
25
16
103
105
104
140
158
155
159
152
181
141
181
197
205
231
234
278
252
238
198
187
192
202
239
286
246
242
282
262
272
260
246
197
181
274
316
248
170
210
188
195
189
178
157
197
169
152
156
183
204
168
171
151
125
96
118
95
41
70
131
131
131
173
142
148
124
97
112
112
157
181
218
244
238
290
268
252
276
264
263
244
197
282
268
292
317
293
315
286
288
239
262
289
267
230
257
252
254
228
219
252
195
174
200
139
123
164
100
112
138
140
189
152
123
161
152
121
132
163
120
174
173
207
263
214
222
226
217
217
254
226
272
280
335
334
310
345
310
295
328
323
338
428
426
436
467
465
449
491
480
476
462
431
407
379
385
410
353
367
365
360
357
297
348
299
276
261
210
184
237
280
240
224
248
257
220
218
252
283
296
315
303
346
336
353
374
406
409
413
427
446
448
454
491
462
454
444
512
499
527
526
564
561
526
499
435
420
433
510
511
487
473
462
478
456
421
424
387
343
330
328
330
303
337
307
331
337
298
318
283
257
278
303
335
339
364
347
345
410
369
374
425
488
483
418
452
480
480
443
459
466
409
431
482
492
462
469
485
483
427
453
431
427
362
401
407
369
403
373
346
302
318
284
275
285
331
320
308
395
363
352
365
384
376
417
408
422
354
367
399
351
340
374
397
379
415
457
474
452
484
489
485
502
537
499
498
508
479
440
421
398
396
410
384
418
438
375
380
345
342
383
368
333
332
347
333
329
345
346
373
390
359
369
329
308
314
310
315
281
246
227
202
184
185
201
220
257
264
272
337
330
308
298
345
317
316
319
289
295
322
360
352
312
321
362
338
313
259
257
286
282
253
260
227
246
239
224
219
210
208
160
188
183
172
192
204
233
129
102
131
160
220
181
207
203
242
283
295
324
313
361
265
244
283
276
314
341
367
322
325
371
339
302
302
308
308
358
347
302
276
309
310
213
189
205
177
180
219
216
160
148
199
161
68
73
86
-26
-17
115
47
-35
20
134
80
65
161
194
181
183
255
200
177
276
295
271
300
330
341
308
303
299
276
280
309
306
302
295
275
232
202
204
158
156
206
148
138
113
118
115
76
59
72
52
21
51
16
-4
-13
9
-12
25
-1
-45
-20
-27
-6
-31
34
58
88
99
117
82
123
137
107
90
64
116
114
136
96
126
101
89
125
104
138
112
84
99
112
121
115
98
104
111
113
115
121
109
97
123
80
83
64
28
2
19
6
28
1
4
38
15
8
-4
39
39
48
9
0
-38
3
-9
-25
-70
-72
-7
-20
-84
-152
-131
-126
-122
-110
-100
-116
-109
-40
-20
-24
-21
-11
-3
10
-39
-17
-13
-12
5
19
-7
54
62
83
116
118
112
105
68
20
0
-65
-26
-55
-56
-71
-108
-96
-105
-79
-125
-131
-91
-60
-87
-109
-79
-27
-59
-40
-15
-63
-104
-95
-101
-163
-171
-134
-132
-118
-67
-31
13
-39
-8
30
-22
15
0
-16
-31
-12
-21
9
-11
-9
19
37
29
16
70
17
21
32
5
-52
-49
-69
-105
-110
-90
-129
-130
-141
-134
-105
-101
-164
-141
-113
-112
-130
-146
-107
-125
-86
-76
-86
-67
-83
-64
-60
-61
-94
-33
-43
-60
13
-58
-15
-47
-39
-37
-41
-17
-35
-46
-101
-122
-75
-64
-67
-5
-60
4
-4
-57
-70
-129
-156
-152
-169
-173
-179
-208
-145
-147
-112
-146
-94
-67
-97
-103
-65
-94
-71
-78
-87
-70
-50
-26
-35
-15
4
-18
-45
-70
-95
-91
-88
-97
-88
-180
-179
-210
-255
-242
-254
-229
-236
-238
-182
-205
-229
-164
-206
-191
-196
-223
-243
-264
-256
-253
-284
-274
-216
-223
-274
-260
-186
-163
-133
-125
-100
-129
-39
-41
-83
-52
-47
-30
-53
-57
-106
-116
-126
-142
-119
-123
-109
-166
-124
-151
-130
-106
-145
-120
-140
-164
-154
-115
-141
-139
-113
-83
-64
-95
-118
-104
-108
-103
-102
-15
-32
-31
-33
-15
-80
-17
-9
-95
-94
-118
-142
-146
-77
-91
-78
-108
-28
-78
-103
-44
-104
-162
-133
-157
-197
-201
-197
-128
-170
-131
-176
-133
-94
-106
-58
-37
-43
-70
-11
34
39
2
42
50
-20
-10
5
-19
-39
-60
-59
-67
-111
-53
-23
-88
-45
-15
-5
-35
-39
-29
-109
-78
-99
-115
-77
-119
-140
-183
-177
-137
-102
-151
-143
-133
-182
-142
-153
-82
-53
-34
-17
-13
-31
-9
19
-39
-71
-47
-35
-30
12
34
-2
1
27
-11
8
34
51
49
57
93
62
84
66
61
13
-11
-66
-52
-49
-76
-76
-116
-161
-155
-155
-172
-142
-174
-170
-199
-157
-147
-110
-85
-87
-86
-47
-39
-49
28
26
71
-2
1
19
-23
-55
-66
-61
-49
-66
-119
-150
-138
-140
-177
-141
-210
-192
-156
-167
-166
-126
-119
-112
-38
-41
3
5
-25
-46
-95
-96
-61
-89
-48
-36
-9
13
9
55
21
72
131
124
120
163
175
183
137
128
145
156
154
104
106
69
62
34
-7
24
12
-12
24
5
23
-6
-56
-61
-93
-95
-61
-80
-115
-98
-140
-203
-154
-166
-152
-205
-181
-142
-149
-131
-155
-148
-197
-137
-139
-125
-50
-36
17
13
-39
-21
25
56
46
45
88
100
71
63
71
80
39
67
70
78
65
85
101
66
41
66
109
85
49
59
110
68
70
45
28
23
25
52
51
86
75
57
46
77
103
80
91
111
91
33
63
51
13
20
28
26
-2
-2
-5
0
-4
22
23
55
92
80
39
36
15
-48
-14
9
10
-29
-9
9
-14
-39
-5
-9
23
-20
-57
-97
-81
-68
-91
-85
-42
-58
-81
-54
-49
-123
-112
-54
-73
-26
-16
28
66
28
62
80
47
7
13
-15
-36
32
9
18
2
25
0
3
51
63
34
80
72
-11
-16
11
-2
-5
9
-24
24
-36
-44
-65
-4
52
105
122
96
85
88
71
30
74
60
3
-71
-39
-47
-68
-83
-87
-99
-125
-115
-143
-77
-83
-76
-57
-56
-38
-9
-18
-5
2
-18
26
-24
-103
-87
-75
-106
-136
-135
-111
-156
-122
-125
-140
-106
-72
-79
-69
-47
-26
-34
-58
-59
-79
-126
-98
-72
-104
-67
-90
-95
-81
-69
-83
-106
-126
-77
-80
-81
-121
-124
-70
-98
-83
-94
-60
-41
10
4
26
83
19
11
-3
-47
-74
-116
-72
-69
-72
-59
-47
-52
-73
-46
-75
-70
-38
-67
-52
-38
-45
-34
27
-1
-63
-81
-97
-88
-83
-79
-45
-47
-70
-81
-105
-102
-96
-90
-65
-60
-83
-97
-115
-65
-42
-43
12
42
21
-33
-36
-27
-64
-60
-80
-49
-28
-39
-9
-21
2
13
69
138
87
134
124
91
137
198
119
64
90
66
-74
-82
-32
-100
-208
-161
-101
-172
-139
-8
-9
-119
-90
-15
-82
-145
-53
-63
-131
-80
-73
-143
-174
-119
-145
-169
-126
-126
-140
-75
-35
-24
30
38
80
56
49
48
14
14
-17
-18
-35
-4
26
13
-12
39
39
27
58
-43
-36
-33
-89
-95
-89
-89
-51
-54
-46
-57
-52
-10
-36
-37
-44
-101
-85
-90
-105
-44
-57
-52
-77
-73
-108
-125
-103
-102
-42
-49
-46
-52
-60
-37
14
32
10
34
-2
-72
-19
-9
-64
-85
-89
-114
-127
-78
-71
-113
-98
-19
-108
-122
-22
-40
-18
-32
18
-32
-59
-45
-41
-84
-93
-61
-133
-155
-160
-169
-191
-161
-133
-110
-122
-81
-126
-111
-61
-139
-182
-188
-148
-206
-208
-210
-181
-196
-168
-151
-199
-203
-156
-144
-93
-3
-42
-30
-46
-1
4
-20
-12
41
-4
-33
-21
-41
-67
-65
-12
-29
11
14
20
-9
-6
-25
-94
-106
-82
-111
-134
-111
-160
-225
-224
-140
-183
-182
-64
-100
-198
-134
-81
-129
-159
-115
-82
-178
-191
-120
-119
-155
-53
-12
-66
-26
-7
-59
-87
-27
-18
-76
-102
-99
-87
-117
-53
-69
-121
-135
-170
-187
-220
-183
-239
-199
-160
-185
-130
-157
-130
-118
-147
-122
-67
-51
-57
-39
-15
-75
-55
13
-44
-67
-44
-43
-127
-116
-80
-137
-128
-56
-69
-97
-112
-69
-102
-159
-101
-134
-167
-183
-193
-196
-236
-268
-256
-261
-209
-234
-204
-236
-228
-153
-179
-135
-105
-71
-100
-143
-108
-98
-189
-162
-161
-212
-238
-220
-148
-185
-223
-195
-192
-208
-181
-181
-125
-205
-188
-176
-192
-144
-149
-137
-168
-153
-166
-192
-195
-204
-193
-169
-177
-178
-184
-180
-165
-149
-149
-144
-149
-194
-215
-223
-184
-168
-178
-163
-150
-114
-113
-147
-124
-177
-176
-141
-148
-179
-175
-151
-145
-146
-105
-113
-127
-116
-130
-136
-126
-104
-147
-147
-126
-131
-134
-165
-170
-169
-178
-192
-188
-168
-169
-141
-135
-158
-130
-174
-164
-208
-248
-219
-194
-198
-179
-192
-191
-196
-171
-130
-151
-198
-179
-156
-205
-191
-218
-191
-175
-138
-179
-170
-115
-110
-133
-159
-109
-112
-145
-160
-140
-182
-222
-191
-212
-232
-206
-246
-267
-250
-254
-241
-201
-159
-105
-95
-112
-146
-146
-165
-215
-181
-209
-164
-157
-132
-128
-97
-81
-122
-90
-97
-118
-156
-180
-144
-84
-102
-59
12
-33
-14
-28
-79
-10
-47
-25
-49
-108
-35
-60
-91
-67
-82
-104
-150
-150
-164
-157
-164
-193
-216
-243
-238
-262
-242
-217
-231
-156
-181
-206
-223
-240
-190
-171
-194
-209
-165
-165
-97
-84
-75
-113
-56
-10
-44
-24
-7
-10
-22
-27
-17
5
-1
43
49
44
60
37
12
-2
8
8
-10
-3
-23
-35
-43
13
4
-40
-27
-91
-97
-115
-102
-106
-112
-150
-160
-141
-84
-80
-85
-53
-87
-88
-127
-134
-105
-117
-143
-151
-158
-112
-81
-103
-102
-85
-82
-105
-100
-93
-77
-99
-89
-115
-142
-128
-72
-94
-181
-119
-133
-176
-181
-147
-162
-209
-151
-103
-91
-190
-167
-152
-249
-266
-235
-245
-300
-312
-262
-298
-316
-241
-246
-196
-202
-96
-65
-93
-123
-89
-51
-107
-95
-131
-98
-85
-42
-70
-99
-20
-1
-9
-8
-45
5
18
-4
25
8
2
21
20
-4
-52
-76
-81
-123
-88
-60
-79
-41
-50
-61
-17
-8
-3
-39
-65
12
10
-13
37
52
53
50
28
19
38
61
44
23
-20
-2
-22
-72
-66
-58
-74
-75
-30
-65
-62
-80
-39
-46
-75
-40
-67
-92
-91
-82
-97
-89
-95
-73
-101
-80
-154
-182
-159
-230
-240
-208
-209
-230
-238
-233
-238
-178
-161
-178
-169
-149
-164
-166
-154
-155
-131
-151
-197
-135
-78
-92
-111
-140
-91
-111
-80
-53
-65
-18
13
-10
-33
-12
-40
-37
-18
2
-32
-47
-60
-36
-80
-42
-11
-32
-13
-5
22
-13
-40
-40
4
12
71
69
46
71
51
35
7
-8
3
-11
-83
-57
-99
-112
-111
-109
-170
-251
-207
-232
-253
-205
-164
-201
-198
-136
-105
-176
-169
-128
-138
-108
-89
-87
-91
-92
-99
-119
-103
-40
-12
-4
31
7
34
57
71
77
111
100
136
116
75
117
89
45
53
88
106
127
124
95
77
98
66
42
23
-40
-45
-16
4
-50
-8
39
42
44
44
58
30
-5
-16
-25
-2
1
0
-49
-92
-62
-84
-94
-90
-59
-32
7
-13
-36
-13
62
120
120
114
110
87
78
56
-12
12
-6
-32
16
-24
-30
-9
-9
20
10
27
7
21
30
-8
50
30
41
72
26
-33
-14
22
11
46
1
54
120
90
75
119
162
193
160
131
163
175
202
200
219
256
246
270
194
235
195
166
152
144
154
152
157
147
192
131
171
217
255
213
233
229
176
257
244
232
185
206
197
143
166
168
146
96
110
109
92
109
110
133
138
128
147
134
122
153
152
116
148
153
123
108
137
137
122
54
62
50
26
31
40
56
57
90
29
42
36
80
77
100
108
93
143
130
134
153
192
180
173
148
156
163
157
164
147
187
171
221
210
193
243
246
234
259
237
241
196
215
243
182
197
198
191
135
171
193
191
221
256
269
216
203
252
260
257
242
276
315
322
342
355
336
310
356
377
300
300
306
318
284
314
350
330
335
313
296
266
246
183
160
140
105
128
75
90
110
79
115
72
51
86
74
98
129
145
130
143
153
189
173
142
183
170
226
235
246
263
254
303
321
317
341
338
297
290
355
356
350
364
427
394
373
412
371
322
311
295
311
330
367
351
325
365
320
362
294
287
258
240
252
206
189
118
157
163
148
114
161
174
156
180
232
260
185
181
221
229
268
227
182
179
163
199
204
196
183
225
202
202
274
281
325
328
342
326
301
296
238
250
279
253
247
285
250
198
207
238
257
233
276
283
310
334
281
292
271
311
291
222
225
176
184
164
177
199
172
212
199
196
213
267
255
213
241
241
293
313
309
285
279
319
279
334
384
361
377
381
401
399
339
305
298
273
296
316
268
274
264
311
297
308
347
338
341
392
401
366
364
356
401
400
393
403
284
251
285
299
275
247
276
280
318
339
363
343
349
371
372
335
332
323
252
198
159
170
163
193
195
230
260
248
202
222
286
295
292
295
329
326
356
408
392
426
409
450
460
400
386
321
332
286
287
275
313
361
306
266
175
159
150
121
113
125
152
174
162
257
252
285
291
284
345
302
301
278
285
260
303
275
316
356
317
330
322
318
312
302
231
201
239
261
279
264
256
253
224
211
171
186
173
146
110
96
110
80
102
126
142
134
107
115
120
146
160
215
259
305
295
260
199
227
139
91
160
151
177
139
137
160
170
196
256
227
223
190
180
211
181
221
220
238
278
248
208
208
215
263
283
272
275
288
308
249
269
267
274
276
249
247
236
220
197
159
110
157
154
168
207
178
224
166
193
142
126
173
157
183
185
201
192
226
233
218
197
253
237
221
153
147
166
144
157
180
186
144
182
197
171
121
136
140
153
192
223
241
217
196
212
193
179
190
168
188
162
135
145
111
128
105
111
135
166
173
135
146
79
72
52
61
86
60
67
90
97
87
99
116
107
83
100
78
70
67
99
77
109
116
66
79
113
167
167
143
139
133
136
167
143
177
184
125
118
120
80
43
49
76
97
102
114
173
159
178
151
125
131
136
168
136
118
128
73
34
69
67
110
128
124
133
83
45
30
-17
-39
17
-5
-34
-16
31
73
58
75
97
81
32
55
57
31
27
50
23
47
48
-2
-31
-49
-14
-44
-58
-31
-19
-32
-51
-47
-43
-28
-34
-112
-69
-92
-159
-108
-128
-114
-130
-61
-60
-30
-25
-84
-81
-18
-5
-71
-45
-43
-52
-111
-86
-78
-73
-29
-47
-18
-33
-44
-49
-64
-91
-70
-94
-83
-41
-47
-48
-52
-93
-139
-96
-128
-160
-102
-73
-83
-87
-93
-119
-102
-119
-104
-102
-78
-87
-105
-95
-77
-11
-36
-28
-96
-66
-58
-83
-113
-142
-115
-188
-265
-233
-202
-292
-285
-196
-221
-314
-254
-163
-265
-292
-222
-313
-368
-333
-352
-357
-427
-391
-339
-345
-309
-261
-255
-282
-223
-194
-204
-194
-194
-274
-227
-211
-206
-147
-168
-135
-154
-184
-176
-195
-235
-269
-223
-232
-256
-250
-252
-279
-299
-292
-296
-358
-398
-400
-431
-443
-437
-377
-362
-328
-282
-282
-297
-318
-358
-379
-358
-324
-293
-303
-289
-329
-351
-361
-356
-335
-330
-267
-283
-312
-332
-368
-377
-380
-397
-404
-439
-452
-418
-401
-427
-425
-432
-565
-524
-499
-513
-516
-507
-504
-494
-515
-501
-475
-476
-461
-455
-467
-493
-471
-499
-519
-494
-497
-509
-490
-471
-445
-473
-428
-433
-414
-407
-352
-321
-323
-335
-321
-301
-342
-326
-310
-328
-325
-311
-349
-339
-361
-351
-379
-405
-393
-394
-382
-439
-421
-395
-395
-395
-422
-401
-374
-384
-395
-397
-413
-403
-423
-439
-456
-471
-465
-474
-445
-429
-449
-445
-445
-454
-431
-450
-411
-393
-407
-331
-347
-356
-355
-348
-392
-399
-374
-400
-387
-394
-383
-376
-385
-447
-452
-381
-413
-417
-400
-372
-379
-377
-340
-355
-392
-427
-406
-433
-484
-453
-469
-455
-442
-444
-423
-390
-419
-407
-435
-418
-440
-485
-436
-413
-431
-331
-325
-355
-332
-409
-376
-346
-362
-369
-348
-335
-367
-383
-339
-358
-386
-361
-336
-334
-366
-382
-348
-360
-333
-397
-347
-299
-273
-324
-310
-350
-367
-327
-404
-386
-387
-319
-354
-390
-372
-351
-309
-296
-285
-272
-264
-270
-292
-307
-297
-312
-335
-307
-262
-279
-304
-304
-259
-254
-243
-237
-253
-255
-289
-258
-233
-261
-246
-229
-269
-300
-315
-267
-262
-242
-184
-183
-195
-171
-163
-208
-199
-226
-184
-173
-184
-229
-181
-170
-182
-151
-201
-186
-168
-146
-188
-176
-143
-156
-199
-160
-166
-147
-165
-149
-119
-125
-94
-149
-142
-118
-148
-168
-144
-81
-104
-100
-96
-97
-80
-110
-70
-29
-30
-20
-15
-26
-37
-8
32
-42
-11
-12
-69
-47
-37
-99
-65
5
-12
-27
7
43
-5
-51
-12
-4
-31
-27
-33
-45
-81
-122
-135
-85
-124
-124
-121
-111
-123
-111
-127
-110
-82
-75
-80
-34
-28
-31
7
-2
5
-20
-11
1
-16
15
20
-23
3
-10
58
61
43
38
73
39
13
21
-10
1
-24
-13
9
5
41
55
10
58
40
11
-18
20
-31
-49
-67
-74
-47
-63
-51
-76
-50
-84
-51
-72
-32
-15
-44
-37
-14
-6
-34
-10
-2
-30
-24
-28
-67
-9
4
14
26
22
34
29
19
-28
-25
-3
-37
-42
-50
-99
-59
-67
-82
-61
-67
-96
-152
-116
-107
-106
-132
-131
-150
-208
-136
-159
-151
-117
-128
-132
-117
-122
-97
-113
-99
-58
-25
11
28
13
-18
40
40
5
-9
7
5
66
65
4
13
7
-30
-75
-65
-88
-80
-65
-70
-93
-89
-58
-56
-53
-70
-112
-103
-100
-77
-85
-141
-115
-137
-137
-114
-110
-116
-104
-130
-119
-119
-98
-94
-64
-45
-50
-60
-77
-31
-102
-83
-124
-82
-41
-63
-29
-47
-42
-68
-36
6
5
-44
-69
-36
-106
-165
-163
-164
-188
-203
-235
-294
-283
-223
-201
-230
-236
-211
-210
-251
-176
-203
-240
-247
-226
-219
-274
-257
-258
-256
-219
-228
-208
-168
-188
-188
-198
-235
-216
-213
-210
-169
-188
-200
-202
-238
-287
-285
-260
-257
-288
-248
-226
-236
-249
-233
-211
-235
-210
-200
-240
-239
-214
-199
-180
-180
-143
-162
-195
-221
-204
-199
-189
-195
-178
-177
-130
-183
-187
-225
-323
-268
-278
-252
-307
-262
-278
-249
-201
-185
-156
-208
-202
-225
-255
-305
-252
-257
-280
-303
-263
-274
-255
-211
-262
-244
-212
-239
-226
-228
-246
-224
-216
-241
-206
-183
-197
-129
-146
-153
-126
-183
-192
-190
-203
-212
-177
-178
-153
-81
-123
-108
-92
-121
-111
-164
-155
-247
-257
-230
-318
-274
-302
-311
-292
-306
-285
-269
-292
-301
-335
-334
-354
-358
-323
-354
-365
-371
-342
-373
-311
-332
-332
-334
-337
-384
-369
-352
-346
-347
-324
-308
-303
-249
-236
-234
-272
-286
-258
-264
-282
-253
-268
-253
-231
-222
-184
-220
-236
-164
-163
-204
-194
-256
-291
-290
-333
-372
-369
-336
-379
-344
-317
-307
-297
-351
-315
-304
-339
-331
-370
-394
-372
-379
-403
-402
-320
-336
-333
-291
-286
-326
-349
-308
-296
-319
-322
-290
-309
-345
-301
-314
-349
-345
-351
-365
-382
-346
-304
-320
-321
-295
-304
-284
-314
-323
-325
-345
-327
-330
-347
-376
-385
-345
-331
-345
-292
-287
-279
-301
-296
-299
-333
-312
-269
-277
-312
-314
-293
-259
-289
-287
-286
-279
-317
-282
-277
-301
-238
-215
-231
-173
-193
-186
-232
-208
-220
-262
-282
-316
-293
-315
-273
-324
-303
-286
-285
-211
-228
-207
-197
-256
-248
-256
-268
-267
-242
-283
-367
-352
-351
-390
-302
-287
-301
-311
-310
-301
-301
-298
-290
-285
-319
-328
-298
-267
-227
-244
-288
-228
-219
-225
-241
-268
-269
-319
-303
-320
-324
-307
-306
-285
-216
-267
-264
-325
-354
-310
-360
-336
-293
-320
-282
-283
-303
-286
-277
-290
-285
-296
-302
-283
-302
-332
-338
-324
-380
-391
-428
-395
-388
-370
-355
-396
-407
-376
-337
-287
-310
-302
-258
-267
-274
-234
-237
-185
-187
-257
-260
-274
-338
-316
-327
-306
-282
-333
-262
-247
-257
-260
-238
-209
-225
-216
-198
-222
-272
-310
-321
-330
-334
-323
-310
-270
-307
-307
-284
-322
-284
-279
-240
-274
-320
-232
-290
-308
-304
-335
-368
-357
-388
-389
-380
-376
-333
-387
-415
-351
-301
-287
-288
-294
-301
-317
-325
-291
-297
-307
-338
-278
-259
-265
-265
-240
-254
-204
-144
-161
-115
-133
-132
-120
-143
-110
-113
-159
-155
-171
-188
-226
-244
-181
-192
-230
-230
-242
-244
-240
-252
-205
-205
-204
-183
-183
-202
-241
-250
-233
-263
-314
-319
-290
-375
-396
-356
-340
-346
-333
-297
-286
-301
-236
-187
-216
-214
-229
-211
-210
-233
-247
-240
-274
-202
-202
-159
-163
-200
-182
-158
-176
-200
-173
-200
-228
-232
-145
-154
-189
-201
-173
-252
-315
-274
-243
-289
-321
-266
-298
-346
-273
-257
-278
-272
-263
-224
-291
-289
-250
-264
-261
-241
-192
-192
-214
-170
-145
-153
-162
-94
-161
-161
-152
-114
-75
-84
-94
-134
-146
-136
-95
-52
-67
-88
-85
-103
-76
-79
-109
-124
-133
-172
-156
-170
-190
-180
-226
-217
-172
-177
-164
-145
-166
-194
-192
-201
-240
-251
-260
-247
-301
-290
-318
-293
-276
-233
-172
-151
-99
-136
-69
-92
-55
-94
-124
-112
-101
-110
-102
-114
-110
-108
-174
-155
-141
-133
-141
-95
-130
-154
-147
-135
-145
-174
-175
-92
-111
-229
-161
-189
-160
-135
-204
-147
-159
-161
-138
-128
-118
-139
-121
-107
-137
-115
-88
-67
-109
-70
-71
-81
-14
-22
-42
-54
-47
-101
-82
-67
-46
-23
-48
-73
-83
-94
-102
-55
-56
-56
-33
-12
-22
-69
-30
-24
-34
-22
-51
-83
-93
-111
-52
-45
-42
-54
-66
-32
-25
-38
-16
-4
27
36
6
-23
-44
-49
-59
-95
-94
-67
-82
-86
-93
-126
-121
-107
-101
-118
-123
-107
-125
-106
-112
-144
-115
-93
-80
-54
-31
-28
-23
-51
-29
10
-31
-40
-9
-33
-13
13
7
36
39
13
23
78
112
77
67
28
-24
-30
-74
-50
-21
-51
0
-35
-52
-39
-49
18
66
66
56
39
107
84
96
125
117
161
202
207
168
179
225
247
183
138
161
87
88
111
101
90
92
139
126
124
110
95
89
41
13
-11
-32
-95
-82
-57
-75
-17
56
49
65
76
19
90
72
57
47
64
79
105
71
22
70
77
97
86
117
85
53
70
55
70
88
99
152
134
116
145
154
176
154
194
172
174
101
119
134
105
158
158
155
219
294
301
268
222
243
229
167
134
28
9
25
-27
5
11
38
24
-1
-70
-66
-55
-60
-64
-30
-15
4
-10
0
52
14
70
40
58
51
31
81
53
131
139
134
111
107
167
148
224
215
160
158
177
175
196
180
94
42
49
28
-12
50
39
49
42
10
50
42
40
4
-8
34
89
49
14
61
121
156
110
112
126
110
128
118
115
135
107
106
121
144
107
103
105
101
129
114
140
135
132
228
238
281
323
307
333
286
291
260
209
235
241
231
185
155
188
180
225
250
215
212
222
220
189
188
203
171
108
111
87
85
74
88
75
39
81
78
57
18
37
71
40
85
142
149
162
120
130
134
117
162
175
141
117
98
85
115
92
77
72
111
127
115
113
134
114
107
126
168
168
140
160
115
117
145
164
156
170
194
205
200
214
192
189
187
184
206
199
188
173
158
175
184
174
241
191
183
215
217
215
200
200
190
237
248
235
250
283
258
245
238
240
190
187
201
191
161
147
150
148
122
129
137
133
80
66
85
48
82
103
103
73
40
30
-24
10
21
-16
44
60
84
91
68
113
135
120
85
76
92
71
91
70
28
52
44
121
108
168
150
69
88
119
168
135
163
177
149
171
123
111
99
155
147
125
191
204
215
218
183
203
181
202
200
140
133
129
118
95
144
123
122
102
78
110
100
140
124
79
115
81
123
141
150
125
106
108
90
66
92
103
163
177
173
191
185
227
258
275
286
251
248
254
232
251
225
201
199
194
232
230
216
143
147
159
120
128
143
149
141
149
138
199
149
163
170
222
208
189
233
236
303
315
276
294
272
235
260
265
267
262
248
200
214
256
225
181
174
192
166
138
158
170
181
136
178
174
115
140
123
96
133
131
154
151
126
83
143
193
170
192
123
136
153
196
189
153
177
185
202
161
191
206
175
222
233
249
257
277
278
306
246
232
229
206
233
242
252
242
299
279
284
264
215
245
224
231
208
207
249
205
211
176
173
215
196
213
245
226
177
153
152
212
217
190
203
197
235
241
214
242
221
247
265
242
200
222
243
195
241
198
229
202
183
225
179
204
154
154
147
158
212
170
160
208
221
173
135
167
154
151
206
163
153
146
206
239
240
252
262
297
281
314
271
240
222
180
197
262
263
219
237
273
295
333
317
245
276
260
208
174
218
226
196
230
247
208
214
222
201
191
144
103
165
194
164
163
191
191
182
223
246
194
151
160
141
80
148
178
159
211
235
222
178
208
231
223
179
194
216
216
272
261
249
277
319
318
318
297
305
287
239
265
242
223
230
227
228
232
198
176
204
166
201
228
171
183
127
129
120
116
133
145
179
108
156
212
189
157
128
193
209
179
225
213
264
311
333
359
341
279
261
271
256
309
312
283
313
305
234
292
295
227
206
220
195
160
172
193
235
210
184
122
135
152
166
186
169
194
204
213
174
98
124
129
178
174
99
137
111
58
107
116
124
147
160
196
194
196
214
237
272
284
252
193
159
252
225
181
122
88
173
340
488
414
298
195
287
520
640
453
198
158
404
503
400
300
310
356
343
301
282
277
203
220
270
292
172
85
104
296
342
277
155
136
160
224
271
265
247
105
133
224
241
210
135
112
149
239
283
192
138
152
298
410
378
287
273
335
377
459
509
437
109
-49
249
650
677
265
55
193
412
501
401
353
398
380
400
439
289
222
262
482
512
316
152
113
262
339
372
279
162
71
126
252
224
157
31
-77
-39
-53
-72
-109
-133
-127
-107
-104
-142
-264
-211
-57
-12
-91
-242
-335
-345
-314
-285
-294
-444
-493
-449
-349
-292
-334
-306
-243
-152
-114
-117
-78
38
151
233
310
350
364
417
548
709
768
753
824
892
980
1019
1050
1137
1190
1049
979
995
1084
1194
1157
1096
963
935
948
984
1006
884
719
642
668
621
557
456
366
385
287
153
52
-104
-228
-313
-399
-531
-791
-971
-1057
-1296
-1483
-1651
-1671
-1808
-2117
-2267
-2331
-2375
-2549
-2805
-2902
-3009
-2735
-1481
-319
-925
-2850
-3245
-708
2034
1813
-167
-480
1227
2505
2158
1755
2464
2970
2590
2262
2759
3018
2148
1363
1986
2799
2156
575
-249
374
946
657
-140
-794
-1197
-1417
-1276
-948
-782
-1165
-1658
-1810
-1396
-778
-646
-719
-477
207
796
910
917
1151
1828
2598
3024
2888
2422
2311
2796
3313
3280
2775
2244
2001
1949
1874
1741
1409
841
377
125
-54
-331
-729
-986
-1076
-1295
-1714
-2090
-2196
-2169
-2239
-2465
-2648
-2871
-3090
-3269
-3209
-3045
-3109
-3505
-3813
-4074
-2587
557
1395
-1886
-5728
-3798
2687
5622
1895
-2232
-917
3285
4401
2321
1797
3157
3456
2487
2566
3756
3182
812
423
2884
3940
1348
-1819
-1705
576
1449
207
-1470
-2399
-2456
-1979
-1269
-796
-1191
-2124
-2596
-2078
-871
-80
-10
-149
29
564
1029
1430
2086
2698
3023
3264
3463
3590
3487
3487
3729
4022
3816
3320
2792
2317
2041
1981
2159
1814
946
114
-260
-119
-101
-524
-927
-1249
-1710
-2130
-2080
-1771
-1859
-2320
-2656
-2527
-2459
-2678
-2764
-2753
-2744
-2876
-3036
-3235
-3502
-3706
-3543
-3513
-1870
786
712
-3135
-6342
-2866
4069
5724
570
-3245
-750
3660
4019
1666
1632
3234
3290
2092
2366
3782
3126
893
1112
3607
3926
947
-1602
-544
1849
2121
422
-1215
-1870
-1683
-949
-101
34
-909
-1935
-2142
-1415
-355
172
-93
-156
588
1360
1156
514
1353
3228
4374
4007
2881
2210
2456
3713
4952
4905
3317
1915
1887
2708
3000
2353
1666
1148
890
489
99
-124
-437
-837
-842
-744
-1445
-2478
-2828
-2105
-1466
-1773
-2609
-3146
-3264
-3100
-2780
-2559
-2919
-3743
-4121
-4055
-3739
-3979
-4349
-4881
-3675
-243
983
-2483
-7049
-5381
1832
5918
2316
-2773
-2170
2837
5176
2767
1066
2517
4713
4585
3269
3084
3431
2739
2574
4052
4635
2720
-250
-486
1751
2946
1601
-894
-2158
-1712
-810
-439
-578
-1379
-2087
-2478
-2215
-1369
-673
-509
-628
-308
255
794
1051
1484
2233
2958
3481
3501
3151
2954
3467
4277
4584
3886
2951
2569
2720
2870
2692
2370
2011
1439
816
419
260
215
-140
-478
-733
-1223
-1810
-2140
-2048
-1681
-1834
-2351
-2943
-3301
-3351
-3284
-3100
-3279
-3815
-4338
-4338
-3921
-3623
-3233
-3402
-4338
-4244
-2069
21
-483
-2722
-3465
-1183
1349
2133
1653
938
819
1563
3024
4147
3863
2695
2564
3803
4769
4138
2636
2291
3002
3305
2822
2006
1099
351
232
797
934
-165
-1377
-1717
-1240
-800
-930
-1372
-1846
-2092
-1393
-531
-468
-911
-829
328
1555
1971
1473
1063
1500
2897
4118
4026
3002
2341
2979
4027
4330
3506
2704
2574
2942
3146
2728
1969
1268
1079
1172
1119
456
-441
-806
-649
-571
-955
-1679
-2243
-2394
-2302
-2240
-2479
-2957
-3598
-3788
-3690
-3638
-3967
-4685
-4921
-4581
-4333
-4883
-5869
-6536
-4103
-113
368
-3649
-7692
-5038
1765
4805
1680
-1741
-1047
2226
4034
3774
3983
3823
3460
3776
5419
6101
4336
2247
3031
5478
5492
3017
715
870
1762
2076
1731
668
-1321
-2764
-2097
-350
73
-1638
-3269
-3438
-2395
-1421
-1022
-1253
-1519
-1321
-136
1056
1068
733
1335
3079
4080
3518
2507
2677
3901
5020
5072
4114
3015
2588
3124
3702
3567
2551
1601
1199
1309
1071
431
-150
-478
-563
-849
-1276
-1940
-2454
-2437
-1943
-1852
-2607
-3429
-3678
-3425
-3234
-3153
-3431
-3957
-4693
-4893
-4495
-4132
-4552
-5389
-6213
-4484
-102
472
-3872
-8146
-5148
2382
5032
730
-3221
-1411
2522
4170
3026
3000
3185
2870
3454
5168
6017
3874
1785
3055
5964
5512
2608
693
1511
2469
2185
1747
728
-940
-2243
-1417
94
84
-1988
-3224
-2961
-2331
-1868
-1587
-1310
-1601
-1875
-1104
421
970
703
537
1727
3134
3195
2518
2368
3257
4220
4365
3840
3313
2846
3073
3519
3663
3136
2116
1580
1600
1627
1323
747
282
172
-137
-656
-1314
-1748
-1779
-1693
-1883
-2382
-2876
-3298
-3406
-3413
-3385
-3632
-4237
-4846
-5133
-4862
-4765
-5145
-5816
-6175
-6633
-5876
-2395
-84
-2213
-7218
-7667
-1297
4260
2939
-1894
-2662
860
3933
3600
3063
3324
3450
3729
4863
6268
5124
2607
2296
5106
6558
4531
1389
608
1617
2296
2301
1468
-355
-2278
-2368
-952
4
-1283
-2939
-3420
-2863
-2173
-1953
-2019
-2017
-1790
-1082
-79
289
319
312
1269
2622
3315
3008
2643
2987
3758
4309
4262
3980
3352
3154
3325
3534
3300
2623
2045
1796
1637
1154
616
285
316
-41
-864
-1518
-1707
-1783
-1996
-2194
-2354
-2712
-3377
-3770
-3771
-3532
-3691
-4308
-4664
-4832
-4951
-5122
-5283
-5443
-5685
-6532
-5617
-1645
373
-2611
-7708
-6874
203
4788
2223
-2200
-1729
1863
4054
3380
3453
3995
3948
3982
5164
6447
5193
2946
3007
5613
6263
3862
1202
1013
2032
2257
1745
756
-928
-2523
-2383
-1177
-704
-2149
-3467
-3663
-3319
-3039
-2654
-2317
-2377
-2406
-1628
-416
-44
-99
225
1486
2581
3083
3024
2940
3402
4102
4607
4679
4373
3819
3737
3780
3720
3460
3035
2721
2304
1646
1106
814
661
385
-156
-854
-1637
-2130
-2228
-2109
-2357
-2938
-3599
-3965
-3900
-4047
-4380
-4746
-4962
-5064
-5130
-5372
-5619
-6046
-6342
-6321
-6522
-4046
-567
-456
-4904
-8565
-4823
2621
5147
839
-2548
-865
3047
4395
3810
4214
4214
3801
4129
6045
6817
4647
2238
3487
6250
5928
2723
250
847
1938
2017
1289
-133
-2210
-3338
-2513
-933
-1067
-2988
-4250
-4134
-3334
-2816
-2382
-2278
-2482
-2319
-1053
180
230
-3
769
2587
3530
3276
2856
3260
4176
4894
5072
4800
4194
3609
3728
4057
4134
3438
2528
2070
1849
1422
909
487
213
-67
-617
-1253
-1935
-2306
-2351
-2263
-2459
-3133
-3812
-4061
-3916
-3802
-3804
-4334
-5033
-5350
-5151
-4761
-5060
-5719
-6192
-6188
-6531
-4654
-697
92
-4117
-8695
-5658
2076
5271
1211
-2798
-1163
2901
4551
3546
3645
3997
3992
4327
6012
6770
4498
2214
3397
6480
6339
3295
765
1062
1897
1988
1777
803
-1375
-3200
-2686
-926
-564
-2379
-3871
-3993
-3421
-3016
-2659
-2402
-2446
-2320
-1293
-160
-256
-317
586
2320
3260
3025
2799
3027
3741
4575
5157
5003
4285
3621
3780
4321
4447
3896
3003
2544
2314
1897
1260
720
456
224
-242
-984
-1980
-2628
-2630
-2321
-2418
-3144
-3934
-4483
-4492
-4204
-4159
-4735
-5439
-5661
-5363
-5136
-5631
-6221
-6416
-6228
-6462
-4537
-868
-207
-3983
-7868
-4932
2070
5124
1589
-1909
-668
2948
4644
4053
4184
4148
3990
4489
6193
6836
4690
2234
3091
5945
6098
3348
637
405
1116
1527
1399
255
-2031
-3811
-3231
-1582
-1348
-2964
-4100
-4043
-3497
-3184
-2761
-2231
-2145
-2034
-1103
203
611
443
884
2376
3640
3962
3665
3602
4058
4818
5531
5619
4955
4021
3725
4145
4539
4002
2941
2242
1980
1647
887
308
12
-187
-730
-1541
-2286
-2821
-2956
-2930
-2945
-3302
-3951
-4500
-4614
-4305
-4077
-4409
-5133
-5656
-5403
-4843
-4977
-5583
-6132
-6271
-6481
-3984
63
389
-4163
-8285
-4659
2883
5561
1372
-2039
-369
3217
4412
3677
4185
4262
3900
4245
6213
6639
4072
1694
3199
6347
6099
2839
144
301
1131
1615
1608
573
-1963
-3913
-3258
-1336
-1023
-2677
-3996
-4062
-3466
-3114
-2777
-2653
-2433
-1922
-567
185
-344
-653
418
2752
4212
3877
2759
2554
3549
5067
5759
5320
4273
3505
3783
4270
4217
3392
2504
2234
2331
1839
879
-32
-305
-65
-109
-919
-2241
-3236
-3361
-2743
-2448
-2982
-4112
-4891
-4787
-4346
-4059
-4459
-5086
-5452
-5337
-5267
-5526
-5939
-6003
-6184
-5896
-2539
493
-1026
-6229
-7863
-1902
4727
4609
-311
-1983
572
3563
4019
4254
4785
3865
3168
4409
6972
6482
3206
1661
4338
6494
4948
1738
196
760
917
1212
1252
-176
-3014
-4175
-2594
-747
-1432
-3503
-4229
-3797
-3172
-2852
-2478
-2500
-2689
-2143
-573
46
-538
-642
670
2813
3993
3692
2760
2338
3253
4909
5820
5371
4011
3059
3236
4007
4287
3580
2401
1837
1861
1784
1043
17
-404
-374
-293
-920
-1955
-2758
-2998
-2761
-2488
-2552
-3265
-4145
-4455
-4018
-3616
-3874
-4424
-4760
-4829
-4928
-5194
-5310
-5372
-5592
-5994
-3604
63
147
-4344
-8044
-4272
2765
5201
1355
-1693
-478
2563
3806
3830
4745
4328
3450
3584
5880
6654
4245
1620
2927
5926
5714
2918
412
380
645
1118
1543
836
-1851
-4117
-3548
-1564
-958
-2396
-3641
-4010
-3667
-3281
-2659
-2353
-2505
-2313
-1183
-206
-473
-1020
-156
2147
3659
3552
2648
2376
3019
4233
5115
5245
4436
3374
3227
3750
4054
3374
2537
2255
2258
1796
863
143
-66
36
73
-285
-1190
-2268
-2853
-2574
-2039
-2146
-2848
-3471
-3719
-3722
-3644
-3475
-3460
-3808
-4178
-4414
-4456
-4756
-4850
-4820
-4670
-5284
-5194
-2043
577
-990
-5744
-6522
-1017
4213
3410
-262
-845
1282
3255
3378
4095
4585
3640
3080
4581
6605
5451
2388
1548
4072
5407
4086
1757
601
138
-366
370
1245
111
-2895
-4412
-3314
-1464
-1578
-2957
-3862
-4218
-3928
-3076
-2020
-1881
-2656
-2517
-903
331
176
-310
637
2545
3517
3240
2976
3247
3766
4341
4885
5162
4492
3414
3140
3588
3754
3308
2512
2026
1643
1042
578
244
39
-302
-718
-959
-1569
-2457
-3007
-2760
-2274
-2255
-2824
-3424
-3776
-3902
-3474
-2919
-2909
-3615
-4298
-4429
-4252
-4089
-4078
-4224
-4616
-5356
-4431
-1249
599
-1525
-5280
-5043
-264
3424
2581
161
71
1701
2828
3089
3909
4297
3475
3215
4596
5973
4755
2262
1622
3415
4507
3651
1906
431
-676
-1108
-105
755
-534
-3253
-4435
-3254
-1677
-1944
-3415
-4185
-3933
-3006
-2153
-1900
-2304
-2534
-1712
-65
992
773
236
750
2494
4034
4397
3789
3276
3439
4316
5283
5614
4907
3595
2934
3205
3711
3419
2428
1661
1356
1280
916
247
-399
-821
-884
-824
-1114
-1952
-2878
-3021
-2409
-1921
-2176
-2918
-3378
-3280
-2895
-2572
-2502
-2934
-3481
-3672
-3263
-2851
-3145
-3911
-4437
-4509
-3969
-1809
267
-273
-3315
-4932
-2215
1773
2868
1337
304
878
1962
2582
3372
3927
3343
2661
3481
5028
4984
2900
1271
2016
3514
3806
2543
940
-372
-1087
-584
500
376
-1422
-3153
-3280
-2187
-1716
-1986
-2422
-2770
-2787
-2360
-1591
-1282
-1386
-1102
-74
778
1063
993
1268
2157
3298
4178
4181
3788
3698
4235
4797
5067
4595
3829
3337
3197
3180
2950
2542
1811
1115
769
795
483
-157
-634
-748
-732
-997
-1586
-2153
-2401
-2325
-1967
-1822
-2144
-2815
-3109
-2825
-2360
-2262
-2488
-2778
-3034
-3132
-3121
-2992
-3105
-3509
-4024
-4410
-3416
-1390
-91
-952
-3033
-3332
-1251
974
1607
1347
966
1135
1510
2208
2946
2821
2308
2506
3772
4569
3777
2033
1362
1906
2704
3044
2374
983
-721
-1241
-348
522
-118
-1576
-2351
-2033
-1451
-1444
-1591
-1799
-1926
-1749
-954
-136
-148
-702
-749
258
1492
2168
2150
2020
2265
3095
4175
4725
4365
3784
3619
3837
4231
4244
3822
3137
2565
2193
1944
1697
1252
714
438
549
455
-149
-894
-1379
-1438
-1386
-1237
-1189
-1523
-2043
-2290
-2161
-1846
-1677
-1727
-1870
-1896
-1935
-2060
-2219
-2280
-2242
-2150
-2289
-2586
-2932
-3303
-3685
-3271
-1499
-85
-447
-2069
-2835
-1831
-171
918
1364
1300
866
676
894
1644
2108
2034
2152
2759
3413
2979
1908
1234
1486
1986
2402
2377
1639
422
-504
-487
84
566
345
-338
-1034
-1261
-1026
-598
-336
-433
-528
-476
-110
180
304
193
422
1265
2415
3139
2882
2297
2019
2621
3562
4122
4032
3435
2885
2779
2836
2720
2462
2028
1810
1601
1466
1139
655
257
-30
-28
49
-130
-691
-1138
-1315
-1202
-981
-858
-908
-1215
-1636
-1697
-1423
-1108
-1137
-1527
-1626
-1660
-1700
-1888
-1979
-2011
-2081
-2089
-2225
-2406
-2774
-2941
-3006
-2333
-1276
-681
-1030
-1917
-1967
-1269
-388
-28
397
651
717
537
504
950
1145
1486
1751
2163
2276
2019
1608
1395
1415
1413
1625
1718
1565
955
433
125
219
407
441
288
1
-139
-283
-114
-37
37
20
333
908
1102
871
879
1471
2079
2464
2416
2268
2061
2172
2515
2887
2906
2483
1934
1800
2135
2153
1804
1263
1066
1222
1212
964
530
121
-89
71
341
266
-360
-878
-965
-692
-230
-155
-458
-971
-1196
-1005
-734
-746
-1051
-1410
-1359
-1059
-994
-1264
-1723
-2032
-1954
-1596
-1445
-1659
-2143
-2514
-2543
-2512
-2099
-1358
-915
-1154
-1849
-2063
-1442
-672
-465
-356
-67
341
354
142
296
422
520
790
1443
1838
1674
1085
761
879
1083
1268
1448
1725
1410
917
697
630
606
658
827
982
1131
910
561
371
395
405
798
1547
1951
1579
836
502
709
1353
1773
1966
1801
1379
1026
929
1196
1364
1246
1197
1322
1362
1176
786
321
211
551
944
1065
774
223
-345
-451
-98
232
274
81
-173
-297
-389
-549
-792
-918
-835
-607
-386
-438
-993
-1700
-1950
-1538
-934
-758
-1206
-1719
-1906
-1789
-1652
-1852
-2148
-2275
-2025
-1785
-1819
-2164
-2379
-2139
-1744
-1321
-1125
-1169
-1340
-1360
-1128
-735
-434
-459
-293
55
232
65
-110
-6
293
593
1016
1324
1271
892
543
560
914
1225
1232
1094
891
876
704
584
434
254
337
666
992
1103
813
299
-60
-6
329
573
699
723
753
660
547
450
510
725
938
1212
1368
1338
1067
798
676
825
1058
1213
1271
1151
953
537
297
299
366
284
198
220
146
-62
-409
-681
-810
-912
-1007
-817
-587
-704
-1139
-1456
-1525
-1613
-1552
-1335
-969
-773
-1100
-1591
-1736
-1466
-1194
-1088
-1038
-992
-1013
-1071
-1166
-1224
-1209
-1224
-1101
-898
-843
-1036
-1134
-890
-505
-440
-775
-839
-603
-262
-163
-406
-596
-464
-229
28
220
171
30
-230
-282
-168
-46
100
93
-49
-112
-131
-305
-351
-238
-167
-187
-86
177
260
157
59
18
96
275
445
687
777
816
814
878
1013
1044
1105
1299
1628
1824
1819
1711
1591
1458
1443
1453
1571
1611
1361
1120
786
602
558
585
680
353
-83
-380
-556
-557
-667
-783
-719
-543
-559
-885
-1229
-1296
-1059
-900
-828
-828
-767
-596
-374
-300
-349
-572
-717
-503
-144
127
208
213
195
78
-15
86
208
302
419
482
536
421
45
-145
-197
-224
-327
-305
-189
-199
-433
-622
-696
-939
-1095
-1223
-1108
-763
-768
-1082
-1434
-1503
-1399
-1368
-1379
-1329
-1133
-883
-686
-626
-605
-787
-835
-602
-265
75
174
93
81
267
466
512
542
693
1063
1423
1568
1560
1256
900
898
1279
1640
1666
1575
1504
1275
1022
918
962
964
823
796
770
637
364
133
52
99
83
-6
-87
-252
-512
-654
-546
-309
-202
-291
-360
-333
-265
-248
-219
-140
131
427
657
754
720
706
740
985
1120
1227
1347
1531
1729
1648
1437
1070
903
924
1014
989
750
573
541
594
322
-109
-356
-576
-686
-585
-427
-502
-760
-860
-847
-1157
-1488
-1608
-1493
-959
-498
-387
-682
-950
-929
-750
-617
-394
-75
231
486
374
248
359
533
614
756
917
1070
1189
1087
1199
1324
1293
1031
799
793
827
837
830
782
523
266
90
23
46
45
-163
-454
-463
-291
-278
-325
-365
-615
-761
-848
-852
-734
-361
-115
-6
31
-197
-346
-245
-103
57
529
956
1048
919
929
916
1006
1017
1131
1562
1957
2070
2031
2112
1997
1738
1370
1272
1539
1921
2000
1641
1250
1089
967
761
400
92
149
269
408
423
196
-383
-606
-582
-472
-373
-364
-222
-68
172
-49
-343
-351
-292
-168
-80
121
368
438
417
314
463
591
652
738
998
1066
779
639
495
909
1387
1219
1133
1106
361
-162
415
914
830
598
371
482
632
328
-271
-683
-506
-142
368
606
102
-88
-517
-788
-673
-452
-214
-73
417
452
94
-263
-504
-626
-291
119
211
766
1180
1068
595
327
174
407
895
1200
1632
2043
1713
1275
1401
1179
928
1051
1306
1382
1542
1793
1344
584
27
-17
354
649
462
60
118
75
49
-217
-558
-478
-337
115
206
-112
-608
-697
-547
-305
177
184
159
160
615
692
229
-95
90
477
836
1345
1749
1742
1171
441
151
298
768
1036
1211
1535
1304
1287
891
390
-55
-422
151
998
1190
449
-41
-68
129
-88
-705
-789
-233
46
211
425
148
-499
-628
-559
-526
-279
174
745
219
-275
-327
-60
279
249
17
374
1131
1230
1011
327
382
988
995
839
1061
1394
1810
1853
1073
345
406
785
1186
1370
1570
1642
1086
823
641
-11
-775
-521
346
889
806
214
-334
-745
-658
-802
-822
-265
200
213
205
65
-657
-838
-376
52
306
538
1051
1095
728
369
579
1087
1084
967
1236
1637
1654
1503
982
503
799
1339
1408
998
1103
1370
984
645
379
-22
129
237
29
636
860
254
-223
-232
-522
-743
-414
147
603
692
508
256
-70
-338
-435
-253
92
327
756
822
711
470
263
128
-76
250
701
1165
1369
1322
710
547
901
1031
876
822
1174
1288
1481
1445
1278
951
660
811
1035
996
584
520
451
366
-40
-162
437
917
595
-252
-400
-345
-101
134
477
688
138
-264
-105
245
120
11
379
838
1253
1186
909
885
639
294
629
1533
2164
2377
1948
1362
800
460
425
777
1520
2069
2302
2079
1616
766
-170
-657
-140
804
1114
1382
1745
1673
572
-581
-939
-878
-404
260
967
1742
1893
1205
180
-898
-1375
-1004
-127
923
1690
1720
1608
1023
-59
-576
-453
-260
358
1103
1702
2135
1719
942
140
-366
-77
833
1685
2092
1977
1434
1274
1050
588
576
963
1296
1431
1555
1691
1380
476
-148
35
754
1233
1323
825
558
424
487
819
121
-376
-128
368
1034
1532
1216
599
700
658
320
593
1217
1341
1544
2104
2405
2064
1456
797
427
982
1973
2538
2579
2426
1687
1004
1006
1101
933
1064
1758
2314
2427
1632
789
234
-7
45
474
1233
1781
1885
1500
1043
236
-448
-364
270
1257
1894
1862
1597
1386
1085
319
-128
482
1210
1630
2117
2214
1641
940
747
772
729
902
1414
1984
2117
1849
1320
1002
940
505
554
1053
1623
1920
1852
1525
1056
504
225
563
946
1385
1677
1520
1271
767
192
88
272
574
935
1387
1666
1440
827
254
-184
-187
381
914
1423
1681
1499
1405
1250
680
209
298
711
1296
1773
1868
1774
1568
1019
505
463
755
914
1198
1643
1876
1573
1182
870
324
139
350
759
1237
1328
946
675
584
347
104
-53
30
482
1292
1624
1295
704
6
-344
-177
343
763
1126
1488
1474
1221
617
-86
-150
254
855
1207
1381
1304
944
659
547
622
484
459
531
774
1044
899
537
196
239
436
547
476
458
416
287
3
-273
-183
-101
115
330
287
53
-166
-248
-331
-296
-67
155
532
610
180
-260
-285
39
273
302
251
209
285
453
349
80
97
252
186
124
234
457
250
-20
168
448
432
186
-19
-82
132
199
174
-140
-487
-336
-184
-12
19
-178
-391
-374
-216
-69
-106
-448
-838
-949
-615
-109
160
-45
-470
-628
-422
-476
-559
-430
-430
-366
-308
-231
-333
-429
-398
-507
-436
-230
-155
-230
-369
-631
-555
-59
135
-178
-470
-511
-487
-570
-554
-602
-631
-702
-867
-853
-705
-794
-1184
-1244
-1175
-1143
-1111
-1094
-1171
-1266
-1295
-1312
-1162
-984
-1080
-1288
-1226
-1010
-862
-971
-1092
-850
-477
-470
-707
-953
-981
-795
-742
-652
-735
-886
-918
-663
-406
-750
-1178
-1263
-999
-820
-744
-834
-1055
-1132
-1337
-1550
-1497
-1130
-1074
-965
-429
-413
-938
-1418
-1689
-1619
-1380
-1207
-974
-490
-146
-379
-989
-1283
-1363
-1448
-1319
-852
-338
-155
-375
-893
-993
-925
-885
-902
-1016
-894
-679
-632
-578
-575
-735
-879
-889
-429
-161
-486
-692
-771
-765
-895
-942
-590
-104
-69
-557
-768
-894
-1032
-1139
-1224
-1198
-1026
-863
-771
-926
-1241
-1519
-1548
-1597
-1735
-1760
-1699
-1433
-1182
-1159
-1296
-1133
-975
-1255
-1616
-1683
-1578
-1192
-882
-944
-999
-798
-861
-1045
-1194
-1474
-1701
-1701
-1459
-1196
-1109
-1170
-1335
-1721
-2008
-2127
-2215
-2295
-2236
-2203
-2215
-2080
-2094
-2333
-2758
-3073
-3019
-2710
-2476
-2492
-2565
-2618
-2609
-2780
-3218
-3517
-3562
-3297
-2744
-2239
-2241
-2754
-3277
-3424
-3367
-3389
-3282
-3114
-2887
-2696
-2679
-3111
-3672
-3742
-3674
-3603
-3370
-2936
-2424
-2468
-3018
-3721
-3955
-3865
-3632
-3184
-3096
-3100
-3103
-3142
-3328
-3720
-4003
-3947
-3586
-3412
-3565
-3697
-3839
-3873
-4056
-4165
-4053
-3928
-3774
-3796
-4190
-4745
-4897
-4735
-4300
-3891
-3776
-3590
-3644
-4033
-4465
-4664
-4534
-4165
-3714
-3470
-3456
-3501
-3685
-4167
-4529
-4477
-4274
-3927
-3547
-3511
-3601
-3731
-3965
-4207
-4358
-4408
-4230
-4116
-4007
-3840
-3919
-4187
-4502
-4722
-4688
-4552
-4390
-4263
-4415
-4659
-4784
-4757
-4670
-4501
-4586
-4762
-4634
-4476
-4419
-4522
-4582
-4628
-4759
-4775
-4762
-4674
-4396
-4200
-4358
-4674
-4752
-4725
-4763
-4918
-5195
-5033
-4617
-4444
-4433
-4540
-4766
-5209
-5451
-5574
-5568
-5302
-5053
-4870
-4920
-5279
-5572
-5818
-6144
-6495
-6443
-5953
-5501
-5349
-5720
-6126
-6491
-6712
-6591
-6652
-6652
-6597
-6500
-6293
-6365
-6477
-6473
-6559
-6745
-6816
-6712
-6507
-6357
-6343
-6497
-6412
-6215
-6369
-6537
-6509
-6577
-6732
-6601
-6439
-6406
-6472
-6606
-6649
-6671
-6846
-7064
-7060
-6824
-6643
-6742
-6972
-7192
-7372
-7426
-7395
-7253
-7191
-7253
-7339
-7383
-7497
-7737
-7676
-7416
-7218
-7414
-7577
-7556
-7529
-7517
-7720
-7780
-7550
-7243
-7031
-6912
-6986
-7098
-7200
-7397
-7559
-7459
-7224
-7066
-6962
-7014
-7038
-7099
-7132
-7309
-7468
-7559
-7719
-7643
-7480
-7507
-7593
-7535
-7585
-7597
-7587
-7708
-7845
-7942
-8043
-7969
-7892
-7797
-7703
-7630
-7668
-7822
-7973
-8114
-8050
-8066
-7882
-7683
-7571
-7446
-7386
-7530
-7907
-8060
-7791
-7356
-7225
-7451
-7721
-7616
-7448
-7396
-7398
-7334
-7222
-7086
-7114
-7180
-7356
-7640
-7763
-7589
-7230
-7025
-6877
-6883
-7110
-7340
-7484
-7592
-7414
-7061
-6832
-6737
-6751
-6750
-7052
-7303
-7249
-7026
-6708
-6561
-6460
-6450
-6394
-6449
-6388
-6110
-6006
-5984
-5958
-5867
-5609
-5415
-5435
-5462
-5420
-5311
-5147
-4864
-4670
-4665
-4792
-4840
-4758
-4644
-4746
-4841
-4645
-4363
-4085
-3954
-4025
-4205
-4489
-4597
-4454
-4316
-4176
-4026
-3935
-3740
-3713
-3883
-4110
-4359
-4374
-4251
-3816
-3414
-3288
-3380
-3598
-3681
-3512
-3382
-3523
-3600
-3346
-2949
-2804
-2787
-2734
-2849
-2994
-2918
-2727
-2638
-2619
-2627
-2646
-2545
-2397
-2281
-2231
-2269
-2374
-2418
-2481
-2511
-2372
-2361
-2264
-2069
-1992
-2054
-2182
-2220
-2345
-2570
-2561
-2351
-2134
-1952
-1838
-1853
-1818
-2008
-2382
-2450
-2174
-1887
-1810
-1736
-1620
-1630
-1550
-1407
-1417
-1587
-1683
-1525
-1195
-821
-765
-869
-896
-836
-764
-737
-737
-691
-635
-526
-474
-448
-485
-483
-361
-333
-347
-407
-401
-373
-287
-264
-329
-369
-270
-189
-163
-198
-148
-13
77
-62
-176
-89
3
70
180
348
334
303
257
185
192
322
452
652
824
915
939
879
796
750
751
877
1023
1130
1237
1176
1148
1079
1001
1111
1324
1438
1366
1268
1288
1511
1607
1459
1208
1223
1526
1827
1843
1686
1681
1820
1944
1853
1828
1840
1915
2119
2360
2447
2469
2486
2400
2331
2335
2444
2623
2991
3319
3295
2956
2679
2753
2891
2928
3031
3185
3350
3543
3578
3425
3255
3230
3316
3551
3698
3686
3718
3932
4015
3834
3911
4007
3941
3866
3832
3853
4043
4254
4201
4223
4410
4490
4447
4266
4205
4355
4569
4813
5070
5151
5072
4933
4786
4878
5034
5161
5301
5433
5599
5725
5626
5377
5283
5313
5434
5683
6045
6393
6431
6261
6164
6069
6040
6026
6113
6391
6702
6912
6955
6881
6734
6487
6397
6678
7074
7393
7484
7546
7469
7333
7256
7194
7256
7537
7924
8142
8089
8028
7932
7704
7740
7980
8210
8546
8849
8848
8664
8499
8303
8309
8700
9084
9257
9334
9305
9157
9025
8898
8825
9092
9615
10023
10126
10072
9928
9799
9695
9767
9969
10239
10604
10910
10933
10777
10544
10374
10576
10991
11277
11536
11734
11845
11841
11835
11943
11947
11917
11840
12009
12334
12675
12786
12712
12671
12541
12492
12525
12748
12955
13138
13246
13326
13307
13288
13155
13133
13317
13493
13770
14030
14226
14090
13790
13759
13955
14191
14209
14249
14452
14707
14782
14636
14473
14302
14433
14651
14880
15004
15011
14913
14826
14871
15068
15155
15089
15094
14979
14974
15033
15177
15190
14998
14915
14796
14733
14765
14758
14605
14600
14658
14654
14524
14417
14260
14110
14104
14191
14351
14238
13973
13627
13344
13248
13345
13297
13341
13392
13273
13179
12999
12761
12508
12421
12487
12703
12864
12863
12747
12478
12167
11857
11669
11610
11574
11552
11594
11579
11393
10976
10489
10160
10059
10062
10048
10076
9999
9821
9622
9299
9046
8866
8832
8950
9055
9071
8975
8727
8492
8445
8539
8701
8839
8893
8871
8820
8618
8320
8052
8012
8059
8191
8348
8191
7967
7712
7497
7364
7278
7231
7296
7502
7686
7772
7763
7538
7224
7086
7215
7429
7509
7705
7936
8047
8073
7989
7836
7722
7741
7956
8298
8657
8886
8899
8801
8718
8665
8777
9082
9392
9658
9881
10058
10104
10071
10069
10185
10425
10568
10705
10872
11056
11231
11152
11064
11061
11147
11309
11510
11520
11454
11508
11612
11692
11648
11631
11712
11716
11687
11595
11546
11519
11395
11301
11257
11318
11392
11356
11417
11422
11373
11359
11302
11126
11055
11132
11210
11213
11147
11093
11139
11295
11186
10758
10464
10285
10009
9690
9406
9141
8834
8561
8304
8036
7770
7586
7300
7009
6859
6786
6644
6351
6080
5808
5612
5499
5283
5121
5084
4973
4796
4536
4187
3822
3666
3688
3559
3373
3130
2954
2802
2783
2655
2376
2355
2382
2399
2271
2018
1806
1726
1758
1768
1844
1946
1887
1775
1586
1427
1312
1182
1141
1030
975
1061
1161
1167
1091
1002
762
665
733
844
1029
1150
1170
1224
1274
1264
1336
1397
1475
1660
2002
2307
2474
2447
2323
2472
2689
2827
3026
3273
3554
3777
3877
3818
3729
3788
4021
4294
4655
4842
5007
5362
5653
5876
5960
6032
6169
6398
6558
6708
6804
6968
7161
7194
7323
7627
7938
8133
8349
8469
8606
8736
8895
9007
9026
9098
9087
9125
9115
8984
8711
8542
8475
8402
8322
8234
8014
7648
7265
6979
6733
6531
6318
5984
5642
5431
5365
5249
5136
4938
4720
4597
4392
4030
3733
3488
3210
2969
2796
2693
2491
2030
1494
1030
806
812
845
816
833
752
417
93
-150
-391
-537
-486
-435
-398
-473
-700
-1185
-1558
-1774
-2011
-2048
-2003
-2005
-2004
-2127
-2467
-2783
-2864
-2736
-2834
-2968
-2967
-2897
-2792
-2904
-3125
-3330
-3397
-3384
-3353
-3253
-3337
-3558
-3731
-3818
-3850
-3857
-3907
-3957
-3989
-4024
-4152
-4323
-4442
-4447
-4430
-4479
-4525
-4539
-4559
-4727
-4995
-5139
-5140
-5061
-5061
-5126
-5176
-5310
-5456
-5573
-5654
-5797
-5856
-5866
-5755
-5774
-5929
-6190
-6300
-6276
-6332
-6385
-6349
-6204
-6232
-6366
-6458
-6479
-6632
-6659
-6564
-6445
-6359
-6305
-6348
-6464
-6578
-6831
-6866
-6666
-6482
-6433
-6534
-6664
-6773
-6849
-7033
-7196
-7166
-7043
-6920
-6859
-6879
-7043
-7248
-7356
-7471
-7445
-7338
-7313
-7352
-7384
-7408
-7534
-7684
-7788
-7828
-7842
-7730
-7531
-7463
-7606
-7802
-8009
-8232
-8306
-8295
-8205
-8187
-8170
-8228
-8387
-8384
-8406
-8555
-8635
-8641
-8574
-8448
-8413
-8344
-8345
-8407
-8352
-8236
-8169
-8050
-7934
-7838
-7681
-7628
-7633
-7574
-7579
-7583
-7530
-7618
-7563
-7614
-7701
-7709
-7706
-7670
-7556
-7475
-7381
-7222
-7086
-6985
-7009
-6973
-6869
-6684
-6503
-6467
-6513
-6550
-6748
-7056
-7245
-7120
-6983
-6828
-6568
-6384
-6307
-6351
-6384
-6470
-6493
-6349
-6181
-6038
-5800
-5701
-5844
-6070
-6135
-5882
-5643
-5513
-5373
-5328
-5348
-5473
-5526
-5557
-5540
-5405
-5244
-4982
-4991
-5041
-5125
-5159
-4947
-4821
-4786
-4780
-4608
-4484
-4422
-4411
-4383
-4325
-4298
-4215
-4095
-3936
-3907
-3953
-3970
-3958
-3918
-3919
-3843
-3757
-3694
-3583
-3505
-3498
-3547
-3648
-3818
-3789
-3730
-3625
-3347
-3233
-3250
-3333
-3423
-3456
-3450
-3371
-3295
-3252
-3202
-3049
-2936
-2919
-3080
-3180
-3132
-2992
-2784
-2641
-2556
-2623
-2865
-2992
-2976
-2849
-2759
-2639
-2342
-2157
-2020
-1990
-1990
-2049
-2096
-1965
-1753
-1568
-1507
-1561
-1639
-1695
-1711
-1633
-1642
-1632
-1566
-1485
-1393
-1374
-1436
-1538
-1547
-1474
-1429
-1407
-1338
-1257
-1190
-1095
-1002
-1036
-1151
-1187
-1157
-1082
-970
-991
-1035
-1054
-1005
-962
-1024
-1165
-1250
-1277
-1315
-1289
-1292
-1345
-1405
-1514
-1640
-1785
-1836
-1846
-1815
-1700
-1691
-1754
-1854
-1827
-1697
-1725
-1767
-1665
-1511
-1462
-1541
-1643
-1527
-1410
-1412
-1458
-1325
-1255
-1234
-1151
-1166
-1200
-1276
-1198
-1042
-843
-709
-766
-785
-629
-511
-526
-499
-421
-255
-67
108
263
320
371
402
503
654
906
1067
1159
1301
1458
1650
1724
1673
1728
1842
1898
2069
2261
2357
2254
2118
2187
2315
2276
2181
2108
2084
2093
2063
1946
1855
1747
1678
1689
1577
1481
1328
1115
973
842
718
664
648
592
425
255
92
-70
-215
-350
-421
-396
-435
-503
-636
-837
-1056
-1209
-1238
-1214
-1342
-1429
-1414
-1495
-1640
-1787
-1925
-2138
-2280
-2171
-2033
-1973
-2052
-2241
-2330
-2427
-2454
-2450
-2503
-2526
-2367
-2213
-2264
-2368
-2544
-2777
-2794
-2652
-2454
-2317
-2314
-2342
-2548
-2693
-2712
-2779
-2820
-2771
-2728
-2698
-2728
-2894
-3106
-3218
-3281
-3263
-3149
-3017
-3029
-3082
-3181
-3282
-3427
-3571
-3616
-3581
-3414
-3369
-3369
-3393
-3449
-3569
-3696
-3762
-3720
-3665
-3605
-3546
-3502
-3631
-3856
-4062
-4094
-3937
-3821
-3780
-3776
-3759
-3910
-4091
-4274
-4216
-4125
-4111
-4067
-4016
-4014
-4068
-4250
-4397
-4460
-4497
-4468
-4341
-4202
-4253
-4345
-4547
-4802
-4915
-4814
-4750
-4674
-4546
-4446
-4504
-4706
-4926
-5159
-5255
-5123
-4863
-4716
-4622
-4691
-4908
-5127
-5279
-5301
-5282
-5068
-4811
-4715
-4748
-4905
-5120
-5260
-5297
-5234
-5066
-4911
-4831
-4849
-4901
-5042
-5197
-5270
-5235
-5073
-4871
-4840
-4883
-4911
-5049
-5206
-5299
-5260
-5136
-5047
-4997
-4923
-5038
-5156
-5285
-5412
-5464
-5364
-5221
-5118
-5073
-5110
-5207
-5300
-5281
-5302
-5318
-5239
-5080
-4998
-4991
-4991
-5113
-5185
-5186
-5157
-5111
-4927
-4901
-5032
-5117
-5155
-5179
-5191
-5093
-5023
-4963
-4852
-4763
-4851
-5036
-5156
-5061
-4950
-4827
-4796
-4806
-4812
-4892
-4868
-4841
-4908
-4995
-4925
-4809
-4765
-4790
-4835
-4934
-5018
-4982
-4932
-4882
-4827
-4754
-4816
-4819
-4790
-4874
-4965
-5038
-4952
-4863
-4775
-4785
-4829
-4931
-4970
-4961
-4936
-4861
-4761
-4720
-4776
-4854
-4861
-4834
-4815
-4733
-4681
-4626
-4618
-4699
-4757
-4795
-4879
-4835
-4689
-4564
-4529
-4494
-4575
-4679
-4737
-4761
-4698
-4610
-4519
-4453
-4473
-4590
-4598
-4596
-4682
-4682
-4555
-4424
-4517
-4607
-4655
-4729
-4692
-4648
-4555
-4577
-4585
-4492
-4464
-4513
-4624
-4688
-4613
-4473
-4359
-4312
-4418
-4565
-4618
-4645
-4601
-4645
-4627
-4554
-4494
-4520
-4603
-4679
-4803
-4841
-4752
-4615
-4446
-4397
-4521
-4651
-4724
-4762
-4703
-4683
-4635
-4603
-4598
-4573
-4645
-4787
-4854
-4885
-4805
-4617
-4521
-4462
-4549
-4653
-4712
-4667
-4625
-4588
-4463
-4389
-4327
-4415
-4386
-4414
-4543
-4524
-4412
-4263
-4272
-4331
-4400
-4458
-4492
-4503
-4474
-4438
-4428
-4345
-4296
-4374
-4424
-4507
-4515
-4471
-4368
-4266
-4250
-4246
-4337
-4452
-4426
-4404
-4359
-4355
-4328
-4253
-4242
-4292
-4385
-4394
-4351
-4235
-4159
-4120
-4114
-4171
-4244
-4223
-4179
-4144
-4091
-3978
-3967
-3994
-4045
-4116
-4114
-4028
-3949
-4023
-4007
-3974
-4003
-3983
-3983
-4007
-3970
-3905
-3817
-3739
-3724
-3796
-3821
-3827
-3751
-3664
-3677
-3709
-3728
-3719
-3741
-3752
-3779
-3781
-3733
-3769
-3704
-3746
-3754
-3696
-3658
-3571
-3564
-3562
-3574
-3590
-3575
-3500
-3468
-3445
-3401
-3389
-3452
-3546
-3557
-3486
-3423
-3400
-3412
-3358
-3331
-3362
-3394
-3364
-3325
-3232
-3184
-3069
-3010
-3095
-3093
-3123
-3107
-3045
-2964
-2911
-2909
-2923
-2945
-2984
-3013
-2953
-2942
-2922
-2872
-2856
-2871
-2938
-3006
-3025
-3016
-2970
-2892
-2897
-2951
-2956
-2894
-2831
-2821
-2809
-2733
-2726
-2752
-2788
-2826
-2758
-2757
-2700
-2726
-2699
-2729
-2778
-2756
-2754
-2712
-2660
-2603
-2587
-2524
-2583
-2592
-2646
-2640
-2546
-2552
-2542
-2500
-2478
-2493
-2528
-2504
-2536
-2545
-2490
-2415
-2356
-2298
-2346
-2431
-2468
-2513
-2421
-2431
-2395
-2367
-2366
-2318
-2333
-2347
-2352
-2316
-2250
-2208
-2138
-2086
-2109
-2208
-2243
-2241
-2189
-2154
-2047
-2014
-2053
-2023
-2026
-2131
-2167
-2123
-2124
-1981
-1929
-1901
-1975
-2005
-2070
-2120
-2081
-2020
-1956
-1910
-1933
-1963
-1987
-2060
-2061
-2050
-2038
-2009
-1974
-2009
-2006
-2043
-2172
-2192
-2077
-2047
-2026
-2009
-2070
-2144
-2177
-2221
-2260
-2207
-2158
-2094
-2143
-2159
-2136
-2153
-2155
-2140
-2066
-2051
-2036
-1981
-1934
-1944
-1972
-1891
-1889
-1841
-1794
-1728
-1741
-1752
-1698
-1761
-1769
-1732
-1717
-1764
-1731
-1679
-1667
-1662
-1709
-1707
-1741
-1678
-1651
-1717
-1714
-1671
-1660
-1702
-1714
-1755
-1764
-1783
-1759
-1755
-1785
-1750
-1794
-1792
-1758
-1769
-1746
-1757
-1783
-1706
-1694
-1696
-1682
-1663
-1636
-1585
-1560
-1538
-1503
-1513
-1497
-1533
-1458
-1377
-1377
-1428
-1405
-1390
-1390
-1440
-1492
-1465
-1440
-1400
-1407
-1402
-1398
-1398
-1427
-1467
-1464
-1389
-1396
-1403
-1309
-1292
-1269
-1225
-1199
-1231
-1204
-1124
-1094
-1040
-1048
-1108
-1128
-1071
-1074
-1049
-1047
-1028
-981
-944
-979
-1081
-1182
-1201
-1140
-1045
-991
-972
-1010
-1073
-1045
-1070
-1074
-1061
-1044
-999
-935
-958
-1030
-1045
-1054
-1060
-969
-873
-780
-745
-754
-767
-789
-778
-730
-623
-634
-612
-635
-657
-639
-672
-662
-581
-494
-442
-454
-424
-455
-421
-381
-362
-331
-309
-218
-205
-181
-201
-240
-264
-299
-308
-309
-310
-255
-264
-295
-323
-329
-355
-392
-418
-394
-330
-333
-368
-368
-398
-445
-456
-392
-375
-379
-349
-354
-364
-450
-368
-329
-291
-222
-196
-194
-240
-217
-239
-227
-210
-194
-131
-126
-174
-172
-159
-93
-129
-150
-138
-184
-139
-175
-143
-135
-120
-73
-90
-100
-62
-45
-9
-88
-120
-115
-55
-43
-74
-62
-105
-121
-170
-115
-119
-95
37
39
69
126
117
136
114
85
28
52
105
148
119
82
61
42
60
47
88
133
168
163
189
152
176
184
136
133
134
106
131
148
123
125
112
76
96
75
105
88
132
129
83
155
193
238
272
284
295
285
306
298
249
312
387
423
454
419
433
468
436
481
498
489
517
548
542
516
489
483
496
528
542
525
499
511
505
473
467
469
451
437
440
479
441
409
454
464
439
459
505
462
480
528
522
562
593
631
698
675
634
690
716
748
761
753
764
771
802
831
797
841
911
909
924
895
879
863
876
936
912
913
940
921
917
907
897
903
882
840
827
803
809
859
850
808
762
795
788
822
884
905
877
885
871
905
916
901
962
935
946
985
1039
1013
975
1009
981
1009
1032
1014
1033
1031
1039
1001
1002
987
965
1003
1009
1103
1114
1125
1118
1093
1078
1037
1091
1067
1094
1100
1092
1145
1109
1058
1041
1043
1118
1131
1179
1214
1171
1159
1213
1218
1172
1146
1178
1237
1282
1303
1308
1304
1275
1294
1328
1333
1293
1343
1370
1365
1425
1399
1349
1371
1411
1448
1426
1416
1443
1387
1405
1384
1365
1367
1315
1314
1294
1274
1255
1271
1253
1221
1305
1388
1305
1291
1381
1299
1268
1398
1469
1352
1360
1467
1505
1465
1417
1514
1495
1502
1600
1621
1592
1550
1574
1525
1474
1541
1533
1539
1562
1599
1608
1588
1658
1683
1670
1640
1684
1733
1708
1729
1744
1699
1672
1657
1660
1698
1649
1646
1588
1560
1578
1591
1609
1610
1587
1549
1510
1492
1528
1544
1547
1576
1590
1585
1572
1595
1601
1541
1587
1641
1622
1620
1602
1566
1573
1623
1634
1662
1684
1734
1753
1778
1813
1810
1797
1755
1764
1774
1725
1725
1775
1741
1766
1740
1746
1720
1704
1719
1718
1692
1619
1632
1613
1601
1600
1609
1598
1604
1605
1617
1581
1589
1646
1625
1621
1631
1625
1588
1587
1608
1663
1686
1687
1662
1667
1704
1668
1697
1687
1648
1626
1661
1672
1669
1713
1724
1725
1718
1723
1753
1811
1802
1771
1769
1768
1676
1646
1656
1619
1623
1635
1639
1592
1626
1609
1567
1602
1601
1621
1586
1636
1705
1631
1669
1672
1618
1596
1623
1667
1549
1519
1567
1536
1573
1574
1605
1581
1592
1603
1593
1597
1598
1624
1595
1562
1547
1515
1517
1524
1524
1508
1482
1485
1461
1528
1554
1523
1507
1479
1512
1459
1452
1488
1458
1480
1548
1486
1482
1508
1502
1558
1493
1490
1479
1467
1442
1374
1384
1353
1379
1377
1386
1387
1416
1412
1406
1417
1404
1420
1437
1457
1416
1443
1409
1414
1391
1402
1394
1365
1370
1407
1436
1424
1420
1440
1495
1458
1488
1466
1484
1552
1547
1560
1492
1511
1552
1539
1572
1552
1559
1528
1610
1596
1569
1547
1523
1528
1490
1479
1456
1399
1344
1368
1344
1301
1302
1321
1304
1345
1375
1357
1311
1297
1320
1295
1298
1313
1281
1283
1292
1270
1322
1319
1371
1352
1380
1422
1399
1455
1433
1455
1513
1531
1604
1579
1583
1636
1615
1592
1573
1590
1555
1538
1530
1519
1504
1480
1504
1472
1451
1366
1372
1375
1393
1401
1309
1295
1272
1229
1183
1220
1183
1189
1174
1193
1176
1172
1172
1190
1214
1221
1315
1277
1296
1285
1318
1305
1340
1367
1346
1356
1362
1352
1352
1301
1329
1381
1319
1318
1313
1331
1326
1369
1377
1322
1376
1383
1415
1468
1525
1492
1508
1504
1486
1500
1477
1460
1407
1413
1392
1383
1370
1341
1276
1294
1221
1174
1134
1119
1129
1097
1104
1107
1063
1105
1135
1138
1130
1111
1192
1165
1132
1124
1105
1125
1123
1137
1162
1179
1213
1243
1192
1208
1317
1304
1282
1363
1330
1328
1270
1298
1337
1247
1264
1264
1247
1193
1208
1194
1188
1125
1167
1153
1111
1194
1184
1195
1208
1165
1128
1142
1105
1105
1099
1059
1068
1082
1146
1154
1177
1246
1264
1261
1270
1221
1216
1250
1250
1265
1253
1313
1289
1318
1333
1368
1328
1296
1310
1314
1315
1297
1317
1321
1328
1332
1342
1359
1356
1355
1335
1275
1241
1206
1170
1138
1134
1076
1038
1107
1104
1081
1120
1107
1102
1108
1100
1075
1100
1117
1143
1113
1101
1120
1102
1094
1114
1207
1207
1271
1299
1288
1245
1310
1305
1262
1262
1317
1319
1272
1358
1330
1290
1275
1270
1228
1194
1239
1279
1273
1239
1232
1169
1162
1156
1111
1075
1001
1021
1008
969
980
1024
974
1025
1044
1007
1019
1017
1025
986
1035
1037
1046
1040
1078
1048
965
1000
1032
1032
1043
1069
1054
1090
1089
1095
1076
1079
1135
1160
1108
1086
1123
1082
1060
1019
961
983
1002
999
992
996
1038
1060
1125
1078
1059
1104
1117
1099
1056
1090
1076
1058
1036
1048
963
879
920
882
843
832
892
864
845
872
890
868
884
940
900
897
921
892
867
840
887
909
886
965
963
965
997
987
1033
1042
1027
1082
1046
1076
1078
1011
1033
1033
1052
1023
1002
986
1003
938
883
909
899
846
824
863
889
901
910
920
928
902
901
874
830
889
884
850
865
881
903
898
871
918
947
984
965
926
961
970
966
957
967
973
974
1001
992
1022
978
961
989
922
913
920
941
994
948
923
966
942
896
926
931
893
889
908
909
924
976
947
924
951
994
975
986
1000
955
974
932
897
935
966
990
981
908
913
897
871
852
821
814
834
867
896
911
869
827
859
874
846
854
865
865
855
804
777
758
735
779
774
763
795
861
905
859
916
925
874
907
929
906
899
925
962
966
904
852
841
859
839
848
854
862
830
797
774
773
759
786
749
717
740
700
666
635
617
615
558
598
632
656
647
662
697
721
700
694
729
728
772
840
835
773
785
834
838
809
837
826
829
811
865
870
771
794
762
710
703
658
674
679
638
630
611
575
640
668
654
660
673
669
672
656
642
652
641
621
592
640
655
652
675
660
631
659
660
671
681
669
656
633
661
594
585
633
603
641
673
638
626
614
627
606
611
625
673
695
676
727
719
699
709
756
740
738
727
709
698
686
645
667
652
602
607
586
629
611
603
592
599
615
635
617
634
611
596
586
617
639
602
608
593
582
600
618
637
631
566
634
613
630
648
622
583
569
614
636
648
656
679
666
611
656
609
615
663
665
633
634
703
689
717
700
739
709
675
720
667
641
672
640
624
645
620
591
598
561
562
583
618
612
551
594
603
573
537
595
612
570
579
631
560
556
648
659
629
620
671
649
655
711
681
588
607
615
625
574
603
681
679
655
621
675
652
626
648
601
606
602
567
546
530
571
564
551
539
516
549
553
555
526
580
565
563
570
558
600
599
626
618
644
662
661
681
699
698
630
649
668
602
576
541
525
507
498
513
514
531
552
569
538
588
584
562
588
518
543
596
610
607
606
649
619
550
604
675
631
608
590
591
599
605
622
615
621
605
564
521
555
554
533
562
586
512
510
530
522
448
451
463
437
481
462
528
453
416
439
465
443
464
472
506
516
492
505
566
529
494
475
473
505
520
532
500
476
486
456
427
470
458
461
461
449
447
395
421
432
454
482
494
501
480
530
507
483
464
418
466
474
440
420
404
413
378
430
408
402
456
435
454
443
455
484
479
496
476
502
532
479
482
486
476
430
448
462
470
461
458
522
490
522
541
545
588
592
582
537
556
536
501
495
451
467
466
456
442
356
389
373
385
417
411
449
399
404
412
398
445
382
367
384
371
340
377
335
340
318
261
315
305
322
296
322
339
315
283
294
326
376
365
355
391
363
341
381
369
395
351
343
381
357
347
354
374
337
376
422
387
394
413
367
317
360
355
322
300
334
352
277
326
354
296
297
322
343
297
300
311
318
315
319
345
340
326
315
330
276
368
378
354
324
342
388
393
391
363
411
403
412
421
423
423
395
353
338
318
249
251
314
306
289
297
283
299
310
300
295
306
309
254
223
197
200
203
211
285
301
298
316
351
342
309
340
358
343
325
322
240
233
244
283
299
281
287
270
257
215
195
259
278
224
241
256
243
280
302
289
309
347
286
295
280
258
251
233
231
223
293
297
258
294
312
266
250
288
239
231
265
254
281
280
302
322
309
327
297
297
311
322
331
304
328
335
270
284
280
293
338
344
351
313
319
335
304
296
318
316
304
249
250
247
251
267
255
191
212
189
167
227
205
244
250
324
346
354
329
319
304
286
276
284
289
259
306
292
305
275
254
238
204
210
207
216
207
237
228
254
268
228
232
226
282
287
282
299
315
313
335
352
331
366
305
280
312
271
326
369
359
405
394
388
393
397
348
364
324
303
344
306
269
243
244
251
272
283
284
284
281
256
282
230
233
227
263
257
268
306
319
363
354
389
342
302
362
370
327
340
320
343
353
344
379
343
356
357
356
351
339
342
371
332
293
310
267
254
256
204
224
184
163
196
201
175
161
180
169
196
188
228
219
188
214
248
257
241
238
245
218
212
204
204
200
184
192
169
127
160
146
101
145
161
156
163
217
200
202
192
214
178
202
263
223
205
200
281
242
221
240
321
302
267
322
309
244
226
254
257
294
276
285
279
286
285
297
319
287
307
269
264
217
246
272
259
243
220
280
255
263
270
294
264
303
328
241
282
334
384
403
416
424
442
402
402
387
368
384
364
354
335
368
324
342
365
340
276
262
295
261
239
221
247
234
259
316
297
262
207
193
209
204
226
222
225
249
259
206
221
257
265
248
219
228
263
281
289
270
316
311
247
284
275
333
281
293
296
288
281
284
314
270
334
297
287
283
267
317
284
268
315
290
289
314
256
269
292
276
297
284
304
336
341
357
326
338
320
291
295
296
336
290
293
336
367
350
285
346
281
213
207
196
194
157
214
228
232
246
220
229
231
268
240
196
187
244
250
276
274
255
242
205
327
319
292
319
321
284
207
258
257
225
263
278
260
228
258
210
252
234
253
269
264
294
283
295
310
319
314
301
299
314
302
265
219
258
256
273
324
330
301
254
323
290
302
364
318
308
320
326
280
293
284
276
284
260
292
287
291
263
233
195
215
224
230
276
291
248
323
345
367
382
334
325
276
271
248
291
249
248
280
258
289
328
294
327
310
290
291
281
310
274
225
211
220
248
290
272
254
258
230
259
245
245
254
225
254
290
332
331
363
397
355
352
348
327
280
268
239
220
244
254
258
261
284
261
290
255
260
282
292
241
228
251
221
279
280
261
283
309
345
252
262
312
265
237
147
217
233
250
210
232
261
248
233
235
249
198
256
311
264
220
245
293
227
216
265
222
152
187
235
176
198
264
279
240
288
326
278
283
313
285
271
255
259
228
234
211
196
165
207
236
163
184
175
185
188
174
221
151
164
176
166
170
140
206
182
161
228
226
251
274
267
240
210
214
204
208
228
250
289
303
309
338
302
266
246
235
220
169
189
151
115
144
165
144
177
163
148
159
149
158
99
58
54
49
59
24
49
17
-52
-45
-13
30
5
-18
31
60
73
71
102
103
111
95
82
138
135
128
188
157
142
202
209
202
195
186
207
221
194
181
187
148
141
140
137
87
41
58
87
35
28
78
85
88
53
48
46
52
18
-6
14
16
67
55
56
38
22
26
-17
2
50
63
54
70
116
129
153
201
165
160
136
138
108
95
91
93
90
110
68
6
9
18
16
-23
-22
-11
-8
-27
-37
-18
-18
-32
-38
-3
12
-1
36
23
44
69
61
83
39
84
86
88
166
179
175
161
160
175
148
112
131
141
137
139
76
57
54
67
20
-9
45
10
18
40
22
-5
54
27
7
55
6
0
31
27
-18
36
17
35
76
44
27
46
105
126
116
96
128
108
85
110
46
38
18
32
18
37
11
21
62
28
36
46
32
41
85
39
71
65
-16
27
-7
-32
-2
-3
16
17
8
7
40
77
120
158
133
143
100
94
92
68
89
27
43
36
23
-15
3
8
24
29
32
15
30
58
60
41
44
84
116
122
75
106
99
93
38
45
25
8
39
55
35
15
5
-10
-3
-88
-65
-85
-89
-138
-94
-55
-86
-34
-33
-51
-107
-104
-114
-114
-116
-88
-68
-78
-68
-36
-22
-1
44
19
-5
58
66
42
96
104
113
157
167
187
102
71
62
20
4
12
25
10
48
82
-3
-13
39
43
19
-38
7
40
-15
-18
-24
-36
-54
-11
22
-10
-13
-11
8
12
86
55
53
69
58
68
72
127
70
37
67
89
68
67
73
86
100
52
47
13
-27
-5
20
49
6
45
28
-5
-7
32
41
26
64
69
94
89
64
15
12
-16
6
84
94
51
72
77
76
69
129
125
122
121
99
148
121
125
128
115
75
39
39
-3
4
41
20
30
16
-45
-11
-11
-8
-7
-62
-77
-37
-55
-97
-61
-75
-65
-76
-12
13
-3
33
38
30
13
72
69
51
75
82
76
45
45
71
51
-15
-3
30
-6
-2
25
27
76
117
114
129
127
132
92
54
26
-31
-83
-49
-26
-1
7
69
63
89
119
142
190
157
168
187
158
140
176
138
137
172
182
161
167
203
189
227
219
181
188
157
174
151
125
134
118
111
78
105
125
68
76
100
56
48
75
64
76
47
73
115
99
109
138
172
196
176
220
144
141
159
175
182
170
232
235
261
254
245
244
245
228
223
195
162
154
161
175
151
86
86
91
149
144
119
81
121
151
137
107
96
116
113
110
85
130
121
113
114
121
137
129
157
180
163
168
159
174
154
150
146
187
158
181
181
103
114
172
150
115
188
139
81
110
105
125
91
70
75
51
54
74
92
93
79
85
93
79
55
44
67
60
55
69
58
60
66
85
13
63
67
74
95
94
120
112
90
89
98
56
62
62
77
-6
-8
55
50
43
15
87
122
170
172
158
130
188
156
110
156
113
133
88
90
137
145
144
157
151
140
149
154
151
132
146
112
153
146
129
115
118
109
92
79
80
81
47
58
62
64
61
81
47
65
77
66
19
46
33
-4
-29
18
8
-42
-40
-12
1
36
71
69
73
69
52
111
98
45
40
16
14
-5
-6
8
28
66
-24
-15
23
7
8
10
24
18
21
35
35
35
-29
-2
2
-20
-22
-14
17
34
17
-1
-5
-3
20
69
79
84
151
123
137
112
124
106
125
127
152
126
45
125
86
19
36
15
76
84
61
39
96
50
25
28
1
39
29
69
40
65
57
0
-22
-28
14
8
24
29
27
34
35
36
41
14
37
12
26
-3
-35
4
-29
-67
-40
-8
17
11
39
90
26
37
21
5
33
15
32
32
51
42
4
20
-13
10
26
-13
-46
-38
-10
-24
-8
11
15
5
12
63
19
24
17
2
-14
-40
2
-5
-9
18
19
22
14
40
9
-41
-17
-53
-48
-53
-37
-21
-19
2
12
56
52
64
7
39
34
-16
-24
-18
53
-8
-56
-33
-39
-70
-26
39
-14
-78
-41
-6
-81
-90
-95
-49
-52
-51
-12
-44
-67
-43
-37
-71
-93
-59
-64
-48
-64
-84
-82
-59
-42
-109
-115
-117
-119
-116
-125
-85
-66
-69
-38
-45
-6
20
7
24
24
16
18
22
-8
25
52
13
-1
40
26
32
51
48
70
28
-18
22
19
22
13
-29
-58
-65
-40
-83
-49
-158
-177
-191
-230
-245
-199
-174
-230
-191
-156
-211
-192
-109
-96
-114
-71
11
-42
-95
-17
-22
-105
-66
-8
-60
-149
-98
-81
-132
-151
-85
-113
-157
-74
-75
-111
-66
-36
-90
-114
-137
-140
-114
-175
-190
-187
-180
-156
-142
-177
-185
-175
-195
-214
-220
-236
-231
-187
-187
-187
-189
-202
-148
-115
-131
-116
-125
-163
-149
-81
-105
-117
-126
-144
-147
-175
-146
-149
-149
-157
-126
-105
-83
-67
-98
-104
-146
-123
-127
-111
-151
-129
-59
-151
-145
-78
-99
-123
-101
-126
-114
-172
-146
-158
-205
-155
-149
-161
-175
-112
-121
-83
-98
-92
-144
-141
-139
-186
-200
-216
-195
-228
-222
-185
-143
-182
-153
-153
-166
-185
-137
-124
-165
-143
-136
-208
-189
-197
-282
-234
-222
-178
-144
-154
-149
-167
-165
-146
-214
-255
-207
-185
-200
-194
-133
-138
-115
-115
-137
-151
-182
-203
-198
-180
-172
-180
-145
-150
-173
-160
-190
-202
-241
-255
-225
-191
-203
-175
-169
-173
-129
-179
-170
-181
-221
-219
-168
-166
-185
-85
-119
-100
-109
-88
-86
-119
-99
-182
-167
-166
-191
-234
-224
-191
-150
-150
-173
-189
-219
-229
-221
-281
-297
-258
-247
-271
-307
-300
-335
-356
-384
-379
-382
-363
-368
-323
-289
-299
-269
-222
-178
-147
-154
-154
-176
-158
-156
-155
-134
-182
-138
-142
-93
-170
-176
-101
-89
-83
-125
-81
-98
-87
-63
-58
-31
-35
-1
9
-18
-3
-25
-27
-58
-146
-151
-202
-179
-171
-189
-128
-175
-165
-144
-135
-171
-203
-146
-168
-140
-83
-96
-149
-89
-81
-92
-118
-128
-123
-123
-81
-56
-91
-81
-13
-25
6
22
26
20
-22
-39
-72
-78
-121
-136
-105
-136
-74
-63
-32
-20
-12
41
-16
-98
-93
-104
-126
-154
-132
-88
-153
-142
-163
-157
-141
-163
-145
-176
-145
-123
-89
-35
-38
-12
-14
8
49
38
25
-19
-25
-42
-71
-35
-25
-30
21
6
48
46
19
12
10
-36
-50
-37
-100
-97
-99
-118
-55
-17
-73
-128
-126
-146
-77
-101
-92
-56
-89
-26
-57
-7
-12
-8
30
56
37
-16
-7
-61
-42
-3
-16
-6
27
-27
-98
-98
-61
-48
-83
-113
-112
-152
-198
-175
-137
-104
-96
-123
-125
-113
-108
-88
-57
-53
-84
-26
-47
-76
-53
-38
-8
40
52
51
52
44
18
-33
-12
2
-30
-34
-26
1
-3
-6
24
0
0
-2
30
49
42
54
15
-13
18
8
0
-3
3
-29
-62
-5
-39
-143
-59
14
-34
-59
60
89
24
66
99
92
63
106
92
57
81
136
81
28
101
91
44
17
48
11
-9
2
-47
-86
-69
-75
-88
-81
-77
-48
-5
5
16
30
43
45
10
-17
-14
-25
-70
-46
-22
-34
-2
48
27
60
107
134
148
137
104
77
86
47
109
101
115
200
189
211
167
189
161
159
122
104
136
137
158
119
168
169
169
154
157
149
148
146
140
109
119
124
97
144
106
103
62
91
119
69
78
89
92
81
67
109
116
62
74
99
118
92
125
72
39
48
34
-24
-19
45
22
37
36
60
106
74
90
93
57
66
71
50
9
54
43
16
0
46
38
23
50
64
23
5
20
-5
-4
-5
20
-26
-25
21
1
-11
-7
19
17
10
50
17
46
122
111
84
97
94
57
-4
-26
-47
-67
-21
5
4
44
15
55
66
29
89
52
46
58
34
-39
-35
22
-28
-46
-4
76
66
49
81
95
85
53
68
35
-1
-1
27
19
-30
-33
-109
-101
-96
-84
-57
-51
7
27
41
39
65
10
25
64
87
64
73
84
82
47
77
124
131
140
164
166
161
189
174
116
99
121
91
128
76
100
43
49
14
-18
-37
3
42
16
-27
-60
-81
-138
-138
-149
-103
-143
-79
-44
-65
-7
-14
-19
18
18
20
22
65
61
30
67
124
108
123
159
157
137
102
90
42
41
17
-21
-57
-25
-34
-6
29
-23
-6
-50
-109
-100
-116
-120
-112
-84
-95
-88
-92
-62
-66
-80
-98
-115
-127
-84
-69
-143
-109
-110
-58
-15
-59
6
-2
-7
-11
-33
-39
-72
-39
-95
-59
-62
-85
-109
-108
-123
-117
-105
-80
-75
-67
-23
-39
-70
-66
-23
-82
-60
-27
20
0
-27
9
41
-10
-29
24
-21
-52
0
9
-30
-34
-34
-24
-19
-22
-33
-4
-8
2
16
-12
-39
-24
-19
-60
-64
-22
-14
-41
-56
-39
-28
-64
-84
-52
-88
-99
-87
-83
-118
-112
-115
-124
-121
-144
-129
-138
-123
-83
-123
-86
-141
-172
-107
-107
-135
-134
-108
-126
-147
-128
-89
-52
-82
-102
-91
-80
-30
-76
-68
-27
-99
-81
-58
-72
-69
-112
-85
-88
-135
-154
-181
-114
-118
-94
-88
-114
-82
-50
-118
-141
-128
-90
-169
-141
-91
-137
-185
-183
-152
-202
-188
-216
-204
-242
-231
-184
-191
-163
-108
-44
-106
-88
-105
-134
-119
-39
-47
-60
-51
-85
-83
-68
-69
-46
-26
-51
-25
-4
-41
-59
-11
-4
-21
-37
-7
-2
-7
-24
-23
-113
-102
-128
-170
-173
-192
-176
-160
-185
-217
-208
-219
-222
-210
-123
-111
-92
-107
-163
-183
-179
-198
-172
-138
-143
-118
-158
-157
-144
-162
-120
-144
-200
-192
-172
-183
-176
-182
-149
-203
-222
-179
-181
-214
-235
-230
-252
-275
-287
-231
-219
-159
-193
-211
-176
-129
-148
-196
-110
-114
-163
-162
-139
-189
-148
-67
-109
-152
-126
-107
-121
-151
-144
-162
-168
-196
-184
-186
-208
-193
-170
-157
-178
-148
-139
-161
-148
-126
-116
-69
-91
-77
-39
-65
-66
-76
-106
-92
-127
-152
-138
-151
-125
-150
-138
-119
-164
-165
-127
-111
-154
-131
-74
-76
-129
-124
-122
-123
-123
-83
-90
-97
-81
-129
-173
-189
-205
-193
-173
-191
-200
-126
-136
-146
-137
-81
-80
-87
-90
-103
-65
-97
-102
-94
-111
-128
-112
-119
-119
-108
-10
-63
-19
-13
-58
-72
-41
-67
-119
-46
-57
-75
-98
-61
-44
-89
-111
-117
-91
-106
-115
-155
-86
-71
-140
-136
-157
-161
-156
-197
-208
-200
-170
-165
-175
-132
-104
-98
-137
-99
-89
-131
-101
-120
-157
-97
-107
-82
-57
-82
-73
-69
-46
-32
-29
-55
-63
-79
-104
-45
-63
-45
-61
-78
-99
-101
-111
-146
-202
-248
-223
-267
-293
-280
-297
-260
-246
-230
-221
-207
-160
-161
-134
-138
-54
-76
-65
-45
-111
-99
-130
-154
-152
-205
-186
-195
-170
-144
-193
-189
-174
-164
-154
-142
-112
-111
-100
-90
-113
-152
-175
-136
-161
-156
-140
-121
-116
-137
-133
-126
-113
-66
-59
-72
-55
-51
-66
-76
-64
-81
-76
-69
-79
-103
-72
-106
-97
-59
-55
-98
-91
-59
-34
-89
-132
-105
-126
-147
-172
-160
-189
-240
-227
-203
-277
-256
-219
-204
-222
-220
-229
-219
-176
-126
-129
-232
-243
-225
-234
-212
-215
-228
-221
-163
-180
-229
-204
-187
-223
-188
-204
-274
-251
-258
-278
-297
-262
-246
-276
-222
-171
-187
-172
-131
-140
-161
-157
-188
-237
-243
-200
-193
-240
-231
-174
-225
-188
-186
-217
-248
-254
-236
-223
-216
-196
-189
-189
-174
-171
-150
-106
-122
-100
-75
-108
-75
-136
-87
-121
-121
-134
-132
-138
-168
-153
-156
-132
-135
-136
-162
-137
-128
-114
-124
-91
-81
-106
-133
-160
-137
-169
-175
-159
-180
-199
-186
-206
-201
-223
-223
-196
-213
-192
-157
-114
-117
-155
-109
-121
-148
-120
-136
-159
-128
-108
-96
-160
-202
-151
-175
-173
-174
-152
-195
-196
-183
-178
-153
-204
-131
-126
-200
-180
-186
-167
-155
-120
-110
-144
-133
-99
-107
-159
-154
-143
-135
-145
-157
-146
-139
-172
-131
-99
-124
-159
-101
-78
-98
-46
-65
-2
-46
-55
18
-10
-48
-30
-19
-58
-41
-25
-27
-6
-32
-48
-52
-20
-11
-1
-54
-89
-103
-172
-155
-128
-193
-221
-169
-186
-177
-167
-185
-208
-187
-206
-265
-234
-273
-237
-233
-188
-205
-184
-140
-182
-184
-162
-162
-215
-207
-179
-228
-236
-226
-187
-206
-202
-164
-188
-205
-218
-196
-183
-198
-216
-227
-218
-194
-196
-215
-172
-184
-214
-263
-287
-278
-288
-240
-246
-234
-226
-259
-293
-241
-246
-223
-249
-260
-287
-319
-273
-284
-316
-289
-271
-291
-334
-300
-261
-305
-316
-273
-300
-264
-242
-227
-161
-169
-153
-189
-179
-199
-203
-169
-221
-235
-216
-161
-204
-222
-193
-180
-201
-160
-181
-243
-230
-203
-228
-299
-251
-222
-205
-186
-155
-187
-250
-193
-151
-262
-254
-233
-262
-272
-242
-286
-312
-277
-306
-326
-313
-264
-284
-265
-314
-311
-277
-274
-246
-223
-251
-213
-175
-189
-159
-132
-148
-150
-169
-199
-175
-192
-161
-161
-140
-99
-74
-40
-44
-48
-50
-103
-80
-91
-109
-131
-139
-106
-119
-122
-149
-113
-100
-111
-152
-131
-148
-152
-126
-98
-124
-200
-177
-161
-182
-179
-193
-191
-198
-187
-175
-186
-166
-88
-107
-140
-111
-86
-61
-50
-40
-22
-3
-3
36
-5
-29
18
23
6
9
-33
-24
-7
-33
-26
-19
-29
-35
-34
-114
-101
-77
-133
-125
-113
-88
-97
-75
-112
-87
-71
-113
-94
-120
-95
-79
-86
-81
-55
-53
-57
-53
-48
-55
-88
-59
-26
-83
-136
-148
-125
-93
-124
-89
-68
-66
-94
-86
-44
-69
-86
-52
-62
-61
-41
-66
-43
-57
-50
-64
-73
-42
-66
-89
-57
-107
-105
-45
-83
-132
-144
-158
-165
-120
-170
-129
-104
-80
-40
-54
-47
-67
-57
-65
-117
-78
-89
-61
-54
-23
15
-27
-9
-20
21
-36
-27
-43
-16
17
-12
39
37
23
15
81
86
45
44
30
23
36
26
23
33
-6
10
-1
-72
-63
-79
-48
-86
-77
-73
-61
-58
-40
-34
-20
25
-15
44
64
54
50
68
35
45
51
69
31
-12
62
48
56
63
57
58
57
56
9
30
-9
1
13
1
-6
-42
-24
-43
-5
-59
-63
-48
-43
-67
-93
-36
-46
-29
-70
-77
-76
-54
-81
-64
-15
11
-6
-10
53
72
51
71
67
43
10
40
65
59
100
80
113
122
133
148
109
90
80
68
75
73
112
107
101
172
188
131
129
131
123
97
99
70
79
101
106
101
88
123
119
161
146
162
134
111
130
105
88
112
121
103
134
138
102
38
32
78
93
78
144
118
53
42
65
18
31
133
119
102
106
138
81
87
115
86
86
46
112
70
103
137
60
73
78
111
60
59
117
71
48
81
80
104
106
105
95
57
85
62
35
34
17
11
-12
38
6
20
103
88
66
142
162
130
195
187
181
151
154
184
165
178
149
122
136
104
73
44
-12
-11
2
-10
-11
43
42
53
45
50
90
114
113
16
32
24
5
2
33
12
80
109
147
200
180
191
207
223
236
265
284
261
229
290
282
294
332
317
333
316
278
276
178
184
170
130
142
147
142
78
115
108
98
87
56
28
10
64
66
41
40
81
86
90
111
137
126
130
149
157
86
120
115
69
84
75
66
66
83
114
89
113
142
116
139
187
194
159
161
156
119
107
168
143
132
132
159
183
155
218
207
149
182
210
187
155
151
138
81
79
158
104
17
27
2
-41
21
59
-9
-21
44
82
41
-2
74
131
154
163
190
164
131
174
205
198
242
274
305
291
266
249
185
268
269
265
258
229
231
217
208
138
107
89
52
72
53
34
101
98
70
105
98
82
123
101
82
57
46
50
29
43
44
101
81
97
140
155
196
178
199
179
212
185
205
212
207
194
187
228
182
163
158
124
115
147
165
154
161
157
182
199
178
179
144
78
85
120
72
113
154
127
155
178
152
143
146
146
46
25
80
28
28
0
48
59
82
98
88
145
183
131
146
188
118
191
198
198
154
190
147
139
205
155
164
142
144
135
147
167
175
141
167
183
152
109
133
106
59
71
32
34
34
82
79
27
95
100
128
109
125
140
110
164
140
118
114
114
156
145
110
155
129
104
78
102
72
45
80
70
56
66
97
75
144
170
151
170
207
178
162
169
147
159
71
127
108
98
129
144
156
153
179
151
131
107
100
84
86
139
147
209
203
198
212
174
166
145
186
142
122
136
113
147
168
196
173
179
157
149
120
138
123
101
134
87
123
80
93
107
76
47
2
2
12
-13
-16
-30
-33
-42
-39
23
60
60
1
53
39
-28
30
63
93
126
114
111
88
128
80
27
86
75
56
71
61
105
111
109
131
125
93
77
121
93
64
59
73
72
58
31
61
124
141
110
108
87
41
37
50
62
56
49
97
90
30
53
33
26
-2
46
81
23
52
30
7
9
-18
19
-7
32
25
-5
-38
-19
-11
-33
6
-2
-7
-7
12
-7
-41
-13
10
55
77
54
35
12
41
48
-1
-13
-20
-55
-77
-36
-59
-97
-52
-23
-55
-54
-65
-92
-61
-72
-14
-61
-45
-52
-68
-52
-44
-34
-42
-14
-17
-37
-36
-35
17
-22
1
28
-4
24
-5
1
-71
-73
-55
-55
-47
-73
-37
-90
-81
-82
-83
-77
-100
-45
-34
-80
-86
-77
-83
-85
-33
-47
-56
-23
9
-15
-8
-16
-73
-69
-84
-66
-95
-94
-104
-32
-36
-42
-52
-56
-88
-87
-53
-46
-56
-111
-86
-106
-99
-111
-78
-89
-57
-90
-103
-95
-115
-52
-80
-63
-19
-22
-4
-16
13
79
75
35
31
56
29
81
65
56
46
44
14
-7
24
17
13
17
27
0
20
52
69
34
13
34
-1
-24
-69
-67
-13
-37
-62
-74
-55
-114
-96
-76
-99
-64
-60
-39
-68
-114
-95
-122
-157
-115
-138
-134
-76
-27
-35
-50
-84
-54
-110
-113
-85
-73
-59
-81
-89
-142
-125
-100
-107
-108
-119
-86
-82
-127
-77
-35
-44
-45
-52
-85
-67
-40
-88
-98
-98
-80
-77
-82
-54
-58
-94
-71
10
-90
-101
-122
-177
-174
-181
-165
-170
-212
-202
-133
-184
-175
-146
-152
-143
-158
-137
-122
-118
-125
-140
-115
-97
-84
-81
-34
-38
-48
11
-1
-17
-24
8
-39
-51
-42
-44
-30
-31
6
-64
-78
-32
-35
-67
-63
-69
-51
-64
-62
-84
-111
-98
-81
-91
-150
-136
-156
-133
-103
-133
-122
-87
-132
-157
-140
-168
-156
-165
-121
-135
-182
-159
-190
-180
-158
-154
-170
-181
-188
-243
-213
-218
-193
-172
-112
-86
-119
-109
-83
-95
-125
-83
-72
-60
-80
-78
-35
-44
-12
24
80
64
29
41
63
62
53
71
104
103
95
97
93
81
29
-17
-17
-31
-25
-70
-95
-107
-166
-158
-173
-251
-241
-241
-286
-288
-306
-289
-308
-325
-306
-320
-340
-302
-260
-236
-239
-205
-152
-187
-151
-185
-159
-163
-118
-154
-131
-70
-59
-74
-44
-66
-44
-8
-39
-8
-36
-88
-79
-98
-120
-112
-104
-108
-144
-112
-141
-124
-126
-78
-125
-139
-131
-122
-165
-155
-95
-140
-93
-75
-98
-84
-83
-91
-51
-67
-33
-24
-62
-35
-62
-74
-88
-60
-61
-104
-166
-121
-130
-179
-144
-152
-169
-162
-79
-106
-107
-115
-136
-162
-188
-146
-153
-134
-130
-150
-117
-102
-136
-157
-165
-153
-152
-116
-90
-142
-128
-129
-71
-90
-57
-23
-68
-57
-77
-20
-28
-2
-26
13
4
-39
-104
-99
-148
-133
-125
-146
-113
-120
-114
-119
-71
-86
-38
-65
-50
-112
-105
-54
-76
-117
-110
-117
-106
-119
-128
-114
-157
-137
-96
-118
-123
-64
-78
-48
-41
-102
-77
-27
-43
-78
-72
-61
-51
-66
-32
-8
-56
-53
-88
-64
-84
-31
0
-57
-19
29
-6
31
81
24
15
5
-16
-4
-10
8
17
-12
-5
-14
13
11
8
10
-30
-49
-30
-31
-29
-62
15
45
12
-5
8
-26
-1
28
-8
-58
-54
-70
-90
-106
-116
-106
-75
-31
-23
-22
-45
-52
-116
-54
-60
-93
-106
-97
-54
-90
-28
-21
-24
-38
-10
-2
-9
-18
-9
-9
-39
-49
-26
-20
-15
22
-18
6
19
19
4
-5
-10
-12
-14
-8
32
8
-24
-16
-43
-31
-42
-16
-96
-103
-14
-19
-34
-1
68
23
42
33
17
-18
-44
25
-21
-2
60
53
57
87
58
24
-21
-9
2
-41
-51
-42
-44
-84
-26
-38
-57
-37
-68
-81
-78
-2
-48
-87
-48
-14
-3
-9
3
-35
-33
-48
-41
-50
-73
-23
-62
-41
26
38
65
72
70
73
69
83
84
73
84
70
82
47
61
65
47
19
50
29
-3
25
-57
-81
-93
-80
-97
-32
-43
-8
19
-2
-19
-20
-3
-70
-92
-100
-83
-88
-39
-66
-78
-50
-66
-64
-68
-76
-74
-94
-132
-85
-60
-4
-15
16
55
27
84
120
87
75
139
135
124
92
152
158
114
128
149
140
119
135
93
94
121
72
81
68
46
9
-23
-27
-45
-52
-108
-94
-41
-41
-32
-39
-70
0
11
-45
-9
24
-16
-45
-29
2
-2
14
29
6
-20
32
52
30
54
21
21
20
61
116
74
92
88
-2
46
55
36
60
80
66
56
67
71
43
37
97
89
77
72
102
66
26
67
82
58
65
90
41
37
76
84
81
92
73
45
-4
-23
