SAMPLES:	17466
BITSPERSAMPLE:	16
CHANNELS:	1
SAMPLERATE:	16000
NORMALIZED:	FALSE
-164
-166
-178
-180
-199
-159
-178
-195
-169
-124
-144
-147
-134
-86
-76
-54
-18
-5
32
47
49
11
-42
-45
-1
4
4
56
69
68
62
74
79
64
65
44
58
29
5
23
-16
25
54
43
38
-17
-12
-31
-68
-46
-40
-24
-39
-77
-89
-92
-110
-79
-109
-171
-136
-121
-65
-24
-7
-34
40
32
-4
42
40
36
-12
-42
-52
-42
-31
-30
14
-8
-35
42
22
-19
-8
-39
-45
-86
-134
-129
-106
-49
-60
-101
-87
-148
-130
-86
-41
-50
-77
-72
-62
-26
-40
-68
-98
-129
-159
-163
-187
-177
-132
-123
-151
-158
-124
-85
-73
-61
-54
-37
-54
-78
-90
-163
-161
-121
-134
-93
-92
-76
-35
-52
10
35
-18
20
0
-15
17
-34
-36
-34
-22
2
19
62
12
52
71
35
22
-56
-11
29
55
72
38
51
33
2
31
4
-2
12
-11
0
-11
-36
-37
-25
-6
6
-15
-23
-67
-62
-28
-31
-43
-31
-70
-81
-56
-67
-41
-35
-49
-47
-49
-38
-13
29
-25
-23
16
0
-26
-101
-92
-124
-142
-129
-158
-152
-142
-150
-123
-135
-76
-69
-60
-72
-80
-59
-53
-70
-139
-143
-212
-161
-158
-174
-157
-168
-138
-118
-119
-145
-135
-126
-76
-79
-103
-92
-80
-107
-127
-123
-149
-98
-117
-107
-82
-68
-98
-108
-108
-99
-100
-87
-97
-147
-131
-173
-132
-134
-178
-181
-172
-159
-172
-141
-128
-172
-187
-167
-150
-152
-148
-117
-173
-172
-188
-172
-177
-161
-154
-133
-116
-123
-109
-65
-43
-26
-7
-27
9
-52
-50
-51
-49
-54
-61
-66
-60
-87
-112
-60
-91
-68
-82
-82
-69
-56
28
0
-5
-20
-27
-69
-57
-91
-102
-92
-96
-68
-81
-66
-70
-131
-108
-86
-123
-129
-128
-97
-130
-157
-221
-239
-203
-239
-196
-232
-261
-232
-241
-255
-230
-207
-197
-210
-216
-188
-161
-164
-204
-152
-135
-135
-93
-95
-118
-85
-95
-33
-18
-15
-61
-84
-59
-87
-101
-117
-94
-98
-27
-36
-49
-41
-33
-52
-71
-85
-37
-42
-62
-19
-3
-32
-37
-75
-85
-112
-166
-151
-146
-162
-119
-112
-93
-123
-144
-119
-88
-109
-150
-106
-135
-116
-104
-99
-109
-94
-115
-107
-83
-109
-89
-65
-106
-94
-63
-87
-43
-21
15
23
16
12
-4
-56
-35
-61
-92
-150
-139
-140
-154
-194
-224
-217
-275
-259
-262
-263
-270
-283
-271
-286
-289
-257
-214
-204
-182
-177
-210
-187
-163
-156
-154
-111
-100
-60
-78
-75
-29
-29
-2
20
36
69
39
62
42
9
-44
-68
-83
-101
-89
-78
-100
-127
-151
-102
-112
-136
-95
-79
-94
-74
-64
-64
-56
-56
-21
-76
-120
-121
-102
-111
-114
-113
-134
-170
-164
-137
-160
-129
-104
-81
-7
-2
-3
-36
-63
-9
-14
-34
-24
-43
-25
-33
-87
-92
-101
-116
-119
-124
-105
-80
-79
-86
-94
-145
-139
-184
-191
-146
-164
-172
-171
-145
-106
-102
-83
-79
-65
-75
-112
-131
-115
-133
-158
-138
-147
-166
-168
-126
-156
-132
-111
-101
-104
-119
-34
-12
-38
-12
-11
-47
-35
-10
6
-17
-14
-27
-15
12
7
18
8
-20
-17
-11
-50
-71
-78
-63
-61
-131
-107
-106
-145
-120
-142
-148
-144
-97
-111
-125
-101
-104
-69
-74
-107
-144
-158
-161
-124
-129
-135
-135
-118
-150
-129
-124
-152
-138
-135
-110
-146
-119
-114
-72
-81
-91
-150
-156
-144
-130
-157
-134
-144
-135
-89
-50
-38
-89
-61
-74
-58
-46
-101
-111
-71
-8
7
-7
-24
-66
-84
-111
-74
-75
-43
-23
-50
-23
19
16
-5
-12
-29
-51
-41
-47
11
-28
-9
-34
-51
-8
-73
-29
13
-37
-79
-93
-98
-69
-129
-97
-139
-157
-144
-129
-141
-164
-139
-168
-141
-161
-135
-126
-150
-173
-178
-152
-141
-136
-131
-174
-154
-166
-130
-59
-42
-39
-72
19
13
21
-4
-15
-13
-36
-63
-81
-64
-58
-77
-35
-4
-36
-13
-35
-64
-84
-105
-95
-52
-50
-31
-60
-48
-16
-10
45
74
87
49
54
65
49
-12
-28
-37
-7
22
34
41
-25
33
26
-10
51
-7
-10
-38
-12
-54
-92
-109
-90
-106
-117
-95
-112
-103
-125
-169
-184
-168
-174
-158
-160
-155
-150
-140
-141
-189
-184
-163
-159
-145
-153
-151
-129
-106
-108
-145
-148
-134
-160
-182
-185
-167
-167
-137
-161
-141
-114
-124
-126
-138
-59
-61
-68
-93
-51
-35
-88
-90
-101
-76
-87
-106
-83
-58
-60
-115
-122
-122
-179
-193
-231
-189
-143
-146
-125
-174
-123
-127
-88
-150
-178
-173
-125
-86
-168
-154
-113
-63
-51
-55
-40
-72
-73
-78
-115
-134
-89
-56
-46
-37
-9
-68
-63
-30
-61
-62
-87
-107
-77
-61
-131
-129
-135
-148
-164
-147
-134
-131
-134
-129
-111
-137
-107
-87
-150
-173
-220
-192
-220
-237
-234
-224
-163
-154
-203
-203
-201
-191
-160
-247
-210
-244
-254
-215
-249
-180
-130
-134
-68
-40
-88
-31
20
4
21
34
34
5
-32
-15
17
8
-29
-27
-6
-45
-55
-70
-113
-135
-111
-71
-93
-106
-58
-30
-42
-33
-59
-134
-117
-126
-161
-140
-136
-156
-156
-127
-101
-34
-28
1
18
53
24
10
-41
-44
-28
-65
-54
-57
-20
3
-75
-125
-114
-154
-153
-192
-181
-213
-247
-232
-270
-238
-242
-292
-239
-225
-247
-198
-177
-138
-118
-127
-94
-98
-60
-73
-107
-90
-71
-88
-97
-77
-111
-115
-137
-133
-148
-175
-142
-102
-145
-120
-92
-91
-70
-47
-32
-42
-49
-39
-36
-41
-41
-60
-99
-50
-56
-61
-16
-25
-13
6
-14
-37
-59
-74
-87
-129
-93
-125
-131
-115
-93
-42
-68
-112
-98
-96
-73
-63
-55
-59
-93
-17
-22
-103
-90
-73
-47
-71
-63
-75
-134
-78
-97
-79
-63
-41
11
-24
6
-35
-46
-33
-44
-75
-77
-14
-4
-76
-52
-19
-2
3
-17
-28
-3
51
55
78
47
56
45
29
12
25
23
51
83
69
89
33
8
-21
-11
-19
-40
-56
-63
-32
-62
-85
-81
-65
-42
-16
-31
-30
-21
-67
-80
-58
-48
-99
-106
-75
-57
-48
-67
-47
9
-31
-20
31
52
50
27
12
18
45
44
84
75
87
88
65
47
33
69
87
91
93
75
84
104
66
52
58
58
53
50
62
44
35
26
6
46
72
58
35
11
-10
-27
-85
-48
-48
-95
-66
-40
-61
-66
-79
-50
-83
-43
-49
-92
-37
-61
-27
-22
-19
-33
-19
-9
-8
-15
-11
5
-43
-1
52
72
60
70
96
109
92
56
62
37
18
46
70
18
2
-2
-2
35
-6
8
47
16
0
16
2
2
0
-15
15
-8
-51
-64
-59
-51
-70
-58
-26
-6
38
33
32
-6
-21
-46
-64
-27
-16
-58
9
49
10
7
24
44
43
26
48
33
68
44
39
71
83
112
96
86
119
142
147
178
178
183
187
187
170
184
173
176
213
200
236
211
146
141
127
114
92
97
93
70
21
1
12
33
19
21
84
85
87
133
152
113
108
93
89
44
15
40
68
83
84
145
134
131
107
103
148
130
120
45
65
29
31
26
10
61
53
66
48
59
52
84
121
142
148
118
159
156
168
188
168
162
140
202
213
243
250
237
278
245
230
206
172
145
116
130
164
125
146
152
86
82
101
88
107
85
91
112
114
86
93
97
87
100
108
103
99
124
59
54
76
93
102
128
132
133
135
123
118
76
88
98
127
163
101
70
64
107
103
88
54
40
92
68
95
101
84
71
89
94
120
113
103
159
109
102
109
13
20
58
42
-16
32
-17
-38
10
3
2
-8
71
18
-45
30
72
49
17
85
95
23
71
113
95
63
82
64
53
3
42
76
41
66
72
100
148
101
108
141
104
143
110
122
153
166
166
148
175
189
213
244
210
218
232
235
289
219
246
309
287
299
273
275
228
224
184
163
180
177
190
117
118
124
115
87
102
68
3
10
-10
-6
-10
-32
-4
6
-4
0
-23
9
36
24
31
110
114
145
176
148
202
219
224
215
206
206
200
215
218
205
221
208
154
148
169
154
115
99
85
105
104
100
138
94
80
29
22
-46
-67
-35
-14
27
11
46
85
89
111
140
98
52
59
71
61
49
58
94
64
95
148
123
138
160
160
150
124
98
78
17
40
72
16
43
35
109
109
94
73
75
100
82
74
54
73
97
43
11
61
51
15
8
7
-28
0
-6
2
1
0
-15
-24
28
6
64
47
79
85
110
109
90
129
168
180
194
228
183
260
257
277
309
251
268
266
299
283
255
238
239
202
188
197
235
196
189
201
222
230
206
130
85
84
45
46
-6
-19
-39
-73
-55
-75
-95
-64
-75
9
-46
-50
-67
-59
15
41
44
45
91
45
-15
-12
20
30
49
-43
-41
-1
-52
-55
18
-8
25
95
63
101
98
147
152
153
114
116
172
162
158
138
128
133
157
179
172
156
123
61
42
7
18
-3
-1
72
61
54
110
87
100
113
100
85
98
122
85
81
42
6
28
53
75
61
37
98
84
57
32
20
0
15
31
8
-6
-4
30
46
91
32
35
-39
-46
-15
-32
-91
-105
-74
-64
-66
-85
-69
-107
-95
-60
-39
-11
-30
-41
-23
24
28
46
2
-7
27
15
-1
-4
45
-15
21
25
21
13
11
15
11
75
66
69
68
87
47
36
48
43
11
14
9
10
16
36
46
-7
20
35
9
38
68
-1
5
24
-35
-20
12
35
31
20
16
21
14
30
-10
-9
-57
-83
-69
-77
-76
-88
-96
-122
-71
-60
-109
-79
-33
-51
-18
-2
19
11
-51
-33
-48
-49
-49
-13
-3
31
49
21
6
-12
-5
-31
-51
-57
-25
-11
-11
2
98
92
142
145
101
111
86
91
42
35
11
34
48
36
47
47
30
24
18
69
75
56
29
39
28
-8
0
9
-1
-32
-15
19
40
78
46
25
-8
-32
9
-4
-14
-3
21
-3
-26
-27
-6
-12
-4
17
8
7
16
37
15
5
-42
-84
-114
-116
-103
-91
-66
-68
-51
-56
-55
-31
-44
-61
-38
-78
-82
-85
-133
-164
-189
-176
-172
-158
-168
-132
-111
-152
-125
-96
-79
-57
-53
-56
-42
-36
-14
-41
11
2
15
-11
15
31
34
29
28
61
39
43
36
79
50
105
45
9
-15
-22
-55
-100
-38
-17
-26
-35
-33
-74
-89
-73
-129
-148
-168
-221
-204
-231
-195
-206
-213
-218
-193
-213
-222
-191
-227
-210
-206
-210
-218
-171
-138
-150
-105
-109
-129
-133
-114
-98
-34
3
-75
-38
-31
-65
-68
-83
-69
-112
-72
-31
-89
-81
-49
-56
-64
-73
-105
-89
-152
-160
-117
-145
-129
-149
-176
-188
-211
-140
-75
-122
-109
-104
-147
-153
-168
-195
-204
-165
-130
-86
-53
-26
-29
-16
46
6
-6
-29
-53
-68
-16
-9
-19
-79
-111
-95
-119
-190
-201
-188
-197
-145
-166
-150
-140
-115
-131
-155
-163
-193
-156
-152
-139
-143
-146
-130
-140
-97
-105
-116
-100
-97
-45
-58
-70
-37
-58
-27
-32
-64
-76
-74
-59
-101
-100
-81
-93
-164
-167
-85
-141
-116
-122
-157
-153
-131
-145
-215
-199
-194
-156
-114
-43
-44
-25
-33
-63
-40
-32
-14
-88
-45
14
5
-16
-27
23
-28
-44
8
-17
-41
-14
-6
-37
1
-2
-10
12
-19
-41
-56
-60
-57
-115
-165
-160
-144
-129
-84
-44
-30
-7
-57
-76
-64
-97
-40
-77
-92
-137
-135
-98
-97
-110
-119
-104
-102
-51
-75
-55
-55
-91
-45
2
4
28
38
59
67
63
75
15
-34
-87
-53
-70
-66
-42
-64
-52
-42
-33
-9
47
21
43
47
-12
-26
-51
-64
-81
-108
-119
-185
-181
-183
-173
-172
-210
-167
-111
-151
-152
-69
-116
-82
-89
-99
-90
-139
-107
-109
-131
-96
-60
-56
-68
-51
-26
-39
12
13
65
103
99
45
45
21
36
23
-8
53
68
59
-18
-24
-6
2
-13
-34
-85
-95
-158
-120
-123
-149
-136
-123
-131
-98
-22
-16
-7
-42
-39
6
17
-10
-25
-89
-80
-67
-81
-129
-114
-54
-53
-31
-58
-51
-44
-11
-7
-3
-4
-17
-33
-94
-107
-104
-161
-134
-177
-182
-187
-171
-150
-149
-111
-104
-67
-127
-130
-119
-127
-108
-67
-92
-116
-129
-103
-122
-123
-133
-154
-85
-98
-123
-132
-160
-189
-171
-163
-198
-229
-243
-211
-185
-195
-169
-188
-169
-184
-163
-157
-119
-101
-49
-46
-44
13
-11
-13
-43
-49
-56
-92
-93
-145
-107
-135
-146
-107
-56
-75
-95
-106
-96
-33
-46
-71
-87
-85
-91
-71
-96
-96
-109
-84
-85
-92
-47
-44
-43
7
-3
15
32
-12
-41
9
39
38
62
6
-34
-29
-48
-24
-19
7
-11
-8
36
6
64
47
-6
43
32
-16
-58
-73
-76
-125
-86
-44
-54
-37
-17
-33
-51
-52
-51
-96
-121
-102
-57
-97
-127
-105
-102
-136
-109
-79
-146
-171
-152
-144
-174
-187
-177
-149
-131
-112
-69
-72
-74
-66
-76
-79
-65
-100
-142
-98
-87
-21
22
41
50
64
14
17
18
-35
-26
-20
-15
-51
-39
4
-9
-41
-26
9
-26
-38
-38
-51
-7
-60
-43
-87
-69
-108
-100
-34
-10
5
11
34
-2
-12
-1
-23
-56
-37
-33
-18
-44
-51
-86
-86
-89
-127
-163
-186
-167
-196
-205
-220
-234
-221
-264
-245
-240
-190
-176
-233
-255
-196
-232
-276
-206
-224
-226
-180
-154
-151
-113
-103
-124
-83
-77
-133
-150
-141
-104
-108
-114
-71
-88
-124
-82
-77
-56
-76
-84
-87
-74
1
-12
-8
-24
-52
-82
-79
-95
-73
-90
-74
-62
-74
-57
-49
-3
-14
-19
16
45
52
23
25
4
7
13
-20
-28
-65
-78
-42
-29
-46
-98
-185
-211
-269
-321
-232
-215
-219
-194
-192
-163
-158
-183
-148
-198
-203
-259
-279
-233
-233
-187
-218
-225
-175
-201
-227
-232
-222
-167
-194
-166
-153
-150
-68
-34
-50
-94
-86
-88
-127
-116
-119
-131
-153
-158
-182
-138
-158
-170
-149
-169
-132
-112
-140
-175
-169
-135
-131
-137
-86
-109
-112
-132
-134
-159
-205
-213
-265
-234
-232
-206
-205
-171
-127
-97
-10
0
8
-16
-26
-38
-23
-45
-58
16
-47
-66
6
-16
-44
-3
-18
-65
-61
-73
-93
-131
-123
-111
-165
-169
-151
-166
-185
-222
-239
-235
-301
-299
-294
-280
-257
-275
-251
-211
-234
-193
-163
-195
-228
-222
-227
-250
-228
-238
-271
-227
-201
-233
-211
-195
-205
-246
-276
-259
-214
-262
-207
-189
-207
-201
-184
-221
-187
-141
-175
-156
-181
-149
-105
-103
-69
-61
-35
-19
17
40
54
25
58
44
18
30
4
-26
-21
-9
-30
-45
-27
-25
-43
-16
-84
-22
-30
-54
-57
-70
-110
-154
-99
-121
-130
-159
-156
-156
-149
-204
-179
-136
-161
-206
-263
-260
-264
-245
-218
-232
-256
-229
-212
-162
-166
-140
-89
-94
-145
-112
-117
-112
-114
-120
-102
-142
-167
-110
-61
-72
-68
-31
-47
-30
36
6
49
28
44
52
30
38
45
-15
-17
13
-10
-11
-42
-77
-75
-105
-167
-121
-119
-147
-132
-100
-95
-65
-50
-54
-108
-128
-128
-149
-151
-175
-188
-160
-167
-147
-147
-140
-100
-94
-109
-43
-27
-41
-35
-29
21
2
-19
19
55
64
12
3
24
-32
-53
-51
-49
-9
-56
-95
-71
-36
8
19
-8
13
49
1
79
99
64
11
8
2
-52
4
-2
-13
-90
-94
-81
-122
-113
-89
-87
-141
-173
-196
-207
-203
-226
-243
-180
-172
-131
-78
-107
-54
-52
-31
-60
-75
-98
-148
-179
-157
-160
-115
-40
-22
12
-15
21
24
46
0
-38
-18
-43
-65
-73
-47
-84
-79
-91
-72
-7
-67
-47
-57
-114
-96
-68
-63
-33
-57
-65
-111
-86
-11
-19
-15
-33
-67
-104
-106
-108
-125
-76
-50
-68
-15
0
-19
-4
57
49
-17
-5
16
-25
3
-4
-26
-9
-19
-34
-74
-73
-95
-120
-79
-72
-26
-53
-101
-131
-114
-98
-106
-92
-132
-131
-98
-99
-126
-171
-151
-125
-139
-106
-86
-53
-72
-54
-35
-14
-8
-33
-34
-9
30
36
56
35
-12
-25
34
43
49
42
2
-18
-59
-132
-146
-117
-80
-74
-114
-93
-69
-77
-103
-80
-91
-103
-87
-111
-117
-96
-107
-57
6
16
73
76
69
70
87
110
133
107
73
35
37
70
5
11
39
51
44
9
66
36
17
7
-36
-64
-103
-88
-84
-141
-146
-133
-119
-140
-140
-93
-77
-58
-30
16
-12
22
8
-25
51
44
75
124
130
174
153
123
138
118
115
101
66
100
102
124
97
101
70
-1
26
-1
-21
-42
-57
-103
-82
-69
14
-22
-54
-62
-57
5
-93
-88
-51
-36
-9
-18
-9
1
-8
24
3
-21
52
8
-9
17
8
-11
-26
-10
-25
-41
-22
-16
-10
-3
67
72
55
52
-7
14
-23
-28
-16
-34
-79
-87
-65
-45
-63
-54
-12
-41
-34
-40
-52
-47
-14
-13
-69
-46
-70
-65
-19
-8
-21
-16
15
41
23
-1
19
-6
16
-15
18
67
62
53
52
5
-40
-83
-102
-167
-175
-137
-145
-79
-63
0
-44
-61
-82
-103
-59
-65
-38
-34
-8
-7
-5
17
54
85
81
106
68
72
100
91
98
109
83
85
90
98
85
65
56
33
22
-42
-13
-21
-81
2
-4
17
48
25
41
24
26
-17
-36
-39
-59
-49
-19
-14
14
43
11
34
51
39
66
74
107
120
152
151
114
130
78
121
123
105
43
38
54
38
10
-47
-52
-70
-59
-27
-29
-12
-4
41
63
74
72
103
141
151
139
157
132
175
160
165
182
147
191
162
167
158
166
137
96
109
53
80
47
91
106
63
18
-15
17
19
53
25
36
39
43
100
114
143
186
192
143
165
145
160
138
81
61
38
53
71
57
103
140
143
200
172
245
194
300
303
266
251
180
203
172
138
114
105
99
81
111
111
123
110
102
160
206
176
148
172
160
158
129
146
168
176
131
138
116
161
110
122
181
154
167
153
162
144
167
167
167
144
171
207
199
122
135
150
107
67
61
35
9
21
73
101
73
130
124
111
171
174
169
173
159
162
147
103
125
88
94
113
163
147
210
252
195
227
209
187
164
171
184
239
230
247
227
206
207
163
169
159
177
173
174
184
184
203
186
158
146
89
13
58
67
55
40
57
40
35
59
70
126
130
163
144
110
88
94
70
73
90
68
99
156
173
159
207
213
215
230
200
170
195
212
240
282
248
225
247
264
263
260
271
212
215
226
178
217
217
203
209
233
314
283
253
221
219
225
223
198
138
114
148
165
190
178
180
192
166
190
183
215
196
167
229
241
254
258
211
272
262
223
221
246
271
229
204
228
206
195
236
236
225
206
239
253
238
262
262
215
209
205
224
197
139
145
152
177
183
210
171
154
184
247
256
245
264
250
200
208
210
220
210
135
178
196
153
112
99
94
108
152
160
179
152
157
141
152
191
158
124
150
144
164
174
171
176
197
192
195
216
228
259
254
260
253
259
248
233
232
262
236
215
225
190
182
184
182
208
269
266
286
263
227
243
199
182
214
200
140
107
64
65
44
69
66
109
172
166
185
192
204
190
258
284
259
277
341
358
286
342
272
171
153
128
109
80
49
94
165
207
196
196
233
239
154
120
200
214
223
234
204
211
208
212
215
227
242
203
245
232
207
258
237
236
189
227
217
222
227
236
219
188
246
181
151
144
116
84
63
86
87
42
82
85
86
57
41
67
66
73
111
155
137
177
196
224
278
234
278
297
287
341
348
355
438
371
352
325
255
224
230
235
238
205
156
199
164
180
187
278
280
331
297
226
221
213
189
148
86
76
90
64
60
62
112
126
90
133
137
155
181
214
221
197
266
258
263
237
273
219
194
209
229
200
151
197
195
213
207
199
200
254
307
353
326
318
336
278
210
174
142
120
112
117
95
66
59
28
45
36
16
13
54
8
-41
-36
3
41
-5
7
60
22
63
106
82
89
103
133
133
137
171
152
175
230
201
247
260
238
239
214
199
191
187
168
133
108
55
55
14
-21
18
-7
-10
-20
-28
-38
-35
-3
-40
-28
14
4
17
45
22
49
112
111
113
76
42
77
109
77
100
136
100
137
150
146
194
185
200
175
143
148
111
98
153
126
132
176
183
204
229
288
249
292
277
226
211
197
248
206
181
131
53
39
5
21
10
-20
13
18
61
23
27
49
19
6
-14
-38
-36
-6
-7
14
24
33
56
45
44
62
116
134
164
215
232
279
277
319
351
419
389
341
303
298
278
212
218
158
126
104
112
87
40
99
122
48
73
57
22
58
21
14
-12
-38
-56
-48
-7
-21
3
2
24
1
5
8
15
16
71
70
86
105
82
69
7
53
13
62
120
115
64
79
122
144
135
155
161
149
151
138
136
108
42
43
83
92
121
126
129
76
125
104
103
143
159
182
105
132
117
76
72
87
106
112
106
125
162
130
170
135
180
183
185
206
182
183
141
97
102
125
111
103
66
75
75
25
13
72
57
72
3
-21
-29
-23
-21
-51
-72
-61
-50
-75
-38
-27
3
32
83
85
88
99
98
102
164
204
192
197
200
184
148
136
135
126
150
131
110
114
144
113
151
136
26
58
73
56
28
33
32
51
36
76
116
90
112
112
72
24
53
76
51
58
60
67
82
86
125
84
58
70
36
75
91
68
59
50
56
-3
16
51
36
87
40
28
77
97
92
57
128
140
154
134
175
228
207
198
171
160
138
141
127
127
104
111
95
90
116
25
-20
54
55
23
75
57
53
36
40
12
-12
-6
48
58
27
78
76
64
72
94
68
93
49
55
115
139
156
144
142
146
140
172
194
224
272
238
230
237
193
146
144
108
136
75
77
104
135
111
44
85
94
126
146
138
111
135
141
166
137
150
82
86
118
87
154
84
100
105
93
127
98
71
58
61
63
27
39
24
-14
-27
-61
-65
-70
-74
-45
-30
-11
-3
47
34
-9
-16
-12
-5
-51
-69
-91
-20
-2
22
45
70
91
110
88
69
76
67
76
60
71
77
92
84
59
68
57
16
76
51
96
141
140
154
204
223
180
180
149
126
118
125
101
94
55
73
90
32
37
74
62
89
80
83
80
37
12
36
6
-14
34
36
55
69
67
53
50
53
54
80
104
119
151
146
173
157
106
91
90
105
115
118
77
79
111
109
146
141
115
133
66
86
48
50
19
-9
39
-20
-7
2
-8
10
8
2
-23
-38
-44
-97
-81
-44
-38
23
61
54
69
46
78
99
71
87
80
33
55
102
96
71
99
69
85
101
88
124
93
90
94
116
78
58
1
-29
40
22
-4
52
71
-43
-37
4
-58
-76
-71
-56
-82
-55
-24
-13
-7
-22
-12
-17
-27
5
-24
-47
5
38
61
53
50
45
63
51
75
78
72
105
96
103
140
159
126
158
139
95
113
112
115
121
143
148
170
165
165
169
76
68
45
49
48
79
30
39
44
36
52
17
7
-12
-25
-31
-32
-50
-37
-57
-42
7
-17
-47
-41
-86
-78
-98
-106
-158
-132
-133
-93
-88
-77
-26
5
20
16
36
62
88
93
57
46
25
26
26
42
69
111
150
163
152
142
140
135
183
157
151
71
46
38
-12
-16
-44
-20
-20
-70
-58
-35
-48
-58
-5
17
14
53
31
73
65
61
51
68
91
52
59
7
50
97
88
148
158
112
109
129
144
139
85
97
56
65
92
29
-9
3
-23
-59
-59
-54
-79
-23
-16
-49
-27
-45
18
41
38
6
34
63
74
96
114
136
97
115
126
100
151
167
130
131
72
78
68
84
110
90
48
51
45
45
79
3
-3
-12
-37
5
24
-41
-34
-32
-50
-13
31
61
58
-17
-86
-87
-101
-112
-162
-169
-198
-159
-145
-136
-76
-98
-60
-92
-119
-114
-94
-50
-98
-98
-115
-111
-98
-130
-165
-180
-176
-157
-154
-157
-135
-172
-115
-84
-12
-8
-11
6
21
61
58
13
-33
-58
-59
-66
-75
-34
22
-2
2
-20
-27
-14
-104
-97
-76
-58
-79
-64
-53
-72
-115
-82
-96
-112
-136
-150
-154
-194
-155
-141
-135
-90
-107
-99
-104
-33
-12
-33
-46
-31
-22
-138
-101
-145
-127
-160
-143
-164
-202
-183
-151
-178
-240
-213
-199
-194
-230
-209
-244
-238
-226
-228
-171
-149
-114
-142
-127
-146
-132
-151
-189
-145
-198
-183
-202
-185
-173
-203
-153
-213
-220
-180
-222
-183
-213
-167
-136
-154
-135
-191
-150
-154
-169
-179
-200
-204
-219
-215
-203
-187
-202
-199
-194
-180
-145
-158
-121
-109
-120
-120
-137
-92
-110
-165
-147
-145
-147
-144
-134
-104
-66
-81
-58
-41
-49
-86
-77
-95
-99
-102
-100
-67
-34
-18
-51
-56
-85
-102
-124
-136
-152
-161
-232
-262
-281
-276
-206
-217
-168
-149
-172
-167
-188
-223
-201
-198
-159
-114
-133
-80
-89
-73
-85
-105
-101
-126
-107
-128
-134
-160
-128
-80
-48
-45
33
65
46
90
109
87
89
71
74
41
-30
-5
-6
27
47
30
42
-26
-4
33
43
21
23
54
75
100
92
116
96
101
93
59
33
-23
-45
-88
-47
-53
-58
-60
-60
-83
-113
-75
-41
-29
-20
-18
-21
-36
-4
21
59
35
13
-2
-3
-34
-60
-88
-143
-127
-158
-129
-140
-86
-39
-78
-108
-86
-98
-86
-125
-138
-143
-141
-91
-73
-94
-68
-33
-48
-59
-74
18
60
64
93
89
101
98
125
99
149
157
89
84
66
89
57
67
93
119
134
160
209
222
165
187
165
82
31
4
-12
-11
-38
-77
-79
-25
-38
-53
-31
-91
-71
-88
-100
-51
-64
-86
-117
-95
-107
-113
-114
-84
-52
-63
-17
-52
-41
-59
-101
-96
-91
-58
-42
-65
-44
-47
-72
-18
-39
2
1
-3
-40
-61
-46
20
49
65
95
76
132
133
107
119
131
107
100
93
126
137
126
122
137
138
144
117
95
103
133
191
146
126
112
155
122
95
111
143
113
66
72
38
40
19
53
67
103
112
90
62
67
67
-2
9
-26
8
-18
-26
21
26
47
32
15
3
12
50
71
53
57
51
80
102
150
189
167
151
158
173
194
200
198
207
197
188
214
192
132
160
146
128
115
147
132
143
138
101
94
79
46
52
59
45
55
50
68
47
17
-5
-14
-28
-2
-12
14
-17
20
33
52
49
86
97
92
125
181
192
157
162
189
187
166
175
186
161
104
63
58
20
-17
49
45
71
78
62
49
57
60
37
37
36
10
-5
31
37
-10
-21
-16
1
-18
-23
-49
-80
-106
-92
-45
-21
5
-4
15
75
82
77
48
23
54
23
27
47
29
17
80
86
93
130
137
130
139
146
112
114
110
82
107
144
120
130
86
85
114
129
151
154
142
109
134
100
100
60
71
67
62
47
66
106
104
149
99
148
174
145
150
186
188
202
186
172
159
172
170
156
129
78
81
83
50
65
62
86
86
95
94
56
56
69
110
97
117
91
59
19
23
27
73
105
124
132
90
98
103
165
169
172
140
140
154
145
158
134
155
165
152
116
100
48
55
88
82
75
70
95
100
90
97
117
88
66
83
140
185
158
138
142
105
56
81
86
123
119
151
169
129
125
111
114
116
103
125
177
152
183
199
206
185
152
109
44
11
54
32
65
105
87
97
49
76
86
79
54
79
92
107
130
135
95
80
37
30
16
16
29
7
-7
-45
-71
-16
-16
-38
8
31
-25
-15
13
4
50
23
-12
-13
-39
-52
-51
-43
-29
-46
3
24
64
51
-3
42
11
56
93
87
141
142
158
137
77
110
57
5
45
85
41
30
9
-19
-25
-36
-40
-27
-53
-75
-42
-43
-56
-45
-61
-47
-11
-13
-46
-41
-66
-42
-74
-59
-46
-37
-33
-47
25
79
49
32
73
98
82
100
86
90
100
78
77
35
63
47
90
66
98
158
214
213
222
241
195
202
187
205
185
184
160
141
145
77
65
44
41
61
78
62
-8
-24
15
27
25
85
46
35
63
72
68
93
81
38
22
13
-10
-25
-6
-19
37
41
28
16
-15
-17
11
68
53
41
36
61
-9
1
-3
15
27
24
64
73
96
69
64
44
44
46
63
55
41
56
82
111
115
148
154
158
110
97
138
105
104
74
69
25
19
-2
-21
-38
-56
-53
-69
-73
-94
-86
-19
-35
-27
-29
-29
-8
16
12
38
-7
-47
-67
-65
-68
-87
-21
-28
-12
5
25
34
4
50
63
18
26
13
-10
11
-38
-9
4
-42
-14
-47
-35
-34
-51
-22
-5
0
-27
13
-2
15
125
149
189
156
173
220
222
200
208
218
193
187
183
166
198
191
164
184
187
165
139
122
123
118
123
110
106
123
124
117
110
101
82
99
77
24
19
45
40
55
86
88
131
156
136
148
157
113
136
217
218
191
184
192
187
144
92
87
94
137
142
123
132
130
152
137
125
163
152
161
194
190
235
235
254
264
266
268
286
257
193
204
169
151
206
168
187
224
210
224
217
280
247
198
173
170
170
162
198
224
205
198
188
200
191
170
192
131
129
135
169
156
116
118
188
187
222
174
216
219
168
211
189
230
231
248
211
222
259
194
209
206
206
253
255
290
323
358
353
377
376
385
412
383
384
288
282
239
195
215
196
148
102
75
93
112
67
95
109
154
150
148
169
156
146
171
138
164
140
122
107
152
127
123
159
141
215
188
183
180
232
172
189
182
189
224
164
179
163
152
133
126
108
93
116
106
88
92
63
76
108
132
213
237
212
244
268
247
205
198
201
212
213
259
332
276
246
256
217
251
264
286
210
210
223
253
272
257
295
219
245
231
215
177
177
216
222
210
220
242
197
226
220
166
209
231
209
226
223
185
175
151
185
204
221
276
277
229
223
180
189
199
212
222
214
215
215
247
257
244
192
206
162
150
201
184
180
197
186
231
262
258
259
227
252
279
256
225
249
233
237
180
149
138
120
159
181
186
140
152
175
223
197
206
215
215
221
200
188
168
192
221
188
190
162
161
116
120
145
126
127
143
181
182
174
174
198
171
172
83
107
143
77
105
67
94
108
105
101
104
99
96
86
120
148
101
89
85
88
118
111
112
138
121
145
154
152
149
167
177
162
162
172
161
144
164
140
172
156
124
158
125
146
159
181
223
195
168
215
179
175
222
187
201
147
187
179
105
133
129
118
106
39
24
10
-24
8
39
48
69
77
125
136
119
66
107
128
102
112
115
143
124
136
143
164
138
162
195
193
206
153
152
125
152
199
126
78
39
55
52
8
54
39
26
15
-41
-12
-59
-89
-118
-110
-50
-35
-6
13
8
42
50
-15
16
28
-25
-3
19
14
29
46
75
44
59
61
99
135
83
91
47
41
31
28
3
-2
-22
-49
-42
-6
31
24
16
49
45
36
84
92
91
88
109
109
61
73
107
67
69
20
12
26
34
16
-9
33
68
92
50
82
14
-8
-32
-28
-42
-48
-89
-62
-45
-73
-30
-62
-55
-67
-46
-2
40
29
44
60
61
12
-10
-18
-32
0
8
-7
-22
-23
-36
26
-15
-24
-34
-84
-114
-131
-111
-157
-174
-184
-208
-179
-158
-145
-158
-122
-121
-168
-210
-201
-186
-230
-195
-188
-191
-167
-193
-205
-158
-196
-220
-195
-189
-233
-270
-221
-188
-167
-187
-136
-121
-115
-101
-70
-55
-68
-89
-85
-98
-115
-102
-117
-95
-125
-39
-65
-33
-76
-81
-100
-154
-123
-159
-71
-108
-146
-134
-187
-227
-292
-326
-362
-323
-313
-337
-369
-362
-340
-327
-272
-294
-250
-237
-246
-218
-257
-253
-262
-250
-278
-246
-210
-201
-166
-156
-129
-166
-169
-189
-156
-130
-99
-125
-80
-95
-123
-124
-161
-139
-214
-243
-262
-203
-224
-253
-267
-248
-234
-231
-245
-248
-215
-233
-188
-229
-222
-229
-258
-278
-310
-307
-274
-236
-236
-202
-224
-241
-185
-209
-174
-104
-127
-135
-181
-147
-125
-125
-130
-98
-84
-149
-157
-135
-112
-109
-67
-1
-5
-45
5
-45
-46
-47
-104
-104
-115
-136
-175
-160
-245
-270
-210
-233
-246
-247
-254
-259
-258
-271
-269
-245
-253
-260
-212
-219
-222
-226
-237
-232
-230
-209
-244
-217
-191
-136
-64
-94
-39
-18
-24
-18
-65
-2
44
66
50
67
55
65
64
18
38
-7
-27
-73
-77
-70
-73
-55
-103
-100
-70
-88
-85
-121
-55
-101
-100
-91
-74
-85
-102
-77
-103
-11
-66
-70
-46
-83
-64
-113
-145
-136
-121
-145
-107
-131
-159
-101
-126
-137
-140
-146
-169
-163
-79
-61
-57
-58
-15
7
-33
-26
-31
-45
-23
-25
-3
10
20
-18
-33
-4
-42
-53
-42
-78
-111
-92
-153
-133
-154
-199
-257
-247
-234
-232
-251
-292
-271
-323
-305
-305
-293
-300
-294
-318
-307
-268
-238
-243
-249
-219
-228
-156
-201
-215
-163
-165
-175
-168
-147
-126
-104
-85
-123
-139
-108
-125
-104
-140
-95
-110
-99
-87
-125
-127
-123
-142
-188
-176
-181
-210
-188
-157
-202
-202
-215
-198
-167
-184
-163
-202
-210
-234
-222
-239
-220
-187
-227
-207
-245
-227
-241
-181
-176
-186
-213
-264
-230
-240
-200
-175
-155
-143
-141
-157
-195
-198
-208
-166
-110
-93
-90
-80
-8
-55
-42
-83
-101
-56
-121
-154
-140
-149
-137
-153
-106
-106
-130
-59
-34
-60
-84
-67
-7
-19
-17
-20
-37
-62
-46
-83
-77
-90
-122
-138
-136
-84
-35
-45
-57
33
-3
22
19
31
21
2
27
-24
-77
-104
-119
-159
-145
-144
-151
-139
-104
-93
-108
-107
-90
-95
-102
-92
-97
-134
-116
-126
-77
-119
-104
-62
-65
-44
7
12
-27
1
-48
-39
0
22
42
25
5
12
-15
-62
-92
-90
-142
-84
-96
-81
-79
-85
-72
-77
-42
-37
7
-4
3
-42
-33
13
-29
-31
-55
-22
23
44
58
34
46
43
65
52
44
59
78
86
98
37
11
-16
-28
-3
-11
-61
-83
-72
-125
-148
-107
-136
-137
-108
-109
-139
-195
-126
-154
-172
-186
-236
-199
-219
-240
-260
-259
-219
-191
-188
-166
-144
-141
-125
-58
-51
-35
-14
-22
-40
-35
-26
-4
-21
-82
-88
-138
-170
-157
-163
-171
-146
-139
-137
-132
-133
-84
-128
-143
-116
-129
-140
-152
-139
-157
-171
-215
-210
-227
-212
-202
-207
-197
-197
-205
-203
-186
-182
-188
-199
-214
-256
-256
-238
-237
-257
-238
-241
-251
-249
-228
-240
-248
-220
-225
-252
-207
-179
-192
-134
-144
-183
-160
-172
-188
-155
-131
-86
-90
-44
-32
-26
-50
-36
-35
-32
-43
-86
-111
-128
-173
-172
-175
-193
-160
-233
-239
-208
-181
-156
-242
-231
-230
-221
-246
-288
-266
-247
-250
-293
-300
-333
-329
-335
-328
-275
-240
-173
-106
-73
-67
-40
-50
-53
25
5
-19
-2
-75
-11
8
-23
-41
-81
-109
-98
-101
-103
-157
-114
-118
-105
-99
-149
-125
-149
-148
-161
-159
-180
-195
-183
-211
-205
-198
-256
-227
-217
-244
-246
-224
-261
-235
-211
-227
-230
-208
-202
-158
-131
-133
-85
-62
-85
-116
-120
-140
-159
-168
-154
-164
-211
-194
-167
-173
-129
-65
-72
-57
-59
-65
-27
-61
-91
-66
-59
-84
-97
-81
-66
-76
-118
-105
-107
-126
-138
-151
-126
-206
-185
-183
-203
-176
-195
-211
-236
-209
-194
-207
-213
-176
-194
-225
-213
-224
-206
-192
-201
-181
-163
-137
-118
-137
-126
-156
-132
-180
-163
-120
-161
-166
-166
-158
-145
-98
-159
-207
-212
-225
-244
-252
-276
-275
-249
-229
-241
-225
-221
-256
-288
-267
-303
-262
-208
-206
-189
-195
-156
-197
-163
-150
-118
-132
-134
-131
-159
-231
-179
-160
-200
-162
-166
-183
-187
-149
-208
-169
-169
-185
-181
-159
-150
-165
-159
-179
-156
-152
-187
-235
-274
-237
-225
-272
-254
-243
-162
-201
-211
-187
-227
-260
-254
-266
-308
-303
-357
-299
-314
-271
-270
-304
-268
-259
-217
-229
-264
-251
-244
-211
-140
-166
-150
-110
-145
-89
-60
-81
-59
-49
7
-25
-46
-66
-76
-63
-24
-19
-52
-57
-121
-133
-166
-205
-246
-252
-248
-217
-232
-265
-280
-319
-322
-318
-309
-375
-360
-353
-347
-343
-337
-365
-334
-333
-311
-240
-236
-183
-124
-114
-93
-39
-69
-80
-60
-55
-51
-91
-64
-69
-99
-77
-53
-60
-74
-61
-94
-19
-80
-68
-16
-102
-85
-114
-93
-70
-79
-146
-155
-178
-189
-156
-187
-213
-234
-241
-183
-174
-164
-171
-221
-181
-200
-119
-112
-141
-112
-107
-68
-49
-64
-35
39
-14
-9
-9
-24
-36
-54
-55
-52
-23
-21
-54
-56
-83
-53
-46
-82
-59
-98
-95
-61
-107
-120
-100
-132
-124
-148
-134
-92
-96
-44
0
12
49
67
40
35
30
-2
28
28
63
66
70
44
48
52
8
3
-50
-42
-48
-95
-110
-112
-155
-160
-162
-139
-131
-128
-135
-175
-142
-156
-113
-82
-48
-62
-54
5
-39
-74
-56
-83
-44
-24
-42
5
25
90
83
148
137
135
95
109
117
86
101
103
95
77
63
48
114
164
145
120
181
165
160
203
211
163
229
261
218
186
170
159
133
126
129
121
137
158
230
271
266
326
289
264
256
269
261
269
265
232
249
289
336
369
377
392
395
388
395
408
436
424
442
450
470
493
488
465
466
489
462
469
456
453
440
441
451
499
506
534
544
485
451
447
454
436
409
438
415
423
504
518
513
563
579
534
496
492
528
527
489
493
494
524
577
609
620
602
558
499
451
448
434
391
365
389
366
337
364
316
321
386
320
291
301
257
229
233
227
249
268
263
280
280
224
226
203
220
216
217
236
246
239
247
295
242
277
210
210
224
227
235
229
208
247
260
248
262
238
201
248
251
218
249
186
204
233
204
257
239
268
272
286
273
238
241
239
279
280
257
224
228
194
195
149
121
151
178
119
93
122
94
104
147
141
116
146
104
100
107
82
56
47
25
13
24
-11
18
27
25
1
25
78
64
69
43
41
32
90
109
119
140
144
149
188
154
104
124
108
80
49
85
125
118
97
100
136
123
112
104
30
84
109
59
72
63
2
12
9
-15
7
-17
-26
-84
-99
-87
-71
-61
-6
20
-2
29
82
74
57
22
29
41
59
81
55
27
43
44
41
79
36
8
36
51
53
41
16
54
19
15
-43
-60
-5
-15
-86
-117
-121
-180
-219
-263
-257
-293
-254
-292
-339
-367
-443
-481
-556
-592
-649
-689
-742
-755
-742
-724
-772
-787
-809
-826
-870
-898
-928
-971
-980
-1008
-971
-959
-993
-969
-945
-937
-874
-846
-789
-753
-663
-640
-571
-490
-423
-377
-322
-230
-163
-68
37
145
204
233
318
405
486
557
581
665
760
783
769
812
808
810
815
757
736
758
739
722
674
646
590
539
554
480
437
336
254
176
119
42
-97
-187
-316
-365
-450
-476
-509
-599
-698
-772
-856
-912
-951
-982
-1018
-1085
-1100
-1168
-1286
-1365
-1435
-1519
-1556
-1659
-1679
-1766
-1825
-1848
-1851
-1921
-1976
-1954
-2073
-2058
-2102
-2131
-2105
-2142
-2104
-2150
-2124
-2082
-1968
-1864
-1821
-1741
-1685
-1503
-1389
-1194
-1108
-947
-828
-703
-536
-333
-182
-96
3
57
210
310
435
500
531
578
662
745
794
800
809
834
906
971
992
963
903
864
852
843
874
839
763
651
582
601
539
491
423
352
349
350
344
284
225
210
187
203
218
157
172
147
102
82
75
104
44
-12
-100
-114
-172
-213
-258
-295
-374
-403
-447
-514
-549
-645
-723
-726
-784
-836
-847
-941
-920
-958
-964
-1034
-1057
-1111
-1190
-1209
-1270
-1278
-1357
-1394
-1383
-1381
-1393
-1377
-1428
-1453
-1521
-1520
-1517
-1535
-1599
-1671
-1751
-1728
-1570
-1460
-1379
-1334
-1216
-1076
-905
-739
-652
-522
-353
-192
-23
141
277
327
420
569
713
868
994
1093
1103
1216
1309
1386
1413
1459
1553
1576
1675
1693
1720
1671
1612
1553
1565
1534
1480
1448
1343
1267
1210
1118
985
921
878
838
791
782
770
684
654
568
519
474
457
433
420
380
346
348
313
269
202
211
220
168
221
203
162
173
161
137
100
91
77
95
48
43
61
7
-14
-16
-23
54
112
91
13
-37
-52
-109
-82
-63
-94
-142
-151
-184
-169
-189
-239
-248
-291
-375
-432
-485
-493
-604
-654
-644
-706
-756
-853
-920
-945
-916
-855
-816
-759
-735
-663
-650
-608
-509
-418
-273
-172
-46
130
248
341
396
477
576
622
751
848
894
956
1041
1104
1184
1226
1232
1284
1357
1380
1456
1457
1498
1500
1439
1529
1488
1487
1482
1479
1499
1403
1393
1340
1307
1263
1284
1322
1246
1201
1134
1086
966
949
953
890
856
818
834
765
650
603
538
464
368
384
357
313
281
220
215
148
148
142
143
148
174
212
235
205
167
143
171
223
178
243
281
288
242
193
212
196
216
232
191
122
22
-63
-108
-185
-253
-294
-400
-448
-568
-633
-681
-786
-947
-1069
-1116
-1247
-1360
-1438
-1571
-1622
-1667
-1715
-1670
-1602
-1571
-1532
-1461
-1378
-1297
-1185
-1149
-1080
-945
-817
-677
-554
-433
-337
-183
-97
-28
39
150
315
431
579
666
747
912
944
975
1091
1172
1253
1319
1382
1374
1405
1404
1386
1341
1381
1396
1348
1348
1360
1336
1237
1227
1223
1171
1069
1058
1023
902
824
728
634
525
526
483
348
305
268
190
34
-2
-53
-117
-155
-162
-205
-278
-256
-338
-350
-345
-332
-336
-336
-323
-341
-358
-336
-285
-275
-265
-239
-218
-189
-254
-195
-156
-150
-168
-213
-227
-232
-219
-251
-259
-269
-290
-349
-368
-429
-451
-511
-578
-585
-622
-692
-769
-833
-907
-966
-1030
-1080
-1164
-1231
-1265
-1301
-1316
-1357
-1401
-1449
-1448
-1375
-1279
-1259
-1211
-1131
-980
-852
-791
-677
-623
-510
-382
-244
-188
-122
-48
59
122
251
312
367
462
485
625
652
698
713
775
882
927
972
1013
1038
1098
1132
1149
1156
1162
1216
1255
1210
1228
1246
1244
1242
1213
1221
1179
1128
1075
1026
947
875
799
726
612
506
460
365
280
232
149
102
41
-17
-71
-149
-191
-220
-261
-319
-335
-381
-416
-443
-417
-435
-471
-424
-433
-406
-396
-363
-372
-397
-379
-357
-342
-282
-225
-239
-197
-138
-38
44
38
48
68
46
43
-16
-19
22
-6
-16
-86
-128
-175
-264
-305
-327
-400
-470
-525
-665
-751
-865
-961
-950
-985
-1008
-1048
-1105
-1188
-1206
-1209
-1252
-1273
-1276
-1207
-1177
-1128
-1050
-1002
-878
-745
-630
-475
-353
-243
-140
-10
113
245
327
405
516
577
636
749
823
834
969
990
1000
1085
1176
1184
1221
1272
1299
1291
1261
1294
1245
1206
1225
1215
1160
1111
1065
992
919
873
818
696
708
685
632
566
503
497
413
384
271
227
194
110
60
43
0
-51
-22
-57
-125
-156
-161
-213
-260
-301
-374
-324
-320
-396
-369
-337
-292
-281
-251
-204
-180
-158
-81
-19
-24
7
47
108
107
111
154
161
159
208
212
182
218
251
199
138
157
129
132
75
7
-34
-90
-142
-177
-314
-398
-488
-564
-626
-714
-810
-830
-789
-799
-851
-888
-897
-855
-867
-845
-779
-784
-665
-583
-495
-390
-315
-194
-86
-7
79
186
275
433
480
595
717
756
822
875
957
994
1012
1009
1013
1012
1029
1024
1022
1053
1071
1085
1070
1124
1182
1214
1213
1208
1146
1096
1084
996
942
854
760
699
689
593
537
440
361
338
311
244
131
116
42
-20
-78
-96
-166
-254
-290
-304
-340
-488
-536
-526
-604
-643
-609
-608
-583
-565
-531
-539
-448
-407
-354
-288
-299
-257
-249
-193
-148
-58
-16
26
63
90
118
138
171
171
159
154
150
182
201
122
70
-15
-81
-153
-180
-223
-351
-389
-407
-521
-626
-685
-790
-813
-893
-936
-969
-986
-1006
-1032
-996
-1002
-1032
-1048
-1017
-1009
-958
-1002
-944
-840
-792
-722
-675
-608
-576
-556
-487
-438
-356
-272
-196
-153
-100
-56
-1
36
56
116
159
249
282
317
309
339
349
393
476
526
552
595
663
702
728
754
786
821
875
885
892
869
868
844
814
778
727
738
680
624
581
492
462
366
324
223
186
185
103
83
26
-11
-25
-91
-63
-128
-130
-142
-256
-217
-249
-242
-224
-190
-150
-175
-149
-102
-74
-16
57
124
198
338
423
394
421
448
437
449
453
462
467
472
469
413
426
370
370
390
317
272
228
222
163
78
41
-21
-60
-115
-166
-173
-265
-304
-318
-374
-448
-452
-442
-484
-447
-424
-434
-377
-333
-325
-312
-258
-256
-194
-70
-65
-19
85
124
193
279
371
465
543
626
755
806
849
1003
1094
1375
2526
3384
1996
418
1073
2614
2976
2128
1349
1799
3140
3079
1204
1141
3182
3311
1622
1528
2866
3099
2040
816
803
1745
2427
2302
1142
166
591
1253
1388
987
-119
-710
-75
642
705
648
747
667
398
223
1019
1773
1166
315
497
1344
1928
1704
565
73
798
1799
2540
1852
639
459
885
1533
1702
1356
539
242
780
1216
1188
394
-93
-140
31
369
234
-176
-563
-651
-321
-295
-589
-996
-1367
-1245
-893
-844
-1229
-1626
-1911
-1974
-1900
-1868
-1574
-1174
-1345
-1927
-2424
-2081
-934
-299
-660
-1096
-836
-143
296
383
455
906
1463
1684
1783
1973
2082
2186
2400
2756
3221
3232
2787
2487
2753
3320
3694
3368
2727
2447
2452
2499
2580
2462
2210
2062
1825
1416
1091
1165
1295
1148
875
692
583
422
162
170
428
673
610
149
-59
194
429
441
546
610
540
481
471
693
974
1032
988
845
773
1043
1107
841
762
1070
1211
1081
712
391
488
807
884
578
292
17
-149
-86
53
-13
-501
-857
-963
-902
-832
-1128
-1477
-1637
-1436
-1268
-1600
-2156
-2641
-2670
-2209
-2005
-2714
-3552
-3757
-3281
-2202
-1755
-2808
-4211
-4365
-2729
-866
-871
-2240
-2761
-1576
95
725
149
-77
877
1973
2422
2473
2425
2359
2736
3553
4366
4546
3888
3208
3453
4424
5202
4939
3769
2858
3033
3766
4000
3393
2464
2183
2385
2299
1540
962
979
1185
969
429
171
12
-271
-525
-311
119
56
-590
-1121
-780
-144
60
-95
-302
-307
-30
307
357
499
674
638
540
671
910
946
902
1069
1203
1055
980
953
555
438
712
651
504
102
-370
-336
-184
-231
-614
-825
-911
-1242
-1507
-1384
-1222
-1593
-2234
-2328
-2044
-2145
-2547
-2839
-2776
-2582
-2641
-3152
-3620
-3788
-3486
-2428
-1868
-2625
-3975
-4443
-2901
-779
-566
-2026
-2629
-1306
459
925
203
58
1464
2790
2837
2446
2505
3092
3823
4261
4447
4589
4364
4202
4570
5241
5536
5286
4790
4422
4434
4413
4192
3941
3700
3642
3402
2693
1896
1617
2023
2231
1614
576
48
273
467
215
-199
-349
-239
-447
-807
-737
-326
-275
-631
-771
-471
-131
-233
-500
-179
406
614
365
113
369
822
1089
1013
844
937
928
731
748
987
1092
785
380
261
398
374
-176
-451
-312
-410
-776
-1129
-1486
-1604
-1564
-1748
-2196
-2684
-2992
-3080
-3136
-3428
-3812
-4164
-4321
-3784
-3018
-3382
-4654
-5488
-4516
-2293
-1427
-2907
-4302
-3199
-806
227
-664
-1360
-93
1722
2251
1980
1874
2472
3376
3925
4103
4374
4377
4339
4795
5239
5329
5311
5157
4927
4855
4722
4850
4938
4382
3869
3789
3543
2855
2331
2302
2476
2030
820
212
561
632
-37
-720
-813
-459
-658
-1328
-1513
-1125
-978
-1347
-1576
-1422
-1028
-984
-1164
-1037
-759
-724
-726
-638
-449
-162
-11
118
159
73
90
250
252
88
28
98
92
-149
-386
-512
-453
-539
-932
-1285
-1295
-1318
-1646
-2073
-2310
-2414
-2631
-3054
-3332
-3604
-3897
-4263
-4004
-3167
-3284
-4457
-5565
-5131
-3208
-1959
-2891
-4317
-4054
-2156
-690
-1044
-2088
-1657
270
1406
1145
612
977
2149
3071
3260
3273
3384
3550
3960
4734
4977
4479
4171
4375
4878
4784
4225
3949
4133
4287
4080
3481
2879
2678
2797
2842
2442
1628
927
1019
1371
916
48
-344
-63
11
-478
-1105
-1067
-624
-762
-1239
-1446
-1146
-975
-1161
-1192
-910
-725
-863
-890
-641
-365
-306
-371
-256
-99
-142
-151
-6
27
-137
-157
-91
-119
-232
-437
-613
-676
-828
-1092
-1171
-1414
-1895
-2281
-2242
-2309
-2911
-3453
-3685
-3814
-4076
-4020
-3298
-3383
-4627
-5692
-5328
-3304
-1969
-3184
-4746
-4094
-1963
-833
-1404
-2041
-1290
543
1326
878
664
1441
2653
3273
3175
3165
3482
3841
4104
4723
5152
4838
4561
4302
4504
4982
4718
4130
3885
4014
4150
3605
2883
2410
2600
2768
2188
1339
772
1003
1202
628
-46
-254
1
-112
-596
-858
-623
-339
-728
-1214
-1052
-629
-425
-722
-935
-572
-364
-407
-561
-366
-44
1
-182
-255
3
133
103
-135
-209
-161
-353
-549
-647
-634
-744
-1042
-1423
-1609
-1669
-1670
-1752
-2266
-2686
-2595
-2718
-3174
-3584
-3851
-4008
-3821
-3040
-2838
-3824
-5031
-5122
-3436
-1670
-1914
-3588
-4126
-2339
-155
-120
-1437
-1604
186
1736
1650
852
881
2170
3140
3105
2704
2659
3177
3747
3850
3966
4377
4468
3793
3258
3300
4015
4350
3531
2506
2453
3095
2961
1969
1415
1560
1767
1205
384
240
585
571
-89
-462
-277
-168
-475
-715
-536
-295
-406
-781
-1010
-712
-300
-82
-315
-556
-377
-27
113
-2
-50
232
437
350
-1
-69
241
295
73
-124
-402
-550
-619
-734
-929
-1149
-1437
-1735
-1995
-2187
-2330
-2569
-2919
-3140
-3264
-3752
-4050
-4160
-4382
-4635
-4322
-3541
-3549
-4343
-5278
-5181
-3290
-1736
-2375
-3903
-3652
-1641
-154
-399
-1339
-987
869
2060
1791
1152
1566
2883
3772
3623
3074
3090
3666
4145
4243
4134
4304
4395
3806
3309
3257
3721
3874
3046
2243
2235
2507
2257
1450
932
939
1041
506
-207
-254
-125
-468
-954
-1219
-1067
-1045
-1256
-1328
-1307
-1206
-1243
-1371
-1370
-1188
-943
-936
-884
-853
-767
-494
-279
-257
-203
23
196
142
-34
96
363
329
26
-264
-284
-172
-357
-748
-922
-1038
-1425
-1702
-1814
-1886
-2206
-2769
-2873
-2907
-3413
-3783
-4006
-4299
-4413
-4043
-3433
-3544
-4517
-5470
-5086
-3259
-2086
-2859
-4170
-3662
-1502
-276
-708
-1454
-766
1147
2156
1598
1191
2005
3343
3936
3492
3172
3628
4326
4571
4533
4483
4612
4865
4564
3796
3531
4003
4270
3647
2755
2467
2780
2844
2046
1322
1175
1174
757
33
-109
155
-98
-772
-1136
-1018
-888
-1033
-1265
-1262
-1081
-1195
-1396
-1290
-984
-799
-791
-761
-657
-520
-396
-152
45
107
148
194
181
194
373
491
466
207
91
12
-51
-113
-356
-532
-670
-986
-1551
-1753
-1503
-1592
-2152
-2623
-2991
-3146
-3264
-3661
-4128
-4091
-3211
-2791
-3854
-4987
-4916
-3414
-1799
-2067
-3623
-3809
-1997
-187
-149
-1143
-1013
801
2183
1823
1128
1577
2953
3896
3597
2969
3236
4005
4439
4481
4501
4581
4636
4576
4285
3983
4018
4295
4086
3369
2801
2787
2895
2611
2012
1558
1384
1200
813
568
495
289
-226
-598
-497
-398
-816
-1181
-998
-713
-784
-1300
-1438
-1028
-653
-647
-897
-851
-598
-405
-381
-320
-147
-64
23
19
0
84
130
76
12
-74
-166
-159
-241
-537
-792
-943
-1014
-1420
-1779
-1921
-2008
-2289
-2690
-2980
-3111
-3353
-3845
-4107
-4110
-3520
-2940
-3568
-4811
-5243
-3849
-1920
-1870
-3564
-4376
-2699
-449
-56
-1264
-1624
42
1767
1691
938
1208
2533
3637
3550
2856
2882
3741
4443
4401
4075
4081
4375
4480
4201
3916
3823
3911
3767
3235
2849
2824
2842
2560
2036
1751
1472
1067
648
581
670
369
-280
-653
-556
-331
-527
-1037
-1252
-990
-774
-958
-1227
-1133
-699
-495
-702
-783
-563
-199
-76
-139
-67
57
130
112
136
333
438
240
117
86
73
-98
-379
-508
-727
-1119
-1382
-1743
-2059
-2168
-2317
-2692
-2995
-3396
-3729
-3983
-4320
-4607
-4692
-4070
-3485
-4079
-5366
-5836
-4545
-2481
-2183
-3819
-4742
-3222
-944
-346
-1422
-1709
-183
1453
1529
806
1088
2437
3626
3571
2940
2895
3581
4229
4287
4164
4223
4307
4166
3703
3545
3843
3996
3502
2691
2338
2607
2677
2019
1388
1360
1416
1105
414
4
233
327
-212
-908
-1000
-782
-751
-1097
-1361
-1274
-1141
-1178
-1387
-1239
-836
-665
-838
-887
-579
-314
-278
-200
-166
-26
151
72
-10
101
349
229
-97
-165
-30
-61
-276
-547
-805
-1034
-1261
-1563
-1903
-2135
-2290
-2692
-3193
-3411
-3531
-3859
-4409
-4863
-4976
-4406
-3785
-4332
-5611
-6109
-5021
-3116
-2573
-4036
-4918
-3426
-1233
-690
-1830
-2192
-370
1598
1538
572
925
2531
3645
3509
2955
3181
4089
4447
4240
4188
4461
4796
4660
4149
3672
3815
4354
4170
3118
2336
2553
3001
2616
1453
766
1162
1284
558
-225
-365
-109
-403
-1105
-1410
-1127
-1067
-1456
-1727
-1534
-1426
-1578
-1693
-1413
-1037
-1000
-1071
-1033
-818
-473
-308
-284
-107
73
174
273
324
327
509
658
626
446
296
332
331
129
-138
-334
-606
-930
-1191
-1559
-1792
-2047
-2578
-3097
-3523
-3728
-3895
-4449
-5024
-4582
-3845
-4299
-5628
-6296
-5272
-3276
-2915
-4531
-5315
-3819
-1706
-1207
-2251
-2572
-853
1025
1073
380
834
2390
3533
3336
2892
3405
4309
4836
4742
4643
4975
5269
5327
4932
4590
4582
4845
4920
4315
3441
3127
3369
3363
2788
1844
1403
1393
1264
741
287
-18
-365
-722
-998
-1032
-1174
-1435
-1645
-1504
-1521
-1790
-2023
-1838
-1375
-1258
-1420
-1372
-1044
-872
-803
-600
-270
-48
-107
-182
178
525
556
413
361
643
792
538
183
309
476
277
-171
-610
-771
-903
-1187
-1659
-2067
-2296
-2616
-3155
-3621
-3980
-4214
-3892
-3371
-4012
-5495
-5911
-4860
-3284
-2970
-4576
-5396
-3904
-1927
-1618
-2672
-2883
-1260
461
387
-393
183
1778
2887
2656
2102
2545
3600
4267
4285
4107
4311
4752
4884
4533
4222
4373
4693
4778
4170
3484
3235
3438
3339
2805
2313
1874
1557
1178
885
792
598
28
-575
-815
-763
-904
-1197
-1505
-1523
-1574
-1778
-1955
-1931
-1620
-1469
-1646
-1695
-1446
-1210
-1141
-1113
-901
-578
-437
-557
-568
-199
87
41
-37
-66
124
132
-213
-432
-237
-87
-310
-901
-1236
-1193
-1281
-1496
-1880
-2352
-2741
-2876
-3214
-3772
-4117
-3855
-3016
-3277
-4766
-5905
-5254
-3264
-2475
-3950
-5409
-4475
-2351
-1604
-2538
-3070
-1860
-101
169
-581
-431
863
2093
2176
1696
1797
2570
3196
3360
3404
3508
3748
3868
3678
3341
3353
3797
3962
3484
2810
2701
2881
2661
2209
2002
1962
1687
942
359
628
959
454
-451
-835
-584
-512
-941
-1280
-1265
-1162
-1284
-1545
-1624
-1442
-1198
-1150
-1204
-1225
-1094
-879
-736
-643
-528
-361
-281
-284
-257
-157
0
33
-167
-205
-81
-120
-321
-466
-478
-600
-955
-1223
-1452
-1644
-1791
-1974
-2333
-2765
-3147
-3360
-3615
-4180
-4339
-3601
-3289
-4431
-5697
-5467
-3671
-2413
-3436
-5011
-4371
-2187
-1167
-2015
-2705
-1595
271
645
-241
-161
1248
2482
2447
1897
2086
3023
3425
3380
3385
3690
4025
4069
3723
3363
3438
3798
3896
3302
2605
2462
2698
2499
1767
1245
1396
1486
879
12
-117
318
290
-520
-1198
-981
-636
-858
-1334
-1393
-1206
-1233
-1498
-1646
-1390
-1008
-859
-878
-806
-603
-411
-209
-66
-11
105
227
300
361
345
464
632
713
508
235
211
209
15
-243
-412
-721
-1013
-1217
-1402
-1660
-1977
-2308
-2749
-3040
-3312
-3861
-4291
-4360
-3862
-3353
-4146
-5564
-5649
-4180
-2821
-3138
-4643
-4852
-2939
-1394
-1826
-2689
-2029
-302
717
30
-335
829
2241
2696
2204
2022
2733
3541
3617
3438
3662
4063
4185
4042
3622
3416
3565
3782
3603
2873
2397
2504
2555
2119
1491
1070
1091
935
341
-92
-47
-24
-364
-874
-1072
-868
-792
-1180
-1365
-1356
-1334
-1377
-1396
-1245
-1032
-967
-979
-849
-617
-413
-243
-131
19
158
235
429
525
618
667
667
686
628
596
429
325
388
241
-108
-415
-575
-828
-1140
-1371
-1677
-2077
-2353
-2587
-3027
-3560
-3910
-4123
-4014
-3588
-3960
-5093
-5477
-4858
-3618
-3180
-4210
-4934
-3888
-2089
-1716
-2428
-2501
-1100
326
276
-316
317
1768
2579
2246
1956
2626
3534
3761
3617
3709
4127
4456
4285
3838
3802
4021
4102
3906
3356
2884
2753
2940
2724
2175
1656
1262
1070
799
349
164
95
-226
-710
-975
-987
-1003
-1159
-1444
-1496
-1516
-1652
-1752
-1658
-1433
-1290
-1380
-1371
-1120
-806
-584
-509
-366
-129
43
126
321
537
615
676
664
632
666
617
563
464
521
439
-49
-431
-498
-574
-816
-1154
-1664
-2030
-2111
-2426
-2976
-3353
-3676
-3965
-3778
-3347
-3690
-4761
-5260
-4450
-3112
-2851
-4095
-4780
-3605
-1842
-1520
-2405
-2353
-944
314
122
-417
254
1579
2253
2000
1850
2464
3226
3556
3481
3573
3914
4111
3961
3643
3597
3781
3851
3688
3139
2690
2694
2846
2682
2026
1581
1418
1174
854
436
275
218
-112
-615
-839
-744
-797
-1077
-1362
-1506
-1448
-1524
-1668
-1612
-1482
-1301
-1314
-1309
-1169
-932
-678
-579
-469
-345
-299
-171
-2
188
258
320
280
279
314
242
237
278
264
49
-246
-462
-553
-637
-815
-1223
-1545
-1796
-1987
-2169
-2616
-3044
-3264
-3436
-3420
-3041
-3056
-3891
-4555
-4162
-2850
-2249
-3171
-4065
-3257
-1518
-1019
-1856
-2247
-958
518
483
-217
158
1414
2166
1971
1719
2196
2903
3164
3081
3190
3490
3605
3494
3353
3325
3279
3252
3193
2879
2458
2340
2518
2317
1594
1162
1220
1192
771
209
100
269
10
-617
-840
-601
-503
-824
-1133
-1191
-1043
-1099
-1268
-1195
-1025
-1046
-1120
-1006
-823
-677
-593
-439
-235
-201
-168
-26
200
337
279
263
320
266
158
128
175
128
-82
-253
-306
-410
-562
-798
-1007
-1113
-1292
-1549
-1905
-2083
-2260
-2481
-2780
-3157
-3412
-3232
-2650
-2674
-3664
-4248
-3651
-2391
-1905
-2887
-3554
-2432
-857
-711
-1487
-1562
-212
1089
982
321
739
1981
2715
2493
2161
2562
3200
3420
3351
3250
3433
3685
3666
3459
3215
3064
3073
3100
2755
2417
2345
2270
1954
1454
1181
1271
1144
630
170
123
204
-56
-548
-751
-619
-642
-868
-1086
-1053
-842
-815
-852
-815
-714
-530
-444
-348
-328
-198
44
237
294
239
267
519
779
723
604
593
613
624
580
426
396
325
206
61
-95
-300
-564
-809
-945
-1085
-1454
-1807
-2030
-2078
-2287
-2655
-2924
-3016
-3126
-3424
-3109
-2521
-2860
-3653
-3915
-3053
-1799
-1722
-2824
-2981
-1586
-419
-621
-1225
-738
641
1322
784
540
1421
2484
2674
2341
2339
2893
3176
3099
3171
3363
3447
3368
3216
3046
2899
2719
2782
2784
2429
1993
1794
1748
1684
1288
971
890
494
114
9
143
114
-277
-686
-673
-459
-585
-814
-750
-607
-614
-812
-765
-431
-193
-202
-297
-130
117
288
236
317
457
499
574
583
651
663
726
724
594
577
527
493
397
238
62
-11
-160
-467
-667
-795
-897
-1142
-1396
-1608
-1773
-2017
-2285
-2390
-2633
-2799
-3042
-3285
-3032
-2381
-2442
-3301
-3726
-3214
-1994
-1424
-2295
-3085
-2282
-782
-370
-1015
-1261
-299
904
955
506
750
1763
2471
2235
1851
2139
2795
3082
2967
2925
3077
3242
3158
2939
2771
2694
2793
2713
2403
1953
1740
1971
1914
1464
1005
770
705
635
464
275
213
-22
-349
-475
-344
-183
-315
-507
-576
-498
-395
-379
-249
-117
-79
-85
-80
54
253
339
436
440
478
485
532
650
682
576
582
545
424
296
263
256
57
-192
-372
-372
-503
-792
-945
-1067
-1175
-1364
-1671
-1821
-1781
-1935
-2221
-2299
-2451
-2545
-2619
-2819
-2509
-2063
-2240
-2858
-3233
-2669
-1513
-1169
-2046
-2480
-1548
-323
-104
-745
-764
308
1267
1128
705
1088
2007
2481
2185
2011
2364
2722
2771
2669
2788
2846
2799
2637
2564
2529
2376
2391
2337
2142
1920
1715
1621
1538
1257
1068
944
712
548
482
391
307
88
-204
-132
81
-47
-255
-323
-230
-127
-214
-251
-111
-5
-26
-6
8
180
310
266
280
359
432
391
456
511
431
375
333
272
195
116
48
-6
-60
-228
-422
-432
-412
-640
-934
-1039
-1039
-1111
-1326
-1509
-1505
-1548
-1778
-1875
-1835
-1893
-2054
-2233
-2255
-1717
-1377
-1845
-2420
-2375
-1482
-763
-1133
-1889
-1684
-602
13
-394
-826
-275
772
975
486
453
1160
1859
1795
1381
1464
1965
2278
2198
2091
2126
2246
2242
2100
1942
1780
1726
1835
1741
1439
1309
1357
1383
1272
1015
987
1046
793
551
513
523
443
234
-13
56
189
140
-28
-11
40
5
-125
-91
22
84
52
-20
50
119
207
176
144
189
177
153
170
226
120
21
2
-23
-100
-299
-326
-350
-496
-612
-734
-821
-874
-991
-1209
-1255
-1231
-1348
-1486
-1486
-1473
-1420
-1397
-1578
-1670
-1627
-1668
-1705
-1689
-1641
-1325
-1206
-1627
-1957
-1703
-999
-539
-980
-1450
-1168
-278
172
-113
-361
103
852
889
614
691
1229
1578
1530
1227
1261
1616
1702
1680
1626
1668
1775
1778
1675
1529
1436
1431
1516
1394
1209
1120
1019
1020
932
837
782
686
455
321
414
405
298
165
103
191
302
194
62
82
201
251
212
223
235
278
294
324
333
360
360
364
356
305
253
181
198
107
16
-75
-120
-130
-192
-262
-383
-461
-534
-552
-653
-768
-829
-983
-1031
-1008
-939
-913
-1107
-1129
-1002
-1017
-999
-1093
-1134
-1187
-1288
-1333
-1326
-1330
-1213
-987
-1086
-1539
-1781
-1454
-752
-558
-1257
-1649
-1049
-342
-351
-807
-852
-218
253
101
-135
141
662
874
695
678
921
1084
1162
1271
1384
1446
1512
1581
1622
1537
1478
1528
1589
1461
1344
1461
1463
1265
1020
1079
1247
1175
868
632
789
918
680
420
455
612
569
337
160
176
216
146
87
31
-10
-34
-70
-36
-67
-63
-74
-28
-76
-194
-175
-160
-173
-274
-402
-370
-342
-347
-264
-296
-308
-385
-431
-359
-270
-348
-460
-425
-383
-436
-523
-462
-455
-420
-486
-612
-647
-659
-658
-752
-861
-972
-1043
-1155
-1225
-1222
-1108
-1063
-1461
-1994
-2000
-1388
-1028
-1442
-2031
-1938
-1247
-929
-1261
-1501
-989
-404
-365
-657
-484
80
431
418
302
506
789
958
1020
1154
1254
1391
1560
1620
1542
1473
1678
1882
1739
1509
1591
1795
1739
1415
1252
1438
1565
1327
965
918
1028
870
500
389
445
415
201
41
-12
14
-144
-299
-333
-351
-343
-408
-408
-505
-527
-577
-535
-505
-528
-470
-352
-284
-347
-444
-348
-167
-148
-133
-136
20
99
7
26
132
202
168
234
242
235
158
221
288
123
74
-1
-241
-373
-334
-494
-679
-844
-1005
-1218
-1345
-1491
-1697
-1605
-1415
-1713
-2376
-2559
-2047
-1555
-1745
-2321
-2487
-1823
-1211
-1417
-1820
-1529
-751
-448
-683
-729
-169
389
464
386
598
1017
1282
1409
1564
1780
1911
2019
2096
2182
2204
2173
2279
2278
2157
1989
2036
2137
1877
1572
1470
1536
1315
1020
884
902
777
351
97
85
113
-116
-516
-611
-522
-597
-808
-936
-841
-912
-970
-952
-894
-874
-819
-682
-610
-546
-451
-296
-87
-6
7
126
307
428
512
625
772
906
870
848
973
1052
1030
1018
962
849
739
543
448
414
269
44
-108
-175
-308
-530
-789
-956
-1165
-1342
-1604
-1824
-1927
-2021
-2181
-2178
-2001
-2284
-2730
-2815
-2422
-1938
-1994
-2479
-2471
-1794
-1227
-1287
-1417
-1065
-490
-110
-199
-135
350
846
1002
1004
1134
1390
1698
1919
2130
2166
2200
2358
2466
2469
2306
2239
2298
2248
2013
1835
1907
1730
1402
1174
1173
1090
740
370
296
408
190
-208
-359
-314
-386
-576
-728
-741
-756
-861
-883
-859
-814
-854
-848
-701
-585
-580
-435
-193
-78
-54
12
292
501
587
565
779
1000
1044
1019
1094
1245
1261
1237
1269
1330
1262
1159
1090
1084
987
810
626
535
446
168
-20
-170
-356
-466
-603
-833
-1003
-1207
-1428
-1540
-1677
-1882
-2071
-2236
-2420
-2432
-2283
-2050
-2227
-2688
-2728
-2242
-1717
-1760
-2255
-2246
-1499
-972
-1076
-1180
-789
-94
238
156
263
750
1144
1246
1349
1512
1682
1874
1935
2066
2113
2095
2224
2276
2183
1986
2035
2140
2054
1790
1577
1486
1437
1251
984
893
694
498
324
231
98
-179
-276
-282
-263
-363
-499
-541
-503
-507
-590
-539
-448
-367
-303
-278
-96
-36
9
174
298
310
362
472
644
764
820
895
975
1052
1017
1058
1130
1194
1155
1029
959
962
878
781
707
649
463
240
108
20
-14
-280
-503
-632
-745
-823
-983
-1118
-1194
-1352
-1458
-1567
-1632
-1758
-1888
-1917
-1983
-2061
-2260
-2234
-1911
-1775
-2106
-2436
-2243
-1692
-1331
-1581
-1959
-1636
-901
-704
-965
-894
-433
111
229
91
313
699
952
1068
1152
1254
1409
1570
1714
1797
1752
1748
1925
2000
1812
1669
1772
1912
1741
1394
1207
1284
1338
1116
828
643
617
621
420
316
213
64
-74
-103
-157
-225
-285
-352
-387
-460
-487
-456
-293
-219
-287
-309
-170
56
108
120
187
272
356
422
482
567
600
584
632
660
721
696
729
711
751
687
548
558
543
473
347
303
239
70
-123
-233
-274
-393
-540
-709
-821
-804
-956
-1105
-1141
-1183
-1278
-1422
-1478
-1509
-1570
-1603
-1654
-1748
-1871
-1912
-1884
-1874
-1742
-1658
-1898
-2106
-1924
-1468
-1132
-1276
-1474
-1162
-568
-343
-501
-414
-27
350
393
291
549
935
1134
1175
1187
1285
1421
1544
1614
1651
1614
1580
1726
1701
1511
1391
1408
1403
1146
818
730
832
728
391
108
82
64
-135
-287
-294
-356
-592
-697
-643
-646
-623
-697
-647
-569
-617
-606
-519
-340
-262
-231
-194
-115
24
89
173
283
385
416
476
622
650
608
590
637
670
593
586
575
585
555
471
401
322
218
101
-27
-58
-156
-329
-411
-567
-656
-802
-881
-954
-1045
-1162
-1324
-1399
-1483
-1567
-1681
-1703
-1749
-1712
-1751
-1786
-1744
-1802
-1775
-1724
-1728
-1789
-1758
-1691
-1465
-1299
-1431
-1486
-1279
-991
-728
-692
-845
-710
-320
11
55
-37
123
463
673
630
611
717
875
979
1021
962
977
1050
1069
1124
1022
971
1014
1013
862
746
771
780
619
422
426
450
347
77
3
127
97
-99
-216
-230
-222
-271
-226
-218
-235
-253
-299
-191
-141
-106
-138
-59
36
40
76
228
330
289
321
419
494
489
533
581
552
472
445
483
528
503
337
243
314
258
136
-11
-50
-96
-182
-240
-324
-333
-356
-410
-483
-590
-669
-701
-795
-918
-983
-1037
-1051
-1079
-1126
-1128
-1164
-1213
-1230
-1207
-1238
-1252
-1252
-1285
-1238
-1198
-1160
-1120
-1068
-1086
-1093
-1049
-1043
-900
-836
-917
-972
-863
-665
-528
-506
-581
-496
-222
-98
-138
-62
86
349
460
483
559
662
795
902
958
927
962
1024
1069
1051
958
988
1089
1111
1022
860
887
958
913
770
657
594
538
495
396
280
202
144
151
169
87
27
49
38
60
-70
-166
-94
-54
-90
-152
-143
-98
-38
27
-10
54
92
121
180
207
237
200
203
248
309
361
347
340
299
293
348
365
342
291
302
278
201
119
41
-5
-15
-51
-209
-349
-356
-373
-409
-494
-603
-688
-688
-715
-804
-846
-848
-867
-899
-936
-1004
-970
-876
-869
-910
-943
-934
-884
-783
-811
-807
-711
-680
-615
-627
-534
-366
-216
-138
-207
-243
-72
173
249
207
180
316
468
522
537
572
707
803
805
770
817
911
930
918
889
835
822
834
878
819
753
729
692
659
635
705
643
572
452
392
447
472
389
339
340
352
374
332
368
348
331
279
273
311
339
363
351
370
369
383
448
494
527
546
586
577
521
419
460
483
456
348
343
369
336
306
271
231
147
93
98
51
-10
-144
-253
-294
-331
-394
-515
-548
-501
-591
-684
-682
-716
-689
-653
-694
-814
-833
-793
-690
-635
-687
-652
-517
-540
-571
-433
-362
-305
-266
-287
-252
-170
-85
-18
-21
-32
14
56
106
162
111
95
98
43
-11
-26
-4
-24
-47
-86
-105
-133
-149
-143
-67
-111
-98
-132
-164
-60
0
62
82
209
300
357
435
501
582
650
736
790
809
877
885
948
989
1027
1046
1068
1077
1076
1092
1090
1064
954
934
931
910
789
638
582
489
348
269
164
21
-31
-75
-178
-305
-388
-449
-474
-578
-637
-646
-739
-736
-748
-801
-818
-805
-756
-754
-785
-747
-702
-651
-605
-597
-588
-566
-510
-448
-410
-361
-306
-265
-146
-175
-235
-220
-177
-114
-182
-184
-202
-186
-157
-172
-196
-175
-158
-183
-225
-218
-241
-299
-257
-225
-257
-298
-299
-302
-263
-304
-368
-441
-423
-390
-415
-419
-407
-357
-364
-358
-347
-355
-366
-368
-314
-305
-313
-243
-231
-218
-128
-58
9
3
83
186
333
407
395
410
488
564
574
671
694
721
788
818
826
817
823
806
797
808
756
647
602
487
438
399
276
145
58
27
-107
-206
-347
-400
-492
-636
-719
-743
-798
-853
-853
-868
-897
-913
-902
-820
-726
-700
-678
-642
-638
-524
-518
-472
-393
-341
-243
-241
-205
-109
42
107
82
115
153
185
223
191
246
244
175
128
154
123
100
51
37
7
-80
-138
-209
-269
-302
-367
-387
-325
-353
-341
-303
-279
-279
-279
-329
-275
-259
-260
-309
-310
-249
-180
-121
-166
-81
-59
-26
26
34
-22
9
41
27
49
30
69
53
73
61
116
155
196
167
97
74
87
157
200
226
178
248
305
265
230
180
205
249
175
104
68
62
73
79
63
30
-16
0
12
-5
-80
-138
-154
-167
-153
-219
-290
-287
-334
-341
-315
-311
-334
-322
-282
-211
-180
-219
-213
-148
-83
-64
-58
-1
71
168
232
223
208
163
194
257
228
209
201
187
219
259
269
207
135
196
188
60
30
5
-36
-63
-81
-68
-109
-148
-112
-87
-82
-21
-11
0
-14
-54
-58
-51
-17
-30
20
92
96
54
44
83
158
205
213
161
130
237
275
287
272
286
393
443
425
299
315
395
413
456
439
397
365
379
377
350
271
272
304
282
295
215
119
71
91
34
2
-22
3
-39
-69
-72
-161
-105
-96
-161
-192
-204
-196
-214
-159
-123
-79
-83
-30
20
43
42
59
51
20
46
20
30
56
103
130
152
130
138
145
168
154
121
123
137
212
252
262
178
168
205
207
157
140
186
178
203
179
159
145
211
191
215
170
73
44
23
-8
-66
-101
-104
-45
-53
-34
-57
-108
-58
1
-46
-136
-116
-33
3
-26
-5
21
80
140
174
223
217
216
264
305
326
358
346
424
480
459
433
394
378
396
325
262
204
145
91
46
-26
-66
-132
-183
-168
-174
-190
-226
-257
-325
-342
-422
-422
-444
-477
-492
-534
-529
-554
-557
-563
-532
-563
-570
-473
-439
-447
-405
-333
-228
-151
-98
-36
-27
18
38
65
107
113
134
180
235
338
370
424
469
500
508
486
454
444
438
416
324
262
278
264
197
112
31
-25
-8
-73
-184
-301
-291
-280
-308
-340
-383
-377
-336
-304
-322
-372
-421
-328
-261
-246
-244
-190
-94
9
56
98
165
219
316
344
373
370
393
426
460
447
409
414
436
504
423
385
368
331
281
238
158
58
46
11
-53
-75
-172
-264
-274
-325
-344
-494
-551
-596
-637
-650
-644
-707
-695
-669
-653
-680
-771
-760
-720
-680
-701
-715
-618
-568
-512
-498
-455
-369
-289
-229
-200
-83
5
90
145
180
198
234
242
312
315
325
342
322
352
355
388
372
414
388
332
336
305
245
182
83
13
-19
-19
-135
-216
-251
-256
-306
-376
-451
-473
-457
-559
-604
-669
-651
-586
-543
-573
-620
-596
-511
-478
-468
-429
-352
-200
-155
-137
-106
-17
86
101
120
130
175
196
235
280
267
278
298
284
294
227
193
136
95
95
11
-42
-128
-195
-250
-256
-269
-349
-405
-410
-459
-479
-502
-527
-555
-625
-619
-595
-614
-611
-583
-567
-512
-528
-530
-491
-472
-474
-420
-381
-347
-284
-201
-105
-73
-47
4
15
16
17
40
97
50
71
78
81
38
36
-7
0
-1
-71
-74
-112
-99
-101
-134
-164
-196
-220
-266
-323
-360
-425
-445
-442
-406
-406
-398
-493
-512
-478
-503
-464
-482
-501
-437
-440
-425
-372
-349
-343
-348
-272
-184
-188
-209
-152
-140
-88
-129
-98
-80
-159
-144
-94
-49
-76
-105
-116
-103
-101
-98
-169
-207
-205
-227
-247
-317
-389
-350
-339
-333
-350
-397
-410
-385
-423
-428
-466
-494
-502
-545
-508
-492
-457
-474
-449
-450
-429
-416
-499
-460
-453
-455
-455
-500
-500
-487
-458
-404
-427
-425
-469
-468
-439
-374
-356
-359
-312
-298
-286
-311
-296
-267
-243
-267
-291
-244
-294
-267
-239
-251
-209
-191
-171
-189
-234
-220
-199
-237
-294
-288
-323
-383
-386
-448
-428
-449
-502
-512
-516
-510
-567
-613
-616
-603
-617
-640
-663
-622
-631
-636
-625
-657
-647
-581
-572
-578
-557
-498
-497
-449
-390
-406
-335
-329
-330
-207
-222
-239
-193
-237
-249
-244
-219
-229
-199
-193
-224
-207
-249
-298
-299
-305
-329
-297
-333
-364
-386
-423
-483
-485
-476
-526
-546
-559
-569
-568
-613
-648
-640
-614
-622
-619
-646
-640
-618
-633
-659
-664
-588
-639
-607
-589
-621
-589
-510
-486
-466
-409
-423
-396
-357
-309
-272
-235
-210
-163
-163
-112
-91
-118
-108
-135
-155
-168
-184
-168
-176
-158
-132
-168
-135
-157
-219
-231
-217
-198
-212
-249
-294
-310
-339
-360
-357
-392
-425
-474
-514
-531
-529
-575
-615
-636
-647
-664
-708
-725
-727
-708
-702
-713
-626
-599
-554
-495
-442
-384
-321
-305
-275
-212
-183
-121
-41
1
35
56
89
44
25
29
28
-15
-39
-1
-14
5
-1
-40
-85
-104
-174
-254
-333
-373
-403
-405
-494
-551
-603
-616
-657
-677
-630
-670
-668
-687
-643
-609
-551
-468
-439
-400
-364
-323
-292
-292
-240
-143
-138
-136
-72
-56
-35
-3
-21
-14
-13
13
15
57
79
87
72
50
20
23
-45
-55
-7
-4
-10
-25
-51
-83
-80
-83
-111
-119
-109
-131
-122
-168
-189
-123
-132
-123
-87
-109
-119
-151
-126
-105
-55
-12
-26
-60
-21
-22
8
-13
7
59
20
-13
-41
-1
20
33
65
60
40
69
130
152
127
141
160
122
127
170
153
180
153
145
190
178
131
134
102
104
102
-6
-31
13
11
5
-34
-16
-40
-60
-76
-119
-121
-136
-113
-133
-119
-48
-39
-76
-28
-5
-2
-12
48
43
24
59
30
87
130
147
202
252
283
314
296
327
401
396
442
405
441
468
432
455
439
397
381
446
398
300
298
322
270
261
249
306
324
265
270
285
287
308
286
255
232
250
239
249
244
267
279
307
384
360
406
355
412
491
496
550
523
545
559
531
546
537
542
458
418
403
454
418
373
420
433
449
436
449
428
396
398
389
399
381
330
320
312
311
272
263
316
313
316
310
299
287
291
293
348
312
284
326
309
339
340
356
343
353
348
286
255
277
274
289
312
364
415
408
462
469
477
508
497
453
449
418
444
482
498
487
483
504
498
507
544
513
550
590
574
557
581
575
553
545
488
425
412
349
340
399
376
380
444
438
475
499
493
499
525
544
545
553
538
504
510
530
532
543
478
432
442
396
407
422
411
430
448
458
406
390
405
383
418
375
344
351
370
378
344
388
393
390
397
352
401
412
397
408
409
412
371
404
364
334
310
284
274
253
239
261
246
244
247
247
218
182
241
241
217
199
205
188
189
171
189
190
217
295
294
351
376
401
409
405
429
456
492
472
492
449
415
393
434
386
379
396
356
358
343
360
309
327
326
315
256
214
202
146
93
149
137
124
136
124
137
193
203
173
209
246
228
245
310
314
283
279
333
321
363
353
363
404
445
612
735
685
565
463
513
569
510
448
331
334
357
390
425
296
263
235
263
305
305
242
195
251
275
342
374
318
262
275
316
357
383
302
272
278
292
298
341
376
303
316
285
295
309
268
237
202
188
202
228
211
197
201
190
221
236
217
196
237
276
270
297
312
363
346
378
401
368
388
356
353
330
348
388
387
417
369
384
371
392
356
317
343
284
275
240
247
216
212
197
161
185
159
176
180
279
260
190
253
261
289
313
363
346
293
284
316
291
342
359
358
352
435
451
465
488
454
483
475
535
537
582
532
500
453
462
460
460
469
503
540
479
513
530
498
483
425
401
371
341
378
345
369
366
347
296
294
310
298
257
257
244
216
236
207
234
266
244
246
293
271
223
210
225
262
246
213
235
278
291
310
275
285
288
312
280
279
339
368
343
328
323
301
292
334
339
336
325
336
374
362
289
288
333
288
327
312
293
265
276
250
193
262
247
202
210
187
197
201
243
241
189
197
201
116
134
178
166
156
144
195
201
223
230
261
251
175
205
245
244
251
251
203
181
183
188
179
154
139
129
164
131
134
126
102
104
75
138
157
132
96
48
70
55
31
41
4
28
29
-38
-69
-54
-3
-14
-27
-21
-12
-40
-25
-29
-96
-153
-156
-155
-141
-153
-123
-86
-118
-89
-77
-99
-53
-45
-53
-61
-43
-86
-85
-109
-116
-128
-161
-134
-184
-162
-136
-106
-92
-74
-71
5
-7
-31
5
-25
-37
-111
-182
-181
-186
-184
-202
-163
-168
-162
-105
-98
-74
-39
-6
-3
6
-2
48
36
4
-6
-49
-89
-83
-81
-155
-154
-129
-150
-106
-77
-87
-26
-30
-57
-37
-55
15
24
17
37
-35
-112
-163
-166
-203
-234
-236
-247
-214
-200
-155
-131
-111
-45
-6
51
41
37
50
68
52
18
-8
-16
2
-17
-39
-91
-89
-86
-61
-68
-98
-106
-132
-85
-84
-91
-128
-147
-172
-195
-219
-275
-309
-318
-354
-412
-362
-372
-403
-373
-348
-335
-288
-240
-251
-234
-209
-176
-183
-157
-155
-152
-149
-139
-130
-132
-79
-79
-68
-54
-33
-46
-27
-10
17
12
14
5
-17
0
32
17
26
-26
-94
-139
-111
-172
-186
-177
-236
-206
-223
-237
-179
-204
-228
-245
-235
-209
-210
-137
-176
-192
-180
-214
-204
-156
-162
-159
-151
-155
-105
-119
-139
-91
-97
-85
-96
-114
-184
-160
-147
-125
-114
-116
-70
-75
-82
-134
-142
-155
-112
-150
-129
-154
-196
-202
-231
-194
-206
-176
-218
-216
-254
-304
-272
-271
-255
-252
-253
-263
-264
-259
-236
-270
-247
-255
-292
-279
-284
-299
-298
-303
-306
-284
-262
-246
-257
-239
-235
-184
-140
-109
-52
-43
-95
-110
-92
-78
-103
-110
-141
-160
-139
-120
-93
-75
-56
-38
-53
-5
73
48
32
14
-70
-140
-149
-143
-171
-220
-202
-187
-177
-208
-230
-237
-234
-302
-259
-242
-296
-238
-211
-192
-195
-192
-225
-235
-191
-185
-199
-187
-120
-44
-43
-37
47
149
128
109
88
100
107
91
48
23
49
-9
-12
-58
-9
-22
-40
-9
-73
-70
-42
-57
-37
-45
-80
-55
-61
-86
-104
-163
-157
-177
-231
-184
-216
-257
-236
-240
-187
-221
-208
-178
-166
-99
-107
-61
28
32
-13
-17
-9
-53
-87
-58
-60
-95
-71
-58
-37
-28
-14
108
100
139
120
112
114
110
143
70
94
85
51
7
-44
-41
-28
-40
-66
-62
-88
-42
-20
-27
38
42
-35
-37
-90
-139
-105
-96
-135
-187
-160
-157
-113
-167
-182
-176
-165
-151
-144
-172
-128
-132
-117
-64
-58
-15
-55
-57
2
54
77
127
97
77
94
90
61
109
134
158
114
160
123
74
64
81
45
40
28
25
23
-9
34
-37
-46
-52
-93
-103
-108
-152
-120
-145
-174
-170
-198
-167
-172
-166
-118
-93
-112
-121
-97
-77
-76
-72
-62
-22
-25
-5
25
97
107
101
139
176
251
238
254
283
310
286
298
271
261
284
242
286
266
261
211
214
203
160
155
90
117
98
56
30
30
27
-36
-92
-79
-77
-116
-123
-119
-51
-55
-19
30
-26
1
1
-23
-47
-68
-58
-53
-5
-2
-32
-8
20
33
49
63
83
90
61
102
136
137
122
126
125
78
98
65
50
46
70
139
146
142
121
144
151
102
118
46
8
1
-17
-26
-34
25
19
-19
-25
-17
-32
-55
-59
-55
-33
15
50
25
1
34
36
70
78
82
145
151
173
204
204
228
262
269
279
304
321
325
276
336
288
296
329
254
225
224
192
186
216
219
239
216
204
163
134
67
-1
28
10
-41
-62
-71
-118
-140
-159
-100
-61
-67
-63
-52
-59
-80
-76
-56
-40
-54
-45
-13
2
26
70
82
136
143
161
194
204
212
235
295
308
338
358
327
326
343
335
364
366
384
346
316
272
275
296
221
258
249
198
224
150
64
74
34
41
11
33
23
15
21
34
46
61
82
99
54
23
12
-19
1
27
75
89
107
123
130
155
168
201
234
244
242
251
268
246
225
234
256
271
239
222
214
215
146
183
157
171
123
83
135
67
89
83
39
-5
3
12
-38
-21
13
-26
-36
-38
-99
-72
-43
-59
-42
-43
-23
-1
28
13
60
81
70
114
104
125
133
180
222
169
207
239
199
248
285
261
299
331
308
316
340
296
266
275
223
225
195
185
203
204
223
157
189
159
146
182
210
206
135
117
121
83
55
-3
22
-21
-52
-45
-65
-97
-84
-7
-3
43
32
15
9
-19
24
49
118
101
71
123
113
91
114
79
106
90
44
83
69
143
124
143
110
133
161
152
172
130
119
59
47
60
14
-3
30
-28
-60
-67
-102
-39
-41
-60
-95
-62
-25
-29
18
-23
8
11
20
32
15
-3
-27
-3
-24
7
18
13
70
94
104
120
173
162
171
177
175
159
167
137
117
147
134
85
47
62
69
92
35
21
74
42
31
44
10
47
76
26
26
31
-12
-5
-39
-50
-21
5
14
-3
6
28
-5
22
99
74
65
55
70
49
42
42
50
55
83
112
65
85
115
105
116
113
61
85
117
59
109
69
96
161
109
129
140
144
118
146
118
152
148
141
146
95
132
131
138
151
163
150
139
103
131
146
111
98
115
114
116
120
123
115
121
110
108
77
88
57
32
59
47
8
1
63
54
62
61
136
119
96
151
166
175
209
269
304
304
289
290
238
224
181
211
230
184
206
211
206
184
250
259
249
259
229
251
223
239
230
166
191
193
168
111
108
111
90
105
69
8
23
-3
-68
-61
-84
-160
-109
-90
-126
-87
-60
-32
-74
-65
-65
-39
-79
-101
-59
-24
-8
30
69
99
72
48
84
88
63
83
81
122
163
156
175
152
195
200
208
216
254
280
273
267
238
274
199
145
148
127
142
83
48
66
-42
-62
-56
-63
-46
-76
-54
-57
-48
-17
14
-4
-7
-17
-36
-55
-18
5
-23
-9
-7
18
0
43
37
55
71
77
122
125
168
175
189
225
193
179
196
165
95
149
162
168
150
163
172
108
119
117
119
89
88
145
87
62
8
38
11
-34
-24
-58
-31
-37
-31
-69
-53
-78
-76
-99
-164
-138
-122
-51
-54
-71
-67
-68
-17
13
52
51
83
84
142
179
151
144
177
187
167
182
204
243
251
249
226
203
230
229
208
216
195
210
193
150
169
101
122
111
123
160
174
166
95
95
52
75
44
21
3
16
46
48
31
7
12
18
40
59
2
-6
18
21
50
88
97
94
67
106
78
17
96
91
58
83
100
161
132
151
175
190
236
205
214
164
154
147
164
159
147
176
103
101
121
68
63
50
47
71
64
0
-20
-42
-114
-158
-157
-210
-210
-250
-249
-217
-233
-230
-247
-222
-226
-174
-188
-180
-134
-149
-64
-58
-52
-86
-53
-51
-25
-45
-49
23
17
12
17
59
125
130
128
153
135
131
204
221
167
136
147
197
184
169
147
93
104
80
81
117
139
186
171
152
161
125
94
85
53
25
-5
-31
12
2
-13
44
35
53
64
79
111
150
200
197
190
208
217
188
154
183
237
213
246
283
272
255
229
263
242
269
267
226
254
253
222
155
155
135
125
129
159
151
134
148
75
40
58
47
71
98
121
130
102
97
101
64
107
139
114
121
152
172
190
213
251
247
223
233
200
173
198
235
221
244
231
246
279
286
287
323
326
335
384
356
315
346
300
258
309
303
313
258
295
303
310
303
341
302
278
300
293
301
290
275
293
264
175
142
175
176
181
171
173
138
136
185
208
203
243
251
270
267
252
296
279
303
252
233
243
213
198
190
221
241
197
229
245
248
256
251
246
191
180
153
127
119
126
125
132
114
104
60
13
25
7
8
27
33
21
54
85
53
81
94
83
89
79
79
130
111
98
59
47
96
21
31
56
71
80
41
48
37
26
40
96
50
63
106
52
20
38
100
107
136
174
191
146
108
96
49
23
27
-26
-46
-40
-36
-47
-79
-68
-59
-84
-65
-41
-52
-107
-63
-59
-126
-100
-69
-60
-47
-55
-38
9
18
52
118
88
64
115
154
177
208
229
285
252
308
319
258
274
236
236
174
211
240
228
227
190
184
141
114
90
126
128
76
93
78
38
62
31
62
51
28
31
50
38
54
52
26
87
16
44
55
54
115
67
106
109
151
158
114
138
127
99
89
48
65
134
140
163
198
222
278
258
201
213
210
217
253
273
272
247
279
276
270
305
278
231
186
194
140
128
123
100
109
79
100
132
152
132
87
108
59
15
9
27
4
-1
52
56
97
136
211
190
172
148
126
116
75
95
87
48
58
31
11
63
23
52
108
70
85
119
59
93
114
125
107
83
73
31
63
44
31
8
-35
-47
-15
-21
-29
10
-14
34
55
90
97
48
22
19
2
-1
-43
-72
-49
-18
-9
6
27
-1
5
5
1
49
43
105
183
141
170
189
181
210
229
202
192
187
196
197
192
188
218
227
223
244
229
257
249
245
280
265
278
245
239
204
187
181
163
189
149
141
98
84
70
-26
-20
25
17
7
10
11
-21
-14
25
31
33
46
57
96
96
99
85
106
134
96
72
74
101
94
129
134
127
159
146
126
134
103
125
126
109
101
119
143
112
109
106
107
78
79
137
97
125
63
14
22
21
41
4
-2
-6
-15
-3
-19
11
95
111
92
111
75
59
52
44
35
52
34
0
17
31
60
34
73
84
119
110
151
196
171
178
149
178
177
182
172
99
140
58
61
57
34
49
66
85
66
44
35
57
58
-5
-4
-51
2
-12
-64
-34
-22
-55
-91
-72
-92
-114
-91
-123
-101
-62
-73
-14
-17
-6
-19
-13
10
34
55
36
-17
-23
-28
4
16
110
120
108
131
133
157
153
102
59
83
111
110
49
35
44
24
67
66
30
33
-26
-27
-25
-9
3
1
-58
-54
-63
-122
-105
-130
-143
-211
-164
-146
-181
-164
-142
-86
-41
-43
1
19
4
15
-16
-31
-44
-50
-3
7
-10
-13
35
78
60
57
47
76
53
70
68
1
12
-16
-90
-104
-113
-131
-116
-95
-18
-58
-79
-74
-111
-47
-15
5
-20
-46
-48
-59
-9
5
-13
-33
-3
35
80
122
105
101
73
68
62
115
82
30
45
28
110
65
3
-3
-27
-38
-56
-59
-71
-14
-39
-10
-26
-54
-71
-103
-83
-83
-133
-159
-129
-134
-124
-113
-99
-123
-198
-162
-162
-182
-163
-170
-120
-120
-112
-146
-131
-129
-134
-168
-183
-147
-231
-183
-208
-226
-178
-190
-177
-217
-210
-160
-168
-142
-151
-118
-86
-96
-77
-66
-86
-79
-73
-104
-72
-34
-7
-3
29
60
55
59
28
51
38
48
51
16
39
11
-5
-23
-27
-31
-11
47
19
16
-4
-35
-60
-98
-98
-86
-83
-48
-42
-77
-81
-105
-118
-119
-70
-58
-52
-42
9
20
0
-4
-3
25
20
39
10
26
41
26
49
-4
17
74
41
36
38
27
19
39
14
6
46
80
9
-13
6
-34
-95
-70
-21
-25
12
1
23
3
10
18
3
-52
-39
-81
-118
-84
-96
-99
-95
-103
-68
-101
-150
-100
-88
-62
-69
-53
-59
-31
-47
-49
-22
-106
-34
-51
-64
-70
-60
-42
-82
-37
-26
-9
10
24
51
86
110
156
183
160
125
114
57
130
143
118
123
129
174
176
178
156
133
95
45
36
37
4
-3
-58
-45
-101
-89
-88
-106
-142
-174
-195
-180
-113
-148
-103
-133
-80
-95
-123
-153
-139
-150
-129
-144
-117
-84
-150
-93
-85
-74
-29
-77
-60
6
16
-2
-4
-34
-54
-19
-27
-11
-32
-67
-88
-72
-105
-172
-211
-248
-284
-283
-267
-249
-239
-194
-168
-191
-206
-202
-208
-204
-183
-190
-192
-199
-163
-166
-125
-156
-161
-118
-173
-155
-145
-144
-155
-183
-141
-149
-122
-150
-152
-130
-116
-110
-106
-101
-103
-33
-34
-51
-105
-99
-88
-133
-167
-202
-231
-220
-200
-242
-313
-303
-275
-227
-219
-204
-273
-238
-161
-185
-179
-189
-205
-236
-237
-244
-222
-223
-214
-214
-199
-195
-173
-198
-240
-200
-217
-212
-237
-214
-207
-191
-174
-162
-168
-196
-153
-169
-137
-152
-143
-162
-170
-168
-203
-208
-256
-261
-267
-253
-222
-229
-197
-182
-225
-210
-245
-269
-260
-301
-317
-307
-317
-326
-330
-325
-311
-326
-310
-304
-339
-321
-339
-352
-340
-346
-328
-294
-287
-307
-275
-218
-225
-215
-184
-185
-198
-184
-182
-92
-18
-1
-36
9
8
-59
-75
-89
-99
-99
-86
-108
-158
-173
-118
-173
-138
-151
-211
-246
-258
-272
-338
-365
-306
-341
-325
-284
-290
-231
-222
-170
-183
-179
-166
-201
-220
-207
-201
-219
-202
-205
-191
-220
-269
-237
-214
-213
-163
-163
-157
-129
-183
-214
-165
-162
-185
-213
-260
-245
-252
-281
-319
-312
-322
-321
-290
-304
-283
-244
-204
-130
-109
-111
-123
-138
-81
-104
-137
-118
-131
-83
-126
-136
-130
-109
-125
-143
-107
-147
-166
-140
-138
-189
-176
-181
-183
-203
-199
-172
-154
-132
-150
-168
-169
-176
-152
-161
-137
-128
-114
-104
-121
-48
-46
-49
-3
-6
-48
-22
-28
-2
-41
-10
-57
-78
-65
-80
-61
-42
-21
-37
-7
-46
-30
-44
-84
-59
-77
-92
-140
-86
-103
-203
-186
-206
-180
-163
-156
-180
-144
-179
-181
-178
-181
-166
-184
-112
-97
-75
-68
-135
-100
-123
-139
-161
-142
-92
-76
-89
-45
-22
-40
46
29
19
54
96
45
64
52
-5
-14
-70
-53
-51
-38
3
-18
-12
-60
-56
11
-54
-75
-69
-91
-104
-130
-77
-52
-120
-108
-140
-148
-83
-93
-52
-49
-32
-16
24
32
74
92
105
95
73
113
107
86
64
67
67
108
119
113
149
137
128
96
94
78
72
19
-1
-20
-6
-34
-43
-34
-95
-81
-11
-53
-75
-48
-117
-107
-143
-158
-131
-89
-103
-113
-121
-95
-103
-130
-150
-152
-125
-187
-182
-159
-134
-90
-48
-39
22
-20
-1
44
8
5
25
75
60
62
65
37
24
-4
71
86
97
85
94
62
41
80
73
119
113
126
96
122
145
58
-10
67
78
91
15
-60
-33
-44
-12
8
-46
-75
-24
-74
-36
-12
-57
-131
-104
-17
-15
93
155
38
9
33
97
203
244
242
128
72
136
256
246
194
101
56
61
107
176
143
107
115
93
144
174
121
108
105
157
162
193
173
122
138
163
187
259
276
192
156
154
210
257
211
172
136
165
234
288
301
274
256
225
197
213
246
254
185
195
223
205
272
305
290
284
321
316
338
375
392
363
363
362
380
438
418
410
411
380
308
275
251
257
244
235
211
249
284
245
259
298
317
366
355
334
374
352
391
417
449
494
506
473
484
483
496
521
480
481
467
502
500
505
514
497
482
444
451
462
425
402
378
400
428
404
402
421
437
430
424
461
445
455
434
443
457
439
428
480
514
486
525
483
508
549
525
527
560
536
541
525
506
486
470
442
459
452
424
398
435
451
422
406
412
381
388
383
354
332
329
321
282
360
354
325
325
317
324
335
354
337
336
356
336
354
379
380
395
385
386
381
333
298
298
246
268
254
247
262
268
277
284
317
328
315
308
310
327
370
397
436
478
496
498
502
510
483
443
453
398
426
428
403
411
369
397
389
384
416
480
478
453
434
442
461
503
458
430
427
421
460
401
375
326
347
356
373
366
336
341
358
384
380
363
382
405
373
376
325
270
275
244
245
211
197
157
143
149
141
151
89
48
68
117
114
88
45
116
123
91
88
84
34
59
114
95
51
76
96
75
72
24
67
70
47
3
51
-22
-37
14
12
45
2
31
-2
-64
-71
-79
-76
-78
-64
-27
-87
-80
-71
-117
-97
-121
-95
-80
-117
-127
-170
-212
-167
-144
-94
-88
-120
-120
-148
-114
-130
-189
-188
-239
-194
-198
-234
-244
-228
-182
-213
-246
-258
-279
-333
-307
-315
-321
-363
-395
-371
-331
-340
-328
-306
-334
-301
-368
-386
-383
-376
-401
-457
-442
-456
-455
-474
-466
-464
-454
-496
-515
-461
-486
-518
-538
-556
-539
-508
-498
-488
-480
-506
-486
-442
-457
-465
-452
-477
-478
-466
-434
-424
-428
-395
-376
-362
-360
-357
-329
-346
-339
-301
-258
-286
-301
-309
-316
-330
-294
-297
-353
-373
-356
-345
-368
-306
-298
-311
-328
-313
-354
-366
-332
-353
-347
-331
-353
-336
-311
-324
-319
-283
-310
-339
-309
-285
-265
-229
-168
-202
-209
-194
-152
-123
-87
-35
-30
-64
-24
-17
4
50
13
21
0
98
101
67
124
90
143
147
152
159
149
186
161
153
154
106
131
141
110
119
133
128
150
148
147
170
172
142
157
194
182
170
177
197
169
174
163
190
194
255
236
246
243
228
244
229
206
186
160
163
134
132
124
113
142
181
262
237
274
270
306
301
311
328
369
332
384
412
381
362
362
363
352
338
305
264
202
200
186
188
180
218
203
240
216
215
180
210
183
140
73
104
118
90
92
140
156
139
148
105
140
141
157
192
175
170
