SAMPLES:	18820
BITSPERSAMPLE:	16
CHANNELS:	1
SAMPLERATE:	16000
NORMALIZED:	FALSE
-66
9
-26
-37
-50
-100
-122
-155
-164
-154
-193
-142
-127
-134
-171
-150
-128
-59
-62
-58
-45
-53
-21
-44
-62
-93
-63
-68
-92
-116
-140
-136
-171
-81
-42
-95
-78
-127
-96
-95
-91
-71
-66
-56
-79
-62
-57
-71
-73
-125
-118
-133
-148
-145
-130
-125
-85
-21
-83
-96
-66
-46
-68
-51
-52
-98
-97
-83
-85
-71
-95
-66
-110
-169
-175
-199
-164
-175
-174
-182
-183
-200
-218
-275
-259
-270
-320
-302
-235
-283
-299
-264
-282
-271
-287
-286
-263
-260
-257
-201
-248
-239
-220
-205
-213
-188
-161
-198
-176
-229
-244
-205
-227
-217
-197
-200
-186
-192
-184
-209
-231
-218
-234
-208
-201
-237
-171
-187
-232
-179
-161
-156
-197
-167
-129
-85
-65
-81
-95
-116
-87
-90
-80
-81
-101
-134
-122
-114
-146
-120
-105
-114
-121
-103
-115
-130
-97
-106
-53
-139
-152
-129
-164
-201
-236
-204
-251
-257
-323
-331
-350
-375
-358
-361
-324
-370
-359
-374
-383
-366
-386
-381
-432
-481
-485
-524
-548
-592
-581
-576
-610
-576
-606
-621
-637
-584
-584
-579
-571
-600
-570
-619
-612
-606
-609
-670
-665
-672
-674
-667
-671
-642
-634
-611
-630
-599
-613
-632
-606
-593
-578
-588
-544
-541
-541
-500
-525
-485
-478
-525
-510
-443
-448
-496
-495
-464
-467
-449
-391
-419
-450
-453
-463
-493
-492
-477
-436
-453
-509
-488
-506
-459
-432
-421
-403
-461
-412
-395
-394
-339
-293
-334
-327
-300
-326
-389
-384
-299
-376
-334
-323
-295
-314
-276
-236
-267
-237
-252
-306
-331
-334
-333
-347
-388
-387
-419
-435
-461
-471
-422
-364
-397
-370
-382
-416
-408
-422
-491
-435
-450
-507
-513
-503
-489
-523
-500
-484
-484
-508
-513
-526
-486
-506
-467
-460
-525
-473
-500
-472
-476
-504
-481
-503
-498
-539
-572
-567
-630
-669
-628
-644
-664
-695
-700
-711
-750
-752
-824
-793
-817
-856
-872
-903
-947
-991
-968
-968
-972
-980
-994
-1008
-1050
-1038
-1044
-1065
-1087
-1053
-1023
-1015
-972
-951
-941
-929
-905
-911
-934
-949
-971
-999
-986
-980
-978
-968
-987
-959
-993
-1019
-1044
-1049
-1047
-1066
-1082
-1060
-1061
-1076
-1062
-1113
-1128
-1204
-1237
-1179
-1177
-1187
-1161
-1205
-1186
-1215
-1158
-1078
-1131
-1123
-1123
-1092
-1020
-1013
-1018
-1001
-1048
-1030
-1030
-1040
-1020
-1074
-1049
-973
-992
-967
-920
-885
-848
-835
-843
-890
-889
-907
-949
-946
-950
-991
-942
-928
-941
-933
-882
-912
-913
-857
-817
-758
-747
-716
-702
-685
-668
-656
-652
-655
-637
-681
-669
-596
-599
-560
-562
-561
-527
-534
-532
-483
-494
-489
-486
-541
-531
-546
-568
-513
-520
-567
-538
-524
-516
-493
-488
-483
-478
-454
-458
-435
-442
-433
-418
-453
-440
-442
-414
-402
-426
-351
-346
-357
-326
-326
-296
-283
-240
-242
-210
-229
-232
-234
-196
-145
-165
-138
-150
-132
-104
-42
-33
-45
-12
0
41
32
111
110
100
109
65
125
97
135
182
183
166
206
261
257
284
283
289
283
305
324
327
325
308
331
305
285
276
302
302
303
316
258
243
177
177
211
208
211
236
228
234
272
217
224
205
241
245
182
208
158
133
151
132
165
143
154
174
114
127
101
120
137
139
167
145
129
109
72
69
62
78
98
130
124
134
165
204
194
276
280
282
265
237
274
253
277
269
280
274
268
256
288
265
243
261
295
308
297
352
356
334
336
306
297
265
276
270
252
238
208
181
230
232
233
271
226
229
259
289
280
323
363
335
383
376
364
393
349
428
421
395
427
410
435
441
480
460
500
528
540
522
547
587
544
566
536
544
596
552
548
547
570
533
487
530
554
557
557
566
563
542
532
574
548
503
513
540
538
567
543
544
545
554
571
558
560
571
643
692
653
686
668
671
688
685
691
678
676
674
672
671
679
665
640
640
657
593
580
548
529
566
529
503
506
513
525
528
508
508
504
441
418
378
366
337
276
233
259
222
207
238
252
283
222
224
245
219
261
234
201
180
178
161
165
160
181
196
196
242
235
211
208
274
223
257
322
301
290
287
335
332
328
333
360
366
366
376
384
397
377
370
418
427
424
405
454
439
402
422
369
411
431
447
443
462
522
484
495
504
467
501
515
526
521
514
459
476
471
458
465
401
413
446
400
406
440
371
385
443
428
439
461
437
451
454
411
424
451
461
449
470
488
483
512
528
523
526
524
505
495
475
480
486
525
519
492
454
438
464
484
514
499
509
524
514
507
536
509
472
492
465
475
498
480
473
456
439
447
480
489
514
541
565
587
615
640
629
587
593
605
606
602
614
594
634
600
601
625
631
649
599
577
555
575
558
549
505
481
482
516
468
463
497
486
484
489
512
489
480
452
455
454
390
404
353
360
435
431
472
447
470
503
431
451
444
458
483
513
494
519
455
428
447
437
454
490
539
511
511
562
572
589
599
592
573
545
543
525
500
512
488
491
497
467
480
497
481
502
525
497
502
513
478
491
471
439
471
476
471
439
454
418
428
437
405
385
410
395
336
361
370
382
434
451
498
523
447
472
456
502
527
480
527
559
536
519
537
489
461
545
543
505
510
492
437
456
480
453
403
379
380
345
340
339
294
303
273
295
313
300
307
271
299
284
277
276
270
231
256
266
252
271
264
285
312
293
293
291
316
319
342
357
380
362
355
407
408
413
435
433
436
421
409
331
285
340
287
275
248
218
259
251
291
274
238
283
319
311
341
338
361
355
334
347
345
314
321
312
309
299
253
268
263
316
354
360
374
395
407
396
393
371
350
355
351
343
306
294
290
317
340
340
349
436
449
455
444
436
462
444
409
399
420
390
386
363
441
449
418
431
427
495
480
448
423
414
392
433
413
409
423
468
490
453
438
438
472
521
496
470
492
444
465
493
467
498
512
565
597
607
681
623
620
674
661
639
608
592
589
581
552
530
604
588
565
554
587
546
551
567
520
522
507
533
506
533
501
450
469
467
412
401
361
373
401
440
496
430
427
438
449
421
429
426
413
419
424
402
401
406
409
415
401
413
428
432
469
471
466
449
445
454
419
410
424
403
387
380
349
340
364
329
275
304
283
252
271
240
202
128
98
66
56
64
20
13
29
11
12
38
7
64
25
58
74
74
83
72
59
89
52
17
24
-1
25
-2
-15
10
42
16
5
-27
-51
-13
-59
-91
-77
-51
-30
-43
-55
-52
-47
-134
-91
-102
-107
-156
-157
-135
-161
-137
-141
-161
-184
-193
-209
-209
-215
-165
-155
-159
-165
-190
-186
-176
-216
-205
-139
-170
-173
-180
-172
-189
-203
-191
-155
-171
-218
-228
-229
-256
-224
-219
-226
-235
-268
-250
-237
-250
-240
-245
-268
-261
-279
-245
-271
-243
-292
-269
-283
-310
-302
-299
-335
-363
-325
-348
-395
-392
-418
-446
-428
-459
-416
-438
-456
-426
-447
-430
-378
-392
-392
-400
-428
-426
-407
-437
-486
-531
-609
-601
-590
-545
-502
-488
-475
-405
-433
-416
-387
-382
-381
-420
-398
-410
-376
-365
-355
-367
-404
-438
-472
-446
-481
-509
-486
-448
-461
-451
-468
-538
-536
-502
-509
-535
-541
-519
-530
-545
-478
-519
-520
-507
-533
-453
-487
-460
-402
-418
-422
-425
-443
-449
-401
-404
-391
-383
-357
-345
-368
-362
-330
-342
-362
-349
-393
-395
-383
-405
-414
-385
-397
-358
-376
-383
-405
-386
-355
-387
-376
-401
-382
-404
-432
-398
-383
-400
-373
-414
-417
-430
-423
-379
-354
-370
-417
-417
-410
-471
-487
-442
-424
-384
-396
-375
-424
-380
-367
-320
-346
-312
-291
-321
-317
-338
-369
-398
-356
-385
-369
-374
-348
-348
-365
-300
-298
-330
-289
-292
-295
-295
-293
-305
-244
-256
-225
-206
-197
-191
-207
-184
-188
-175
-226
-254
-289
-263
-318
-324
-304
-320
-288
-314
-282
-283
-246
-249
-296
-330
-388
-352
-377
-343
-304
-325
-281
-281
-250
-224
-269
-237
-238
-213
-238
-218
-174
-202
-226
-242
-213
-224
-211
-196
-178
-206
-238
-247
-251
-225
-220
-211
-256
-289
-278
-245
-183
-166
-183
-172
-164
-133
-97
-171
-185
-203
-225
-280
-236
-182
-191
-207
-166
-173
-198
-207
-234
-248
-261
-208
-224
-213
-227
-216
-201
-212
-189
-209
-233
-207
-247
-222
-220
-211
-193
-192
-171
-149
-134
-176
-169
-141
-120
-145
-106
-71
-89
-91
-166
-183
-132
-179
-172
-147
-184
-196
-195
-210
-217
-233
-262
-294
-282
-306
-334
-293
-347
-364
-356
-382
-363
-355
-310
-294
-257
-272
-240
-249
-257
-205
-224
-198
-227
-252
-214
-268
-279
-306
-248
-264
-291
-276
-292
-287
-271
-258
-267
-213
-245
-226
-238
-245
-282
-302
-278
-298
-329
-341
-331
-342
-332
-376
-373
-370
-341
-360
-376
-369
-353
-317
-382
-319
-296
-293
-301
-291
-259
-250
-264
-221
-217
-205
-166
-209
-209
-217
-192
-143
-165
-168
-242
-212
-213
-243
-247
-265
-247
-279
-249
-216
-219
-226
-206
-200
-185
-229
-210
-257
-230
-191
-201
-199
-222
-218
-233
-240
-218
-258
-273
-274
-262
-248
-250
-192
-237
-210
-183
-214
-197
-163
-166
-142
-129
-162
-173
-217
-204
-239
-216
-271
-346
-274
-256
-233
-183
-184
-200
-214
-227
-205
-221
-195
-181
-151
-128
-115
-125
-131
-110
-156
-138
-154
-205
-218
-183
-188
-231
-145
-150
-188
-173
-158
-174
-138
-139
-105
-145
-172
-110
-229
-247
-256
-276
-313
-316
-305
-271
-240
-237
-193
-225
-197
-172
-183
-169
-164
-148
-152
-133
-103
-75
-17
-5
-33
-41
-60
-95
-70
-122
-121
-145
-172
-111
-134
-138
-137
-112
-102
-110
-91
-144
-196
-184
-213
-229
-268
-253
-280
-275
-277
-200
-196
-219
-170
-129
-160
-146
-130
-101
-114
-105
-73
-136
-120
-110
-110
-96
-110
-91
-78
-95
-107
-117
-117
-119
-86
-82
-111
-137
-167
-125
-135
-187
-189
-181
-172
-202
-194
-195
-169
-148
-178
-174
-114
-142
-131
-138
-130
-150
-145
-122
-128
-111
-106
-70
-68
-75
-81
-95
-98
-105
-87
-55
-71
-52
-81
-74
-44
-25
-38
-21
6
-20
-19
-13
-36
-6
-8
1
6
-53
-14
-2
-29
-18
29
24
38
7
-38
0
-22
-58
-66
-97
-96
-128
-114
-88
-116
-94
-93
-93
-125
-136
-113
-183
-210
-177
-145
-168
-145
-158
-174
-99
-127
-108
-36
-44
-30
-35
-63
-65
-57
-24
29
23
-7
50
4
47
62
-11
21
28
10
-12
50
43
-13
-2
-29
13
6
8
44
41
90
79
49
50
57
47
67
11
16
69
38
62
137
152
154
132
127
166
135
146
173
174
95
127
115
81
81
88
87
118
122
94
143
135
153
171
156
136
209
197
91
92
125
114
153
140
121
136
117
119
143
143
154
203
233
225
244
238
250
252
257
326
326
281
291
266
293
331
313
336
331
333
343
363
347
343
308
349
362
357
396
411
411
416
403
397
382
362
377
344
310
329
331
361
365
356
412
357
411
440
457
456
445
476
480
443
448
458
462
482
461
493
500
476
476
469
474
516
513
522
510
513
495
512
503
481
472
482
490
510
505
500
471
529
545
520
522
511
544
566
520
496
477
500
486
441
466
436
475
420
375
423
434
424
440
441
464
458
494
472
488
481
444
468
484
504
485
487
496
516
555
514
511
556
534
571
576
554
626
576
560
546
475
464
455
443
483
448
406
402
389
419
414
437
467
514
531
506
544
511
496
536
529
509
530
545
551
573
561
579
488
452
503
505
556
527
559
579
564
544
535
503
455
480
438
456
458
414
388
413
401
394
411
471
474
463
495
458
518
520
494
474
434
498
485
452
482
495
498
531
553
504
553
549
548
557
486
477
455
474
474
450
463
484
469
505
494
468
497
494
428
391
413
404
419
391
410
396
359
360
344
355
377
367
424
411
417
402
384
373
351
366
351
371
388
449
414
432
403
403
397
416
410
390
390
341
314
323
354
367
426
432
360
306
392
315
248
273
235
277
240
278
254
226
202
199
213
204
242
237
286
213
239
249
226
254
270
293
306
356
402
377
402
451
440
433
413
441
501
478
454
460
437
442
479
476
481
499
471
465
442
434
426
414
365
361
337
319
291
266
245
259
265
273
297
268
257
276
272
245
181
177
180
188
227
192
260
303
301
306
308
345
312
359
340
315
350
350
360
373
399
431
449
474
494
509
531
470
459
476
431
393
405
438
438
461
430
411
393
380
383
308
350
292
267
290
251
277
282
303
315
366
415
421
443
478
481
500
542
496
523
497
492
544
576
587
558
564
538
543
584
598
559
603
608
605
582
534
530
543
517
508
567
539
496
472
496
483
453
472
457
487
505
485
447
429
453
497
511
497
513
559
544
535
522
511
527
524
551
573
550
567
565
546
524
579
598
548
582
584
611
596
582
534
536
542
531
553
581
606
640
618
573
640
606
573
516
507
504
541
511
547
576
560
581
616
616
608
650
632
659
652
616
648
642
637
624
585
544
540
555
548
536
548
579
562
582
595
601
567
618
580
572
594
592
579
570
500
471
513
522
541
546
511
530
564
524
494
512
537
476
506
578
587
572
618
629
595
562
608
636
557
554
579
589
579
628
642
618
657
646
647
634
661
668
658
686
711
653
592
589
552
552
542
581
575
598
625
624
609
618
592
575
563
594
571
573
548
543
527
538
579
555
591
586
624
633
624
647
631
626
609
609
632
589
604
609
576
590
570
528
533
539
559
589
581
626
624
587
607
605
570
584
571
544
531
566
497
448
461
433
402
395
390
462
480
409
445
438
417
403
421
394
427
421
416
405
388
446
438
394
425
409
400
422
426
409
375
444
444
473
550
512
518
526
475
491
473
437
429
421
401
393
345
331
378
361
380
365
381
388
383
369
356
311
327
343
320
324
261
289
241
241
219
244
289
240
313
263
262
281
305
305
322
315
284
303
288
313
298
290
264
274
280
263
200
206
258
207
211
172
161
180
159
225
236
207
223
245
247
267
218
199
196
134
117
133
125
129
179
164
174
186
226
190
169
155
142
170
164
231
237
221
206
209
204
199
201
206
255
242
231
204
241
245
231
224
202
204
220
228
214
205
232
228
192
154
118
122
134
127
122
155
179
181
181
171
190
180
164
181
155
189
196
183
167
174
136
194
205
207
198
162
199
170
232
211
209
251
215
207
195
183
176
197
183
216
204
240
251
205
226
224
210
168
172
132
153
153
171
182
184
173
184
196
169
218
196
139
126
166
186
160
114
131
140
143
178
160
172
155
160
143
82
142
142
119
105
125
118
92
128
92
94
117
117
111
147
118
87
85
55
92
65
101
94
64
73
124
103
80
77
102
122
106
138
100
90
90
96
120
124
116
179
136
181
215
177
152
175
175
154
145
201
201
198
260
211
264
280
266
237
265
285
281
254
211
249
239
224
218
215
176
175
194
194
229
222
202
139
110
142
114
82
133
155
120
133
101
128
196
187
162
185
197
225
227
233
277
337
276
278
324
336
386
374
355
317
326
329
348
326
314
334
296
295
284
301
236
243
225
208
244
267
256
225
194
217
158
119
142
125
157
169
172
181
182
173
175
185
189
138
177
170
150
147
90
121
129
128
143
146
143
133
150
146
121
133
126
149
156
207
181
181
149
169
176
195
184
158
186
160
155
128
122
104
143
154
101
137
184
196
185
180
220
189
143
132
128
132
142
166
168
185
170
164
143
142
155
151
136
141
131
102
111
139
152
127
154
129
138
109
87
131
139
156
150
166
161
130
127
119
140
144
151
156
141
214
215
241
207
232
248
215
226
210
220
185
187
148
203
196
190
184
163
194
191
257
244
210
225
193
207
227
203
178
132
95
108
97
154
143
162
160
131
183
196
247
248
255
237
181
215
192
153
135
119
105
98
87
61
107
109
88
106
102
152
155
140
174
165
204
192
215
230
206
226
233
219
188
254
238
215
239
251
313
275
335
326
311
310
352
359
373
378
364
419
366
378
362
380
395
352
398
443
417
403
381
359
346
308
300
323
324
387
361
364
354
344
312
292
289
281
299
296
240
279
292
242
290
261
289
303
317
340
319
307
270
303
367
343
304
320
336
343
355
370
308
271
333
293
322
278
286
304
233
270
262
271
287
261
261
275
236
223
228
192
223
190
148
145
139
132
103
115
84
50
75
101
122
115
95
68
112
115
85
102
92
85
78
55
14
-4
-35
-38
-79
-96
-116
-87
-58
-102
-93
-67
-53
-28
-21
-8
29
6
9
-30
2
15
-11
-32
-69
-72
-58
-63
-40
-20
-3
21
40
28
22
-22
-43
-37
-90
-78
-118
-115
-133
-168
-190
-112
-126
-162
-160
-134
-143
-178
-151
-217
-228
-250
-252
-274
-233
-197
-203
-214
-188
-217
-218
-249
-274
-215
-259
-235
-250
-205
-232
-211
-226
-219
-146
-192
-213
-215
-196
-207
-212
-228
-243
-290
-327
-319
-334
-320
-341
-382
-362
-336
-346
-309
-301
-306
-283
-308
-351
-319
-309
-349
-322
-323
-299
-359
-365
-355
-325
-248
-270
-278
-250
-242
-178
-177
-197
-204
-169
-121
-81
-99
-126
-104
-89
-74
-132
-126
-84
-105
-83
-89
-65
-57
-107
-79
-89
-139
-108
-68
-32
-86
-114
-78
-111
-129
-130
-196
-178
-153
-122
-73
-113
-99
-95
-100
-103
-88
-142
-68
-102
-109
-84
-91
-81
-102
-95
-107
-99
-105
-88
-59
-39
-24
-28
-78
-108
-171
-182
-188
-214
-202
-217
-242
-279
-247
-263
-273
-289
-255
-274
-338
-381
-383
-361
-384
-386
-482
-453
-459
-478
-514
-573
-547
-535
-545
-534
-535
-493
-485
-503
-520
-511
-465
-463
-439
-473
-515
-498
-514
-484
-485
-484
-434
-405
-378
-376
-350
-333
-285
-263
-241
-252
-245
-179
-157
-143
-101
-80
-85
-68
-86
-108
-97
-94
-97
-70
-71
-47
-58
-15
-59
-46
-42
-77
-47
-79
-84
-79
-27
-56
-44
-41
-81
-66
-69
-59
-87
-35
-15
11
31
6
13
48
83
50
60
97
82
48
27
29
23
53
79
50
40
73
100
94
117
105
114
122
105
87
112
108
53
21
11
62
19
17
10
53
34
60
26
-4
52
13
90
24
20
12
-31
-28
30
52
17
32
17
-12
-11
-46
-36
-32
-72
-106
-123
-101
-103
-56
-70
-29
0
-44
-62
-64
5
-31
-12
-49
-90
-47
-63
-56
-27
-23
3
0
-25
-30
11
-8
8
-11
-48
-26
-6
-28
-1
19
25
83
52
21
54
33
19
-30
-46
20
21
8
-7
35
47
60
72
24
104
136
183
208
229
259
245
253
216
239
243
263
225
267
265
199
178
161
167
190
161
179
161
164
174
133
168
119
158
188
183
215
200
197
244
211
158
212
246
212
156
213
194
198
210
207
211
225
234
239
293
273
256
257
286
279
227
249
257
237
207
158
190
167
165
166
139
159
104
141
153
184
218
227
243
204
248
278
262
237
258
207
182
164
196
202
220
221
208
186
211
246
198
154
194
198
199
201
179
174
140
117
81
106
116
95
149
139
157
175
188
183
172
213
233
246
259
234
211
205
174
183
198
233
250
237
253
259
249
266
281
277
312
294
300
284
259
286
218
184
207
161
140
114
152
164
141
177
186
218
159
169
162
156
171
151
153
175
199
175
183
177
192
218
180
121
108
132
177
162
171
197
159
199
169
158
192
158
140
146
140
112
89
36
68
57
1
23
34
31
66
61
50
41
31
44
-13
-41
-29
-27
21
-14
-2
-8
2
55
45
15
-3
59
41
-19
19
-27
-11
-12
-65
-69
-85
-95
-104
-135
-186
-142
-157
-207
-197
-205
-214
-194
-179
-216
-243
-186
-177
-213
-194
-213
-254
-256
-296
-267
-269
-236
-261
-291
-191
-228
-189
-156
-143
-157
-156
-176
-149
-139
-155
-155
-170
-136
-98
-65
-57
-61
20
37
14
29
30
43
49
48
96
97
37
33
14
1
2
-9
-19
7
4
40
46
38
77
100
109
95
76
49
63
30
9
42
21
4
29
76
86
71
78
80
57
66
46
73
64
78
119
112
134
144
198
156
158
197
189
137
122
140
110
110
118
130
161
183
184
166
126
131
132
105
106
138
105
83
105
139
155
78
98
99
99
63
60
103
103
79
84
80
71
60
13
8
-27
-3
-15
-28
-31
-35
-31
-30
-69
-52
-22
-48
-30
-77
-93
-85
-79
-79
-97
-117
-97
-109
-128
-114
-104
-93
-103
-86
-115
-124
-67
-101
-120
-115
-138
-132
-112
-87
-51
-87
-116
-97
-110
-167
-146
-171
-197
-212
-213
-177
-205
-178
-138
-117
-164
-179
-206
-181
-201
-170
-191
-163
-143
-149
-163
-178
-162
-170
-158
-175
-149
-149
-180
-226
-176
-202
-179
-154
-164
-158
-195
-159
-155
-184
-197
-195
-170
-192
-175
-195
-263
-278
-326
-354
-348
-275
-306
-304
-252
-254
-250
-261
-226
-218
-207
-203
-241
-231
-284
-298
-308
-364
-350
-379
-427
-374
-292
-304
-307
-318
-364
-301
-304
-358
-334
-335
-342
-331
-356
-360
-359
-314
-315
-376
-356
-331
-330
-331
-338
-342
-333
-327
-316
-346
-329
-330
-291
-270
-238
-233
-222
-228
-237
-269
-298
-311
-340
-343
-364
-331
-359
-351
-325
-315
-321
-349
-350
-353
-364
-343
-340
-327
-345
-346
-279
-294
-335
-342
-312
-301
-293
-327
-337
-330
-305
-301
-259
-230
-241
-285
-282
-300
-306
-306
-290
-287
-292
-285
-261
-274
-254
-251
-250
-235
-255
-252
-207
-223
-278
-262
-279
-225
-233
-212
-195
-221
-201
-237
-257
-273
-299
-334
-305
-317
-360
-332
-315
-285
-305
-352
-336
-379
-394
-396
-382
-390
-419
-426
-441
-414
-354
-329
-327
-318
-314
-371
-387
-300
-305
-317
-268
-268
-240
-193
-181
-187
-219
-178
-242
-270
-231
-258
-234
-254
-282
-252
-282
-257
-234
-285
-310
-269
-248
-318
-282
-255
-286
-286
-278
-343
-338
-377
-381
-367
-392
-414
-400
-378
-347
-350
-333
-308
-325
-317
-330
-267
-292
-286
-306
-324
-333
-335
-323
-371
-363
-372
-385
-406
-406
-415
-406
-417
-404
-368
-374
-335
-351
-363
-372
-386
-417
-384
-384
-393
-390
-436
-432
-459
-439
-417
-431
-433
-432
-400
-411
-469
-465
-491
-511
-503
-482
-504
-463
-453
-475
-451
-486
-505
-480
-510
-509
-471
-467
-486
-497
-476
-428
-437
-458
-422
-423
-477
-490
-486
-563
-545
-543
-572
-532
-530
-562
-558
-563
-558
-603
-572
-545
-557
-571
-547
-558
-588
-600
-650
-652
-673
-671
-645
-668
-658
-609
-625
-551
-559
-608
-584
-571
-570
-558
-587
-572
-542
-579
-600
-582
-570
-573
-572
-533
-543
-588
-615
-584
-574
-569
-524
-578
-588
-656
-644
-680
-712
-696
-748
-743
-717
-707
-686
-689
-725
-711
-669
-653
-686
-724
-712
-738
-788
-801
-737
-745
-743
-734
-726
-748
-737
-708
-647
-661
-737
-733
-756
-706
-732
-753
-752
-711
-701
-745
-751
-731
-761
-784
-748
-780
-785
-773
-824
-827
-848
-849
-863
-889
-813
-855
-864
-847
-872
-836
-877
-865
-859
-834
-829
-840
-834
-798
-819
-878
-898
-900
-890
-951
-930
-950
-907
-887
-926
-898
-864
-864
-868
-819
-848
-842
-839
-849
-863
-891
-897
-891
-948
-932
-904
-942
-930
-891
-935
-924
-910
-890
-871
-905
-892
-878
-854
-867
-851
-837
-830
-804
-818
-810
-799
-756
-757
-777
-726
-721
-723
-689
-684
-694
-662
-679
-678
-678
-677
-676
-665
-714
-688
-733
-798
-707
-721
-719
-724
-716
-715
-732
-706
-689
-685
-670
-711
-724
-692
-746
-740
-693
-677
-728
-706
-706
-677
-615
-614
-599
-626
-600
-631
-617
-595
-618
-624
-628
-600
-620
-612
-610
-615
-580
-603
-599
-602
-626
-636
-662
-629
-623
-654
-640
-599
-631
-647
-669
-684
-664
-614
-616
-629
-611
-649
-628
-646
-629
-623
-665
-661
-609
-598
-621
-651
-663
-641
-632
-642
-690
-715
-701
-746
-743
-698
-704
-718
-702
-703
-738
-711
-725
-723
-675
-681
-704
-704
-751
-727
-710
-683
-756
-755
-748
-759
-756
-769
-722
-715
-735
-695
-657
-652
-678
-707
-674
-675
-664
-708
-711
-737
-742
-762
-743
-744
-750
-732
-741
-746
-736
-684
-679
-647
-673
-651
-635
-672
-629
-683
-660
-609
-636
-638
-651
-592
-582
-569
-613
-578
-586
-612
-589
-671
-626
-608
-636
-646
-634
-631
-645
-616
-695
-659
-613
-630
-606
-543
-508
-526
-550
-562
-557
-604
-643
-680
-650
-662
-678
-677
-669
-684
-767
-747
-760
-729
-673
-659
-662
-662
-613
-631
-631
-581
-601
-598
-591
-593
-625
-640
-637
-594
-607
-618
-538
-497
-502
-467
-373
-403
-434
-442
-428
-430
-427
-463
-455
-448
-510
-478
-532
-552
-513
-583
-611
-573
-581
-590
-568
-579
-573
-594
-629
-618
-627
-666
-699
-720
-707
-686
-711
-699
-705
-660
-647
-631
-655
-657
-594
-627
-630
-612
-618
-593
-565
-543
-543
-551
-574
-590
-602
-568
-569
-559
-530
-553
-498
-553
-558
-549
-570
-546
-581
-564
-604
-600
-600
-617
-651
-667
-673
-689
-673
-680
-671
-643
-654
-660
-657
-645
-672
-713
-727
-717
-750
-695
-696
-688
-663
-667
-635
-652
-636
-669
-673
-705
-668
-694
-697
-703
-697
-694
-655
-596
-594
-592
-584
-583
-572
-556
-522
-496
-499
-510
-485
-496
-517
-546
-578
-556
-587
-576
-591
-604
-597
-659
-687
-678
-655
-609
-567
-549
-539
-553
-585
-607
-598
-596
-595
-616
-615
-570
-585
-578
-621
-641
-640
-588
-558
-611
-550
-573
-541
-541
-529
-525
-545
-558
-558
-538
-543
-536
-517
-556
-528
-515
-537
-506
-499
-484
-512
-521
-508
-514
-489
-464
-454
-428
-405
-444
-495
-463
-450
-414
-445
-482
-479
-437
-454
-472
-480
-494
-485
-506
-549
-554
-545
-493
-448
-451
-390
-406
-410
-423
-396
-409
-432
-453
-518
-498
-439
-393
-448
-413
-403
-457
-471
-446
-426
-411
-360
-341
-294
-375
-437
-384
-386
-413
-436
-436
-486
-531
-524
-526
-509
-503
-499
-492
-477
-548
-526
-527
-508
-516
-524
-540
-580
-636
-611
-559
-575
-591
-603
-584
-532
-529
-553
-545
-482
-451
-383
-407
-471
-525
-478
-383
-387
-379
-432
-411
-424
-412
-464
-463
-459
-478
-476
-456
-480
-542
-517
-426
-397
-438
-451
-546
-497
-440
-432
-418
-405
-458
-522
-499
-558
-551
-523
-403
-360
-408
-399
-458
-557
-532
-419
-401
-369
-376
-422
-432
-482
-530
-452
-330
-282
-397
-486
-506
-536
-526
-468
-345
-371
-408
-412
-366
-392
-451
-312
-280
-351
-389
-470
-491
-429
-443
-449
-443
-570
-579
-531
-513
-522
-463
-404
-366
-385
-431
-503
-429
-292
-295
-223
-193
-290
-348
-341
-322
-305
-258
-229
-289
-268
-286
-338
-280
-259
-325
-274
-175
-208
-316
-300
-266
-272
-254
-324
-300
-180
-83
-138
-206
-202
-206
-146
-108
-82
-113
-186
-134
-63
-130
-200
-203
-203
-107
-42
-125
-259
-240
-145
-261
-228
-178
-259
-263
-253
-258
-228
-236
-304
-236
-216
-213
-206
-163
-103
-61
-236
-203
-84
-150
-143
-6
-109
-128
8
-29
-121
-188
-132
-160
-122
-29
-91
-50
-68
-190
-193
-117
-191
-218
-88
-98
-248
-298
-160
-259
-324
-219
-228
-291
-308
-271
-302
-295
-221
-152
-207
-287
-355
-246
-84
-217
-342
-288
-141
-179
-301
-214
-166
-310
-404
-240
-225
-358
-409
-296
-180
-192
-299
-340
-279
-314
-235
-194
-173
-382
-505
-328
-252
-340
-392
-298
-370
-463
-273
-262
-342
-320
-306
-343
-291
-349
-399
-291
-393
-456
-283
-153
-513
-423
-238
-344
-267
-291
-525
-406
-217
-413
-288
-212
-358
-410
-288
-369
-426
-268
-275
-247
-91
-191
-336
-149
-169
-335
-93
-94
-437
-261
-122
-264
-78
93
-223
-311
-46
-26
-80
-75
-25
-104
4
20
-248
-206
-96
-96
-98
134
185
-85
-214
-49
178
78
298
413
105
99
347
277
194
544
443
293
528
553
236
371
608
426
501
600
618
418
430
562
578
854
837
458
470
715
652
718
987
896
656
701
837
658
680
982
891
846
1107
927
540
839
849
810
1098
962
808
855
819
727
871
786
656
796
826
803
641
527
681
907
891
692
746
696
631
694
840
855
503
472
812
806
374
558
843
751
676
532
262
514
678
549
842
715
377
325
737
609
377
689
530
487
534
375
307
513
194
156
807
526
13
276
504
-23
434
851
108
139
575
307
136
717
457
103
718
645
187
626
692
235
672
1038
466
474
779
466
474
912
743
485
705
359
490
623
414
477
358
542
685
592
264
278
568
478
505
715
452
75
779
857
209
603
482
208
535
730
102
328
776
276
357
655
306
147
584
509
387
596
337
371
365
216
342
400
463
197
302
212
422
579
154
181
509
314
250
605
53
342
608
129
351
619
31
263
701
462
438
425
106
596
771
312
308
693
315
374
618
304
477
533
385
389
1023
310
453
505
555
517
659
596
526
724
394
729
576
484
305
785
604
910
561
348
557
310
562
769
916
249
488
752
598
377
777
557
257
855
570
415
576
606
85
519
1095
298
224
752
341
262
602
658
423
313
479
282
334
549
158
128
791
465
180
543
505
127
210
1057
596
312
526
405
372
763
996
254
354
718
657
509
746
278
540
1016
852
642
488
644
427
723
850
734
465
762
470
729
768
721
737
758
828
809
1060
384
776
784
444
980
1183
441
718
965
371
1035
889
171
903
1069
591
498
857
677
566
782
879
1027
375
898
892
818
751
899
921
684
1119
599
558
774
786
299
1093
1203
163
922
948
458
684
1073
746
825
1268
647
688
1139
639
481
1121
946
513
1274
707
-61
1159
1208
435
695
1174
243
839
1240
460
889
831
551
386
1323
524
168
964
723
501
922
828
-17
904
958
522
1129
983
-49
528
1175
775
615
609
515
593
948
751
526
733
810
772
1166
519
572
924
658
1028
878
600
588
797
454
678
1157
331
558
800
517
456
1129
320
616
1177
-73
789
900
42
463
1139
540
102
1105
279
277
1237
438
79
1031
607
-375
1405
405
-47
1149
1037
-59
427
1044
-149
877
623
315
373
638
243
534
497
563
567
507
620
134
385
748
462
468
661
284
427
256
40
617
367
-268
746
562
-657
489
415
-464
740
485
-301
0
718
-370
-361
669
55
-33
184
150
-335
263
-34
-112
567
-87
118
96
77
-62
-255
82
399
365
-622
112
-2
-187
381
-184
67
409
-372
-23
369
129
-79
-187
288
269
-281
-381
-165
104
-42
-6
193
-839
-468
141
-405
113
246
-395
-320
107
-477
-226
125
-487
-105
587
-371
-253
-24
-859
262
111
-121
8
-182
-366
-430
433
-102
-880
293
67
-574
331
-111
-604
-22
-139
-301
660
-591
-932
673
-214
-585
555
24
-643
314
-360
130
27
-783
-120
51
95
-298
-514
-386
-482
-472
354
-393
-94
-633
-923
543
-306
-857
288
-313
-934
509
-538
-177
-283
-954
219
484
-62
-951
-348
385
-514
170
321
-1084
-289
800
-76
-207
345
-941
99
680
176
-284
-272
104
132
561
-272
318
-456
59
870
482
-255
-355
184
261
705
211
-156
-287
586
205
103
804
-594
-54
1160
-291
439
620
-681
233
1538
-88
227
486
211
382
673
429
-172
441
45
478
192
864
-442
44
802
430
338
30
525
37
390
241
499
61
711
-87
-97
1078
-24
38
257
291
382
451
600
137
78
211
392
706
299
107
366
-27
88
681
-291
-195
749
-45
-246
793
158
-1315
892
724
-500
746
260
-711
225
1114
-525
-150
691
-205
-552
1078
48
-877
581
-143
41
534
-80
-349
66
99
144
-114
251
-45
-315
210
281
-126
-406
30
83
51
-192
-65
-305
21
193
-58
-106
-237
-214
87
340
-311
-429
-21
4
291
-278
-187
49
-301
-156
544
-218
-643
451
-166
-26
102
-150
-525
372
100
107
-106
-152
180
56
332
-399
200
-587
713
56
-604
156
-175
-35
-368
157
-203
125
-225
-252
-85
-130
-135
-281
392
-530
-256
-93
-203
141
-545
163
159
-209
-356
268
-31
-120
-49
-23
422
-453
-382
3
276
-232
154
-120
-117
-171
-221
323
-405
-31
-234
260
501
-671
-305
433
50
-161
365
-116
-638
269
143
-248
-100
166
-360
-304
594
-507
-48
230
32
-76
312
-61
-668
106
196
-16
-45
181
-480
92
288
85
-260
95
30
-35
585
-263
-254
-187
35
203
467
-693
-79
507
-543
370
26
-384
-356
539
-216
-423
257
-75
-236
56
110
-119
45
47
-147
-286
160
59
-3
-72
62
-521
184
30
-447
-117
-79
-75
-175
-22
-339
214
-334
53
297
34
-303
-224
176
15
16
-137
-134
-114
-102
-536
584
41
-485
123
14
297
-282
-124
128
41
-300
322
260
4
-384
-68
235
484
-253
-450
11
489
-88
-339
581
-150
-543
741
114
-464
659
-592
63
387
-9
-217
103
-41
328
94
-242
163
-43
281
-238
676
-536
-65
369
-324
178
241
-261
-286
1026
-614
-255
273
202
-362
532
620
-1025
233
587
55
-92
230
-527
561
314
130
-463
70
70
571
19
-133
194
-863
869
134
272
-619
828
-510
617
95
-637
168
70
755
-346
894
-787
-175
467
708
-502
269
296
-541
718
202
-152
-161
536
125
136
599
-339
87
-39
805
412
-106
61
-222
753
85
425
-269
371
-70
115
614
-282
24
129
668
118
316
97
-318
425
330
246
35
115
-164
143
542
270
96
-57
452
-179
621
-244
438
-171
298
447
155
-65
16
390
-473
977
-97
186
-386
212
-93
67
420
-325
45
181
469
-307
283
-256
81
120
456
478
-487
158
332
279
-230
761
84
-140
917
-29
186
307
347
32
696
272
-237
341
501
347
-210
669
50
-149
560
104
-74
573
223
133
457
304
-27
-186
282
339
284
201
-281
-178
456
567
-604
88
422
53
213
149
-16
-296
854
-54
60
260
-44
231
463
118
-210
594
19
-119
68
107
162
-62
265
434
184
-62
-221
364
392
210
54
448
-40
362
169
-29
462
-55
291
516
19
-39
341
109
299
110
82
692
125
16
138
426
152
290
518
-106
-122
312
486
-256
771
104
-556
710
230
-296
691
136
-528
1071
146
-189
-99
-65
8
684
633
-788
223
287
-94
150
679
-522
155
592
-35
260
-249
216
198
466
104
246
-37
75
615
167
-67
357
113
2
53
296
75
-181
599
-122
-70
350
242
-346
536
-90
205
318
-466
47
58
204
-87
214
-101
-276
220
466
-400
-222
2
703
275
-37
-152
145
-11
575
212
-54
196
-143
-48
466
815
-1066
516
827
-129
-180
792
-268
245
756
-172
374
-201
568
-524
368
674
-305
454
-140
-408
286
253
91
174
-479
276
496
-643
18
-154
278
-91
164
302
-519
-60
483
-212
159
176
-592
662
294
-1016
578
357
-759
872
209
-407
-201
475
643
-725
-32
242
-147
456
61
-853
553
419
-424
160
234
-332
-565
608
-260
-39
480
-587
-169
715
-932
-118
880
-946
339
664
-652
-347
601
-816
217
1371
-808
-242
440
-270
91
992
-420
-601
967
-126
154
430
-439
-137
500
225
-291
366
-126
-43
122
466
-131
96
-398
17
516
194
-168
-94
134
-422
503
238
52
-567
225
589
-343
-43
146
-604
99
583
-66
-267
56
186
79
310
171
-579
-109
692
438
-181
-107
375
-372
-128
878
94
-1307
915
216
-238
462
-7
-897
34
1483
-565
-455
684
-173
-426
866
554
-791
73
151
234
398
-438
-207
-25
751
-503
222
-205
134
-58
96
871
-302
133
-117
-8
359
429
-254
-136
78
-173
359
-2
-439
6
-283
404
281
-174
-502
-41
411
-236
255
-59
-289
-180
409
370
-45
-237
339
-214
-267
728
-226
-79
335
-493
444
462
-175
70
-145
403
521
-450
575
160
-674
854
-43
-236
214
-59
66
217
181
-184
156
346
-655
788
378
-669
-78
783
-14
-441
586
238
-188
127
581
-393
302
228
808
-512
553
1
27
596
-377
411
-90
1021
-533
-139
164
208
226
443
291
-853
992
-92
241
118
154
-73
264
747
-361
237
193
46
110
1075
-739
-244
648
15
460
234
-564
102
774
-378
800
-246
-534
595
675
-400
-321
126
-40
493
172
-431
-168
699
-478
-237
845
-700
-14
114
-365
517
-70
-694
136
959
-1007
314
216
42
277
-198
402
56
70
-118
425
-292
1
-314
140
490
222
-1100
-135
894
-284
-369
661
-908
-486
1071
-151
-472
83
-432
-249
1100
-465
-582
96
165
62
513
-85
-304
-501
113
991
-270
-210
287
185
-86
655
144
-713
-297
1002
268
139
20
-371
-16
724
326
-456
-250
193
141
58
236
-364
-576
234
346
-365
113
-342
295
461
-558
-284
170
-414
-551
742
-1004
60
140
-908
-193
410
-843
-661
919
-16
-870
174
666
-1221
468
81
-104
72
-61
115
-312
-163
86
176
-188
316
-694
97
89
102
-281
-470
757
-315
-505
-26
209
-617
187
351
-326
-416
-312
447
-341
34
-394
-50
277
-366
-609
221
-43
-820
509
-190
-399
-27
78
-622
-86
148
-423
295
-528
-676
223
250
-97
-239
-442
263
30
-573
365
30
-497
236
-90
86
-407
124
-400
-286
866
-452
-311
-504
-144
415
156
-196
-515
-121
15
26
-564
270
-314
-165
77
-68
-200
-792
493
-328
61
86
-636
-65
65
-594
271
283
-406
335
-228
-301
-64
374
-470
553
126
-1083
303
619
-322
-480
839
-286
244
136
-81
7
-406
457
400
-112
99
-76
-563
239
350
240
-597
323
580
-639
-205
475
-435
162
433
-379
63
-191
-299
189
-152
34
180
-32
31
-450
-148
39
232
-11
-133
-17
-93
293
-325
52
323
-430
139
171
-33
-182
400
-117
-263
717
-271
605
-512
-91
68
651
496
-871
382
-150
-246
205
243
-835
439
78
36
453
-559
-241
544
175
-126
250
-357
172
262
-7
-449
720
-245
-283
501
-209
-425
298
630
-694
-92
640
-282
13
529
-406
-318
637
125
-137
103
-102
127
5
419
131
-223
200
341
7
-62
-82
-207
290
13
626
-135
-821
683
212
-73
-255
397
-703
354
389
49
-453
-346
310
-22
419
-752
15
5
623
-470
-297
-16
-117
81
412
-363
-432
239
-239
128
191
-80
-614
703
178
-667
216
190
-552
503
483
-795
-451
335
-109
339
-574
-418
374
-157
-363
-198
595
-476
-155
630
-105
-282
336
-684
282
721
-652
-37
103
-446
-264
678
136
-666
-198
245
452
-128
-916
-39
798
-395
-708
810
-232
-906
133
870
-313
-755
218
-488
426
250
-250
-462
642
306
-397
280
-174
-360
381
665
-262
-59
-126
226
420
359
-35
67
450
507
-395
398
698
-743
234
887
-41
-572
729
-246
-297
560
214
-487
-103
37
32
260
-326
272
-617
188
398
-453
338
-384
-343
737
97
-228
-212
-53
473
8
482
321
-869
-193
1461
-279
145
308
-788
1010
805
-657
-142
815
-353
193
736
62
-633
-59
760
37
471
-602
-476
941
-217
-44
373
-300
-67
112
62
271
-136
-734
161
819
-111
-796
188
149
-280
319
285
146
-566
-317
418
264
175
-455
160
725
-314
-123
798
-226
42
672
236
136
-21
88
-126
283
778
-187
41
202
-145
440
81
-328
390
467
-259
49
-424
482
271
441
-107
26
199
305
-104
-127
427
-93
469
-82
-162
102
129
-237
753
-58
35
605
-769
-25
660
-59
-161
672
115
-434
690
121
-239
597
325
-301
449
520
-514
368
37
753
162
-510
153
334
51
123
376
-375
453
325
198
-341
215
55
36
1027
-260
-578
370
319
-241
832
-287
-337
652
-11
249
52
47
-83
510
268
-35
418
-42
-121
569
641
-402
-152
632
512
-201
378
262
-53
903
55
-366
382
360
428
175
378
-365
-460
903
425
-229
31
-118
84
391
56
-627
601
134
14
1003
-133
30
52
19
295
1187
-478
24
684
-240
611
562
-325
-605
1370
32
-107
1146
-796
-470
1353
635
-538
429
-240
-69
1438
-331
-856
828
574
-258
676
270
-672
363
490
540
-11
-318
429
473
598
145
-3
229
674
11
122
657
-177
131
535
921
-256
-288
499
121
300
519
287
-355
304
400
198
214
-476
381
694
4
57
-413
180
583
-251
231
541
33
-440
243
976
460
-383
322
294
-266
677
51
131
643
145
-255
449
324
-615
492
1030
94
-112
351
-26
261
484
440
76
234
360
-453
412
334
55
480
92
-222
-97
442
11
309
118
340
16
-336
461
81
93
292
509
40
26
-504
240
754
-30
228
40
213
321
104
557
245
157
457
595
199
22
371
773
177
64
1091
43
8
323
409
589
640
118
-173
600
462
92
386
696
-216
48
1130
119
-275
415
225
317
935
-223
-366
911
321
-17
463
324
-449
599
1035
-183
37
293
-438
731
933
-328
305
546
-589
934
1020
-655
206
507
211
750
872
-559
100
571
21
727
498
-396
-193
970
408
-228
471
-420
55
840
87
62
378
-162
260
951
-248
368
379
52
320
551
356
104
211
-33
28
984
1127
-447
-233
447
556
616
419
-436
67
783
735
598
59
-314
138
930
993
377
-458
-152
615
957
366
-37
-148
-36
475
761
243
-573
198
373
20
468
59
-373
284
505
56
142
164
-122
-200
444
413
393
9
-503
27
343
399
310
318
-326
188
833
246
1
441
20
341
1109
125
-521
493
611
162
688
249
-96
389
575
658
564
364
189
319
751
433
493
548
565
681
506
458
586
843
590
860
803
365
363
736
907
501
575
661
926
546
199
703
760
452
609
506
270
189
307
568
373
-7
-206
-67
253
-21
-456
-162
-411
-509
-229
-187
-577
-1107
-616
-240
-464
-736
-961
-1095
-667
-705
-821
-970
-1211
-1033
-864
-717
-940
-803
-992
-1051
-627
-369
-410
-567
-689
-277
297
435
277
343
696
1009
1463
1468
1260
1330
1781
2135
2265
1964
2084
2482
2503
2385
2426
2282
2203
2509
2475
2078
1984
1770
1536
1711
1431
859
864
885
480
744
185
-421
-114
32
-682
-1095
-573
-1114
-858
-944
-1452
-1700
-1427
-1746
-1593
-794
-2330
-2374
-1726
-1733
-2270
-2169
-2370
-2914
-2531
-2133
-1504
-1697
-2953
-3924
-2482
-959
-1187
-1927
-2286
-1673
-345
282
-320
-802
-403
961
2059
1624
512
613
1658
2403
2541
2284
1772
1657
2079
2644
2993
2541
1881
1653
2121
2353
1948
1546
1318
1527
1930
1723
627
36
337
1120
1331
738
34
-304
204
626
339
190
372
216
599
824
234
109
724
1025
866
806
514
516
825
951
780
1002
431
-111
668
594
-240
-161
219
-301
-461
-738
-1315
-1333
-1426
-1922
-1611
-1828
-3170
-3179
-2950
-2707
-2026
-2056
-3866
-5218
-4140
-1925
-913
-2400
-4159
-3207
-845
-662
-1628
-1704
-722
536
1167
993
43
61
1186
2374
2820
2199
1681
1820
2184
2591
3469
3514
2500
1667
2022
2763
2625
2018
1451
1759
1938
1382
821
513
666
1071
1266
717
-270
-298
460
958
650
249
255
323
686
1038
991
926
1030
1211
1511
1605
1114
1150
1807
1967
1830
1661
1207
1068
1299
1414
1486
1014
221
102
410
324
-247
-624
-1361
-1344
-1164
-1672
-2140
-2769
-3072
-2813
-2857
-3729
-4475
-3980
-2745
-2506
-4069
-5624
-5148
-2820
-1815
-3060
-4038
-3547
-1795
-1010
-1516
-1869
-1221
79
939
897
213
289
1434
2429
2698
2482
2086
2111
2371
3028
3726
3695
2852
2225
2418
2994
3050
2500
2072
2225
2286
2029
1566
966
1104
1636
1583
1019
272
287
849
1146
859
561
482
476
796
1063
1038
764
1028
1412
1208
1192
1203
1172
1553
1892
1559
1137
1097
1132
1488
1455
830
165
340
599
103
-507
-934
-1003
-851
-1472
-2176
-2530
-2741
-2584
-2898
-3723
-4315
-4520
-4227
-3043
-2983
-4522
-5887
-5516
-3385
-1881
-2938
-4587
-4249
-2133
-958
-1523
-2303
-1739
35
1373
1304
436
265
1286
2742
3307
2998
2280
2350
3166
3890
4312
4137
3554
3150
3305
3791
3911
3466
2837
2776
3287
3163
2426
1572
1595
2123
2288
1686
810
515
706
1098
1142
711
273
203
468
742
666
367
291
382
403
458
548
682
528
615
824
641
402
467
574
534
348
180
83
-273
-493
-447
-431
-844
-1413
-1608
-1729
-2031
-2204
-2692
-3276
-3470
-3683
-4095
-3952
-3297
-3279
-4486
-5679
-5176
-3060
-1971
-3630
-4928
-3871
-1856
-1311
-2287
-2526
-1316
100
635
251
-218
73
1492
2596
2455
1887
1596
2429
3041
3339
3676
3566
3233
2806
3073
3580
3647
3318
2975
2984
2958
2753
2316
1988
2033
2221
2109
1471
910
943
1239
1345
940
548
456
597
670
588
547
218
111
273
321
114
-155
4
179
207
22
-314
-330
-298
-346
-282
-425
-933
-1169
-1072
-1174
-1180
-1468
-1946
-2057
-2363
-2679
-2699
-2796
-3400
-3802
-3912
-3927
-3179
-2894
-4032
-5531
-5439
-3368
-1732
-2872
-4839
-4563
-2571
-1062
-1674
-2799
-2293
-688
424
250
-411
-600
450
2017
2367
1646
1045
1445
2626
3152
3233
3159
2852
2691
2831
3329
3522
3218
2821
2768
2985
2874
2492
1896
1798
2135
2303
1693
667
551
1145
1428
904
201
32
275
561
561
311
-31
-97
271
482
271
-117
33
344
356
155
-93
-92
-16
29
116
-86
-617
-851
-512
-359
-737
-1261
-1570
-1710
-1687
-1711
-2220
-2806
-3109
-3175
-3307
-3829
-4594
-4696
-3548
-2861
-4082
-6103
-6441
-4326
-2075
-2658
-4969
-5425
-3460
-1609
-1677
-2822
-2787
-1225
145
314
-366
-677
173
1803
2480
1854
1133
1310
2385
3259
3592
3371
2819
2423
2680
3427
3718
3297
2605
2669
3057
3037
2705
1911
1610
2109
2549
2040
842
373
1032
1742
1315
317
-173
128
732
888
496
-177
-376
86
492
323
-198
-212
180
325
0
-301
-241
-194
-114
-173
-360
-650
-855
-739
-641
-904
-1452
-1723
-1755
-2138
-2301
-2356
-2696
-3328
-3793
-3960
-4008
-4277
-4644
-3921
-3286
-4559
-6347
-6033
-3702
-1946
-3215
-5284
-5052
-2755
-1289
-1942
-2907
-2450
-826
453
200
-690
-679
847
2406
2237
1193
665
1651
2960
3377
3155
2773
2434
2438
2815
3176
3158
2796
2390
2331
2329
2247
2168
1636
1192
1266
1505
1111
368
77
471
827
419
-200
-441
-275
21
180
140
-309
-589
-283
4
-24
-296
-210
-47
-19
-64
-95
51
-51
-151
-139
-292
-484
-523
-512
-774
-933
-1138
-1410
-1666
-1910
-1985
-2125
-2477
-3164
-3523
-3548
-3670
-3957
-4386
-4894
-4591
-3729
-3896
-5577
-6633
-5233
-2822
-2590
-4832
-5867
-4219
-1957
-1521
-2661
-3039
-1908
-359
361
-66
-519
-48
1317
2200
1822
1108
1330
2488
3157
3141
2865
2580
2548
2775
3185
3231
2955
2549
2364
2505
2442
2288
1941
1573
1298
1377
1396
869
390
359
551
393
-36
-328
-206
-4
-184
-395
-507
-526
-399
-261
-236
-444
-510
-196
-41
-134
-236
-231
15
41
-201
-296
-321
-472
-537
-624
-821
-1081
-1268
-1401
-1683
-1972
-2265
-2619
-2882
-3197
-3531
-3637
-3947
-4498
-4813
-4734
-4016
-3595
-4751
-6320
-6256
-4273
-2636
-3703
-5581
-5163
-2920
-1504
-2227
-3301
-2617
-696
644
400
-550
-669
678
2447
2703
1661
1087
1947
3153
3521
3233
2885
2819
2913
3082
3197
2933
2639
2624
2816
2695
2092
1745
1566
1508
1353
1175
796
263
20
146
296
-120
-699
-799
-603
-518
-614
-832
-1064
-1076
-919
-667
-683
-895
-782
-501
-415
-563
-685
-448
-220
-349
-475
-474
-516
-573
-437
-539
-797
-1002
-990
-1027
-1444
-1735
-1714
-1727
-2065
-2652
-2843
-2933
-3136
-3532
-3949
-4291
-3932
-3087
-3405
-4905
-5961
-4897
-2592
-2132
-4137
-5249
-3812
-1779
-1261
-2296
-2831
-1657
-57
423
-199
-761
-197
1542
2501
1827
994
1034
2271
3211
3143
2541
2098
2333
2754
3076
2790
2329
2379
2598
2544
2053
1771
1857
1926
1701
1162
739
648
851
894
549
2
-313
-64
34
-151
-451
-545
-553
-548
-487
-562
-528
-561
-479
-377
-467
-550
-419
-223
-270
-366
-444
-529
-476
-474
-335
-403
-711
-1029
-1011
-833
-927
-1354
-1750
-1854
-1813
-2020
-2528
-2793
-2769
-2800
-3137
-3713
-4314
-3691
-2561
-2881
-4557
-5577
-4419
-2099
-1713
-3687
-4577
-3068
-1182
-946
-1973
-2204
-957
431
738
115
-175
435
1794
2596
2089
1302
1423
2542
3328
3206
2710
2485
2681
2867
2964
2813
2646
2539
2373
2228
2023
1927
1676
1502
1498
1204
712
297
417
782
672
-113
-652
-343
0
-52
-530
-820
-749
-506
-308
-541
-754
-694
-231
25
-334
-672
-459
164
337
41
-214
-79
222
266
193
40
-152
-124
-121
-221
-460
-678
-816
-1015
-1183
-1376
-1458
-1573
-1919
-2207
-2367
-2561
-2948
-3245
-3360
-2687
-2073
-3045
-4683
-4990
-3035
-964
-1655
-4112
-4480
-2252
-228
-403
-1942
-2209
-700
949
1207
342
-200
658
2296
2742
1736
915
1515
2936
3455
2809
2110
1972
2382
2876
2979
2535
2060
2009
2243
2404
2110
1738
1464
1316
1446
1407
998
507
433
761
681
36
-439
-181
204
230
-272
-812
-806
-442
-5
15
-564
-855
-446
106
130
-174
-179
162
326
164
142
245
315
445
548
423
142
207
439
551
276
-163
-134
-115
-311
-618
-717
-870
-1188
-1428
-1662
-1746
-1978
-2318
-2597
-2879
-2569
-1871
-2342
-3794
-4436
-3195
-1406
-1576
-3533
-4044
-2325
-722
-871
-2131
-2301
-1013
240
489
-220
-667
-54
1338
1941
1146
517
978
2160
2561
2128
1914
2034
2312
2505
2481
2302
2206
2350
2479
2431
2048
1919
1944
1978
1836
1511
1286
1018
974
1014
841
394
27
31
76
103
-47
-293
-500
-591
-478
-375
-450
-576
-440
-250
-277
-369
-269
16
144
158
168
171
238
423
647
609
395
355
624
768
525
276
297
410
235
-60
-314
-394
-358
-553
-1004
-1397
-1636
-1701
-1750
-2164
-2650
-2971
-2414
-1765
-2492
-3980
-4449
-3014
-1375
-1941
-4014
-4220
-2395
-961
-1546
-2740
-2549
-1136
-38
-186
-885
-994
-134
1102
1469
725
155
828
2254
2630
1998
1564
1928
2683
2830
2463
2169
2301
2696
2846
2565
2014
1979
2137
2184
2013
1575
1182
968
1156
1206
928
308
-22
93
72
-90
-260
-402
-669
-771
-489
-399
-679
-869
-546
-199
-362
-556
-439
3
205
98
105
189
290
520
746
623
405
451
768
843
515
334
511
656
409
75
-178
-274
-300
-446
-765
-1275
-1620
-1638
-1730
-2018
-2457
-2965
-3331
-3225
-2405
-2449
-3849
-5192
-4569
-2510
-1898
-3680
-5042
-3833
-1845
-1456
-2614
-3107
-2070
-602
2
-482
-994
-525
836
1844
1421
653
847
2095
3059
2890
2360
2316
2815
3225
3274
3086
2866
2962
3035
3001
2700
2442
2459
2278
2022
1673
1392
1101
993
1011
815
400
-141
-310
-222
-192
-287
-534
-912
-1137
-920
-593
-611
-846
-889
-560
-377
-349
-235
6
206
218
283
426
496
525
711
831
763
647
690
812
760
621
540
438
263
40
-140
-307
-567
-816
-1035
-1341
-1724
-1969
-2092
-2266
-2611
-3065
-3507
-3639
-3601
-3392
-2954
-3356
-4611
-5157
-4000
-2256
-2056
-3718
-4494
-2944
-1081
-832
-1879
-2151
-853
618
929
453
258
1152
2397
2931
2368
1843
2315
3546
4138
3612
3039
3119
3812
4116
3820
3241
2961
3154
3259
2950
2379
2019
1980
1918
1565
984
630
461
443
243
-172
-607
-858
-749
-761
-1056
-1370
-1355
-1197
-1261
-1405
-1350
-1034
-857
-816
-759
-738
-588
-268
-10
-67
-138
65
479
712
614
499
655
851
795
763
740
660
504
409
248
26
-140
-130
-253
-689
-1107
-1267
-1202
-1382
-1718
-2002
-2111
-2259
-2518
-2612
-2697
-2884
-3012
-3213
-3128
-2409
-2219
-3039
-3814
-3160
-1614
-868
-1965
-2919
-1755
39
477
-443
-853
82
1466
2097
1708
1158
1315
2467
3477
3115
2247
2110
3071
3791
3314
2608
2491
2904
3049
2674
2222
1986
2051
2100
1940
1468
1024
983
959
739
311
41
14
-36
-292
-567
-730
-889
-940
-866
-833
-870
-981
-929
-957
-931
-791
-722
-639
-568
-422
-334
-229
-77
151
347
312
244
398
482
500
597
687
636
444
359
416
443
260
55
-21
-47
-223
-336
-314
-390
-714
-958
-871
-714
-815
-1199
-1347
-1200
-1114
-1264
-1503
-1582
-1472
-1356
-1409
-1517
-1053
-744
-1321
-2017
-1605
-213
369
-647
-1553
-643
675
833
115
-214
422
1182
1533
1415
1020
914
1479
2144
1893
1154
1035
1768
2263
1834
1337
1333
1748
1828
1406
1077
981
1108
1168
1004
653
382
438
555
451
237
1
-96
-113
-78
-152
-426
-579
-609
-485
-530
-584
-645
-621
-534
-510
-458
-505
-405
-174
109
73
-90
28
291
523
550
446
392
484
644
739
780
629
621
768
842
771
624
678
801
845
641
490
481
665
755
577
348
278
351
394
309
141
-5
-123
-71
-9
-162
-469
-631
-667
-750
-1016
-1025
-498
-577
-1547
-2212
-1583
-480
-534
-1879
-2333
-1296
-402
-589
-1291
-1294
-683
-92
5
-329
-620
-338
521
973
452
-150
123
1094
1597
1101
651
823
1371
1592
1404
1216
1222
1500
1569
1407
1150
1084
1250
1288
1100
799
594
574
632
643
431
116
12
149
234
94
-153
-211
-175
-206
-128
-170
-273
-367
-222
33
10
-136
-59
175
338
408
412
511
582
675
884
1074
1011
980
1079
1322
1348
1207
1234
1306
1222
1127
1207
1256
1249
1138
1014
1038
962
767
663
623
432
69
-49
-60
-170
-407
-673
-924
-1111
-1139
-1215
-1479
-1811
-2041
-2206
-1921
-1651
-2227
-3132
-3322
-2443
-1534
-2009
-3154
-3137
-2011
-1340
-1752
-2232
-1889
-1039
-442
-457
-692
-647
-115
762
1000
470
158
774
1711
1798
1229
1149
1665
2088
1950
1663
1701
2009
2274
2159
1895
1673
1707
1829
1758
1489
1248
1107
1085
1062
845
577
407
339
198
38
-6
-29
-116
-324
-404
-340
-354
-461
-528
-344
-201
-237
-205
-70
11
74
222
370
435
389
522
816
987
963
879
988
1162
1275
1267
1230
1149
1147
1149
1112
942
829
838
748
570
334
199
145
126
-40
-211
-400
-705
-818
-794
-868
-1111
-1378
-1409
-1497
-1627
-1773
-1985
-2101
-2250
-2409
-2380
-2098
-2088
-2599
-3107
-2735
-1759
-1435
-2158
-2780
-2060
-1026
-832
-1256
-1393
-783
-69
284
242
40
276
1054
1649
1399
1000
1268
2160
2613
2249
1893
2124
2601
2628
2399
2239
2235
2343
2364
2237
1892
1709
1788
1776
1483
1024
776
741
705
465
103
-151
-256
-395
-532
-726
-844
-938
-1072
-1107
-1128
-1165
-1214
-1249
-1134
-1012
-1026
-1075
-977
-661
-391
-302
-365
-239
70
356
525
509
570
740
1013
1155
1213
1229
1321
1456
1479
1382
1305
1393
1510
1374
1083
916
898
893
847
683
391
141
32
11
-124
-359
-625
-806
-983
-1112
-1177
-1216
-1381
-1713
-1969
-1897
-1847
-2016
-2220
-2344
-2393
-2446
-2208
-1898
-2066
-2690
-2740
-1917
-1173
-1392
-2116
-1961
-1008
-343
-423
-656
-467
190
821
1067
894
670
1078
1845
2150
1667
1323
1754
2408
2471
1990
1755
1965
2193
2091
1809
1453
1332
1386
1349
986
573
390
384
290
-121
-429
-527
-601
-762
-929
-1135
-1321
-1343
-1245
-1274
-1401
-1497
-1377
-1204
-1078
-1069
-1077
-946
-666
-322
-122
-188
-103
335
836
1025
962
940
1216
1591
1768
1759
1723
1821
1949
2063
2006
1826
1834
2008
1994
1615
1235
1194
1310
1157
759
440
303
216
78
-131
-432
-683
-802
-814
-952
-1266
-1411
-1424
-1373
-1491
-1705
-1800
-1689
-1598
-1643
-1734
-1785
-1757
-1633
-1458
-1539
-1765
-1758
-1510
-1393
-1472
-1471
-1117
-948
-1365
-1715
-1469
-701
-385
-865
-1317
-973
-298
34
-227
-476
-281
112
392
437
331
223
553
891
784
534
526
979
1311
1061
685
653
957
1159
1043
788
680
707
859
956
889
692
595
640
596
489
402
330
330
242
58
-43
-91
-13
-7
-68
-219
-302
-217
-163
-181
-219
-133
-99
-34
-7
8
126
247
266
261
237
280
465
629
613
584
642
709
764
725
760
822
781
703
677
653
587
597
599
438
298
205
222
214
-6
-182
-155
-149
-331
-488
-602
-559
-546
-683
-823
-971
-932
-826
-839
-988
-1131
-1058
-919
-1025
-1189
-1257
-1203
-1073
-1135
-1285
-1323
-1247
-1197
-1288
-1385
-1360
-1044
-840
-1135
-1519
-1354
-753
-343
-579
-1005
-795
-237
87
-3
-110
42
371
614
687
604
623
931
1247
1163
798
756
1108
1385
1228
936
878
1047
1098
945
796
680
720
773
704
492
330
302
268
205
40
-131
-191
-229
-250
-379
-530
-579
-565
-492
-481
-540
-495
-431
-337
-253
-193
-133
-35
179
296
275
218
351
572
706
692
606
682
932
1002
941
948
1033
1080
963
864
808
870
857
743
628
459
317
287
267
71
-201
-317
-289
-261
-412
-628
-690
-624
-664
-770
-783
-721
-677
-678
-769
-758
-654
-586
-587
-593
-582
-585
-548
-388
-370
-334
-255
-277
-277
-235
-174
-100
-159
-268
-304
-362
-382
-431
-553
-565
-515
-469
-745
-974
-750
-401
-466
-883
-1024
-751
-494
-528
-637
-699
-565
-332
-116
-7
-93
-70
168
434
442
433
556
764
869
795
886
965
1072
1122
1206
1241
1195
1248
1286
1255
1127
1083
1042
945
861
798
821
746
597
501
414
333
253
170
14
-31
-166
-247
-345
-402
-439
-482
-527
-552
-496
-444
-467
-512
-512
-453
-341
-272
-212
-187
-101
-45
26
33
84
154
234
293
342
421
446
475
497
456
452
467
468
465
444
342
292
333
323
229
175
170
138
186
172
31
-34
20
-5
-65
-190
-218
-177
-184
-247
-396
-431
-368
-390
-532
-644
-664
-619
-578
-653
-772
-731
-629
-657
-779
-846
-775
-646
-639
-723
-845
-785
-566
-557
-764
-783
-530
-225
-144
-258
-281
-54
254
341
316
377
461
713
855
840
780
773
919
1031
986
854
880
964
936
791
625
601
645
542
418
304
144
63
18
-35
-162
-280
-256
-317
-408
-452
-441
-447
-489
-436
-290
-198
-277
-291
-181
-69
-25
58
104
198
302
338
386
545
605
668
720
714
740
802
890
949
838
764
830
839
836
746
729
621
515
512
462
442
317
347
335
273
191
103
70
85
153
85
-15
-82
-22
77
75
-11
-112
-4
83
50
-74
-161
-24
137
88
-82
-68
8
51
-41
-176
-217
-217
-190
-180
-244
-311
-314
-261
-315
-412
-374
-332
-343
-434
-557
-540
-393
-347
-503
-583
-442
-334
-334
-480
-499
-286
-102
-65
-165
-96
141
299
279
208
223
299
474
493
405
354
374
506
545
344
317
415
459
399
339
387
447
462
372
369
336
315
295
292
309
245
218
248
318
327
345
333
378
413
474
509
503
491
532
669
636
545
559
566
615
590
502
420
443
486
394
273
154
162
220
180
33
-173
-203
-80
-52
-197
-350
-409
-312
-292
-346
-510
-557
-437
-375
-335
-416
-353
-219
-171
-143
-107
-161
-118
47
198
143
161
251
384
426
435
523
562
558
494
583
656
636
552
509
554
577
437
293
237
282
235
30
-201
-314
-216
-214
-361
-536
-716
-737
-610
-740
-966
-1013
-963
-972
-1094
-1131
-1104
-978
-920
-1056
-1001
-852
-750
-748
-750
-686
-513
-351
-270
-185
-152
-63
139
173
231
361
450
496
506
504
572
596
613
582
524
611
636
646
517
510
504
430
378
241
212
112
56
-48
-81
-96
-111
-210
-345
-332
-428
-415
-406
-423
-421
-402
-426
-414
-392
-368
-335
-253
-197
-220
-138
-58
-72
-17
138
192
211
239
389
475
488
496
524
641
661
598
542
558
567
483
484
444
341
395
347
259
153
189
157
15
-141
-258
-263
-289
-445
-588
-603
-617
-727
-909
-961
-959
-941
-935
-1004
-1066
-1002
-933
-936
-967
-974
-896
-822
-759
-793
-833
-725
-581
-500
-584
-646
-486
-260
-213
-352
-362
-211
-48
-35
-12
-48
-58
50
114
103
25
18
29
95
91
-13
-95
-99
-41
-62
-140
-215
-210
-163
-125
-187
-319
-355
-229
-158
-159
-237
-305
-229
-144
-157
-201
-118
3
48
37
70
66
140
211
144
172
235
289
326
285
293
293
232
187
197
214
212
221
213
120
111
176
182
162
80
10
15
2
-1
-91
-125
-116
-143
-170
-162
-201
-308
-337
-348
-329
-375
-410
-439
-443
-400
-356
-413
-496
-430
-440
-429
-473
-452
-463
-499
-479
-443
-345
-419
-473
-508
-414
-340
-366
-396
-376
-244
-148
-267
-302
-254
-228
-133
-79
-43
-94
-10
74
81
92
180
250
189
104
171
299
308
318
178
180
242
284
233
37
20
78
110
31
-146
-242
-256
-195
-228
-356
-452
-477
-451
-541
-594
-687
-742
-697
-650
-674
-727
-755
-678
-658
-560
-519
-506
-404
-350
-273
-235
-172
-94
-95
-65
-46
14
76
161
237
232
282
287
376
364
322
299
336
353
299
273
192
143
180
129
34
3
-23
-24
-150
-241
-304
-382
-400
-368
-453
-501
-480
-543
-447
-410
-412
-464
-424
-315
-288
-291
-221
-229
-190
-60
-26
-23
-59
77
229
272
203
160
226
263
241
144
102
141
209
188
43
-15
-7
-10
-35
-123
-256
-235
-155
-254
-361
-413
-401
-353
-331
-345
-356
-298
-278
-290
-288
-350
-313
-190
-204
-238
-264
-233
-101
-26
-89
-110
-72
14
74
58
9
5
1
47
71
76
86
89
85
-18
-50
-39
-33
-38
-50
-22
-131
-190
-102
-138
-157
-241
-237
-250
-199
-173
-243
-285
-327
-282
-241
-161
-253
-257
-191
-198
-212
-231
-184
-150
-102
-90
-125
-138
-174
-61
45
-24
-71
-34
80
91
67
-13
34
157
182
112
49
92
154
228
149
60
67
67
153
140
58
97
131
194
197
141
151
96
47
127
171
46
-92
-62
45
98
-36
-124
-119
-1
12
-105
-129
-169
-112
-44
-65
-153
-187
-230
-132
-47
-163
-242
-279
-263
-119
-109
-185
-223
-92
124
127
-12
6
166
285
249
168
160
284
338
364
244
215
274
369
476
378
327
352
400
343
290
262
221
238
199
116
69
-11
-67
-75
-138
-234
-307
-309
-302
-471
-536
-503
-458
-482
-581
-647
-673
-689
-694
-686
-704
-709
-718
-583
-585
-622
-538
-416
-262
-283
-256
-181
-68
19
56
76
113
295
385
391
515
605
604
606
658
712
744
750
739
763
743
696
670
603
587
589
474
365
283
332
292
262
143
64
87
18
-107
-174
-155
-169
-221
-335
-458
-431
-383
-409
-473
-493
-467
-408
-359
-360
-341
-422
-312
-150
-93
-99
-167
-69
136
254
138
67
208
372
423
233
259
358
500
566
438
378
360
436
441
375
272
280
331
288
189
111
71
68
1
-15
-80
-185
-187
-204
-216
-325
-466
-468
-483
-421
-429
-580
-572
-436
-243
-316
-417
-400
-269
-191
-215
-344
-294
-84
-2
-1
-32
3
96
290
380
362
315
408
483
617
626
496
479
487
555
591
543
433
338
365
457
453
362
256
264
331
335
222
136
134
209
274
222
2
-48
44
74
87
-45
-193
-144
-14
43
-87
-191
-172
-102
-88
-108
-231
-189
-77
-70
-49
-81
-48
-31
-12
-45
-92
-115
-153
-124
-41
-86
-86
-50
-31
-27
57
78
64
118
139
101
118
136
77
85
71
35
75
85
64
155
188
195
255
209
181
152
193
220
215
139
33
113
105
88
10
-42
-58
2
-22
-67
-70
-82
-38
-42
-47
-61
-68
-4
-21
-48
16
10
8
12
-48
-29
31
100
119
58
154
199
168
159
124
133
135
178
218
188
202
242
291
290
225
203
204
212
176
131
117
112
86
6
42
111
92
81
28
-19
-5
51
29
-30
-62
-52
-26
-52
-100
-35
-15
11
24
-6
-22
31
39
80
134
105
124
97
147
179
199
224
165
188
242
227
228
114
126
140
170
164
65
50
27
80
100
51
51
65
80
56
50
10
30
5
-33
-60
-82
-56
-43
-46
-126
-127
-117
-180
-182
-181
-125
-111
-94
-37
-29
-80
-42
-26
-5
45
82
55
20
64
28
29
55
53
112
198
206
172
161
201
272
225
214
182
203
229
274
239
159
164
216
309
266
154
88
129
213
216
105
176
268
261
367
222
61
99
197
187
212
23
-80
23
34
94
76
20
-50
103
121
18
23
27
-31
130
193
83
182
192
116
241
299
245
157
136
246
362
382
332
350
307
367
369
314
268
257
227
253
240
147
118
144
76
16
-16
-56
-107
-123
-109
-112
-175
-261
-238
-218
-216
-259
-253
-273
-289
-249
-254
-234
-231
-203
-101
-82
-48
-40
31
111
143
138
126
182
263
286
326
307
349
463
514
487
445
470
421
443
423
354
323
319
332
334
320
259
206
221
237
201
117
68
94
56
-20
-59
-75
-81
-60
-67
-22
-72
-100
-13
-33
-74
-80
-19
13
51
70
57
133
96
122
120
104
143
191
193
135
143
165
175
213
266
280
241
247
217
160
127
94
58
112
142
54
61
5
56
50
26
0
-18
19
36
52
-5
17
9
27
29
-10
-38
0
40
84
46
46
5
-9
44
55
72
78
157
178
142
183
167
164
146
127
153
134
145
133
89
107
136
139
107
95
109
114
109
84
103
74
97
104
95
44
24
25
-22
-16
-47
-70
-87
-99
-97
-114
-124
-123
-97
-70
-58
-19
16
24
41
55
67
53
-1
17
23
72
82
64
97
125
133
161
169
130
146
169
163
156
119
135
131
136
82
50
99
47
7
-1
33
65
143
115
97
132
94
108
107
86
87
53
68
75
34
27
43
35
54
78
126
112
123
108
150
202
160
192
217
262
271
214
246
221
141
95
64
53
33
-3
-42
-36
-74
-111
-125
-93
-99
-85
-50
-97
-128
-108
-94
-83
-52
-28
-61
-59
-84
-78
-1
22
27
112
125
156
201
182
198
198
220
281
278
201
171
181
225
253
219
247
242
172
173
143
106
61
65
64
29
47
52
47
38
9
-22
6
-38
-26
2
-3
-20
-44
20
29
21
26
68
73
84
127
143
195
241
261
271
289
341
377
328
334
306
286
280
264
281
262
259
193
187
223
189
167
124
109
68
55
20
20
-10
-16
-17
-78
-33
-70
-75
-114
-114
-63
-113
-92
-70
-69
-51
-50
-37
-4
18
37
86
125
204
212
235
271
264
281
307
291
289
305
267
257
234
241
232
186
176
154
135
88
39
27
61
73
84
82
69
87
93
113
77
52
85
30
52
65
67
78
47
82
47
69
84
141
135
160
193
179
205
201
204
183
211
182
182
171
171
214
190
184
200
201
200
200
228
165
120
104
106
57
88
121
102
109
68
75
33
42
28
33
13
54
86
100
119
144
173
164
179
173
156
199
174
150
171
199
176
139
162
168
153
211
211
222
228
247
225
170
155
167
150
139
150
79
105
71
81
88
80
79
104
154
121
133
105
87
87
92
126
163
172
210
214
219
256
257
218
198
274
283
273
275
223
224
214
178
196
168
158
149
157
140
129
148
133
139
186
149
124
102
90
103
110
132
134
146
175
163
159
185
206
179
183
195
185
221
238
268
295
320
335
351
358
378
404
399
389
347
306
345
335
325
346
301
285
251
290
271
264
310
238
245
210
249
228
201
220
136
146
187
158
114
165
176
228
279
257
337
327
341
355
365
407
381
406
410
410
448
422
439
480
477
470
458
501
543
545
564
545
549
564
535
553
518
512
446
398
419
390
396
382
423
373
370
350
352
318
327
297
263
284
221
198
175
228
226
227
207
220
203
223
220
224
267
271
298
325
351
385
393
401
458
490
529
570
566
616
620
612
554
592
634
590
588
585
646
628
611
642
608
610
607
585
571
557
531
485
454
431
400
397
289
305
342
348
362
335
321
311
291
337
352
319
341
332
361
369
407
463
474
490
465
503
552
529
564
574
575
635
625
692
694
674
695
682
732
658
692
709
685
693
614
642
629
576
554
563
533
486
456
488
486
429
433
442
411
404
402
414
405
396
383
362
332
331
295
309
323
325
310
311
331
377
348
325
350
380
464
489
523
500
541
515
539
554
601
619
542
602
609
658
653
681
714
707
731
729
723
696
653
705
647
583
558
529
581
534
515
501
555
553
504
517
486
457
451
469
440
386
369
367
303
299
311
247
213
204
205
203
271
319
307
324
313
334
326
356
393
400
471
483
487
505
482
523
509
518
523
512
565
566
564
527
464
453
500
528
507
577
541
532
544
516
455
386
423
388
376
365
311
329
314
290
293
270
235
182
185
155
137
174
200
199
196
206
210
181
177
150
113
144
163
144
190
121
89
156
162
192
193
205
246
229
225
258
275
290
295
271
274
306
321
364
380
372
352
375
387
380
357
328
299
316
306
258
248
185
168
109
103
63
-6
-4
11
-17
-30
-3
-12
-27
-16
13
-10
45
37
57
93
65
75
40
74
83
114
146
140
129
164
195
161
194
226
260
296
323
316
306
324
321
285
282
310
250
189
179
182
149
130
129
132
91
79
93
57
36
9
-38
-71
-49
-32
-61
-76
-66
-52
-51
-52
-55
-77
-37
-17
-63
-34
-38
-30
8
-4
45
17
34
60
27
14
27
71
20
26
39
-7
10
30
16
6
46
34
34
13
-31
17
20
22
69
38
53
67
29
87
48
12
37
24
-14
-16
-9
-31
-51
-62
-56
-4
-1
-62
-96
-68
-56
-102
-79
-82
-101
-109
-83
-118
-108
-77
-91
-96
-96
-70
-53
-56
-25
17
-5
-10
-14
-34
-34
-33
-65
-6
-37
-60
-89
-86
-43
-103
-78
-79
-131
-135
-136
-137
-149
-150
-166
-156
-140
-180
-153
-178
-159
-116
-135
-122
-104
-93
-114
-89
-136
-139
-126
-107
-65
-68
-37
-102
-116
-108
-120
-95
-62
-64
-67
-26
23
18
6
22
34
34
35
30
-14
-11
-3
-28
-88
-123
-93
-89
-119
-142
-141
-150
-118
-121
-142
-107
-152
-138
-160
-148
-136
-143
-144
-141
-178
-173
-164
-172
-152
-135
-138
-122
-120
-157
-164
-189
-199
-264
-260
-287
-325
-266
-313
-336
-313
-301
-315
-315
-265
-288
-258
-255
-250
-275
-270
-240
-272
-255
-158
-126
-151
-148
-149
-165
-184
-136
-154
-181
-157
-200
-184
-181
-146
-169
-152
-102
-136
-171
-169
-170
-196
-175
-120
-106
-119
-118
-138
-166
-215
-200
-223
-240
-281
-264
-269
-253
-247
-243
-250
-266
-240
-245
-181
-189
-215
-219
-146
-141
-126
-126
-140
-138
-170
-165
-203
-212
-190
-139
-126
-170
-131
-149
-141
-167
-168
-138
-142
-168
-165
-203
-190
-187
-191
-207
-265
-239
-291
-285
-277
-270
-284
-286
-269
-277
-290
-266
-277
-279
-245
-291
-261
-289
-351
-326
-318
-308
-274
-288
-249
-187
-204
-196
-173
-138
-143
-186
-175
-169
-162
-145
-136
-190
-201
-184
-152
-142
-105
-91
-124
-112
-81
-106
-101
-82
-101
-70
-59
-147
-99
-101
-155
-181
-232
-214
-232
-222
-212
-208
-222
-246
-208
-167
-199
-186
-129
-140
-156
-166
-156
-176
-180
-151
-161
-139
-142
-166
-171
-184
-192
-219
-223
-213
-193
-157
-147
-162
-151
-149
-137
-172
-165
-130
-125
-137
-173
-196
-199
-213
-207
-228
-194
-158
-188
-206
-154
-152
-164
-181
-240
-243
-246
-235
-236
-259
-254
-274
-291
-261
-267
-276
-307
-253
-239
-212
-158
-206
-198
-154
-150
-152
-147
-190
-162
-156
-159
-167
-189
-115
-137
-187
-150
-115
-124
-136
-110
-103
-126
-123
-107
-104
-141
-174
-243
-207
-181
-205
-242
-237
-217
-222
-208
-219
-198
-194
-174
-172
-201
-229
-181
-204
-239
-251
-240
-279
-280
-267
-264
-254
-270
-241
-226
-256
-217
-161
-185
-183
-183
-128
-141
-133
-106
-171
-179
-177
-184
-224
-206
-208
-184
-179
-190
-153
-111
-107
-134
-113
-110
-129
-146
-144
-120
-121
-162
-180
-195
-222
-236
-214
-214
-240
-226
-203
-174
-137
-172
-184
-204
-205
-248
-256
-238
-218
-219
-244
-273
-284
-269
-282
-299
-293
-308
-272
-256
-262
-232
-260
-210
-189
-202
-161
-192
-170
-163
-198
-163
-220
-148
-170
-202
-177
-158
-81
-104
-103
-113
-82
-52
-52
-44
-121
-106
-156
-173
-158
-174
-161
-184
-227
-252
-232
-243
-240
-236
-229
-229
-255
-294
-269
-265
-278
-307
-280
-336
-344
-326
-346
-329
-328
-322
-315
-307
-291
-234
-217
-197
-179
-128
-142
-131
-133
-109
-59
-23
-51
-93
-59
-61
-54
-82
-60
-44
-75
-58
-52
-71
-92
-137
-148
-133
-160
-174
-190
-257
-297
-326
-319
-289
-314
-330
-322
-330
-331
-363
-362
-342
-359
-376
-410
-393
-371
-389
-349
-311
-321
-339
-316
-309
-299
-260
-194
-187
-158
-114
-155
-177
-122
-152
-136
-92
-70
-52
-36
-41
-31
-78
-128
-146
-154
-126
-160
-143
-155
-169
-133
-166
-181
-139
-160
-157
-173
-176
-179
-164
-175
-181
-172
-229
-235
-227
-280
-223
-155
-186
-136
-94
-76
-32
-55
-48
-29
-47
-42
-98
-125
-126
-121
-100
-110
-171
-187
-195
-185
-191
-237
-229
-186
-187
-151
-163
-160
-140
-186
-198
-175
-169
-221
-197
-245
-223
-208
-246
-247
-249
-279
-261
-203
-199
-134
-166
-191
-169
-138
-138
-151
-193
-265
-252
-285
-320
-320
-298
-321
-367
-311
-280
-284
-292
-256
-246
-202
-174
-193
-226
-238
-246
-213
-200
-244
-209
-242
-260
-279
-232
-204
-202
-190
-220
-216
-243
-201
-236
-218
-192
-218
-197
-183
-197
-225
-244
-262
-230
-258
-274
-226
-188
-193
-214
-161
-198
-150
-172
-163
-139
-175
-228
-236
-220
-233
-256
-297
-256
-227
-238
-227
-183
-205
-223
-150
-189
-176
-184
-180
-175
-178
-141
-179
-157
-126
-174
-174
-177
-178
-176
-201
-163
-140
-161
-179
-157
-153
-123
-140
-189
-177
-178
-172
-222
-201
-178
-185
-196
-192
-214
-218
-200
-176
-159
-203
-186
-163
-155
-161
-164
-149
-156
-167
-131
-156
-173
-112
-124
-122
-109
-116
-73
-152
-162
-177
-196
-165
-187
-152
-204
-202
-139
-181
-225
-229
-231
-235
-264
-283
-232
-227
-262
-289
-265
-219
-189
-179
-183
-182
-179
-184
-203
-213
-209
-194
-232
-231
-250
-296
-294
-227
-264
-252
-247
-247
-247
-242
-219
-224
-208
-231
-212
-196
-227
-232
-183
-180
-195
-179
-178
-155
-142
-176
-168
-146
-152
-171
-110
-93
-145
-177
-149
-175
-232
-198
-144
-185
-190
-193
-224
-231
-207
-228
-226
-210
-247
-207
-200
-183
-178
-178
-234
-200
-189
-239
-224
-236
-225
-237
-262
-273
-229
-252
-267
-213
-210
-172
-132
-183
-215
-178
-155
-152
-162
-160
-179
-175
-150
-178
-158
-208
-192
-128
-88
-56
-40
-35
-13
7
-7
-27
-45
-48
-107
-131
-150
-99
-100
-103
-59
-94
-105
-120
-121
-98
-64
-66
-85
-45
-80
-46
0
-30
7
-9
-72
-57
-62
-57
-44
-87
-75
-35
-65
-53
-20
-50
15
45
24
75
82
111
67
35
49
11
1
-12
-44
-45
-48
-87
-43
-41
-55
-56
-62
-23
-73
-57
-53
-122
-114
-99
-145
-157
-189
-196
-155
-136
-117
-136
-80
-73
-75
-67
-64
-64
-66
-50
-61
-49
-105
-139
-153
-139
-120
-83
-80
-78
-62
-45
-29
-10
-27
24
28
2
74
84
94
119
113
41
28
39
77
57
64
53
43
88
101
75
46
0
-8
6
-5
-48
-36
11
-18
-56
-69
-57
-138
-133
-108
-178
-152
-167
-197
-183
-164
-194
-140
-105
-152
-174
-138
-64
-116
-128
-75
-89
-42
-10
-15
-16
-47
-43
-42
-26
-34
-27
24
15
4
2
20
-1
-37
-62
-3
20
-14
9
-6
-16
-67
-73
-84
-84
-102
-89
-106
-93
-79
-75
-65
-54
-53
-83
-90
-109
-86
-85
-53
-28
-3
21
-8
50
49
69
99
152
205
193
195
164
180
193
175
106
144
150
110
123
110
72
67
82
62
75
95
59
74
77
81
59
20
-4
3
-36
-38
-33
-84
-40
-27
-46
-24
-26
-7
14
20
58
54
38
24
69
71
71
75
114
108
144
139
132
211
176
129
147
148
137
143
81
86
97
74
122
102
77
88
68
23
-7
-10
1
5
-15
1
27
31
38
2
49
52
40
73
63
69
63
70
35
54
39
17
39
43
44
45
19
23
-27
1
-7
-10
8
-23
23
33
61
66
64
110
84
108
92
59
87
68
130
97
97
139
127
168
136
93
92
68
95
54
62
109
79
71
57
76
21
-16
3
0
44
25
-5
-21
-17
-30
9
17
12
21
6
-36
-60
-17
-7
-7
-10
18
15
38
42
62
75
108
118
119
153
181
185
165
189
165
214
223
194
211
243
228
170
147
174
192
150
183
178
169
167
156
149
121
100
70
51
69
34
76
81
53
50
35
42
25
96
65
22
52
20
26
17
28
49
83
76
106
78
135
81
83
110
79
101
54
65
50
112
134
143
136
137
126
83
122
136
111
108
139
149
161
100
67
63
78
112
90
111
110
74
75
106
54
72
26
5
-22
-91
-40
-103
-129
-118
-94
-68
-83
-115
-85
-83
-53
-53
-44
16
-3
-33
-7
9
-49
-7
-46
-52
4
-22
5
-24
14
3
15
24
15
20
38
35
26
3
-18
-35
-9
17
-14
-36
-48
-42
-45
-84
-130
-139
-143
-181
-96
-116
-127
-64
-92
-80
-152
-114
-115
-161
-183
-190
-198
-216
-213
-220
-219
-226
-268
-248
-237
-227
-194
-169
-160
-159
-152
-165
-172
-175
-174
-208
-167
-115
-95
-88
-57
-61
-82
-73
-57
-30
-23
-40
14
12
5
21
-1
17
-13
-53
-53
-7
-18
-18
-49
-104
-70
-132
-135
-110
-121
-121
-142
-136
-133
-121
-159
-194
-197
-174
-184
-199
-129
-138
-176
-149
-104
-91
-89
-119
-87
-50
-93
-54
-67
-95
-87
-83
-127
-115
-112
-115
-136
-128
-160
-183
-148
-136
-132
-148
-129
-128
-115
-132
-170
-139
-134
-145
-135
-168
-135
-105
-152
-116
-109
-137
-139
-118
-112
-119
-168
-205
-188
-197
-166
-175
-187
-154
-200
-184
-156
-193
-161
-187
-155
-186
-193
-205
-203
-152
-102
-126
-163
-111
-134
-98
-52
-48
-33
10
2
-5
-17
-55
-77
-72
-38
-47
8
10
39
12
10
-2
-46
-40
-41
-100
-105
-91
-76
-63
-53
-28
-59
-24
-47
-21
-52
-24
-3
-19
-28
-21
3
-64
-16
25
-10
-9
-2
33
17
-15
-49
-38
45
31
29
22
13
-23
-21
-33
-77
-102
-110
-100
-107
-109
-119
-117
-102
-97
-82
-57
-77
-62
-71
-45
-35
-83
-106
-97
-64
-74
-75
-48
-28
-44
-55
-3
-9
6
47
86
64
89
112
155
163
111
172
178
178
163
125
146
117
67
62
92
93
93
93
120
113
95
129
152
188
196
169
180
183
96
105
123
120
96
64
79
89
102
106
103
134
156
157
134
166
175
165
190
179
211
221
230
260
262
260
254
230
285
292
235
256
270
309
253
271
308
304
329
315
303
314
283
267
278
268
244
222
234
235
255
249
242
218
243
245
241
246
197
174
197
188
156
222
225
198
180
164
161
186
211
214
219
210
208
255
264
206
207
213
203
242
239
256
259
218
262
321
290
320
351
313
336
305
313
302
267
242
237
240
274
299
344
351
339
362
311
267
282
296
262
261
291
307
313
354
378
412
431
427
463
480
467
464
514
497
481
472
454
471
462
500
483
479
430
396
402
394
397
356
365
342
279
290
307
240
203
224
195
201
246
284
244
242
231
229
261
234
222
189
230
261
270
285
284
346
357
321
385
394
413
422
450
462
444
437
464
418
421
445
428
404
411
434
404
423
426
393
367
401
378
379
351
340
347
345
319
277
299
270
226
262
230
228
233
205
171
164
215
212
180
225
230
226
245
256
236
240
310
255
275
260
303
364
332
437
416
378
392
381
386
366
338
309
329
342
332
356
300
288
266
285
311
269
302
239
269
224
157
153
153
106
100
86
55
81
75
68
63
106
66
71
90
107
109
120
142
136
150
166
175
188
197
169
177
169
148
200
157
151
207
166
208
265
260
216
218
211
183
173
158
130
76
99
98
66
64
51
40
25
49
64
51
43
75
86
58
63
85
113
87
114
127
115
127
83
60
88
112
94
99
106
75
70
69
124
151
160
188
207
164
156
185
196
167
213
216
234
224
174
216
221
210
192
215
180
206
180
179
192
181
158
162
158
93
88
70
89
105
143
108
99
139
141
125
110
98
113
81
80
68
43
61
19
53
35
49
19
11
45
13
5
0
-14
15
44
46
45
34
53
90
74
82
157
144
130
143
136
126
96
105
105
127
137
139
171
165
139
138
105
102
63
28
39
41
60
76
34
27
59
72
110
62
84
66
122
208
149
149
147
136
123
141
153
131
149
155
145
150
135
124
195
187
167
153
148
176
190
114
117
153
176
158
185
220
167
144
126
102
139
135
100
111
175
217
163
211
243
220
180
161
127
170
152
135
134
123
139
138
146
138
136
149
148
160
149
135
117
87
105
118
156
129
96
75
57
1
4
-8
-44
-29
-28
16
4
-6
25
1
24
51
51
63
75
69
122
124
69
49
57
81
77
84
132
110
103
143
147
186
191
178
145
121
150
189
209
165
161
184
188
197
219
182
165
141
185
191
182
119
149
116
100
104
72
106
66
53
-3
44
25
-24
2
9
5
8
35
27
50
40
117
102
107
120
86
125
95
119
121
86
85
101
57
84
64
22
18
-20
-1
7
11
16
19
55
37
26
36
47
40
70
49
62
53
80
76
3
50
50
51
34
26
10
39
13
17
56
42
80
59
114
101
52
48
12
4
-1
-50
-87
-126
-112
-92
-79
-122
-127
-85
-169
-175
-88
-74
-38
-44
-24
29
21
48
29
32
13
39
45
72
63
66
66
75
75
77
81
64
112
65
97
80
84
93
108
49
59
100
56
50
-22
-34
-9
-32
-39
-46
-47
-34
-66
-28
-58
1
7
1
27
8
50
41
43
46
30
15
15
57
58
99
90
37
72
63
27
31
58
60
68
68
13
71
81
57
38
37
44
17
45
13
46
31
22
40
41
43
15
64
83
77
52
41
48
31
42
26
68
111
123
94
91
53
27
50
59
33
26
4
20
43
-5
-31
-22
-41
-14
13
-58
-20
-18
-2
34
33
59
12
48
36
17
9
58
46
-24
-30
-5
-13
-5
53
40
45
10
34
54
47
43
47
63
61
90
68
63
62
27
57
54
66
80
2
49
69
51
71
112
62
9
19
27
14
3
17
-14
-34
-22
-32
1
33
30
52
46
76
96
99
43
76
73
59
36
85
99
143
118
116
108
28
37
40
52
28
40
51
53
96
106
51
67
31
45
24
33
-17
-19
10
29
40
43
93
53
63
44
54
60
27
92
70
97
89
108
147
140
199
177
117
105
120
112
90
72
79
8
17
25
46
-14
22
56
85
110
84
117
64
68
87
95
55
25
-2
9
-19
21
48
14
75
27
35
18
83
109
80
79
54
72
41
84
68
60
98
104
78
73
62
73
93
92
121
117
126
150
166
183
162
151
212
176
127
147
160
155
175
191
130
129
133
111
106
110
65
76
89
91
80
64
87
16
-60
12
46
34
11
12
-28
-19
-42
-45
12
-4
20
26
-6
0
53
55
56
53
32
21
-11
23
-15
-31
18
-24
6
15
36
36
85
93
81
74
62
102
47
34
37
17
54
70
77
32
16
32
58
12
-3
13
-4
-35
-26
16
32
-16
-1
61
27
58
43
47
41
37
14
28
47
21
36
-28
-21
-10
-14
-33
-52
-100
-86
-79
-90
-85
-58
-21
13
48
78
96
64
46
10
-49
-80
-66
-134
-150
-163
-103
-95
-137
-79
-78
-115
-86
-109
-132
-42
-61
-27
2
7
43
55
26
28
56
51
70
74
90
118
39
111
105
91
80
122
135
98
88
23
34
-5
16
17
6
-43
-1
-16
-60
-35
-29
-67
-43
-10
-10
2
-17
-10
-28
19
14
1
26
62
104
89
61
95
85
74
100
88
97
75
97
104
91
121
95
70
125
78
39
103
18
-9
-13
1
-7
-15
-14
-26
-6
-13
-27
-43
-78
-104
-139
-145
-115
-102
-92
-144
-134
-139
-171
-180
-183
-187
-160
-139
-112
-65
-70
-69
-95
-92
-85
-3
11
3
-43
-25
12
-31
-41
-86
-89
-98
-70
-11
-39
-15
18
-28
-13
-16
5
27
16
32
62
71
8
1
17
10
11
17
23
-25
-24
1
16
29
9
23
9
73
87
86
14
3
24
22
69
6
21
16
33
-15
-36
-61
-51
-33
-66
-38
-18
20
57
42
63
72
5
21
27
5
46
52
26
-17
-21
-42
-74
-58
-56
-70
-48
-49
-49
-39
-19
-60
-108
-71
-111
-135
-126
-92
-112
-107
-112
-52
-63
-99
-96
-88
-50
-91
-126
-148
-169
-106
-87
-82
-65
-33
-88
-75
-82
-100
-61
-122
-113
-112
-36
-6
-8
16
56
59
41
20
7
81
29
59
75
46
52
14
5
-6
22
-17
0
31
-21
27
80
-24
14
0
-2
73
46
43
36
43
29
15
26
15
28
-35
-55
-23
-27
-10
49
35
36
30
-60
-25
0
22
21
51
67
76
107
95
120
117
126
169
159
151
199
141
119
141
154
143
93
149
143
194
198
178
226
230
201
232
191
167
120
106
92
62
101
59
76
92
100
106
102
103
140
73
82
101
114
186
130
136
131
104
124
121
158
149
156
157
155
108
74
115
150
169
112
125
124
139
138
115
133
82
92
63
48
14
47
58
78
113
134
128
122
151
118
118
113
128
133
137
134
160
194
208
240
196
214
185
139
161
176
156
110
112
72
114
83
99
74
89
146
111
126
127
60
31
35
20
46
50
32
44
45
70
70
34
30
60
73
86
102
146
157
130
132
142
205
140
136
89
97
86
67
131
100
70
69
92
29
77
100
106
140
134
104
103
81
11
29
25
57
82
55
90
93
134
112
136
111
58
85
33
36
32
17
13
10
-26
19
-22
-44
-4
5
-31
-60
-35
-48
-37
-43
-35
-39
-22
-37
-88
-67
-78
-111
-87
-80
-115
-112
-119
-126
-112
-43
-41
-28
21
24
61
88
103
122
102
103
142
133
149
177
150
154
184
185
172
181
151
98
82
74
72
15
70
51
-21
-36
-48
-50
-70
-102
-72
-85
-98
-117
-138
-105
-141
-126
-100
-87
-101
-105
-83
-51
-19
-29
-8
27
37
38
64
105
99
85
116
85
47
30
70
96
62
69
86
98
71
65
68
39
49
81
48
37
52
12
52
7
59
58
68
99
51
32
41
48
9
33
-9
-20
-58
-50
-72
-92
-87
-99
-88
-89
-67
-78
-54
-42
-51
-19
-43
-22
-47
-50
-40
-45
-44
-29
-49
-56
-44
-34
0
-11
-14
-12
10
-6
24
11
78
93
84
84
43
15
0
59
67
73
94
87
54
28
68
46
7
51
-5
31
15
-8
15
-45
-66
-67
-52
-87
-68
-65
-70
-98
-45
-64
-112
-110
-105
-72
-11
-65
-73
-24
-11
22
70
48
23
64
69
75
51
68
63
17
82
43
32
58
47
45
-5
-6
-17
16
25
31
43
2
22
-18
3
2
-46
60
20
-1
14
-3
-19
-26
29
29
35
75
61
73
81
52
47
83
78
85
103
58
40
11
32
51
27
53
68
114
112
43
82
53
51
53
39
-12
-68
-65
-35
-47
-73
-114
-103
-126
-131
-94
-95
-83
-111
-116
-124
-138
-143
-140
-148
-172
-141
-155
-156
-124
-125
-120
-106
-119
-66
-49
7
50
38
62
58
40
27
25
-14
-19
-4
4
38
27
10
-22
20
-26
8
-22
-47
-6
31
24
0
77
32
-10
-14
-12
-32
-57
-47
-79
-94
-65
-69
-94
-109
-95
-99
-110
-106
-54
-68
-61
-65
-103
-87
-41
-48
-39
-25
-88
-58
-78
-19
-24
-73
-82
-106
-69
-65
-36
-8
8
-12
3
14
-11
27
7
14
41
-1
21
-45
-14
8
-27
-61
-68
-69
-63
-66
-89
-75
-96
-100
-68
-57
-93
-102
-74
-23
-13
13
-3
-5
16
12
-35
-47
-29
-36
-4
5
17
33
23
19
16
22
-23
-16
-41
-65
-25
-17
-20
-9
-14
9
-10
-26
-28
7
-19
-71
-18
-104
-67
-44
-77
-69
-100
-77
-86
-45
-32
2
-1
-46
-41
-5
66
40
41
36
50
74
59
103
104
90
86
73
120
116
96
66
63
26
6
5
21
5
-32
-5
-52
-41
-33
32
0
-11
36
27
49
-6
-9
8
-11
55
57
33
33
93
60
11
8
-10
31
40
31
62
59
51
70
31
44
1
-10
-49
-8
0
-11
8
5
29
54
55
35
34
12
-27
-16
-2
-43
-15
4
-34
-22
-67
-48
-41
-94
-74
-139
-162
-156
-149
-156
-119
-83
-94
-75
-66
-60
-66
-50
-40
-28
-3
-34
-25
7
9
18
3
-17
-10
-6
-60
-71
-99
-104
-84
-110
-105
-46
-67
-88
-33
-29
-25
-19
18
-30
-17
-5
-11
12
-2
8
-36
-68
-106
-110
-125
-144
-152
-114
-59
-58
-91
-93
-103
-93
-44
-12
12
87
77
108
92
82
85
114
117
118
164
127
121
154
151
134
139
125
137
118
84
139
139
101
94
70
89
34
18
35
24
35
22
53
11
40
88
88
93
60
74
40
25
41
44
40
39
21
58
15
46
51
50
63
83
111
78
90
65
82
85
101
83
64
50
26
42
30
23
28
15
-21
-10
-4
3
33
33
56
60
30
30
8
11
12
40
-7
-31
35
-42
2
-11
25
37
33
94
105
100
57
14
-6
-6
-13
-64
-30
-34
-76
-51
-51
-41
-15
26
-11
-1
21
6
10
55
115
101
78
69
82
47
12
9
33
43
39
94
128
135
137
136
96
71
99
131
124
118
96
42
63
74
36
42
36
37
18
36
18
-16
2
13
7
-49
11
-17
-39
5
6
5
-41
-60
-3
-16
-44
22
22
13
13
23
58
38
16
55
58
48
37
27
49
4
19
5
38
25
25
47
-5
7
-25
-6
17
-20
20
13
-40
-12
-20
-68
-12
-46
-68
-15
-21
-19
-12
9
24
36
26
17
27
54
7
42
59
98
102
65
24
49
70
-18
-1
-12
-39
-15
-15
-6
-25
0
-9
-12
3
-54
-76
-37
-54
-78
-98
-92
-6
13
-27
-23
-25
-50
-44
-24
-17
-42
-54
-94
-49
-58
-56
-37
-43
-20
-84
-48
-17
-45
-51
-83
-103
-41
-33
-84
-60
-3
-25
-26
-9
5
9
-11
-29
-6
-24
5
18
32
-9
-25
-6
-30
8
-19
-40
-15
-37
-69
-8
-7
-20
2
-26
1
3
-79
-78
-70
-73
-99
-100
-115
-152
-186
-195
-187
-206
-183
-186
-171
-158
-188
-121
-102
-112
-142
-154
-115
-133
-137
-128
-136
-143
-134
-111
-129
-123
-125
-127
-61
-56
-24
-18
2
17
-23
-42
-61
-29
-17
-72
-106
-91
-107
-118
-159
-159
-226
-200
-158
-195
-217
-210
-182
-155
-123
-163
-192
-193
-150
-149
-173
-151
-129
-160
-152
-130
-116
-127
-136
-114
-91
-92
-86
-86
-88
-70
-42
-36
-59
-21
-34
-37
-39
-29
25
-6
9
-35
-52
-50
-59
-54
-97
-83
-108
-139
-118
-146
-142
-174
-154
-154
-186
-143
-168
-177
-162
-116
-100
-161
-135
-185
-218
-242
-203
-217
-217
-217
-249
-218
-215
-155
-144
-107
-59
-108
-143
-119
-142
-159
-167
-133
-162
-181
-131
-144
-115
-157
-216
-218
-252
-278
-287
-277
-315
-307
-289
-278
-271
-297
-300
-320
-316
-312
-311
-312
-324
-351
-343
-295
-274
-297
-334
-284
-293
-253
-229
-222
-212
-203
-158
-170
-122
-146
-121
-73
-74
-80
-111
-101
-147
-186
-170
-197
-170
-190
-201
-226
-261
-258
-253
-235
-316
-305
-261
-300
-288
-294
-257
-236
-241
-212
-237
-270
-241
-231
-241
-217
-220
-213
-233
-196
-133
-132
-133
-126
-129
-206
-204
-225
-237
-241
-210
-244
-257
-277
-277
-269
-306
-288
-248
-249
-272
-230
-271
-270
-279
-310
-294
-347
-343
-327
-338
-321
-327
-329
-374
-344
-299
-298
-325
-300
-294
-261
-248
-267
-217
-256
-261
-231
-266
-260
-304
-268
-251
-250
-256
-261
-218
-243
-230
-242
-201
-247
-228
-240
-235
-251
-283
-239
-227
-226
-240
-214
-237
-217
-260
-248
-253
-228
-203
-243
-249
-211
-209
-241
-211
-232
-237
-229
-217
-173
-188
-218
-211
-266
-314
-210
-231
-296
-282
-278
-325
-281
-238
-281
-267
-301
-312
-350
-286
-238
-230
-209
-206
-199
-160
-130
-187
-193
-195
-180
-166
-190
-182
-179
-203
-222
-230
-204
-213
-235
-239
-230
-231
-249
-204
-226
-272
-245
-283
-247
-230
-211
-177
-159
-177
-159
-179
-170
-128
-134
-163
-173
-198
-203
-181
-234
-227
-219
-216
-249
-278
-281
-306
-283
-286
-233
-250
-281
-249
-249
-235
-253
-232
-236
-228
-239
-248
-196
-217
-197
-167
-181
-195
-174
-141
-152
-155
-100
-70
-60
-107
-51
-2
-36
-20
-28
0
1
-37
-53
-49
-93
-76
-92
-83
-77
-101
-83
-116
-150
-168
-169
-159
-149
-214
-193
-208
-256
-217
-217
-222
-211
-231
-177
-196
-207
-175
-185
-173
-172
-166
-162
-147
-99
-22
-39
-51
-36
-53
-70
-50
-55
-21
0
12
27
3
32
2
-14
-74
-120
-71
-66
-106
-91
-73
-115
-113
-75
-87
-106
-89
-135
-123
-89
-142
-149
-150
-204
-227
-176
-156
-123
-156
-210
-185
-196
-195
-173
-147
-157
-141
-117
-80
-65
-57
-79
-78
-113
-94
-59
-94
-80
-70
-64
-29
24
44
78
70
27
58
47
42
55
26
19
-9
-34
8
-38
-32
-41
-88
-67
-27
-44
-33
-50
-112
-66
-114
-135
-151
-157
-136
-153
-188
-216
-222
-260
-214
-170
-169
-173
-130
-174
-117
-132
-126
-122
-116
-49
-79
-41
-63
-58
-36
-83
-72
-22
-20
-25
-23
-16
-33
-22
-14
-31
-16
-59
-83
-35
-39
-54
-85
-97
-106
-140
-131
-128
-111
-102
-127
-137
-145
-67
-61
-4
5
-6
-14
11
25
45
62
81
63
79
142
97
97
74
83
43
47
28
18
38
9
8
-13
6
3
-16
-14
-29
-49
-51
-64
-97
-75
-105
-130
-77
-130
-130
-123
-111
-85
-104
-105
-126
-149
-126
-104
-100
-112
-81
-86
-52
-43
-17
8
28
30
10
41
35
3
5
16
-21
-16
-43
-29
37
10
-12
-20
0
3
22
6
6
43
38
6
16
18
17
31
57
49
45
3
-15
44
34
53
15
34
15
11
38
48
80
108
80
76
136
126
80
95
87
52
60
24
30
12
10
-14
-9
-10
22
44
42
70
41
47
38
11
-5
44
45
42
44
22
29
15
-13
-6
14
61
56
30
81
63
91
38
84
113
46
84
79
42
23
-18
-31
4
11
-21
-52
-5
-8
5
17
12
45
15
28
23
34
62
46
21
67
38
-10
8
27
23
25
51
61
96
66
61
56
95
106
107
146
174
200
128
129
147
173
188
169
179
166
177
104
118
169
129
84
97
106
119
114
87
117
107
72
45
65
3
54
79
91
56
37
99
73
77
73
101
59
82
84
61
85
89
78
86
111
73
26
19
-8
-1
0
-6
32
42
72
93
95
98
69
114
99
110
155
87
125
151
157
172
175
134
178
199
155
183
207
219
201
148
165
173
177
182
116
105
107
131
113
101
88
21
53
72
15
54
14
13
16
37
36
39
14
20
17
9
46
-6
26
44
88
70
79
106
96
127
91
90
124
107
134
175
165
132
119
87
64
91
35
84
107
91
63
40
76
72
45
25
51
53
30
22
38
30
27
13
34
41
40
73
37
36
105
88
80
104
127
59
62
105
151
144
175
151
161
176
128
217
202
204
240
245
237
275
258
255
268
244
269
277
241
227
260
247
243
198
163
113
130
128
68
79
18
11
20
54
49
20
39
0
-29
-29
-17
-60
4
5
-9
-14
16
52
56
47
103
117
65
22
64
87
100
131
140
124
133
124
82
93
59
78
134
117
91
64
56
82
53
73
73
64
88
112
125
109
64
116
133
105
92
111
78
61
73
37
68
39
34
81
43
38
77
71
69
125
136
163
142
187
181
101
126
113
90
66
70
52
38
81
69
98
84
40
73
90
84
93
82
74
-3
-15
-12
-25
-28
-39
-3
-34
-53
-18
-75
-52
-54
-55
-5
-42
6
39
29
61
87
116
137
176
162
153
136
113
129
154
146
165
119
88
78
86
90
78
79
75
92
82
34
61
42
32
11
-6
20
37
30
44
38
79
74
51
63
37
106
97
93
64
80
65
21
65
87
72
98
145
126
108
85
115
105
131
112
97
143
153
174
198
220
199
150
155
165
166
155
156
171
153
163
170
208
196
190
172
104
128
100
76
89
74
73
84
34
13
26
26
71
55
68
89
49
64
117
95
137
82
83
112
109
99
56
77
107
63
71
42
38
58
81
64
81
132
94
106
119
92
98
80
84
109
82
67
80
71
36
58
74
62
84
81
76
62
94
59
92
77
65
92
21
29
11
40
46
66
55
102
85
91
124
110
111
124
94
86
106
82
79
92
109
82
98
163
206
150
128
107
115
99
87
76
97
97
107
149
93
90
85
94
94
90
85
101
92
85
107
75
96
136
142
137
141
110
86
52
46
56
43
47
92
39
20
30
83
100
120
129
142
180
177
144
180
224
185
198
137
129
143
165
108
96
113
72
76
98
75
52
96
102
89
121
105
101
122
85
87
76
45
44
98
105
113
105
73
92
115
96
116
130
122
182
145
150
120
115
164
152
139
183
183
201
167
144
174
165
165
123
149
162
174
209
186
133
145
93
87
137
121
108
131
143
144
165
170
171
158
173
161
130
94
97
96
135
146
148
186
173
189
205
196
169
167
160
135
146
134
180
181
120
162
126
130
143
187
161
148
162
141
178
130
177
185
196
190
179
120
112
78
46
108
116
94
128
134
74
71
60
79
58
76
20
17
31
22
39
31
12
-36
-5
5
2
-12
-15
12
7
16
33
54
94
133
183
179
192
205
207
212
180
188
163
179
170
161
178
171
169
128
72
120
73
76
91
143
130
137
166
124
120
108
87
104
117
64
106
96
70
105
62
64
53
29
45
50
39
53
100
64
37
39
49
51
92
87
70
101
104
76
89
98
121
90
87
115
102
69
100
109
88
107
152
141
102
117
100
124
130
124
141
111
122
107
158
142
164
155
120
139
118
143
104
111
95
84
113
75
20
21
12
35
80
62
45
4
44
47
15
-16
9
13
18
50
54
63
48
72
70
87
121
121
126
88
105
97
82
88
109
119
148
147
152
203
148
137
131
124
111
83
46
68
104
64
96
66
76
69
27
-22
-42
-28
-48
-75
-50
-66
-10
6
-39
-16
-28
-38
-50
-58
-63
-47
-82
-45
-60
-62
-77
-73
-29
-35
-27
11
87
123
80
91
137
143
128
121
105
125
169
159
148
75
65
63
61
30
29
59
14
-20
-12
2
-34
9
-10
-51
-39
-42
-65
-28
6
35
22
-6
8
-7
17
38
22
65
5
28
90
67
87
69
118
114
151
158
159
176
150
154
129
125
65
70
74
71
27
-1
21
34
40
50
21
-5
-9
5
8
-41
-38
-23
-18
-38
-44
-46
-54
-76
-78
-49
-62
-56
