SAMPLES:	16857
BITSPERSAMPLE:	16
CHANNELS:	1
SAMPLERATE:	16000
NORMALIZED:	FALSE
-14
-22
0
-13
-12
39
34
-6
27
48
3
39
53
31
55
47
45
44
56
55
41
12
3
-49
-73
-42
11
40
11
27
64
85
83
86
77
48
70
35
48
2
37
-4
-23
-19
2
29
-73
-66
-49
-58
-55
-64
-67
-84
-141
-102
-141
-130
-99
-72
-86
-96
-103
-129
-140
-208
-218
-192
-214
-167
-151
-151
-96
-66
-20
-49
-52
8
-65
-39
-45
-18
13
11
-4
-8
68
45
93
69
89
105
76
46
43
1
22
-18
-49
-26
-5
-10
-66
-41
-53
-9
-50
-85
-87
-136
-144
-141
-88
-60
-75
-63
-55
-59
-48
-20
-30
-64
-87
-95
-102
-108
-110
-86
-30
-50
-14
11
-25
21
49
47
17
-16
6
10
-11
10
-5
-34
-28
-22
-2
-49
-95
-103
-103
-115
-122
-135
-141
-166
-134
-109
-140
-99
-92
-113
-97
-80
-126
-125
-174
-197
-164
-151
-127
-159
-158
-137
-103
-74
-66
15
8
61
62
35
47
48
95
20
12
11
-16
0
-6
23
35
48
55
17
37
51
50
12
-32
0
-1
40
-4
13
1
8
-8
-32
-10
-81
-46
-40
-22
-32
-3
44
80
72
66
117
122
168
164
156
205
179
200
186
190
200
186
180
160
205
143
196
205
171
209
163
157
133
115
59
57
24
6
9
-60
-35
-36
-10
-7
-17
-37
-47
-48
-9
-10
17
55
36
56
103
115
104
125
122
119
126
163
158
197
178
187
192
206
242
206
236
223
257
261
284
317
272
244
262
280
274
234
254
239
199
159
154
193
163
162
152
140
128
164
151
160
155
184
143
118
100
91
131
142
168
130
167
183
187
196
165
208
186
176
142
114
167
172
145
185
142
183
182
184
221
193
185
155
138
105
141
149
174
156
146
171
160
192
134
128
133
88
89
117
173
134
123
127
123
99
81
106
67
75
126
93
66
65
71
59
1
-3
-22
-27
57
43
111
111
110
156
166
159
123
110
146
149
122
136
87
110
103
62
83
62
35
46
38
43
20
81
111
120
122
148
124
120
144
113
86
101
106
113
108
96
125
97
92
70
63
52
28
54
70
34
62
60
54
64
42
22
15
21
34
87
89
89
84
79
50
88
51
-9
18
23
5
-18
-46
-63
-95
-83
-41
1
-64
-45
-18
-5
21
-40
-67
-55
-45
-46
-19
15
38
52
68
71
-5
-20
-25
-49
-31
-28
12
3
37
67
84
112
49
66
36
26
-16
-62
-46
-93
-86
-97
-83
-86
-88
-53
-54
-30
-23
-10
-12
-4
35
-14
-27
-13
-8
-7
-70
-45
-46
-71
-18
-15
-7
-29
5
26
30
35
50
47
15
27
53
59
2
-22
-24
-52
-58
-58
-71
-71
-124
-151
-149
-206
-196
-200
-178
-166
-170
-144
-203
-191
-201
-178
-143
-152
-170
-144
-113
-90
-115
-91
-36
-102
-100
-100
-128
-141
-122
-78
-67
-35
12
-35
-19
-21
8
-18
-23
6
-38
-61
-84
-73
-102
-120
-102
-100
-87
-127
-116
-122
-169
-216
-206
-208
-262
-211
-209
-172
-151
-165
-160
-139
-176
-181
-150
-133
-166
-164
-190
-164
-177
-138
-74
-137
-111
-133
-128
-143
-120
-137
-121
-120
-87
-49
-69
-34
-58
-10
-6
-73
-69
-77
-90
-92
-60
-113
-139
-112
-155
-189
-202
-157
-216
-217
-218
-186
-158
-117
-121
-119
-112
-148
-132
-126
-173
-205
-213
-218
-257
-260
-275
-296
-280
-310
-286
-269
-247
-204
-222
-245
-255
-283
-325
-336
-359
-359
-360
-347
-368
-378
-395
-397
-408
-374
-318
-398
-337
-292
-290
-281
-266
-285
-230
-191
-216
-186
-263
-228
-191
-196
-226
-238
-226
-189
-235
-258
-224
-222
-193
-220
-261
-236
-196
-183
-200
-212
-229
-242
-234
-277
-289
-294
-320
-294
-301
-273
-270
-255
-246
-252
-265
-308
-374
-376
-368
-360
-392
-387
-368
-375
-373
-371
-340
-380
-350
-311
-332
-341
-303
-280
-241
-210
-240
-263
-281
-326
-297
-328
-341
-299
-319
-299
-269
-260
-296
-277
-270
-272
-315
-291
-252
-224
-279
-268
-256
-319
-269
-254
-276
-271
-314
-327
-333
-305
-295
-243
-244
-224
-171
-168
-155
-175
-145
-192
-213
-175
-202
-206
-190
-205
-208
-211
-216
-223
-274
-272
-266
-261
-209
-262
-282
-261
-246
-242
-293
-262
-251
-228
-249
-272
-253
-283
-291
-277
-251
-285
-254
-253
-205
-205
-208
-172
-190
-173
-163
-150
-187
-175
-167
-200
-253
-227
-208
-210
-228
-255
-244
-274
-276
-239
-226
-235
-251
-253
-259
-226
-252
-229
-249
-293
-295
-320
-348
-320
-338
-333
-321
-321
-315
-272
-203
-197
-155
-222
-190
-163
-179
-192
-215
-199
-200
-216
-239
-264
-286
-318
-285
-270
-297
-265
-278
-267
-257
-261
-282
-232
-223
-251
-228
-219
-159
-191
-155
-144
-190
-201
-200
-190
-210
-270
-315
-278
-267
-276
-243
-168
-168
-196
-247
-275
-275
-299
-292
-357
-308
-289
-247
-258
-312
-327
-349
-330
-338
-326
-314
-264
-260
-244
-244
-233
-228
-219
-210
-190
-210
-201
-126
-151
-128
-121
-146
-134
-92
-113
-138
-131
-139
-137
-146
-154
-149
-192
-211
-189
-207
-227
-263
-271
-254
-230
-227
-245
-276
-253
-306
-342
-357
-359
-312
-338
-312
-318
-251
-232
-225
-208
-228
-237
-211
-177
-192
-201
-202
-181
-149
-124
-91
-65
-136
-109
-97
-112
-99
-116
-135
-177
-176
-207
-174
-178
-210
-239
-227
-173
-182
-201
-233
-221
-216
-272
-301
-329
-349
-378
-373
-375
-358
-319
-302
-263
-246
-259
-226
-264
-260
-263
-326
-307
-297
-302
-286
-243
-265
-272
-246
-289
-215
-189
-205
-203
-162
-152
-160
-152
-158
-99
-149
-160
-149
-152
-183
-239
-223
-236
-247
-280
-214
-256
-238
-205
-239
-234
-267
-265
-263
-225
-241
-247
-272
-280
-243
-273
-296
-291
-282
-296
-301
-276
-271
-251
-288
-292
-256
-185
-186
-198
-219
-209
-167
-183
-204
-200
-163
-202
-170
-172
-167
-189
-218
-136
-113
-123
-163
-139
-186
-179
-195
-199
-126
-190
-180
-204
-230
-255
-255
-220
-225
-241
-164
-150
-151
-102
-136
-131
-145
-186
-243
-249
-265
-247
-221
-218
-163
-127
-110
-100
-98
-89
-114
-100
-97
-95
-60
-70
-78
-83
-27
-15
-38
-33
-51
-9
-51
-78
-92
-97
-112
-176
-154
-200
-196
-191
-176
-193
-216
-220
-218
-249
-222
-234
-293
-285
-288
-292
-265
-176
-181
-170
-216
-173
-165
-188
-201
-228
-208
-183
-141
-184
-155
-154
-138
-138
-134
-106
-32
-35
-27
58
80
40
32
-34
-42
-64
-113
-135
-150
-130
-166
-152
-129
-132
-164
-151
-149
-155
-148
-94
-76
-66
-45
-36
-70
-70
-95
-105
-97
-121
-89
-109
-119
-86
-87
-63
-95
-126
-133
-127
-96
-159
-165
-133
-125
-138
-111
-116
-161
-113
-143
-161
-180
-160
-103
-103
-126
-106
-121
-179
-156
-128
-131
-140
-183
-184
-186
-175
-163
-146
-143
-176
-149
-167
-167
-178
-127
-77
-31
-51
-15
-30
-61
-104
-136
-209
-274
-293
-331
-352
-344
-283
-260
-217
-187
-165
-198
-169
-161
-162
-153
-145
-126
-181
-187
-156
-213
-186
-244
-273
-298
-282
-258
-251
-241
-197
-134
-133
-154
-130
-166
-194
-121
-117
-114
-150
-131
-172
-173
-214
-235
-222
-259
-255
-225
-226
-270
-272
-266
-237
-269
-256
-232
-267
-281
-286
-282
-288
-295
-324
-328
-346
-336
-378
-423
-419
-407
-426
-358
-340
-344
-333
-378
-308
-275
-300
-284
-283
-293
-236
-258
-285
-193
-154
-185
-222
-186
-222
-219
-229
-278
-240
-304
-316
-295
-328
-317
-327
-302
-246
-253
-282
-260
-271
-301
-269
-249
-271
-309
-382
-355
-314
-348
-345
-307
-314
-284
-296
-307
-264
-294
-277
-251
-218
-198
-233
-222
-283
-262
-223
-249
-221
-205
-212
-251
-221
-169
-208
-200
-191
-227
-203
-192
-206
-241
-240
-298
-292
-302
-319
-307
-312
-323
-279
-318
-318
-286
-307
-316
-354
-312
-326
-320
-312
-290
-335
-325
-360
-405
-376
-370
-344
-331
-348
-341
-392
-437
-391
-370
-382
-339
-322
-352
-288
-279
-273
-236
-273
-237
-233
-229
-218
-223
-238
-230
-236
-230
-249
-312
-284
-310
-263
-312
-320
-342
-312
-304
-319
-305
-286
-272
-305
-306
-279
-322
-361
-360
-394
-367
-393
-363
-340
-357
-314
-292
-298
-269
-228
-190
-180
-182
-158
-194
-221
-227
-200
-247
-236
-232
-309
-271
-287
-257
-249
-231
-195
-203
-210
-176
-154
-143
-128
-162
-219
-267
-323
-334
-385
-390
-388
-363
-388
-384
-338
-360
-336
-328
-350
-366
-335
-355
-332
-286
-253
-284
-311
-226
-235
-236
-217
-197
-211
-167
-203
-187
-165
-188
-205
-236
-222
-222
-206
-218
-205
-178
-186
-219
-228
-246
-240
-253
-266
-293
-294
-320
-335
-278
-312
-332
-307
-307
-305
-292
-273
-295
-294
-267
-289
-289
-283
-318
-366
-320
-316
-292
-238
-254
-266
-225
-216
-211
-201
-218
-221
-280
-259
-249
-215
-192
-182
-202
-204
-154
-177
-166
-194
-198
-219
-224
-193
-222
-194
-178
-218
-210
-187
-193
-204
-261
-241
-273
-313
-283
-280
-323
-326
-320
-346
-335
-348
-302
-290
-264
-247
-233
-256
-260
-219
-208
-224
-236
-241
-242
-228
-254
-262
-226
-194
-146
-143
-166
-118
-132
-150
-169
-192
-221
-196
-197
-230
-249
-213
-164
-154
-195
-161
-198
-191
-126
-149
-170
-206
-216
-293
-311
-295
-296
-307
-328
-311
-321
-324
-321
-300
-319
-309
-288
-284
-258
-253
-232
-229
-198
-179
-183
-229
-264
-265
-277
-268
-335
-312
-291
-242
-238
-260
-195
-196
-189
-216
-211
-197
-239
-258
-331
-343
-283
-291
-310
-338
-360
-325
-338
-343
-302
-293
-279
-266
-240
-268
-264
-192
-250
-262
-256
-273
-285
-279
-268
-197
-147
-188
-182
-181
-154
-142
-173
-146
-150
-156
-152
-194
-225
-209
-213
-202
-173
-153
-138
-171
-203
-167
-128
-154
-102
-112
-87
-66
-68
-73
-88
-74
-75
-125
-178
-227
-244
-216
-210
-283
-269
-261
-231
-237
-269
-282
-259
-202
-238
-198
-213
-240
-220
-222
-224
-231
-227
-256
-305
-282
-288
-255
-266
-255
-189
-218
-214
-219
-221
-248
-208
-212
-181
-152
-163
-160
-133
-149
-166
-159
-201
-183
-181
-147
-83
-110
-71
-41
-51
10
-8
49
62
9
11
6
-42
-76
-88
-112
-128
-167
-183
-204
-215
-234
-204
-225
-231
-207
-148
-107
-138
-114
-100
-104
-133
-138
-149
-152
-116
-136
-122
-104
-132
-68
-42
-19
-37
-61
-45
-56
7
31
45
69
38
79
40
-3
32
-25
-11
-35
-42
-73
-114
-87
-84
-80
-42
8
-17
-64
-84
-62
-105
-120
-131
-173
-104
-129
-117
-136
-93
-59
-73
-71
-107
-36
-53
-37
-10
8
33
64
60
90
104
44
78
116
49
52
-1
-39
-17
-49
13
-18
6
41
-1
37
26
0
-71
-55
-52
-139
-109
-139
-186
-206
-162
-179
-238
-181
-186
-159
-157
-167
-144
-116
-113
-128
-127
-121
-102
-132
-145
-113
-69
-76
-66
-28
-50
-12
3
80
57
1
27
0
-36
-55
-70
-63
-16
-24
-9
-37
-38
-74
-69
-48
-60
-42
-18
-41
-70
-83
-130
-110
-168
-178
-132
-160
-130
-127
-144
-165
-198
-160
-188
-124
-86
-100
-27
-46
-24
-55
-74
-35
-53
-84
-140
-143
-134
-147
-151
-118
-70
-45
-29
-57
-15
-27
-29
-19
6
28
95
103
43
59
31
12
22
2
-19
-60
-71
-74
-83
-92
-118
-122
-82
-24
-40
-31
29
13
16
-20
-17
-11
0
-33
-64
-80
-84
-110
-80
-7
-25
-60
-19
-51
-95
-88
-60
-110
-65
-29
-59
-2
-10
-4
5
-17
-48
-16
2
20
57
25
45
22
16
16
8
5
10
9
-13
-17
-42
-73
-123
-134
-126
-113
-123
-80
-98
-92
-57
-39
-15
-12
-9
-6
-32
-18
-40
-50
-86
-96
-76
-127
-79
-92
-56
-51
-55
-28
-48
-16
26
-8
13
49
78
120
76
93
68
47
-29
-72
-85
-97
-60
-50
-30
-22
-21
7
4
-12
-47
-32
-70
-63
-71
-71
-75
-79
-69
-70
-47
-67
-72
-78
-41
-36
-31
-6
33
27
-3
16
40
41
52
40
66
26
53
52
77
48
11
10
-56
-43
-50
-18
-14
25
36
56
-4
43
59
21
18
-22
-28
11
-18
-49
-26
-67
-82
-94
-70
-85
-80
-99
-108
-105
-80
-46
-36
-36
-2
18
1
6
28
29
-5
-37
-2
-32
-23
3
-16
-19
-26
40
119
113
86
109
97
49
48
23
34
-9
-30
22
-39
-13
-15
16
0
37
13
-19
11
2
57
33
46
21
94
90
66
33
16
54
12
17
12
-17
12
17
-43
-25
-42
-50
31
-15
-54
-49
-35
-62
-63
-83
-114
-76
-46
-23
10
26
57
70
52
20
57
39
28
23
21
8
4
46
5
16
16
7
-24
21
-1
1
10
21
54
50
52
35
37
92
66
59
66
77
46
-6
43
40
5
4
51
75
35
12
76
97
113
109
105
80
42
92
85
25
4
41
48
0
15
38
41
22
-3
2
-21
-26
-25
5
32
49
49
27
4
27
43
-1
0
-9
45
41
51
77
35
-20
20
37
36
40
57
62
39
77
43
21
14
3
-26
-27
-18
-22
-2
-30
-47
-16
3
19
-1
-14
-21
-53
-73
-70
-53
-55
-64
-50
-95
-91
-68
-30
-27
-20
-42
-50
-32
-29
18
-6
13
12
-24
-9
-32
-68
-58
-43
-57
-67
-28
-11
29
56
32
19
42
51
83
128
140
146
115
71
29
-2
14
-5
18
78
59
43
74
97
95
100
101
154
128
136
116
76
98
58
65
84
97
104
95
47
80
77
33
6
-22
-17
-13
30
-36
-48
-48
-72
-79
-91
-56
-65
-111
-138
-134
-117
-132
-140
-157
-127
-65
-104
-46
-13
-62
-71
-90
-59
-29
-43
-75
-21
-45
-73
-44
-42
-13
-21
6
-29
-27
-25
-7
9
72
42
25
53
21
0
-13
-26
-41
-11
-55
-35
-6
-28
19
-25
-14
25
-17
18
1
-10
4
-15
21
-1
27
44
52
33
29
72
54
32
14
0
-18
-9
16
2
-16
5
-13
-13
2
-6
24
71
119
86
73
81
63
77
68
82
83
55
32
18
92
63
32
45
19
2
-2
-4
-3
6
81
15
-21
-25
-68
-64
-79
-52
-85
-110
-128
-87
-115
-101
-43
-61
-23
-49
-46
-64
-55
-60
-66
-52
-63
-88
-92
-91
-75
-41
-52
-24
-14
7
4
-3
21
43
9
-15
28
27
28
19
-11
-4
16
3
18
0
24
-25
-19
-28
-31
-24
-21
-1
-47
-44
-70
-53
-29
-21
0
-48
-47
-59
-113
-82
-106
-128
-98
-86
-81
-111
-121
-100
-77
-70
-78
-96
-89
-46
-33
-50
-67
-62
-60
-78
-45
-58
-59
-53
-19
-6
-29
-8
-23
-54
-15
-40
-69
-55
-58
-69
-82
-79
-68
-74
-79
-64
-99
-113
-66
-99
-132
-102
-90
-68
-108
-131
-86
-80
-98
-78
-69
-100
-42
-22
-12
43
51
28
56
79
36
18
18
47
16
24
9
23
30
-3
-28
-50
-78
-117
-114
-128
-119
-161
-118
-130
-174
-211
-193
-182
-181
-184
-168
-159
-159
-121
-139
-146
-94
-102
-109
-133
-171
-147
-147
-135
-145
-92
-99
-100
-50
-19
-62
-56
-78
-92
-87
-92
-84
-110
-117
-170
-125
-147
-110
-100
-78
-82
-96
-107
-118
-135
-178
-163
-191
-181
-200
-187
-203
-183
-146
-143
-140
-111
-83
-62
-50
-52
-53
-78
-101
-100
-55
-75
-96
-92
-82
-111
-98
-86
-74
-56
-66
-133
-113
-139
-213
-191
-170
-149
-169
-196
-103
-121
-110
-84
-145
-120
-153
-197
-176
-147
-181
-142
-190
-172
-131
-124
-154
-115
-96
-100
-87
-52
-52
-91
-44
-43
-12
2
-16
-55
9
-22
-15
-3
-28
-44
-43
-48
-26
13
-6
16
10
10
-25
-13
-16
-29
-22
-63
-77
-68
-63
-49
-93
-126
-118
-178
-173
-197
-184
-194
-175
-164
-149
-70
-71
-43
-62
-87
-52
-91
-86
-116
-79
-66
-75
-103
-84
-17
-21
-38
-39
-12
-3
27
-30
-6
-21
-46
-7
40
38
21
42
32
-16
-61
-64
-66
-77
-88
-72
-49
-61
-126
-117
-136
-134
-151
-187
-118
-140
-90
-112
-56
-51
-42
2
-12
20
-16
54
96
71
96
74
2
-6
-7
-17
-23
-1
-52
-2
34
-8
43
15
4
-61
-59
-67
-91
-77
-106
-129
-89
-31
-55
-84
-89
-87
-74
-135
-133
-111
-74
-62
-14
39
3
57
37
39
-14
-23
-7
-18
-25
-65
-30
-16
-21
-23
-26
-37
-89
-100
-112
-157
-149
-123
-136
-154
-134
-101
-90
-67
-61
-59
-75
-98
-74
-103
-50
-70
-117
-132
-77
-75
-36
-10
-8
-50
-36
-5
-46
-14
34
28
-40
4
-2
-41
-33
-15
3
-12
-5
-85
-97
-40
-50
-33
-39
3
0
-17
-35
-55
-62
-88
-56
-71
-107
-103
-129
-90
-53
-59
-87
-62
-59
-93
-82
-121
-87
-102
-123
-148
-143
-175
-186
-215
-179
-191
-168
-140
-106
-55
-12
-36
-32
14
19
-1
-26
-31
-79
28
2
18
14
-1
56
27
43
9
19
24
6
16
29
32
26
83
59
57
61
70
43
14
-11
-30
27
-52
-73
-107
-77
-82
-77
-49
-26
-4
-38
-28
-60
-36
-80
-120
-67
-56
-25
-60
-72
-78
-123
-141
-88
-85
-75
-83
-104
-121
-109
-103
-72
-112
-92
-126
-174
-111
-103
-108
-81
-90
-116
-113
-146
-139
-146
-155
-160
-118
-76
-93
-69
-52
-43
-28
-12
-30
-21
2
-70
-80
-127
-122
-138
-124
-73
-110
-85
-121
-153
-127
-160
-154
-154
-105
-70
-79
-60
-60
-110
-141
-110
-109
-60
-119
-103
-78
-63
-71
-69
-41
-63
-58
-55
-31
-30
-44
-34
10
10
12
-22
29
3
-42
-58
-86
-76
-77
-54
-16
-77
-64
-7
8
13
-55
-75
-73
-101
-102
-106
-104
-159
-169
-135
-146
-186
-182
-124
-128
-129
-167
-151
-150
-126
-105
-90
-40
-56
-88
-103
-76
-96
-122
-102
-76
-43
-61
-74
-37
-40
-65
0
-29
-6
1
2
23
0
-39
-28
-8
-15
-22
-19
-55
-63
-75
-53
-73
-84
-62
-31
-31
-16
-42
-66
-62
-90
-67
-64
-51
-19
3
-23
-11
-58
-57
-13
-34
3
3
-51
2
-20
-53
-62
-29
-4
-11
19
-8
3
39
21
-5
26
52
25
54
67
66
51
59
79
71
87
89
43
24
52
13
55
66
77
80
32
73
30
35
-1
-13
12
-10
-7
-15
-56
-80
-31
-15
-80
-72
-70
-65
-58
-22
-52
-33
2
-4
-6
-34
2
17
20
23
30
4
10
5
1
30
34
13
45
48
32
23
-1
0
19
48
1
28
61
30
-12
26
13
5
40
4
-22
-20
-29
-26
6
-23
5
47
43
27
3
-14
-3
-6
22
37
11
44
67
60
64
54
91
57
38
39
42
78
111
92
115
138
111
117
102
90
62
76
120
129
91
90
130
115
97
84
56
88
83
71
51
59
79
39
107
69
84
101
72
82
66
104
55
68
86
66
79
130
127
140
131
199
188
138
172
167
160
104
98
94
107
56
81
73
62
74
71
68
55
68
68
93
91
48
56
43
-6
-26
-14
-13
-14
-69
-61
-2
27
51
29
5
9
-35
2
50
29
62
91
98
82
84
111
54
66
82
49
68
67
74
52
20
85
93
73
103
155
157
120
135
140
140
90
68
84
94
89
79
81
72
69
73
49
24
63
66
90
153
167
197
230
228
273
296
289
202
198
212
199
176
172
139
129
140
140
222
206
221
249
266
289
262
244
247
199
218
217
180
163
173
158
205
190
151
165
159
169
189
187
210
264
237
230
267
325
313
279
261
297
221
223
221
213
220
174
231
218
227
221
220
240
172
212
242
241
263
252
266
245
240
192
241
239
239
218
238
260
232
265
220
190
165
188
159
164
188
174
185
127
136
111
158
131
132
172
143
145
195
183
180
212
195
183
128
140
159
121
114
114
137
198
185
242
263
206
248
235
228
227
277
252
221
286
212
205
238
200
246
207
192
226
229
289
275
245
220
238
231
196
215
182
175
132
135
148
171
186
185
202
219
234
192
210
210
209
185
175
180
162
164
155
183
142
125
70
80
133
149
185
189
181
173
183
204
203
208
226
286
277
287
278
229
245
246
242
251
240
263
298
299
267
283
284
309
314
271
300
315
279
236
251
240
248
212
207
211
181
199
212
243
249
299
245
225
229
207
224
191
165
158
190
100
127
128
120
134
174
203
191
200
160
191
226
229
253
265
273
322
360
309
357
309
317
353
297
331
319
275
283
309
282
275
319
316
286
341
362
380
342
365
345
332
340
282
244
291
299
266
279
282
307
294
313
328
313
338
326
338
325
361
321
297
327
329
312
281
287
234
213
198
202
195
210
247
269
279
302
318
262
253
299
276
301
307
275
273
255
248
243
174
192
193
233
259
245
250
220
218
242
264
266
282
278
310
317
293
279
295
240
212
217
189
247
198
186
239
231
256
261
259
271
227
217
218
216
233
221
232
251
258
251
252
265
255
234
250
283
239
285
279
278
276
276
330
320
274
293
359
322
344
323
316
398
359
346
314
301
309
300
344
318
293
371
285
321
288
280
255
241
265
272
312
278
389
338
356
368
389
397
376
346
345
422
387
352
392
328
371
450
413
419
413
429
388
409
431
423
417
417
386
317
345
307
369
376
363
381
381
372
356
340
332
309
311
348
287
312
337
329
311
335
347
319
313
361
389
344
417
408
398
411
415
429
379
420
409
386
404
394
347
340
339
345
373
371
364
346
394
418
408
446
456
421
420
471
423
413
439
421
431
404
472
466
428
482
441
400
452
446
437
441
484
455
451
476
516
500
528
540
509
494
443
427
453
456
441
467
430
474
450
377
446
448
423
443
393
400
381
432
451
449
474
476
498
477
507
476
465
446
426
440
447
483
435
391
413
400
432
470
441
462
459
477
486
487
490
459
439
445
458
411
354
335
311
307
298
308
309
300
308
315
282
303
305
301
273
295
317
341
351
383
376
412
434
382
386
366
348
295
314
314
343
345
370
366
353
369
399
384
340
299
306
332
354
370
411
416
359
346
313
310
307
334
330
282
198
201
186
192
216
211
226
207
269
290
273
317
339
319
288
242
244
189
164
139
94
122
90
176
175
161
122
91
115
97
85
56
47
53
40
-3
-4
21
-4
48
24
65
142
101
84
95
134
93
125
134
112
80
22
59
46
21
-6
-9
37
76
113
113
77
44
13
50
42
21
9
-2
-10
-20
-82
-69
-48
-81
-91
-90
-100
-91
-52
-51
-37
-47
-23
-49
-82
-105
-95
-143
-126
-130
-119
-81
-44
-91
-55
-71
-90
-65
-103
-105
-127
-114
-126
-118
-104
-122
-118
-97
-126
-193
-160
-160
-185
-175
-174
-136
-167
-160
-162
-173
-225
-249
-235
-255
-246
-227
-195
-207
-190
-217
-248
-214
-227
-179
-196
-244
-225
-215
-206
-218
-158
-160
-125
-95
-118
-125
-131
-111
-70
-54
-51
-80
-96
-114
-167
-174
-163
-137
-141
-114
-127
-126
-150
-171
-192
-241
-216
-211
-155
-228
-205
-206
-188
-214
-206
-211
-300
-249
-268
-281
-282
-272
-232
-180
-201
-172
-163
-143
-82
-99
-94
-72
-125
-147
-170
-240
-255
-284
-325
-328
-297
-318
-364
-298
-289
-243
-198
-162
-213
-232
-190
-259
-302
-314
-362
-390
-430
-448
-491
-494
-512
-495
-483
-492
-433
-422
-383
-388
-402
-407
-367
-377
-395
-377
-348
-339
-335
-323
-370
-388
-347
-369
-374
-373
-309
-335
-316
-248
-226
-166
-180
-166
-167
-179
-184
-187
-212
-241
-232
-237
-250
-233
-239
-202
-225
-244
-208
-233
-246
-259
-256
-267
-263
-275
-260
-288
-307
-285
-255
-252
-271
-239
-253
-275
-315
-285
-287
-293
-281
-282
-259
-275
-291
-256
-234
-209
-220
-227
-225
-232
-246
-202
-185
-156
-181
-175
-175
-137
-133
-136
-149
-152
-149
-148
-187
-219
-150
-176
-224
-192
-192
-253
-288
-295
-266
-232
-250
-266
-307
-303
-255
-255
-252
-245
-224
-275
-293
-301
-333
-325
-284
-301
-317
-216
-219
-204
-151
-123
-128
-162
-134
-131
-162
-95
-110
-127
-134
-157
-161
-185
-188
-199
-185
-216
-252
-222
-223
-223
-208
-183
-190
-187
-201
-229
-231
-292
-289
-260
-257
-266
-288
-276
-284
-246
-240
-226
-213
-226
-211
-256
-263
-304
-338
-347
-370
-378
-357
-350
-374
-340
-330
-333
-325
-289
-288
-256
-231
-191
-214
-237
-238
-286
-270
-268
-336
-347
-372
-364
-351
-372
-352
-309
-282
-299
-299
-267
-218
-193
-193
-126
-137
-179
-179
-218
-221
-270
-278
-290
-302
-296
-299
-302
-321
-290
-256
-339
-302
-303
-257
-270
-288
-235
-270
-246
-264
-258
-285
-266
-314
-298
-329
-375
-362
-345
-349
-305
-328
-311
-302
-330
-291
-295
-255
-275
-217
-271
-279
-232
-280
-290
-298
-281
-261
-290
-239
-250
-189
-225
-251
-242
-282
-273
-270
-257
-273
-238
-302
-254
-238
-270
-259
-258
-258
-317
-334
-357
-342
-319
-327
-280
-268
-271
-272
-268
-285
-302
-245
-286
-293
-260
-263
-230
-207
-156
-139
-133
-124
-84
-116
-82
-33
-64
-54
-53
-85
-46
-54
-60
-34
-53
-55
-62
-63
-60
-69
-91
-74
-89
-103
-58
-45
-10
-4
-15
-28
-43
-95
-81
-124
-164
-192
-184
-201
-254
-196
-163
-162
-168
-154
-171
-184
-138
-141
-146
-121
-159
-175
-168
-142
-159
-87
-82
-126
-91
-106
-59
-39
-17
-4
-22
-30
-53
-33
-75
-82
-44
-44
-37
-89
-3
-3
-49
-29
-76
-72
-93
-81
-51
-61
-55
-80
-73
-48
-70
2
-20
-14
-5
-13
-36
-6
-10
-53
-24
-32
-40
-49
-57
7
-6
-32
-50
-41
-42
-63
-63
-103
-71
-77
-127
-25
-30
-38
33
3
1
26
34
6
19
-13
-35
0
-7
0
24
13
7
27
-18
-27
-50
0
-15
-74
-64
-56
-8
-4
-9
-19
-20
-17
-20
-9
-29
-67
-14
-33
-22
-21
-20
-12
-35
12
22
26
10
11
41
20
-1
-22
-52
-74
-67
-99
-92
-115
-58
-54
-9
22
11
66
16
12
-10
-2
13
17
38
6
34
54
30
-6
7
-34
-7
7
-39
-25
-60
-29
-9
-31
2
25
18
3
6
43
-27
-76
-26
-34
-82
-89
-82
-51
-56
-77
-39
-16
-8
-5
-33
-5
-29
-2
30
7
-1
-22
5
-23
-119
-119
-63
-90
-112
-162
-156
-117
-95
-86
-112
-61
-108
-126
-103
-103
-92
-85
-122
-127
-181
-221
-221
-270
-289
-265
-245
-199
-225
-215
-191
-194
-204
-125
-80
-72
-19
-59
-75
-79
-62
-98
-111
-92
-112
-98
-110
-101
-93
-81
-125
-152
-138
-137
-155
-105
-121
-147
-157
-157
-96
-130
-159
-180
-195
-199
-233
-256
-252
-194
-219
-257
-300
-337
-278
-307
-336
-322
-332
-311
-333
-301
-307
-338
-340
-344
-270
-273
-215
-163
-131
-157
-122
-77
-133
-123
-153
-156
-145
-154
-159
-157
-95
-110
-122
-163
-151
-126
-132
-133
-156
-177
-206
-179
-156
-170
-173
-165
-212
-217
-216
-274
-284
-296
-308
-265
-269
-284
-331
-359
-354
-337
-333
-287
-260
-311
-289
-297
-278
-298
-291
-323
-349
-331
-363
-321
-269
-269
-286
-282
-217
-233
-202
-225
-195
-202
-188
-171
-223
-222
-219
-268
-222
-243
-279
-280
-292
-231
-268
-258
-306
-309
-284
-269
-266
-248
-255
-285
-269
-241
-258
-274
-264
-253
-235
-209
-197
-206
-244
-269
-262
-243
-266
-267
-247
-227
-237
-248
-203
-197
-186
-206
-257
-249
-218
-205
-225
-223
-198
-213
-240
-232
-225
-238
-283
-248
-237
-231
-193
-202
-200
-173
-195
-252
-200
-167
-209
-226
-236
-224
-194
-192
-208
-183
-218
-228
-212
-232
-183
-191
-258
-265
-259
-274
-276
-277
-281
-257
-244
-186
-217
-224
-191
-162
-156
-144
-132
-126
-139
-192
-212
-171
-189
-178
-105
-169
-109
-139
-140
-103
-138
-77
-78
-86
-93
-70
-80
-36
-61
-89
-82
-119
-147
-142
-200
-249
-217
-214
-170
-190
-176
-185
-161
-163
-150
-127
-152
-188
-212
-201
-205
-193
-256
-272
-294
-312
-278
-245
-213
-187
-197
-142
-150
-85
-44
-101
-92
-129
-122
-121
-139
-120
-154
-166
-173
-206
-268
-297
-278
-261
-232
-225
-224
-206
-213
-164
-147
-150
-170
-149
-139
-183
-215
-198
-181
-227
-220
-247
-199
-196
-209
-196
-194
-132
-140
-146
-126
-171
-162
-164
-158
-137
-161
-170
-142
-173
-163
-134
-169
-189
-175
-158
-153
-134
-144
-132
-167
-153
-185
-224
-195
-179
-206
-189
-141
-170
-134
-142
-107
-132
-186
-205
-225
-253
-275
-225
-211
-171
-190
-203
-206
-223
-220
-220
-236
-209
-192
-196
-237
-220
-230
-258
-250
-260
-257
-286
-288
-268
-246
-226
-237
-212
-150
-129
-167
-186
-158
-174
-157
-157
-177
-139
-167
-157
-157
-198
-150
-168
-162
-128
-138
-133
-124
-92
-64
-94
-109
-110
-158
-121
-112
-111
-160
-192
-177
-186
-200
-201
-175
-134
-171
-180
-160
-173
-145
-176
-148
-120
-157
-197
-185
-192
-234
-214
-200
-234
-239
-149
-162
-190
-187
-168
-182
-233
-234
-279
-305
-298
-338
-301
-297
-283
-242
-249
-269
-303
-306
-232
-235
-222
-185
-201
-162
-210
-205
-238
-263
-233
-268
-176
-157
-170
-192
-169
-188
-173
-133
-167
-150
-106
-71
-40
-49
-79
-40
-56
-99
-74
-49
-132
-116
-101
-94
-85
-24
2
9
18
-16
16
-29
-17
-31
-91
-29
-25
-67
-73
-103
-70
-28
-52
-72
-63
-10
-40
-8
4
-34
27
7
20
-30
-15
-38
-30
-28
-19
-12
-11
4
-96
-67
-55
-80
-44
-103
-137
-59
-30
-31
-33
-4
-22
-15
4
-63
-81
-124
-180
-216
-231
-253
-287
-287
-310
-359
-376
-335
-335
-391
-416
-419
-440
-467
-440
-374
-414
-431
-415
-414
-436
-489
-437
-466
-438
-411
-397
-312
-337
-275
-242
-205
-191
-159
-145
-85
-69
-77
-31
-26
-26
-25
14
46
70
68
141
229
203
280
329
353
431
445
480
567
544
574
652
631
615
658
628
658
656
648
665
642
686
674
650
644
671
611
571
539
493
437
384
333
289
260
195
138
81
93
54
14
-98
-139
-168
-232
-233
-300
-323
-365
-409
-483
-539
-538
-541
-570
-593
-589
-659
-663
-671
-682
-733
-751
-766
-781
-793
-806
-854
-864
-818
-869
-866
-848
-895
-927
-932
-948
-1008
-1028
-1002
-990
-955
-923
-884
-800
-794
-752
-693
-650
-560
-441
-327
-187
-52
62
162
222
326
370
432
493
528
649
727
792
847
832
873
930
892
885
889
899
847
819
814
804
810
748
737
650
533
460
455
384
302
315
268
288
263
299
340
310
352
367
349
326
337
337
348
309
245
272
243
241
271
263
279
286
271
248
225
261
171
103
32
-30
-39
-134
-159
-220
-260
-267
-300
-277
-230
-249
-280
-305
-366
-352
-384
-415
-419
-392
-425
-456
-416
-471
-472
-511
-551
-571
-605
-634
-666
-673
-711
-758
-805
-846
-902
-951
-1026
-1071
-1066
-1033
-995
-1007
-986
-939
-888
-765
-733
-625
-504
-416
-304
-153
-17
64
95
163
257
329
462
517
608
615
674
715
810
921
940
934
916
935
924
935
924
900
901
855
809
776
769
722
630
548
447
466
391
319
269
212
178
172
149
147
124
77
62
68
70
100
125
130
132
107
129
140
109
171
169
177
215
147
155
147
171
229
193
191
189
174
199
197
193
218
201
249
301
279
305
299
215
227
244
241
274
301
323
312
294
287
237
152
128
104
88
23
42
51
31
-38
-85
-142
-222
-247
-326
-364
-468
-530
-606
-667
-685
-759
-844
-941
-953
-1056
-1150
-1189
-1253
-1265
-1240
-1254
-1243
-1185
-1158
-1093
-994
-901
-833
-721
-545
-408
-299
-213
-156
-78
11
138
248
375
480
541
611
674
804
894
913
951
980
1005
1054
1059
1083
1104
1090
1099
1082
1074
1083
1082
1037
971
960
907
835
713
647
659
615
579
537
515
518
507
525
485
499
505
500
433
420
431
447
445
371
388
371
397
422
370
358
372
316
294
308
345
365
331
318
311
275
266
250
247
228
249
240
221
200
152
123
95
66
61
68
103
88
20
19
-41
-24
-20
-69
-104
-92
-122
-165
-187
-194
-160
-180
-216
-247
-238
-268
-340
-385
-438
-505
-536
-593
-663
-714
-768
-794
-889
-921
-915
-963
-1004
-1038
-1005
-990
-958
-928
-828
-748
-687
-617
-550
-409
-315
-212
-113
-47
76
120
164
233
289
427
472
556
582
685
740
771
834
882
912
951
989
988
1003
1003
1049
1032
984
1004
993
981
938
867
832
760
721
681
658
580
552
554
520
498
451
459
409
366
285
245
207
201
149
140
114
67
82
42
15
-23
-62
-101
-112
-87
-110
-148
-145
-136
-137
-126
-114
-79
-69
-112
-94
-82
-62
-53
-51
-58
-76
-8
-21
-58
-38
-11
17
44
72
105
80
42
30
38
39
-10
-9
-27
-43
-83
-149
-163
-178
-249
-284
-357
-406
-465
-522
-576
-661
-687
-711
-770
-809
-869
-950
-965
-1052
-1119
-1107
-1144
-1145
-1120
-1110
-1031
-955
-920
-844
-791
-753
-646
-588
-486
-349
-319
-248
-153
-64
-1
63
154
175
227
350
353
408
486
529
562
572
637
639
690
684
660
673
662
641
677
702
704
703
666
670
639
628
619
640
615
603
622
580
606
563
537
467
413
413
348
256
218
175
118
75
84
44
0
-10
-39
-66
-95
-75
-108
-117
-71
-107
-110
-100
-73
-118
-107
-61
-67
-91
-71
-43
-53
-4
26
15
19
72
71
117
152
178
152
150
203
214
219
241
213
150
113
130
64
51
70
-11
-21
-115
-131
-149
-214
-227
-251
-327
-368
-398
-426
-501
-579
-590
-662
-711
-805
-903
-928
-979
-1005
-1054
-1027
-1030
-1060
-1012
-976
-996
-945
-899
-826
-764
-685
-623
-527
-426
-312
-227
-195
-117
-110
-52
13
87
144
203
266
276
393
424
475
504
546
585
635
684
715
804
804
799
747
745
728
724
742
705
746
764
725
728
713
672
656
586
585
571
538
501
494
433
375
382
368
359
363
309
251
257
193
169
96
63
45
-14
-14
-38
-90
-86
-112
-145
-131
-120
-141
-145
-101
-112
-119
-149
-132
-125
-88
-119
-91
-101
-89
-86
-65
-13
-8
43
10
45
52
27
66
93
96
85
89
82
37
5
-21
-36
-97
-160
-161
-202
-254
-291
-246
-294
-346
-379
-444
-490
-546
-651
-708
-714
-738
-738
-815
-879
-889
-946
-1010
-1044
-1046
-1062
-1057
-1025
-1005
-987
-917
-836
-782
-698
-609
-500
-486
-411
-337
-251
-190
-177
-112
-50
6
16
69
144
247
331
417
490
538
585
569
600
634
658
679
711
757
741
726
756
799
817
796
770
841
834
757
804
784
747
746
680
689
679
629
600
510
430
359
320
278
228
167
179
153
125
141
117
109
69
80
58
28
22
-23
-23
-10
7
-2
25
32
2
9
32
14
25
45
37
52
30
101
80
80
100
86
75
58
48
63
65
20
51
68
18
8
16
-24
-55
-76
-54
-79
-109
-154
-264
-235
-281
-325
-374
-425
-423
-525
-527
-598
-628
-680
-734
-720
-769
-841
-865
-875
-900
-912
-916
-926
-928
-896
-831
-779
-775
-745
-742
-724
-672
-643
-576
-555
-470
-420
-402
-383
-287
-195
-149
-64
-5
44
104
181
244
323
361
389
463
540
565
628
689
691
696
711
790
790
817
868
856
899
894
895
906
849
798
792
746
668
664
620
578
536
500
478
457
411
346
323
281
263
279
226
200
212
188
119
129
112
131
139
99
76
61
97
108
109
83
122
99
70
93
102
94
74
93
96
105
124
145
146
109
99
64
27
42
33
26
40
65
51
6
-5
10
-7
-33
-53
-53
-110
-90
-111
-172
-163
-193
-257
-261
-263
-302
-321
-356
-368
-400
-379
-430
-445
-488
-540
-551
-591
-675
-745
-803
-821
-864
-908
-899
-919
-909
-858
-808
-818
-780
-698
-685
-710
-679
-598
-516
-495
-434
-363
-298
-239
-151
-70
-7
68
147
235
315
416
470
502
622
675
728
834
888
900
942
937
950
994
982
954
923
907
907
885
842
882
850
756
721
697
685
651
588
558
544
551
499
484
420
376
346
303
280
218
177
156
112
96
52
35
41
-40
-40
-43
-39
-102
-85
-72
-114
-113
-124
-116
-152
-130
-148
-170
-188
-161
-100
-89
-70
-60
-26
-1
16
40
106
137
151
122
76
104
82
74
75
96
93
107
95
61
73
47
19
8
-19
-75
-93
-107
-135
-168
-225
-250
-266
-323
-352
-403
-368
-401
-496
-516
-556
-554
-620
-672
-711
-748
-712
-727
-734
-726
-721
-692
-624
-604
-578
-542
-491
-401
-350
-287
-275
-223
-132
-86
-32
53
114
155
195
257
322
369
448
459
561
589
639
709
726
763
773
802
830
823
814
818
796
818
820
791
761
698
684
621
604
572
612
579
532
551
464
452
450
388
395
379
355
339
264
217
249
191
114
136
75
36
-12
-62
-97
-118
-83
-77
-45
-29
-71
-29
-3
-24
-31
-46
3
-32
-8
-54
-8
72
71
151
119
101
138
137
164
93
67
133
187
199
234
214
193
185
181
156
114
47
38
16
-17
-54
-110
-117
-212
-204
-241
-312
-340
-420
-451
-506
-551
-587
-650
-645
-703
-689
-700
-761
-791
-780
-768
-856
-802
-853
-885
-896
-886
-859
-863
-796
-785
-776
-719
-642
-598
-516
-427
-377
-345
-293
-205
-138
-31
41
121
246
350
445
531
606
653
663
685
690
723
769
807
810
803
865
898
872
890
932
928
920
911
887
883
865
824
794
802
751
718
647
551
537
485
423
378
338
297
256
184
157
136
45
3
6
-41
-80
-140
-160
-107
-131
-157
-175
-175
-183
-140
-175
-216
-174
-167
-130
-113
-60
-47
-14
29
101
125
119
151
161
204
213
204
267
265
319
331
335
309
272
296
264
213
193
177
179
127
139
141
106
86
23
-10
-54
-108
-200
-264
-355
-399
-439
-458
-472
-540
-567
-545
-548
-561
-594
-629
-624
-672
-708
-723
-754
-763
-799
-770
-748
-756
-729
-656
-635
-560
-439
-442
-375
-297
-208
-66
-29
20
40
147
353
506
471
424
492
664
766
826
807
829
925
1007
1044
1077
1145
1104
1052
1001
1096
1204
1215
1150
1088
1100
1101
1107
1076
1009
991
903
922
940
912
829
716
710
729
704
661
636
574
489
508
534
569
570
489
461
477
415
364
331
361
424
525
593
598
601
558
526
497
493
521
554
530
556
555
473
408
414
371
375
404
402
361
213
207
207
152
128
113
64
-14
-52
-137
-196
-193
-242
-287
-350
-439
-480
-615
-755
-882
-860
-886
-941
-986
-1091
-1154
-1210
-1255
-1353
-1477
-1563
-1666
-1842
-1761
-1451
-1184
-1253
-1667
-1904
-1645
-1046
-616
-658
-756
-645
-373
-245
-175
133
475
627
616
739
1007
1328
1335
1274
1283
1588
1942
2018
1873
1621
1617
1784
1924
2001
1892
1727
1521
1361
1303
1380
1533
1412
1014
733
730
874
843
695
471
283
230
204
269
286
208
18
-128
-64
187
344
243
23
-113
80
320
366
166
-30
79
276
387
276
166
66
88
93
97
223
194
-17
-210
-168
-50
-95
-228
-321
-279
-186
-250
-536
-763
-683
-520
-654
-825
-717
-737
-855
-923
-977
-1108
-1216
-1260
-1329
-1310
-1220
-1341
-1621
-1719
-1673
-1739
-1926
-2045
-2037
-2264
-2266
-1833
-1521
-1685
-2231
-2658
-2311
-1384
-852
-946
-1319
-1216
-714
-134
168
353
489
474
657
1101
1549
1850
1705
1351
1454
2019
2487
2503
2042
1615
1689
2152
2435
2385
1896
1386
1221
1362
1531
1496
1054
535
248
331
555
541
178
-424
-694
-508
-249
-123
-382
-663
-799
-652
-368
-258
-263
-325
-244
-112
56
201
224
196
199
319
566
620
499
481
525
730
908
876
766
701
719
696
623
667
632
488
198
-48
-73
4
45
-147
-465
-586
-628
-661
-711
-818
-1038
-1178
-1196
-1267
-1288
-1445
-1593
-1757
-1732
-1624
-1713
-2010
-2137
-2150
-2025
-1983
-2104
-2420
-2622
-2620
-2623
-2234
-1737
-1719
-2373
-2983
-2669
-1473
-702
-892
-1474
-1346
-537
181
389
199
382
920
1301
1686
1829
1925
1959
1941
2190
2579
2821
2702
2288
2007
2268
2850
2876
2379
1834
1615
1854
1915
1634
1254
1002
795
562
401
370
230
-74
-372
-499
-445
-430
-543
-750
-798
-693
-703
-763
-790
-622
-323
-156
-163
-209
-112
59
227
385
437
460
530
578
667
812
920
925
837
829
943
975
818
651
547
628
649
395
86
-5
6
-33
-256
-455
-585
-737
-902
-971
-975
-1080
-1221
-1449
-1726
-1769
-1633
-1686
-1972
-2255
-2311
-2298
-2447
-2652
-2705
-2778
-2689
-2995
-3173
-2646
-2160
-2251
-2981
-3158
-2284
-1197
-1158
-1768
-1852
-1089
-238
59
-94
55
577
989
1392
1761
1950
2009
2081
2249
2564
3018
3071
2792
2537
2559
2952
3265
2950
2435
2225
2480
2664
2364
1864
1591
1540
1396
1164
992
768
526
212
91
57
-98
-365
-527
-481
-421
-479
-735
-888
-762
-556
-388
-416
-535
-487
-223
36
150
93
77
200
252
263
286
362
478
521
501
544
563
569
459
421
491
395
231
20
-100
-24
-19
-124
-333
-526
-676
-827
-869
-849
-957
-1176
-1382
-1460
-1546
-1622
-1798
-1958
-2049
-2081
-2197
-2323
-2502
-2641
-2746
-2891
-3210
-3130
-2516
-2297
-2690
-3406
-3435
-2431
-1475
-1596
-2144
-2035
-1110
-291
-158
-267
-16
596
1129
1458
1708
1886
2180
2247
2474
2913
3227
3162
2937
2896
3212
3584
3537
3015
2686
2637
2844
2894
2491
1952
1737
1624
1550
1361
1080
688
417
182
122
114
-140
-418
-568
-534
-396
-487
-678
-744
-677
-520
-398
-481
-526
-363
-163
-133
-67
-7
135
307
313
298
334
464
527
531
585
628
646
546
492
510
493
484
283
151
127
91
-35
-172
-322
-414
-463
-627
-799
-835
-977
-1226
-1438
-1520
-1570
-1602
-1860
-2116
-2400
-2471
-2469
-2561
-2771
-2998
-3319
-3377
-2719
-2353
-2765
-3614
-3688
-2652
-1561
-1713
-2488
-2534
-1442
-441
-246
-667
-570
230
952
1267
1432
1657
1942
2176
2408
2658
3043
3242
3169
3099
3202
3484
3626
3346
3024
2936
3028
3041
2702
2232
2014
1944
1807
1512
1254
956
704
439
235
100
-234
-562
-661
-700
-734
-875
-952
-914
-898
-847
-829
-764
-727
-628
-441
-349
-360
-221
-65
88
229
325
459
590
625
597
547
755
962
984
820
752
679
678
655
593
493
332
186
-23
-81
-162
-218
-419
-763
-852
-927
-1067
-1242
-1550
-1712
-1791
-1927
-2137
-2380
-2544
-2653
-2733
-2964
-3283
-3667
-3225
-2710
-2977
-3838
-4151
-3344
-2267
-2161
-2855
-3039
-2037
-969
-843
-1154
-1134
-320
379
645
792
1050
1476
1900
2110
2268
2576
2915
2999
3051
3205
3445
3591
3422
3251
3383
3436
3253
2836
2704
2849
2734
2157
1658
1691
1751
1470
934
479
360
301
129
-182
-369
-533
-702
-830
-925
-899
-860
-877
-889
-962
-882
-653
-539
-515
-398
-211
-108
-115
-103
174
405
501
462
419
644
879
948
895
809
899
1025
995
915
805
822
733
593
459
320
216
78
-147
-402
-563
-733
-906
-1129
-1370
-1553
-1744
-1971
-2149
-2408
-2701
-3010
-3061
-3290
-3321
-2877
-2862
-3463
-4179
-4015
-2884
-2174
-2694
-3390
-3009
-1783
-1152
-1324
-1589
-1031
-9
446
445
583
1026
1665
1992
2008
2075
2479
2895
3052
3096
3164
3439
3541
3385
3408
3525
3571
3290
2949
2890
2956
2765
2343
2071
1965
1856
1512
1082
831
683
445
186
-22
-172
-343
-660
-809
-815
-739
-759
-878
-1019
-1005
-840
-689
-546
-549
-481
-377
-202
-110
76
238
331
413
483
657
839
939
949
1013
1100
1205
1227
1189
1129
1045
998
916
799
640
490
309
106
-78
-218
-479
-803
-1097
-1223
-1235
-1579
-2044
-2283
-2368
-2557
-2861
-3436
-3499
-2764
-2554
-3308
-4377
-4326
-3127
-2165
-2630
-3520
-3478
-2247
-1348
-1506
-1970
-1649
-421
200
161
100
562
1375
1745
1669
1664
2073
2634
2845
2828
2886
3167
3382
3289
3289
3349
3418
3336
3024
2873
2839
2689
2345
2117
2088
1877
1507
1071
859
959
690
222
-131
-222
-171
-349
-669
-874
-799
-671
-753
-975
-1089
-938
-649
-626
-759
-792
-580
-294
-251
-241
-108
168
352
442
462
677
956
1077
1128
1238
1319
1375
1395
1337
1389
1431
1320
1181
1033
978
948
690
487
289
124
-136
-423
-645
-840
-957
-1297
-1698
-2011
-2232
-2488
-2785
-3231
-3198
-2632
-2762
-3627
-4573
-4279
-2947
-2297
-3135
-4143
-3643
-2060
-1389
-1937
-2515
-1882
-527
-63
-335
-411
269
1238
1511
1267
1337
2060
2736
2857
2762
2785
3227
3548
3491
3475
3484
3533
3503
3266
3139
3109
2920
2585
2388
2377
2102
1632
1236
1130
1116
835
386
105
64
44
-223
-558
-673
-604
-536
-701
-902
-1050
-884
-636
-630
-707
-702
-520
-454
-389
-327
-140
99
214
318
387
485
723
947
1051
1095
1122
1130
1190
1292
1352
1348
1309
1174
1065
1033
881
796
681
502
291
36
-180
-322
-434
-736
-1145
-1509
-1754
-2075
-2457
-2886
-2821
-2275
-2348
-3333
-4290
-3983
-2725
-2255
-3268
-4044
-3512
-2284
-1888
-2411
-2721
-1972
-976
-791
-1021
-865
-50
719
837
701
1022
1701
2201
2286
2288
2529
2904
3092
3075
3217
3378
3373
3269
3132
3179
3174
2938
2681
2609
2513
2303
2018
1690
1534
1407
1110
776
572
464
297
27
-302
-451
-436
-491
-554
-684
-781
-714
-572
-618
-711
-711
-586
-400
-361
-375
-228
-90
70
200
282
441
549
629
756
957
1097
1121
1093
1068
1200
1355
1301
1228
1179
1231
1104
931
846
846
759
394
33
-152
-147
-344
-664
-1061
-1442
-1587
-1780
-2163
-2624
-2592
-2240
-2356
-3141
-3842
-3536
-2594
-2318
-3184
-3840
-3182
-2120
-1996
-2514
-2694
-1791
-923
-896
-1107
-866
-46
610
565
435
814
1447
1818
1831
1840
2038
2457
2662
2709
2862
2893
2974
3012
2920
2929
2882
2670
2514
2507
2433
2129
1812
1648
1609
1507
1095
631
518
604
534
140
-279
-366
-260
-248
-415
-596
-695
-646
-594
-651
-599
-514
-484
-430
-463
-455
-245
-13
136
75
62
267
535
740
853
885
960
1001
1058
1153
1240
1307
1234
1199
1179
1202
1065
923
979
879
666
372
208
109
-52
-200
-497
-718
-929
-1143
-1508
-1847
-2179
-2319
-1905
-1854
-2560
-3531
-3640
-2690
-1799
-2298
-3502
-3610
-2431
-1541
-1873
-2609
-2376
-1221
-666
-1035
-1150
-584
324
611
252
170
871
1671
1833
1642
1676
2109
2589
2676
2621
2566
2690
2903
2898
2794
2654
2569
2529
2481
2372
2142
1832
1707
1643
1473
1101
711
518
584
508
218
-194
-442
-400
-390
-493
-692
-821
-835
-803
-860
-788
-683
-622
-615
-623
-512
-362
-71
174
160
53
232
458
733
913
951
1024
1063
1171
1343
1501
1601
1568
1502
1543
1627
1522
1381
1367
1414
1271
966
693
612
613
517
143
-344
-585
-674
-844
-1255
-1620
-1866
-2113
-2547
-2519
-2210
-2311
-3248
-3993
-3558
-2484
-2302
-3442
-3964
-3043
-1920
-1944
-2676
-2799
-1756
-713
-764
-1190
-924
-40
713
671
419
759
1542
1998
1961
1897
2128
2569
2757
2686
2704
2838
2926
2898
2841
2760
2696
2541
2472
2441
2262
1935
1639
1572
1563
1244
723
396
386
423
143
-231
-479
-449
-424
-513
-731
-955
-977
-779
-711
-835
-915
-849
-652
-475
-458
-502
-297
-119
-72
-55
151
435
697
735
755
1009
1223
1407
1377
1413
1549
1658
1650
1540
1549
1569
1515
1244
1008
980
964
834
536
297
111
-50
-249
-521
-755
-1000
-1288
-1586
-1878
-2222
-2495
-2214
-2137
-2626
-3565
-3838
-2979
-2235
-2732
-3671
-3660
-2567
-1809
-2134
-2656
-2306
-1197
-814
-1064
-1081
-498
400
649
325
271
929
1772
1995
1790
1813
2218
2702
2780
2685
2708
2890
3018
2947
2866
2801
2731
2553
2509
2477
2259
1933
1632
1557
1550
1294
849
502
475
503
340
-151
-410
-434
-423
-454
-631
-841
-827
-731
-705
-868
-924
-759
-544
-502
-651
-634
-345
4
128
64
108
311
556
677
751
865
1038
1118
1138
1202
1317
1422
1409
1335
1294
1282
1223
1106
997
945
865
638
368
187
58
-59
-315
-625
-912
-1260
-1464
-1668
-1991
-2401
-2601
-2235
-2079
-2754
-3764
-3740
-2636
-2008
-2821
-3834
-3527
-2250
-1685
-2244
-2786
-2208
-1109
-740
-1061
-1008
-297
507
643
359
474
1229
1812
1867
1755
1848
2208
2573
2691
2639
2662
2775
2814
2874
2817
2789
2669
2526
2521
2441
2235
1990
1830
1718
1550
1161
830
789
896
631
148
-188
-218
-95
-127
-390
-590
-667
-632
-503
-528
-566
-624
-587
-507
-565
-554
-385
-179
-54
-89
-95
114
363
501
507
638
818
979
1087
1022
1095
1252
1410
1363
1131
1091
1108
1090
948
808
718
722
666
478
304
149
51
-73
-337
-673
-958
-1135
-1243
-1569
-1991
-2436
-2277
-1927
-2220
-3128
-3726
-3223
-2300
-2322
-3301
-3651
-2910
-1960
-1944
-2555
-2605
-1743
-990
-1111
-1364
-1111
-244
380
248
67
430
1148
1557
1569
1542
1799
2277
2496
2541
2560
2634
2763
2829
2843
2786
2632
2539
2564
2532
2405
2132
1983
1923
1711
1352
1109
984
983
760
408
156
26
8
-77
-276
-523
-622
-601
-645
-768
-903
-948
-849
-703
-724
-756
-662
-430
-187
-84
-73
30
247
404
465
461
660
951
1028
921
896
1111
1334
1330
1192
1214
1284
1275
1192
1060
1093
1102
951
749
565
487
432
295
-2
-326
-524
-657
-874
-1139
-1490
-1755
-2048
-2300
-2139
-2066
-2475
-3211
-3463
-2869
-2334
-2713
-3461
-3512
-2704
-2177
-2425
-2840
-2444
-1544
-1212
-1453
-1498
-838
-68
175
-95
-45
566
1180
1437
1371
1490
1966
2333
2438
2431
2463
2698
2892
2917
2825
2698
2660
2774
2808
2618
2296
2064
2006
1932
1768
1521
1273
1052
772
543
422
295
152
-43
-233
-369
-425
-484
-694
-807
-852
-844
-895
-931
-854
-780
-679
-634
-533
-355
-157
9
174
279
389
612
787
950
1005
1002
1172
1408
1475
1438
1379
1515
1632
1588
1404
1236
1378
1437
1232
916
760
860
802
478
106
-181
-283
-412
-676
-1063
-1390
-1581
-1852
-2126
-2422
-2789
-2959
-2855
-2899
-3327
-3767
-3795
-3271
-2892
-3211
-3733
-3595
-2795
-2268
-2422
-2708
-2281
-1487
-1073
-1008
-912
-455
168
502
533
653
1128
1648
1941
1948
1981
2326
2675
2875
2825
2766
2862
2963
3030
2875
2730
2592
2534
2467
2305
1955
1632
1578
1466
1255
802
541
460
427
228
-161
-425
-485
-578
-744
-890
-1044
-1142
-1168
-1131
-1206
-1132
-999
-859
-782
-765
-714
-563
-370
-66
70
162
319
500
708
785
880
1107
1275
1254
1246
1332
1593
1682
1654
1583
1565
1729
1689
1502
1304
1273
1249
1105
781
507
437
325
70
-264
-497
-739
-1010
-1309
-1606
-1784
-2024
-2328
-2670
-2949
-3211
-3333
-3232
-3168
-3355
-3974
-4165
-3665
-3071
-3032
-3453
-3576
-2937
-2153
-1975
-2144
-1974
-1224
-572
-381
-319
-10
567
1045
1170
1229
1535
2022
2362
2440
2508
2731
3037
3230
3251
3161
3164
3111
3079
2942
2802
2644
2442
2313
2096
1814
1554
1309
1096
830
495
272
-36
-305
-489
-529
-707
-988
-1183
-1265
-1142
-1205
-1319
-1397
-1339
-1198
-1099
-1022
-906
-734
-603
-426
-271
-118
71
245
454
706
949
1130
1203
1254
1423
1649
1728
1723
1752
1926
1943
1813
1709
1745
1854
1685
1376
1090
1029
1033
850
493
236
52
-163
-436
-685
-990
-1282
-1503
-1748
-2015
-2264
-2466
-2678
-2890
-3110
-3307
-3477
-3625
-3718
-3554
-3377
-3505
-3897
-3974
-3469
-2801
-2653
-2980
-2952
-2229
-1447
-1262
-1296
-1043
-323
217
360
483
964
1611
1949
1914
1996
2416
2890
3075
2893
2815
3009
3320
3325
3135
2987
3043
3030
2787
2467
2269
2208
1970
1644
1304
1102
857
695
444
124
-185
-449
-628
-807
-958
-1123
-1248
-1380
-1394
-1363
-1349
-1368
-1301
-1158
-936
-816
-816
-719
-497
-227
39
252
393
515
708
923
1101
1308
1413
1543
1661
1724
1755
1842
1951
1977
1964
1857
1730
1665
1602
1485
1281
1046
803
648
529
247
-128
-513
-627
-807
-1136
-1477
-1752
-1829
-1950
-2188
-2449
-2607
-2693
-2730
-2864
-2946
-2958
-3049
-3151
-3150
-3120
-3153
-3026
-2645
-2356
-2512
-2866
-2594
-1748
-1192
-1366
-1660
-1273
-363
141
80
53
486
1096
1431
1490
1681
1986
2318
2339
2269
2408
2626
2870
2767
2554
2538
2636
2620
2516
2389
2138
1905
1777
1710
1586
1345
1055
839
671
477
190
-62
-267
-373
-581
-829
-940
-859
-711
-854
-1185
-1303
-994
-707
-726
-877
-880
-523
-262
-217
-192
21
359
526
560
597
789
1031
1182
1194
1197
1339
1476
1512
1437
1396
1511
1576
1553
1338
1166
1064
979
845
662
488
279
22
-254
-462
-559
-722
-1000
-1339
-1549
-1568
-1646
-1790
-2002
-2195
-2247
-2265
-2218
-2231
-2251
-2239
-2162
-2126
-2121
-2152
-2089
-1958
-1884
-1937
-2000
-1614
-1180
-1268
-1764
-1736
-929
-195
-341
-841
-719
164
756
574
289
481
1179
1490
1342
1263
1554
1908
1956
1730
1518
1757
2156
2162
1893
1659
1681
1836
1714
1493
1322
1325
1247
1036
905
797
725
531
391
285
135
-37
-126
-96
-91
-280
-449
-421
-297
-287
-396
-481
-455
-303
-187
-212
-240
-170
93
314
313
234
340
584
781
806
630
658
853
943
904
811
767
831
866
796
676
575
520
482
357
180
114
8
-70
-229
-344
-447
-610
-663
-703
-793
-940
-1116
-1215
-1178
-1173
-1232
-1417
-1443
-1278
-1231
-1244
-1282
-1215
-1114
-1098
-1055
-1029
-937
-799
-730
-687
-773
-737
-668
-631
-619
-710
-598
-302
-175
-536
-890
-614
66
182
-294
-642
-281
301
426
187
-21
248
589
667
515
430
653
905
812
635
582
833
1119
1074
868
815
945
1093
1118
1027
1022
985
979
925
950
952
871
860
887
902
771
651
655
725
632
456
361
443
463
384
165
84
198
188
78
-62
-113
-47
-50
-97
-188
-197
-151
-167
-211
-275
-233
-199
-169
-201
-286
-293
-235
-146
-218
-255
-282
-281
-220
-158
-127
-127
-106
-66
5
17
127
90
4
-38
-41
9
72
46
-9
-64
-72
-52
-22
-9
-127
-217
-199
-175
-174
-229
-270
-263
-315
-393
-436
-446
-491
-585
-723
-826
-923
-974
-1168
-1032
-764
-883
-1404
-1678
-1225
-612
-686
-1347
-1474
-900
-354
-387
-736
-755
-252
137
101
70
235
674
1003
928
798
996
1391
1639
1653
1506
1521
1749
1909
1868
1747
1787
1805
1727
1727
1654
1612
1481
1330
1318
1238
1009
780
686
629
381
132
-48
-128
-159
-309
-610
-722
-833
-961
-1036
-1061
-1073
-1131
-1245
-1320
-1212
-1107
-1068
-1124
-1169
-1115
-969
-749
-657
-592
-515
-274
-24
-4
56
288
466
573
634
771
987
1074
1034
1019
1112
1248
1300
1188
1032
1089
1190
1194
1053
927
899
952
833
568
505
472
451
338
141
-2
-82
-181
-327
-360
-552
-748
-795
-847
-903
-1020
-1027
-1053
-1166
-1246
-1312
-1313
-1379
-1441
-1593
-1493
-1097
-1146
-1525
-1753
-1315
-601
-486
-994
-1166
-602
42
119
-112
-44
379
835
921
858
996
1267
1552
1547
1410
1529
1799
1940
1801
1639
1688
1858
1869
1628
1494
1473
1419
1169
985
863
736
500
234
98
-122
-259
-420
-605
-773
-891
-1003
-1089
-1140
-1282
-1368
-1428
-1465
-1546
-1394
-1257
-1262
-1275
-1180
-931
-782
-663
-574
-357
-124
68
137
258
581
743
838
898
990
1156
1321
1459
1451
1498
1587
1613
1628
1666
1711
1655
1540
1444
1451
1377
1240
1083
934
877
716
531
420
377
330
105
-79
-156
-229
-320
-356
-441
-513
-542
-579
-560
-632
-616
-592
-600
-623
-654
-652
-650
-635
-595
-590
-555
-595
-613
-602
-622
-676
-744
-782
-451
-214
-541
-1019
-1007
-373
100
-244
-805
-659
-9
256
-52
-314
-179
229
393
340
255
296
509
541
424
340
460
660
642
495
446
575
679
571
482
467
455
379
301
347
370
246
122
121
197
177
82
2
-6
25
-37
-19
1
63
37
-18
-72
-131
-30
43
117
91
2
-7
96
210
310
304
184
127
227
365
367
290
189
247
397
413
358
413
531
530
396
366
456
554
568
422
269
351
437
477
434
412
420
538
532
476
457
533
537
494
477
467
550
492
444
425
429
403
365
317
261
272
203
164
103
39
-11
-102
-202
-311
-422
-530
-610
-695
-794
-954
-1023
-1139
-1237
-1372
-1497
-1614
-1618
-1341
-1365
-1761
-2066
-1774
-1270
-1185
-1585
-1801
-1361
-820
-723
-940
-890
-543
-180
-27
-35
79
323
620
669
613
737
1017
1197
1159
1154
1247
1379
1440
1442
1496
1447
1361
1303
1331
1369
1298
1069
964
998
995
756
523
414
368
283
70
-130
-188
-229
-313
-431
-612
-694
-655
-617
-664
-766
-841
-830
-695
-704
-804
-739
-543
-368
-269
-284
-292
-31
231
325
288
270
464
741
899
836
747
873
1038
1163
1143
1120
1183
1276
1370
1287
1274
1331
1406
1307
1164
1059
1047
1056
931
783
655
590
473
403
315
153
31
-65
-191
-295
-375
-425
-543
-665
-718
-819
-989
-1004
-960
-958
-1074
-1122
-1166
-1170
-1117
-1073
-1128
-1173
-1174
-1166
-1124
-1101
-1129
-1150
-1162
-918
-710
-871
-1080
-965
-491
-154
-291
-645
-445
112
406
219
44
226
550
743
739
686
792
891
891
837
839
938
1050
997
842
803
837
933
764
673
688
618
446
342
351
425
269
11
-27
-1
-10
-111
-163
-201
-182
-228
-294
-275
-236
-151
-127
-223
-302
-274
-116
-41
-91
-100
-20
49
53
54
171
254
253
229
285
424
513
550
498
550
623
701
668
614
649
743
794
704
736
796
818
760
697
693
659
644
616
589
546
529
491
427
357
379
317
240
186
134
98
60
55
-25
-36
-75
-130
-136
-182
-155
-225
-266
-218
-243
-224
-218
-263
-323
-303
-336
-379
-428
-452
-466
-430
-545
-584
-562
-555
-592
-668
-740
-824
-840
-877
-705
-666
-898
-1125
-948
-590
-594
-840
-985
-731
-414
-334
-447
-498
-356
-88
29
-26
46
154
363
448
393
383
581
799
828
717
736
835
916
954
974
940
894
967
1011
1016
921
779
738
782
804
606
376
348
394
304
176
-1
-74
-38
-101
-261
-403
-436
-431
-381
-537
-583
-503
-417
-398
-498
-470
-381
-282
-252
-239
-129
9
135
204
235
282
362
445
546
599
712
804
816
826
880
937
905
896
920
971
958
929
895
871
896
808
744
664
613
534
462
372
322
284
191
186
138
61
-5
28
32
-96
-157
-223
-250
-273
-343
-372
-486
-522
-465
-474
-537
-634
-658
-628
-648
-688
-658
-672
-672
-715
-766
-777
-801
-689
-722
-774
-812
-817
-688
-617
-624
-730
-775
-598
-342
-224
-389
-404
-204
-82
23
-15
-33
95
209
262
293
314
419
541
524
507
485
497
592
595
560
547
556
549
512
523
504
458
396
342
324
285
240
207
202
167
45
2
-79
-54
-57
-69
-114
-210
-173
-66
0
-79
-90
-39
64
103
99
154
237
393
453
418
462
583
680
741
732
700
725
834
870
845
813
850
874
854
804
789
859
850
807
752
682
629
611
550
487
385
314
283
180
87
117
47
16
-55
-115
-108
-93
-114
-167
-125
-176
-206
-175
-209
-250
-191
-176
-193
-229
-216
-221
-273
-248
-277
-337
-295
-293
-314
-330
-302
-276
-227
-302
-360
-395
-411
-378
-438
-566
-633
-648
-640
-707
-798
-809
-702
-615
-688
-804
-830
-611
-503
-529
-639
-620
-416
-295
-303
-313
-278
-128
-21
30
82
124
276
388
486
473
501
594
686
677
719
820
812
822
719
754
801
790
759
685
696
652
630
636
625
567
526
493
496
522
487
402
322
309
282
264
275
166
20
40
184
178
105
56
75
184
220
173
109
69
120
223
202
174
123
194
262
212
201
163
197
222
224
278
312
380
368
404
480
501
561
588
610
569
544
518
507
501
487
444
404
362
351
414
418
340
242
228
181
192
144
90
69
25
-74
-151
-223
-240
-252
-321
-480
-537
-528
-584
-606
-650
-673
-765
-796
-813
-855
-924
-973
-976
-970
-1018
-980
-948
-963
-986
-979
-899
-967
-897
-753
-690
-636
-592
-559
-457
-252
-91
-44
-67
43
179
273
331
402
482
597
647
700
728
829
887
904
953
952
915
920
956
920
942
909
864
828
756
741
647
467
412
421
362
324
254
140
122
71
-51
-81
-140
-125
-171
-219
-249
-229
-225
-235
-274
-348
-291
-172
-73
-116
-81
-4
125
223
291
405
473
466
533
557
593
625
640
703
725
772
814
827
869
917
888
918
864
877
830
745
721
650
640
624
504
360
283
223
151
68
26
-96
-180
-220
-317
-366
-460
-527
-513
-618
-689
-779
-775
-722
-741
-805
-854
-785
-754
-819
-777
-791
-745
-679
-696
-644
-590
-567
-584
-507
-492
-408
-255
-205
-222
-192
-35
31
57
74
105
185
238
281
288
228
223
268
306
293
246
246
203
204
228
192
159
118
150
145
118
71
3
14
70
130
65
34
64
115
70
43
63
65
66
80
86
154
171
149
241
216
224
201
241
297
330
322
303
343
347
433
427
438
409
395
404
410
447
458
456
408
448
521
514
517
421
353
396
394
370
339
318
335
383
361
298
314
288
261
259
225
166
187
261
231
143
117
108
127
88
30
-18
-18
28
27
-3
-7
6
9
37
10
-52
-78
-43
-79
-90
-148
-149
-145
-156
-110
-77
-172
-179
-117
-100
-84
-161
-159
-254
-205
-165
-180
-186
-209
-152
-149
-154
-183
-181
-236
-231
-125
-172
-205
-197
-165
-102
-175
-211
-165
-119
-129
-168
-82
-11
-31
-47
-44
-20
7
8
19
35
85
104
120
128
142
182
122
156
148
138
170
198
183
212
189
216
243
195
214
158
161
184
202
165
183
190
154
201
225
206
157
141
134
117
116
113
171
125
74
95
109
113
112
151
202
261
246
204
266
274
255
235
233
304
325
341
353
374
354
372
442
408
390
384
355
371
390
350
307
294
241
261
266
240
247
226
226
243
242
124
76
67
65
42
-50
-107
-76
-27
-98
-200
-216
-200
-224
-256
-291
-347
-350
-303
-280
-330
-387
-297
-290
-296
-276
-247
-229
-217
-172
-173
-156
-84
-72
-88
-62
-26
-38
16
105
105
179
171
203
228
277
258
225
224
246
210
136
113
126
167
166
103
47
85
78
12
-68
-84
-105
-60
-120
-195
-175
-224
-237
-317
-344
-290
-272
-268
-271
-278
-275
-262
-199
-186
-182
-119
-55
-24
-3
81
95
156
180
211
210
291
387
354
354
464
475
519
532
534
523
509
562
490
488
482
504
508
490
419
412
445
396
344
265
198
177
138
101
41
-57
-73
-66
-90
-157
-155
-208
-277
-239
-176
-167
-236
-272
-257
-211
-206
-217
-200
-129
-101
-97
-109
-48
-15
44
17
-17
0
9
62
35
32
46
66
102
96
72
99
162
128
61
4
-14
94
75
-9
-62
-90
-130
-205
-260
-275
-315
-324
-328
-415
-426
-384
-379
-368
-349
-391
-419
-413
-353
-316
-313
-372
-302
-259
-287
-247
-241
-227
-167
-148
-96
-140
-114
-48
-44
-48
-10
-11
6
44
47
51
53
80
77
71
25
54
45
74
23
-17
-9
-54
50
54
16
-14
-18
23
6
-2
-3
23
0
-3
-27
-2
10
-53
-71
-56
-79
-30
-28
-10
16
32
81
137
169
182
193
228
232
250
233
222
253
232
302
287
310
279
296
360
318
302
256
231
266
321
304
190
218
207
180
168
90
3
31
43
-2
-40
-108
-97
-77
-137
-182
-147
-184
-211
-223
-195
-244
-303
-282
-310
-283
-296
-295
-350
-360
-299
-310
-290
-314
-297
-222
-149
-144
-158
-181
-150
-122
-106
-72
-117
-108
-120
-73
-27
-22
-30
-46
3
18
48
66
35
134
189
215
265
200
179
159
97
96
55
-86
-173
-142
-60
-130
-192
-210
-256
-172
-141
-138
-201
-278
-235
-116
-113
-123
-105
-87
-103
-72
-12
-11
13
8
29
24
95
147
160
245
250
252
188
270
379
351
340
369
428
431
438
443
408
305
266
219
161
148
127
83
64
85
85
73
-7
-88
-102
-134
-249
-291
-326
-354
-345
-388
-468
-492
-499
-472
-507
-515
-500
-525
-500
-468
-426
-376
-339
-326
-335
-292
-281
-294
-277
-250
-200
-130
-119
-69
-30
31
100
102
121
145
118
193
222
168
183
161
170
220
232
208
172
136
138
152
119
99
91
62
20
33
-21
-80
-93
-130
-163
-207
-244
-261
-208
-205
-231
-225
-211
-189
-178
-212
-242
-186
-154
-182
-239
-199
-184
-136
-123
-131
-83
-83
-50
-71
-19
31
29
11
41
45
88
154
111
120
85
66
46
85
125
97
134
43
18
-26
-55
-95
-140
-182
-270
-281
-312
-277
-281
-281
-329
-368
-351
-328
-282
-331
-347
-320
-338
-330
-329
-317
-240
-254
-189
-157
-130
-64
-53
-43
-46
42
98
146
190
248
306
241
212
214
254
276
220
211
236
262
237
164
97
162
156
120
75
40
79
85
64
11
-50
-160
-177
-198
-199
-237
-260
-246
-267
-231
-262
-255
-235
-282
-302
-306
-273
-284
-303
-278
-255
-189
-186
-204
-206
-134
-108
-62
-63
-64
-68
-37
-5
33
97
122
176
175
197
190
176
173
195
158
105
124
104
75
92
60
25
9
-27
-2
4
-1
-68
-110
-132
-144
-152
-225
-263
-337
-382
-431
-519
-469
-485
-500
-444
-514
-447
-438
-439
-396
-418
-408
-390
-360
-290
-244
-240
-204
-142
-140
-134
-63
-54
12
55
93
113
144
146
139
178
205
178
124
136
161
235
234
206
193
209
201
147
126
120
68
0
-53
-106
-155
-222
-183
-218
-231
-271
-276
-288
-342
-368
-415
-391
-376
-353
-370
-367
-395
-355
-331
-357
-380
-345
-283
-283
-225
-182
-152
-98
-73
-48
3
42
84
115
167
199
217
205
179
236
245
210
172
155
145
80
57
113
69
69
42
-10
-52
-150
-171
-173
-273
-314
-299
-265
-282
-328
-380
-438
-425
-479
-492
-537
-566
-626
-629
-601
-608
-580
-548
-477
-438
-419
-386
-368
-327
-314
-259
-277
-243
-154
-123
-33
-23
10
24
50
88
129
163
150
175
211
226
215
241
272
262
203
207
225
134
105
44
15
3
-86
-122
-136
-192
-214
-261
-295
-306
-321
-315
-350
-344
-356
-333
-285
-264
-239
-222
-257
-280
-282
-282
-281
-210
-221
-244
-225
-183
-77
-58
-49
-21
-2
-66
-12
16
33
54
59
41
49
54
27
8
-34
0
-16
-52
-59
-46
-65
-58
-82
-94
-130
-151
-140
-211
-235
-291
-270
-335
-389
-354
-378
-373
-400
-419
-430
-436
-444
-411
-359
-325
-290
-302
-279
-289
-294
-296
-302
-351
-368
-302
-257
-221
-184
-154
-119
-45
-70
12
49
15
61
32
42
77
136
131
132
121
150
163
186
187
117
127
106
85
49
68
85
74
46
31
34
-7
-46
-58
-28
-35
-56
-57
-106
-127
-159
-184
-254
-342
-318
-322
-317
-296
-243
-265
-264
-240
-250
-218
-210
-189
-187
-149
-161
-146
-133
-159
-186
-124
-84
-84
-37
-14
9
20
46
33
65
25
53
46
28
37
5
28
-38
-106
-117
-104
-115
-161
-189
-238
-262
-323
-316
-307
-333
-378
-375
-340
-376
-396
-374
-404
-419
-422
-382
-305
-293
-280
-265
-248
-215
-235
-244
-210
-154
-154
-172
-128
-93
-67
-39
-29
-25
2
33
37
24
88
93
101
139
100
121
100
91
120
112
131
74
77
74
59
68
92
74
61
87
41
55
-32
-56
-16
-62
-37
-67
-42
-57
-98
-142
-128
-78
-102
-129
-127
-133
-113
-98
-65
-91
-112
-92
-116
-92
-112
-110
-105
-124
-117
-67
-63
-102
-119
-91
-111
-152
-142
-159
-193
-163
-198
-235
-239
-260
-234
-275
-276
-249
-270
-274
-320
-304
-334
-282
-286
-322
-237
-259
-256
-264
-237
-235
-273
-247
-196
-230
-239
-212
-218
-221
-215
-162
-134
-121
-117
-101
-94
-53
-15
-26
-50
-17
19
-6
11
-11
-78
-109
-130
-128
-128
-184
-159
-117
-90
-116
-129
-59
-70
-56
-58
-106
-124
-89
-46
-51
-80
-83
-158
-171
-145
-142
-165
-121
-72
-65
-40
-2
45
48
56
54
79
86
58
60
107
84
81
60
14
15
37
25
-20
-58
-67
-64
-104
-69
-64
-88
-96
-100
-75
-69
-104
-104
-122
-124
-124
-155
-216
-223
-276
-258
-252
-269
-199
-195
-207
-232
-247
-220
-217
-250
-273
-287
-257
-270
-258
-277
-290
-252
-244
-244
-225
-168
-166
-157
-157
-136
-101
-104
-53
-56
-66
-37
-30
-15
0
28
123
128
169
187
153
97
69
106
64
35
29
-11
-33
-12
-21
-44
6
-2
-27
-100
-103
-67
-117
-104
-117
-129
-168
-151
-159
-210
-216
-206
-256
-246
-285
-248
-229
-204
-179
-131
-112
-140
-82
-36
2
-1
34
-5
13
38
3
54
55
74
13
70
36
-19
-14
-48
-21
-33
-19
-24
-59
-79
-77
-106
-103
-116
-113
-155
-220
-236
-265
-264
-279
-320
-339
-309
-307
-314
-319
-313
-353
-349
-351
-354
-311
-317
-266
-243
-234
-238
-235
-199
-158
-139
-119
-93
-102
-28
10
27
63
42
80
152
152
171
189
211
245
242
225
235
203
207
180
163
207
172
149
140
167
171
134
113
142
94
61
-15
23
-43
-74
-86
-158
-151
-147
-164
-240
-240
-263
-243
-245
-237
-233
-258
-260
-238
-203
-207
-224
-216
-157
-109
-96
-105
-67
-66
-45
-40
-84
-66
-32
29
35
61
78
103
101
19
21
20
-20
-65
-64
-117
-139
-174
-164
-143
-231
-227
-178
-176
-186
-238
-224
-231
-247
-229
-208
-190
-201
-206
-175
-207
-186
-205
-175
-176
-184
-135
-184
-158
-129
-92
-64
-40
-3
22
38
35
60
83
146
125
95
138
75
130
181
163
113
124
106
62
119
135
165
152
115
171
138
88
140
122
90
88
67
80
57
59
60
25
31
40
12
-9
-3
-22
-48
-18
-2
-5
3
-4
18
60
71
70
44
72
91
117
72
30
36
49
50
-2
9
33
-3
-25
-19
-12
-11
-9
-44
-3
-20
-45
-103
-133
-164
-204
-219
-150
-146
-182
-191
-235
-284
-316
-250
-242
-239
-268
-202
-192
-177
-156
-211
-191
-151
-155
-193
-164
-180
-175
-202
-183
-161
-141
-153
-138
-73
-73
-37
-63
-49
-15
14
-6
-50
-31
8
-4
31
43
36
0
64
79
53
62
68
63
86
68
83
108
138
122
96
142
89
51
68
96
93
87
95
110
91
90
121
91
105
85
70
61
62
30
-44
25
-10
-22
-20
19
2
21
-3
-50
4
-48
-33
-71
-29
-45
-50
-49
-37
-22
-58
-68
-62
-84
-87
-76
-83
-103
-93
-88
-85
-105
-117
-103
-129
-172
-138
-208
-267
-258
-296
-261
-293
-302
-292
-251
-250
-274
-261
-231
-232
-212
-200
-208
-160
-148
-140
-158
-158
-142
-107
-65
-88
-91
-55
-69
-51
-28
-41
-38
-38
13
50
23
48
83
59
41
14
-33
-13
31
-9
-17
10
4
-12
-2
19
38
43
64
107
57
78
136
60
49
15
20
-9
-27
-42
-47
-29
-73
-68
-48
-37
-35
37
10
5
9
-3
-11
-18
-30
-61
-64
-116
-159
-157
-149
-172
-169
-142
-137
-112
-137
-155
-141
-177
-184
-234
-233
-207
-207
-197
-181
-188
-216
-229
-234
-216
-260
-296
-331
-285
-335
-318
-297
-323
-255
-276
-287
-326
-311
-307
-300
-320
-293
-241
-246
-222
-154
-109
-132
-128
-131
-131
-104
-163
-147
-122
-91
-70
-75
-39
-61
-75
-50
-19
-37
-57
-33
-45
-21
-67
-109
-78
-79
-60
-95
-114
-127
-159
-177
-161
-164
-181
-159
-166
-159
-154
-174
-208
-204
-178
-171
-207
-179
-165
-188
-168
-195
-196
-191
-179
-190
-160
-132
-155
-193
-170
-217
-183
-148
-138
-116
-153
-121
-90
-65
-84
-70
-97
-152
-142
-189
-198
-210
-211
-228
-268
-241
-282
-262
-294
-276
-273
-294
-257
-279
-295
-312
-352
-383
-391
-376
-340
-306
-307
-275
-280
-317
-275
-289
-293
-310
-312
-307
-267
-315
-283
-277
-236
-213
-216
-197
-191
-208
-199
-167
-187
-143
-150
-111
-122
-91
-49
-86
-92
-56
-50
-75
-72
-57
-35
-78
-121
-127
-162
-142
-126
-92
-158
-145
-156
-124
-64
-109
-72
-95
-88
-110
-151
-166
-198
-231
-258
-225
-265
-264
-278
-314
-312
-276
-339
-381
-355
-377
-367
-350
-278
-288
-303
-330
-343
-324
-307
-278
-320
-348
-357
-382
-371
-411
-435
-425
-434
-462
-442
-427
-447
-429
-410
-383
-349
-346
-301
-333
-388
-390
-391
-375
-344
-342
-350
-337
-331
-343
-381
-383
-404
-410
-389
-399
-391
-389
-344
-335
-300
-271
-301
-253
-251
-267
-298
-294
-292
-254
-272
-268
-232
-273
-285
-316
-279
-276
-256
-202
-188
-163
-176
-190
-168
-166
-234
-226
-228
-197
-167
-195
-165
-194
-202
-197
-177
-194
-162
-173
-192
-173
-154
-209
-228
-184
-208
-158
-183
-165
-190
-227
-218
-234
-256
-226
-199
-240
-213
-235
-255
-271
-220
-200
-269
-294
-251
-253
-263
-341
-381
-376
-407
-401
-350
-377
-407
-387
-361
-341
-366
-363
-388
-414
-449
-461
-482
-487
-481
-494
-445
-429
-396
-445
-445
-409
-418
-382
-410
-374
-339
-338
-332
-311
-258
-303
-356
-340
-281
-279
-271
-283
-303
-251
-294
-299
-303
-279
-277
-307
-342
-335
-300
-268
-268
-283
-243
-234
-240
-246
-179
-128
-174
-169
-153
-131
-96
-126
-129
-137
-164
-148
-146
-124
-162
-131
-126
-133
-96
-111
-103
-88
-97
-130
-137
-150
-158
-151
-141
-203
-198
-217
-191
-202
-244
-274
-302
-288
-294
-278
-228
-281
-276
-241
-313
-282
-299
-308
-298
-313
-300
-303
-327
-337
-340
-377
-351
-342
-365
-389
-392
-347
-372
-381
-339
-401
-430
-414
-412
-426
-425
-430
-433
-363
-392
-414
-400
-404
-380
-345
-351
-342
-290
-355
-341
-377
-423
-390
-422
-339
-371
-333
-305
-261
-249
-211
-209
-223
-191
-233
-286
-262
-253
-258
-234
-231
-162
-157
-137
-145
-192
-195
-219
-181
-190
-196
-168
-156
-132
-133
-119
-113
-52
-71
-92
-74
-81
-86
-87
-98
-85
-45
-76
-118
-174
-200
-240
-224
-174
-211
-230
-185
-233
-203
-195
-212
-200
-226
-212
-219
-206
-187
-195
-240
-300
-281
-322
-337
-349
-363
-376
-405
-418
-385
-363
-364
-343
-351
-344
-345
-344
-358
-320
-350
-334
-303
-308
-311
-290
-279
-289
-303
-282
-217
-226
-192
-155
-189
-186
-194
-245
-208
-244
-232
-241
-255
-207
-250
-271
-288
-315
-328
-267
-321
-325
-343
-339
-350
-359
-405
-413
-421
-450
-395
-430
-409
-421
-424
-454
-407
-351
-331
-280
-284
-312
-323
-312
-264
-236
-266
-210
-194
-214
-167
-136
-142
-110
-106
-94
-65
-62
-85
-71
-71
-107
-76
-118
-83
-93
-175
-137
-177
-193
-228
-246
-222
-253
-210
-277
-301
-340
-366
-356
-376
-340
-348
-378
-341
-324
-317
-324
-337
-351
-366
-282
-304
-330
-275
-308
-320
-272
-303
-290
-327
-277
-315
-347
-305
-269
-264
-232
-162
-230
-243
-207
-194
-194
-192
-232
-227
-226
-264
-219
-235
-262
-295
-286
-287
-308
-346
-367
-370
-365
-336
-351
-317
-290
-275
-284
-248
-197
-212
-231
-188
-198
-224
-217
-231
-253
-243
-255
-235
-239
-293
-311
-277
-255
-298
-200
-186
-175
-156
-188
-156
-161
-157
-109
-124
-132
-102
-113
-50
-60
-37
-46
-58
-43
-35
-2
-28
-11
20
40
69
25
42
59
55
38
-18
-41
-23
-24
-82
-52
-74
-49
-65
-87
-96
-107
-106
-104
-139
-167
-125
-146
-139
-124
-127
-159
-188
-210
-196
-219
-266
-278
-261
-289
-268
-264
-299
-304
-317
-260
-232
-241
-234
-204
-207
-191
-227
-222
-179
-166
-182
-190
-156
-109
-105
-103
-99
-58
-60
-94
-106
-63
-67
-88
-53
-66
-53
-23
1
18
31
69
77
44
48
43
50
22
6
40
44
40
5
-32
-32
-65
-65
-69
-34
-20
-23
16
11
-28
-22
-40
-39
-67
-76
-78
-40
-23
-58
-12
18
3
-20
-45
-59
-43
-96
-118
-77
-88
-78
-85
-102
-111
-137
-166
-180
-163
-98
-112
-129
-158
-160
-172
-162
-158
-194
-223
-203
-232
-234
-235
-251
-281
-262
-234
-277
-265
-266
-174
-150
-127
-95
-107
-86
-105
-101
-77
-73
-132
-178
-161
-159
-168
-184
-116
-113
-126
-123
-54
-48
-90
-47
-63
-48
-102
-73
-74
-84
-68
4
12
34
42
21
79
76
86
103
184
177
186
237
198
171
216
210
241
199
182
213
224
256
264
257
226
251
322
285
315
393
320
318
324
316
309
283
247
202
180
165
156
147
158
115
151
200
249
240
197
207
160
116
92
131
144
172
193
213
247
241
337
330
340
353
351
350
366
403
419
429
417
487
557
560
552
528
511
506
482
533
521
505
478
498
544
504
494
506
537
489
462
461
494
504
468
492
461
449
460
447
431
424
449
481
474
497
544
537
566
634
637
632
687
698
738
731
748
770
754
745
747
764
728
710
691
744
759
740
796
819
851
893
926
905
872
900
859
866
862
818
823
740
701
682
687
675
675
706
676
637
657
684
708
685
717
726
707
730
681
661
665
622
548
522
511
551
534
525
531
493
540
555
562
577
600
659
639
653
669
689
659
675
623
580
614
597
614
586
582
599
573
567
548
555
514
462
505
481
511
461
439
419
398
451
432
419
418
415
455
471
509
472
433
431
423
436
416
437
467
455
435
436
430
455
456
453
484
433
433
457
455
461
443
405
413
411
370
385
373
374
383
394
384
394
437
430
448
475
474
441
441
401
337
368
379
337
347
331
339
293
264
252
271
274
281
288
250
282
286
243
233
250
256
290
283
280
252
250
258
229
219
173
158
157
165
124
171
159
104
86
122
114
77
53
104
123
90
99
91
124
116
103
4
-5
19
-23
-16
-10
3
18
11
34
57
46
63
66
115
116
89
121
81
78
72
73
132
165
146
137
104
119
123
163
222
212
223
189
221
227
188
193
174
162
137
105
96
86
126
86
97
63
85
88
89
101
105
94
65
40
17
71
72
51
13
58
88
52
105
80
60
94
45
107
121
120
87
103
81
85
85
81
104
108
73
51
49
19
57
118
75
131
155
152
193
156
187
206
193
157
172
127
175
174
150
183
197
198
201
179
194
210
152
185
173
152
165
164
183
220
259
211
203
199
177
148
131
184
161
132
107
72
80
113
146
167
173
176
195
220
217
241
213
245
292
266
326
277
321
313
311
352
368
384
354
355
361
392
379
360
339
336
268
280
336
280
291
276
231
199
222
271
238
195
187
187
186
212
200
173
169
156
169
92
101
98
83
92
124
133
134
137
155
158
152
136
118
166
175
194
216
218
174
229
218
184
182
180
202
185
158
156
193
154
135
162
115
109
122
111
91
140
175
147
145
178
156
110
66
53
51
52
5
-21
29
30
-1
25
119
112
148
118
113
112
74
107
105
122
100
110
162
129
94
78
55
64
74
31
56
70
85
99
54
54
85
91
100
87
24
49
59
23
60
60
37
91
55
69
98
80
70
54
97
66
83
111
54
66
96
105
129
151
148
126
109
129
180
175
149
153
96
140
118
138
110
104
154
93
95
106
48
0
-9
-8
27
54
8
73
63
19
62
55
34
5
26
5
-5
-81
-26
8
24
22
-14
4
-7
-17
-1
-26
10
-19
-3
-20
-13
4
-24
-12
-68
-37
6
23
-30
14
20
6
27
60
76
70
72
116
86
71
51
23
38
40
61
59
81
119
124
151
170
185
222
201
208
179
177
104
158
179
187
193
192
224
219
247
204
203
237
246
212
202
205
223
229
258
224
210
204
181
158
86
125
107
80
91
83
122
145
104
118
139
77
31
7
-15
-51
-67
-35
-60
-61
-33
5
3
45
63
34
39
43
30
0
5
-22
-7
33
13
-13
8
39
96
92
94
88
75
38
28
31
36
40
96
145
171
174
172
169
103
112
106
88
93
89
67
78
48
112
81
30
54
54
57
58
93
124
62
62
82
139
123
131
119
74
124
101
94
38
107
109
90
91
88
162
164
202
217
197
218
200
207
222
196
154
135
108
68
55
85
138
150
115
134
150
89
66
23
19
-12
25
39
26
-2
-20
-27
-59
-36
-105
-124
-139
-87
-68
-73
-61
-30
-10
-17
-16
-4
55
45
30
23
-20
-53
-42
-34
-42
-31
2
-8
-11
7
8
63
64
93
137
109
85
143
85
69
89
80
100
41
92
104
96
113
76
68
70
90
87
125
131
133
174
185
176
148
165
183
144
128
92
99
64
74
103
55
89
65
50
57
53
6
-4
4
44
57
55
19
-23
-31
-67
-39
-46
-55
-72
-88
-103
-96
-87
-88
-67
-78
-17
-57
-33
-9
-2
-2
38
-23
-10
15
-24
-29
-78
8
13
-9
-17
0
8
-2
-5
-20
7
-24
3
-12
-79
-83
-101
-119
-109
-85
-54
-12
-23
-55
-8
-30
-10
3
9
49
79
101
95
83
54
18
-45
-17
-33
-32
-9
-26
-32
-1
-38
-66
-72
-121
-93
-99
-52
-9
-1
-27
-47
-20
-38
-119
-127
-162
-167
-135
-149
-154
-159
-153
-136
-112
-48
-61
-35
-7
50
61
12
49
34
-8
-53
-57
-47
-64
-62
-36
-28
-28
-40
-30
14
1
12
52
8
16
-6
-28
-28
-22
-44
-30
-19
-59
-83
-90
-100
-37
-5
18
1
26
58
-21
-24
-6
-29
-78
-99
-118
-126
-178
-175
-165
-161
-168
-218
-218
-201
-214
-196
-138
-131
-131
-132
-148
-176
-193
-211
-228
-186
-217
-238
-252
-211
-214
-232
-199
-208
-223
-186
-184
-155
-155
-107
-55
-16
-3
18
-2
-32
-12
-52
-71
-59
-98
-171
-134
-129
-134
-147
-213
-219
-219
-213
-179
-168
-122
-135
-127
-121
-132
-131
-151
-134
-132
-77
-44
-15
-46
-63
-39
-43
-25
-92
-84
-84
-47
-17
12
16
-15
-8
12
29
-10
11
-5
-61
-117
-108
-111
-84
-69
-98
-77
-109
-99
-138
-182
-175
-142
-135
-157
-173
-183
-141
-136
-113
-130
-121
-117
-127
-137
-157
-182
-180
-178
-179
-253
-230
-221
-256
-269
-242
-230
-239
-185
-185
-183
-190
-193
-215
-213
-174
-173
-222
-234
-261
-264
-270
-316
-303
-290
-271
-315
-322
-287
-283
-272
-263
-225
-190
-165
-155
-117
-164
-161
-152
-145
-144
-132
-139
-116
-120
-113
-85
-115
-132
-130
-101
-38
-35
2
-15
-2
4
-89
-63
-91
-82
-92
-65
-57
-58
-99
-144
-117
-140
-142
-168
-183
-223
-224
-262
-266
-265
-321
-301
-255
-280
-333
-346
-339
-378
-324
-361
-354
-346
-355
-331
-348
-334
-309
-312
-285
-283
-236
-253
-259
-223
-246
-216
-252
-225
-150
-141
-155
-159
-98
-55
-70
-58
-88
-124
-112
-124
-139
-161
-184
-199
-185
-219
-220
-261
-212
-243
-308
-303
-284
-280
-296
-265
-271
-254
-255
-246
-253
-267
-258
-233
-205
-166
-224
-244
-215
-239
-270
-253
-233
-209
-173
-150
-152
-194
-158
-151
-167
-142
-92
-72
-102
-127
-154
-100
-159
-217
-197
-226
-251
-284
-255
-230
-235
-209
-198
-201
-164
-167
-150
-135
-114
-133
-129
-112
-157
-170
-191
-215
-215
-219
-209
-191
-175
-145
-130
-114
-106
-163
-166
-130
-156
-137
-108
-135
-144
-151
-181
-204
-198
-269
-265
-282
-309
-264
-248
-207
-245
-208
-175
-176
-168
-167
-112
-103
-79
-79
-64
-30
-35
-60
-64
-132
-130
-89
-98
-96
-57
-61
-11
-9
-34
-66
-68
-29
-82
-62
-95
-121
-136
-159
-94
-115
-139
-156
-170
-130
-95
-156
-157
-131
-144
-201
-222
-180
-226
-208
-230
-189
-170
-158
-126
-112
-92
-127
-85
-13
-1
-5
25
7
4
35
25
25
8
18
17
12
-19
-49
-20
-33
-45
-88
-86
-42
-91
-52
-98
-115
-104
-174
-139
-200
-190
-209
-178
-214
-195
-171
-180
-124
-121
-55
-106
-115
-121
-104
-132
-133
-127
-103
-72
-89
-55
-68
-64
-108
-94
-41
-108
-112
-125
-71
-60
-23
-66
-101
-111
-184
-181
-191
-186
-195
-169
-198
-164
-169
-166
-180
-125
-104
-150
-192
-179
-136
-164
-177
-164
-196
-216
-186
-240
-181
-186
-150
-127
-175
-160
-149
-84
-84
-65
-73
-40
-7
15
46
58
67
35
57
60
8
7
-2
6
12
18
22
45
83
65
89
101
107
129
127
95
86
77
58
3
9
5
-48
-10
-55
-54
-67
-78
-63
-99
-46
-28
-29
-36
-36
4
47
37
-14
8
-42
-97
-35
-42
-40
-39
-61
-89
-80
-69
-29
-49
18
84
77
124
129
166
172
194
192
172
166
212
196
185
222
183
164
182
201
190
205
179
161
168
117
80
101
121
130
109
148
187
174
168
149
104
65
147
137
121
127
128
116
186
211
217
204
159
164
150
194
121
164
139
126
154
110
162
167
204
182
177
162
142
132
96
104
103
71
77
80
81
77
92
72
56
49
17
76
91
113
122
172
208
246
230
218
254
218
160
170
149
143
141
120
154
132
160
143
163
153
115
121
113
150
180
134
116
123
132
123
138
146
141
190
147
107
163
176
140
160
148
143
94
144
178
167
137
137
121
104
131
122
123
108
127
103
44
83
116
124
150
181
167
168
161
95
136
120
139
174
122
132
103
53
80
44
20
72
59
13
36
60
56
93
100
113
120
144
107
114
118
102
116
122
105
103
90
79
65
63
39
-27
1
30
70
106
87
116
52
5
71
17
-20
42
27
61
91
66
72
83
119
102
97
117
108
120
101
87
51
112
158
139
133
86
115
133
156
217
206
160
188
151
142
142
149
143
92
125
117
118
135
122
140
166
166
112
149
213
175
156
167
145
130
172
156
140
136
102
114
79
101
122
81
143
118
112
121
115
159
173
103
89
131
72
84
76
82
92
94
85
79
86
98
139
126
150
171
212
194
197
155
149
169
153
146
141
158
126
135
89
66
95
132
53
65
107
62
33
25
3
33
-15
-46
10
-28
-64
-56
-27
-73
-73
-77
-33
-58
-21
-35
-84
-18
-55
-90
-68
-64
-53
-40
-58
-77
-101
-118
-116
-131
-108
-128
-158
-142
-194
-186
-173
-124
-151
-132
-107
-97
-80
-85
-75
-106
-86
-103
-135
-169
-180
-176
-180
-202
-197
-195
-206
-167
-192
-194
-214
-196
-168
-158
-163
-153
-180
-173
-145
-131
-110
-155
-117
-132
-176
-147
-140
-162
-187
-165
-173
-165
-142
-114
-119
-132
-134
-137
-88
-76
-84
-94
-118
-107
-161
-183
-166
-208
-200
-174
-183
-155
-186
-165
-163
-202
-199
-195
-225
-282
-219
-220
-256
-246
-233
-261
-328
-340
-338
-323
-269
-281
-282
-265
-279
-265
-310
-273
-224
-251
-204
-201
-281
-308
-267
-255
-296
-243
-218
-228
-203
-199
-227
-157
-196
-225
-222
-250
-238
-265
-253
-265
-261
-292
-318
-309
-289
-330
-361
-326
-308
-299
-300
-344
-341
-360
-361
-390
-381
-390
-455
-399
-393
-400
-442
-410
-350
-328
-320
-299
-280
-263
-265
-243
-196
-201
-223
-249
-189
-232
-296
-276
-282
-245
-263
-264
-247
-236
-214
-210
-210
-224
-182
-139
-130
-139
-146
-166
-187
-163
-151
-210
-202
-231
-250
-264
-295
-272
-328
-314
-298
-246
-307
-291
-313
-375
-362
-311
-339
-363
-336
-324
-336
-322
-271
-293
-312
-312
-304
-292
-285
-229
-214
-188
-220
-171
-144
-158
-141
-117
-128
-147
-110
-147
-176
-174
-169
-230
-241
-259
-265
-252
-319
-316
-284
-329
-282
-285
-326
-293
-276
-283
-302
-273
-241
-148
-137
-160
-178
-177
-172
-151
-209
-183
-141
-164
-105
-77
-41
-56
-109
-67
-28
-51
-32
-49
-55
-36
-54
-54
-103
-123
-125
-116
-96
-82
-84
-115
-124
-112
-190
-199
-209
-245
-264
-267
-284
-295
-293
-309
-281
-299
-315
-275
-268
-254
-228
-248
-250
-221
-213
-189
-199
-152
-121
-132
-141
-167
-125
-141
-66
-52
-32
19
49
93
86
116
65
49
15
-15
-41
-44
-34
-41
-36
-68
-65
-33
-51
-76
-134
-122
-136
-146
-142
-138
-150
-174
-164
-211
-243
-241
-229
-272
-272
-293
-230
-232
-281
-236
-224
-217
-235
-204
-214
-234
-208
-209
-199
-212
-175
-159
-159
-152
-142
-145
-152
-130
-111
-97
-126
-85
-67
-65
-41
-89
-67
-41
-40
-45
-118
-139
-195
-221
-209
-199
-222
-238
-203
-223
-257
-263
-305
-330
-358
-368
-336
-377
-352
-307
-298
-354
-339
-330
-368
-346
-348
-317
-316
-309
-331
-317
-340
-281
-241
-265
-226
-234
-180
-188
-235
-237
-233
-215
-184
-208
-181
-146
-190
-139
-147
-195
-152
-162
-156
-153
-138
-113
-114
-98
-100
-136
-90
-132
-165
-148
-170
-161
-186
-183
-169
-198
-206
-210
-211
-242
-258
-254
-272
-296
-314
-308
-281
-299
-306
-313
-292
-254
-267
-269
-270
-273
-265
-279
-296
-295
-251
-266
-281
-267
-287
-272
-293
-305
-303
-319
-352
-350
-360
-338
-301
-259
-256
-216
-190
-233
-251
-270
-255
-254
-296
-295
-321
-366
-325
-351
-345
-321
-336
-305
-304
-313
-288
-308
-306
-287
-282
-272
-261
-264
-304
-305
-302
-326
-320
-337
-346
-313
-339
-304
-298
-297
-270
-297
-256
-297
-319
-285
-298
-347
-315
-298
-324
-324
-341
-372
-352
-334
-354
-321
-323
-339
-306
-368
-319
-318
-332
-360
-354
-370
-433
-426
-443
-432
-423
-441
-420
-393
-378
-406
-347
-325
-300
-263
-253
-199
-241
-234
-249
-279
-233
-248
-189
-230
-234
-214
-224
-207
-266
-242
-220
-236
-202
-218
-281
-231
-262
-261
-264
-275
-260
-257
-301
-340
-330
-343
-360
-327
-335
-349
-363
-385
-361
-371
-426
-442
-408
-367
-387
-431
-410
-434
-367
-406
-441
-420
-459
-416
-421
-405
-372
-359
-352
-301
-260
-239
-215
-200
-190
-222
-252
-195
-210
-227
-171
-156
-95
-105
-119
-132
-167
-182
-189
-201
-192
-217
-225
-186
-139
-175
-193
-187
-153
-127
-123
-99
-128
-137
-204
-207
-202
-220
-206
-220
-235
-262
-269
-294
-343
-339
-333
-341
-362
-354
-357
-351
-334
-298
-305
-276
-290
-291
-247
-244
-216
-184
-161
-148
-164
-162
-164
-159
-128
-184
-105
-101
-102
-25
-26
-6
-28
-33
-1
-8
8
2
3
-74
-100
-97
-114
-67
-81
-80
-68
-77
-104
-122
-109
-113
-106
-81
-95
-53
1
-53
24
-35
-60
-80
-99
-64
-82
-70
-78
-52
-27
-24
-21
-28
-51
-40
-64
-40
-20
11
-8
-11
22
12
6
-21
-5
-86
-76
-55
-60
-39
-43
-39
-36
18
39
59
33
43
33
52
31
33
37
38
37
-16
-15
-31
6
6
9
24
0
1
14
2
17
-27
-16
-5
-11
-39
-73
-79
-59
-10
-23
6
-8
5
42
33
48
84
110
95
83
73
51
70
19
28
34
-1
23
13
-26
-34
-17
-47
-50
-26
-41
-19
13
45
-1
-28
-49
-61
-24
-47
-46
-60
-51
-85
-51
13
33
19
41
86
131
119
55
101
118
101
107
140
147
145
166
131
86
123
65
60
87
108
81
35
19
45
54
13
33
-39
-23
-9
