SAMPLES:	18706
BITSPERSAMPLE:	16
CHANNELS:	1
SAMPLERATE:	16000
NORMALIZED:	FALSE
146
133
100
157
218
188
210
233
200
148
161
165
187
171
167
151
133
145
134
139
91
85
98
99
99
29
52
49
63
16
46
37
28
61
37
84
96
95
31
63
60
69
91
102
136
117
174
183
95
68
117
94
100
142
149
135
95
86
70
52
45
42
-26
-6
-20
-24
37
-4
-35
-18
0
-36
3
35
22
97
117
84
101
99
86
70
94
98
89
113
92
121
136
145
160
181
178
130
123
104
146
162
164
131
94
110
106
145
95
17
-25
-24
-32
-100
-76
-52
-51
-60
19
26
6
-51
-114
-115
-126
-72
-107
-55
-7
-56
-57
-60
-65
-22
18
41
30
-40
14
-33
-29
9
-20
32
-25
25
51
43
86
123
85
75
63
53
83
95
67
89
115
50
99
133
106
93
80
85
78
51
42
15
11
-33
-8
1
14
-9
-49
-6
4
2
-27
-40
-32
-17
-14
-19
2
62
38
39
-8
-19
-5
-19
34
59
47
65
91
69
93
139
81
60
63
33
50
30
52
1
46
49
54
70
73
82
93
82
48
85
69
47
20
-4
-3
10
14
-18
-11
8
31
-35
-52
-24
-77
-29
-8
-33
-27
-65
-72
-37
-19
-38
-39
-62
-28
-5
-54
3
-28
-16
8
-18
9
55
56
76
101
83
101
100
145
132
123
138
155
154
118
98
61
70
62
93
65
5
44
-1
2
-3
37
58
46
44
57
18
-24
-40
-24
-33
-73
-29
-34
6
24
66
82
135
181
180
170
154
145
186
233
214
183
185
167
161
155
147
139
128
178
120
116
111
119
105
106
93
82
116
92
72
66
43
65
12
19
42
15
-27
-13
-2
-28
-11
18
22
29
56
90
141
109
107
106
145
242
224
181
220
236
227
220
201
216
176
184
217
268
270
218
253
245
288
318
318
279
320
310
307
261
215
159
156
206
182
207
187
173
140
150
98
69
95
102
142
160
154
163
141
90
138
141
103
100
75
92
111
74
55
98
106
154
153
162
156
167
209
241
217
204
246
238
233
226
231
231
243
267
281
268
276
307
308
290
331
294
299
289
246
304
264
288
287
271
259
200
237
234
262
247
253
247
280
300
266
258
194
214
183
166
191
187
162
169
192
198
285
312
335
338
324
349
367
405
381
392
391
341
366
366
359
390
365
357
422
385
378
373
427
455
492
518
480
470
445
454
406
401
381
385
360
284
275
292
329
271
296
325
314
327
345
357
348
350
411
353
284
304
271
281
234
249
258
276
271
312
362
352
370
355
399
379
416
393
441
402
420
437
364
384
350
356
351
373
379
391
427
392
424
433
376
431
453
470
420
438
406
393
397
397
418
366
343
333
294
293
332
312
287
288
314
301
325
296
278
290
319
297
283
289
272
279
228
267
323
329
334
404
395
408
384
358
356
313
343
289
304
310
354
314
263
288
263
239
243
238
216
203
228
237
194
231
222
179
197
240
217
258
229
263
225
244
289
258
330
300
316
330
359
320
317
352
344
297
319
322
273
238
192
253
236
230
279
268
275
281
298
302
339
348
308
323
309
318
295
286
285
248
242
212
187
164
175
196
212
193
218
284
251
246
238
218
184
127
158
202
192
149
135
147
108
136
128
163
144
160
170
173
160
208
170
176
173
133
162
146
152
159
170
139
92
97
136
158
136
141
159
105
138
156
145
117
119
127
134
179
156
166
214
213
153
111
103
130
127
158
146
123
133
148
157
162
145
160
146
132
171
144
197
167
220
216
188
210
174
179
177
135
122
174
120
113
135
174
178
171
132
123
124
175
190
119
116
81
91
107
80
59
61
99
108
145
127
143
207
146
104
140
110
113
113
106
58
22
7
-16
0
-5
-10
44
60
43
95
57
123
98
76
62
44
81
60
72
33
85
73
-12
-10
26
17
-7
26
-7
-1
-7
-26
-5
2
-31
-21
11
-34
-13
-39
-43
7
43
64
103
101
105
91
94
134
87
92
67
76
93
125
116
79
89
46
71
68
86
67
32
77
33
76
88
58
63
63
76
66
38
51
52
67
54
24
68
41
37
13
13
-33
-34
6
25
44
31
-4
-22
-60
-51
6
-27
-45
-71
-60
-10
7
-25
-69
4
17
31
66
50
85
36
42
79
100
114
109
112
111
45
20
53
76
65
33
6
-36
-79
-38
-70
-82
-83
-103
-86
-78
-55
-104
-72
-110
-103
-80
-87
-124
-165
-151
-118
-73
-53
-39
-61
-49
-20
-65
-73
-70
-30
-54
-22
60
-12
42
68
65
57
20
65
49
79
99
89
68
11
-1
-11
2
-57
-50
-59
-81
-47
-65
-77
-89
-109
-115
-110
-120
-75
-75
-67
-42
-66
-87
-101
-123
-116
-105
-93
-92
-88
-29
-34
-40
17
12
-8
5
26
73
72
51
63
25
-16
-10
-10
-35
-37
-102
-98
-85
-51
-96
-104
-91
-158
-154
-156
-174
-176
-171
-182
-171
-151
-155
-164
-135
-115
-56
-5
2
-9
28
1
-19
-18
-26
37
51
52
88
85
66
45
60
44
42
44
-32
-30
-51
-61
-3
-70
-60
-74
-117
-105
-171
-179
-138
-134
-149
-138
-151
-155
-139
-160
-137
-126
-122
-104
-73
-78
-61
-99
-150
-133
-183
-173
-170
-122
-134
-99
-79
-59
-59
-57
-46
-38
6
-19
-18
-6
-31
-76
-101
-118
-88
-123
-180
-133
-128
-115
-121
-190
-186
-159
-133
-108
-61
-62
-60
-119
-71
-40
-29
-52
-63
-23
2
-28
-52
59
44
83
132
104
114
126
122
105
69
35
34
-29
-53
-53
-56
-52
-61
-70
-39
-52
-59
-43
-66
-71
-83
-64
-99
-88
-115
-159
-128
-135
-143
-171
-156
-204
-224
-136
-138
-129
-160
-108
-70
-110
-20
-61
-34
-16
9
35
3
9
-4
-3
-30
-48
-38
-50
-38
-19
-28
5
10
13
5
-15
-6
48
38
2
-28
-8
11
-16
-39
-3
11
22
-20
18
20
23
49
33
26
20
16
-23
-49
-59
-71
-64
-61
-59
-80
-87
-62
-68
-72
-80
-23
6
26
31
60
88
113
90
52
44
13
13
-24
-50
-2
11
-25
-19
-47
-37
22
-3
-23
-3
25
-32
-43
-23
-49
-38
-63
-87
-59
-102
-53
-49
-65
-57
-38
-19
-46
-35
-3
23
73
12
-7
-22
-34
-33
-48
-2
-11
22
46
28
55
104
106
159
129
103
108
131
98
61
54
17
44
63
21
3
4
-11
-28
-25
22
50
28
22
88
57
37
32
44
78
44
52
21
12
4
-21
-32
-66
-50
-97
-65
-34
-45
-76
-103
-106
-38
-48
-20
12
-25
15
7
18
-21
-65
-43
-8
15
-14
-37
-15
-58
-47
-41
-10
-45
9
21
-50
-33
-6
-5
-32
-23
-70
-69
-69
-22
-50
-60
-67
-72
-44
-40
-2
23
15
-2
-20
5
-18
13
-22
-64
-62
-27
11
-22
-13
-19
-25
-22
-67
-74
-16
17
5
-4
3
-33
-17
-52
-48
-63
-114
-98
-100
-71
-119
-57
-58
-78
-53
-27
1
-34
-2
20
27
-12
-23
-1
-40
-72
-85
-91
-105
-96
-95
-110
-67
-60
-43
13
16
4
24
4
22
20
1
-34
-18
-38
-41
-5
-57
-50
-49
-40
-48
-55
-53
-81
-85
-78
-105
-123
-181
-225
-198
-211
-200
-201
-185
-198
-213
-194
-197
-178
-163
-171
-102
-58
-51
-73
-98
-104
-68
-42
-64
-96
-75
-36
-58
-60
-90
-57
-17
-76
-26
-46
-49
-22
29
57
16
22
-32
-41
-72
-69
-83
-89
-99
-87
-77
-80
-60
-109
-95
-68
-64
-26
-19
-1
2
-38
-59
-19
-44
-52
-42
-28
-25
-44
-10
-2
-23
-30
-18
-22
-5
-23
-21
5
-15
-8
-22
-55
-29
-22
-4
-7
-10
11
9
7
13
-2
-11
1
4
23
14
9
34
54
21
-27
19
-38
-54
-74
-60
-9
13
40
16
16
32
2
-8
50
25
-7
-27
-46
-41
-48
-41
-42
-35
-19
-49
-19
-62
-101
-34
-48
-62
-47
-51
-41
-29
-24
-58
-76
-73
-48
-50
-12
-32
-30
-25
-99
-117
-149
-165
-147
-152
-169
-108
-92
-82
-109
-182
-196
-214
-170
-149
-142
-111
-99
-108
-118
-122
-119
-117
-193
-118
-143
-172
-150
-180
-173
-205
-161
-184
-194
-237
-227
-202
-225
-205
-184
-162
-139
-147
-212
-197
-194
-190
-236
-234
-251
-257
-188
-167
-206
-231
-223
-237
-214
-203
-167
-119
-141
-119
-150
-135
-116
-128
-138
-119
-81
-120
-103
-28
-25
-108
-62
-63
-72
-90
-86
-86
-60
-103
-108
-140
-107
-64
-95
-61
-100
-123
-153
-142
-123
-97
-97
-62
-72
-60
-59
-85
-44
-105
-154
-199
-205
-218
-188
-157
-192
-202
-183
-163
-114
-118
-150
-121
-138
-136
-163
-177
-150
-145
-100
-107
-159
-127
-76
-83
-92
-124
-81
-68
-99
-56
-53
-76
-41
-29
-26
62
43
65
39
8
15
-6
22
9
-22
6
-51
-42
31
5
31
23
29
9
27
83
39
36
40
74
69
92
57
61
54
52
59
56
52
100
71
52
43
6
48
51
66
87
78
93
85
91
89
102
104
85
113
151
185
121
103
123
160
188
186
154
195
183
175
168
171
147
109
125
110
152
177
152
223
225
180
167
151
157
155
152
164
146
166
195
195
176
172
195
174
215
215
214
192
222
183
189
226
183
159
128
122
177
166
151
155
96
115
137
176
185
209
246
265
247
265
252
234
167
179
199
134
155
144
126
173
158
141
189
168
194
289
276
255
283
278
214
257
274
269
267
218
257
238
201
169
161
137
151
183
186
216
207
231
241
236
243
248
233
203
212
192
198
212
193
178
122
115
129
153
162
145
147
155
234
170
208
210
248
295
277
269
249
231
247
284
275
312
294
282
294
305
289
330
358
357
371
331
293
310
298
270
246
258
220
156
143
149
131
137
153
162
150
143
163
174
164
196
175
200
248
202
198
180
194
249
241
186
199
209
222
216
186
194
166
211
260
247
228
211
235
230
247
228
217
231
249
245
226
213
160
228
212
225
251
255
247
203
230
197
208
226
276
297
266
299
252
213
229
189
183
190
177
170
201
208
224
217
167
162
166
170
153
158
127
137
93
122
131
141
138
125
202
159
164
206
245
233
209
241
243
266
292
324
279
272
260
221
244
239
249
280
294
285
306
316
318
306
293
239
224
240
234
200
196
241
236
191
222
213
158
124
164
173
159
154
106
131
119
101
165
202
220
202
198
219
175
114
134
106
105
153
150
222
237
200
173
173
197
191
230
209
182
202
229
236
220
260
251
223
273
271
271
291
267
262
285
275
297
297
251
292
307
254
246
239
237
221
192
227
199
175
201
184
191
154
114
104
109
93
76
96
107
112
142
108
86
63
10
45
42
42
67
56
102
107
148
116
95
151
159
148
103
105
134
111
146
148
110
98
95
113
89
68
58
58
89
87
107
79
73
111
99
76
57
42
73
98
73
50
19
-3
51
37
44
76
39
79
91
47
49
45
33
63
77
96
109
95
102
97
91
120
71
130
183
172
135
137
98
80
82
96
94
28
54
48
85
94
108
73
61
46
49
38
52
60
50
56
86
73
95
135
137
123
124
105
65
52
12
67
39
38
43
23
23
27
32
-6
53
31
39
74
32
1
-58
-21
-54
-92
-74
-106
-96
-155
-176
-152
-140
-111
-93
-103
-106
-68
-92
-88
-82
-77
-29
1
8
-13
-73
-67
-111
-113
-103
-109
-88
-71
-76
-86
-12
27
14
38
45
60
92
56
7
7
3
27
6
0
37
57
124
109
117
131
125
121
88
77
78
54
60
36
7
29
-15
-14
24
-29
-22
-72
-97
-72
-91
-95
-130
-126
-120
-95
-117
-126
-146
-145
-98
-122
-84
-67
-53
1
7
-8
-13
-28
-58
-28
-12
-27
-28
-67
-51
-27
-10
-4
-6
-9
32
42
42
9
76
60
20
15
78
85
16
54
5
-37
-19
28
25
55
57
96
98
98
129
91
106
89
55
52
37
37
22
-1
-47
-51
-103
-74
-84
-75
-84
-114
-93
-47
-77
-46
-25
-45
-3
-52
-87
-86
-79
-94
-80
-78
-63
-56
-32
-32
-2
11
12
43
35
12
-20
8
-10
-9
-12
-52
-33
-29
-69
-51
-35
-41
-6
-33
8
-6
-30
-1
-14
-25
14
49
43
68
-7
-16
17
-11
-25
-39
-32
-23
-68
-73
-45
-37
-40
-38
-14
-19
-24
-9
35
40
45
-5
58
84
109
137
90
95
87
70
53
64
70
117
107
87
119
165
140
160
128
126
99
80
64
129
109
80
61
32
68
41
64
40
56
68
30
80
68
81
94
107
109
67
76
52
81
89
120
118
133
150
164
177
172
162
207
260
263
250
243
224
177
197
201
192
168
168
189
177
174
173
116
183
165
135
126
125
140
84
125
124
87
104
134
142
147
191
210
214
226
205
228
259
235
234
208
231
194
178
189
165
216
190
270
266
277
290
324
342
357
329
343
327
297
268
209
208
238
260
229
213
228
193
225
257
237
281
219
257
252
267
242
237
217
208
241
223
188
211
226
218
265
255
294
316
356
374
368
359
332
332
296
331
361
340
334
322
291
328
373
313
332
317
319
358
334
345
399
412
405
419
358
391
378
356
379
407
370
332
311
287
311
306
304
282
281
270
258
229
244
256
288
294
304
289
307
328
285
338
380
365
333
379
401
398
434
383
356
343
298
356
276
266
238
244
251
208
257
247
274
239
221
224
214
178
137
142
153
158
185
153
170
140
162
168
122
105
157
164
146
160
173
188
108
124
128
102
118
81
50
40
69
46
67
68
37
76
44
0
-7
-18
-79
-17
-29
-93
-96
-87
-57
-34
20
19
-28
-55
-50
-36
32
6
43
43
21
113
87
104
101
77
32
7
7
48
72
55
20
23
38
34
38
13
13
-28
38
19
17
21
21
-7
-39
-15
-44
-67
-101
-111
-167
-110
-110
-126
-120
-99
-120
-173
-146
-154
-133
-106
-125
-130
-149
-127
-131
-149
-155
-101
-104
-107
-63
-65
-73
-50
-74
-73
-110
-131
-103
-108
-92
-154
-173
-230
-231
-236
-232
-217
-272
-255
-251
-218
-193
-225
-173
-202
-222
-222
-245
-277
-280
-292
-331
-333
-337
-297
-278
-291
-288
-275
-252
-272
-308
-290
-339
-359
-348
-351
-350
-345
-377
-374
-383
-376
-382
-399
-381
-364
-359
-342
-357
-327
-305
-338
-329
-340
-325
-375
-315
-361
-386
-396
-438
-428
-442
-416
-494
-441
-432
-443
-436
-446
-442
-442
-481
-494
-528
-532
-502
-511
-508
-583
-571
-586
-565
-573
-562
-560
-528
-531
-519
-476
-501
-505
-544
-543
-507
-554
-550
-550
-519
-530
-536
-507
-505
-540
-494
-509
-560
-537
-544
-555
-543
-538
-547
-532
-511
-488
-531
-498
-531
-559
-504
-471
-500
-561
-543
-510
-502
-492
-486
-483
-487
-482
-489
-514
-530
-562
-511
-505
-556
-480
-474
-525
-494
-509
-542
-532
-543
-566
-503
-490
-537
-511
-533
-503
-487
-476
-476
-501
-529
-517
-532
-519
-554
-599
-549
-578
-587
-574
-561
-608
-594
-586
-561
-563
-610
-615
-584
-596
-586
-603
-623
-618
-668
-605
-569
-545
-518
-522
-490
-477
-473
-470
-464
-498
-473
-501
-493
-510
-519
-471
-468
-465
-497
-461
-495
-554
-499
-467
-451
-502
-493
-455
-495
-472
-524
-499
-501
-556
-538
-530
-526
-544
-489
-473
-453
-418
-386
-361
-359
-401
-398
-382
-379
-348
-403
-397
-440
-460
-420
-453
-445
-405
-418
-446
-442
-467
-450
-502
-561
-551
-512
-549
-539
-499
-500
-497
-493
-431
-440
-451
-429
-362
-356
-340
-329
-403
-385
-390
-396
-339
-289
-306
-347
-358
-342
-366
-393
-365
-339
-338
-347
-337
-344
-333
-359
-337
-327
-361
-429
-466
-458
-457
-434
-440
-451
-456
-473
-500
-483
-463
-455
-481
-468
-420
-442
-436
-417
-422
-394
-407
-412
-369
-370
-343
-365
-370
-353
-346
-322
-309
-360
-372
-326
-329
-323
-317
-321
-316
-307
-303
-289
-312
-270
-335
-373
-322
-334
-313
-328
-283
-283
-302
-228
-220
-255
-243
-270
-257
-255
-263
-242
-259
-229
-282
-283
-320
-358
-348
-384
-333
-323
-337
-300
-294
-263
-287
-340
-322
-348
-385
-366
-385
-359
-376
-328
-344
-381
-349
-326
-301
-308
-319
-310
-328
-298
-300
-305
-314
-303
-284
-323
-284
-304
-293
-301
-307
-276
-305
-284
-282
-330
-331
-319
-364
-386
-400
-416
-392
-406
-400
-390
-353
-333
-349
-308
-289
-289
-260
-285
-277
-267
-256
-244
-264
-234
-250
-202
-224
-246
-220
-271
-338
-323
-262
-245
-240
-246
-200
-235
-194
-184
-201
-277
-262
-262
-288
-277
-283
-287
-361
-353
-310
-360
-338
-309
-291
-287
-288
-287
-252
-269
-280
-282
-295
-249
-268
-283
-298
-300
-295
-297
-293
-309
-293
-282
-338
-316
-288
-354
-319
-321
-334
-310
-311
-329
-299
-259
-252
-254
-252
-231
-226
-246
-237
-207
-211
-215
-229
-245
-263
-216
-247
-198
-183
-195
-159
-214
-211
-193
-191
-174
-188
-182
-153
-207
-195
-221
-203
-207
-169
-214
-208
-166
-259
-248
-271
-296
-256
-223
-217
-205
-226
-215
-229
-269
-303
-310
-277
-257
-267
-291
-249
-254
-279
-238
-228
-233
-209
-241
-271
-296
-279
-278
-311
-330
-340
-322
-364
-313
-293
-300
-305
-336
-327
-337
-359
-351
-417
-385
-384
-387
-361
-358
-372
-422
-380
-406
-414
-433
-450
-451
-472
-498
-497
-457
-484
-456
-421
-412
-411
-421
-403
-397
-314
-357
-383
-357
-307
-324
-371
-346
-341
-353
-334
-325
-291
-280
-237
-181
-246
-187
-204
-246
-237
-249
-243
-221
-204
-213
-258
-235
-270
-305
-321
-306
-327
-322
-361
-350
-388
-404
-382
-390
-395
-417
-395
-404
-443
-481
-452
-428
-417
-424
-408
-401
-392
-437
-416
-412
-375
-357
-356
-331
-332
-344
-339
-326
-327
-294
-314
-274
-279
-271
-305
-324
-299
-307
-280
-300
-261
-228
-270
-288
-286
-323
-335
-255
-263
-279
-257
-220
-197
-182
-179
-206
-153
-158
-164
-144
-142
-154
-157
-150
-101
-154
-156
-124
-188
-177
-195
-175
-159
-109
-87
-81
-133
-109
-146
-173
-139
-115
-109
-124
-98
-102
-125
-72
-79
-147
-56
-72
-73
-55
-32
-89
-31
-35
-42
1
-34
-57
-53
-48
-66
-68
-61
-65
-131
-89
-108
-80
-70
-45
-25
-81
-11
56
41
-21
-20
-29
-47
-57
-7
-15
-93
-64
-61
-47
-35
-15
-23
-13
39
1
2
23
25
39
95
127
88
97
61
37
0
-11
1
-14
49
70
68
25
15
50
77
55
69
45
17
51
44
63
17
15
4
-5
-7
-8
17
-1
39
13
-30
-34
20
27
24
48
35
50
25
43
50
52
38
37
34
-12
-9
42
47
20
28
18
20
22
15
-1
-9
53
47
88
137
141
144
101
98
87
117
124
146
88
91
135
150
159
166
153
141
98
102
118
133
178
142
105
133
150
98
92
90
112
122
91
113
130
122
128
104
76
137
149
133
147
129
134
135
144
87
115
114
138
143
113
146
136
162
156
160
207
189
177
188
200
208
151
77
91
102
95
128
131
74
101
118
88
144
60
56
68
60
66
27
48
29
-11
65
69
52
91
86
144
138
137
146
129
98
115
132
125
141
155
199
196
175
160
147
178
200
209
265
204
194
172
179
173
112
75
13
-7
10
20
44
-10
18
-2
-25
-12
-38
9
5
34
38
39
70
93
118
51
42
124
175
139
125
99
116
78
39
52
55
73
49
68
85
118
132
118
123
107
105
73
83
77
54
55
9
17
4
13
26
56
70
64
98
110
140
107
146
188
197
190
194
184
195
157
91
131
94
96
152
124
107
116
114
105
90
103
157
162
155
141
161
160
129
121
157
128
99
134
52
29
-18
7
38
61
89
93
92
85
131
128
187
156
120
131
153
169
105
142
171
152
96
60
90
111
82
146
120
135
128
136
111
109
137
92
133
60
78
69
84
80
42
17
-22
-15
-45
-7
-16
20
25
-10
2
-19
38
-6
-34
-36
-5
-18
-31
-16
-30
-61
-39
-17
-23
7
62
85
69
86
98
108
123
125
155
157
147
163
133
111
70
141
144
105
89
108
126
73
68
89
75
59
25
9
34
11
-17
-33
-23
-44
-76
-54
-22
20
-21
12
5
31
7
-64
-55
-67
-74
-25
-39
-26
-8
-34
-11
13
32
33
57
46
86
136
102
121
139
160
104
60
76
75
93
98
148
146
127
132
115
159
163
148
157
120
98
53
46
35
25
39
37
32
-8
22
29
38
72
12
79
74
108
101
73
112
49
87
80
95
89
129
151
146
176
136
93
60
89
111
131
129
136
111
109
155
131
106
68
61
39
-18
34
52
56
41
74
135
111
71
92
85
29
7
34
91
90
125
133
118
111
117
109
97
142
115
93
116
131
160
184
201
217
226
161
171
155
170
165
163
160
139
198
209
248
294
298
295
347
310
265
247
270
253
256
204
239
282
226
224
207
181
186
164
143
169
138
139
100
59
35
6
57
123
92
124
122
148
138
173
166
164
208
167
164
191
185
107
94
91
78
35
29
39
65
48
70
72
65
97
110
140
145
130
115
152
159
224
197
189
149
157
161
78
56
119
120
80
36
15
22
-17
-22
10
-40
-52
-99
-144
-106
-121
-128
-103
-128
-162
-130
-138
-125
-117
-93
-57
-63
-79
-39
-16
-24
17
-22
14
51
58
92
110
123
105
86
125
111
74
121
125
158
171
145
155
135
117
114
112
88
76
51
34
70
14
35
24
15
31
47
72
43
13
-30
-10
-14
-25
-53
-36
-46
-24
27
30
58
44
12
10
11
19
28
-8
21
62
76
89
79
82
63
85
102
82
118
94
75
71
45
63
34
83
107
126
90
54
87
101
96
69
64
99
134
107
115
123
114
155
117
52
25
53
4
-15
-18
-32
-4
-39
-25
-36
-34
-53
5
-3
-1
34
49
15
33
52
45
73
70
104
115
113
100
113
107
122
180
165
177
149
130
147
148
173
119
62
98
87
64
48
63
44
26
56
60
64
45
36
73
76
72
98
133
113
106
142
144
121
105
96
115
145
145
108
130
155
142
158
126
123
142
146
142
121
105
132
139
102
66
102
89
65
69
37
32
40
57
94
136
81
103
158
139
109
59
82
127
144
152
174
164
136
132
162
126
92
95
96
67
56
45
33
32
-17
16
-23
-43
-19
15
52
35
41
27
39
82
40
26
58
37
14
29
53
81
64
28
36
-12
12
32
38
34
46
44
40
88
81
42
39
55
29
93
88
102
96
88
104
85
132
107
48
32
9
43
57
46
67
77
67
86
74
64
77
120
77
70
123
110
76
57
46
58
78
45
102
80
80
70
89
72
67
107
157
161
170
171
170
158
135
139
125
172
128
110
113
111
82
132
149
144
123
90
97
135
159
164
140
126
123
146
114
112
114
68
111
58
80
0
25
72
49
53
45
106
77
97
66
110
82
31
29
51
15
-40
18
-22
-38
-77
-83
-100
-65
-13
2
68
45
57
79
89
60
91
129
169
179
178
183
152
136
163
143
130
175
186
166
184
195
198
142
106
113
104
138
99
119
117
89
83
48
33
51
31
17
-11
8
2
-22
-27
17
2
46
71
88
129
106
88
77
137
156
186
188
180
195
216
244
239
239
263
200
228
233
272
232
192
218
182
158
149
145
107
110
93
45
30
64
93
89
110
104
36
101
105
108
116
95
122
114
143
153
131
119
129
172
128
167
149
167
167
131
110
170
190
159
184
142
193
126
134
110
130
119
94
91
65
83
64
102
92
65
68
39
58
78
66
32
51
52
71
75
81
122
98
141
96
142
189
164
138
135
96
81
105
80
101
76
72
95
84
125
86
87
88
120
132
100
48
68
97
67
70
57
58
32
68
38
56
114
106
174
172
186
187
176
161
182
171
94
138
143
140
162
135
114
81
90
103
88
60
39
106
112
100
111
109
86
76
107
114
90
68
57
41
-11
32
9
32
43
71
52
84
79
56
135
51
69
65
58
81
73
123
108
88
106
109
121
69
100
104
71
124
101
134
124
102
135
105
91
107
135
150
156
152
167
141
115
91
88
110
95
96
61
59
14
12
34
14
-19
-5
-10
-2
17
-26
-44
-53
-42
15
7
-40
-11
9
7
54
38
36
71
45
61
54
82
72
65
105
75
77
82
109
103
134
146
144
188
103
96
115
106
101
106
84
33
53
-24
30
54
65
73
40
42
-4
-13
-43
-30
-27
15
-2
-8
15
5
62
51
44
76
86
84
88
89
86
78
88
100
59
82
97
107
75
61
62
17
30
2
-8
-7
11
1
-3
17
68
77
43
79
63
65
84
71
73
85
103
68
78
67
20
36
42
91
119
126
106
95
112
87
62
74
64
63
71
58
68
91
45
72
55
21
26
15
31
44
57
48
48
56
80
95
67
89
106
81
80
40
59
47
17
35
12
56
57
38
45
80
69
85
88
87
70
57
92
21
7
14
4
61
137
126
151
163
144
211
218
177
156
173
136
180
183
130
118
86
113
104
115
92
82
83
80
37
56
78
80
67
64
82
74
75
45
67
92
28
77
68
83
90
40
50
85
87
93
61
18
48
3
-18
-2
15
-6
-35
-2
13
33
22
21
13
-24
-31
-4
-6
-54
-18
-67
-60
-66
-31
-22
-69
-38
8
30
32
70
70
19
38
-20
-15
-2
-54
-91
-56
-27
-24
-14
19
-31
7
-33
-42
-28
1
21
35
26
-17
4
-9
-15
-24
-74
-49
-36
-58
-64
-68
-49
-61
-36
-61
-51
-85
-62
-63
-71
-29
-17
-57
-39
-64
-72
-60
-20
-73
-59
-23
-66
10
8
-14
42
55
29
30
46
85
75
113
111
65
48
40
63
29
29
15
-33
-23
-59
-75
-59
-71
-68
-115
-76
-127
-87
-79
-108
-99
-133
-124
-150
-139
-172
-195
-189
-227
-153
-129
-114
-97
-84
-42
-55
-46
-3
-18
-4
33
-5
2
19
8
5
33
0
3
-20
-16
-5
-1
11
-23
4
-17
-8
-22
-48
-54
-41
-29
-74
-51
-64
-79
-81
-105
-114
-141
-163
-143
-129
-71
-36
-24
-53
-32
12
-10
-8
-6
-43
-67
-65
-48
-58
-23
-44
-78
-51
-48
-76
-86
-97
-91
-100
-125
-87
-115
-102
-113
-133
-83
-99
-135
-65
-88
-101
-120
-125
-121
-128
-114
-128
-100
-114
-108
-107
-77
-108
-58
-34
-54
-58
-43
11
-25
-17
-55
-63
-26
-66
-64
-30
-28
-64
-77
-92
-77
-80
-60
-54
-47
-30
12
4
-7
-48
-115
-90
-62
-65
-89
-103
-92
-88
-70
-75
-94
-69
-93
-65
-91
-88
-52
-44
-64
-96
-85
-116
-147
-194
-208
-196
-175
-191
-168
-187
-165
-188
-199
-173
-184
-223
-240
-189
-230
-220
-217
-181
-167
-174
-128
-103
-61
-49
-49
-51
-22
-24
-29
-34
-56
-5
-11
-45
10
-10
-8
18
42
26
2
18
-29
-9
-65
-75
-57
-100
-103
-109
-118
-117
-83
-59
-76
-53
-55
-143
-168
-153
-176
-161
-124
-92
-107
-166
-148
-142
-144
-145
-147
-139
-126
-77
-138
-103
-69
-71
-80
-105
-84
-86
-46
-33
-32
-38
-48
-55
-41
-40
-68
-84
-70
-62
-58
-30
-82
-65
-71
-41
-42
-68
-80
-150
-154
-162
-197
-188
-171
-193
-164
-197
-152
-161
-163
-151
-196
-171
-167
-164
-153
-125
-145
-135
-185
-170
-155
-166
-132
-127
-117
-93
-35
-93
-43
-1
-12
-44
-38
-47
-25
-9
-14
-10
-20
-14
-47
-8
-43
-30
-1
-42
-38
-71
-64
-125
-125
-98
-85
-71
-40
-72
-89
-108
-103
-53
-91
-107
-127
-121
-88
-66
-52
-92
-95
-141
-99
-90
-96
-49
-111
-60
-82
-71
-54
-55
-32
-73
-92
-77
-54
-82
-98
-41
-17
-11
-11
-67
-65
-41
-45
-64
-46
7
23
4
-26
-13
-20
9
-9
-23
-50
-23
-25
-8
76
-6
17
-10
-9
-8
-33
-6
-39
-49
16
8
-52
-76
-42
-41
-59
-115
-137
-149
-145
-111
-126
-178
-133
-110
-118
-87
-66
-42
-57
-45
-54
-70
-105
-108
-93
-61
-30
-21
-41
-89
-93
-45
-14
-32
-32
-16
-25
-54
-48
3
17
-13
-19
-9
-44
-63
-50
7
3
13
-48
-91
-109
-93
-18
-40
-28
-39
-53
-74
-41
-65
-37
-77
-45
52
-8
-20
-36
-89
-62
-30
-44
-50
-70
-45
46
20
-37
-72
-58
-39
21
65
56
3
6
46
100
118
93
82
57
142
180
90
17
66
119
203
98
-28
-38
-27
31
52
37
-81
-145
-123
-130
-71
-151
-211
-130
-72
-59
-114
-116
-117
-47
-37
-58
-63
-105
-62
16
0
-50
-17
52
112
32
-10
11
60
50
42
61
38
37
38
99
26
-36
-2
-6
3
-52
-86
37
113
47
19
30
31
9
-42
-17
-3
-1
0
-66
-70
-23
45
35
95
29
-4
129
145
97
52
117
129
80
60
-11
37
32
73
156
63
-14
-74
-7
35
38
58
4
-35
-43
25
11
3
10
32
78
9
-88
-178
-107
-47
14
-20
-62
-118
-72
50
20
29
-74
-11
86
127
27
-84
-17
55
107
-19
-221
-229
-64
-2
33
10
-100
-150
-22
48
-43
-35
-21
-26
32
38
-10
65
64
-7
110
85
35
7
1
-21
0
49
-77
-73
-50
-63
-15
9
-59
-12
15
12
-8
-100
-140
-77
-35
-42
-71
-60
-75
8
-56
-198
-159
-37
52
-25
-198
-190
-69
-20
13
-77
-130
-87
168
132
-106
-225
-80
55
-13
25
-97
-201
-121
57
2
-21
-41
-152
34
145
64
21
47
-94
-17
216
128
-90
-18
81
58
218
165
-104
-51
3
8
200
30
-268
23
291
-77
-131
12
-85
-138
-54
56
-9
-74
-153
-5
152
-137
-68
180
70
-96
-56
56
92
50
-173
-15
167
102
-47
62
49
-55
165
202
134
116
-70
-41
158
97
15
168
52
-185
58
219
-91
-84
71
-92
97
294
110
-202
-149
48
-25
-28
-17
-163
33
42
-248
-97
80
-146
-49
104
-114
-99
46
92
-58
-4
23
48
245
-30
-348
62
293
108
226
-58
-445
-226
371
303
9
74
-151
-8
366
80
-367
13
175
196
238
-37
-314
-456
-74
487
362
-337
-458
59
247
137
86
-97
-343
149
476
60
37
-35
-121
328
573
-58
-229
-148
102
432
315
85
-269
-117
233
386
-139
-138
214
-9
107
254
-36
-220
127
-19
62
333
-165
-230
385
128
-107
368
169
29
173
63
368
431
-276
-213
643
241
-219
294
209
-252
8
359
203
174
-165
-226
433
338
-256
-123
335
260
-133
-43
115
13
-190
69
315
-51
-325
12
244
176
147
-73
124
289
-160
-118
577
197
-477
149
666
-23
-417
396
320
-81
159
142
35
122
158
96
525
539
-68
-182
367
179
-495
66
556
167
-488
-82
398
-114
-31
156
-121
3
314
-172
-264
24
-135
-34
265
243
-593
-119
394
-185
-59
402
71
-376
104
315
78
30
90
-47
321
299
-234
115
531
-119
-84
655
77
-550
307
450
36
262
146
175
115
163
101
47
243
-75
-14
383
-67
-232
-79
-16
127
122
-70
-5
-346
-245
286
45
-345
-89
289
-159
99
51
-71
205
-140
212
384
58
-162
-31
403
599
312
-257
-42
146
85
78
330
317
-198
-49
150
109
-98
-72
304
169
13
-41
-66
-15
130
-175
-164
26
-41
-426
-240
123
-38
-13
-18
-216
-436
261
20
49
167
-69
-14
237
-272
5
306
-266
217
-54
-115
-29
129
-12
-66
190
429
-220
-485
157
115
226
87
37
-69
-199
216
16
-117
91
-64
-227
232
-187
-601
-32
331
111
-323
125
-317
-293
239
220
-202
51
77
-430
122
274
-490
-198
761
-205
-227
56
230
-138
190
439
-381
-364
524
239
-833
505
303
-381
-18
345
-467
-632
651
73
-441
-50
-464
-664
441
438
-835
-180
312
-368
-75
-77
-622
-215
451
-20
-175
-331
-145
-555
-27
692
-456
-108
349
-587
174
532
-351
-50
140
176
60
-2
-49
-414
-75
369
-351
171
-169
-716
192
322
-224
82
-104
-902
59
277
-526
-60
100
-478
282
27
-781
-498
233
-145
-336
276
-534
-863
-35
-30
-449
271
-214
-738
129
201
-588
-189
388
-880
-130
893
-750
-871
622
-21
-194
636
-583
-659
259
-122
-601
597
264
-1115
158
508
-447
-290
61
-102
329
202
-423
-315
-194
-51
103
-67
-335
-279
33
56
-459
-466
178
-101
-131
-680
-243
299
-706
-243
-180
-204
-449
302
-473
-620
-10
115
-474
-266
407
-1018
103
329
-445
-480
277
-59
-441
13
-257
-414
337
331
-293
-217
-412
-120
149
-111
-205
44
-356
2
298
-222
-751
141
-139
-218
145
-342
-606
-474
425
-387
-299
124
-516
-577
587
-333
-961
750
-156
-626
96
126
-336
-647
255
-100
-89
146
-379
-589
-326
-70
213
471
-1128
-67
257
-61
-7
-216
-521
101
737
-233
-298
-132
-697
300
1093
-490
-726
250
5
22
581
-660
-593
475
185
-350
-48
-217
-550
84
275
-138
-518
-232
-452
-166
303
-374
-736
-259
-23
102
-339
-545
-269
74
-511
100
-100
-611
-194
13
16
-36
-345
-329
78
123
-72
-791
384
161
-536
327
2
-657
-57
273
-419
375
-658
-578
509
-149
-672
-127
-42
-280
199
-277
169
-597
-556
486
-60
-424
-760
145
-339
155
-164
-330
-551
107
-65
-119
165
-787
-19
-12
460
-629
-328
369
-410
-134
-91
70
-461
-258
173
-647
398
-195
-936
119
-160
-505
24
187
-877
-259
-209
77
-481
-494
-306
-196
120
-747
-437
-35
-790
-367
-160
-333
136
-908
-838
-334
-262
-199
-374
-761
-829
316
-359
-733
-697
-524
-246
346
-62
-1358
-382
-222
373
-544
-454
-683
-396
195
-221
-135
-865
-448
-497
207
-271
-752
-680
-631
17
115
-790
-828
-15
-853
-156
446
-812
-1055
-545
-203
101
-728
-666
-1158
-698
394
-775
-687
-995
-842
-754
645
-404
-1719
-836
-227
-229
-281
-862
-1377
1
-295
-829
-540
-196
-1448
-721
120
-155
-771
-823
-1122
-403
-240
-621
64
-967
-1194
-442
659
-1282
-727
-484
-821
-255
145
-1416
-947
196
-1549
-629
230
-668
-1594
80
-507
-1465
196
-405
-1436
-531
522
-1550
-279
207
-1525
-499
-180
-582
-442
204
-1236
-1043
222
-594
-471
43
-1387
-655
302
-906
-563
-694
-908
-153
-350
-976
-685
-897
-367
-424
-800
-539
-1029
-176
-781
-496
6
-1213
-253
-49
-814
-1162
-353
-307
-629
-235
-333
-608
-1069
46
-206
-895
-262
-451
-650
-566
-207
-986
-1073
334
-692
-432
-350
-1143
-493
-446
-602
-359
-497
-601
-1054
39
-235
-1076
-171
-490
-859
-147
-169
-1187
65
-702
-960
230
112
-1152
-904
-56
-684
-70
54
-784
-654
-314
-532
399
-107
-1102
-1266
480
219
-628
-557
-633
-499
-367
-104
-126
-734
-1347
0
502
-279
-714
-1174
-758
565
414
-1572
-368
43
-913
97
839
-1209
-1671
451
-369
116
-141
-1399
-293
506
-822
-654
204
-814
-264
-342
-153
152
-725
-1320
292
566
-807
-696
400
-604
-1010
835
-457
-795
198
-390
-660
428
-458
-1884
1158
-13
-1329
336
-169
-718
-959
481
-334
72
-629
-1214
89
164
-533
-623
487
-661
-978
828
-570
-432
-227
-452
58
264
-355
-875
874
-573
-376
668
65
-941
-126
532
-125
400
-635
-561
896
-321
-98
286
-369
-466
119
194
-441
15
-778
489
136
-555
-89
-243
-655
167
197
-389
-156
-506
-359
555
190
-932
-165
772
-99
-429
290
-947
156
437
-857
355
253
-796
154
618
-766
-431
591
-327
-349
829
-577
-532
1191
-284
-493
758
-296
-1123
972
903
-1293
384
14
-743
594
496
-1066
-6
451
-897
547
377
-872
-208
844
105
-653
54
-297
307
-208
297
416
-918
167
124
-37
221
258
-511
293
713
-482
46
-47
265
-133
673
-431
-423
683
-134
-276
610
7
-689
597
-287
-467
568
350
-1266
532
356
-555
312
-159
-216
-345
856
-413
-5
39
94
-381
435
-91
-448
694
155
-571
-207
353
-143
-163
433
-232
-9
729
-733
-95
119
-137
404
25
211
-502
-417
401
592
-127
-140
553
-651
504
272
-199
-258
263
471
-75
143
-623
-84
-211
528
446
-506
-560
-26
470
76
-718
190
-203
412
270
-527
-232
257
154
-555
1164
-426
-646
276
678
-175
20
352
-630
185
648
-216
-651
692
203
-500
1285
-605
-316
892
-345
129
427
-177
46
343
-594
448
453
-88
-344
274
-101
401
163
-435
-98
448
-544
-70
882
-665
-122
81
27
-279
111
40
-67
-58
-199
600
0
-859
194
153
373
434
-811
-177
1079
-167
-866
793
-138
-287
668
403
-799
-70
492
-102
86
483
-325
-613
743
155
-505
-95
293
-372
289
-194
-33
-626
-36
1219
-487
-384
585
76
-501
672
203
-192
224
130
-37
-10
366
-94
3
523
276
-530
535
206
-175
-76
286
179
-83
179
-400
231
273
-570
-158
624
-309
-309
23
-3
214
-523
120
-77
115
-124
436
-585
159
-214
184
305
-512
49
-363
558
-271
-276
18
492
-347
11
356
-587
715
125
-484
202
831
-605
-335
697
409
-282
65
331
-126
258
-483
-112
407
165
-425
500
-145
-389
-36
151
649
-638
-237
652
40
-614
219
346
199
-204
-148
512
397
171
-326
347
741
8
50
353
216
399
-45
762
550
-959
336
310
231
34
876
-907
104
568
-487
382
177
156
-637
1184
-216
-239
238
-96
181
27
1033
-914
240
414
-267
288
83
502
-858
647
63
285
21
416
494
-218
1079
279
9
2
1249
-254
622
299
529
7
278
108
44
1036
9
-447
489
1229
-1424
1198
841
-1005
454
1413
-470
-206
1032
-733
523
968
-215
19
980
-466
-105
953
-63
347
807
-560
781
588
-657
797
1111
-806
571
1998
-683
-562
1471
81
-208
1306
301
-628
915
524
34
708
315
357
14
652
757
354
-91
507
925
105
889
443
-15
298
1103
651
396
853
28
542
1038
67
251
1121
266
193
1039
267
277
825
108
334
961
175
-284
1429
183
-80
490
1612
-306
137
1048
101
735
788
881
-370
981
144
589
655
589
-109
802
965
-384
1101
-161
228
1188
273
382
1087
-245
903
820
97
655
743
128
324
1049
252
-99
997
341
-590
1466
1209
-1332
678
1617
-632
656
1340
-275
-162
1337
53
319
1273
-371
-237
1219
1149
-994
435
1293
-360
1062
887
-428
408
726
551
906
109
-160
1043
-37
-163
1523
422
155
-233
908
706
162
395
-271
869
550
377
493
448
-678
983
1038
52
874
-534
1071
11
1147
413
175
297
433
968
514
644
-254
811
546
763
-401
566
433
304
834
259
360
-474
1197
10
8
1217
123
208
597
-219
414
758
21
623
-202
489
1052
-560
498
763
-330
821
877
-740
429
875
-182
283
1123
-129
252
363
506
40
494
669
-252
1106
-139
306
273
248
659
276
-673
1448
714
-725
1290
-375
101
1161
860
-849
584
800
22
554
302
109
-319
1456
310
-32
121
660
142
548
929
-335
870
-44
956
275
678
920
-909
332
1927
-403
-291
1024
-274
574
578
166
-441
420
767
-602
601
705
-567
257
705
189
281
153
72
659
128
605
646
-341
210
1078
-60
316
746
-585
567
1741
-651
-554
1581
-133
145
1060
373
-428
885
1266
-292
577
645
-118
354
1166
-214
39
1234
-601
882
552
-311
733
214
-243
1197
408
-670
639
418
459
261
387
71
1030
328
-13
651
432
302
479
686
327
927
-351
540
462
268
356
957
-182
96
796
138
20
696
505
-379
1505
-629
-58
1299
23
-230
868
523
-785
1021
57
191
462
286
117
-11
1099
-711
138
1359
-270
204
718
291
-274
747
639
-146
476
985
55
-239
1323
-603
341
1442
-648
286
718
566
-480
820
149
167
412
373
609
19
733
-95
959
172
648
409
-129
961
238
478
276
575
-305
468
817
437
-341
419
800
261
304
662
-66
141
757
82
460
-161
891
-323
41
774
433
-202
167
1090
-730
712
703
-235
145
919
291
432
509
-190
268
511
1272
-475
225
969
135
-349
1176
561
-166
1029
-311
765
780
-177
-54
1737
362
-513
821
1012
22
-335
1099
805
62
133
182
439
853
10
275
326
899
6
80
746
559
175
41
1278
-69
-172
452
913
-156
808
122
123
545
319
415
219
765
292
253
711
1177
-680
828
1112
-195
692
915
-82
262
692
152
650
911
-443
-63
1773
-277
29
905
126
-6
1355
48
-399
636
-3
602
1154
-129
-603
512
403
640
306
-36
-98
860
594
-191
79
106
182
666
1099
-556
529
76
-471
1801
270
-270
367
545
310
918
376
-416
528
467
921
568
83
135
254
1020
799
-39
-237
595
322
851
831
-753
780
323
56
1427
173
-871
820
796
470
566
22
-353
754
479
29
1524
-150
-1029
1537
1031
-303
716
-449
-125
1295
988
-386
277
559
-630
1356
1432
-1030
-80
861
-100
936
814
-997
398
642
3
1186
257
-714
-10
1637
353
121
272
-441
770
691
701
249
-301
328
413
922
574
-191
128
512
632
-103
1357
-376
-553
1385
432
574
32
165
-417
1526
207
-627
759
362
-596
872
1573
-1590
600
807
-367
785
1173
-997
253
1603
-665
220
1727
-597
-707
2053
-3
-220
927
316
-747
1410
574
-491
238
329
223
511
736
-371
246
304
209
251
857
-394
-314
1113
348
-619
862
-5
-860
1087
849
-708
-135
991
-543
552
830
-223
158
406
459
474
120
-275
314
1151
-44
-26
848
-51
-142
1165
-106
-216
1092
-382
212
869
-127
-166
649
485
-199
683
-97
-24
513
-126
236
350
166
-403
661
143
-295
695
649
-429
-330
928
-239
716
11
-294
267
477
276
-28
-144
210
213
104
615
-223
-250
369
2
588
199
-680
393
490
-350
340
558
-729
-14
863
545
-704
-102
891
-616
546
767
-422
-475
876
-99
-224
691
-153
-604
161
739
-457
516
-312
-626
835
299
-361
246
59
-312
511
531
-421
54
64
-220
714
90
-480
-343
363
488
-42
-255
-307
-59
469
131
-74
24
-479
64
428
207
-400
-58
173
-7
342
43
-213
-442
516
122
-161
721
-720
-296
435
594
-727
54
-191
-353
876
-356
-302
-85
154
-557
524
-169
-830
430
-366
-355
622
-416
-689
420
-474
-138
580
-212
-967
358
-11
-88
-13
-451
-338
250
511
-806
107
-15
-162
-44
-34
405
-94
-735
269
345
36
-175
-17
-219
116
273
-228
94
-68
-176
-202
799
-680
-507
94
-3
134
-363
135
-466
-149
-129
-346
-58
192
-863
-103
389
-975
-161
114
-710
149
-403
-190
-175
-344
-299
-70
109
-707
-24
-353
-54
-489
54
-148
-315
156
-304
-505
-93
212
-883
170
-62
-451
-115
133
-261
-596
-195
39
-117
-412
316
-696
-478
265
-125
-183
-354
-347
-345
-87
113
-493
-626
162
-326
-349
-177
-9
-617
-338
-41
-91
103
-786
-296
-241
-310
-106
-7
-532
-737
-237
-193
341
-471
-1206
-214
414
-275
-701
-261
-540
-144
278
-564
-425
-94
-312
-452
-194
237
-556
-605
150
-442
-583
-14
-111
-846
-281
285
-598
-820
267
-227
-886
213
-229
-788
-273
92
-499
-342
-207
-597
-266
-324
-527
71
-543
-107
-560
-690
319
-653
-408
173
-371
-779
164
-58
-627
-284
-343
-271
-133
243
-976
-764
123
-358
-397
-116
-346
-1024
-313
357
-572
-788
-63
-682
-485
28
-21
-1165
-15
-130
-526
134
-723
-182
-497
-344
-120
459
-443
-680
-166
-699
22
175
-562
-586
27
19
-712
2
-89
-659
-491
346
113
-342
-511
-885
40
31
-264
-632
-331
-702
-246
367
-339
-783
-295
-471
-157
394
-955
-506
246
26
-575
-252
-115
-415
-151
-142
-4
-105
-569
-273
42
-569
-303
155
-310
-633
-69
-88
-409
-349
-286
-287
-58
-481
-469
-118
-306
-237
-310
93
-12
-958
-72
360
-261
-39
-239
-183
160
-165
-248
150
-92
-281
-4
51
-158
-304
-165
-5
-111
-161
-125
-119
-255
-266
-35
-83
-194
-253
-377
-229
-7
133
-838
-47
200
-743
-13
185
-221
-382
-137
-487
30
264
-288
-633
-144
20
85
-335
-376
-251
-162
92
22
-279
-719
13
-236
57
675
-808
-955
445
309
-692
-176
207
-924
-183
428
-575
-673
213
-306
-434
409
-544
-564
-112
-113
-429
-167
280
-651
-759
119
-210
-485
50
-329
-582
-63
57
-509
-219
135
-588
-146
397
-316
-380
-8
37
-232
-236
108
-266
-544
-72
-106
-65
24
-576
-403
39
-15
-60
-314
-249
-100
-214
316
-76
-473
-179
125
-69
186
-138
-489
-138
-210
357
94
-820
-263
106
-332
86
-186
-515
-124
94
76
-36
-373
-301
-93
81
298
-740
-561
232
-213
-314
221
-238
-838
64
133
-283
-207
-502
-126
95
-559
-272
170
-527
-348
291
-151
-432
188
-292
-608
355
-168
-481
167
-127
-523
368
42
-471
-27
-337
-72
95
-203
-467
16
43
-477
278
-122
-815
198
455
-315
-323
31
-300
-139
235
99
-157
-130
-299
-202
340
44
-178
127
-180
-193
122
336
-168
-246
37
-97
185
-130
-522
-160
81
-183
24
-87
-796
-432
133
125
-253
-410
-127
68
13
-456
83
90
-354
-23
407
-36
-206
-8
-188
-217
181
191
-220
-384
-182
174
302
-264
-626
-137
198
311
-214
-300
-63
-81
39
165
-279
-434
59
224
-64
-91
-244
-198
177
-27
-87
297
-80
-392
-174
32
166
-105
-83
-225
-178
246
95
-283
-197
358
97
-203
64
-148
-147
265
261
-275
-255
65
-122
198
152
-494
-408
455
99
-327
199
-312
-623
300
726
-33
-433
-435
-369
162
401
-208
-614
-336
-127
213
213
-438
-629
-230
151
478
-121
-712
-312
-35
34
316
127
-748
-824
389
580
-141
-434
-274
-206
58
378
78
-637
-264
405
479
423
-330
-602
169
621
350
126
-30
-240
-162
439
885
-229
-678
331
812
226
-278
99
-62
-49
540
546
-149
-473
6
423
583
191
-615
-89
515
-54
-6
449
-78
-591
90
628
-100
-764
-140
200
269
280
-354
-589
-211
-93
65
350
-244
-459
5
294
-425
-134
31
-394
-57
-89
-359
-371
-102
-520
-155
-74
-420
-333
-179
-210
-362
74
-55
-368
-298
-167
-119
-54
-129
11
-22
-332
-333
131
261
83
-149
-120
216
183
-69
44
338
53
291
747
260
-235
190
566
443
613
484
120
504
826
621
471
502
303
193
710
760
259
79
526
561
373
456
-90
12
535
316
-74
238
85
-508
118
236
-427
-479
-230
-446
-532
-356
-601
-843
-460
-455
-1154
-975
-546
-1137
-898
-376
-1322
-1550
-820
-854
-1410
-1234
-1121
-1173
-1026
-1256
-1321
-884
-838
-1302
-1220
-636
-560
-520
-436
-311
-164
36
334
302
295
527
973
1214
856
790
1159
1258
1329
1330
1309
1274
1358
1399
1457
1401
1235
1264
1440
1488
1109
913
1238
1134
944
1124
989
703
626
763
864
751
258
486
702
335
297
348
92
59
502
226
-42
23
49
226
204
-372
-301
306
8
-525
-473
-233
-428
-550
-818
-971
-781
-1013
-1151
-1032
-1455
-1843
-1439
-1483
-1903
-2085
-1602
-1303
-1621
-2167
-2838
-2242
-1291
-1143
-1373
-1650
-1651
-1042
-332
-430
-720
-230
370
702
803
562
626
1212
1478
1554
1647
1408
1272
1478
1902
2054
1920
1688
1305
1249
1452
1523
1422
1127
1083
1027
871
562
293
296
541
560
86
-262
-358
-159
-150
-96
-77
-188
-141
-12
12
117
277
436
636
473
494
728
761
877
1202
1079
882
1079
1019
1024
1320
1299
915
916
865
585
661
584
365
335
121
-379
-554
-352
-678
-781
-749
-955
-1442
-1520
-1379
-1676
-1642
-1934
-1925
-2056
-2306
-2453
-2401
-2097
-1980
-2155
-2679
-2897
-2658
-1783
-1318
-1656
-2021
-1673
-1183
-907
-711
-567
-96
370
498
534
566
714
1069
1563
1770
1712
1628
1648
1736
1918
2217
2318
2044
1578
1560
1815
1887
1800
1544
1393
1250
1092
943
880
899
895
755
498
184
131
341
286
203
169
172
111
23
49
277
309
205
248
290
322
333
499
630
485
425
485
568
576
615
562
426
397
219
158
211
100
-154
-242
-93
-292
-768
-982
-1104
-1066
-1060
-1247
-1592
-1791
-1815
-1729
-1820
-2122
-2414
-2550
-2562
-2326
-1874
-1818
-2508
-3182
-2860
-1808
-1062
-1443
-2125
-1879
-923
-370
-461
-725
-386
426
1044
1210
856
690
1156
1893
2317
2246
1853
1738
2000
2328
2778
2792
2184
1815
1866
2104
2195
1962
1570
1430
1412
1307
935
540
349
486
789
516
-220
-647
-366
-17
24
-235
-526
-553
-526
-280
-54
-94
-352
-203
194
200
-67
96
379
498
531
410
346
415
620
794
884
576
177
93
351
299
21
-29
-334
-567
-722
-731
-877
-1327
-1620
-1330
-1439
-2067
-2430
-2386
-2433
-2558
-2652
-2615
-2300
-2527
-3139
-3541
-2933
-1988
-1514
-1868
-2465
-2081
-1050
-195
-551
-745
-134
633
1216
1161
925
1108
1755
2267
2439
2352
2062
2120
2479
2806
3001
2778
2280
1894
2034
2403
2283
1878
1418
1299
1323
1234
840
402
395
400
292
33
-228
-363
-411
-396
-359
-239
-296
-371
-422
-251
107
96
31
59
105
372
605
680
639
613
653
857
936
834
792
764
754
649
526
310
86
65
-6
-247
-493
-817
-1109
-1207
-1306
-1661
-2053
-2237
-2390
-2617
-2775
-2992
-3156
-2853
-2547
-2692
-3443
-3994
-3520
-2352
-1898
-2257
-2624
-2469
-1603
-889
-713
-687
-318
253
832
1130
1042
1142
1702
2225
2528
2630
2412
2328
2574
3072
3392
3212
2654
2312
2407
2702
2813
2450
2068
1824
1555
1497
1302
1004
752
544
388
148
33
-128
-303
-517
-431
-291
-599
-763
-776
-618
-348
-283
-362
-416
-283
-17
311
453
232
147
400
721
807
902
964
776
785
894
860
694
500
434
559
505
-36
-486
-435
-395
-599
-860
-1367
-1793
-1667
-1807
-2272
-2677
-2884
-2975
-3022
-2854
-2882
-3169
-3723
-4068
-3489
-2292
-2047
-2777
-3010
-2324
-1344
-843
-1065
-1222
-613
262
783
862
706
892
1667
2287
2281
2199
2204
2549
2945
3389
3613
3292
2844
2707
3067
3299
3164
2711
2474
2420
2274
2109
1731
1433
1280
1296
988
548
345
338
232
1
-184
-266
-318
-456
-483
-534
-473
-563
-572
-533
-488
-388
-284
-124
-180
-233
-78
197
143
141
271
354
280
321
434
380
178
40
47
-85
-171
-347
-547
-675
-880
-1139
-1212
-1466
-1880
-2014
-2221
-2550
-2871
-2995
-2501
-2267
-2948
-3940
-3874
-2849
-2004
-2269
-3097
-3087
-2160
-1177
-1071
-1434
-1216
-381
467
731
557
590
1113
1964
2335
2355
2129
2269
2565
2950
3412
3358
3058
2763
2871
3137
3186
3011
2700
2498
2447
2313
2142
1818
1585
1384
1228
1039
738
445
271
205
29
-168
-367
-446
-479
-430
-467
-534
-629
-703
-568
-397
-409
-443
-364
-169
23
28
166
190
197
308
293
291
353
312
169
134
135
45
-79
-195
-458
-719
-785
-976
-1339
-1606
-1692
-1868
-2111
-2464
-2771
-2980
-3093
-2540
-2296
-3094
-4070
-4165
-2951
-1676
-2027
-3223
-3270
-2223
-1126
-731
-1084
-1192
-484
480
951
790
680
1152
2038
2488
2460
2260
2332
2645
3058
3658
3661
3106
2608
2804
3364
3509
3097
2500
2247
2282
2422
2323
1747
1237
1138
1336
1142
548
128
43
151
30
-228
-490
-750
-786
-608
-450
-721
-1089
-985
-582
-355
-537
-664
-640
-466
-88
90
-13
-182
-61
190
363
335
146
132
373
324
32
-48
-156
-280
-246
-306
-589
-1031
-1213
-1248
-1298
-1432
-1856
-2247
-2536
-2665
-2727
-2618
-2308
-2484
-3384
-4107
-3630
-2283
-1686
-2661
-3547
-2915
-1633
-966
-1305
-1623
-1091
-82
521
526
310
405
1241
2028
2174
1949
1766
2108
2714
3081
3264
3076
2726
2644
3010
3289
3194
2739
2408
2492
2510
2474
2139
1697
1392
1468
1570
1168
648
289
377
476
139
-150
-335
-434
-367
-344
-413
-734
-918
-733
-485
-519
-685
-694
-559
-374
-303
-221
-159
-163
-109
40
177
107
85
192
193
117
15
-55
-125
-138
-198
-392
-636
-871
-1009
-1084
-1280
-1627
-1905
-2111
-2299
-2608
-2938
-2530
-2117
-2673
-3630
-4059
-3157
-1843
-1916
-3101
-3463
-2491
-1282
-1090
-1527
-1510
-800
48
461
385
256
661
1452
1889
1930
1824
1897
2357
2694
3034
3162
2939
2664
2703
3098
3338
3155
2722
2519
2523
2527
2458
2118
1682
1530
1568
1506
1041
546
397
419
312
-40
-280
-462
-509
-564
-512
-594
-909
-955
-697
-518
-745
-896
-755
-548
-436
-367
-321
-339
-241
-36
57
159
71
32
199
176
55
-28
29
-20
-167
-276
-479
-654
-859
-914
-1021
-1304
-1637
-1883
-2012
-2298
-2583
-2906
-2653
-2123
-2441
-3500
-4263
-3501
-2038
-1715
-2935
-3676
-2888
-1485
-925
-1383
-1639
-1050
-98
428
413
304
608
1416
2065
2075
1970
1976
2371
2732
3041
3241
3118
2808
2636
2989
3325
3168
2687
2322
2346
2297
2232
2035
1579
1182
1074
1112
859
385
94
65
51
-147
-304
-474
-679
-724
-646
-631
-774
-936
-873
-606
-555
-655
-522
-383
-333
-249
-94
40
75
168
351
541
460
301
370
386
353
201
164
96
-96
-231
-396
-640
-856
-1021
-1174
-1500
-1888
-2074
-2176
-2414
-2686
-2982
-3212
-2681
-2369
-2992
-4012
-4310
-3154
-1911
-2233
-3490
-3518
-2361
-1265
-1124
-1517
-1384
-615
251
692
610
562
1058
1895
2339
2281
2191
2374
2791
3031
3352
3428
3127
2798
2858
3326
3450
3020
2536
2439
2495
2422
2270
1824
1242
1028
1110
1011
486
-87
-275
-174
-379
-704
-890
-1083
-1169
-1073
-889
-1101
-1413
-1409
-1078
-764
-881
-945
-855
-715
-506
-332
-153
-186
-90
89
335
364
260
354
507
535
429
366
234
155
159
78
-127
-493
-730
-782
-844
-1124
-1582
-1811
-1998
-2173
-2465
-2734
-3055
-3162
-2532
-2343
-3187
-4195
-4080
-2698
-1787
-2478
-3552
-3355
-2093
-1014
-983
-1411
-1282
-326
638
897
688
690
1321
2184
2452
2332
2262
2514
2985
3367
3631
3464
3099
2992
3283
3616
3447
2989
2667
2576
2528
2398
2112
1648
1317
1084
1005
699
294
-67
-283
-370
-553
-761
-971
-1108
-1134
-1109
-1124
-1265
-1361
-1270
-1127
-978
-921
-881
-736
-551
-450
-265
-70
24
127
334
467
559
600
602
637
690
713
595
465
305
305
275
128
-209
-543
-638
-680
-845
-1226
-1561
-1851
-1980
-2127
-2429
-2799
-3153
-2818
-2283
-2654
-3751
-4240
-3345
-1996
-1945
-3132
-3508
-2438
-1099
-715
-1178
-1270
-667
317
927
938
826
1096
1959
2563
2564
2317
2350
2882
3304
3519
3438
3145
2950
3013
3283
3246
2862
2432
2287
2336
2180
1884
1403
899
683
732
636
43
-574
-757
-631
-721
-1008
-1324
-1540
-1472
-1430
-1305
-1372
-1648
-1609
-1241
-940
-970
-978
-799
-570
-336
-182
-32
11
124
331
490
520
450
677
892
914
724
599
591
574
483
312
189
-60
-320
-480
-628
-849
-1124
-1265
-1543
-1851
-2007
-2167
-2304
-2554
-2802
-3116
-3197
-2757
-2506
-3038
-3799
-3772
-2666
-1731
-2003
-2818
-2615
-1497
-646
-532
-720
-496
181
947
1408
1471
1411
1686
2358
2800
2810
2657
2678
2955
3194
3373
3229
2833
2536
2612
2810
2665
2228
1715
1552
1428
1276
1016
550
280
-20
-126
-215
-400
-643
-913
-1010
-1077
-1024
-1108
-1242
-1239
-1171
-973
-909
-890
-861
-671
-431
-215
-107
-159
74
362
560
620
676
793
844
905
893
975
976
837
734
630
602
491
299
113
-88
-178
-363
-706
-1021
-1129
-1209
-1405
-1729
-1988
-2124
-2259
-2320
-2475
-2769
-2972
-2999
-2825
-2376
-2234
-2782
-3369
-3137
-2081
-1144
-1418
-2213
-2063
-998
-39
70
-221
-75
586
1281
1643
1552
1476
1838
2469
2673
2461
2275
2424
2769
2860
2757
2530
2232
2044
2080
2129
1885
1429
1036
950
893
716
412
26
-283
-426
-502
-757
-890
-890
-894
-1066
-1365
-1226
-1009
-934
-974
-1051
-1007
-935
-682
-494
-406
-362
-287
3
204
229
373
599
724
630
700
828
794
680
761
885
810
617
370
352
286
172
1
-272
-544
-714
-784
-938
-1210
-1411
-1533
-1644
-1900
-2073
-2075
-2212
-2239
-2355
-2463
-2579
-2662
-2614
-2345
-1942
-1972
-2452
-2803
-2293
-1172
-615
-1214
-1774
-1274
-237
331
202
9
210
746
1230
1446
1429
1315
1514
1890
2027
1869
1698
1804
1954
1952
1827
1555
1259
1123
1214
1240
911
479
200
191
213
199
-54
-462
-672
-655
-415
-423
-701
-892
-960
-867
-733
-713
-775
-791
-796
-697
-466
-459
-482
-394
-169
3
39
61
76
201
330
410
311
227
255
356
386
317
200
48
30
-59
-193
-325
-545
-642
-727
-822
-895
-1010
-1133
-1305
-1422
-1471
-1438
-1567
-1802
-1918
-1903
-1824
-1897
-1925
-1966
-1979
-1951
-1930
-1986
-1888
-1567
-1474
-1654
-1998
-1855
-1197
-690
-961
-1296
-1077
-560
-160
-159
-162
-87
188
520
660
630
567
794
1034
1009
847
724
912
1049
1076
966
865
764
680
695
702
656
418
291
265
230
213
129
-31
-115
-77
-64
-256
-363
-370
-306
-326
-466
-471
-465
-428
-316
-308
-382
-450
-362
-191
-178
-286
-299
-177
-150
-163
-97
17
28
10
-13
-18
17
3
-11
-24
-86
-208
-197
-144
-202
-299
-384
-450
-575
-587
-492
-539
-788
-942
-851
-716
-807
-979
-1003
-1001
-898
-805
-959
-1217
-1256
-1115
-996
-1046
-1391
-1477
-1112
-1022
-1403
-1788
-1726
-1310
-935
-1063
-1382
-1460
-1137
-679
-530
-653
-698
-377
38
249
217
229
371
595
792
858
839
846
1004
1210
1319
1248
1128
1109
1217
1312
1228
1117
996
969
1006
1044
901
631
490
560
569
409
114
-82
-50
86
60
-161
-384
-362
-123
-78
-162
-367
-344
-165
-81
-77
-158
-108
-66
69
146
191
178
231
395
495
516
479
530
610
643
616
549
538
541
532
432
295
210
161
143
115
15
-115
-146
-176
-191
-264
-345
-420
-432
-567
-797
-874
-874
-883
-1078
-1266
-1414
-1540
-1356
-1196
-1395
-1877
-2115
-1806
-1261
-1139
-1485
-1651
-1369
-922
-596
-509
-591
-379
85
425
564
452
424
835
1192
1366
1226
1142
1347
1625
1822
1804
1621
1597
1685
1741
1745
1609
1476
1435
1393
1398
1259
1034
837
704
723
629
465
262
195
259
250
146
29
-53
13
97
73
-3
-128
-24
186
245
197
136
170
366
505
586
531
578
606
676
774
765
806
827
885
836
871
852
772
735
731
645
473
405
333
336
254
41
-141
-147
-136
-242
-338
-428
-536
-624
-674
-735
-786
-928
-1037
-1150
-1101
-1099
-1188
-1311
-1317
-1215
-1048
-1124
-1487
-1597
-1147
-669
-757
-1040
-1038
-695
-263
-43
-177
-216
-13
401
766
792
751
779
1012
1244
1389
1365
1360
1395
1489
1557
1591
1546
1384
1422
1448
1458
1366
1161
1108
1190
1274
1143
906
626
653
890
890
598
368
416
517
580
420
239
175
292
393
339
246
165
290
481
478
345
348
393
427
519
550
573
559
493
503
560
609
614
593
578
473
447
461
439
386
363
294
219
159
138
184
129
-41
-120
-60
-38
-46
-189
-232
-195
-167
-175
-216
-261
-355
-366
-336
-456
-556
-578
-658
-774
-840
-741
-688
-772
-1105
-1260
-1087
-723
-648
-963
-1052
-901
-541
-317
-307
-397
-353
-90
230
407
403
423
591
860
1034
1070
1077
1135
1321
1518
1605
1542
1481
1562
1690
1744
1723
1633
1633
1678
1723
1676
1479
1283
1195
1324
1273
1008
760
739
828
737
537
338
201
245
286
211
17
-227
-175
-122
-196
-307
-349
-278
-222
-216
-157
-66
-48
-18
101
186
195
250
337
477
563
573
574
635
693
807
849
752
707
730
795
799
784
743
675
677
642
634
518
439
305
195
168
-28
-218
-349
-393
-521
-700
-855
-1019
-1150
-1263
-1374
-1609
-1737
-1620
-1542
-1692
-2045
-2164
-1875
-1512
-1490
-1642
-1664
-1490
-1073
-750
-631
-641
-523
-118
342
558
572
650
961
1313
1520
1610
1649
1762
1938
2139
2177
2135
2012
2013
2093
2072
1941
1704
1589
1515
1395
1229
946
728
638
595
402
90
-166
-287
-252
-406
-626
-790
-862
-801
-720
-733
-880
-927
-813
-590
-489
-482
-381
-164
37
189
285
444
709
818
1002
1105
1240
1301
1468
1663
1665
1677
1664
1718
1769
1745
1681
1573
1444
1351
1290
1311
1116
856
648
573
482
269
49
-158
-371
-520
-606
-788
-937
-1089
-1181
-1232
-1305
-1396
-1533
-1532
-1493
-1438
-1487
-1610
-1635
-1522
-1290
-1233
-1437
-1523
-1325
-998
-712
-697
-698
-529
-180
166
362
454
560
733
979
1210
1319
1408
1464
1560
1645
1630
1608
1647
1673
1711
1697
1593
1501
1422
1382
1319
1229
1059
868
806
741
606
436
213
31
24
60
10
-159
-335
-376
-302
-203
-232
-246
-210
-41
141
253
268
284
406
561
652
669
788
926
1018
1161
1257
1241
1247
1303
1389
1413
1447
1422
1366
1338
1294
1331
1301
1143
1041
1019
1014
902
696
570
498
367
256
166
26
-79
-194
-268
-349
-415
-472
-488
-542
-584
-566
-636
-629
-623
-598
-619
-708
-695
-647
-652
-652
-704
-689
-710
-713
-588
-549
-629
-829
-880
-591
-288
-330
-495
-464
-294
-96
74
37
4
89
315
550
636
607
592
724
985
1098
1065
1066
1140
1275
1380
1392
1302
1279
1290
1302
1343
1290
1211
1120
1093
1010
958
892
765
752
797
716
549
363
311
370
332
169
44
30
8
100
51
-48
-91
-62
76
150
107
118
192
325
444
496
582
622
716
814
918
907
857
939
974
1014
1019
980
982
1014
1038
983
866
822
761
740
726
615
490
454
421
297
204
89
48
-34
-158
-247
-372
-484
-530
-547
-645
-677
-771
-918
-978
-1009
-1017
-1052
-1167
-1184
-1188
-1154
-1145
-1206
-1265
-1045
-874
-981
-1128
-1155
-893
-547
-519
-627
-519
-264
34
226
300
285
413
715
1039
1138
1136
1201
1369
1525
1559
1557
1590
1604
1610
1627
1604
1555
1418
1388
1334
1248
1105
933
775
741
624
449
286
140
72
43
-34
-186
-215
-237
-224
-218
-222
-248
-249
-183
-50
10
44
61
121
229
262
343
487
619
689
771
833
897
962
1019
1042
1071
1081
1044
1081
1050
1021
943
858
812
711
599
449
352
243
160
69
-50
-123
-235
-345
-430
-519
-547
-606
-676
-733
-835
-857
-843
-821
-923
-983
-946
-1029
-997
-949
-914
-884
-885
-794
-730
-656
-720
-678
-614
-593
-624
-575
-573
-543
-377
-419
-540
-654
-498
-253
-51
-222
-345
-153
37
197
210
223
205
355
552
643
621
616
700
829
801
774
777
800
821
785
812
803
744
755
734
726
668
597
528
458
445
372
340
239
229
195
124
98
80
73
105
110
75
83
63
86
96
88
73
35
108
221
233
244
310
328
356
392
398
476
517
516
482
474
455
475
514
439
409
379
341
357
294
229
170
52
-3
-66
-51
-114
-185
-223
-335
-380
-456
-527
-509
-539
-673
-780
-813
-847
-772
-753
-836
-897
-907
-882
-824
-806
-820
-780
-792
-704
-650
-629
-589
-609
-593
-565
-553
-544
-482
-416
-415
-395
-298
-208
-264
-291
-133
20
84
29
-33
80
238
366
391
328
292
395
527
605
566
433
473
572
593
659
637
604
603
566
564
530
485
391
386
392
360
292
292
300
319
310
245
209
184
229
292
354
291
231
189
182
215
205
194
206
207
231
240
282
297
307
351
301
256
315
302
323
306
247
272
228
227
159
47
-21
-110
-109
-109
-158
-239
-302
-368
-381
-442
-488
-456
-513
-532
-529
-542
-556
-515
-510
-548
-524
-543
-478
-430
-428
-480
-544
-447
-404
-408
-389
-430
-378
-276
-313
-328
-340
-359
-324
-290
-305
-308
-325
-331
-378
-432
-460
-495
-518
-555
-615
-670
-707
-649
-645
-721
-771
-743
-595
-577
-656
-595
-563
-506
-300
-284
-251
-199
-55
135
257
312
289
352
511
623
705
761
781
857
955
1056
1005
904
918
993
1042
976
877
807
812
810
754
635
512
467
456
392
301
138
-21
-84
-113
-164
-307
-407
-466
-512
-490
-561
-594
-647
-687
-597
-575
-550
-593
-617
-559
-462
-378
-398
-421
-329
-249
-214
-164
-134
-143
-100
-43
-27
-47
-89
-74
-37
-13
-30
-79
-86
-72
-138
-188
-222
-234
-245
-268
-344
-373
-357
-414
-467
-506
-520
-538
-535
-588
-650
-631
-546
-563
-593
-615
-655
-654
-594
-592
-578
-606
-600
-525
-529
-500
-516
-569
-515
-495
-484
-466
-504
-467
-397
-282
-276
-320
-270
-254
-76
-32
-19
47
145
302
386
409
485
567
573
655
734
783
806
859
884
918
933
927
910
852
844
749
676
590
497
390
383
290
156
49
-124
-173
-244
-347
-463
-553
-597
-646
-714
-821
-854
-875
-881
-861
-870
-877
-848
-835
-768
-696
-669
-616
-548
-459
-384
-257
-185
-146
-102
-17
33
126
148
90
155
162
213
201
125
117
131
112
79
27
-39
-84
-136
-177
-224
-303
-362
-387
-385
-415
-439
-461
-472
-489
-455
-485
-541
-574
-553
-428
-415
-484
-507
-486
-395
-328
-338
-389
-383
-214
-161
-195
-219
-224
-149
-147
-123
-66
-69
-65
-56
-12
14
20
26
40
113
133
128
122
168
195
225
258
279
286
259
313
330
321
312
238
191
174
170
149
138
165
148
157
111
73
49
-13
8
-6
-99
-88
-140
-152
-144
-144
-175
-225
-233
-277
-227
-206
-199
-200
-195
-112
-75
-41
-9
15
89
151
176
183
189
205
281
264
249
313
293
287
290
274
252
232
212
181
156
124
118
74
96
68
8
2
-24
-57
-86
-127
-183
-193
-204
-228
-242
-216
-258
-298
-262
-229
-203
-137
-95
-56
12
69
77
111
174
138
147
208
340
349
320
300
291
408
437
403
318
292
342
377
353
288
228
195
216
198
149
86
-10
12
10
-53
-50
-102
-144
-120
-75
-102
-126
-192
-178
-105
-50
-48
-59
-6
-39
6
45
47
76
155
215
250
276
302
313
349
362
365
355
360
380
397
424
374
368
322
313
322
261
233
242
219
142
141
142
98
102
27
5
23
57
39
-21
-19
-43
6
26
-71
-93
-76
-39
-70
-116
-118
-108
-89
-26
-19
-54
-64
-54
1
10
63
21
-7
5
23
32
-18
-54
-56
-7
-4
-51
-78
-87
-62
-23
-62
-91
-105
-62
-51
-47
-102
-159
-89
-91
-77
-92
-108
-71
-125
-136
-151
-169
-153
-208
-288
-302
-265
-298
-288
-296
-382
-423
-435
-401
-406
-461
-515
-592
-535
-514
-592
-602
-684
-664
-609
-623
-650
-674
-641
-582
-631
-627
-589
-563
-485
-469
-418
-436
-438
-413
-305
-280
-337
-305
-259
-239
-258
-221
-172
-154
-133
-132
-128
-141
-131
-108
-189
-176
-154
-178
-239
-336
-423
-405
-404
-434
-454
-544
-576
-593
-558
-599
-651
-611
-653
-661
-652
-670
-675
-684
-663
-641
-634
-670
-643
-567
-540
-519
-578
-602
-532
-455
-400
-391
-416
-390
-303
-260
-252
-292
-326
-336
-289
-255
-274
-260
-336
-363
-363
-385
-432
-460
-469
-510
-581
-633
-622
-649
-637
-586
-618
-659
-699
-701
-681
-690
-692
-823
-809
-789
-759
-740
-774
-778
-799
-767
-739
-736
-802
-761
-732
-772
-675
-677
-664
-591
-614
-555
-581
-574
-534
-519
-489
-445
-414
-428
-361
-354
-332
-332
-319
-313
-301
-323
-347
-322
-341
-312
-350
-350
-362
-345
-338
-381
-485
-502
-502
-503
-535
-635
-618
-679
-693
-713
-695
-680
-737
-735
-702
-686
-670
-684
-647
-580
-519
-483
-499
-541
-511
-391
-361
-365
-378
-327
-220
-176
-180
-220
-265
-188
-139
-142
-219
-244
-228
-178
-195
-248
-288
-327
-342
-390
-400
-488
-513
-542
-559
-528
-587
-608
-622
-612
-568
-613
-602
-670
-692
-693
-660
-618
-625
-670
-682
-554
-507
-545
-541
-520
-498
-452
-397
-340
-345
-280
-255
-220
-187
-135
-127
-91
-14
-33
-1
-46
-26
-44
-76
-78
-93
-105
-128
-144
-132
-114
-152
-200
-234
-242
-283
-371
-384
-407
-410
-337
-345
-403
-433
-413
-397
-369
-410
-359
-324
-279
-211
-216
-131
-165
-177
-123
-75
-67
-48
-20
-35
-58
4
36
25
62
60
192
185
193
169
145
169
107
78
42
63
65
42
-24
-29
11
-69
-73
-80
-63
-72
-86
-104
-109
-66
-45
-63
-66
-109
-105
-57
-28
-39
-44
16
3
25
92
50
60
31
52
111
110
130
58
113
137
131
153
143
208
245
271
255
276
324
376
370
323
391
357
366
429
353
357
337
333
363
374
425
434
373
276
321
323
375
338
308
334
302
263
214
199
204
181
125
111
78
57
52
63
71
90
142
159
161
143
143
172
134
144
191
185
185
192
279
302
363
413
385
403
475
505
546
550
577
654
656
674
688
723
708
677
634
643
697
653
662
632
602
606
595
594
522
478
473
470
420
387
366
328
280
200
213
260
251
222
172
188
237
286
387
351
339
319
364
413
429
468
493
533
545
568
601
613
615
647
683
712
712
709
689
756
748
717
774
787
761
779
779
776
776
770
768
783
785
769
736
683
703
700
659
577
556
564
543
510
485
464
457
450
474
439
374
349
293
298
268
235
186
211
188
228
243
222
259
270
330
350
361
363
398
415
477
484
511
536
560
539
543
612
627
619
633
662
691
698
687
707
702
732
744
733
716
704
676
622
595
594
550
487
468
451
388
377
321
249
240
210
213
176
158
142
115
102
103
144
165
145
190
216
265
323
321
390
422
512
571
565
637
661
699
712
717
780
755
803
800
824
792
800
824
838
798
767
795
756
759
761
726
658
665
627
630
579
592
630
572
559
494
489
469
442
391
346
335
337
310
273
254
268
296
269
267
213
227
285
252
257
214
213
250
231
226
221
234
235
277
263
267
290
310
332
326
339
303
323
364
370
365
391
391
385
401
377
351
378
355
353
387
371
393
366
367
396
434
403
391
471
418
390
340
328
309
344
370
335
352
310
276
298
289
281
249
269
258
266
268
240
262
270
289
222
259
211
237
275
287
317
273
274
292
284
283
291
295
323
341
336
349
370
338
368
344
354
421
408
360
395
367
354
373
381
400
395
379
335
320
260
254
265
280
260
193
224
180
99
104
70
54
53
42
2
48
47
1
25
-26
27
41
105
165
159
240
205
217
204
263
242
197
249
273
316
323
305
311
324
332
310
300
252
250
236
209
258
240
198
167
123
134
137
69
56
72
69
7
-26
-5
22
4
35
58
27
23
12
21
-12
-49
-3
13
35
105
84
31
91
124
79
87
146
146
98
141
167
151
175
231
227
276
273
275
276
241
238
258
283
265
221
230
297
289
268
241
234
200
170
146
169
177
189
215
156
176
163
158
149
209
239
212
196
220
278
269
291
266
279
284
317
341
334
303
293
287
313
298
298
297
323
346
339
365
393
395
366
323
277
303
262
266
258
236
245
280
304
306
319
295
278
287
305
306
271
252
260
267
265
269
284
288
266
248
214
190
161
156
167
145
144
112
94
117
124
100
80
73
107
113
56
26
47
44
53
111
131
177
154
172
147
174
202
213
241
286
292
287
293
243
248
220
183
197
228
225
224
221
197
193
207
217
255
208
201
176
169
167
169
146
174
236
219
166
178
193
154
137
129
180
149
128
136
101
160
182
177
183
172
158
149
128
98
116
90
108
85
53
81
100
166
144
126
134
118
140
168
200
199
187
189
178
155
79
79
67
63
64
53
51
13
33
25
17
22
32
8
-30
-33
-45
-49
-24
-49
-71
-79
-131
-139
-138
-154
-161
-150
-157
-52
-61
-88
-40
-67
-42
-36
17
-10
14
-1
37
57
75
92
104
140
104
162
218
172
159
199
179
146
158
215
194
166
130
121
52
33
68
82
69
21
0
-13
4
-34
31
40
-31
-9
-4
6
-16
-20
-17
-31
-27
16
1
7
28
37
86
55
46
103
122
144
132
197
200
220
256
247
257
217
295
323
369
327
274
323
311
300
306
336
235
225
202
112
127
59
86
67
22
33
-50
-80
-88
-126
-107
-125
-148
-132
-148
-110
-57
-80
-47
-110
-118
-79
-99
-24
-28
32
69
96
109
139
195
232
228
191
205
257
246
230
226
221
208
226
224
224
205
190
171
131
109
125
125
113
147
78
75
89
63
88
52
91
46
-9
53
45
39
27
61
93
146
125
106
99
112
96
126
120
99
134
101
147
118
136
78
101
143
159
165
164
126
174
179
205
246
241
280
258
276
240
249
254
218
237
267
187
256
247
199
258
237
246
231
223
194
227
155
159
152
133
117
47
20
-21
20
-8
-4
29
12
7
24
75
63
48
93
78
51
66
74
43
8
-31
-46
-31
-6
25
33
45
43
99
94
139
165
126
149
152
116
120
145
123
109
130
127
123
91
73
63
88
47
-12
49
62
70
75
78
64
61
84
57
47
21
95
64
63
30
7
26
80
117
72
105
99
155
155
192
172
173
223
214
161
193
162
161
208
167
150
152
157
174
146
183
176
187
172
152
194
185
199
202
186
174
198
133
143
180
129
169
131
100
152
114
96
98
86
80
145
76
95
108
95
81
83
93
68
47
30
35
16
28
10
-16
9
56
93
85
86
117
163
183
168
141
119
109
76
86
90
142
151
184
179
219
273
245
258
263
281
265
277
286
276
299
295
288
252
226
245
189
158
126
118
109
70
125
111
32
16
41
27
2
-1
-24
-16
-47
-50
-39
-92
-64
-90
-95
-63
-18
-5
38
57
78
122
128
201
241
241
240
254
291
338
311
335
323
317
327
374
387
380
408
324
282
306
329
283
257
216
187
155
130
68
63
37
-33
-52
-70
-68
-111
-121
-80
-104
-119
-92
-59
-40
-49
-31
2
12
-8
18
60
79
64
114
126
99
146
161
162
179
165
253
262
223
221
220
247
235
239
248
231
215
202
236
192
168
192
150
171
140
130
77
75
107
72
83
49
15
-21
-21
-23
-77
-70
-100
-110
-94
-93
-37
-90
-58
-46
-35
-16
-11
-6
-32
-27
-37
-40
-22
26
27
17
-8
9
8
33
49
53
55
54
107
88
101
92
92
76
85
82
112
131
95
180
173
172
161
150
134
45
75
50
46
37
26
24
-27
-6
-24
-30
-103
-141
-147
-193
-207
-188
-188
-136
-118
-136
-69
-90
-56
-87
-33
-21
-30
44
20
33
49
36
42
16
35
76
115
151
121
154
178
194
162
158
195
161
155
139
87
122
114
119
73
88
96
22
75
74
-8
-7
-13
-3
6
-16
36
18
0
13
22
-4
-44
-37
-9
24
-42
-37
16
3
-18
-8
5
-63
-20
-12
35
82
39
82
120
154
196
223
281
300
299
316
352
365
338
287
285
266
289
217
216
236
244
289
237
242
236
166
234
238
132
137
64
89
122
62
100
100
73
73
74
101
81
103
107
132
158
134
140
155
201
142
134
143
146
141
150
152
98
154
188
184
203
256
261
324
335
346
398
460
452
475
498
466
486
414
424
388
386
363
337
341
332
311
305
281
330
339
324
279
281
254
181
226
199
171
155
123
111
117
86
95
62
68
120
145
155
158
196
210
257
261
260
260
274
279
255
337
349
361
364
377
310
369
421
376
426
430
418
368
377
359
356
330
332
279
247
270
206
153
186
191
168
203
187
193
151
168
167
145
124
110
132
84
118
108
84
102
135
107
83
122
132
136
151
209
153
146
182
159
190
178
183
209
207
244
253
256
277
269
257
298
277
308
306
318
326
290
304
251
257
266
244
234
208
202
170
186
180
148
173
196
181
191
166
155
125
130
124
144
166
152
202
202
222
200
193
219
205
152
188
195
162
201
222
206
220
196
203
213
201
209
229
219
194
219
177
225
207
202
249
256
233
225
250
266
259
237
202
165
125
144
180
160
143
178
239
227
247
206
239
217
242
238
195
185
201
191
154
137
146
140
123
148
69
49
26
21
19
43
27
68
95
59
56
84
85
71
114
113
97
79
108
103
110
78
17
32
21
85
93
65
129
87
99
154
128
169
117
81
86
106
113
58
60
104
68
77
14
4
46
2
-16
-15
-16
-3
-13
-4
-45
-4
28
-13
14
-32
-49
-31
-21
-30
-23
-20
-54
-40
-61
-57
-55
-77
-58
-33
-25
-21
26
38
11
16
28
4
32
29
49
47
30
40
16
-34
-12
-10
-71
-47
-31
-42
-13
23
21
31
37
19
-27
-26
-40
-24
-41
-41
-36
-66
-28
-50
-67
-36
-52
-74
-60
-35
-20
-82
-68
-72
-50
-1
-6
-11
17
17
21
1
-14
-40
-25
-4
-46
-24
-26
-45
-62
-39
-27
2
-6
13
17
10
19
9
-28
-26
-3
-51
-76
-36
-60
-44
-29
-44
-59
-72
-41
-80
-62
-87
-80
-99
-106
-110
-146
-120
-146
-131
-151
-171
-172
-171
-148
-73
-94
-40
-36
-68
-17
-35
9
5
-9
13
20
32
47
8
-49
-41
-36
-68
-93
-70
-40
-100
-89
-134
-117
-179
-176
-199
-234
-287
-279
-276
-271
-295
-379
-298
-348
-294
-342
-311
-278
-282
-232
-182
-192
-190
-146
-122
-114
-120
-126
-144
-144
-123
-130
-113
-89
-79
-68
-89
-63
-91
-81
-51
-99
-108
-109
-86
-63
-53
-58
-85
-75
-123
-135
-149
-231
-263
-271
-285
-193
-222
-235
-259
-241
-237
-192
-175
-215
-173
-219
-192
-170
-208
-198
-179
-195
-194
-195
-192
-160
-154
-131
-97
-124
-130
-103
-77
-93
-56
-58
-35
-12
-2
-1
-33
-42
-56
-83
-69
-57
-82
-65
-91
-87
-143
-124
-78
-117
-85
-106
-82
-126
-157
-171
-203
-178
-178
-169
-183
-238
-199
-191
-209
-141
-138
-132
-109
-137
-167
-157
-165
-163
-156
-150
-83
-44
-50
-64
-40
-76
-122
-103
-112
-85
-79
-83
-76
-39
-4
-9
-39
-55
-43
-54
-124
-172
-160
-132
-184
-172
-125
-138
-100
-152
-178
-188
-190
-170
-266
-259
-254
-280
-257
-258
-248
-278
-314
-311
-362
-377
-333
-343
-342
-394
-398
-409
-423
-332
-335
-338
-326
-342
-371
-394
-374
-443
-428
-432
-400
-350
-379
-331
-309
-305
-249
-207
-228
-222
-223
-220
-260
-243
-255
-284
-291
-288
-281
-276
-241
-281
-266
-258
-272
-255
-285
-280
-279
-287
-302
-286
-348
-326
-350
-385
-378
-417
-419
-428
-419
-404
-421
-451
-478
-476
-485
-518
-555
-510
-479
-544
-531
-540
-555
-575
-540
-499
-481
-500
-468
-463
-501
-490
-473
-467
-450
-464
-447
-422
-430
-433
-382
-384
-378
-360
-390
-405
-381
-397
-414
-368
-366
-358
-353
-374
-392
-370
-400
-402
-442
-411
-373
-424
-433
-429
-419
-371
-366
-396
-348
-347
-327
-367
-385
-433
-428
-435
-442
-426
-404
-390
-394
-367
-380
-396
-405
-376
-359
-318
-354
-320
-301
-338
-334
-300
-304
-295
-294
-317
-277
-299
-322
-315
-291
-292
-272
-268
-293
-288
-296
-310
-324
-335
-345
-373
-361
-346
-304
-323
-362
-374
-416
-403
-380
-399
-389
-379
-376
-394
-429
-422
-376
-363
-404
-427
-436
-438
-401
-388
-420
-372
-367
-360
-382
-413
-428
-394
-399
-354
-356
-347
-285
-266
-256
-234
-231
-231
-249
-268
-250
-263
-230
-243
-221
-220
-225
-223
-237
-237
-260
-234
-266
-240
-250
-220
-215
-257
-230
-278
-252
-214
-243
-249
-281
-318
-301
-300
-312
-303
-305
-257
-260
-267
-268
-304
-295
-316
-312
-326
-346
-338
-306
-392
-435
-416
-393
-373
-399
-394
-352
-317
-341
-348
-302
-328
-353
-387
-406
-388
-351
-356
-347
-333
-343
-387
-385
-357
-401
-387
-329
-336
-287
-314
-284
-291
-282
-264
-282
-326
-340
-250
-231
-245
-257
-292
-260
-262
-259
-324
-304
-316
-320
-299
-246
-257
-281
-273
-292
-258
-257
-250
-252
-253
-238
-210
-217
-223
-212
-170
-172
-208
-231
-166
-198
-192
-215
-201
-220
-233
-244
-277
-264
-233
-234
-285
-264
-246
-278
-275
-275
-257
-254
-298
-301
-327
-307
-314
-351
-346
-266
-288
-266
-271
-333
-289
-297
-285
-248
-257
-311
-290
-257
-283
-245
-231
-219
-224
-233
-165
-177
-203
-242
-233
-248
-266
-228
-231
-187
-177
-177
-174
-174
-218
-208
-231
-244
-240
-237
-250
-255
-317
-345
-326
-331
-362
-375
-370
-353
-357
-343
-309
-301
-310
-310
-272
-299
-243
-227
-181
-191
-198
-178
-163
-177
-214
-171
-226
-198
-222
-210
-175
-196
-139
-124
-113
-146
-155
-167
-198
-176
-161
-141
-109
-85
-70
-111
-109
-93
-118
-109
-163
-146
-229
-181
-196
-197
-181
-197
-145
-166
-130
-154
-151
-216
-183
-174
-195
-190
-112
-75
-116
-82
-81
-105
-108
-89
-117
-103
-96
-60
-31
-43
-49
-48
-23
-34
-66
-15
-10
2
12
-4
-13
-55
-102
-130
-167
-188
-165
-170
-210
-210
-208
-223
-221
-212
-234
-253
-204
-234
-212
-188
-212
-180
-187
-173
-228
-229
-189
-210
-138
-119
-112
-69
-29
7
-25
-4
-13
-1
7
-19
-2
37
-1
-19
4
-15
-27
-26
-50
-16
-38
-69
-48
-55
-47
-85
-160
-174
-191
-238
-206
-189
-117
-154
-232
-210
-165
-146
-139
-141
-82
-108
-124
-42
-9
-46
-72
-18
2
-9
15
-13
-8
-14
-16
9
2
17
29
27
22
16
-26
-29
-14
29
17
56
29
40
55
38
82
60
94
82
62
51
19
-16
-52
-72
-62
-39
-84
-67
-61
-94
-102
-82
-57
-108
-115
-110
-144
-138
-127
-97
-95
-67
-31
5
84
86
94
104
109
143
162
156
128
120
151
108
117
111
109
145
166
166
142
132
107
106
76
67
46
58
78
47
38
31
27
27
61
69
89
108
136
121
110
147
105
110
85
117
89
74
111
135
189
161
199
162
153
146
136
76
144
156
115
142
129
149
83
93
100
123
121
84
29
-18
2
36
56
48
75
119
76
70
85
59
81
118
121
154
162
147
129
163
139
129
140
131
136
174
165
109
153
159
180
139
129
148
101
109
94
68
86
87
80
94
76
72
92
122
138
137
147
87
117
162
110
112
124
123
84
46
36
59
32
11
32
74
78
37
86
94
99
85
76
71
63
61
10
34
20
39
95
79
104
105
129
144
102
110
161
195
155
161
161
140
167
168
166
137
157
178
101
73
59
37
43
81
60
69
108
83
127
89
128
127
93
165
142
117
150
170
146
207
232
211
240
185
224
199
186
209
160
132
146
123
94
171
186
225
179
194
168
131
183
176
135
122
149
127
132
151
84
88
61
76
80
68
89
87
114
106
93
107
120
113
144
142
124
129
154
165
129
98
114
114
80
78
81
83
145
96
133
160
222
216
148
176
211
238
215
207
178
169
154
178
148
152
165
127
139
151
114
114
149
112
92
152
144
121
152
150
151
125
108
123
124
110
116
77
75
60
46
109
112
140
123
119
164
143
133
155
170
153
134
138
147
141
150
162
134
169
196
196
210
243
236
230
252
230
198
189
176
183
196
153
126
142
106
101
82
110
104
76
49
43
12
-46
-17
12
6
-7
34
76
55
46
70
83
90
74
15
55
82
45
61
79
54
81
117
127
114
135
142
123
124
120
151
186
197
207
236
223
193
138
161
158
166
170
138
116
103
100
99
125
113
90
99
55
72
98
62
44
6
1
18
-22
-17
-27
-39
-30
-19
-28
0
-26
-56
-108
-144
-116
-150
-159
-127
-162
-120
-143
-143
-118
-129
-143
-174
-180
-189
-205
-188
-242
-327
-246
-263
-294
-279
-299
-280
-287
-293
-303
-308
-366
-410
-410
-412
-366
-365
-379
-374
-390
-438
-415
-471
-492
-500
-451
-453
-427
-403
-455
-413
-429
-398
-403
-350
-375
-362
-369
-438
-416
-443
-469
-482
-453
-415
-410
-449
-479
-456
-446
-460
-439
-415
-443
-439
-447
-457
-428
-452
-460
-456
-473
-496
-524
-496
-516
-514
-493
-479
-455
-450
-436
-401
-397
-430
-374
-327
-375
-362
-359
-375
-391
-399
-377
-414
-448
-459
-452
-434
-410
-460
-458
-457
-469
-461
-537
-568
-522
-539
-573
-553
-591
-623
-627
-671
-648
-668
-666
-645
-675
-627
-642
-653
-605
-596
-577
-576
-606
-574
-550
-554
-604
-567
-529
-497
-486
-514
-516
-531
-521
-523
-491
-507
-450
-440
-429
-424
-421
-422
-469
-408
-406
-409
-372
-387
-360
-332
-310
-331
-293
-287
-298
-254
-290
-270
-203
-232
-276
-292
-302
-278
-286
-297
-249
-240
-245
-249
-281
-289
-287
-250
-280
-296
-286
-304
-269
-263
-257
-264
-293
-267
-256
-298
-286
-338
-311
-328
-315
-251
-232
-207
-186
-81
-45
-62
-110
-116
-115
-99
-108
-133
-115
-111
-117
-90
-88
-118
-169
-153
-179
-230
-199
-180
-213
-215
-203
-250
-279
-294
-296
-299
-351
-328
-374
-355
-360
-347
-363
-392
-346
-363
-351
-372
-288
-300
-258
-195
-178
-177
-193
-169
-138
-137
-164
-141
-128
-157
-97
-141
-142
-103
-112
-108
-104
-123
-133
-117
-116
-81
-131
-137
-164
-120
-154
-150
-175
-206
-178
-177
-177
-160
-148
-157
-185
-163
-175
-183
-121
-153
-120
-122
-120
-93
-56
-103
-133
-137
-136
-107
-138
-135
-130
-113
-136
-104
-117
-120
-56
-74
-90
-80
-76
-111
-91
-112
-127
-120
-116
-102
-81
-18
-62
-48
-48
-82
-64
-43
-70
-113
-104
-80
-92
-92
-105
-170
-171
-181
-217
-222
-189
-222
-253
-259
-265
-255
-238
-177
-176
-188
-186
-191
-234
-245
-226
-245
-238
-231
-224
-226
-223
-216
-253
-164
-228
-186
-169
-182
-104
-158
-123
-138
-141
-130
-121
-148
-189
-204
-216
-239
-249
-249
-235
-202
-186
-231
-217
-201
-199
-197
-216
-139
-178
-172
-163
-164
-191
-193
-164
-231
-219
-224
-190
-235
-254
-185
-156
-116
-121
-109
-89
-94
-127
-141
-146
-91
-101
-98
-96
-65
-71
-56
-64
-74
-87
-62
-103
-146
-127
-143
-139
-157
-136
-160
-204
-196
-156
-200
-185
-178
-134
-179
-208
-182
-185
-194
-164
-157
-151
-149
-201
-208
-181
-174
-174
-165
-203
-149
-130
-167
-156
-172
-168
-199
-163
-137
-159
-133
-141
-183
-200
-198
-210
-197
-243
-236
-175
-209
-239
-175
-207
-176
-153
-185
-200
-155
-113
-134
-119
-155
-159
-203
-200
-223
-223
-194
-219
-228
-239
-218
-171
-183
-179
-131
-109
-108
-148
-129
-91
-90
-39
-46
-110
-87
-87
-115
-84
-104
-101
-44
-38
-30
5
18
42
89
57
94
56
-13
11
-6
-23
-22
-33
-48
-22
-17
-21
-65
-71
-60
-91
-52
-82
-52
-47
-89
-104
-97
-111
-175
-235
-240
-324
-332
-335
-371
-292
-276
-233
-230
-236
-187
-145
-167
-149
-128
-89
-81
-87
-70
-111
-82
-81
-153
-178
-175
-155
-93
-63
-135
-69
-40
-18
36
62
63
89
93
63
52
47
33
7
-13
-26
-43
-60
-4
-33
-19
5
-10
-4
-56
-77
-92
-96
-103
-108
-137
-105
-121
-151
-156
-167
-180
-198
-233
-248
-222
-202
-152
-157
-93
-27
-24
-13
-1
-19
31
37
26
62
43
31
68
73
66
39
38
78
72
73
38
59
89
80
62
57
55
30
20
-7
-39
-43
-24
-17
-60
-59
-90
-117
-115
-126
-143
-108
-103
-142
-108
-113
-59
-112
-50
-56
-81
-58
-59
-68
-63
-31
-69
-2
26
66
48
74
103
90
131
153
86
143
141
100
166
183
190
167
178
176
180
138
163
167
130
169
168
132
158
186
175
173
182
155
104
119
103
120
170
140
161
137
132
128
92
120
127
106
54
84
106
116
96
108
115
97
97
90
114
114
133
153
154
170
142
161
199
215
232
196
230
185
149
186
159
153
150
144
144
168
138
107
120
96
58
27
60
79
69
57
60
34
4
10
-7
-57
-21
24
-5
23
28
25
17
42
68
97
115
73
89
65
107
87
58
77
67
74
86
101
120
74
27
31
-5
12
23
8
30
73
87
92
107
61
86
64
26
-2
-36
-10
-32
-38
-51
-38
-91
-109
-83
-59
-32
-38
-13
27
80
48
13
39
30
-4
28
-12
-63
-89
-114
-79
-85
-85
-34
-13
-21
-17
28
-3
-2
16
28
42
-34
-49
-60
-62
-117
-96
-110
-153
-185
-118
-148
-151
-143
-101
-92
-153
-120
-166
-156
-129
-136
-150
-153
-203
-204
-202
-186
-182
-201
-214
-217
-175
-142
-146
-141
-99
-81
-93
-89
-107
-135
-185
-208
-247
-295
-252
-243
-267
-219
-240
-198
-196
-188
-167
-121
-103
-113
-112
-124
-109
-119
-126
-153
-120
-107
-134
-117
-124
-121
-121
-132
-163
-150
-150
-146
-125
-125
-116
-111
-89
-132
-152
-181
-245
-286
-282
-259
-249
-295
-279
-221
-213
-185
-198
-220
-201
-244
-222
-255
-259
-258
-308
-257
-259
-231
-186
-193
-152
-116
-67
-32
-122
-134
-103
-104
-124
-139
-123
-83
-94
-108
-134
-148
-125
-174
-188
-173
-212
-240
-215
-208
-200
-223
-249
-234
-225
-156
-177
-183
-183
-179
-226
-281
-254
-246
-257
-267
-238
-190
-180
-179
-138
-104
-100
-125
-148
-160
-170
-155
-150
-163
-96
-97
-106
-91
-75
-78
-124
-111
-111
-109
-150
-174
-151
-133
-137
-108
-98
-56
-11
-53
-45
-67
-78
-96
-94
-129
-131
-142
-166
-144
-130
-78
-63
-48
-49
-44
-40
-67
-56
-51
-41
-53
-17
9
-9
17
30
41
38
34
77
66
105
133
145
171
178
179
143
152
125
109
89
89
75
76
91
63
57
34
57
66
44
-3
25
67
11
46
53
64
48
65
71
14
-27
-40
-38
-49
-71
-43
28
15
-5
14
52
62
37
23
42
-16
-55
-59
-54
-66
-78
-72
-56
20
22
29
45
98
78
36
58
31
23
63
58
74
56
60
66
32
41
15
-39
-71
-74
-32
-67
-91
-75
-109
-47
-2
7
-6
55
48
72
65
57
68
51
63
34
35
44
42
29
-21
5
22
6
-18
-7
18
8
7
35
75
71
123
103
110
64
60
76
71
57
76
50
38
29
-1
7
-7
-34
-85
-24
-18
-8
7
-20
-35
-36
-19
-38
-42
-23
-7
-23
-22
-4
-1
-16
-10
-25
-38
-61
-76
3
-83
-44
-16
-26
-24
-75
-45
-74
-84
-75
-96
-143
-128
-101
-98
-125
-156
-179
-156
-168
-165
-158
-169
-184
-188
-213
-203
-194
-170
-152
-140
-147
-115
-95
-166
-179
-133
-134
-86
-127
-137
-104
-177
-135
-170
-152
-160
-190
-122
-145
-132
-131
-140
-106
-126
-116
-127
-135
-136
-137
-177
-197
-157
-160
-201
-221
-190
-181
-172
-180
-158
-174
-171
-128
-191
-204
-155
-188
-206
-189
-214
-183
-139
-136
-150
-153
-149
-154
-210
-236
-254
-211
-214
-209
-203
-245
-225
-209
-231
-242
-242
-234
-248
-299
-305
-299
-311
-262
-316
-301
-274
-316
-273
-229
-255
-278
-241
-249
-233
-228
-206
-200
-200
-206
-213
-182
-181
-157
-153
-119
-100
-84
-74
-110
-110
-97
-61
-60
-50
-114
-98
-99
-169
-149
-131
-107
-116
-126
-125
-103
-138
-169
-174
-183
-175
-177
-224
-220
-206
-184
-241
-179
-209
-262
-238
-263
-252
-267
-237
-226
-233
-235
-245
-222
-224
-292
-265
-268
-274
-284
-349
-309
-310
-284
-281
-274
-281
-281
-281
-245
-221
-229
-233
-246
-223
-254
-223
-226
-247
-266
-298
-284
-281
-229
-222
-197
-226
-242
-220
-205
-182
-159
-116
-148
-149
-158
-184
-208
-159
-174
-237
-259
-245
-219
-209
-217
-194
-212
-230
-195
-169
-167
-162
-156
-144
-152
-151
-184
-194
-187
-219
-156
-203
-231
-232
-238
-252
-248
-186
-259
-231
-282
-278
-287
-308
-286
-293
-287
-317
-298
-326
-291
-294
-360
-333
-281
-319
-323
-310
-307
-321
-291
-310
-271
-294
-331
-272
-285
-255
-234
-210
-230
-207
-210
-244
-231
-224
-298
-308
-330
-304
-220
-274
-325
-309
-357
-375
-346
-366
-358
-351
-356
-326
-327
-344
-386
-358
-344
-343
-344
-321
-337
-310
-318
-311
-304
-349
-308
-338
-383
-379
-317
-306
-309
-316
-310
-271
-262
-275
-265
-284
-317
-291
-286
-307
-280
-296
-322
-333
-372
-313
-364
-337
-347
-377
-378
-342
-303
-274
-256
-265
-273
-290
-301
-268
-271
-287
-281
-307
-291
-240
-226
-232
-231
-233
-227
-263
-270
-248
-243
-249
-280
-246
-256
-296
-251
-232
-256
-279
-301
-262
-310
-307
-315
-298
-295
-316
-276
-267
-219
-279
-238
-260
-310
-333
-346
-335
-371
-365
-346
-358
-319
-322
-293
-250
-230
-213
-243
-235
-163
-153
-178
-160
-165
-157
-217
-198
-131
-169
-177
-175
-209
-169
-209
-240
-281
-251
-282
-278
-234
-309
-298
-334
-324
-376
-367
-376
-370
-353
-374
-405
-431
-407
-423
-455
-439
-397
-364
-348
-324
-344
-330
-323
-336
-369
-403
-383
-396
-419
-432
-420
-420
-437
-428
-412
-388
-354
-373
-351
-356
-313
-332
-301
-283
-294
-289
-287
-262
-304
-283
-265
-213
-211
-224
-190
-167
-157
-148
-159
-139
-87
-161
-138
-113
-152
-106
-151
-164
-181
-201
-164
-162
-162
-184
-149
-168
-189
-184
-201
-222
-239
-217
-231
-223
-189
-226
-210
-206
-210
-226
-223
-237
-232
-227
-232
-201
-194
-207
-203
-233
-220
-207
-239
-209
-150
-190
-152
-153
-108
-98
-104
-126
-156
-141
-128
-89
-133
-110
-85
-106
-87
-80
-102
-150
-106
-102
-92
-101
-73
-100
-129
-100
-140
-109
-138
-102
-64
-78
-127
-111
-120
-92
-88
-108
-67
-76
-87
-91
-90
-96
-130
-109
-83
-130
-145
-175
-97
-70
-67
10
-64
-42
-12
-21
-49
-13
41
25
74
50
79
50
39
22
12
-14
15
32
43
48
38
92
77
122
158
144
139
126
161
152
156
163
132
96
114
117
114
133
117
96
43
36
87
40
1
50
37
34
92
50
59
71
41
35
35
73
27
43
59
12
57
44
-6
-6
4
98
28
44
85
49
76
39
48
38
41
56
60
28
68
51
39
33
64
56
68
29
68
96
102
143
133
164
176
184
150
164
194
204
189
226
271
247
255
196
262
248
266
308
271
249
237
283
247
248
271
215
221
274
237
286
281
300
293
293
322
318
320
347
382
380
352
356
357
382
354
326
365
407
362
354
354
364
373
350
379
362
334
363
323
346
351
310
268
283
319
282
299
290
313
309
372
366
361
358
374
415
417
409
399
392
420
399
416
413
428
518
511
529
500
466
492
498
488
485
501
501
473
439
435
404
413
424
366
383
401
400
404
397
403
424
422
424
436
417
373
384
354
345
326
299
345
327
387
447
406
402
455
458
455
471
509
467
490
469
464
516
539
529
491
512
535
491
427
418
414
369
366
391
402
434
429
417
416
421
373
383
390
376
399
404
402
427
449
388
397
372
407
408
425
456
472
470
497
509
448
432
362
366
376
385
375
420
380
346
375
413
427
402
381
364
342
335
391
400
405
349
357
362
298
288
247
243
245
258
264
241
280
266
246
235
229
215
255
258
203
239
268
287
286
225
219
230
271
265
290
288
288
324
286
306
312
319
350
344
317
316
311
310
274
287
302
328
300
275
283
264
255
205
240
275
183
191
177
152
171
144
113
125
100
90
70
65
83
75
92
89
106
120
150
132
154
149
134
130
127
93
73
114
107
131
176
129
125
122
127
154
150
122
148
169
200
159
131
164
146
159
134
139
130
84
83
32
-4
23
25
53
9
20
29
17
42
18
28
28
22
11
-2
40
-4
-33
-30
-25
-33
-45
-32
-26
-33
8
26
37
38
26
31
-14
-71
-80
-67
-75
-95
-86
-73
-62
-89
-131
-122
-152
-150
-134
-141
-137
-122
-122
-136
-119
-90
-101
-156
-135
-124
-130
-87
-87
-108
-113
-50
-79
-53
-44
-57
-31
-54
-45
-82
-129
-141
-164
-143
-154
-129
-114
-152
-174
-172
-199
-161
-171
-195
-140
-170
-135
-129
-92
-88
-112
-144
-161
-133
-165
-187
-217
-209
-211
-164
-160
-174
-187
-147
-130
-181
-160
-128
-140
-134
-148
-163
-190
-197
-203
-259
-208
-222
-235
-197
-236
-248
-209
-169
-201
-227
-169
-135
-150
-155
-170
-154
-140
-124
-108
-134
-175
-149
-130
-160
-125
-115
-165
-148
-164
-197
-210
-187
-199
-217
-164
-155
-166
-176
-193
-220
-211
-220
-236
-180
-230
-204
-180
-220
-209
-227
-244
-189
-203
-189
-139
-142
-111
-130
-153
-139
-190
-182
-162
-157
-134
-133
-123
-113
-107
-84
-14
-64
-101
-96
-135
-162
-172
-186
-202
-211
-209
-208
-212
-166
-225
-252
-226
-253
-258
-237
-190
-215
-208
-173
-177
-210
-237
-183
-209
-230
-187
-213
-215
-215
-226
-188
-209
-219
-170
-155
-145
-132
-136
-162
-138
-137
-138
-134
-91
-175
-183
-193
-236
-165
-159
-147
-151
-110
-137
-124
-119
-131
-143
-136
-132
-89
-59
-40
-5
-22
10
15
27
61
45
33
78
89
97
94
102
153
120
112
140
130
165
124
122
138
116
126
132
122
140
145
93
81
52
33
54
51
7
-36
-85
-120
-90
-60
-88
-109
-95
-107
-74
-117
-136
-110
-110
-95
-96
-80
-15
-36
-55
-79
-84
-71
-102
-92
-76
-47
-24
13
30
0
22
42
40
34
-11
-2
-14
-42
13
-7
-33
-42
-59
-67
-92
-74
-40
-28
11
18
29
3
27
39
24
13
34
14
-15
12
23
47
90
88
51
66
60
39
29
33
53
-22
-13
5
-30
-4
-42
-21
-38
-34
-54
-51
-81
-76
-60
-89
-69
-65
-34
-66
-63
-54
-85
-96
-76
-98
-122
-123
-121
-148
-140
-152
-170
-209
-226
-190
-153
-201
-178
-198
-218
-182
-157
-133
-178
-153
-161
-163
-176
-226
-201
-196
-144
-187
-190
-182
-187
-156
-175
-158
-158
-168
-150
-153
-152
-150
-211
-212
-176
-211
-176
-172
-180
-169
-182
-171
-185
-203
-192
-169
-173
-182
-159
-151
-143
-119
-167
-163
-162
-175
-130
-134
-127
-148
-159
-159
-169
-127
-149
-122
-133
-123
-127
-128
-119
-134
-158
-159
-113
-108
-146
-159
-178
-184
-166
-141
-120
-143
-111
-137
-143
-144
-163
-183
-174
-210
-212
-186
-163
-156
-233
-180
-191
-183
-146
-135
-128
-77
-86
-35
-39
-108
-111
-121
-100
-105
-128
-98
-80
-113
-107
-110
-80
-94
-122
-105
-106
-108
-127
-110
-61
-42
-68
-80
-46
-1
-4
-29
-53
-38
-78
-148
-183
-164
-156
-156
-122
-150
-118
-101
-108
-148
-135
-107
-180
-175
-127
-115
-132
-116
-70
-79
-51
-52
-60
-28
-33
-76
-162
-131
-115
-140
-151
-137
-116
-145
-78
-115
-113
-93
-133
-149
-169
-133
-148
-121
-115
-143
-176
-152
-179
-210
-174
-217
-261
-291
-336
-342
-382
-441
-394
-377
-376
-359
-310
-319
-322
-313
-345
-314
-353
-320
-343
-312
-294
-322
-341
-367
-335
-318
-281
-302
-264
-233
-241
-233
-210
-216
-264
-294
-266
-274
-302
-341
-377
-397
-373
-398
-422
-390
-407
-402
-384
-380
-376
-384
-372
-378
-417
-392
-362
-433
-372
-352
-352
-330
-349
-383
-433
-403
-402
-407
-395
-421
-353
-367
-400
-401
-411
-387
-374
-427
-448
-486
-477
-421
-427
-429
-399
-409
-340
-341
-349
-292
-315
-330
-344
-384
-365
-395
-433
-473
-463
-488
-477
-424
-472
-431
-468
-441
-452
-399
-449
-436
-412
-417
-368
-356
-405
-449
-443
-441
-472
-476
-476
-440
-403
