SAMPLES:	18229
BITSPERSAMPLE:	16
CHANNELS:	1
SAMPLERATE:	16000
NORMALIZED:	FALSE
-70
-95
-79
-41
-32
-13
-40
-96
-141
-104
-112
-100
-81
-38
-53
-87
-65
-36
4
-30
20
77
95
77
87
94
114
64
63
62
66
47
-34
-14
-9
-77
-72
-77
-50
-39
-33
-44
-56
-51
-74
-76
-142
-78
-63
-50
-68
-53
-76
-93
-80
-65
-62
-73
-20
2
4
39
107
157
186
208
214
166
192
165
121
96
84
88
76
38
-14
-12
-28
8
-40
-42
25
30
37
88
46
17
28
2
-30
-87
-79
-68
-127
-121
-112
-141
-159
-161
-125
-129
-71
-39
-2
27
10
55
18
17
0
6
-9
-19
-25
-6
48
8
37
84
59
122
144
183
185
213
216
195
195
150
193
147
84
76
95
88
72
93
152
117
130
175
145
137
119
142
97
50
35
44
43
53
16
50
83
38
85
62
50
69
113
133
178
172
213
205
175
179
192
162
143
129
121
127
133
133
84
121
116
126
200
229
204
200
203
184
131
147
85
19
-8
5
-23
-66
-54
-55
-52
-115
-110
-75
-53
-8
4
18
66
110
98
87
49
24
71
17
28
39
-31
-1
40
41
82
134
154
134
119
143
181
193
164
160
171
173
184
158
147
154
145
96
76
86
93
74
30
29
53
59
57
25
9
-25
-12
15
37
26
22
36
-28
-52
-74
-64
-64
-42
-31
-25
-30
-7
-30
-56
-8
-73
-52
-32
-65
-111
-88
-73
-32
-64
-107
-72
-83
-81
-48
-28
-35
24
60
113
78
82
80
53
77
58
63
25
23
-21
-52
-7
-2
55
43
48
67
51
19
27
53
74
91
63
62
15
45
34
-19
-40
-47
-90
-102
-117
-138
-128
-102
-39
-32
5
28
40
14
-12
-15
-27
-37
-37
-69
-52
-52
-88
-107
-164
-114
-94
-70
-45
-52
-75
-50
-20
-38
-52
-44
-50
-65
-69
-31
-72
-40
-21
-45
-3
-43
-33
-27
-28
-71
-88
-96
-64
-72
-106
-101
-145
-139
-159
-145
-192
-162
-148
-168
-134
-134
-83
-89
-77
-65
-63
-130
-146
-158
-184
-192
-164
-197
-161
-66
-84
-88
-35
-16
-7
-30
-55
-42
19
54
31
39
2
11
6
-1
4
-25
-65
-65
-70
-37
-96
-62
-41
-69
-35
-22
2
-35
-60
-82
-62
-77
-138
-110
-128
-180
-182
-216
-244
-279
-265
-249
-217
-231
-205
-163
-147
-160
-130
-100
-155
-119
-95
-61
-58
-24
-24
-24
-19
-43
-45
-74
-33
-58
-121
-121
-99
-138
-106
-71
-95
-97
-123
-152
-155
-224
-202
-239
-243
-208
-208
-186
-197
-189
-198
-193
-154
-119
-149
-158
-164
-183
-181
-156
-163
-195
-155
-116
-143
-158
-108
-118
-136
-121
-86
-120
-137
-82
-57
-68
-97
-63
-84
-81
-94
-123
-131
-117
-120
-132
-88
-131
-125
-83
-86
-138
-178
-145
-146
-176
-212
-174
-135
-174
-206
-192
-141
-199
-192
-168
-170
-169
-185
-191
-218
-225
-187
-145
-113
-125
-105
-101
-71
-107
-112
-86
-121
-121
-120
-139
-139
-141
-135
-82
-103
-43
-52
-56
-57
-25
-25
-74
-58
-16
25
11
30
-6
2
9
2
29
-6
-35
-36
-95
-91
-149
-173
-159
-160
-139
-206
-169
-144
-152
-123
-106
-86
-96
-97
-69
-65
-70
-63
-48
-6
16
-13
-48
-77
-95
-112
-97
-114
-77
-60
-63
-64
-53
-19
-7
-33
-42
1
-18
-28
-41
-64
-72
-100
-109
-98
-126
-165
-134
-140
-122
-152
-141
-98
-145
-137
-145
-137
-126
-57
-41
-18
37
13
9
13
41
20
27
59
29
47
70
75
70
74
50
54
89
87
87
71
118
129
102
165
129
103
83
130
115
115
111
131
154
135
215
165
147
123
163
158
108
103
86
65
80
55
67
90
41
28
1
18
28
40
48
53
43
26
58
59
7
-45
-63
-118
-148
-129
-153
-137
-135
-106
-88
-30
31
28
76
127
145
161
233
243
227
228
256
265
232
218
164
136
134
162
126
113
113
82
81
53
73
4
-41
-30
-40
-49
-39
-14
-35
-52
-65
-61
-40
-76
-117
-111
-127
-95
-95
-85
-40
-53
-68
-125
-57
-60
-98
-44
-12
52
80
95
109
128
123
134
146
147
184
140
156
152
132
111
164
152
150
108
107
122
61
83
67
32
-16
-12
-55
-66
-82
-38
-43
-40
19
-17
-25
-23
-18
-26
-74
-84
-69
-140
-95
-70
-89
-80
-77
-29
-3
-30
17
-3
25
63
-3
47
69
86
53
47
16
31
50
22
57
84
97
103
101
101
117
105
153
108
70
92
64
35
22
15
-18
-66
-77
-67
-120
-142
-161
-159
-156
-145
-95
-59
-74
-94
-49
-64
-73
-79
-62
-27
-89
-64
-72
-53
-52
-48
11
24
28
-8
-11
5
-53
-97
-79
-79
-67
-70
-98
-62
-70
-66
-66
-38
-42
-59
-76
-112
-116
-126
-70
-93
-83
-96
-74
-81
-66
-36
-47
-90
-95
-92
-50
-50
-79
-80
-124
-44
-11
-1
3
-6
-29
-51
-35
-18
-43
-42
-53
-40
-19
-27
6
-19
-13
-16
-8
-23
-78
-63
-101
-101
-117
-107
-124
-97
-61
-92
-84
-84
-98
-125
-71
-97
-141
-137
-126
-107
-125
-199
-171
-157
-166
-165
-160
-147
-132
-148
-137
-131
-160
-143
-192
-172
-125
-140
-133
-89
-129
-157
-153
-171
-215
-221
-211
-166
-179
-220
-220
-189
-183
-139
-120
-160
-99
-94
-119
-92
-97
-119
-166
-129
-129
-93
-78
-62
-45
-62
-48
-36
-35
-52
-53
-82
-104
-102
-102
-88
-85
-82
-65
-114
-143
-166
-113
-118
-171
-172
-177
-138
-171
-190
-254
-274
-251
-246
-258
-259
-252
-266
-211
-227
-246
-231
-175
-181
-167
-137
-115
-118
-90
-88
-112
-110
-146
-146
-197
-158
-125
-120
-75
-69
-71
-109
-90
-76
-69
-78
-120
-133
-159
-124
-172
-178
-169
-169
-150
-156
-154
-147
-174
-220
-229
-222
-227
-209
-191
-206
-225
-217
-212
-196
-178
-203
-226
-266
-248
-229
-233
-177
-205
-198
-152
-192
-199
-214
-176
-165
-185
-167
-166
-186
-188
-176
-176
-172
-172
-187
-185
-196
-171
-146
-180
-130
-155
-182
-145
-170
-222
-248
-267
-301
-321
-331
-372
-384
-376
-407
-388
-397
-397
-393
-381
-405
-417
-372
-345
-346
-338
-332
-365
-343
-357
-364
-310
-310
-316
-307
-306
-305
-308
-261
-256
-228
-248
-244
-281
-233
-208
-209
-156
-208
-218
-207
-252
-252
-190
-229
-219
-251
-263
-229
-174
-189
-225
-214
-206
-204
-211
-217
-234
-222
-225
-216
-190
-208
-259
-230
-299
-316
-278
-286
-310
-319
-329
-390
-321
-315
-295
-329
-346
-331
-360
-348
-358
-363
-345
-331
-321
-323
-284
-270
-302
-275
-260
-227
-195
-176
-171
-190
-217
-237
-203
-212
-193
-161
-182
-157
-187
-206
-193
-192
-161
-138
-149
-209
-224
-249
-233
-253
-274
-306
-220
-231
-286
-280
-290
-267
-243
-207
-146
-153
-161
-122
-134
-145
-154
-145
-142
-113
-77
-51
-65
-91
-73
-24
-85
-99
-105
-148
-192
-201
-196
-175
-184
-185
-212
-224
-202
-189
-186
-249
-219
-179
-187
-193
-175
-225
-220
-204
-241
-221
-217
-204
-217
-243
-215
-181
-179
-141
-116
-88
-88
-136
-93
-75
-72
-85
-101
-115
-87
-107
-58
-65
-51
-45
-79
-53
-74
-52
-42
-79
-58
-54
-84
-82
-75
-77
-108
-108
-96
-72
-52
-37
-45
-25
-45
-57
-57
-38
-68
-46
-24
-16
0
21
30
5
15
-9
-65
-45
-8
-33
-57
-57
-65
-27
-38
-36
-61
-90
-90
-74
-118
-115
-67
-91
-112
-64
-47
-34
-16
-67
-42
-51
13
27
3
56
87
49
68
78
52
25
43
35
54
47
-2
-1
-31
-34
-12
2
-21
-63
-83
-125
-120
-117
-222
-195
-203
-175
-214
-189
-112
-113
-45
-40
-43
-3
42
-15
3
-5
-40
-42
-66
-56
-28
-19
-39
-18
-8
5
41
14
41
36
29
51
35
45
72
122
102
72
82
80
48
69
56
-2
1
-6
-51
-29
-29
-37
-26
-71
-40
-32
-46
-57
-22
28
4
3
9
-21
-46
-71
-99
-121
-183
-146
-176
-212
-200
-239
-235
-167
-189
-203
-156
-98
-72
-92
-124
-91
-28
-77
-6
-4
-3
-18
-22
-59
-54
-61
-70
-20
-6
1
-14
0
36
32
26
5
-38
-53
-62
-54
-82
-46
-39
-101
-101
-131
-161
-160
-165
-203
-169
-137
-170
-111
-114
-148
-100
-91
-94
-82
-74
-50
-31
6
7
13
7
10
10
-27
-47
-59
-11
-29
-24
-21
-25
-40
-21
10
1
14
7
18
59
87
87
64
108
-17
-30
-9
-47
-34
-23
54
19
60
77
84
95
110
158
118
123
132
89
83
69
55
47
-3
-20
-8
-65
-94
-58
-88
-49
-52
-42
-25
14
44
56
69
83
88
91
75
15
-22
-2
-5
-35
-56
-68
-37
19
71
81
90
110
110
68
96
83
70
48
55
67
153
165
136
147
57
57
19
-16
4
16
14
25
66
78
92
121
107
53
1
-10
25
16
37
24
-6
19
50
32
6
10
-19
24
23
11
-22
49
72
61
57
62
89
56
56
80
87
108
179
134
155
170
180
124
125
132
124
100
93
42
39
50
27
32
-8
7
-9
21
54
68
104
143
132
130
130
159
124
156
157
180
210
189
215
217
231
270
245
198
215
188
221
190
103
113
169
118
137
134
124
101
126
170
194
156
204
216
162
181
147
179
178
132
138
143
110
83
73
58
61
109
144
145
193
261
211
212
175
160
199
168
177
180
188
159
178
237
247
210
203
181
141
120
140
114
111
170
192
206
229
270
242
254
214
220
240
244
281
324
309
318
311
270
284
239
245
278
250
232
269
224
245
272
291
305
277
344
342
357
362
390
339
323
292
237
282
277
316
337
376
368
354
427
401
389
442
428
402
354
313
336
384
381
367
368
345
347
335
343
312
283
304
311
343
354
320
308
300
272
304
351
306
352
373
341
350
298
308
359
336
378
379
338
377
350
373
405
415
395
404
400
374
397
334
350
309
353
316
314
381
390
364
340
361
348
331
322
322
329
360
321
299
362
333
314
356
381
416
398
401
403
372
330
395
406
392
406
332
320
337
333
312
298
324
333
374
397
335
335
304
330
325
316
310
314
334
320
351
316
313
297
344
321
298
315
354
398
374
402
380
379
367
373
374
332
333
344
342
366
372
370
408
393
369
380
393
399
405
388
377
393
410
365
366
377
369
367
370
356
354
362
338
315
288
279
264
337
317
275
293
305
351
351
330
352
323
315
288
282
233
226
255
263
279
265
278
264
205
233
188
153
189
205
198
154
214
224
228
204
192
201
206
182
221
205
225
194
190
179
145
136
133
184
137
160
155
180
232
246
232
248
258
249
207
193
223
227
207
207
212
202
196
215
211
192
167
170
160
113
129
163
149
155
160
184
216
216
247
191
206
218
237
262
261
234
263
248
211
210
163
160
118
85
128
156
131
149
192
176
174
179
157
190
174
131
129
101
68
68
26
5
34
43
37
37
89
108
146
137
105
91
119
97
145
134
114
90
71
89
89
106
98
134
113
105
88
55
99
122
130
158
136
178
215
205
186
192
208
223
229
196
197
194
224
202
207
209
217
222
174
159
142
122
76
38
40
-14
-38
-45
-53
-75
-85
-43
-55
3
-3
-9
6
31
43
6
0
27
-14
-13
-2
-36
-9
-7
25
41
21
80
137
152
147
143
172
223
259
265
265
239
231
222
200
170
192
162
111
126
129
146
150
144
80
39
33
14
-2
-3
-21
-42
-34
-50
-57
-31
-35
-59
-57
-28
-31
6
29
-52
-9
39
56
34
21
7
28
41
55
89
82
89
99
80
92
148
129
145
164
114
74
93
86
125
127
105
104
107
134
81
19
26
59
71
51
63
96
71
77
24
-5
32
-7
44
49
10
25
3
5
68
39
-12
24
29
32
15
9
3
-2
4
-8
-33
-8
13
-10
-5
42
80
46
83
107
113
55
68
88
54
79
54
48
43
41
83
19
4
60
55
43
1
-21
-17
-27
-6
25
-23
-37
-88
-72
-61
-59
-19
-25
-12
3
-37
-110
-116
-135
-152
-122
-108
-97
-119
-101
-76
-88
-56
-86
-123
-104
-88
-76
-57
-25
-92
-58
-15
-45
-37
-44
-7
-24
-65
-27
10
-78
-86
-84
-85
6
15
42
39
86
94
110
89
52
22
11
18
45
61
18
-42
-58
-15
-21
-1
-19
-3
-60
-75
-98
-113
-129
-117
-107
-74
-68
-129
-97
-91
-108
-135
-159
-207
-167
-187
-131
-107
-112
-72
-78
-63
-41
-12
-22
-64
-98
-26
-38
-43
-36
-32
-18
-28
-18
-38
-51
-40
-47
-48
-24
-38
-40
-36
-35
-60
-71
-17
8
-29
-24
-33
-5
21
-10
-13
-65
-62
-36
-50
-107
-99
-64
-91
-66
-63
-53
-49
-69
-31
-11
-11
-27
17
20
90
84
83
99
97
133
68
99
95
93
96
88
84
60
55
71
75
116
126
97
153
100
76
64
60
35
20
-8
24
5
-25
2
1
-9
5
-5
-5
34
11
1
-26
16
-23
-37
-19
-15
-1
-31
-3
37
90
74
50
46
69
108
116
125
149
153
217
201
232
173
148
134
115
130
76
179
155
169
171
203
162
149
226
178
151
172
147
105
96
117
68
29
15
44
-15
-17
39
6
49
26
44
66
46
59
83
53
43
-24
-34
-11
-49
32
4
-49
-47
-29
42
2
40
107
99
128
68
65
91
161
154
161
163
125
136
91
110
102
52
67
104
119
181
99
56
70
81
71
50
82
57
43
97
73
80
77
84
55
21
29
-13
6
-18
-14
-33
-2
8
29
11
14
42
70
87
65
29
65
63
53
74
64
68
58
66
47
26
-7
-64
-75
-36
-24
-20
-61
-63
-79
-68
-76
-100
-102
-70
-45
-2
-22
-16
-42
-74
-41
-79
-71
-60
-17
-23
0
-37
-44
-25
-22
-53
-20
-16
3
3
-11
10
-33
-56
-58
-3
7
19
-2
23
60
47
74
86
48
55
72
44
83
60
14
26
17
36
71
28
57
34
86
79
56
114
79
36
38
57
68
69
34
60
40
58
45
61
82
37
19
31
11
15
5
15
6
3
-40
-23
6
8
-5
-22
-10
-39
-31
-83
-99
-60
-22
-27
31
26
8
36
-13
-15
12
59
82
86
100
119
119
89
88
124
107
113
101
95
114
112
113
87
115
114
158
165
144
181
130
137
102
79
69
34
-38
-40
-25
-42
-58
-44
-34
-31
6
2
39
66
75
124
141
117
163
148
143
155
173
200
169
155
145
155
102
141
83
77
117
118
149
97
152
153
105
106
165
124
131
119
99
143
112
94
103
115
43
99
102
87
136
112
99
143
127
129
81
59
72
56
134
130
146
226
234
267
251
214
236
206
154
152
108
127
135
140
148
143
147
179
184
155
168
159
118
83
104
104
116
106
90
169
162
135
153
100
108
81
94
99
73
37
1
10
8
30
-10
18
49
88
38
49
27
25
33
13
47
79
139
65
87
62
98
101
134
103
45
80
85
68
13
51
44
47
114
126
123
111
130
91
88
46
-7
13
2
-14
-76
-99
-78
-96
-91
-79
-69
-64
-67
-38
-73
-110
-131
-195
-166
-163
-146
-95
-95
-34
-74
-63
-93
-129
-141
-125
-133
-128
-132
-173
-169
-152
-130
-136
-113
-112
-64
-39
-71
-99
-79
-72
-112
-118
-125
-124
-137
-128
-115
-126
-117
-102
-138
-170
-194
-146
-106
-158
-102
-93
-81
-47
-12
-57
-55
-97
-110
-173
-172
-119
-163
-152
-154
-178
-189
-130
-134
-182
-190
-188
-144
-152
-195
-167
-203
-157
-184
-193
-208
-204
-144
-162
-178
-202
-202
-165
-195
-219
-214
-208
-175
-168
-144
-186
-145
-127
-125
-140
-168
-176
-183
-187
-203
-258
-211
-198
-224
-262
-249
-233
-252
-240
-267
-295
-290
-318
-320
-286
-347
-291
-275
-282
-284
-313
-235
-190
-210
-205
-198
-242
-193
-218
-208
-164
-208
-160
-150
-144
-152
-126
-163
-137
-131
-88
-82
-112
-87
-87
-62
-73
-65
-97
-70
-115
-154
-182
-191
-209
-220
-211
-221
-234
-183
-179
-157
-142
-189
-202
-252
-190
-225
-276
-338
-348
-319
-348
-346
-290
-269
-248
-210
-152
-107
-83
-44
-65
-59
-121
-109
-133
-149
-182
-194
-206
-228
-230
-187
-224
-207
-157
-211
-183
-173
-154
-142
-153
-152
-137
-192
-184
-217
-177
-122
-157
-157
-163
-182
-164
-90
-136
-76
-96
-74
-27
-55
36
22
54
56
65
105
69
32
15
14
-13
-4
-10
-16
-3
19
41
31
36
30
3
12
24
36
-25
30
29
10
28
-7
18
3
-24
-70
-42
-43
-23
-93
-47
-33
-72
-60
-95
-48
-65
-107
-74
-59
-66
-68
-58
-93
-78
-18
-3
-24
19
4
5
45
25
62
87
106
129
130
126
171
168
135
129
90
70
97
108
94
104
79
63
86
41
57
73
91
87
42
35
71
64
42
13
5
14
-47
-31
-58
-55
-28
-6
20
23
-1
10
35
15
29
23
37
6
15
8
12
20
17
35
5
11
-36
-57
-53
-17
-14
-21
-42
-58
-27
11
53
48
44
43
37
8
27
18
4
29
2
26
17
41
34
17
-23
-43
-7
-18
-10
12
-31
-47
-50
-46
-26
-15
-19
-21
12
-5
8
3
29
-2
8
40
10
6
-22
-7
-63
-25
20
-39
-60
-110
-85
-157
-138
-144
-128
-139
-170
-120
-166
-105
-79
-79
-89
-91
-73
-97
-128
-123
-123
-152
-135
-91
-80
-80
-51
-93
-87
-82
-90
-80
-89
-85
-132
-128
-145
-94
-73
-92
-64
-64
-77
-74
-117
-97
-115
-144
-161
-188
-163
-149
-116
-189
-155
-150
-193
-177
-143
-165
-147
-123
-125
-109
-107
-96
-105
-92
-91
-146
-145
-94
-59
-60
-69
-21
9
18
13
-30
-62
-84
-74
-40
-82
-104
-103
-60
-84
-110
-83
-115
-130
-137
-98
-107
-77
-80
-71
-50
-40
-41
-85
-64
-63
-57
-129
-112
-130
-155
-169
-163
-146
-159
-159
-155
-81
-103
-119
-75
-77
-86
-40
-51
-81
-70
-68
-71
-84
-97
-77
-97
-107
-94
-102
-101
-89
-52
-49
-41
-50
-43
-5
14
-11
38
18
-22
-13
-41
-32
-55
-28
-43
-87
-39
-69
-65
-37
-58
-91
-87
-104
-70
-50
-57
-33
-22
-35
-16
10
-22
-15
-14
-24
-53
-48
-41
-25
-28
-40
-53
-44
-25
-37
-55
-51
30
17
33
53
58
23
25
30
-12
-4
11
6
-3
26
-13
-32
16
15
-28
-20
-12
-38
-15
14
58
59
72
7
21
95
100
96
38
41
20
18
3
58
39
51
108
106
122
149
187
239
235
230
203
225
181
102
126
124
161
117
123
147
184
150
143
116
55
69
47
28
15
5
2
25
31
17
-1
8
7
22
2
-33
-22
-71
-74
-67
-64
-128
-74
-34
-28
26
11
12
53
46
46
82
108
103
105
106
71
57
22
-17
-12
-38
-50
-4
15
18
5
21
38
18
15
-9
49
61
60
56
26
31
-2
-9
-4
-17
-26
9
7
26
34
27
44
29
43
16
13
-21
-46
-59
-85
-84
-56
-6
-37
-42
-41
-48
-55
-59
-52
-28
-49
-111
-89
-64
-78
-40
-70
-89
-44
-22
-22
18
16
14
7
-25
16
-7
66
78
123
129
168
160
142
185
163
169
202
188
192
221
158
155
141
115
147
142
134
158
63
42
55
-4
26
-14
-26
-25
-49
-54
-30
-15
-27
-48
-34
-78
-120
-155
-168
-163
-183
-140
-79
-38
0
35
32
53
128
123
97
103
101
73
82
43
-5
-10
21
49
19
-11
-8
34
13
-8
-62
-56
-84
-82
-88
-98
-116
-103
-77
-31
-49
-93
-71
-105
-101
-136
-129
-121
-100
-48
-90
-56
-59
-48
-24
-36
-76
-134
-145
-117
-73
-59
-63
-61
-46
-34
-32
21
37
71
56
53
71
-9
9
33
22
60
91
78
89
97
99
73
12
2
13
-21
-58
-97
-98
-74
-85
-86
-95
-125
-155
-141
-157
-140
-163
-198
-237
-273
-243
-231
-175
-203
-222
-182
-201
-197
-180
-175
-189
-228
-214
-206
-194
-217
-215
-140
-139
-104
-54
-35
-25
-32
-48
-113
-124
-104
-80
-86
-121
-115
-107
-88
-98
-96
-97
-88
-91
-115
-137
-167
-176
-121
-128
-123
-142
-103
-77
-101
-113
-136
-133
-150
-141
-132
-131
-119
-99
-142
-128
-141
-119
-159
-171
-187
-160
-161
-207
-251
-211
-213
-228
-164
-151
-163
-151
-111
-123
-116
-127
-133
-128
-160
-190
-144
-145
-198
-219
-209
-159
-146
-155
-194
-174
-130
-144
-165
-238
-227
-224
-212
-185
-225
-166
-172
-182
-182
-213
-260
-220
-200
-236
-277
-250
-230
-246
-205
-224
-221
-179
-168
-191
-191
-145
-108
-126
-124
-84
-56
-122
-142
-71
-83
-74
-35
-21
-69
-88
-109
-138
-118
-187
-183
-143
-139
-147
-133
-161
-228
-219
-228
-292
-312
-329
-305
-220
-187
-199
-189
-193
-196
-197
-217
-202
-202
-213
-223
-271
-261
-287
-257
-237
-262
-201
-198
-232
-261
-245
-197
-185
-161
-168
-174
-133
-169
-120
-123
-104
-96
-94
-60
-61
-100
-143
-200
-192
-222
-234
-214
-267
-265
-286
-242
-220
-208
-215
-197
-196
-217
-115
-138
-134
-162
-163
-129
-169
-181
-149
-138
-162
-165
-185
-188
-149
-141
-213
-232
-188
-219
-182
-167
-195
-131
-162
-160
-165
-194
-146
-127
-186
-173
-184
-187
-219
-221
-265
-236
-238
-234
-219
-238
-246
-218
-224
-219
-174
-172
-145
-139
-120
-159
-219
-212
-145
-135
-98
-92
-99
-100
-172
-187
-128
-156
-178
-134
-150
-122
-112
-104
-93
-70
-41
-54
-83
-100
-120
-137
-186
-164
-155
-176
-164
-206
-191
-238
-202
-232
-209
-174
-212
-212
-251
-204
-177
-149
-147
-164
-143
-155
-178
-217
-204
-210
-220
-206
-224
-236
-227
-217
-207
-186
-164
-149
-167
-145
-131
-112
-119
-144
-143
-137
-130
-165
-134
-141
-176
-172
-188
-192
-173
-221
-189
-158
-158
-136
-120
-105
-93
-125
-85
-53
-110
-120
-119
-54
-39
-41
-42
-40
-65
-87
-25
-59
-17
-5
-35
-17
-56
-51
-39
-6
19
23
-36
-39
-12
-7
-4
-1
10
-30
-38
-8
-7
-32
-70
-68
-82
-134
-137
-125
-129
-124
-104
-80
-122
-79
-80
-75
-1
-3
22
-14
-21
-9
-36
-46
-51
-51
-12
-60
-85
-78
-87
-86
-61
-56
-40
22
27
29
44
77
78
82
91
63
19
74
86
32
30
15
0
-27
-44
-59
-86
-94
-100
-104
-68
-50
-39
-28
-10
-29
11
42
4
30
3
7
-14
12
-16
-64
-33
-41
-44
-8
-1
29
32
59
72
93
81
80
89
66
91
91
70
80
75
50
31
-6
-22
-8
20
-10
10
40
-14
0
51
26
55
33
5
33
3
6
24
73
48
34
42
-8
4
49
32
-22
-51
-44
-31
-32
-40
-3
5
30
43
57
78
63
96
89
87
120
98
101
93
92
88
47
51
67
74
23
38
88
70
106
111
117
177
172
178
131
148
145
120
89
82
83
54
94
88
76
125
122
159
126
110
148
89
124
122
119
166
114
111
102
42
41
51
65
54
86
132
131
145
127
158
115
127
129
121
155
128
138
111
134
188
184
196
228
272
310
284
274
320
335
354
361
376
314
300
237
209
184
189
191
191
222
196
241
270
271
280
279
308
383
383
389
427
419
476
461
436
429
461
470
410
422
411
426
418
433
442
466
501
531
551
578
615
640
650
623
640
647
596
610
583
564
609
625
637
644
631
641
669
661
706
687
725
713
731
733
708
711
698
729
691
673
713
721
709
734
767
775
808
854
840
844
829
816
855
841
815
869
892
887
897
902
898
932
922
961
1004
995
994
993
963
976
951
981
942
910
946
928
993
937
982
988
952
968
944
976
1018
1003
1018
1017
953
966
973
937
933
890
879
926
970
979
1008
1042
1056
1122
1110
1101
1117
1121
1108
1080
1095
1057
1017
1015
1053
1027
972
975
947
996
1021
1011
1022
1021
991
970
964
965
980
953
966
970
1009
965
961
973
968
963
971
1004
969
992
967
965
956
931
889
872
813
810
834
838
871
855
852
873
883
889
895
907
893
844
824
847
877
858
799
767
748
747
777
782
761
747
813
827
832
869
870
897
939
907
856
835
805
837
790
725
725
700
667
691
698
676
640
665
647
633
650
609
617
625
601
614
622
635
625
665
637
642
645
673
698
717
735
681
693
643
619
586
581
562
539
567
598
591
559
574
536
526
523
519
519
532
591
563
556
542
498
462
423
413
401
404
368
371
419
430
416
387
352
345
400
382
375
380
372
380
365
395
407
402
323
348
333
323
362
349
327
343
352
381
374
332
312
312
288
271
297
278
265
284
284
276
250
217
198
166
138
128
87
81
128
103
103
109
65
104
92
96
74
73
86
72
103
93
89
132
123
124
157
105
88
69
125
112
108
134
142
173
124
119
135
90
59
58
63
80
75
65
36
1
-42
-67
-52
-10
-41
-32
-22
-6
23
-20
-22
-30
-50
-39
-33
-41
-45
-24
-83
-70
-72
-74
-100
-165
-91
-9
-25
-64
-60
-59
-60
-34
-67
-28
-34
-103
-79
-77
-137
-144
-161
-193
-208
-238
-234
-245
-217
-223
-190
-148
-180
-195
-219
-250
-302
-307
-269
-306
-263
-280
-331
-307
-345
-327
-330
-365
-337
-259
-284
-300
-287
-298
-275
-291
-276
-244
-194
-199
-216
-195
-225
-175
-154
-155
-123
-178
-163
-139
-103
-107
-140
-133
-151
-140
-95
-94
-85
-78
-76
-70
-87
-105
-176
-214
-219
-244
-272
-262
-260
-218
-215
-258
-252
-259
-299
-280
-232
-223
-159
-188
-170
-152
-132
-160
-193
-185
-228
-216
-237
-197
-169
-164
-165
-184
-182
-155
-164
-174
-157
-142
-146
-126
-127
-56
-39
-111
-73
-86
-92
-91
-79
-67
-88
-117
-114
-80
-113
-106
-110
-124
-144
-147
-152
-130
-149
-131
-105
-107
-84
-140
-185
-146
-128
-116
-121
-120
-109
-105
-91
-97
-127
-179
-184
-177
-159
-119
-140
-114
-93
-74
-60
-66
-92
-100
-93
-113
-110
-138
-100
-133
-154
-187
-160
-176
-158
-114
-170
-143
-153
-162
-135
-148
-116
-146
-130
-104
-130
-119
-124
-128
-141
-133
-115
-130
-126
-136
-175
-177
-194
-174
-147
-152
-133
-127
-89
-111
-96
-80
-134
-188
-193
-197
-223
-233
-242
-243
-225
-264
-228
-156
-149
-154
-146
-121
-117
-114
-137
-136
-161
-164
-164
-179
-168
-166
-158
-167
-165
-122
-88
-119
-94
-75
-108
-115
-135
-153
-151
-175
-174
-180
-189
-155
-217
-198
-180
-204
-233
-218
-228
-237
-195
-203
-189
-243
-219
-214
-235
-208
-251
-232
-200
-148
-160
-128
-176
-179
-171
-191
-220
-233
-210
-166
-159
-181
-157
-131
-118
-122
-131
-168
-178
-145
-146
-165
-143
-154
-161
-186
-205
-201
-200
-205
-168
-204
-187
-169
-174
-99
-111
-65
-78
-55
-30
-56
5
4
-11
0
-62
-53
-10
-27
8
29
-30
-37
-33
-47
-62
-26
-30
-89
-57
-72
-77
-74
-95
-82
-111
-90
-157
-168
-202
-233
-213
-272
-259
-239
-226
-227
-227
-173
-157
-173
-146
-180
-151
-162
-210
-254
-272
-270
-249
-282
-270
-211
-188
-201
-171
-151
-189
-181
-207
-184
-193
-224
-157
-176
-204
-176
-156
-153
-133
-138
-120
-115
-117
-113
-113
-144
-173
-153
-201
-190
-196
-185
-154
-124
-121
-110
-106
-121
-118
-164
-153
-172
-181
-156
-176
-165
-184
-154
-152
-183
-202
-256
-267
-272
-211
-206
-158
-206
-175
-184
-221
-162
-170
-177
-204
-209
-209
-188
-186
-175
-171
-164
-168
-196
-199
-217
-289
-211
-201
-231
-205
-238
-227
-222
-197
-231
-232
-242
-243
-238
-235
-205
-173
-186
-232
-195
-221
-222
-142
-71
-59
-77
-118
-88
-74
-99
-112
-128
-138
-145
-142
-131
-124
-136
-161
-134
-124
-133
-128
-105
-68
-87
-97
-104
-130
-94
-107
-76
-42
-45
-26
-35
-22
-36
-62
-60
-61
-89
-77
-94
-56
-79
-59
-28
-73
5
-36
-52
-71
-78
-76
-71
-93
-67
-99
-120
-94
-37
-23
-28
5
-16
39
-13
-25
40
21
-17
24
-1
-25
-9
1
-12
-61
-59
14
13
16
42
67
105
121
112
49
130
115
100
104
78
85
89
57
-17
-34
-33
-53
-56
-12
-35
-48
-71
-92
-77
-115
-179
-160
-147
-102
-116
-122
-68
-60
-81
-89
-85
-100
-99
-113
-122
-106
-54
-27
-30
-31
-21
-16
14
25
-23
-27
-60
-53
-34
-51
-62
-19
-54
-99
-92
-139
-196
-154
-137
-134
-191
-169
-156
-153
-174
-177
-152
-184
-188
-177
-168
-167
-125
-138
-129
-152
-135
-116
-96
-67
-44
-9
-8
26
-14
-52
-61
21
1
-4
19
1
17
-10
-61
-80
-118
-160
-140
-140
-132
-144
-164
-194
-155
-138
-168
-154
-175
-175
-210
-170
-165
-172
-128
-126
-121
-131
-120
-184
-190
-244
-241
-266
-282
-296
-288
-278
-266
-206
-172
-193
-263
-246
-274
-300
-317
-347
-343
-337
-381
-370
-356
-332
-350
-353
-342
-372
-365
-374
-369
-438
-410
-437
-431
-430
-442
-407
-452
-462
-427
-454
-408
-391
-356
-391
-386
-364
-366
-403
-440
-366
-367
-362
-370
-318
-304
-332
-341
-322
-302
-307
-273
-266
-264
-302
-264
-247
-220
-236
-223
-196
-235
-224
-244
-254
-282
-309
-291
-301
-319
-308
-341
-363
-411
-387
-396
-453
-401
-438
-456
-422
-447
-376
-356
-352
-372
-351
-373
-376
-395
-405
-396
-395
-374
-423
-448
-456
-471
-505
-509
-443
-471
-410
-375
-435
-438
-422
-429
-484
-483
-479
-421
-460
-497
-513
-490
-513
-525
-519
-543
-537
-569
-555
-563
-570
-602
-608
-598
-614
-560
-597
-598
-594
-627
-667
-718
-742
-755
-737
-739
-720
-734
-697
-654
-618
-576
-597
-562
-575
-560
-584
-589
-603
-575
-574
-585
-595
-537
-482
-474
-438
-446
-437
-424
-407
-399
-364
-428
-452
-481
-514
-506
-548
-545
-565
-596
-609
-595
-638
-623
-603
-630
-601
-601
-556
-537
-550
-490
-515
-504
-508
-526
-495
-489
-506
-501
-477
-512
-459
-415
-385
-366
-318
-339
-355
-331
-369
-366
-342
-332
-290
-274
-335
-368
-328
-359
-341
-364
-395
-384
-416
-398
-377
-415
-405
-438
-430
-438
-496
-470
-468
-509
-511
-528
-592
-582
-555
-570
-567
-583
-599
-606
-625
-629
-641
-598
-605
-596
-581
-624
-620
-623
-612
-639
-623
-618
-615
-589
-576
-537
-510
-472
-464
-446
-434
-377
-365
-373
-386
-391
-453
-446
-386
-418
-434
-420
-491
-505
-451
-472
-487
-493
-466
-468
-497
-493
-523
-524
-543
-546
-595
-609
-619
-637
-656
-701
-679
-657
-684
-672
-669
-666
-646
-634
-565
-537
-582
-581
-547
-519
-542
-530
-513
-516
-485
-484
-472
-449
-408
-409
-382
-372
-359
-282
-282
-265
-214
-208
-244
-264
-296
-320
-312
-312
-328
-345
-336
-330
-303
-323
-271
-267
-283
-237
-289
-296
-286
-288
-297
-308
-356
-405
-411
-461
-449
-450
-481
-461
-430
-396
-384
-382
-346
-373
-377
-415
-416
-423
-456
-478
-500
-505
-545
-536
-536
-506
-503
-503
-474
-489
-477
-455
-444
-387
-368
-343
-376
-384
-429
-458
-471
-470
-492
-539
-531
-492
-457
-459
-437
-454
-443
-461
-442
-446
-477
-476
-456
-476
-520
-528
-479
-457
-474
-537
-533
-498
-471
-482
-474
-452
-435
-429
-431
-455
-451
-466
-517
-437
-397
-384
-381
-358
-353
-407
-354
-377
-381
-375
-413
-389
-372
-344
-349
-359
-349
-305
-317
-325
-303
-347
-361
-330
-295
-303
-286
-240
-222
-229
-263
-255
-274
-275
-257
-270
-264
-318
-317
-308
-307
-316
-315
-307
-321
-269
-260
-249
-257
-258
-279
-266
-253
-236
-262
-259
-288
-303
-304
-313
-312
-283
-331
-295
-294
-378
-314
-329
-309
-316
-295
-327
-325
-350
-337
-334
-424
-393
-431
-448
-444
-449
-433
-453
-393
-426
-437
-420
-399
-373
-406
-402
-420
-421
-465
-458
-455
-492
-522
-498
-454
-447
-465
-436
-415
-390
-331
-347
-353
-320
-299
-344
-363
-324
-359
-368
-336
-388
-370
-338
-334
-319
-333
-335
-265
-230
-208
-208
-257
-224
-248
-269
-274
-309
-355
-357
-332
-352
-336
-312
-316
-332
-329
-325
-298
-290
-320
-273
-280
-276
-252
-272
-243
-257
-261
-235
-221
-210
-195
-155
-108
-83
-66
-65
-41
-80
-128
-122
-109
-116
-131
-98
-47
-4
-15
30
59
52
45
38
28
-49
-55
-65
-109
-177
-209
-204
-279
-319
-321
-333
-352
-340
-339
-307
-295
-252
-273
-305
-278
-289
-288
-343
-344
-374
-390
-407
-430
-421
-409
-414
-376
-305
-283
-246
-235
-246
-204
-194
-127
-92
-111
-108
-182
-158
-165
-210
-208
-218
-234
-204
-223
-212
-227
-211
-201
-226
-199
-201
-210
-190
-153
-248
-248
-226
-251
-245
-291
-307
-323
-287
-366
-326
-321
-341
-323
-311
-281
-272
-245
-270
-267
-283
-240
-176
-127
-106
-102
-90
-79
-39
-85
-82
-149
-108
-55
-50
-60
-60
4
-30
47
42
71
123
121
180
170
170
171
189
181
176
166
138
151
159
107
112
140
122
145
125
125
139
94
117
134
93
97
64
28
14
39
27
-16
-29
28
56
-34
34
34
30
58
28
44
71
80
55
52
0
-42
-26
10
-36
-4
-16
-89
-46
-16
-34
-37
-38
-73
-91
-90
-138
-116
-137
-188
-214
-218
-247
-319
-300
-303
-339
-284
-236
-283
-268
-285
-290
-275
-268
-280
-286
-243
-282
-297
-265
-249
-218
-190
-196
-215
-242
-206
-219
-240
-259
-237
-209
-209
-174
-223
-195
-204
-218
-195
-200
-193
-180
-205
-183
-141
-152
-152
-166
-135
-132
-151
-134
-138
-162
-182
-207
-122
-100
-114
-66
-91
-65
-43
1
11
37
42
58
103
104
87
86
86
103
74
75
123
148
167
190
189
187
190
162
149
160
138
157
117
95
55
0
15
7
23
-13
-70
-156
-136
-141
-148
-133
-122
-138
-105
-127
-170
-164
-185
-195
-212
-207
-255
-247
-199
-240
-230
-204
-193
-210
-281
-274
-248
-255
-237
-213
-199
-209
-212
-202
-179
-195
-236
-214
-213
-209
-184
-204
-233
-256
-210
-195
-234
-249
-283
-263
-236
-244
-266
-273
-282
-314
-354
-349
-336
-315
-298
-325
-321
-344
-359
-339
-298
-289
-314
-278
-264
-302
-279
-256
-234
-185
-140
-60
-23
9
85
83
121
120
149
213
243
272
290
333
373
398
406
439
457
466
464
464
508
491
491
484
469
458
461
469
499
511
424
424
449
421
399
386
382
333
341
322
317
341
327
316
347
317
346
386
371
365
365
330
329
369
302
270
284
257
233
235
241
220
198
249
236
250
265
288
308
320
334
343
380
315
340
315
318
332
313
281
261
236
235
237
225
193
213
206
207
224
173
184
133
125
113
40
-9
-30
-54
-79
-108
-156
-110
-143
-113
-79
-138
-111
-94
-122
-158
-143
-132
-102
-78
-47
-7
-3
-14
25
77
106
150
169
199
262
281
342
406
424
506
529
558
594
624
636
636
694
706
728
758
800
799
798
795
787
842
855
839
810
788
775
764
817
782
744
743
724
731
734
711
727
727
694
611
615
574
563
582
540
577
550
538
546
558
535
484
490
520
534
523
500
490
489
459
445
483
469
412
430
430
394
423
440
433
422
434
422
432
434
467
471
485
454
483
472
434
443
437
440
440
420
394
374
319
330
265
274
257
275
252
215
172
96
129
83
26
-18
-31
-26
-84
-118
-125
-108
-135
-152
-174
-237
-230
-247
-288
-337
-384
-365
-324
-309
-318
-275
-220
-195
-152
-110
-114
-70
-19
16
52
145
200
288
289
304
387
447
504
509
550
579
661
698
729
768
752
773
792
784
782
737
752
772
748
728
710
748
737
728
727
724
695
645
672
635
599
556
538
568
541
489
435
440
418
374
409
354
391
430
367
367
330
370
397
343
293
282
289
342
365
359
371
381
417
352
340
358
353
354
313
320
304
295
315
315
304
342
342
327
341
373
381
357
342
297
323
299
274
293
259
259
267
326
288
235
146
113
84
14
-81
-113
-131
-158
-198
-258
-222
-274
-342
-365
-437
-533
-564
-599
-641
-734
-786
-797
-819
-759
-717
-688
-606
-650
-553
-470
-433
-401
-348
-269
-207
-172
-152
-63
-17
71
102
168
216
211
221
299
241
317
453
443
491
522
615
660
654
624
653
643
614
621
601
590
590
591
556
503
511
517
500
471
461
433
393
359
282
269
272
223
227
228
213
221
156
116
33
-14
46
-20
-34
-27
-39
-40
-99
-65
-88
-82
-46
-85
-30
6
-5
-11
44
47
27
52
84
170
112
132
146
117
198
166
207
204
216
252
216
216
222
257
231
218
228
191
189
183
180
114
108
67
5
15
-56
-114
-173
-228
-218
-240
-222
-295
-306
-304
-354
-345
-413
-445
-480
-430
-463
-459
-470
-459
-443
-486
-481
-473
-390
-389
-327
-293
-175
-84
-44
8
23
109
236
319
399
430
492
547
571
602
679
675
715
784
811
915
933
984
998
1029
1058
1083
1132
1126
1125
1156
1079
1070
1106
1063
1102
1082
1112
1106
1063
1049
1006
985
974
919
891
856
813
779
793
766
746
748
686
640
597
591
566
575
557
550
557
567
608
654
627
626
629
646
648
665
672
613
635
670
676
675
688
714
705
771
784
765
800
786
807
805
827
778
784
769
797
786
760
753
744
731
694
656
581
562
469
450
360
287
316
258
233
207
189
159
127
93
21
-18
-81
-114
-189
-295
-292
-320
-372
-407
-412
-462
-448
-449
-510
-453
-458
-406
-359
-299
-211
-145
-108
-3
106
185
187
220
315
362
467
483
567
545
629
736
743
817
796
844
907
878
924
967
993
1007
985
985
999
984
939
904
896
860
865
806
784
782
683
652
642
632
546
525
569
471
433
427
381
303
301
305
298
299
292
318
290
253
281
243
245
290
318
347
312
335
335
295
303
309
336
309
292
306
310
232
214
231
252
295
282
247
256
312
332
266
298
286
267
293
314
267
262
272
280
251
254
193
109
116
13
6
-41
-98
-156
-216
-241
-285
-334
-366
-390
-463
-519
-605
-622
-693
-700
-695
-712
-680
-728
-696
-717
-736
-719
-709
-669
-653
-623
-584
-502
-450
-441
-318
-232
-128
-80
-29
37
97
185
192
271
321
353
365
461
503
539
593
648
689
708
766
770
788
801
778
777
773
758
730
720
762
732
762
730
711
707
644
590
549
523
464
405
369
386
360
319
342
347
282
263
256
208
196
167
162
124
101
112
116
128
170
199
159
204
184
218
229
224
271
276
309
350
326
292
305
281
286
271
266
262
262
246
284
355
346
316
377
341
307
328
282
189
217
186
105
36
37
29
3
-54
-76
-86
-149
-165
-225
-250
-263
-252
-285
-361
-380
-439
-462
-531
-567
-572
-605
-642
-593
-540
-614
-542
-472
-512
-435
-326
-284
-223
-62
-39
16
156
266
342
413
596
626
576
605
693
680
722
773
847
841
889
1070
1052
1058
1036
1009
997
1042
1150
1161
1086
1069
1103
1073
1026
1011
991
962
963
998
952
927
857
820
763
758
782
695
673
659
732
712
733
788
741
752
767
749
778
757
764
778
757
754
705
721
741
812
834
831
808
788
816
835
849
858
784
810
870
907
924
871
875
824
727
687
639
538
459
379
292
187
114
84
28
-63
-220
-312
-420
-568
-649
-845
-961
-1054
-1206
-1321
-1493
-1724
-1851
-2068
-2277
-2239
-2166
-1973
-1876
-1973
-2169
-2369
-2267
-1911
-1455
-1140
-954
-794
-613
-374
-101
228
563
828
1013
1175
1537
1795
1864
1818
1812
2051
2320
2517
2617
2497
2250
2042
2006
2117
2133
1983
1704
1407
1089
949
930
894
707
404
114
-99
-231
-294
-400
-549
-683
-785
-742
-650
-551
-494
-519
-509
-395
-135
193
363
376
314
358
686
1044
1272
1292
1200
1106
1121
1318
1588
1742
1601
1382
1180
1028
1064
1064
905
649
425
274
138
61
-64
-398
-822
-1004
-1004
-1030
-1237
-1641
-2022
-2190
-2165
-2097
-2244
-2458
-2815
-3114
-3247
-3255
-3218
-3370
-3643
-3980
-4215
-4127
-3288
-2417
-2530
-3690
-4557
-3984
-2496
-1351
-1348
-1837
-1868
-1461
-796
-64
817
1314
1030
739
1244
2451
3287
3180
2501
2105
2575
3402
3913
3784
3128
2401
2225
2708
3317
3328
2566
1419
755
901
1350
1454
714
-219
-847
-988
-697
-599
-894
-1585
-2352
-2557
-2109
-1409
-1270
-1867
-2567
-2570
-1810
-1125
-846
-901
-1080
-1208
-941
-271
426
601
278
-9
212
912
1397
1383
1136
1020
1094
1454
1510
1474
1373
1096
842
810
979
887
423
-75
-283
-149
-85
-123
-526
-1155
-1468
-1610
-1610
-1728
-1879
-2152
-2596
-2956
-3037
-2962
-2938
-3117
-3391
-3634
-3748
-3766
-3836
-4139
-4379
-4665
-4235
-3121
-2627
-3490
-4944
-5031
-3252
-1451
-1235
-2131
-2621
-2154
-1071
-38
707
1051
619
214
794
2265
3489
3501
2459
1779
2281
3422
4187
3894
2922
2306
2462
3033
3331
3057
2234
1358
1081
1351
1749
1482
309
-802
-873
-187
105
-523
-1458
-2157
-2389
-2025
-1517
-1269
-1678
-2438
-2918
-2546
-1532
-942
-1247
-1818
-1781
-1194
-487
-177
-162
-132
-138
59
494
872
1052
891
813
990
1417
1657
1424
1142
954
1134
1326
1252
935
578
362
211
99
8
-207
-497
-927
-1160
-1117
-1359
-1734
-2016
-2009
-2185
-2415
-2758
-3027
-3016
-2931
-2956
-3459
-3903
-4020
-4022
-4204
-4705
-4890
-4342
-3353
-3223
-4341
-5455
-4991
-3127
-1866
-2147
-3030
-3071
-2084
-864
-72
281
261
159
438
1435
2706
3280
2823
2133
2123
3018
4006
4198
3606
2945
2866
3269
3536
3447
2866
2147
1822
1782
1832
1468
773
48
-241
9
130
-427
-1381
-1978
-1924
-1678
-1635
-1821
-2104
-2462
-2677
-2531
-2102
-1735
-1746
-1909
-1916
-1599
-1157
-825
-691
-475
-145
-5
103
321
610
903
998
1009
1139
1243
1223
1150
1215
1317
1289
1004
769
734
753
611
357
95
-90
-327
-632
-879
-1072
-1250
-1594
-1937
-2178
-2424
-2683
-2933
-3223
-3501
-3657
-3831
-4128
-4391
-4627
-4886
-5205
-5536
-5056
-4001
-3862
-5139
-6504
-5938
-3621
-2142
-2769
-4139
-4079
-2602
-942
-276
-399
-442
-372
291
1427
2492
2863
2427
2097
2369
3391
4160
4091
3654
3316
3586
3968
3987
3609
3171
2997
2848
2738
2546
2019
1304
678
607
772
490
-305
-1159
-1409
-1263
-1274
-1701
-2112
-2224
-2302
-2481
-2615
-2507
-2253
-2195
-2276
-2212
-1912
-1580
-1308
-1163
-954
-574
-388
-419
-278
230
708
770
692
845
1088
1191
1188
1198
1258
1398
1332
1155
1046
971
802
622
548
439
160
-311
-670
-720
-821
-1091
-1598
-2110
-2389
-2349
-2394
-2805
-3339
-3706
-3956
-4143
-4379
-4607
-5055
-5450
-4736
-3670
-3773
-5370
-6544
-5232
-3032
-2308
-3481
-4548
-3772
-2139
-957
-952
-1051
-713
-118
609
1349
2041
2267
2203
2260
2670
3501
3951
3788
3500
3552
3953
4097
3863
3489
3467
3426
3063
2663
2280
2127
1753
1290
1073
893
422
-274
-709
-714
-618
-1057
-1705
-1925
-1826
-1832
-2050
-2228
-2157
-1985
-2039
-2188
-2049
-1728
-1372
-1236
-1198
-978
-732
-573
-385
-6
459
637
461
427
829
1379
1543
1388
1317
1347
1371
1399
1461
1374
1146
828
594
481
421
272
15
-312
-645
-936
-1195
-1380
-1618
-1941
-2313
-2628
-2823
-3025
-3390
-3755
-4151
-4280
-4641
-4866
-4262
-3801
-4218
-5372
-5809
-4461
-2884
-2750
-3977
-4524
-3454
-1885
-1029
-1287
-1460
-1096
-339
441
1063
1550
1726
1771
1879
2254
2884
3295
3437
3499
3594
3598
3412
3232
3409
3765
3593
2932
2365
2165
2105
1969
1555
1245
933
463
85
-334
-549
-726
-892
-1158
-1483
-1731
-1902
-1906
-1918
-1880
-1883
-2052
-1977
-1802
-1528
-1436
-1425
-1099
-759
-553
-661
-637
-222
237
561
573
724
902
1015
1186
1325
1529
1504
1475
1427
1520
1557
1375
1213
1148
1143
1031
754
385
96
-68
-232
-307
-514
-836
-1361
-1815
-2009
-2160
-2313
-2652
-3090
-3560
-3919
-4039
-4479
-4461
-3604
-3247
-4249
-5885
-6016
-4087
-2490
-2911
-4423
-4750
-3260
-1716
-1376
-1848
-1748
-1019
-268
319
785
1369
1726
1827
1932
2318
2896
3147
3318
3339
3490
3604
3488
3468
3636
3756
3353
2774
2486
2611
2537
1921
1439
1287
1157
748
144
-143
-330
-670
-1106
-1314
-1279
-1422
-1762
-2029
-1990
-1769
-1886
-2112
-2111
-1707
-1355
-1375
-1537
-1380
-882
-386
-295
-279
-87
254
498
609
957
1358
1532
1435
1464
1764
2009
2082
2086
2140
2131
1988
1913
1895
1937
1707
1403
1068
831
641
473
309
131
-74
-531
-910
-1249
-1395
-1521
-1801
-2190
-2651
-2996
-3431
-3770
-3919
-4243
-4105
-3486
-3382
-4501
-5770
-5493
-3677
-2218
-2948
-4590
-4741
-2933
-1275
-1165
-1857
-1919
-1015
-110
376
764
1195
1639
1913
1995
2158
2792
3492
3749
3566
3361
3549
3729
3797
3904
3878
3446
3019
2923
2934
2806
2262
1788
1695
1533
1119
416
72
44
-24
-490
-1080
-1309
-1384
-1468
-1640
-1827
-1910
-1846
-1946
-1942
-1750
-1521
-1475
-1427
-1243
-868
-593
-629
-518
-132
306
497
636
922
1261
1400
1454
1626
1957
2185
2203
2148
2238
2410
2491
2369
2172
2146
2181
2038
1736
1495
1399
1241
865
526
256
74
-203
-527
-853
-1159
-1441
-1803
-2117
-2380
-2644
-3095
-3586
-3870
-4184
-4220
-3875
-3497
-3900
-5032
-5492
-4419
-2852
-2678
-4043
-4660
-3538
-1842
-1276
-1666
-1778
-1072
-187
335
653
1185
1855
2148
2146
2213
2701
3333
3737
3836
3658
3634
3795
4020
4134
4142
3864
3399
3122
3117
3035
2620
2090
1812
1703
1330
697
163
-19
-55
-251
-899
-1462
-1478
-1289
-1333
-1683
-1929
-1999
-1977
-1817
-1576
-1365
-1460
-1567
-1353
-1044
-667
-336
-186
-64
117
348
596
1012
1577
1867
1811
1716
1954
2454
2771
2844
2651
2468
2354
2444
2520
2453
2206
1957
1747
1612
1492
1169
864
788
709
290
-310
-806
-934
-901
-1076
-1590
-2152
-2505
-2660
-2829
-3140
-3492
-3806
-4200
-4288
-3736
-3440
-4073
-5072
-4997
-3638
-2618
-3057
-4066
-3848
-2486
-1330
-1330
-1769
-1485
-586
142
595
930
1494
2049
2255
2349
2651
3243
3745
3894
3747
3672
3785
3898
4035
4196
4048
3565
3080
3007
3137
2936
2355
1832
1675
1460
1084
583
180
44
-111
-621
-1006
-1181
-1259
-1390
-1668
-1749
-1763
-1704
-1824
-1932
-1804
-1606
-1415
-1226
-939
-727
-595
-529
-178
412
839
940
918
1099
1553
1986
2185
2220
2293
2367
2485
2600
2689
2752
2620
2463
2418
2292
2216
2042
1872
1678
1233
928
753
705
388
-136
-623
-872
-933
-1238
-1737
-2179
-2422
-2597
-2854
-3252
-3679
-4068
-4416
-4066
-3312
-3342
-4452
-5545
-5005
-3203
-2286
-3269
-4441
-3833
-2162
-1221
-1543
-1804
-1204
-255
317
593
976
1704
2292
2318
2083
2432
3205
3708
3732
3660
3683
3686
3830
4087
4201
3989
3502
3108
3103
3120
2884
2363
1934
1841
1536
978
480
230
112
-195
-631
-1018
-1221
-1380
-1458
-1460
-1568
-1788
-2042
-1973
-1621
-1412
-1406
-1622
-1503
-1062
-768
-746
-563
-82
291
426
501
797
1312
1704
1836
1859
1997
2338
2503
2418
2421
2545
2656
2627
2478
2369
2297
2125
1885
1706
1519
1238
878
623
463
240
-96
-451
-725
-933
-1214
-1584
-1895
-2097
-2337
-2681
-3029
-3216
-3374
-3790
-4233
-4460
-3999
-3371
-3595
-4571
-5184
-4331
-2913
-2545
-3330
-3851
-3046
-1720
-1107
-1308
-1320
-626
128
638
946
1418
1999
2280
2412
2593
2959
3416
3675
3798
3759
3714
3794
4030
4206
4104
3814
3493
3300
3248
3025
2564
2192
2088
1946
1354
706
437
290
132
-110
-749
-1181
-1266
-1278
-1279
-1523
-1771
-1958
-1922
-1813
-1631
-1476
-1571
-1506
-1299
-982
-751
-627
-242
129
342
360
543
1111
1532
1750
1757
1763
1970
2221
2437
2408
2454
2449
2369
2312
2168
2150
2145
2040
1846
1466
1160
921
929
891
631
113
-425
-670
-813
-985
-1372
-1693
-2001
-2249
-2601
-2979
-3101
-3211
-3557
-4028
-4465
-4361
-3775
-3443
-3944
-4886
-5076
-3988
-2850
-2992
-3821
-3772
-2554
-1565
-1382
-1452
-985
-176
303
597
1034
1729
2391
2547
2501
2660
3260
3923
4193
4041
3844
3836
4056
4267
4298
4095
3722
3451
3293
3184
2926
2520
2187
1969
1621
1042
473
264
149
-185
-787
-1355
-1521
-1515
-1654
-2081
-2397
-2372
-2259
-2224
-2283
-2252
-2016
-1711
-1502
-1428
-1220
-850
-501
-136
100
278
507
872
1301
1627
1730
1727
1965
2278
2531
2692
2748
2811
2713
2624
2640
2655
2581
2406
2150
1785
1536
1406
1255
991
553
130
-149
-390
-691
-1084
-1413
-1718
-2010
-2263
-2567
-2824
-3030
-3311
-3685
-3999
-4304
-4424
-4597
-4695
-4281
-3873
-4230
-4978
-5092
-3965
-2654
-2732
-3541
-3568
-2275
-943
-673
-934
-633
317
1016
1225
1423
2043
2770
3020
2926
2850
3200
3802
4215
4167
3972
3852
3909
4137
4268
4130
3673
3133
2944
2993
2773
2142
1669
1513
1198
618
-107
-434
-362
-396
-1003
-1776
-2054
-1850
-1642
-1880
-2349
-2419
-2204
-2065
-1972
-1823
-1720
-1553
-1221
-934
-647
-447
-194
242
598
883
922
1233
1815
2184
2331
2285
2462
2780
3020
2997
2866
2947
3036
3036
2796
2548
2406
2326
2150
1762
1447
1191
984
651
253
-196
-537
-813
-1124
-1516
-1887
-2167
-2520
-2738
-3091
-3425
-3688
-3885
-3992
-4147
-4366
-4767
-4941
-4901
-4742
-4297
-3863
-3932
-4451
-4612
-3641
-2269
-1944
-2577
-2745
-1697
-383
-15
-180
170
1035
1608
1711
1969
2603
3379
3682
3459
3335
3690
4320
4581
4389
4055
3910
4008
4021
3945
3735
3321
2871
2576
2335
1966
1512
1111
950
617
-58
-677
-906
-874
-1006
-1573
-1995
-2108
-2089
-2175
-2383
-2288
-2028
-1903
-2015
-1962
-1504
-1017
-756
-670
-506
-66
364
687
982
1319
1649
1810
1941
2259
2698
2882
2815
2857
3011
3074
2971
2958
2958
2847
2570
2268
2164
2209
2005
1478
1014
784
574
198
-272
-677
-975
-1266
-1702
-2098
-2336
-2523
-2750
-3153
-3469
-3623
-3645
-3740
-3880
-3999
-4141
-4184
-4245
-4150
-4066
-4042
-4146
-3842
-2816
-2465
-3114
-3687
-2843
-1190
-555
-1347
-1950
-979
641
1211
767
488
1343
2321
2421
2274
2533
3236
3635
3396
3082
3084
3693
3990
3773
3348
2982
2993
3044
2993
2621
2103
1584
1295
1350
1077
542
32
-130
-175
-536
-1100
-1395
-1267
-1269
-1529
-2005
-2161
-1792
-1668
-1774
-1846
-1749
-1473
-1233
-963
-774
-440
-134
101
393
684
1000
1239
1490
1776
1977
2023
2090
2377
2666
2691
2521
2392
2569
2765
2617
2348
2184
2013
1768
1632
1479
1264
800
266
-1
-158
-354
-729
-1244
-1604
-1796
-1959
-2265
-2562
-2778
-2823
-2990
-3247
-3354
-3362
-3289
-3365
-3475
-3403
-3283
-3202
-3160
-3018
-2842
-2829
-2740
-2614
-2509
-2045
-1248
-1096
-1679
-2058
-1380
-33
388
-316
-747
-7
1145
1489
1208
1076
1541
2003
2028
1994
2167
2560
2675
2401
2020
2001
2444
2618
2378
1887
1634
1631
1570
1529
1331
1024
644
354
270
167
13
-252
-321
-432
-722
-996
-1077
-838
-713
-963
-1270
-1173
-842
-631
-646
-619
-414
-141
37
182
428
732
961
970
993
1172
1505
1700
1752
1811
1923
1934
1834
1902
2056
2001
1731
1518
1474
1482
1303
1042
909
785
538
143
-149
-390
-482
-610
-962
-1326
-1630
-1811
-1875
-1898
-2093
-2322
-2461
-2474
-2416
-2361
-2353
-2374
-2433
-2323
-2192
-2102
-1968
-1803
-1622
-1577
-1596
-1430
-1262
-1121
-1116
-1271
-1224
-1240
-768
-30
-162
-875
-1324
-645
569
662
-267
-771
50
1099
1042
435
260
830
1248
1112
914
1044
1523
1584
1245
934
930
1320
1441
1250
949
783
905
1004
1016
904
726
542
451
551
486
347
281
443
556
283
-11
80
349
411
178
-84
104
440
513
351
181
399
714
778
676
575
755
1001
1055
1030
1014
981
985
984
982
959
799
629
629
707
640
428
232
190
209
17
-255
-279
-230
-340
-605
-783
-825
-757
-826
-1012
-1152
-1219
-1188
-1138
-1172
-1197
-1201
-1138
-989
-881
-840
-905
-889
-764
-630
-477
-428
-389
-358
-348
-335
-369
-368
-293
-322
-467
-587
-669
-652
-693
-842
-493
-258
-686
-1422
-1526
-677
-73
-604
-1480
-1432
-538
0
-317
-749
-611
-26
266
160
127
362
678
757
564
566
853
1248
1314
1199
1100
1225
1522
1772
1795
1591
1520
1513
1780
1840
1658
1474
1433
1703
1571
1210
1009
1113
1285
1112
739
438
521
674
446
46
-165
-56
58
-124
-301
-382
-314
-238
-347
-410
-502
-449
-468
-472
-440
-445
-396
-280
-228
-242
-345
-334
-149
-75
-138
-191
-78
73
208
160
186
344
488
470
347
377
535
665
511
356
372
554
657
514
368
324
361
397
336
274
274
137
18
-34
-37
-81
-256
-365
-486
-597
-694
-777
-907
-1013
-1110
-1380
-1560
-1647
-1305
-1037
-1531
-2190
-2288
-1419
-710
-1125
-1801
-1742
-852
-306
-419
-616
-405
174
417
444
591
1082
1516
1567
1459
1377
1758
2330
2477
2329
2094
2243
2595
2765
2760
2607
2403
2242
2318
2299
2057
1826
1652
1737
1517
1004
608
505
682
467
-40
-472
-524
-400
-505
-777
-1041
-1068
-1045
-1133
-1270
-1328
-1196
-1117
-1197
-1209
-1105
-918
-809
-647
-444
-275
-204
-108
164
446
596
665
757
921
1086
1288
1416
1450
1545
1602
1604
1577
1639
1716
1783
1694
1438
1339
1381
1413
1291
1003
796
680
550
500
334
110
-142
-206
-249
-429
-623
-723
-814
-953
-1037
-1189
-1309
-1321
-1232
-1267
-1484
-1623
-1538
-1520
-1498
-1616
-1745
-1877
-1463
-841
-1003
-1612
-1845
-1085
-207
-222
-883
-1032
-204
672
702
331
387
1089
1638
1635
1484
1677
2175
2391
2206
1936
2011
2547
2732
2501
2132
2020
2168
2250
2156
1835
1550
1429
1418
1330
962
585
361
359
171
-291
-614
-751
-755
-903
-1233
-1423
-1429
-1345
-1410
-1573
-1606
-1456
-1247
-1230
-1239
-1068
-771
-517
-337
-141
-10
217
411
733
1013
1140
1178
1391
1644
1865
1939
1951
2104
2262
2285
2161
2071
2141
2158
1974
1750
1596
1590
1523
1289
1071
925
821
598
346
183
89
-32
-240
-491
-668
-691
-745
-815
-986
-1121
-1217
-1235
-1165
-1131
-1086
-1175
-1215
-1122
-985
-850
-755
-659
-623
-631
-487
-357
-323
-299
-368
-339
-453
-294
265
237
-235
-567
-120
529
554
72
-175
284
676
534
381
372
712
908
851
825
944
1091
1112
1038
830
801
975
977
791
684
614
585
648
689
577
341
209
221
347
217
-23
-104
-34
-12
-170
-328
-324
-250
-305
-452
-426
-252
-137
-141
-187
-64
29
185
328
471
692
819
812
857
1007
1232
1400
1302
1275
1409
1532
1463
1406
1489
1506
1437
1323
1302
1247
1111
905
847
802
580
322
191
142
35
-117
-370
-475
-464
-488
-594
-748
-773
-741
-763
-783
-828
-822
-696
-559
-577
-573
-492
-404
-284
-186
-116
-32
-7
65
176
212
160
263
344
338
266
67
112
193
70
-205
-392
-419
-492
-801
-731
-494
-786
-1312
-1572
-1118
-711
-1059
-1597
-1630
-1089
-788
-1047
-1239
-1081
-748
-628
-587
-504
-321
-84
30
0
54
255
581
752
812
745
709
910
1082
1231
1164
1011
936
987
1160
1054
876
831
873
907
747
621
606
633
530
334
239
298
362
286
162
88
107
133
81
39
76
67
32
7
31
51
58
26
100
102
-2
-65
-43
165
176
15
-62
-61
41
59
31
-51
-67
-101
-80
-26
12
43
-15
56
93
173
142
64
64
172
186
161
175
142
264
299
283
238
240
302
249
158
148
128
143
23
-80
-94
-100
-261
-462
-497
-585
-709
-826
-941
-1107
-1253
-1279
-1370
-1554
-1727
-1852
-1812
-1881
-1742
-1612
-1830
-2128
-2050
-1648
-1426
-1583
-1777
-1596
-1134
-905
-984
-888
-643
-390
-238
-99
103
279
463
590
650
753
1016
1284
1344
1330
1226
1348
1461
1475
1461
1348
1179
1017
1074
1078
893
688
575
484
394
156
-36
-164
-275
-377
-520
-674
-781
-805
-851
-856
-911
-953
-911
-871
-816
-738
-709
-744
-715
-565
-402
-297
-278
-217
-101
96
224
352
488
492
528
563
669
783
852
852
849
824
865
880
830
831
734
622
584
534
459
347
199
135
135
78
-13
-160
-270
-307
-321
-362
-440
-492
-605
-663
-688
-776
-816
-914
-986
-1002
-1089
-1129
-1175
-1197
-1176
-1211
-1259
-1284
-1231
-1179
-1196
-1285
-1269
-1186
-1164
-1130
-1138
-1138
-1132
-902
-835
-1032
-1135
-982
-515
-344
-625
-782
-525
-33
139
56
31
163
418
517
554
624
712
825
777
683
640
794
922
818
630
449
454
500
452
420
327
141
-18
3
-36
-136
-257
-322
-305
-444
-504
-517
-475
-413
-451
-517
-580
-543
-374
-330
-234
-162
-119
-64
-1
162
268
336
302
351
500
660
739
767
829
872
845
796
787
845
868
750
668
620
596
550
493
359
379
323
120
66
74
20
-50
-131
-169
-241
-327
-296
-308
-334
-455
-493
-525
-515
-561
-613
-528
-510
-502
-493
-414
-350
-316
-261
-309
-358
-355
-334
-254
-272
-321
-302
-333
-274
-313
-335
-354
-363
-418
-527
-573
-615
-547
-579
-697
-835
-821
-540
-500
-804
-986
-857
-510
-451
-708
-874
-745
-400
-306
-424
-546
-385
-112
-70
-125
-114
1
183
229
116
109
286
494
450
385
408
469
628
677
678
567
511
527
645
684
575
459
416
497
457
364
325
317
424
341
232
283
305
342
296
253
312
324
260
265
251
258
194
144
75
72
176
196
156
92
142
131
127
137
175
195
143
152
144
144
179
206
174
157
106
123
206
267
246
171
172
210
291
326
325
351
374
389
335
392
471
493
521
435
466
437
403
338
275
258
234
149
-14
-77
-50
-21
-133
-335
-389
-390
-456
-545
-713
-777
-828
-864
-885
-951
-1004
-1009
-1089
-1117
-1222
-1289
-1312
-1178
-1048
-1225
-1367
-1234
-915
-735
-810
-877
-703
-436
-289
-304
-200
-62
133
225
251
432
514
647
681
641
719
883
1075
1085
1077
1021
1067
1085
1048
999
938
885
790
712
625
535
426
384
344
218
14
12
37
-4
-134
-223
-171
-219
-273
-368
-436
-372
-385
-455
-498
-459
-349
-307
-306
-278
-235
-152
-21
61
157
215
275
308
358
510
621
695
698
778
901
924
934
953
949
1014
999
1004
1011
1037
1026
991
928
881
856
746
682
608
522
424
329
303
232
121
-59
-200
-285
-426
-536
-646
-642
-688
-832
-987
-1024
-966
-1026
-1160
-1268
-1247
-1202
-1207
-1206
-1120
-1075
-1034
-1033
-1002
-886
-828
-844
-868
-807
-720
-663
-610
-568
-424
-214
-217
-330
-292
34
324
206
-56
61
305
447
370
270
301
380
361
302
402
432
355
265
202
127
111
166
127
51
-41
-75
-47
-32
-33
-40
-177
-278
-275
-152
-131
-278
-326
-305
-253
-247
-246
-208
-77
-75
-174
-57
125
223
223
150
270
411
438
470
495
635
668
633
694
775
843
883
864
900
926
923
925
934
940
878
841
778
765
764
698
587
510
501
427
301
178
155
130
88
-6
-122
-154
-214
-295
-398
-482
-443
-475
-520
-560
-614
-657
-603
-660
-754
-795
-783
-715
-693
-650
-622
-536
-450
-363
-325
-294
-215
-76
-11
-121
-197
-82
58
117
-15
-157
-111
34
21
-132
-231
-191
-266
-396
-420
-518
-357
-345
-604
-885
-975
-761
-675
-913
-1188
-1233
-1088
-967
-977
-1099
-1109
-950
-911
-872
-804
-677
-470
-437
-433
-378
-237
-24
79
73
127
238
392
509
631
704
749
805
836
901
982
953
960
982
906
892
902
932
913
792
735
609
540
500
338
238
229
207
106
1
-48
6
4
-60
-101
-133
-141
-125
-82
-104
-93
-137
-174
-165
-92
-43
-60
-7
-27
-42
53
91
141
158
232
177
196
264
239
315
280
279
311
274
246
245
272
210
162
130
106
90
145
157
112
123
59
65
38
38
-34
-113
-159
-241
-283
-306
-329
-389
-446
-453
-466
-511
-514
-548
-589
-658
-724
-775
-821
-828
-860
-932
-1027
-1015
-994
-1027
-1088
-1138
-1129
-1009
-893
-1016
-1060
-894
-710
-555
-607
-667
-522
-274
-161
-194
-168
-100
62
162
232
299
355
451
496
544
548
606
706
747
714
709
737
713
814
772
698
589
558
613
505
406
291
262
229
149
99
24
7
-24
-84
-151
-166
-154
-119
-138
-150
-88
-34
20
-4
-27
19
51
97
138
186
290
328
368
468
497
514
556
574
595
567
566
592
568
530
502
490
500
420
348
362
285
224
149
74
28
46
-8
-104
-166
-233
-295
-376
-388
-429
-508
-545
-566
-585
-595
-595
-645
-643
-655
-630
-626
-621
-585
-518
-464
-463
-504
-461
-371
-419
-441
-417
-389
-393
-420
-452
-429
-416
-390
-374
-385
-409
-388
-319
-383
-498
-530
-527
-459
-427
-509
-646
-718
-608
-555
-575
-642
-636
-455
-383
-385
-373
-323
-220
-213
-211
-181
-66
6
98
137
151
246
354
424
466
542
530
593
637
620
632
624
594
703
744
671
651
583
594
533
483
488
475
436
374
356
299
282
207
172
131
88
82
48
-11
-14
-18
-100
-135
-106
-47
-61
-83
-135
-129
-103
-166
-147
-167
-214
-246
-269
-249
-278
-254
-216
-194
-203
-215
-200
-187
-126
-49
-32
-25
21
79
111
78
115
156
178
187
156
191
242
295
287
270
237
210
284
232
188
160
127
99
21
-22
-108
-225
-277
-376
-432
-477
-538
-627
-722
-781
-757
-752
-802
-857
-929
-947
-984
-989
-950
-1031
-1050
-969
-964
-887
-924
-864
-769
-721
-667
-655
-598
-498
-407
-308
-270
-227
-129
23
139
176
212
286
393
451
448
487
498
606
619
601
635
632
698
650
595
630
632
589
526
476
416
357
303
250
209
146
85
-29
-72
-80
-73
-168
-291
-268
-284
-302
-347
-349
-345
-360
-306
-289
-219
-205
-165
-170
-137
-129
-135
-74
12
51
105
177
243
345
408
379
411
461
477
527
543
561
565
607
594
577
582
559
532
492
388
358
333
238
178
98
94
85
43
-47
-152
-221
-223
-235
-298
-362
-405
-503
-488
-532
-615
-624
-643
-578
-576
-585
-596
-552
-550
-507
-506
-526
-522
-463
-386
-362
-351
-385
-266
-274
-320
-283
-256
-269
-238
-168
-218
-223
-219
-163
-130
-159
-170
-116
-128
-117
-133
-159
-141
-125
-146
-143
-65
-68
-59
-82
-65
-30
-29
-82
-92
-87
-24
-19
-21
-22
21
143
110
109
100
161
176
171
174
214
256
258
288
276
320
334
332
365
383
336
351
369
335
328
327
329
363
330
294
296
292
324
319
267
237
279
299
247
217
190
214
162
143
100
49
73
84
57
40
100
118
40
-49
-38
-28
7
-12
-5
23
9
-20
17
45
57
4
-20
17
92
167
192
225
214
251
259
266
236
326
305
213
189
210
267
239
258
221
207
211
196
132
105
77
26
-39
-82
-56
-110
-135
-180
-271
-339
-361
-389
-432
-500
-548
-550
-586
-630
-638
-599
-586
-618
-629
-595
-594
-525
-520
-559
-496
-445
-378
-274
-169
-102
-25
33
143
184
274
362
437
494
548
633
670
734
796
819
852
825
848
877
842
912
867
827
774
730
708
606
562
514
419
338
272
201
183
138
46
12
-52
-58
-111
-163
-232
-254
-197
-261
-260
-244
-230
-201
-186
-191
-130
-44
-4
14
26
98
143
243
330
398
431
461
563
626
660
682
682
727
710
644
654
674
643
618
635
607
544
507
468
409
327
224
165
149
63
-21
-82
-120
-137
-224
-316
-349
-362
-423
-494
-596
-620
-607
-630
-649
-688
-638
-592
-577
-565
-546
-519
-458
-450
-460
-499
-459
-366
-330
-347
-341
-223
-116
-131
-160
-177
-136
-80
8
-16
-17
41
107
160
141
155
186
264
311
278
302
382
410
431
452
330
335
379
349
362
316
290
266
304
265
227
225
175
180
177
127
121
72
87
103
68
8
136
176
193
304
173
186
163
158
237
254
179
82
187
287
308
355
256
163
283
303
242
312
266
262
379
329
394
407
409
351
357
359
304
349
237
203
199
146
35
20
-81
-161
-128
-159
-193
-253
-274
-348
-419
-434
-410
-403
-522
-579
-534
-507
-479
-538
-553
-478
-444
-425
-408
-361
-287
-269
-289
-248
-236
-197
-161
-50
-32
-34
4
46
79
107
78
60
36
46
38
-13
3
-47
-69
-85
-122
-114
-164
-176
-257
-279
-320
-318
-255
-278
-269
-324
-332
-301
-275
-264
-280
-234
-199
-167
-77
-32
-10
47
93
149
192
204
327
342
395
433
499
591
564
605
608
554
573
606
630
594
605
641
618
603
562
538
522
545
550
502
441
410
410
292
225
228
219
148
83
1
-24
33
-6
-50
-93
-71
-78
-47
-106
-159
-186
-195
-230
-262
-252
-301
-323
-289
-288
-341
-296
-275
-263
-246
-198
-176
-102
-71
-37
31
42
99
128
159
186
236
263
241
231
282
334
295
325
329
361
366
396
401
382
396
317
289
249
172
114
95
104
92
11
-30
-101
-197
-269
-354
-398
-464
-489
-601
-661
-614
-637
-631
-628
-614
-607
-576
-477
-411
-349
-235
-158
-62
-43
-55
-14
97
214
239
335
392
489
518
508
630
655
704
686
724
757
710
724
681
668
639
606
631
553
520
507
403
412
357
320
309
268
251
253
213
219
153
112
101
74
25
-16
5
-8
10
45
30
-11
-23
-10
12
44
17
46
98
133
121
103
99
118
181
187
197
213
217
291
316
266
337
364
382
380
339
356
341
337
363
329
340
306
282
269
254
225
240
254
221
224
160
131
134
133
67
40
81
37
-23
-29
-73
-81
-74
-137
-175
-196
-181
-121
-157
-163
-157
-137
-136
-125
-90
-99
-146
-151
-110
-82
-71
-91
-102
-54
25
63
75
112
125
120
133
81
58
99
101
112
139
134
165
227
263
273
255
260
251
221
242
211
215
255
241
253
292
291
270
253
244
237
233
283
251
231
237
257
300
302
317
324
353
388
379
369
358
406
425
427
423
395
417
417
423
448
432
415
403
382
354
329
342
292
243
256
261
223
225
241
203
163
186
229
242
177
159
110
100
96
94
132
56
53
66
78
65
67
55
45
83
81
79
98
105
123
142
143
197
188
185
215
197
203
233
208
202
187
151
142
88
96
90
110
117
42
20
52
26
9
-16
-34
-14
-60
-87
-121
-93
-66
-42
-39
-53
-56
-59
-69
-88
-85
-88
-130
-85
-55
-100
-38
-3
22
61
83
69
105
106
126
110
100
121
182
179
189
236
263
266
291
313
335
374
399
422
436
466
493
526
501
494
505
501
520
524
503
484
511
517
463
448
440
408
399
341
329
372
317
301
278
265
256
245
285
270
256
243
259
257
291
299
298
347
293
339
323
341
338
334
328
304
366
398
381
383
429
436
427
398
452
455
418
406
342
303
311
273
258
204
172
103
87
118
81
49
72
43
-5
-26
-36
-89
-114
-133
-152
-88
-89
-65
-91
-89
-122
-75
-80
-67
49
54
124
133
181
242
243
293
240
255
269
223
186
225
239
222
289
309
312
311
303
294
321
300
265
278
277
266
238
230
194
169
213
201
146
165
189
214
297
306
324
347
348
374
367
396
445
460
481
449
488
538
538
557
504
495
525
549
554
545
579
577
597
622
585
615
564
546
536
440
446
452
472
457
455
457
468
463
502
465
401
391
352
322
245
232
236
193
201
201
210
200
195
201
199
150
96
113
90
105
80
89
104
78
69
72
93
9
50
57
87
126
162
208
171
180
196
222
263
275
279
303
325
331
359
348
344
333
356
383
393
432
465
456
420
411
384
355
346
340
300
314
252
218
191
136
129
99
154
120
116
148
166
189
230
233
204
213
194
187
191
178
165
216
219
195
195
225
222
234
290
281
291
278
305
243
270
258
249
300
314
351
364
376
363
380
366
424
441
415
420
459
443
436
466
469
467
438
405
423
436
439
438
452
422
430
439
410
409
407
401
367
320
294
302
258
248
206
199
185
174
199
228
232
237
319
306
246
240
235
275
270
288
315
329
387
411
456
456
479
492
479
473
512
521
497
551
547
564
540
571
584
557
542
495
484
509
523
539
523
525
536
512
467
410
400
393
364
356
352
314
271
214
277
305
357
349
350
343
272
246
219
212
198
190
150
168
183
168
137
138
135
114
184
190
236
221
253
284
246
235
242
262
184
209
188
201
177
183
196
185
203
242
267
240
291
294
255
192
213
168
163
130
135
151
96
149
135
146
108
115
184
202
211
221
218
227
276
266
248
244
204
191
255
239
185
188
238
239
214
258
244
262
260
245
243
226
195
174
144
115
148
115
137
154
87
82
85
68
84
106
52
61
106
130
138
127
113
111
167
143
152
208
210
248
311
312
313
321
306
339
330
330
324
319
346
348
353
353
297
231
245
217
159
143
71
2
-4
-79
-92
-94
-136
-132
-162
-169
-219
-286
-307
-316
-351
-305
-250
-235
-247
-209
-221
-196
-132
-114
-108
-84
-57
-81
2
24
30
135
167
187
186
196
209
222
194
209
168
157
145
186
232
156
139
168
203
213
238
198
188
152
147
194
240
256
207
181
176
171
179
177
124
65
47
82
115
86
83
127
125
117
146
141
134
153
131
168
154
122
89
91
147
142
175
211
276
290
291
292
287
285
308
364
339
356
328
360
254
180
160
157
115
99
146
139
124
89
96
80
102
13
-15
-39
-23
-9
-37
-36
-57
-40
-95
-141
-149
-162
-161
-197
-192
-171
-206
-143
-198
-239
-204
-176
-136
-120
-107
-126
-69
-91
-113
-86
-112
-52
-34
-31
-17
-50
-14
38
19
1
-37
-9
-2
32
87
49
55
99
69
76
77
116
158
106
121
115
163
183
169
215
206
257
290
268
252
245
268
223
168
182
197
141
78
61
66
44
13
-31
-66
-70
-36
-27
-28
13
25
27
9
25
26
35
15
-5
38
40
54
61
152
157
113
139
151
165
219
240
249
296
249
199
176
224
208
187
224
149
131
154
144
99
132
115
96
87
62
62
25
24
16
-6
-57
-9
-7
-41
-28
-38
-27
-40
-22
39
65
88
106
99
124
119
142
128
158
166
154
176
189
167
179
160
152
158
181
216
203
211
174
163
145
175
145
129
122
136
152
120
116
107
88
94
74
81
149
93
102
112
148
129
137
146
130
151
131
156
103
110
138
126
158
170
179
166
131
137
126
118
148
138
148
140
114
117
70
78
96
49
18
40
28
29
92
55
57
113
106
80
44
-3
19
30
-42
-45
-32
-24
-28
-13
-4
5
-16
44
25
-4
-31
-75
-55
-38
-40
-120
-96
-101
-110
-82
-48
-12
-36
-5
19
45
96
92
82
113
97
64
79
27
4
2
50
85
93
125
94
80
73
70
71
79
76
71
89
96
104
101
117
149
146
91
76
71
59
52
101
162
144
121
74
37
32
39
3
15
14
-13
-1
0
-7
-10
7
9
-38
-89
-102
-152
-135
-137
-168
-162
-181
-175
-149
-187
-219
-218
-208
-199
-162
-157
-136
-113
-107
-88
-128
-140
-162
-142
-199
-211
-177
-170
-168
-177
-121
-113
-120
-109
-87
-127
-89
-64
-72
-88
-40
-36
-66
-64
-103
-109
-127
-137
-148
-112
-147
-134
-119
-106
-96
-72
-27
-82
-71
-72
-60
-92
-84
-66
-85
-60
-43
-8
-15
-31
-53
-29
-38
-65
-34
6
38
71
53
45
124
161
151
199
206
168
190
226
143
137
159
99
100
132
86
76
140
125
103
124
121
73
122
95
57
24
4
30
-19
-7
0
8
-32
-26
-25
34
29
-40
10
-3
25
11
10
8
-44
-16
-30
-20
-28
-62
-47
1
-17
1
-33
17
31
0
23
-13
-12
-6
-43
-64
-67
-108
-93
-128
-116
-118
-132
-137
-165
-201
-159
-122
-130
-71
-52
-58
-3
-10
-35
-22
-42
-33
-12
-24
-50
-78
-26
-34
-109
-60
-20
-9
-48
-7
5
9
9
-2
-27
-82
-43
-17
-18
-68
-47
-33
2
51
63
72
58
83
111
123
93
78
102
114
77
77
90
47
87
86
76
51
81
79
77
97
137
158
143
169
176
191
143
136
135
147
137
52
65
9
19
19
18
13
8
97
55
82
34
0
25
8
6
-3
-69
-49
7
-32
-27
-22
-32
-82
-116
-122
-149
-137
-112
-127
-101
-88
-112
-82
-78
-65
-55
-83
-94
-87
-114
-121
-172
-141
-123
-157
-120
-106
-26
-36
-44
0
-22
54
26
15
11
-12
-15
-35
8
54
51
25
61
78
86
111
134
225
195
153
177
205
209
197
232
251
247
255
258
278
276
242
217
227
239
260
298
306
297
335
316
342
346
302
324
346
340
320
299
261
237
275
230
214
222
196
132
152
195
153
161
106
79
51
66
63
75
74
42
81
76
20
-6
12
53
11
-13
-32
-31
21
-40
-26
-34
-57
3
-11
-19
-23
-50
-52
-12
-50
-57
-23
-87
-67
-69
-64
-46
-69
-65
-55
-54
-11
6
13
20
28
33
4
24
-15
2
-20
-63
-30
-16
-23
-63
-72
-82
-70
-60
-73
-40
10
-10
-54
33
-19
1
49
-1
2
-49
-25
-46
-62
-118
-185
-171
-123
-101
-143
-145
-124
-146
-105
-90
-103
-69
-88
-51
-32
-17
-63
-20
-15
-35
37
26
83
52
24
18
36
6
-29
-22
-25
-59
-64
-95
-62
-92
-102
-90
-128
-112
-138
-148
-165
-194
-246
-269
-279
-279
-250
-264
-280
-295
-305
-279
-319
-303
-277
-314
-316
-340
-338
-365
-409
-368
-411
-399
-417
-429
-387
-429
-402
-386
-367
-362
-297
-330
-296
-268
-270
-243
-272
-206
-227
-212
-189
-239
-245
-245
-228
-242
-237
-240
-239
-216
-172
-169
-167
-167
-186
-187
-159
-129
-133
-159
-206
-217
-257
-315
-334
-322
-385
-436
-439
-451
-472
-451
-457
-457
-442
-428
-341
-343
-394
-394
-394
-361
-361
-351
-340
-346
-341
-337
-358
-354
-311
-338
-331
-302
-248
-246
-249
-214
-223
-260
-255
-246
-245
-256
-303
-301
-315
-302
-294
-315
-285
-284
-287
-331
-331
-357
-362
-334
-322
-360
-395
-372
-392
-369
-414
-426
-457
-499
-505
-513
-547
-558
-554
-557
-515
-513
-490
-491
-456
-459
-476
-469
-486
-461
-465
-468
-448
-446
-423
-400
-402
-366
-358
-316
-305
-300
-262
-243
-262
-249
-251
-270
-259
-289
-311
-312
-331
-350
-305
-330
-334
-340
-439
-380
-392
-439
-374
-370
-374
-422
-387
-415
-444
-461
-500
-488
-534
-514
-588
-579
-555
-561
-553
-584
-581
-589
-595
-569
-544
-519
-523
-545
-517
-503
-469
-470
-445
-442
-471
-454
-468
-428
-391
-398
-430
-435
-425
-427
-464
-389
-379
-416
-378
-387
-397
-399
-380
-342
-328
-352
-349
-350
-388
-398
-383
-411
-410
-430
-393
-397
-416
-423
-463
-455
-479
-475
-472
-454
-402
-367
-372
-365
-328
-338
-344
-333
-339
-359
-338
-390
-424
-350
-383
-378
-375
-367
-349
-303
-231
-217
-231
-257
-255
-212
-215
-204
-197
-160
-113
-161
-152
-175
-162
-179
-241
-213
-241
-255
-224
-288
-317
-337
-292
-286
-285
-327
-351
-336
-405
-422
-433
-352
-372
-385
-419
-414
-344
-370
-350
-324
-320
-344
-318
-335
-279
-273
-229
-229
-226
-193
-196
-201
-227
-243
-245
-246
-281
-263
-233
-281
-274
-273
-296
-332
-368
-333
-374
-395
-384
-300
-331
-365
-361
-368
-428
-437
-446
-451
-438
-477
-431
-375
-387
-419
-368
-367
-358
-335
-349
-357
-339
-287
-253
-248
-264
-268
-265
-245
-226
-239
-199
-199
-223
-221
-170
-214
-189
-228
-222
-230
-265
-206
-215
-185
-206
-183
-169
-118
-167
-159
-168
-190
-176
-171
-112
-132
-166
-182
-193
-213
-222
-192
-189
-162
-163
-136
-179
-210
-151
-174
-137
-111
-96
-150
-190
-234
-185
-217
-189
-184
-253
-251
-235
-239
-278
-243
-274
-275
-264
-279
-253
-239
-252
-240
-250
-255
-281
-264
-256
-259
-297
-308
-333
-351
-339
-310
-359
-414
-407
-389
-438
-477
-497
-512
-536
-516
-485
-493
-470
-513
-475
-452
-447
-426
-434
-451
-433
-447
-446
-392
-381
-371
-334
-295
-257
-221
-215
-217
-168
-174
-166
-176
-174
-124
-156
-120
-131
-70
-87
-130
-97
-139
-168
-183
-155
-152
-174
-156
-144
-132
-147
-193
-202
-251
-299
-294
-336
-395
-429
-413
-450
-411
-428
-443
-391
-373
-362
-356
-324
-325
-333
-366
-349
-387
-387
-401
-405
-389
-429
-393
-376
-372
-351
-349
-317
-313
-287
-278
-233
-182
-206
-145
-131
-161
-126
-132
-82
-106
-137
-189
-158
-184
-233
-275
-311
-348
-360
-336
-338
-328
-357
-354
-394
-371
-422
-372
-391
-429
-458
-472
-458
-533
-513
-511
-562
-565
-543
-543
-564
-510
-511
-481
-479
-448
-367
-371
-357
-344
-333
-315
-275
-278
-281
-263
-252
-192
-220
-249
-216
-193
-190
-146
-160
-128
-77
-94
-64
-50
-45
-50
-111
-133
-112
-75
-113
-134
-139
-150
-163
-150
-182
-178
-223
-226
-167
-161
-207
-246
-288
-350
-388
-371
-379
-403
-419
-441
-403
-375
-315
-336
-347
-342
-362
-383
-354
-378
-432
-399
-394
-401
-332
-297
-347
-368
-362
-358
-294
-236
-241
-184
-207
-214
-202
-188
-164
-162
-146
-196
-189
-229
-255
-266
-247
-276
-234
-215
-205
-157
-161
-177
-178
-151
-232
-192
-193
-219
-196
-230
-200
-204
-167
-211
-223
-174
-187
-184
-197
-245
-225
-224
-253
-240
-250
-228
-238
-218
-207
-193
-162
-66
-60
-59
-89
-97
-68
-122
-157
-160
-165
-172
-84
-82
-77
-80
-51
-72
-77
-32
-48
-2
13
3
-35
-14
56
45
33
33
7
-18
-5
19
31
-11
-55
-40
-56
-60
-15
-45
-85
-21
-62
-30
22
44
39
52
102
58
76
100
134
103
42
11
40
24
-18
-39
-50
-43
-37
-21
-84
-80
-72
-47
-26
-11
-13
-17
37
69
50
41
55
6
18
9
20
15
7
26
29
35
-2
48
43
24
67
21
47
58
61
60
50
25
36
40
33
14
15
1
28
9
1
26
68
58
98
86
68
107
32
89
133
61
46
72
-15
39
50
13
34
6
8
-13
-23
15
28
34
25
-20
-53
-37
-64
-91
-43
-72
-33
-53
-90
-48
-45
-12
-30
25
25
44
48
40
64
65
54
67
102
62
38
28
12
121
124
101
188
182
199
181
193
162
149
200
174
173
111
136
137
115
188
154
160
178
174
146
150
162
167
180
171
138
86
88
99
94
95
51
100
127
140
181
183
205
163
195
160
86
115
115
159
153
151
155
124
155
176
219
251
264
237
221
253
214
220
226
232
199
230
272
272
277
283
262
258
235
230
234
219
206
244
223
242
248
215
252
217
187
206
185
188
244
195
219
129
125
183
135
158
195
180
193
243
254
234
223
263
233
203
193
201
204
192
175
177
185
169
151
132
148
137
156
123
82
159
221
200
187
197
240
216
201
275
260
252
258
255
266
236
232
191
170
222
251
239
264
297
275
266
294
319
345
315
323
334
327
330
342
344
324
341
344
331
366
347
366
373
395
386
386
449
479
446
445
432
380
420
413
421
442
434
457
469
480
489
473
452
366
394
362
389
341
348
401
340
335
338
343
343
353
352
402
384
412
448
438
472
448
459
439
422
415
466
495
478
557
513
506
532
495
532
542
552
565
600
592
624
640
620
610
622
578
584
629
612
592
604
649
615
615
620
573
583
594
585
569
537
524
533
499
495
484
477
478
414
420
401
384
373
349
424
456
477
478
531
500
520
546
558
556
558
575
571
572
600
602
633
661
651
695
669
668
696
708
728
742
708
698
664
706
705
678
653
669
632
602
584
534
555
525
542
523
525
525
443
414
377
356
295
328
301
322
354
290
281
282
300
326
327
311
331
374
375
351
399
371
356
346
344
357
371
373
347
332
352
365
320
310
291
249
298
256
253
269
245
262
224
257
250
252
239
236
214
159
139
159
155
139
129
97
141
137
92
97
78
107
120
126
136
121
137
98
127
153
169
128
77
99
112
153
144
153
139
135
186
203
177
190
243
221
257
258
249
239
212
211
195
164
107
73
122
87
86
90
148
153
134
135
114
178
165
105
80
125
66
67
75
70
61
38
70
10
-10
-21
-22
-53
-27
-13
-23
10
-45
-29
-35
-38
-50
-65
-38
-56
-41
-66
-55
-61
-69
-100
-111
-75
-65
-25
-39
-20
11
-16
-3
-5
-48
-76
-38
-105
-80
-66
-90
-96
-47
-63
-42
11
14
34
-3
5
14
-5
-69
-92
-130
-148
-193
-211
-203
-226
-200
-163
-169
-166
-173
-171
-159
-120
-160
-158
-121
-121
-86
-117
-131
-126
-65
-93
-96
-45
-40
-58
-67
-98
-81
-75
-36
16
3
7
27
7
26
15
-24
-3
-84
-66
-111
-133
-112
-122
-76
-114
-150
-182
-193
-236
-265
-281
-300
-302
-289
-295
-282
-264
-247
-216
-241
-232
-197
-159
-170
-177
-213
-219
-267
-224
-187
-194
-197
-218
-184
-164
-182
-187
-183
-164
-96
-109
-72
-81
-108
-94
-99
-139
-124
-129
-147
-173
-158
-165
-181
-189
-190
-207
-239
-237
-239
-264
-276
-251
-239
-260
-271
-301
-295
-306
-285
-273
-339
-314
-312
-340
-337
-356
-380
-347
-357
-370
-314
-266
-262
-228
-262
-296
-230
-217
-197
-145
-136
-119
-85
-53
-66
-39
-52
-61
-90
-147
-110
-141
-113
-94
-61
-71
-57
-4
-69
-63
-98
-83
-92
-119
-22
-100
-119
-119
-169
-187
-204
-181
-224
-272
-251
-290
-266
-271
-289
-255
-256
-233
-240
-247
-266
-211
-218
-193
-223
-236
-252
-247
-230
-199
-174
-191
-125
-99
-115
-98
-86
-92
-104
-108
-66
-90
-95
-106
-109
-130
-140
-182
-217
-224
-230
-188
-178
-224
-174
-186
-207
-227
-196
-188
-226
-244
-269
-247
-240
-253
-237
-242
-230
-267
-246
-255
-245
-218
-265
-195
-179
-164
-171
-149
-187
-202
-171
-186
-197
-181
-227
-187
-178
-182
-168
-165
-176
-174
-250
-246
-197
-216
-221
-190
-167
-153
-119
-142
-162
-159
-170
-184
-156
-165
-189
-152
-127
-115
-150
-182
-102
-124
-109
-97
-106
-74
-71
-57
-36
-68
-93
-141
-150
-131
-137
-126
-115
-47
-72
-52
-66
-3
42
30
1
-13
-4
-21
-26
-46
-25
-80
-55
-57
-92
-76
-83
-56
-72
-60
-39
-44
25
41
11
16
30
12
36
25
-50
-84
-89
-101
-109
-105
-46
-87
-92
-40
-69
-61
-58
-89
-55
-14
-52
-1
-34
-59
-97
-145
-124
-152
-128
-158
-134
-112
-104
-71
-77
-81
-125
-129
-123
-93
-93
-73
-56
-42
-51
-52
-68
-58
-68
-99
-83
-104
-89
-77
-78
-84
-119
-102
-88
-94
-67
-69
-102
-91
-97
-77
-43
-80
-66
-72
-79
-92
-100
-115
-155
-168
-232
-210
-223
-214
-159
-115
-116
-112
-141
-131
-137
-130
-128
-183
-171
-166
-138
-92
-90
-88
-57
-61
-78
-67
-72
-55
-53
-34
-14
10
21
63
54
39
61
58
36
35
26
-39
-13
-4
-68
-58
-101
-134
-104
-100
-147
-114
-104
-129
-165
-126
-188
-163
-231
-259
-227
-229
-176
-183
-132
-96
-89
-101
-106
-92
-79
-110
-104
-66
-54
-65
6
45
16
-5
19
-17
-12
44
-7
30
29
47
68
27
0
6
7
3
7
-28
-58
-103
-111
-166
-197
-164
-181
-162
-192
-156
-177
-187
-123
-174
-151
-188
-237
-208
-178
-151
-154
-143
-152
-134
-97
-78
-80
-71
-100
-80
-78
-72
-34
-33
-50
-24
-14
-30
0
13
-30
-63
-64
-55
-76
-53
-90
-76
-50
-61
-36
-71
-87
-39
-47
-30
5
-33
-62
-52
-69
-95
-65
-48
-61
-52
-53
-4
-34
0
-33
-76
-31
-55
-103
-22
3
-12
23
25
-4
9
23
47
43
30
25
58
42
-23
28
9
28
23
1
15
50
103
38
24
3
4
-22
-26
-32
-55
-28
-54
0
-3
-55
-4
-22
-24
1
-41
-14
-16
-45
-17
-36
2
11
-9
-11
-30
-3
-1
36
-5
-53
-51
-55
-29
-20
-27
20
0
-38
-18
-66
-72
-69
-59
-46
-49
-65
-8
32
0
35
17
50
42
38
34
-9
-27
-29
-1
19
71
82
44
43
41
68
70
57
41
-1
42
67
52
73
59
66
98
93
85
76
82
64
44
15
3
16
49
21
53
50
65
107
92
113
57
83
66
69
90
166
181
168
188
146
184
185
178
193
182
212
194
220
233
240
258
197
139
136
119
168
182
154
161
153
108
74
92
35
56
77
60
88
44
69
88
98
49
56
45
-32
28
-21
-31
-40
-90
-80
-90
-30
-56
-69
-79
-80
-34
-39
-7
-16
6
21
24
83
96
77
42
51
22
23
7
-27
-41
-31
-52
10
-23
28
60
71
130
140
179
115
145
108
83
104
59
44
-34
-19
-21
-55
-14
-27
48
18
1
33
77
52
11
10
-6
37
14
16
10
-18
-12
51
59
83
114
117
121
92
118
107
148
162
175
165
198
213
192
198
190
220
231
256
283
243
247
256
217
202
142
132
69
60
105
81
71
58
59
54
61
37
58
15
10
61
47
58
69
67
67
75
56
83
92
94
72
101
121
112
131
158
163
132
126
134
169
164
121
130
144
137
95
79
74
72
62
0
1
32
68
29
-31
6
-14
-30
-25
-54
-39
-28
-28
-41
-43
-24
-52
6
61
57
79
44
55
85
90
83
56
87
82
98
100
81
80
96
113
137
138
170
183
163
190
215
231
212
209
187
156
135
149
149
169
202
238
301
284
239
197
169
151
187
206
232
179
156
230
194
209
231
217
221
249
256
246
294
345
279
283
306
285
260
230
245
227
253
244
271
342
312
293
295
254
226
224
276
319
324
345
374
348
285
272
279
268
259
260
251
266
307
335
352
363
390
397
402
376
343
319
265
239
256
214
170
142
131
166
152
160
209
232
204
214
204
190
164
155
191
195
176
219
211
211
221
247
248
240
312
344
365
383
362
390
434
420
378
349
353
358
352
379
391
367
419
403
329
346
325
290
347
373
315
313
325
326
358
352
301
302
305
287
224
196
235
205
217
215
207
188
163
158
177
155
114
215
230
235
229
242
301
302
336
292
301
277
241
218
252
246
261
257
222
285
278
310
263
294
291
263
286
259
282
306
306
320
360
364
379
370
353
333
332
324
305
301
294
287
239
261
296
268
254
264
242
300
308
290
286
291
275
199
211
173
170
174
158
156
198
220
175
198
210
198
193
166
182
174
193
181
170
201
162
184
191
176
197
192
193
186
144
145
80
75
145
137
150
165
165
186
216
223
188
187
159
199
240
225
221
214
198
229
245
207
207
167
141
184
208
222
250
310
278
286
307
270
262
225
250
285
285
308
305
325
308
305
290
282
332
329
288
296
301
367
388
355
369
348
307
279
247
215
211
248
232
183
199
175
163
166
179
159
195
212
171
207
170
190
220
180
178
134
155
121
112
129
132
137
115
108
145
139
109
90
109
87
76
103
110
109
128
92
126
207
171
184
167
176
154
149
147
124
111
97
127
122
110
86
98
75
62
48
111
123
96
26
-32
-50
-30
-30
-12
31
-7
10
54
57
52
82
75
74
50
-32
-32
-51
-42
-17
-13
-5
8
48
55
66
81
73
66
71
91
69
75
67
84
70
86
76
36
39
26
23
1
15
-41
-41
-33
8
31
11
21
25
49
18
9
14
-7
-24
26
99
73
54
29
49
80
97
96
47
39
37
40
31
-12
-22
-44
-21
-3
-25
-14
-37
-56
-75
-45
-64
-64
-48
-67
-63
-90
-72
-27
-33
-46
-29
-21
-33
-59
-22
-1
-26
-29
-13
6
-6
-40
-13
-3
-41
-63
-99
-39
-41
-58
-28
-21
2
-34
-22
-32
-15
-49
-6
6
-56
-23
-68
-103
-132
-137
-95
-106
-102
-113
-114
-163
-203
-203
-175
-141
-172
-138
-174
-155
-159
-126
-165
-209
-199
-216
-197
-225
-218
-154
-163
-136
-102
-101
-107
-79
-78
-59
-53
-8
-7
-28
36
43
37
33
46
53
41
27
6
-11
-25
-38
-30
-4
-5
25
31
30
28
0
-33
-101
-100
-64
-94
-110
-104
-153
-119
-119
-106
-89
-45
-90
-101
-103
-136
-144
-143
-161
-163
-148
-134
-125
-103
-83
-98
-40
-86
-46
-26
-52
-80
-73
-100
-133
-85
-87
-64
-109
-106
-31
-59
-95
-93
-87
-68
-86
-81
-85
-18
-32
-75
-78
-96
-78
-129
-140
-145
-167
-105
-87
-114
-122
-111
-138
-142
-113
-44
-53
-52
-31
-26
-62
-62
-55
-115
-125
-123
-113
-140
-157
-157
-197
-161
-154
-168
-111
-121
-104
-82
-93
-35
-34
-18
6
-33
-36
-37
-81
-73
-31
-41
-69
-93
-101
-107
-119
-129
-141
-153
-97
-98
-93
-154
-142
-125
-106
-113
-134
-133
-134
-137
-152
-173
-188
-181
-215
-170
-205
-200
-182
-182
-205
-182
-190
-174
-130
-119
-114
-163
-101
-93
-71
-52
-43
-30
-45
-12
-25
-41
-62
-55
-75
-106
-78
-73
-39
-55
-126
-151
-172
-171
-196
-179
-152
-206
-232
-201
-214
-242
-218
-208
-219
-219
-230
-211
-194
-221
-237
-260
-218
-171
-223
-188
-178
-185
-176
-191
-172
-154
-149
-154
-147
-168
-193
-193
-214
-227
-190
-193
-217
-249
-239
-185
-199
-185
-163
-160
-128
-105
-87
-101
-86
-110
-120
-140
-146
-149
-192
-180
-158
-147
-165
-166
-166
-188
-172
-139
-166
-168
-167
-168
-105
-137
-183
-175
-216
-235
-181
-233
-258
-245
-261
-228
-187
-131
-148
-192
-165
-187
-191
-172
-135
-135
-173
-139
-144
-105
-123
-172
-192
-226
-266
-248
-233
-199
-166
-142
-67
-63
-118
-124
-111
-103
-91
-182
-175
-225
-204
-203
-220
-218
-236
-210
-233
-213
-224
-222
-196
-216
-204
-167
-153
-167
-151
-190
-250
-231
-229
-228
-279
-332
-346
-333
-275
-310
-313
-330
-339
-363
-357
-306
-265
-237
-192
-193
-207
-191
-197
-204
-199
-227
-254
-250
-230
-219
-207
-202
-213
-193
-158
-141
-143
-158
-199
-198
-223
-245
-277
-309
-288
-299
-292
-267
-294
-285
-262
-258
-257
-191
-214
-188
-158
-221
-183
-147
-170
-186
-207
-179
-167
-149
-92
-108
-77
-29
-68
-30
-32
5
-19
-62
-65
-65
-72
-75
-112
-122
-112
-144
-135
-178
-154
-135
-138
-150
-184
-186
-187
-183
-220
-235
-266
-297
-250
-269
-275
-279
-282
-280
-286
-250
-279
-312
-322
-287
-288
-265
-228
-237
-182
-183
-172
-205
-198
-142
-154
-192
-191
-191
-151
-175
-155
-99
-116
-63
-46
-29
19
-7
-5
27
38
6
-3
-24
2
10
-26
-23
-57
-77
-145
-147
-144
-176
-186
-195
-193
-199
-170
-162
-157
-147
-184
-158
-174
-215
-159
-124
-140
-180
-171
-146
-170
-139
-146
-88
-52
-74
-69
-45
-46
-92
-79
-57
-39
-65
-21
-45
-22
-23
-49
-51
-45
-49
-91
-73
-110
-80
-82
-98
-109
-101
-125
-180
-167
-184
-201
-191
-156
-182
-154
-140
-135
-195
-148
-193
-176
-182
-212
-145
-136
-61
-58
-59
-34
-90
-87
-140
-126
-111
-128
-94
-66
-58
-9
47
-6
25
39
55
41
0
29
34
65
38
-19
-67
-120
-144
-177
-149
-155
-158
-129
-101
-115
-126
-112
-121
-145
-150
-152
-129
-163
-165
-116
-142
-139
-121
-160
-167
-108
-36
-48
-83
-72
-60
-28
42
-32
-63
-115
-85
-72
-120
-133
-123
-175
-157
-123
-103
-48
12
9
21
67
38
45
-19
-20
-43
-26
-35
-58
-101
-71
-49
-67
-39
-46
-6
-3
-12
-34
-12
-59
-70
-39
-50
-79
-22
-38
2
-19
-3
-5
-42
-39
-53
-49
-87
-38
-26
3
-9
3
-10
-11
-25
-36
-34
-44
-19
-15
8
26
-13
-24
-6
3
6
11
-29
-34
-42
-88
-78
-89
-114
-147
-120
-140
-148
-196
-216
-201
-181
-187
-198
-158
-138
-140
-117
-93
-98
-104
-117
-130
-112
-103
-79
-85
-15
-23
-16
-6
-68
-65
-79
-99
-106
-71
-25
30
23
-7
18
0
-10
-12
-18
13
9
-1
-26
47
29
33
39
-16
-49
-82
-72
-35
-20
10
27
34
95
78
101
64
47
30
-13
19
-6
-22
-8
-12
-15
9
-4
13
42
-22
-24
2
41
73
38
23
21
-50
-71
-54
-62
-64
-91
-38
-59
-13
56
40
44
40
109
69
48
62
52
85
49
27
49
47
66
99
96
126
122
154
144
157
145
107
114
112
106
92
46
67
14
-31
22
-5
-28
-55
-9
-55
-62
-17
-49
-22
-31
-38
-44
-40
-24
-25
-49
-34
-29
-81
-27
-20
-37
-38
-27
-7
-17
16
-16
7
24
19
26
11
60
6
23
64
73
56
62
100
80
141
107
102
97
87
92
89
67
75
107
121
105
105
122
128
119
89
78
90
110
99
28
20
28
37
36
36
55
21
5
1
-47
-37
0
-21
10
48
35
46
106
97
102
157
150
155
171
178
164
169
198
232
158
178
207
161
199
173
102
74
77
40
42
56
28
30
47
59
54
48
63
62
44
78
73
35
30
13
1
25
28
54
66
61
78
63
83
112
107
148
114
129
110
78
72
48
52
60
120
70
-8
23
48
26
61
96
90
121
127
131
118
165
80
53
136
114
115
95
90
101
157
158
175
186
236
210
226
249
262
270
239
271
251
222
197
162
164
118
77
62
96
124
122
108
119
119
71
57
55
40
52
52
70
87
45
54
22
16
44
38
92
124
155
145
140
127
72
123
176
161
178
189
193
246
253
259
204
193
203
197
194
192
162
115
126
119
121
144
139
99
71
42
44
82
67
35
22
34
88
88
127
105
83
72
58
29
10
-8
28
63
46
30
-38
3
17
23
42
17
79
79
122
128
109
102
125
148
116
131
108
59
57
76
90
111
158
156
150
102
103
128
91
86
87
73
42
16
-20
-5
10
-1
46
39
52
44
44
22
20
28
12
8
-26
-4
-8
9
1
13
23
0
-15
-6
1
-17
34
14
-8
38
25
54
48
60
63
46
47
64
102
137
168
158
192
208
208
212
191
157
160
141
159
137
161
134
100
117
111
114
77
47
82
54
54
43
52
87
42
71
69
97
89
107
102
63
95
66
82
100
116
100
102
138
137
157
162
208
139
114
119
87
67
52
28
26
80
49
84
110
83
81
69
44
84
45
18
7
-7
18
34
65
27
15
45
74
60
56
68
78
104
75
77
72
67
80
30
100
81
48
51
72
41
46
14
16
0
-9
15
5
57
79
114
98
101
136
123
92
52
52
46
22
4
12
-39
-46
-31
-37
-35
21
64
17
46
102
67
122
143
109
180
173
189
177
155
173
215
182
165
138
169
161
139
178
106
122
141
172
145
153
133
137
154
110
130
136
161
117
115
133
127
142
193
154
125
105
99
104
54
73
39
44
40
66
69
70
130
57
27
12
36
52
69
88
106
112
110
121
164
151
107
97
106
93
121
145
135
147
157
197
189
155
186
203
180
222
186
204
203
146
112
108
127
92
130
168
112
114
122
89
85
97
112
118
140
97
63
128
94
134
111
122
172
176
176
159
173
134
148
170
178
142
153
162
111
90
119
104
127
101
24
60
108
100
71
123
107
163
171
169
139
117
124
75
89
113
85
58
108
70
70
73
133
153
122
139
205
186
221
210
166
225
196
249
264
252
221
215
172
146
198
146
154
159
166
174
140
139
96
101
96
66
27
26
13
-14
34
32
29
67
73
48
67
62
42
32
37
52
69
76
51
61
83
34
9
37
99
97
98
114
72
64
32
-11
14
39
-6
-39
-47
-23
-38
-45
11
11
-21
14
12
23
7
28
1
-43
-14
3
-28
-28
-6
-33
18
29
-10
56
88
93
119
145
201
203
172
206
175
160
169
191
185
144
158
146
141
143
122
117
119
122
122
124
159
147
114
85
88
69
62
22
-2
-31
-40
-2
14
35
6
25
16
6
27
9
-25
-57
-89
-84
-59
-77
-10
3
37
22
32
28
-19
16
4
-8
-39
12
39
2
12
67
51
41
67
64
45
35
52
42
33
49
27
12
-13
16
4
34
52
1
-35
-60
-70
-69
-65
-103
-30
-44
-33
-20
-1
-21
-20
6
-23
66
66
55
63
70
73
57
37
53
29
4
19
40
32
34
31
84
115
72
87
67
42
38
49
72
42
17
52
17
32
55
31
-8
27
66
77
104
115
93
107
120
54
29
-19
8
-5
-16
-25
-19
-45
-79
-34
-33
-76
-85
-58
-33
-64
-86
-70
-39
-27
-28
-60
-54
-52
-64
-77
-93
-63
-93
-95
-85
-20
21
31
-14
4
46
43
98
124
104
95
119
128
139
193
160
149
132
132
144
158
159
161
117
88
76
26
38
11
50
5
-28
-7
-56
-67
-57
-95
-133
-110
-112
-113
-84
-20
2
1
16
42
79
76
110
147
119
131
166
169
169
137
153
198
171
201
209
212
201
191
220
147
165
131
96
86
64
70
34
53
7
16
18
0
19
-5
-2
19
68
51
41
21
-6
-25
19
7
19
41
62
91
92
148
161
160
191
189
178
214
230
240
206
255
235
220
196
136
146
116
81
66
148
120
117
209
202
152
156
171
143
147
122
132
100
70
42
98
98
69
107
74
88
76
97
161
163
164
192
194
201
