SAMPLES:	15117
BITSPERSAMPLE:	16
CHANNELS:	1
SAMPLERATE:	16000
NORMALIZED:	FALSE
-581
-557
-574
-595
-582
-597
-565
-528
-551
-567
-553
-562
-516
-533
-538
-553
-556
-512
-501
-462
-519
-510
-477
-501
-480
-448
-466
-459
-448
-457
-406
-359
-381
-434
-425
-413
-424
-433
-432
-417
-429
-430
-427
-380
-349
-387
-362
-342
-313
-360
-397
-383
-357
-407
-407
-374
-420
-386
-387
-374
-363
-336
-323
-340
-321
-290
-300
-356
-293
-244
-281
-261
-242
-276
-270
-239
-239
-209
-191
-174
-165
-156
-140
-134
-60
-22
-30
-15
-10
-1
-67
-51
-43
-78
-92
-92
-94
-104
-60
-58
-54
-67
-67
-32
-50
-26
-19
-39
-29
-73
3
-7
-28
-4
22
-3
-31
-16
-31
-15
-17
-15
-27
-1
3
34
44
47
66
135
140
87
92
55
55
65
59
78
90
82
47
63
94
84
91
126
140
132
158
175
172
213
272
302
304
277
324
307
294
305
274
272
260
288
304
351
354
368
394
428
410
366
354
363
408
400
369
368
416
401
370
391
362
372
371
376
372
346
367
375
354
407
434
356
373
365
321
305
300
269
304
291
279
245
259
315
295
313
341
331
403
387
331
355
359
350
302
299
335
358
335
312
339
371
381
405
416
394
406
396
414
402
385
395
349
355
390
354
345
364
316
307
321
318
333
368
355
384
414
411
409
385
368
359
350
289
301
290
271
274
305
285
300
317
326
349
344
365
422
453
437
458
492
478
435
423
429
432
404
464
429
403
433
398
395
388
415
435
440
397
422
425
385
384
330
266
261
268
244
221
197
187
170
176
178
178
187
136
122
127
168
145
145
136
59
46
28
51
106
123
90
57
108
169
188
190
196
198
171
159
156
143
194
191
172
191
144
144
131
103
132
127
170
197
182
206
163
141
165
116
65
73
24
-7
-16
-16
-8
7
-41
2
1
-28
-39
-33
-24
-52
-38
4
7
-56
-42
-97
-118
-117
-188
-210
-265
-281
-257
-223
-193
-238
-254
-232
-273
-300
-289
-308
-319
-333
-324
-358
-374
-350
-369
-408
-406
-411
-394
-389
-419
-416
-387
-387
-403
-365
-373
-390
-419
-428
-420
-416
-414
-431
-384
-389
-358
-373
-366
-361
-400
-387
-369
-369
-393
-423
-441
-470
-509
-523
-571
-572
-561
-608
-573
-588
-611
-586
-531
-513
-447
-452
-492
-478
-531
-489
-481
-473
-493
-486
-492
-544
-507
-511
-522
-528
-525
-484
-471
-435
-471
-489
-465
-456
-464
-416
-463
-436
-443
-422
-478
-501
-509
-559
-524
-590
-568
-591
-587
-553
-536
-517
-523
-509
-541
-538
-524
-570
-580
-579
-556
-576
-588
-531
-506
-529
-514
-487
-487
-424
-405
-387
-342
-344
-356
-274
-265
-330
-285
-281
-205
-229
-221
-214
-210
-205
-266
-245
-252
-258
-221
-203
-225
-209
-226
-241
-256
-331
-316
-290
-290
-302
-307
-329
-347
-376
-352
-359
-392
-360
-391
-337
-308
-295
-339
-307
-301
-300
-281
-291
-231
-251
-262
-266
-274
-246
-237
-209
-182
-181
-112
-111
-97
-51
-47
-33
-18
-64
-65
-41
-70
-87
-119
-160
-159
-142
-113
-124
-222
-207
-218
-262
-218
-202
-230
-189
-170
-115
-81
-134
-141
-133
-100
-53
-32
-49
-70
-96
-121
-86
-74
-73
-42
-14
-35
-28
22
33
32
38
70
69
117
142
104
86
88
94
116
107
107
102
100
124
100
105
111
163
123
117
144
171
100
120
147
130
112
76
16
34
79
63
85
56
98
32
-3
13
19
57
95
96
115
94
136
167
169
184
197
237
229
259
235
307
288
285
279
302
333
300
270
236
242
251
299
321
321
287
292
277
299
273
265
274
237
239
285
307
212
222
166
219
205
137
208
187
201
192
223
267
264
233
249
221
180
227
226
205
194
177
195
243
220
218
222
250
252
249
204
202
242
231
254
266
293
297
221
219
229
186
194
180
203
223
205
215
239
243
236
165
162
171
142
118
79
49
22
3
-24
6
15
1
-15
28
69
79
98
92
133
130
129
113
118
144
134
147
141
118
155
126
136
121
99
93
13
101
115
106
96
91
142
111
113
152
124
123
58
56
62
7
-8
2
27
61
47
11
13
20
47
52
46
14
61
37
34
100
85
7
44
-35
-39
17
-23
-1
8
2
-106
-92
-68
-75
-107
-151
-89
-56
-66
-60
-21
-58
-54
-49
-49
4
-38
-11
-72
-90
-91
-136
-120
-96
-63
-119
-123
-111
-120
-91
-82
-81
-69
-94
-129
-80
-81
-122
-154
-133
-154
-191
-220
-234
-199
-208
-225
-215
-214
-207
-201
-216
-246
-208
-207
-203
-205
-194
-113
-121
-94
-64
-75
-91
-100
-82
-81
-93
-97
-90
-79
-99
-68
-58
-108
-69
-79
-76
-38
-59
-79
-86
-92
-110
-153
-128
-116
-136
-98
-113
-124
-147
-141
-147
-193
-118
-99
-111
-123
-139
-137
-147
-140
-147
-127
-152
-149
-148
-148
-144
-164
-144
-127
-140
-124
-68
-65
-6
20
25
30
15
41
18
13
15
68
78
77
88
110
67
60
85
69
93
73
47
65
108
114
54
44
71
8
10
-6
-17
-54
-85
-29
-38
-43
-20
-21
12
17
23
81
58
101
96
101
103
133
138
187
226
198
198
194
202
215
195
161
190
201
233
219
224
239
195
181
158
173
176
219
203
167
127
118
132
120
73
30
89
110
99
61
28
9
17
-37
-22
40
8
-24
-9
31
39
75
85
94
52
63
57
119
121
169
196
176
227
232
226
183
231
246
238
236
187
186
167
156
125
80
70
-5
-1
0
-38
-87
-72
-53
-79
-73
-139
-146
-179
-148
-204
-154
-132
-106
-117
-111
-116
-152
-181
-173
-186
-296
-305
-293
-224
-246
-228
-226
-248
-242
-271
-306
-266
-287
-292
-281
-287
-318
-341
-361
-412
-422
-424
-409
-429
-446
-434
-415
-400
-397
-403
-417
-453
-465
-445
-415
-460
-465
-413
-438
-445
-483
-452
-428
-443
-504
-469
-408
-466
-495
-494
-471
-469
-520
-558
-523
-489
-527
-522
-495
-436
-406
-395
-369
-401
-394
-444
-417
-410
-364
-356
-406
-405
-381
-386
-373
-352
-420
-372
-370
-370
-369
-379
-345
-385
-421
-391
-315
-335
-390
-348
-363
-364
-371
-346
-340
-367
-371
-344
-363
-399
-372
-351
-355
-331
-321
-298
-253
-258
-208
-197
-174
-206
-184
-172
-145
-142
-165
-131
-137
-91
-83
-23
-34
-70
-83
-36
-14
-41
-23
-55
-39
12
19
41
101
117
110
135
166
189
196
225
231
285
269
306
330
298
306
308
301
310
330
298
356
323
286
336
319
297
327
332
350
305
257
301
332
318
297
338
352
331
283
324
331
354
354
380
422
374
438
442
494
429
444
458
476
507
468
474
476
440
394
406
397
423
436
372
357
403
390
369
379
357
378
423
378
376
388
371
376
346
363
381
367
314
305
352
380
388
363
354
380
377
372
422
378
349
397
368
363
413
383
394
389
390
412
399
374
331
339
316
310
281
269
312
294
251
331
324
342
371
364
382
364
327
295
246
233
225
216
224
218
180
189
183
139
129
79
68
66
63
51
-6
15
-1
-32
5
-15
-41
-3
6
-41
-31
-14
35
-7
45
48
95
84
15
77
101
136
122
137
179
191
146
119
153
163
127
141
154
139
111
112
135
160
131
134
155
110
92
96
88
91
76
80
92
81
102
93
80
85
59
79
95
92
113
134
102
153
151
135
153
148
189
202
166
188
156
147
90
56
78
76
59
20
78
51
145
122
138
160
193
183
151
193
187
202
158
161
218
226
221
214
229
234
203
213
238
187
186
216
234
281
250
280
311
271
244
274
236
235
216
207
246
209
274
258
256
293
262
264
270
339
321
336
360
367
399
393
401
425
459
475
455
511
475
457
441
353
375
399
434
378
423
438
393
394
370
458
464
440
490
495
496
501
503
472
474
456
410
387
347
376
346
391
438
386
369
375
415
376
438
464
470
520
456
482
479
501
451
407
446
438
433
400
452
411
387
387
427
475
449
435
450
427
387
385
364
380
374
360
403
400
456
475
456
456
511
461
464
487
513
549
492
497
460
372
345
329
365
345
295
345
342
327
333
345
331
349
316
342
305
262
344
352
356
325
324
365
282
247
253
321
329
337
331
333
381
365
380
369
366
337
343
362
315
323
311
300
279
231
255
265
205
219
273
229
204
180
182
201
145
149
111
131
177
148
126
120
155
89
111
163
125
114
120
171
155
176
221
219
253
252
258
250
268
259
276
247
215
251
172
163
121
81
90
64
67
87
103
80
109
48
77
44
51
32
5
78
28
23
-16
-54
-77
-96
-79
-63
-53
-73
-5
5
-24
-50
-63
-82
-33
-17
-2
6
-45
-70
-73
-74
-44
-116
-157
-94
-155
-139
-126
-92
-66
-93
-117
-99
-41
-21
-51
-63
-24
-46
-67
-66
-65
-39
-7
21
37
12
3
-68
-104
-84
-91
-140
-144
-131
-156
-166
-176
-230
-186
-187
-212
-201
-237
-205
-228
-250
-263
-205
-230
-240
-219
-210
-213
-223
-205
-222
-226
-219
-249
-268
-213
-255
-236
-168
-127
-180
-200
-159
-214
-219
-232
-229
-171
-177
-253
-224
-244
-242
-192
-188
-239
-178
-124
-164
-129
-123
-113
-137
-154
-173
-158
-162
-107
-155
-197
-140
-141
-138
-178
-150
-131
-160
-150
-157
-89
-64
-117
-57
-42
-99
-114
-164
-179
-176
-201
-179
-202
-186
-245
-242
-204
-200
-208
-208
-169
-161
-182
-140
-153
-168
-209
-190
-190
-202
-189
-189
-142
-143
-173
-237
-186
-215
-231
-180
-150
-124
-139
-143
-153
-114
-136
-146
-136
-141
-154
-177
-168
-159
-183
-224
-191
-163
-162
-139
-123
-106
-151
-130
-166
-188
-127
-115
-91
-113
-108
-69
-43
-28
6
-30
-8
-42
-33
7
3
18
8
-35
-31
-10
-3
-14
-34
5
-69
-31
15
23
6
-64
11
0
-44
-47
-117
-128
-128
-118
-125
-80
-102
-87
-71
-93
-80
-89
-122
-125
-101
-110
-69
-120
-149
-155
-117
-150
-164
-161
-136
-145
-159
-132
-110
-85
-100
-57
-28
-57
-97
-79
-87
-85
-142
-145
-160
-137
-116
-154
-124
-128
-135
-153
-167
-114
-113
-95
-117
-173
-160
-121
-128
-118
-149
-163
-175
-155
-216
-227
-183
-217
-191
-177
-232
-221
-175
-195
-170
-193
-145
-182
-210
-234
-246
-229
-209
-236
-197
-207
-205
-204
-207
-172
-173
-161
-152
-149
-126
-77
-110
-95
-96
-120
-119
-145
-136
-184
-204
-225
-188
-188
-222
-198
-192
-180
-235
-237
-270
-283
-288
-300
-313
-268
-280
-300
-263
-270
-288
-314
-306
-315
-284
-274
-249
-249
-181
-150
-141
-152
-167
-110
-106
-135
-170
-149
-140
-129
-144
-143
-86
-129
-100
-118
-105
-103
-111
-115
-129
-121
-171
-181
-193
-211
-248
-239
-243
-216
-236
-252
-176
-175
-218
-211
-196
-201
-190
-184
-187
-178
-142
-172
-131
-127
-139
-103
-120
-122
-117
-115
-91
-95
-79
-98
-77
-65
-113
-81
-58
-83
-77
-95
-120
-56
-72
-82
-94
-116
-106
-120
-156
-141
-146
-121
-95
-123
-42
-57
-50
-20
-77
-75
-107
-112
-140
-126
-116
-104
-105
-70
-7
-67
-58
-55
-123
-119
-103
-142
-65
-75
-100
-130
-146
-93
-105
-138
-134
-124
-114
-66
-38
-28
4
-29
-10
27
46
-20
-47
-3
35
85
79
49
84
51
41
26
20
2
21
-13
0
76
23
37
37
25
-18
3
-23
-24
-32
2
12
-5
14
5
19
12
-8
-40
-14
32
28
-3
-4
-19
-19
-21
-38
-17
41
-5
18
6
35
61
41
87
96
71
120
173
168
153
160
167
160
158
114
112
136
132
83
103
123
93
95
119
108
73
66
87
104
106
129
133
162
199
171
131
134
150
115
76
50
25
37
26
23
63
77
80
84
128
84
109
112
82
122
112
138
147
154
116
96
118
85
118
119
63
157
219
245
209
213
297
262
217
210
232
270
244
187
197
156
146
123
98
42
78
90
73
122
110
69
-2
-11
-19
-17
46
56
41
61
57
52
8
55
87
56
84
99
114
129
140
131
134
169
189
166
189
190
167
169
203
188
142
130
103
114
94
123
160
149
183
167
177
127
123
117
79
112
66
42
58
53
47
76
140
161
188
164
172
210
247
218
224
218
186
244
237
231
255
247
236
239
248
243
271
281
294
300
323
389
313
319
306
318
321
279
255
238
215
201
193
246
265
255
260
243
284
286
266
263
283
219
189
228
258
254
268
239
284
280
256
272
281
264
232
294
290
333
329
372
391
396
421
414
407
387
333
357
382
381
383
384
438
392
402
424
440
439
364
366
391
330
316
336
309
283
233
231
255
275
274
257
305
296
322
296
267
273
286
283
267
292
293
298
263
231
225
221
237
226
235
247
267
265
256
248
240
224
245
250
225
165
175
177
168
164
134
121
115
107
43
46
57
67
65
71
46
64
91
129
130
105
82
41
83
25
-12
64
123
80
108
103
77
83
112
100
97
148
153
171
111
136
111
138
135
86
99
54
19
42
19
31
-8
-6
-15
-44
-32
-18
-3
9
-4
-13
18
-21
-87
-112
-98
-139
-152
-137
-123
-118
-145
-106
-121
-165
-150
-161
-118
-128
-132
-131
-128
-131
-102
-98
-120
-84
-81
-79
-96
-77
-60
-118
-106
-123
-100
-131
-195
-174
-202
-164
-186
-146
-193
-248
-203
-204
-216
-224
-215
-210
-255
-250
-224
-212
-215
-260
-214
-192
-187
-155
-195
-174
-170
-172
-170
-166
-102
-92
-48
-113
-142
-103
-94
-77
-112
-22
-37
-66
-23
-18
-11
-12
-26
-24
-41
-24
-69
-67
-29
-90
-53
-113
-86
-39
-66
-8
-62
41
60
27
-9
-60
-41
-102
-67
-10
-16
-4
28
32
18
43
72
26
-64
-13
27
-35
-22
-25
-26
-24
-36
-52
-136
-101
-104
-146
-111
-141
-111
-71
-85
-70
4
47
104
129
71
79
85
58
93
109
145
141
131
130
114
52
4
-15
-14
-68
-75
-50
-28
-71
-73
-58
-108
-49
-82
-92
-91
-101
-170
-179
-189
-191
-180
-197
-122
-138
-133
-115
-130
-125
-121
-99
-52
-62
-55
-24
5
3
-62
-49
-60
-97
-136
-107
-123
-154
-147
-201
-156
-112
-120
-188
-174
-157
-193
-200
-168
-125
-142
-135
-143
-117
-133
-116
-124
-139
-102
-102
-87
-40
-23
2
-33
-34
-33
-26
-17
-12
8
-20
-49
-80
-72
-85
-45
-18
-43
-50
-47
-86
-92
-89
-61
-29
-29
-28
-72
-87
-65
-48
-7
-3
-56
-60
-39
-46
-34
15
-12
0
40
43
-13
-73
-53
-55
-64
-38
-85
-107
-115
-143
-160
-227
-263
-268
-261
-329
-272
-299
-267
-238
-299
-260
-290
-260
-302
-306
-347
-374
-381
-391
-380
-412
-444
-458
-503
-534
-537
-568
-587
-637
-672
-725
-721
-758
-787
-869
-901
-894
-917
-950
-994
-975
-1009
-995
-975
-997
-1023
-1035
-1023
-1020
-985
-945
-975
-973
-993
-971
-982
-932
-928
-912
-875
-871
-804
-815
-761
-734
-620
-583
-571
-496
-480
-459
-409
-411
-351
-267
-259
-213
-176
-108
-93
-42
-1
12
38
12
50
128
92
81
116
118
131
187
194
241
312
281
283
341
391
379
409
427
434
467
505
570
538
564
549
569
604
667
691
720
712
746
764
721
747
718
748
794
824
865
907
926
942
920
904
923
918
905
910
917
980
970
987
1000
980
969
989
961
958
1005
973
942
985
1004
954
964
950
983
1012
999
1008
973
932
937
916
829
798
811
798
818
777
735
732
681
629
607
556
569
584
597
594
557
544
540
506
475
466
449
450
410
416
337
345
277
265
313
273
292
310
330
324
283
237
144
166
132
118
115
67
65
41
27
16
-14
-39
-30
-97
-93
-83
-130
-141
-136
-145
-230
-233
-182
-216
-239
-244
-314
-332
-356
-412
-381
-379
-394
-391
-424
-360
-365
-395
-386
-420
-430
-416
-402
-364
-317
-326
-283
-254
-279
-271
-289
-302
-265
-291
-293
-276
-276
-294
-248
-204
-213
-160
-161
-146
-109
-147
-121
-66
-80
-67
-73
-72
-53
-27
-25
-18
-6
-30
-38
18
102
101
83
90
96
138
110
117
195
171
217
194
208
245
213
243
293
335
318
398
422
465
440
400
406
426
407
436
440
383
333
351
346
363
420
445
455
481
488
446
482
489
484
513
504
477
450
384
407
437
436
419
408
453
460
437
476
454
515
517
525
552
540
567
517
534
537
532
546
527
560
563
533
579
571
545
535
486
529
529
489
511
533
557
583
510
485
493
447
434
437
390
397
372
364
410
345
352
370
335
322
334
347
330
253
300
289
264
298
249
280
197
231
234
235
230
247
260
258
272
265
316
272
270
328
320
291
296
312
318
327
338
371
354
351
358
363
382
386
394
375
429
382
427
401
370
347
280
297
272
278
288
283
316
345
297
285
251
280
283
249
246
225
236
253
245
239
237
262
281
283
269
305
302
321
259
275
308
259
262
245
244
200
163
163
214
188
210
197
199
184
142
188
163
151
102
79
91
53
27
-46
-35
-8
-70
-115
-120
-157
-132
-123
-156
-147
-167
-148
-156
-139
-129
-138
-148
-144
-128
-152
-182
-177
-148
-147
-149
-126
-125
-109
-120
-109
-57
-66
-91
-89
-97
-101
-95
-164
-123
-96
-60
-91
-134
-157
-147
-151
-116
-126
-117
-91
-99
-102
-88
-152
-119
-111
-186
-113
-137
-89
-25
2
-4
11
43
47
57
106
69
79
115
156
160
145
212
201
184
162
143
174
179
236
256
300
372
384
407
476
505
499
504
536
600
568
569
586
587
601
644
644
684
691
679
670
640
668
734
712
707
727
705
683
659
629
637
661
693
708
659
711
714
729
740
730
761
806
788
767
799
825
802
804
815
810
824
828
818
807
786
798
833
818
779
764
823
820
807
812
810
818
766
684
678
672
685
660
694
714
716
703
665
684
658
643
598
615
614
596
611
594
577
556
517
516
463
457
426
401
354
310
305
277
317
300
295
208
209
170
142
111
98
64
1
31
4
-25
-47
-48
-68
-63
-79
-88
-72
-62
-55
-99
-110
-55
-28
-25
-5
34
64
21
64
56
76
71
1
-12
-12
-59
-91
-79
-76
-49
-92
-42
-52
-52
-42
-36
-24
-21
-3
-11
20
52
72
60
92
76
75
89
104
184
207
153
228
249
259
309
364
422
412
465
460
440
493
507
493
520
545
549
573
540
539
563
606
575
575
578
516
538
544
515
553
557
526
541
475
504
514
497
542
520
551
515
513
555
553
546
537
527
590
599
554
575
549
574
566
531
545
535
521
502
463
459
435
462
432
399
417
317
310
269
229
201
176
152
149
111
123
94
70
-13
-41
0
-33
-68
-55
-48
-52
-62
-102
-73
-115
-130
-156
-208
-219
-196
-191
-224
-198
-169
-206
-172
-167
-156
-185
-242
-257
-271
-237
-213
-171
-188
-217
-177
-192
-199
-219
-208
-208
-231
-209
-160
-170
-184
-143
-121
-129
-132
-133
-205
-192
-180
-106
-113
-105
-95
-100
-90
-89
-71
-81
-59
-39
-2
46
64
101
105
121
133
171
238
255
314
342
334
335
454
506
503
526
520
561
598
641
694
747
767
807
891
941
1006
1011
1037
1108
1118
1172
1211
1207
1220
1274
1290
1334
1388
1399
1367
1415
1454
1425
1474
1439
1417
1441
1448
1449
1431
1420
1426
1363
1326
1264
1258
1238
1176
1150
1114
1113
1076
1074
1022
1006
991
956
920
927
891
800
747
731
673
645
658
582
510
504
440
372
362
329
320
307
250
163
156
105
106
75
51
40
37
-16
-64
-76
-149
-209
-314
-313
-337
-383
-427
-428
-394
-441
-445
-425
-460
-507
-495
-524
-530
-543
-570
-587
-619
-622
-599
-652
-709
-682
-730
-726
-728
-764
-762
-774
-760
-799
-826
-797
-789
-785
-760
-755
-789
-832
-843
-842
-870
-849
-854
-836
-794
-806
-790
-755
-804
-801
-799
-774
-735
-761
-780
-788
-737
-735
-732
-709
-691
-655
-664
-632
-655
-628
-604
-573
-575
-565
-520
-469
-453
-478
-459
-454
-475
-416
-350
-338
-320
-316
-289
-304
-261
-268
-253
-211
-180
-138
-125
-105
-118
-122
-84
-16
-9
30
70
125
194
236
270
322
362
368
409
467
514
585
602
632
627
616
669
703
741
770
797
843
869
848
895
956
976
975
1048
1068
1069
1109
1078
1078
1111
1145
1195
1218
1166
1170
1220
1237
1275
1327
1301
1294
1271
1266
1261
1215
1244
1227
1253
1256
1235
1255
1206
1230
1227
1225
1178
1178
1188
1155
1137
1096
1078
1119
1056
979
929
869
833
774
762
743
708
682
669
617
597
632
604
576
518
485
460
415
387
345
318
299
282
252
211
181
186
171
72
54
78
11
-22
-12
-91
-74
-77
-125
-95
-126
-124
-105
-131
-130
-162
-169
-167
-201
-198
-233
-291
-277
-272
-352
-397
-444
-471
-487
-518
-503
-541
-527
-518
-515
-522
-515
-541
-573
-580
-614
-648
-637
-624
-619
-645
-659
-590
-574
-567
-572
-498
-447
-428
-411
-382
-368
-401
-405
-407
-377
-391
-403
-442
-426
-375
-424
-409
-388
-423
-441
-404
-405
-383
-375
-394
-349
-357
-387
-379
-373
-400
-403
-417
-465
-475
-459
-469
-461
-426
-418
-419
-411
-335
-304
-274
-245
-218
-163
-160
-125
-113
-113
-102
-97
-41
-52
-55
-7
-30
-35
-12
-28
-28
28
42
43
54
72
88
101
92
80
105
96
122
131
103
146
184
157
184
147
142
166
192
243
203
245
234
276
345
370
396
423
460
472
495
512
541
568
597
645
622
629
659
636
675
688
678
720
747
721
737
719
720
705
735
797
784
742
671
655
656
621
617
636
618
673
631
627
622
600
569
565
614
588
599
611
616
593
608
620
589
636
603
569
532
523
503
480
475
457
464
485
467
475
500
515
542
529
544
496
457
415
390
386
366
386
341
346
391
374
398
377
322
352
338
296
276
248
214
170
180
176
142
125
68
53
50
26
3
-13
-15
-64
-37
-14
-42
-51
-98
-94
-102
-116
-131
-105
-135
-157
-151
-162
-105
-115
-89
-115
-122
-102
-128
-133
-98
-91
-163
-168
-180
-214
-220
-258
-253
-288
-292
-318
-359
-317
-302
-289
-349
-347
-386
-333
-357
-425
-444
-474
-472
-483
-493
-446
-457
-424
-376
-387
-412
-494
-449
-446
-429
-453
-407
-400
-467
-387
-359
-448
-433
-471
-492
-455
-504
-434
-450
-452
-463
-458
-419
-409
-416
-419
-349
-405
-356
-324
-304
-282
-271
-275
-272
-254
-231
-266
-299
-301
-278
-270
-293
-270
-287
-298
-276
-255
-263
-244
-283
-324
-320
-312
-351
-360
-360
-338
-328
-323
-323
-260
-266
-279
-224
-193
-208
-234
-165
-161
-88
-97
-80
-36
-10
26
76
106
112
162
218
263
284
340
348
375
368
368
347
349
341
349
383
350
332
309
347
376
398
442
487
517
562
582
580
620
640
628
671
682
697
745
719
705
683
686
702
747
714
718
694
683
676
727
711
712
685
663
657
633
655
618
600
569
532
506
577
588
615
631
631
628
621
614
655
660
628
633
591
595
613
589
565
499
461
451
423
414
397
405
441
428
396
357
384
368
427
394
368
332
267
241
193
187
176
154
138
129
112
119
102
98
90
79
123
133
108
133
126
89
63
82
54
71
73
59
148
117
134
69
9
46
16
-15
-70
-68
-65
-71
-73
-106
-91
-153
-150
-176
-183
-158
-191
-217
-252
-252
-222
-257
-248
-208
-246
-265
-248
-265
-291
-240
-230
-266
-283
-260
-294
-298
-285
-254
-286
-295
-237
-235
-233
-254
-278
-266
-279
-322
-286
-327
-373
-385
-389
-377
-375
-354
-349
-371
-355
-368
-333
-363
-427
-450
-439
-455
-414
-379
-385
-345
-334
-334
-285
-268
-281
-235
-258
-260
-313
-313
-296
-325
-330
-345
-318
-248
-241
-256
-240
-232
-231
-247
-251
-237
-234
-191
-180
-182
-177
-185
-154
-136
-172
-194
-149
-118
-118
-101
-123
-110
-103
-96
-110
-152
-143
-183
-206
-217
-152
-156
-177
-189
-208
-216
-224
-186
-170
-152
-140
-162
-173
-124
-90
-86
-52
-70
-55
-54
-46
-66
-51
7
-38
-6
37
69
73
110
69
64
84
29
38
54
56
67
77
66
65
54
77
77
60
71
61
83
76
50
6
27
16
-20
26
29
33
59
101
96
130
126
166
188
187
232
239
177
208
223
162
135
117
109
82
108
85
115
175
184
181
180
164
144
173
131
107
91
68
67
69
63
66
96
114
118
158
180
177
205
186
188
227
247
231
194
195
166
158
152
154
181
163
160
186
135
182
209
182
163
132
128
114
117
78
83
95
63
100
83
124
110
88
103
85
57
20
33
33
45
88
136
115
127
81
48
28
78
75
123
112
128
125
119
148
141
120
110
122
50
60
88
92
106
98
85
153
103
105
136
90
114
92
69
81
39
61
39
46
71
18
76
68
72
96
58
43
80
65
98
72
85
83
4
10
45
38
74
127
90
110
122
98
94
87
105
151
139
151
165
144
141
151
149
127
116
116
89
87
116
100
118
136
82
94
73
83
54
-4
3
-1
13
-18
35
86
63
102
95
96
110
83
79
150
127
161
118
150
178
140
179
183
194
178
185
202
247
246
248
243
276
265
244
288
276
257
251
198
189
90
48
13
25
85
57
59
66
87
92
118
142
133
135
163
128
167
183
121
140
172
194
150
144
92
107
137
136
140
161
245
219
243
247
251
240
165
178
211
251
198
168
179
182
171
179
195
190
227
202
241
216
190
216
197
181
210
230
181
207
194
175
229
196
206
214
234
198
167
183
199
245
214
202
196
223
240
255
243
224
242
231
196
157
150
163
153
108
109
117
179
156
127
86
84
65
70
47
46
55
77
39
-11
3
13
10
30
45
-44
-15
5
31
43
92
86
90
122
85
92
68
102
61
99
74
58
90
65
5
-49
-9
-81
-91
-71
-99
-71
-46
-67
-46
-63
-112
-168
-161
-204
-251
-203
-237
-259
-261
-223
-210
-208
-191
-226
-202
-172
-186
-191
-144
-128
-113
-95
-80
-81
-73
-83
-108
-95
-116
-119
-122
-157
-165
-120
-189
-190
-193
-226
-219
-192
-188
-165
-175
-232
-169
-241
-287
-310
-333
-311
-332
-326
-343
-360
-382
-406
-453
-483
-494
-469
-483
-457
-442
-445
-465
-448
-406
-417
-389
-352
-375
-400
-364
-375
-381
-403
-389
-410
-449
-401
-396
-447
-427
-407
-375
-401
-360
-323
-381
-392
-335
-366
-341
-299
-325
-359
-346
-384
-408
-418
-465
-439
-462
-481
-482
-502
-468
-443
-437
-410
-343
-338
-367
-310
-316
-323
-318
-285
-265
-293
-280
-215
-239
-321
-334
-348
-372
-386
-434
-444
-399
-397
-411
-397
-389
-411
-393
-387
-438
-421
-401
-401
-396
-344
-348
-381
-373
-366
-368
-344
-387
-379
-356
-347
-334
-315
-216
-258
-260
-229
-316
-322
-269
-260
-261
-296
-278
-239
-259
-255
-266
-244
-265
-265
-261
-258
-223
-235
-211
-225
-244
-243
-244
-265
-250
-225
-216
-226
-283
-244
-231
-233
-248
-212
-165
-172
-170
-185
-161
-154
-161
-133
-83
-100
-143
-179
-185
-126
-137
-151
-170
-205
-207
-188
-194
-186
-210
-251
-161
-143
-160
-235
-239
-219
-222
-190
-151
-196
-218
-206
-170
-190
-145
-141
-212
-212
-171
-132
-196
-202
-210
-200
-167
-111
-109
-90
-78
-51
-33
-18
-22
-39
7
16
15
-32
4
55
25
3
-25
53
80
62
76
35
35
109
136
144
163
93
65
29
70
91
101
57
36
83
62
102
74
80
61
83
120
98
57
-44
0
79
114
86
20
-24
24
26
61
97
123
146
201
203
155
103
118
166
144
126
178
229
172
162
132
177
154
134
90
85
100
135
139
114
134
121
155
213
223
229
219
179
224
167
197
188
170
191
191
201
144
167
102
115
102
102
81
59
49
20
69
88
79
54
58
46
67
129
78
-31
94
149
103
103
96
95
112
110
106
93
50
55
39
75
51
-36
-45
-68
-93
-108
-132
-186
-225
-218
-184
-202
-249
-253
-260
-207
-184
-144
-97
-4
123
133
222
326
299
315
385
451
450
514
535
618
636
704
809
796
835
814
806
762
753
758
742
742
724
678
693
642
586
569
537
489
491
421
325
362
328
271
198
153
110
43
-33
-86
-115
-196
-229
-220
-254
-323
-362
-397
-451
-493
-616
-695
-766
-826
-892
-971
-1058
-1106
-1180
-1297
-1358
-1392
-1455
-1565
-1620
-1638
-1637
-1382
-834
-327
-516
-1237
-1251
-184
916
1089
555
334
777
1268
1409
1418
1726
1920
1749
1597
1698
1726
1459
989
861
1060
1059
568
-135
-518
-433
-130
-184
-564
-979
-1149
-1144
-940
-646
-503
-545
-600
-431
-101
113
221
424
790
1118
1256
1306
1307
1394
1615
1798
1936
1924
1680
1460
1409
1461
1421
1276
1044
779
567
325
180
48
-84
-190
-270
-387
-554
-669
-680
-659
-632
-611
-670
-719
-799
-777
-674
-589
-572
-687
-882
-1023
-1143
-1174
-1250
-1413
-1592
-1791
-1972
-2211
-2467
-2677
-2797
-2871
-2609
-1624
-462
-662
-2507
-3628
-1828
1469
2710
1075
-547
-61
1549
2280
2095
2314
2770
2633
2085
2161
2658
2431
1374
831
1509
2208
1609
-204
-1394
-1114
-40
371
-397
-1591
-2236
-2220
-1989
-1615
-1109
-830
-1301
-1880
-1593
-566
75
-94
-115
711
1579
1507
902
999
1946
2748
2732
2444
2425
2275
1933
1753
2084
2308
1736
1054
772
733
524
150
37
117
-52
-369
-605
-702
-670
-619
-349
-175
-191
-378
-401
-143
128
333
415
428
306
214
252
439
456
236
59
-34
-189
-505
-768
-840
-981
-1202
-1459
-1755
-2111
-2484
-2544
-2497
-2688
-3093
-3393
-3586
-3829
-3849
-2407
28
620
-2267
-5272
-3568
1780
4819
2758
-290
-181
2192
3444
3182
3381
4092
3993
3087
2976
3767
3633
1974
676
1531
3110
2824
236
-2299
-2355
-662
598
-183
-1971
-3160
-3351
-3085
-2614
-1618
-965
-1475
-2762
-2719
-1233
-31
-152
-527
349
1709
1989
1116
693
1442
2525
2998
3049
2918
2398
1500
1130
1767
2442
2208
1198
405
134
65
-36
-74
-63
-274
-595
-881
-975
-923
-862
-614
-311
-169
-265
-417
-481
-186
316
769
904
675
398
297
513
745
855
775
557
216
-108
-247
-197
-301
-611
-968
-1249
-1624
-2118
-2413
-2628
-2730
-2894
-3320
-3899
-4447
-4770
-4783
-3603
-1264
28
-1841
-5037
-4900
-490
3876
3847
958
-617
676
2831
3793
3972
3819
3567
3074
3104
3777
3618
2227
752
1031
2395
2637
746
-1813
-2825
-1755
-79
15
-1565
-3392
-4186
-3767
-2916
-1967
-1375
-1817
-2841
-2989
-1791
-534
-300
-556
-59
1071
1880
1687
1069
1195
2127
3183
3557
3361
2606
1695
1348
1923
2788
2656
1559
462
125
240
344
190
-91
-317
-583
-589
-635
-768
-906
-834
-375
28
-32
-465
-672
-408
176
684
878
728
398
213
410
838
970
750
333
-67
-284
-352
-410
-668
-1084
-1346
-1502
-1810
-2338
-2814
-2904
-2904
-3033
-3336
-3497
-3628
-3996
-4662
-5164
-4078
-1357
404
-1233
-4580
-4980
-1000
3262
3754
1343
-218
596
2435
3652
4042
3872
3215
2727
3162
4042
3694
1935
607
987
2180
2211
649
-1446
-2598
-2147
-874
-276
-1267
-2933
-3925
-3820
-3036
-2141
-1698
-2008
-2680
-2791
-1866
-867
-598
-523
30
1006
1578
1388
1200
1443
2101
2754
3122
3067
2665
2097
1784
2051
2369
2342
1749
1101
605
364
277
245
185
-57
-278
-413
-460
-618
-691
-509
-214
-32
-26
-235
-446
-268
177
501
600
529
428
286
249
482
673
595
208
-97
-274
-455
-790
-1134
-1266
-1272
-1498
-2029
-2627
-3075
-3278
-3378
-3372
-3579
-4076
-4745
-5121
-5138
-5005
-4016
-1906
-373
-1766
-4753
-4867
-837
3288
3427
1181
373
1770
3186
3412
3773
4519
4894
4478
4118
4329
4014
2812
1858
2342
3224
2844
932
-1161
-1884
-1311
-389
-442
-1611
-3046
-3817
-3791
-3496
-2850
-2204
-2136
-2737
-2978
-2272
-1353
-884
-536
499
1560
1845
1484
1454
2179
3125
3894
4291
4117
3450
2915
3117
3586
3778
3417
2742
2030
1396
1101
1004
869
494
50
-171
-310
-681
-1110
-1044
-551
-244
-335
-513
-632
-649
-418
99
754
983
847
448
308
619
1201
1584
1421
993
567
416
321
273
168
-25
-396
-938
-1469
-1934
-2396
-2593
-2726
-2853
-3204
-3934
-4622
-5047
-5061
-5116
-4806
-3126
-1012
-946
-3644
-5359
-2694
2044
4063
2460
943
1561
3004
3620
4110
5141
5705
5096
4220
4516
4948
4235
2735
2334
3170
3447
2109
-22
-1199
-1260
-738
-519
-1014
-2208
-3511
-4124
-4052
-3271
-2417
-2161
-2764
-3331
-2857
-1753
-1044
-755
-75
941
1508
1464
1545
2130
2854
3451
4026
4471
4166
3291
2870
3238
3825
3685
2890
2020
1406
1011
851
822
537
-27
-528
-703
-791
-1108
-1446
-1371
-1034
-916
-1018
-1037
-1002
-837
-593
10
518
465
159
-10
295
822
1191
1000
582
236
114
54
-84
-282
-523
-777
-1247
-1828
-2394
-2768
-2979
-3163
-3441
-3878
-4462
-4950
-5238
-5392
-5668
-5548
-4131
-1924
-1249
-3531
-5601
-3918
522
3105
2217
639
756
2146
2892
3454
4359
4917
4465
3737
4058
4521
3890
2316
1610
2388
3040
2119
-95
-1713
-2067
-1520
-980
-1348
-2569
-4055
-4859
-4685
-3851
-3056
-3025
-3596
-4072
-3611
-2621
-2002
-1723
-1155
-178
616
829
909
1392
2018
2607
3168
3817
3904
3186
2562
2752
3378
3426
2784
1989
1350
928
715
631
384
-134
-642
-921
-1032
-1252
-1625
-1800
-1549
-1410
-1357
-1401
-1473
-1482
-1361
-882
-395
-206
-427
-649
-503
-65
303
310
-47
-433
-484
-380
-482
-718
-983
-1182
-1581
-2035
-2438
-2826
-3238
-3646
-3702
-3819
-4317
-5001
-5542
-5612
-5626
-5800
-5194
-3260
-1682
-2667
-5255
-5535
-1995
1878
2462
753
-21
1068
2383
2993
3667
4394
4490
3851
3608
4143
4190
3057
1837
2014
2882
2723
976
-1003
-1786
-1460
-764
-770
-1683
-3115
-4135
-4344
-3901
-3115
-2624
-2846
-3526
-3680
-2989
-2031
-1570
-1267
-580
348
939
1067
1132
1473
2077
2929
3906
4242
3471
2343
2199
3141
3875
3478
2356
1449
1112
1131
1181
1003
351
-285
-489
-395
-506
-1043
-1454
-1439
-1089
-788
-791
-1083
-1440
-1414
-798
142
486
15
-568
-470
143
753
874
583
254
48
76
18
-90
-329
-658
-918
-1173
-1493
-2017
-2646
-2948
-2916
-3043
-3587
-4234
-4595
-4844
-5168
-5386
-5382
-4432
-2539
-1436
-2689
-4789
-4317
-860
2353
2655
1332
827
1770
2858
3532
4374
5032
5011
4353
4205
4576
4443
3396
2498
2739
3261
2696
924
-637
-1110
-853
-544
-787
-1713
-2989
-3823
-4048
-3687
-2958
-2647
-2976
-3531
-3513
-2790
-1988
-1566
-1168
-418
458
1140
1376
1392
1704
2549
3521
4214
4304
4015
3578
3234
3432
4039
4170
3390
2468
2010
1854
1672
1318
924
594
273
38
-255
-593
-824
-842
-700
-535
-506
-716
-1006
-987
-429
176
454
299
63
117
512
996
949
682
634
743
790
550
309
136
-16
-179
-347
-731
-1373
-1953
-2234
-2242
-2388
-2823
-3518
-4055
-4248
-4350
-4535
-4903
-4571
-2923
-1163
-1211
-3279
-4343
-2140
1722
3480
2468
1191
1470
2745
3682
4419
5075
5145
4402
3819
4254
4729
4056
2738
2301
2804
2875
1736
38
-987
-1141
-786
-667
-1196
-2279
-3488
-4116
-3846
-2897
-2145
-2340
-3155
-3477
-2706
-1615
-1055
-813
-253
556
1205
1529
1818
2244
2790
3524
4220
4598
4416
4023
3756
3777
3985
4069
3842
3130
2327
1893
1718
1509
1090
651
316
-96
-549
-815
-906
-848
-887
-927
-869
-1006
-1185
-1087
-637
-147
-83
-239
-267
-56
237
408
457
430
326
351
331
235
95
-157
-349
-523
-650
-1016
-1611
-2090
-2254
-2340
-2621
-3047
-3574
-4015
-4282
-4385
-4412
-4723
-5134
-4869
-3181
-1279
-1265
-3251
-4339
-2158
1514
3142
2015
849
1189
2515
3533
4225
4626
4418
3776
3587
4373
4718
3786
2257
1682
2272
2641
1769
-33
-1310
-1594
-1079
-714
-1269
-2517
-3813
-4171
-3552
-2687
-2430
-2777
-3256
-3154
-2378
-1512
-1051
-758
-121
609
1182
1658
2078
2416
2723
3174
3860
4371
4254
3754
3422
3485
3721
3749
3493
2845
2079
1576
1337
1150
805
286
-147
-407
-685
-985
-1161
-1130
-1107
-1181
-1322
-1317
-1219
-1086
-823
-505
-265
-242
-153
109
378
493
521
560
583
620
649
508
196
-61
-170
-176
-399
-909
-1413
-1733
-1852
-2011
-2430
-2974
-3332
-3532
-3762
-3921
-3963
-4205
-4667
-4964
-3813
-1577
-398
-1704
-3857
-3390
-68
2934
2964
1582
1206
2280
3331
3727
4184
4493
4323
3782
3919
4488
4102
2588
1536
1922
2621
2155
390
-1060
-1437
-1128
-931
-1313
-2010
-2890
-3626
-3866
-3479
-2750
-2406
-2643
-2978
-2679
-1877
-1145
-679
-291
413
1163
1670
1985
2308
2654
3023
3541
4126
4486
4230
3613
3128
3219
3603
3681
3077
2130
1336
993
1054
861
393
-249
-691
-950
-1028
-1058
-1176
-1353
-1519
-1343
-1083
-915
-1042
-1090
-760
-275
21
199
262
371
477
627
904
1108
1072
730
484
451
652
675
258
-340
-824
-993
-1099
-1340
-1737
-2284
-2757
-3065
-3207
-3372
-3737
-4152
-4352
-4436
-4671
-4741
-3751
-1826
-945
-2349
-4054
-3046
275
2616
2197
987
1118
2277
3012
3227
3731
4023
3848
3448
3615
4030
3474
2054
1249
1780
2355
1829
114
-1311
-1746
-1475
-1079
-1268
-2067
-3153
-3822
-3673
-3013
-2404
-2418
-2783
-2829
-2205
-1363
-870
-674
-240
660
1452
1983
2196
2396
2569
2915
3655
4357
4477
3857
3077
2772
3058
3352
3043
2236
1435
912
718
545
258
-331
-934
-1252
-1145
-1009
-1316
-1790
-1941
-1581
-1158
-1037
-1204
-1362
-1186
-677
-205
75
169
139
246
554
930
1022
777
596
643
805
770
552
109
-329
-542
-699
-922
-1387
-1888
-2279
-2608
-2869
-3137
-3546
-3975
-4252
-4175
-4222
-4591
-5122
-5142
-3798
-1809
-898
-2407
-4247
-3422
-7
2655
2423
1101
905
1925
2879
3414
3945
4204
4015
3655
3885
4214
3598
2322
1646
2209
2696
1976
245
-1108
-1379
-988
-667
-1071
-1991
-3000
-3468
-3338
-2870
-2349
-2266
-2480
-2507
-1932
-1129
-702
-630
-203
784
1695
2054
2058
2201
2571
3123
3668
4019
4103
3704
3161
2827
2915
3137
2866
2089
1282
864
589
229
-223
-684
-975
-1127
-1323
-1586
-1797
-1794
-1620
-1458
-1270
-1160
-1058
-925
-718
-205
208
405
540
759
1048
1172
1121
1056
1266
1447
1318
1036
672
491
357
134
-172
-498
-906
-1400
-1732
-1945
-2301
-2790
-3255
-3493
-3581
-3721
-3994
-4407
-4762
-5019
-4996
-4239
-2473
-850
-1293
-3545
-4235
-1468
2275
3466
2054
986
1662
3088
3845
4372
4767
4658
4130
3877
4543
4654
3461
1955
1855
2735
2794
1365
-534
-1481
-1362
-746
-512
-1092
-2374
-3473
-3796
-3242
-2308
-1776
-1860
-2364
-2461
-1768
-905
-411
-122
495
1418
2006
2174
2171
2327
2802
3457
4124
4482
4090
3046
2372
2658
3314
3341
2541
1489
767
413
249
146
-120
-556
-992
-1221
-1301
-1448
-1560
-1394
-1139
-1007
-885
-851
-738
-538
-71
573
1000
1039
929
1060
1352
1668
1717
1796
1787
1615
1367
1119
960
779
593
275
-74
-544
-1053
-1529
-1934
-2276
-2633
-2856
-3137
-3536
-3967
-4317
-4415
-4404
-4457
-4650
-4904
-4353
-2450
-665
-1171
-3407
-3927
-985
2680
3487
1899
854
1776
3236
4012
4456
4624
4426
3806
3766
4543
4627
3332
1867
1792
2578
2607
1182
-624
-1588
-1409
-771
-683
-1502
-2834
-3791
-3817
-3083
-2171
-1826
-2139
-2643
-2540
-1585
-648
-209
-65
493
1313
1875
2090
2120
2182
2503
3197
3882
4043
3353
2443
2069
2380
2857
2697
1880
890
300
175
124
28
-342
-913
-1308
-1349
-1238
-1168
-1284
-1428
-1243
-862
-497
-446
-432
-250
202
685
1101
1368
1402
1336
1317
1598
1989
2145
1816
1389
1094
911
763
573
249
-303
-778
-1198
-1497
-1931
-2396
-2791
-3172
-3357
-3601
-3991
-4374
-4632
-4671
-4665
-4717
-4940
-5294
-4937
-3084
-756
-710
-3007
-4252
-1843
2298
3976
2759
1431
1844
3257
4159
4648
5018
4873
4270
4051
4659
4823
3601
1986
1725
2645
2837
1565
-433
-1616
-1580
-840
-454
-1145
-2533
-3636
-3800
-3249
-2401
-1856
-1981
-2583
-2678
-1861
-901
-419
-252
291
1138
1608
1669
1705
2006
2347
2756
3159
3404
3206
2555
2066
1982
2250
2269
1806
1044
292
-135
-260
-162
-239
-706
-1263
-1466
-1278
-1049
-930
-992
-1002
-797
-440
-183
-89
46
281
761
1207
1525
1550
1324
1232
1508
1933
1960
1556
1127
957
819
648
409
100
-267
-802
-1243
-1568
-1939
-2434
-2913
-3157
-3269
-3488
-3906
-4352
-4538
-4546
-4564
-4482
-4416
-4620
-5084
-4632
-2383
8
-170
-2702
-3709
-912
3112
4305
2696
1535
2281
3672
4284
4565
4840
4704
4080
3877
4403
4442
3118
1486
1348
2278
2378
864
-1111
-1994
-1698
-1103
-1091
-1831
-2902
-3729
-3885
-3329
-2426
-1954
-2208
-2693
-2459
-1417
-580
-414
-317
388
1271
1706
1665
1683
1966
2340
2655
2944
3167
2952
2439
2081
2010
1975
1775
1437
1022
436
-102
-343
-288
-333
-650
-932
-1028
-1012
-980
-840
-662
-618
-469
-216
34
246
337
622
1022
1327
1520
1560
1461
1424
1559
1812
1820
1545
1085
699
573
449
222
-214
-774
-1266
-1662
-1924
-2202
-2567
-2988
-3226
-3404
-3564
-3828
-4054
-4247
-4239
-4075
-3960
-3991
-4257
-4484
-4375
-2957
-454
859
-719
-3210
-2744
1146
4536
4334
2231
1476
2650
3954
4357
4447
4517
4175
3534
3527
3942
3456
1815
680
1221
2070
1584
-335
-2083
-2401
-1710
-950
-1053
-2103
-3321
-3915
-3518
-2562
-1780
-1562
-2018
-2407
-1974
-1013
-363
-300
-150
618
1405
1664
1473
1338
1682
2235
2660
2969
3017
2553
1843
1474
1716
2087
1998
1315
436
-47
-141
43
105
-123
-540
-709
-601
-542
-539
-470
-249
-91
88
369
587
511
410
686
1419
1887
1629
1064
853
1151
1411
1405
1177
811
327
-16
-63
-53
-404
-1056
-1580
-1633
-1715
-2162
-2554
-2859
-2916
-2998
-3117
-3268
-3487
-3650
-3594
-3296
-3087
-3211
-3507
-3551
-3214
-2794
-2558
-1681
61
1194
1
-2027
-1399
1909
4400
3808
2073
1733
2735
3417
3347
3605
3877
3484
2598
2342
2799
2500
1276
362
706
1218
604
-930
-2068
-2112
-1555
-1122
-1293
-2068
-2865
-3097
-2713
-1959
-1325
-1118
-1420
-1799
-1443
-599
-26
64
193
713
1139
1268
1165
1339
1691
1959
2042
2077
2103
1875
1521
1175
1142
1274
1252
837
404
138
-24
-19
74
8
-231
-401
-290
-162
-74
75
149
295
453
590
630
666
780
992
1058
1080
1113
1078
1041
919
786
544
388
250
130
-178
-643
-980
-1124
-1126
-1297
-1598
-1990
-2293
-2392
-2261
-2227
-2342
-2610
-2820
-2712
-2386
-2199
-2352
-2524
-2411
-2117
-1938
-1997
-2208
-2467
-2455
-1234
959
1858
-47
-2630
-2291
1203
4018
3386
1249
299
1155
2221
2451
2533
2464
1943
1387
1657
2238
1803
347
-520
214
1227
913
-676
-2082
-2165
-1251
-274
-319
-1196
-2210
-2642
-2250
-1417
-728
-600
-1156
-1756
-1447
-700
-332
-434
-400
113
552
514
254
321
717
1020
1192
1305
1397
1130
744
595
883
1172
1106
816
657
477
206
119
287
546
524
341
176
36
123
337
700
827
672
285
-54
-21
381
746
655
280
20
9
62
-11
-143
-221
-369
-598
-815
-1007
-1209
-1309
-1303
-1231
-1303
-1601
-1930
-2029
-1901
-1748
-1587
-1522
-1592
-1754
-1814
-1677
-1421
-1260
-1236
-1295
-1470
-1627
-1723
-1765
-1843
-2016
-2378
-1900
-338
586
-876
-3435
-3514
-482
2269
1729
-484
-1351
-407
729
1038
1259
1410
1183
706
863
1688
1776
864
34
577
1531
1593
479
-703
-800
-162
610
680
-88
-1075
-1661
-1588
-1059
-469
-406
-1063
-1857
-1844
-1182
-747
-964
-1185
-887
-558
-475
-490
-264
20
65
185
598
1057
1117
758
482
714
1223
1544
1484
1190
866
757
918
1200
1314
1085
751
513
509
600
597
368
114
-99
-159
-137
-197
-427
-673
-808
-771
-550
-552
-833
-1155
-1261
-1102
-907
-865
-858
-1025
-1199
-1127
-896
-755
-829
-953
-888
-704
-556
-451
-473
-457
-437
-482
-464
-468
-572
-762
-919
-968
-979
-1283
-1741
-2196
-2455
-2677
-3139
-3502
-3005
-1554
-724
-2112
-4513
-4513
-1613
1103
796
-962
-1459
-447
567
1010
1615
2049
1934
1546
1923
2833
2845
1827
1214
2060
3006
2761
1426
214
144
584
1029
883
22
-1097
-1969
-2119
-1801
-1434
-1566
-2138
-2850
-2896
-2381
-2160
-2354
-2223
-1433
-781
-741
-1031
-875
-289
300
759
1150
1565
1803
1561
1284
1615
2379
2711
2340
1845
1757
1781
1667
1458
1325
1107
702
358
110
-110
-365
-596
-750
-867
-1067
-1223
-1372
-1499
-1465
-1331
-1232
-1245
-1315
-1221
-986
-649
-407
-279
-119
-144
-110
107
554
920
838
662
598
672
680
763
820
753
400
-80
-428
-542
-607
-848
-1123
-1550
-1931
-2481
-3015
-3240
-3280
-3409
-3889
-4420
-4838
-4699
-3472
-1896
-1768
-3591
-4802
-3127
-31
1278
292
-539
69
1331
2067
2478
2938
3068
2861
3019
3865
4310
3426
2050
1889
2818
3201
2381
876
-141
-420
-247
-133
-618
-1675
-2716
-3132
-2992
-2647
-2533
-2929
-3449
-3510
-2892
-2351
-2300
-2350
-2028
-1259
-708
-414
-118
219
574
1037
1675
2268
2538
2388
2040
2169
2894
3335
2938
2170
1676
1621
1576
1346
1004
537
-48
-434
-490
-619
-936
-1333
-1524
-1500
-1362
-1387
-1549
-1629
-1486
-1168
-890
-627
-560
-500
-236
171
562
671
660
779
983
1069
1151
1214
1183
1108
1074
925
624
342
196
58
-230
-631
-1061
-1467
-1802
-2007
-2263
-2489
-2675
-2993
-3329
-3467
-3468
-3553
-3651
-3749
-3707
-3656
-3728
-3568
-2425
-781
-424
-1861
-2883
-1358
1477
2864
2025
1152
1497
2445
2891
3093
3541
3564
3162
2900
3298
3438
2596
1406
1055
1704
1839
1027
-376
-1373
-1541
-1284
-1105
-1349
-2172
-3066
-3507
-3370
-2789
-2365
-2306
-2692
-2898
-2428
-1676
-1242
-1125
-790
-91
523
707
750
1004
1504
1972
2323
2467
2420
2237
2161
2185
2119
1911
1680
1506
1219
827
430
192
-63
-319
-461
-622
-861
-1188
-1191
-1031
-883
-917
-924
-786
-712
-604
-349
15
191
250
384
675
943
951
886
1014
1169
1206
1194
1133
980
766
564
608
577
238
-166
-545
-680
-783
-958
-1104
-1365
-1758
-2094
-2138
-2031
-2014
-2196
-2483
-2458
-2396
-2356
-2317
-2328
-2387
-2482
-2400
-2204
-2047
-2110
-1645
-388
488
-418
-2011
-1623
794
2600
2177
990
856
1615
2052
2138
2472
2698
2300
1633
1714
2141
1912
971
354
719
1018
574
-434
-1250
-1363
-1076
-759
-979
-1671
-2337
-2517
-2313
-1927
-1532
-1399
-1633
-2019
-1689
-990
-588
-509
-362
148
537
664
613
791
1216
1612
1812
1816
1785
1798
1845
1877
1816
1658
1519
1396
1125
844
631
446
267
67
-80
-287
-517
-655
-553
-410
-465
-571
-665
-709
-647
-468
-270
-178
-238
-258
-113
98
218
254
350
462
522
576
553
475
382
413
609
626
342
-17
-131
-53
-3
-38
-273
-516
-732
-801
-842
-951
-1045
-1180
-1231
-1442
-1701
-1700
-1608
-1599
-1846
-2060
-2132
-2099
-2244
-2492
-2538
-2484
-2513
-2038
-786
-72
-1035
-2587
-2123
264
2044
1606
420
290
1012
1610
1866
2301
2498
2122
1685
1874
2377
2129
1239
634
966
1370
1023
159
-595
-805
-725
-461
-497
-1022
-1686
-2113
-2051
-1687
-1375
-1281
-1535
-1884
-1732
-1172
-758
-629
-478
-140
221
396
502
657
1032
1372
1532
1582
1618
1767
1801
1654
1455
1547
1688
1549
1079
664
391
267
196
51
-70
-367
-849
-1111
-1016
-806
-832
-1087
-1198
-1020
-788
-622
-526
-449
-278
-106
136
329
457
535
660
949
1275
1386
1288
1171
1143
1366
1506
1408
1210
907
757
687
620
497
173
-142
-385
-571
-735
-1044
-1441
-1774
-1859
-1860
-1994
-2246
-2424
-2424
-2348
-2350
-2353
-2305
-2364
-2453
-2393
-2133
-2088
-2085
-1368
-161
379
-649
-1660
-733
1334
2318
1626
904
1148
1708
1794
1883
2329
2361
1830
1366
1630
1919
1366
495
257
810
803
106
-785
-1171
-1087
-938
-808
-1035
-1549
-2077
-2150
-1855
-1404
-1103
-1092
-1245
-1242
-897
-504
-268
-75
181
663
939
895
879
1068
1397
1714
1819
1648
1378
1185
1218
1323
1167
855
588
388
222
-65
-277
-379
-391
-511
-622
-792
-947
-959
-739
-362
-310
-421
-452
-254
16
256
496
726
838
921
1013
1132
1269
1350
1497
1616
1628
1533
1307
1229
1283
1333
1176
876
491
221
101
-8
-172
-514
-917
-1194
-1296
-1379
-1533
-1832
-2022
-2010
-1992
-1929
-2016
-2202
-2209
-2017
-1752
-1681
-1704
-1714
-1602
-1388
-1206
-1120
-1254
-1406
-1505
-1038
90
812
55
-1405
-1340
309
1833
1625
708
473
769
1127
1219
1588
1624
1192
743
1020
1647
1360
304
-339
129
758
764
22
-758
-1076
-969
-494
-145
-281
-941
-1554
-1531
-965
-473
-505
-858
-1147
-962
-489
-252
-295
-341
-182
171
445
460
296
193
351
746
1107
1166
800
297
268
718
1129
1024
522
167
226
410
508
423
174
-60
-61
174
210
8
-195
-113
109
308
264
96
5
82
424
763
896
650
328
400
766
1142
1142
918
760
792
861
853
844
756
694
620
481
364
216
-25
-113
-60
-41
-270
-559
-785
-817
-757
-665
-707
-858
-1029
-1154
-1178
-1095
-952
-898
-1001
-1061
-1133
-1138
-1103
-1165
-1139
-1026
-983
-1166
-1358
-1477
-1325
-653
187
306
-675
-1444
-710
753
1361
861
352
376
697
804
968
1274
1270
968
889
1225
1316
787
166
242
780
902
437
-224
-593
-621
-367
9
-78
-666
-1259
-1355
-1054
-713
-527
-586
-704
-775
-599
-393
-283
-179
96
419
569
571
462
449
565
913
1251
1362
1149
729
493
617
948
1073
828
419
231
190
149
164
144
120
22
-43
-16
0
-13
-11
70
280
495
511
432
451
666
953
1172
1307
1385
1309
1125
1127
1415
1603
1618
1405
1176
1144
1132
1056
851
657
514
298
30
-186
-388
-545
-796
-1004
-1074
-1145
-1290
-1484
-1549
-1517
-1371
-1323
-1361
-1396
-1388
-1253
-1066
-1007
-949
-857
-817
-694
-636
-610
-749
-807
-750
-663
-620
-771
-1028
-1104
-826
-302
-14
-426
-1106
-1056
-257
441
365
-100
-188
-11
208
398
610
573
354
255
602
994
737
184
72
494
785
606
255
31
-66
-48
193
378
138
-295
-534
-382
-96
49
-36
-252
-348
-306
-153
-109
-153
-256
-209
-126
-38
-58
-194
-182
-60
188
320
227
60
34
211
411
536
420
329
308
404
611
756
757
551
423
540
735
883
854
788
765
920
1076
1068
1007
976
1006
1016
1053
991
819
666
587
608
607
432
248
109
48
-32
-128
-238
-302
-386
-494
-593
-604
-642
-721
-757
-667
-577
-610
-666
-731
-685
-589
-515
-425
-317
-349
-411
-390
-281
-147
-187
-278
-326
-280
-293
-370
-488
-569
-553
-602
-670
-831
-992
-1171
-1190
-1195
-1310
-1300
-924
-583
-807
-1474
-1622
-861
-40
-20
-467
-533
-354
-102
88
412
635
461
302
535
964
958
553
400
703
1016
870
574
324
198
259
386
451
244
-161
-433
-352
-145
-21
-75
-216
-315
-336
-180
-29
28
-43
1
154
251
207
90
243
577
800
765
594
599
767
944
1086
1136
1059
881
754
855
951
841
647
515
584
572
501
389
371
318
264
308
331
232
45
1
121
276
278
121
11
-71
-59
10
102
178
90
-13
-33
21
149
279
348
395
305
280
340
368
410
377
391
364
268
131
127
174
136
77
3
-61
-170
-212
-234
-311
-379
-530
-596
-623
-809
-1024
-1092
-1018
-1021
-1173
-1420
-1526
-1574
-1558
-1468
-1389
-1392
-1579
-1709
-1511
-974
-477
-518
-994
-1144
-604
118
311
157
131
322
492
584
853
1001
945
904
1180
1508
1439
994
739
1036
1324
1287
1024
736
542
438
480
674
542
124
-134
-142
-1
8
-74
-248
-319
-313
-251
-265
-318
-280
-167
45
153
154
-15
78
216
351
415
433
490
441
403
504
739
722
578
463
531
558
473
427
461
475
394
314
282
348
353
315
282
340
363
296
266
354
501
581
553
513
551
562
599
623
687
714
702
657
666
665
752
722
705
726
635
507
392
345
291
247
181
-3
-182
-334
-424
-479
-515
-613
-754
-887
-1003
-1123
-1227
-1250
-1255
-1172
-1119
-1194
-1146
-1195
-1167
-1049
-961
-904
-920
-912
-850
-758
-628
-492
-426
-392
-427
-335
-131
212
316
107
-146
26
553
888
778
637
674
786
818
877
1002
1057
987
926
1060
1138
952
706
623
785
890
787
538
303
258
322
360
340
148
-172
-371
-292
-203
-229
-322
-371
-323
-338
-288
-250
-204
-123
22
241
342
230
99
263
633
887
793
744
733
724
818
909
1008
986
841
754
814
810
647
597
584
576
574
518
447
318
166
176
410
479
402
229
212
323
445
485
527
491
404
476
635
719
679
623
598
597
590
541
471
427
297
277
203
68
-72
-120
-162
-252
-334
-474
-531
-627
-642
-637
-607
-637
-719
-732
-648
-572
-562
-541
-505
-400
-312
-313
-292
-196
-205
-166
-99
-89
-106
-159
-187
-135
-119
-163
-226
-242
-331
-447
-336
-70
56
-242
-553
-387
98
330
101
-36
107
231
252
322
521
500
367
469
744
840
615
406
538
752
781
608
409
300
265
359
480
452
210
-18
-53
56
170
136
63
-38
-72
-45
14
-3
51
227
331
237
88
125
333
530
439
384
424
510
541
602
614
711
720
684
725
678
573
441
533
644
658
508
447
442
518
553
595
600
464
388
454
642
637
594
519
602
657
561
567
471
490
473
532
588
506
343
187
281
365
394
234
90
-8
-15
27
3
-26
-210
-304
-401
-376
-372
-410
-405
-462
-470
-536
-523
-512
-543
-599
-568
-555
-600
-670
-639
-567
-524
-487
-508
-517
-531
-539
-511
-440
-417
-462
-436
-415
-354
-324
-365
-288
-68
164
197
-50
-143
91
450
615
634
566
495
551
662
908
992
914
792
801
873
824
736
650
664
639
550
466
348
167
61
147
169
98
-79
-242
-313
-323
-240
-142
-120
-256
-302
-190
10
129
146
135
186
335
351
384
454
479
556
625
676
731
715
700
730
806
802
752
713
606
536
539
611
595
526
468
443
398
384
428
431
423
369
348
393
391
447
486
561
592
562
516
546
603
583
592
569
501
466
385
358
350
300
255
158
135
98
13
-40
-49
-107
-176
-268
-356
-401
-490
-520
-451
-419
-439
-503
-556
-525
-375
-280
-340
-343
-256
-244
-223
-178
-26
15
12
65
14
31
6
3
23
48
-4
-86
-112
-135
-193
-211
-149
-123
-84
-82
-40
-59
-164
-208
-91
94
185
101
79
115
176
215
337
359
293
217
230
327
372
281
132
177
151
101
18
-9
-68
-173
-129
-76
-83
-183
-251
-245
-86
47
87
89
88
222
337
405
474
546
697
758
777
851
878
928
1012
1130
1082
1030
936
870
974
1020
891
705
601
526
540
482
338
249
176
148
42
9
-13
-72
-120
-80
-44
-98
-111
-71
10
101
212
158
216
220
278
391
441
512
460
492
561
639
680
622
518
470
435
374
335
176
56
56
58
87
-9
-138
-267
-363
-404
-454
-494
-542
-637
-651
-592
-602
-558
-511
-470
-465
-475
-398
-285
-199
-162
-178
-84
-2
24
46
31
48
100
109
137
99
38
-26
-48
12
-16
-34
-92
-170
-239
-221
-173
-190
-290
-292
-299
-254
-298
-346
-344
-361
-310
-215
-98
0
37
39
146
285
381
388
399
482
538
571
683
756
778
724
704
793
753
709
739
772
738
678
595
539
501
484
478
439
373
283
226
173
157
157
80
8
-2
-28
-37
3
92
102
168
210
266
281
332
433
503
539
600
639
596
658
692
800
874
818
754
665
634
652
626
620
565
492
416
346
333
290
149
52
4
-101
-193
-196
-241
-310
-397
-407
-461
-478
-447
-417
-387
-318
-250
-219
-212
-218
-150
-106
-70
-84
-121
-104
-27
63
38
24
55
-1
-107
-145
-152
-172
-188
-198
-208
-250
-255
-329
-436
-363
-285
-285
-294
-289
-222
-217
-198
-93
-22
-10
48
152
263
287
288
356
343
362
394
411
377
424
471
475
516
485
448
397
320
285
248
211
235
172
93
70
119
127
117
135
143
127
110
140
172
188
245
300
367
374
395
444
519
538
545
610
596
603
607
646
652
669
686
659
668
647
667
636
611
552
492
434
421
398
373
301
300
300
251
227
194
181
159
224
261
220
211
223
270
323
340
305
213
202
256
276
290
238
132
91
66
66
94
78
28
-83
-89
-98
-79
-114
-170
-141
-145
-117
-155
-168
-137
-82
31
-24
-65
-148
-194
-178
-82
11
-9
-15
9
88
168
230
175
229
243
231
257
269
244
203
223
219
207
149
51
38
33
47
51
25
-1
-21
-28
-27
43
25
-5
-65
-63
-64
-94
-45
24
-1
-24
-61
-7
38
119
188
215
266
267
329
371
433
367
418
513
501
509
499
545
520
524
568
619
616
617
649
699
751
741
707
690
737
740
709
650
644
593
531
459
464
465
378
376
289
269
280
231
223
258
243
235
228
134
146
98
100
31
44
32
52
28
-35
40
76
127
166
228
282
333
307
361
365
372
367
381
388
330
327
271
184
189
126
108
137
153
150
135
76
41
23
5
29
45
36
30
52
72
64
48
63
21
82
136
145
118
66
101
189
236
247
246
247
217
216
309
305
205
180
146
132
143
98
87
73
67
29
43
54
21
2
5
59
71
51
65
-33
13
81
69
141
113
90
148
214
223
287
313
301
336
395
507
536
472
508
546
582
591
569
523
515
551
586
531
511
458
454
471
459
391
351
366
288
264
233
158
51
1
49
72
49
39
16
85
109
78
135
179
195
174
259
372
380
368
318
374
434
448
458
405
392
425
450
400
382
369
290
280
269
201
134
125
110
68
10
-39
-86
-153
-218
-170
-172
-183
-182
-196
-152
-131
-42
-41
-42
-20
68
86
72
137
99
117
73
101
119
66
74
65
23
1
-22
-27
-87
-106
-146
-164
-150
-209
-267
-300
-359
-365
-369
-404
-450
-523
-503
-473
-414
-345
-362
-371
-414
-286
-192
-146
-104
-135
-88
-79
-73
-62
14
-23
-31
-45
-20
-14
-45
-17
5
10
-29
-82
-105
-110
-147
-102
-94
-85
-119
-208
-241
-241
-214
-218
-196
-204
-228
-227
-226
-170
-114
-67
-65
-76
-63
-32
26
55
55
41
11
26
35
-14
-49
-92
-86
-131
-99
-142
-229
-269
-293
-241
-218
-229
-249
-245
-267
-204
-219
-279
-269
-256
-229
-242
-213
-257
-287
-274
-246
-208
-207
-174
-227
-173
-131
-134
-170
-164
-165
-195
-204
-309
-311
-332
-337
-338
-415
-425
-454
-477
-460
-455
-479
-501
-539
-530
-574
-550
-545
-597
-578
-556
-560
-531
-474
-440
-464
-477
-431
-367
-308
-298
-273
-280
-238
-209
-218
-194
-181
-189
-155
-110
-151
-149
-136
-183
-155
-158
-141
-154
-109
-110
-159
-151
-165
-231
-248
-245
-165
-157
-220
-193
-240
-206
-217
-209
-224
-186
-217
-230
-205
-203
-222
-222
-211
-237
-202
-200
-232
-254
-263
-195
-202
-263
-209
-343
-261
-249
-244
-209
-231
-203
-248
-245
-197
-164
-195
-144
-116
-87
-86
-74
-64
-52
-11
-39
16
-32
-27
-21
-52
13
-13
-9
-57
-34
-20
-100
-112
-154
-207
-221
-236
-281
-307
-346
-354
-361
-378
-449
-486
-437
-454
-413
-382
-401
-405
-388
-339
-316
-323
-302
-265
-288
-256
-262
-250
-247
-243
-230
-217
-195
-177
-122
-137
-116
-88
-121
-131
-119
-172
-208
-197
-165
-187
-204
-201
-220
-209
-211
-165
-214
-181
-117
-81
-90
-102
-92
-75
-16
-55
-56
-64
-64
-75
-65
-67
-87
-94
-135
-138
-62
-45
-33
-75
-88
-77
-106
-107
-108
-121
-124
-153
-202
-214
-197
-168
-119
-124
-166
-170
-120
-39
-34
9
-26
-24
75
97
92
136
99
107
157
182
203
186
187
212
180
143
108
74
39
-15
27
-30
-79
-82
-135
-169
-247
-201
-223
-228
-209
-211
-213
-237
-290
-342
-259
-228
-204
-216
-217
-176
-126
-105
-108
-78
-59
-49
-43
-24
1
26
74
76
95
103
82
135
161
126
77
52
26
-31
-46
6
-3
-40
-31
-13
1
33
4
42
85
120
100
117
168
172
167
198
182
198
232
173
213
163
117
140
146
128
103
105
121
132
141
154
116
63
69
40
-8
-6
9
-10
-5
-12
-19
-75
-45
9
2
14
47
51
110
168
179
183
193
192
191
154
134
92
113
111
66
21
24
79
49
70
21
-11
-18
-7
11
-8
25
23
21
11
-47
-86
0
-55
-111
-109
-106
-58
-17
-25
-33
-4
48
51
81
131
147
155
168
181
126
148
149
100
160
164
118
100
49
98
79
68
45
32
22
67
69
28
50
45
82
14
-50
-40
-36
-86
-7
65
42
27
35
108
147
168
205
185
208
233
290
332
308
276
265
270
264
272
226
215
227
221
223
146
117
64
15
-9
11
-13
30
-30
-38
19
24
60
89
131
141
137
131
213
217
284
287
274
355
291
307
298
345
403
375
362
383
368
381
375
374
348
284
255
186
175
155
180
129
114
87
53
98
28
24
-45
-14
8
20
13
49
56
110
152
164
144
107
162
131
173
218
200
208
232
278
299
255
235
190
223
201
238
252
199
211
256
269
263
281
223
197
174
164
163
176
108
111
177
195
244
193
201
202
220
268
312
309
294
312
307
332
321
326
286
262
233
261
234
239
209
163
161
195
175
175
151
101
112
123
73
61
70
20
73
94
32
59
72
91
102
88
114
161
215
250
256
269
284
312
315
341
320
288
343
307
314
266
233
267
211
202
186
219
158
155
140
158
169
177
183
190
196
182
250
195
179
148
156
151
157
163
212
211
232
292
309
310
331
344
288
347
345
323
317
290
217
240
235
188
187
165
182
144
166
125
208
192
90
151
172
238
242
203
206
261
276
318
249
219
213
229
257
262
281
271
295
279
306
347
353
344
316
314
275
291
259
162
184
241
231
176
136
111
103
115
155
149
142
150
141
111
122
127
97
88
101
120
161
164
195
276
283
295
309
314
385
391
374
442
460
447
452
415
429
446
417
394
423
419
398
399
434
413
390
394
444
445
467
487
470
443
379
403
365
361
328
357
378
350
345
391
359
425
440
339
353
343
353
308
294
369
401
316
334
332
355
385
380
373
346
403
416
491
509
474
447
467
435
481
455
401
456
443
463
455
483
482
493
534
526
476
436
443
436
443
398
393
346
269
232
247
238
153
200
191
133
122
142
104
109
77
75
90
121
131
104
75
83
79
103
99
52
85
141
181
141
247
217
204
239
251
260
254
235
173
174
181
210
194
144
111
77
85
58
64
65
50
42
43
72
44
64
43
77
37
39
36
13
76
18
13
26
30
36
24
55
40
23
28
0
12
-1
-36
-22
-42
-52
-51
-58
-45
-87
-85
-73
-63
-80
-112
-87
-100
-82
-129
-134
-119
-161
-148
-145
-120
-95
-41
-15
-27
-17
-26
16
-2
4
-23
-61
-66
-49
-49
-41
-83
-75
-91
-95
-76
-93
-98
-110
-136
-146
-172
-148
-174
-152
-141
-132
-196
-247
-295
-299
-259
-320
-315
-334
-352
-350
-297
-335
-337
-345
-335
-301
-290
-299
-243
-255
-216
-158
-186
-182
-220
-242
-294
-306
-285
-272
-307
-290
-290
-313
-285
-307
-305
-328
-350
-330
-324
-330
-346
-369
-404
-415
-354
-368
-349
-322
-367
-366
-382
-383
-368
-397
-428
-437
-420
-418
-432
-379
-389
-392
-357
-387
-449
-480
-476
-486
-475
-479
-509
-520
-521
-503
-486
-487
-505
-490
-495
-432
-366
-343
-334
-363
-332
-319
-293
-265
-249
-221
-221
-236
-175
-169
-179
-182
-131
-93
-35
-20
-67
-82
-109
-109
-178
-233
-284
-290
-320
-372
-385
-397
-404
-437
-392
-375
-363
-365
-338
-315
-308
-319
-277
-261
-289
-287
-269
-227
-234
-206
-224
-170
-195
-200
-182
-184
-181
-158
-152
-69
-44
-61
-28
-32
-2
-44
-91
-101
-132
-139
-184
-202
-253
-259
-255
-298
-283
-302
-260
-285
-296
-305
-324
-350
-371
-367
-331
-298
-327
-330
-296
-271
-292
-270
-310
-293
-256
-264
-238
-212
-180
-164
-183
-185
-161
-143
-152
-162
-171
-190
-171
-154
-163
-134
-152
-121
-103
-67
-33
-60
-17
18
-12
-30
-54
-78
-62
-88
-101
-106
-120
-89
-89
-97
-37
-33
-73
-78
-85
-103
-173
-207
-216
-261
-204
-233
-286
-289
-288
-249
-271
-299
-296
-301
-274
-230
-204
-123
-118
-92
-104
-118
-85
-64
-55
-67
-42
2
-39
6
27
71
154
185
216
168
183
203
168
190
125
156
153
116
118
73
45
43
49
42
63
77
97
98
72
120
198
120
107
103
113
64
74
93
94
53
-21
-43
-67
-80
-34
-68
-58
-31
-20
-13
-60
-27
-18
-1
-20
-63
-87
-65
-57
-70
-111
-84
-119
-110
-129
-133
-70
-84
-29
-5
-20
-8
15
3
-12
-5
16
93
64
56
82
64
72
76
88
71
63
89
91
91
121
112
106
96
79
54
34
30
70
34
29
30
51
85
85
77
79
139
119
83
87
115
69
135
83
48
97
107
153
141
113
147
209
159
146
160
166
171
156
183
222
222
228
188
199
225
227
227
161
178
185
171
197
181
153
140
117
110
110
66
114
132
163
157
130
136
82
74
45
-5
31
16
28
36
-5
39
-16
-4
40
25
59
81
99
59
122
162
132
144
128
97
68
115
131
123
115
128
140
141
145
163
135
103
116
164
182
176
172
110
112
113
98
127
128
135
135
136
161
166
119
126
69
66
76
29
43
62
51
-5
-8
-2
-7
29
-18
-9
-3
-5
47
36
21
21
36
68
72
62
89
66
-5
41
45
84
133
54
93
79
117
117
91
112
140
138
111
139
115
88
106
83
43
39
14
-10
-4
40
-16
-6
-11
-10
-13
5
62
106
128
131
173
191
187
205
218
202
205
193
201
240
236
213
255
237
234
222
174
191
137
122
111
79
54
30
15
39
-4
6
54
22
14
-47
-16
-71
-73
-35
-11
17
4
14
33
80
75
115
118
102
119
113
96
87
73
102
102
44
27
53
82
73
78
34
25
14
-14
-30
-77
-85
-77
-121
-114
-148
-124
-135
-136
-173
-186
-153
-174
-119
-66
-76
-79
-61
-26
-31
-66
-62
-9
30
26
5
39
0
-14
29
-17
-1
-30
-28
-94
-72
-64
-102
-89
-118
-73
-108
-123
-123
-114
-128
-131
-152
-138
-146
-151
-121
-147
-137
-118
-101
-79
-91
-63
-86
-121
-44
-45
-49
-16
-14
-35
-54
-3
35
1
-93
-89
-73
-99
-125
-91
-108
-133
-86
-109
-64
-134
-136
-144
-144
-172
-154
-125
-168
-129
-143
-146
-166
-176
-171
-161
-158
-130
-82
-120
-84
-90
-121
-128
-116
-146
-178
-133
-115
-121
-148
-186
-201
-172
-156
-128
-127
-114
-85
-76
-69
-72
-117
-122
-82
-51
-52
-66
-78
-90
-79
-92
-87
-74
-35
-47
-90
-93
-134
-180
-221
-247
-216
-194
-213
-234
-258
-258
-273
-312
-321
-326
-336
-358
-322
-317
-318
-293
-300
-257
-252
-237
-241
-255
-275
-249
-258
-275
-308
-324
-274
-282
-230
-171
-206
-180
-171
-179
-149
-129
-127
-130
-163
-173
-187
-175
-158
-230
-229
-231
-221
-174
-189
-234
-246
-251
-230
-239
-253
-206
-201
-198
-221
-218
-256
-280
-261
-272
-293
-287
-270
-282
-243
-278
-306
-271
-269
-300
-306
-336
-313
-329
-337
-334
-356
-315
-369
-392
-352
-345
-380
-364
-375
-381
-370
-326
-280
-277
-233
-252
-229
-223
-248
-242
-240
-216
-210
-200
-211
-211
-154
-167
-194
-165
-163
-170
-171
-187
-244
-227
-251
-221
-228
-229
-306
-322
-293
-375
-362
-375
-437
-431
-405
-435
-388
-391
-446
-445
-465
-440
-417
-417
-398
-351
-389
-348
-312
-285
-271
-296
-303
-332
-322
-299
-246
-271
-310
-281
-318
-319
-300
-322
-301
-268
-308
-278
-288
-276
-237
-267
-222
-255
-274
-309
-292
-271
-254
-228
-227
-243
-229
-242
-254
-222
-199
-201
-230
-220
-222
-287
-327
-287
-317
-358
-324
-383
-390
-380
-376
-360
-404
-389
-424
-434
-401
-355
-343
-340
-319
-335
-283
-268
-314
-278
-279
-275
-269
-240
-215
-199
-188
-165
-132
-137
-135
-144
-164
-184
-180
-215
-202
-227
-244
-221
-215
-227
-216
-230
-218
-204
-209
-217
-254
-266
-268
-271
-311
-314
-355
-354
-351
-399
-372
-371
-345
-276
-284
-276
-243
-199
-205
-218
-221
-231
-239
-254
-233
-268
-284
-241
-263
-227
-268
-333
-329
-334
-330
-274
-274
-304
-307
-312
-278
-283
-284
-243
-220
-199
-203
-188
-187
-151
-172
-182
-131
-140
-47
-73
-66
-72
-77
-29
-29
-63
-89
-120
-140
-111
-157
-129
-132
-166
-146
-180
-175
-183
-202
-234
-263
-273
-253
-300
-331
-307
-346
-339
-329
-316
-344
-315
-327
-330
-294
-273
-245
-240
-186
-141
-142
-110
-124
-168
-174
-105
-125
-178
-152
-175
-140
-136
-131
-125
-101
-124
-91
-50
-15
-31
-40
56
47
-46
-90
-53
-49
-59
-103
-141
-183
-139
-98
-75
-148
-226
-226
-158
-188
-196
-169
-132
-82
-42
-42
-63
-74
-82
-93
-159
-129
-145
-175
-172
-214
-222
-197
-194
-187
-143
-160
-177
-202
-172
-152
-139
-170
-195
-180
-181
-210
-156
-129
-163
-104
-79
-46
-56
-72
-104
-73
-84
-112
-67
-69
-83
-75
-88
-119
-121
-163
-171
-198
-213
-193
-219
-186
-159
-97
-77
-114
-84
-142
-182
-196
-171
-145
-154
-135
-99
-116
-140
-108
-130
-149
-164
-203
-190
-168
-168
-172
-177
-140
-143
-187
-193
-156
-177
-165
-174
-141
-129
-127
-149
-163
-129
-138
-146
-139
-83
-69
-90
-69
-35
-71
-90
-78
-144
-107
-109
-112
-91
-94
-39
-59
-24
-31
-53
-82
-117
-75
-103
-33
-52
-89
-55
-83
-69
-97
-84
-106
-78
-61
-100
-98
-83
-152
-167
-142
-128
-125
-132
-137
-91
-94
-97
-89
-133
-95
-79
-72
-62
-51
-73
-66
-108
-78
-49
-42
-13
13
-15
-53
-70
-74
-97
-136
-124
-137
-117
-165
-167
-158
-128
-145
-156
-110
-83
-61
-110
-162
-142
-135
-99
-118
-121
-99
-166
-144
-168
-143
-127
-206
-171
-133
-150
-151
-93
-49
-48
-34
-38
-1
-11
-43
-41
-63
-123
-117
-115
-137
-167
-119
-121
-132
-38
-91
-70
-75
-99
-112
-52
-69
-108
-40
-74
-55
-73
-110
-122
-93
-105
-162
-165
-153
-163
-140
-125
-147
-136
-125
-57
-92
-107
-69
-95
-123
-167
-185
-162
-141
-141
-143
-169
-172
-176
-207
-200
-199
-160
-154
-118
-108
-121
-87
-145
-148
-143
-109
-114
-104
-63
-93
-47
-57
-67
-100
-108
-164
-154
-116
-90
-43
-105
-72
-127
-161
-131
-137
-168
-148
-145
-144
-89
-119
-67
-68
-112
-133
-129
-119
-91
-93
-64
-79
-41
-27
-8
36
4
-50
-40
-44
-87
-92
-100
-92
-152
-114
-134
-141
-164
-194
-186
-182
-217
-242
-289
-299
-265
-281
-254
-237
-242
-240
-200
-204
-231
-223
-253
-177
-204
-194
-184
-232
-188
-187
-130
-152
-154
-176
-114
-101
-107
-110
-103
-98
-91
-121
-141
-125
-115
-160
-154
-157
-204
-197
-221
-218
-202
-211
-207
-218
-187
-192
-188
-153
-198
-172
-179
-137
-118
-177
-172
-162
-195
-197
-180
-160
-154
-161
-135
-126
-137
-146
-166
-132
-155
-170
-207
-184
-194
-266
-314
-293
-322
-330
-293
-292
-312
-343
-356
-359
-309
-313
-341
-320
-280
-298
-265
-256
-301
-310
-326
-289
-325
-306
-269
-300
-296
-269
-270
-295
-302
-310
-320
-314
-334
-335
-305
-322
-281
-288
-276
-319
-322
-282
-371
-376
-336
-340
-336
-307
-319
-308
-298
-312
-262
-257
-268
-283
-249
-267
-288
-256
-262
-240
-244
-225
-218
-202
-203
-199
-199
-215
-190
-226
-230
-238
-194
-248
-247
-199
-218
-202
-189
-203
-249
-247
-264
-259
-225
-226
-236
-205
-206
-233
-210
-200
-158
-156
-165
-200
-207
-236
-299
-230
-265
-296
-234
-192
-202
-248
-256
-226
-179
-218
-188
-181
-169
-145
-181
-179
-194
-182
-130
-108
-111
-98
-124
-109
-80
-75
-81
-95
-71
-48
-17
14
0
16
15
-10
-3
29
28
17
-3
-44
-7
-23
-28
-3
2
7
21
23
-3
16
37
1
-35
-31
-49
-57
-61
-40
-18
-69
-97
-110
-109
-111
-125
-117
-51
-26
-95
-113
-66
-75
-92
-85
-81
-7
16
-22
-4
-4
-29
-39
32
112
103
113
151
86
91
150
168
205
223
220
224
231
223
188
184
192
187
199
202
157
170
119
125
140
132
156
191
132
154
188
180
167
191
198
182
190
152
198
205
207
180
217
243
254
227
263
269
248
271
264
317
373
366
413
441
442
435
441
430
458
434
359
385
358
360
349
288
286
292
241
243
280
271
243
248
255
226
144
200
142
145
206
185
187
199
250
234
237
260
255
237
234
250
275
276
328
313
308
303
237
213
195
262
286
247
269
251
248
228
221
245
270
269
271
256
267
250
266
236
238
263
252
264
261
266
168
174
228
227
252
201
250
241
208
196
240
281
208
242
229
281
283
321
280
289
313
273
244
266
298
231
233
253
265
275
273
262
252
206
179
176
185
152
184
200
214
245
236
206
217
190
218
228
208
179
146
170
152
139
123
147
211
170
135
168
200
205
181
226
250
261
255
250
252
282
275
245
258
244
270
266
270
277
303
276
290
324
295
274
278
335
324
313
315
311
284
270
263
187
142
163
155
133
116
72
70
68
45
50
64
79
54
65
29
32
89
106
61
27
43
60
82
81
58
40
37
43
67
60
85
149
146
152
106
145
143
135
161
109
130
135
133
98
68
92
59
34
3
28
63
43
90
99
106
87
100
54
77
79
22
75
70
87
135
131
76
55
46
82
107
131
111
117
92
103
68
37
50
34
83
67
41
79
103
56
44
88
111
101
102
91
121
105
108
102
72
64
26
35
18
1
-27
-40
-12
-36
-55
-38
-3
-11
-63
-41
12
-51
-61
-18
-9
-44
-52
-34
-29
-21
-65
-69
-89
-93
-102
-98
-36
-31
-48
-71
-25
-34
-44
-37
-43
-13
0
-5
-5
-46
-79
-24
-23
-33
-2
-3
-23
1
9
1
-55
15
8
-22
-25
-33
-91
-86
-78
-110
-131
-130
-108
-79
-36
-39
2
-37
-42
-48
-69
-63
-62
-64
-46
-42
-102
-115
-84
-57
-57
-51
-22
37
57
43
17
28
33
55
83
36
40
20
25
18
-8
-13
-38
-46
-21
-8
11
-23
-44
-22
20
8
-7
-7
16
25
0
-32
-23
28
-23
-58
-66
-16
-26
-91
-101
-60
-74
-71
-90
-81
-55
-100
-54
-118
-116
-143
-132
-105
-174
-193
-175
-191
-181
-177
-175
-192
-187
-171
-190
-160
-158
-206
-190
-189
-175
-182
-184
-196
-223
-234
-232
-250
-245
-269
-296
-265
-281
-255
-268
-262
-192
-189
-206
-207
-215
-192
-218
-203
-184
-178
-163
-164
-156
-177
-215
-220
-209
-212
-224
-212
-170
-187
-187
-183
-160
-177
-155
-160
-192
-196
-215
-191
-171
-237
-263
-242
-293
-297
-330
-275
-293
-317
-279
-248
-226
-249
-204
-210
-171
-181
-226
-188
-199
-181
-151
-150
-166
-144
-189
-150
-119
-170
-136
-128
-151
-104
-79
-68
-51
-37
-81
-98
-78
-91
-75
-87
-102
-93
-80
-97
-86
-90
-99
-111
-79
-67
-36
-29
-111
-132
-130
-147
-168
-140
-96
-115
-138
-163
-158
-182
-171
-195
-188
-212
-215
-180
-187
-189
-209
-193
-231
-187
-216
-187
-158
-162
-159
-149
-138
-155
-149
-204
-186
-173
-160
-142
-195
-173
-152
-158
-143
-140
-139
-103
-103
-147
-186
-193
-231
-230
-238
-212
-185
-250
-267
-248
-230
-269
-222
-224
-207
-220
-258
-243
-221
-192
-218
-202
-213
-243
-240
-263
-292
-293
-307
-294
-270
-273
-210
-225
-200
-139
-116
-107
-122
-98
-125
-121
-144
-118
-127
-170
-147
-163
-125
-156
-183
-122
-134
-141
-162
-186
-195
-176
-113
-114
-207
-209
-166
-175
-149
-150
-150
-137
-145
-168
-161
-181
-236
-220
-171
-173
-170
-145
-132
-149
-145
-127
-154
-136
-129
-124
-145
-91
-151
-133
-108
-121
-87
-161
-120
-128
-137
-104
-106
-90
-136
-173
-133
-155
-153
-171
-202
-140
-125
-119
-135
-140
-143
-200
-248
-245
-224
-233
-238
-229
-255
-268
-267
-236
-217
-225
-247
-201
-193
-185
-179
-194
-156
-175
-170
-194
-199
-221
-212
-206
-181
-132
-192
-198
-182
-152
-169
-207
-201
-168
-196
-196
-148
-182
-169
-152
-150
-111
-115
-132
-126
-159
-162
-151
-137
-133
-145
-130
-136
-99
-83
-138
-102
-75
-77
-38
-42
-48
-27
-47
-45
-61
-40
-71
-109
-45
-14
-38
-45
-74
-91
-95
-85
-112
-78
-62
-86
-28
-36
-60
-94
-95
-95
-111
-169
-126
-77
-96
-90
-50
-38
-33
-29
-25
22
13
13
36
48
24
28
46
103
68
45
-13
26
-29
-69
-41
-52
-18
-87
-84
-55
-5
-53
-108
-97
-77
-113
-164
-115
-97
-108
-145
-148
-125
-151
-149
-195
-175
-204
-165
-104
-116
-87
-81
-83
-117
-79
-119
-127
-81
-143
-90
-58
-46
-12
0
-1
14
31
15
15
-27
-22
-41
-17
-18
-78
-71
-87
-65
-88
-127
-129
-89
-121
-110
-114
-66
-79
-81
-61
-75
-35
-62
-46
-37
-4
-43
-33
-9
-27
-28
-45
-61
-91
-68
-78
-80
-42
-69
-101
-88
-63
-104
-101
-72
-98
-145
-105
-96
-148
-126
-108
-131
-133
-139
-139
-122
-121
-80
-87
-42
-25
-41
-2
-16
4
26
29
26
35
15
-25
-8
0
-7
-14
-57
-43
-45
-77
-29
14
-7
-27
19
5
-62
-97
-94
-50
-35
-37
-16
-46
-59
-42
-46
-58
-117
-150
-167
-148
-168
-136
-89
-54
-67
-105
-81
-92
-37
-92
-98
-106
-115
-58
1
-7
-59
-45
-69
-51
-96
-97
-74
-88
-21
-61
-50
23
27
-28
-65
-102
-67
-59
-54
12
-10
-43
-49
-10
-9
-15
-25
-17
-70
-106
-69
-73
-73
-116
-91
-72
-53
-35
-30
-32
3
-18
-45
-5
-36
-26
-50
-14
-40
-46
-11
-37
-30
-42
-28
-31
-46
-46
-62
-11
-33
19
4
-23
-44
-49
-67
-50
-79
-89
-63
-69
-78
-102
-91
-119
-148
-88
-17
-21
-33
-6
-3
22
27
13
6
-12
23
-17
3
35
33
17
20
66
73
74
53
28
40
23
12
28
74
48
47
24
-1
25
9
46
49
8
39
49
77
58
71
76
60
61
3
26
29
29
-4
-44
-29
7
-18
-23
19
24
76
80
59
73
81
84
84
66
47
58
41
23
72
44
20
49
-13
-41
-20
46
24
16
43
2
-4
-6
8
-16
15
36
33
26
-22
3
-15
-21
-2
-6
-31
-44
-6
-27
-84
-56
-2
-20
-33
-104
-66
-53
-94
-99
-67
-55
-40
8
-3
35
13
-9
19
22
46
47
62
36
34
27
12
12
-13
2
4
10
-40
1
11
-54
-53
33
59
28
50
54
37
76
96
64
74
97
51
40
43
27
11
-22
-23
-21
-7
13
47
93
71
91
73
97
94
8
33
37
48
30
-9
-44
-27
-36
-39
-52
-59
-31
-83
-33
-3
-34
-24
18
37
17
32
16
29
57
2
-17
-20
-40
-15
-46
-11
-6
27
-1
-41
-18
5
59
80
52
66
55
74
90
79
102
100
92
126
111
120
107
98
109
104
93
99
89
47
60
30
20
45
28
34
60
24
40
55
27
-1
29
18
-4
22
31
21
17
-1
10
23
49
37
40
79
121
132
135
204
143
158
150
135
161
141
144
139
134
121
109
65
99
71
47
114
46
-13
13
11
58
84
109
51
11
49
25
53
77
55
54
74
61
56
79
47
41
85
81
157
220
161
197
236
257
225
203
213
128
103
67
49
56
20
7
64
20
36
98
73
83
87
139
102
93
116
106
120
92
37
25
51
49
80
2
-17
26
24
40
54
57
75
81
27
18
41
77
45
33
31
24
43
-5
-13
-2
-10
46
25
47
47
15
36
-4
23
62
56
55
76
101
109
143
100
87
97
109
50
83
93
92
108
76
47
67
91
32
39
76
79
39
-47
-10
22
22
8
32
54
56
51
24
104
117
57
55
70
124
99
117
103
114
143
114
127
112
127
54
86
86
86
103
93
90
108
119
93
114
126
96
72
79
74
46
40
45
72
121
103
97
90
61
93
122
88
136
142
102
114
116
117
137
111
110
158
113
88
77
105
73
66
60
63
99
113
107
105
97
85
138
155
167
151
131
166
151
109
132
105
53
50
52
71
102
107
94
149
219
195
217
215
192
235
231
221
237
164
112
92
92
139
62
51
71
64
32
50
53
31
72
114
94
121
108
45
64
-38
-76
-57
-99
-57
-60
-83
-79
-75
-27
-61
-87
-57
-55
-16
-27
-14
-3
-42
6
5
10
43
61
51
21
33
36
30
84
105
106
131
143
130
101
144
101
40
83
74
76
107
90
86
132
101
128
108
109
127
120
131
88
60
33
12
22
40
15
58
87
45
81
75
83
80
50
39
65
89
32
46
38
29
89
93
91
50
1
14
28
65
34
36
42
30
17
-4
-28
-23
-67
-43
18
-26
19
47
33
48
44
95
105
140
93
61
83
56
91
46
30
-58
-64
-20
-17
37
53
83
75
75
81
85
103
58
40
60
55
17
5
16
43
34
21
31
35
61
19
39
30
