SAMPLES:	16329
BITSPERSAMPLE:	16
CHANNELS:	1
SAMPLERATE:	16000
NORMALIZED:	FALSE
17
14
-37
-29
-68
-53
-59
-50
-87
-93
-72
-133
-105
-103
-153
-117
-73
-51
-37
-52
-24
12
-14
40
62
65
48
55
82
130
143
136
141
61
94
51
95
89
85
112
94
81
94
135
138
128
107
142
114
94
55
55
45
6
-2
-39
-44
-61
-66
-70
-58
-66
-75
-47
-5
-42
-27
25
-43
-7
5
22
20
-1
28
12
31
-1
-22
24
21
47
78
95
115
146
114
145
153
164
194
167
160
160
150
149
138
135
75
-16
34
51
19
27
64
100
121
104
156
123
113
150
126
119
98
136
164
155
113
108
82
49
70
79
64
63
43
51
64
16
47
32
-5
-29
-56
-38
-30
-31
-64
-73
-56
-26
-45
33
45
26
62
119
142
82
100
86
114
80
86
121
130
149
153
170
183
164
100
129
149
172
216
180
179
208
182
144
133
86
60
24
23
23
-8
31
4
8
23
67
92
59
69
91
44
31
47
71
60
-4
-34
-81
-69
-52
-38
-36
-3
32
57
32
44
96
58
78
92
57
64
73
77
85
98
122
126
134
123
84
69
42
58
17
-7
20
-5
6
40
52
41
45
13
-72
-87
-73
-94
-97
-119
-105
-46
-37
-72
-70
-67
-91
-63
-99
-148
-144
-146
-130
-114
-103
-93
-114
-78
-61
-59
-33
-81
-46
-36
-59
-31
-86
-104
-115
-94
-95
-103
-112
-110
-94
-115
-95
-80
-140
-138
-140
-147
-159
-158
-113
-148
-86
-55
-69
-69
-63
-125
-136
-123
-114
-126
-151
-106
-76
-110
-105
-61
-59
-74
-86
-60
-70
-72
-60
-54
-27
-50
-27
-1
-9
25
-8
0
37
46
71
40
23
7
13
25
14
34
8
47
4
-43
-24
-73
-131
-125
-76
-134
-134
-194
-201
-181
-201
-155
-176
-145
-144
-133
-134
-120
-98
-116
-70
-57
-59
-46
-54
-55
-7
-19
-1
-60
-54
-26
-20
-40
-42
-28
-76
-86
-82
-100
-109
-128
-138
-155
-131
-152
-139
-128
-193
-148
-159
-148
-143
-124
-122
-116
-112
-102
-86
-65
-20
-35
-47
-34
-24
0
16
60
64
-26
-39
-72
-59
-56
-78
-30
-77
-102
-143
-142
-134
-150
-135
-161
-182
-175
-126
-153
-125
-134
-158
-123
-128
-153
-109
-98
-100
-96
-98
-101
-83
-88
-67
-16
-55
-71
-74
-49
-4
-59
-95
-110
-143
-143
-163
-208
-235
-231
-234
-293
-246
-234
-289
-226
-219
-207
-223
-267
-278
-283
-239
-253
-262
-222
-228
-218
-214
-209
-143
-145
-124
-92
-41
-57
-45
-114
-127
-86
-108
-118
-136
-128
-146
-105
-123
-176
-125
-129
-98
-71
-52
-57
-122
-101
-171
-168
-181
-218
-194
-240
-220
-212
-221
-251
-260
-226
-205
-211
-222
-191
-209
-223
-243
-189
-217
-219
-241
-266
-239
-242
-242
-246
-218
-177
-159
-171
-127
-108
-119
-97
-94
-28
-45
-12
8
6
5
-4
15
26
54
44
23
40
53
64
5
30
52
18
-16
-20
-20
-49
-40
-29
-74
-83
-58
-120
-134
-151
-201
-172
-163
-171
-162
-98
-96
-127
-114
-108
-104
-132
-121
-137
-102
-58
-74
-31
32
23
-7
-15
16
31
11
61
77
94
110
117
157
152
150
108
58
-23
-50
-62
-84
-74
-84
-93
-76
-92
-111
-69
-133
-118
-141
-139
-158
-141
-157
-185
-207
-264
-250
-250
-247
-205
-215
-192
-159
-179
-114
-120
-97
-92
-28
-44
14
64
16
41
33
66
53
46
8
-15
-21
-19
-85
-87
-45
-74
-49
-70
-73
-69
-82
-113
-84
-31
-39
-53
-99
-147
-144
-132
-112
-77
-81
-60
-37
-45
-38
16
45
10
35
44
70
12
21
-10
-64
-33
-79
-80
-88
-85
-116
-60
-69
-86
-75
-82
-40
-33
-56
-73
-63
-9
-58
-71
-83
-48
-22
-28
-36
-39
-54
-27
-18
-22
16
-56
-67
-33
-100
-112
-80
-34
0
-16
-28
-70
-36
-49
-59
-75
-87
-78
-90
-104
-111
-108
-107
-86
-91
-102
-84
-77
-33
-57
-37
-30
-19
20
77
82
69
89
94
87
107
89
22
29
12
7
27
-10
-34
-44
-68
-47
-36
-16
-56
-6
-10
-7
14
14
30
2
-27
-13
15
13
69
72
91
114
57
98
86
101
157
179
147
101
117
103
104
98
51
54
62
13
-11
6
1
13
59
6
10
35
-11
25
18
50
85
114
139
144
205
205
211
184
197
246
273
294
298
269
281
301
275
285
273
221
218
251
203
187
185
173
156
150
88
80
127
123
135
172
207
145
144
95
118
111
44
57
99
72
67
67
82
76
116
197
181
194
176
210
188
152
121
89
123
178
183
151
85
154
156
154
142
124
180
182
174
132
94
119
126
116
159
175
194
214
204
195
181
212
244
214
244
232
256
283
280
302
287
298
313
314
227
196
216
192
202
223
199
185
231
271
285
231
242
232
223
200
211
200
167
190
200
257
270
288
326
364
347
310
301
322
306
290
329
267
214
222
216
216
208
225
229
218
231
220
208
199
181
170
177
155
184
272
278
302
253
203
184
162
110
100
131
138
115
109
156
146
202
211
185
199
193
216
216
170
171
108
104
102
87
134
138
126
125
139
182
159
130
126
107
142
140
164
171
165
199
262
235
206
222
186
159
156
116
83
56
98
127
98
150
131
97
85
132
174
197
172
191
165
186
205
141
160
186
165
177
172
159
161
174
146
145
160
99
114
136
179
193
98
83
114
48
48
70
32
29
72
35
64
80
76
128
124
125
112
153
172
144
167
166
132
155
138
162
154
95
149
149
147
188
218
201
194
185
127
167
143
125
120
99
120
99
90
71
109
91
73
63
101
114
78
87
116
114
165
126
167
178
170
168
177
148
112
124
101
151
164
134
122
130
117
97
67
46
83
126
73
87
72
64
85
42
29
48
25
60
40
31
23
45
42
45
56
41
4
-26
-49
-53
-87
-116
-93
-92
-104
-56
-49
-13
-32
7
50
41
86
51
15
7
26
15
38
-16
-46
5
18
21
20
78
96
91
84
115
71
104
154
77
147
165
163
166
130
90
67
51
33
86
73
91
108
111
105
175
149
155
174
149
178
99
125
97
98
85
33
94
73
65
31
84
68
35
55
34
56
48
75
55
38
17
7
-19
-8
23
-9
6
-6
-56
-31
13
23
35
47
88
123
133
137
130
127
105
150
153
96
110
156
166
156
187
211
282
290
269
240
285
305
258
260
217
215
209
183
197
156
172
201
189
188
171
169
134
147
152
131
153
155
146
130
155
140
127
166
165
151
168
200
253
203
242
247
183
166
186
247
237
252
236
266
237
269
194
217
282
266
302
297
292
248
288
229
225
246
204
224
192
182
219
189
169
211
259
286
282
272
329
326
298
303
288
312
326
300
304
348
282
303
313
303
329
337
335
302
327
340
308
305
325
273
255
211
217
238
209
218
224
180
177
115
160
126
104
140
136
142
121
146
212
193
181
199
184
191
227
222
252
244
166
170
203
217
216
213
239
251
253
248
240
307
303
312
289
252
241
199
196
208
185
182
170
139
150
131
99
117
123
80
96
103
62
62
21
16
37
8
20
-1
7
-3
-9
-26
-19
-39
-57
-5
-26
5
56
48
46
59
-3
-11
-15
-25
-21
-23
-51
-7
-37
-9
19
29
19
29
53
9
35
21
-14
3
-63
-76
-64
-89
-76
-104
-134
-112
-112
-163
-166
-116
-142
-142
-122
-117
-104
-107
-102
-98
-112
-115
-141
-93
-56
-81
-55
-90
-110
-100
-51
-31
-21
-34
-19
19
-2
30
23
58
14
-28
-41
-70
-42
-5
-55
-87
-53
-94
-70
-42
-34
-47
-69
-70
-79
-56
-10
-32
-6
-11
-6
60
100
141
159
112
106
95
67
153
117
150
164
152
202
225
220
168
170
162
186
166
179
242
189
172
172
168
131
122
114
66
97
121
111
88
121
119
156
163
146
128
167
160
176
179
198
204
196
225
195
211
266
241
221
274
290
284
278
272
252
260
234
234
198
203
238
211
224
188
244
234
208
211
207
231
271
296
297
336
297
328
339
297
311
306
319
331
349
346
367
415
440
397
376
353
398
377
370
396
387
378
330
352
349
319
269
336
291
261
275
268
306
295
263
206
130
119
125
138
147
152
177
171
153
151
156
157
117
123
133
102
136
119
105
129
133
175
163
129
123
130
146
174
198
205
220
213
233
280
275
260
254
252
260
192
207
213
211
168
202
261
276
304
253
284
270
238
245
224
218
229
224
237
230
220
274
245
210
253
213
174
183
117
101
102
108
108
111
112
125
79
75
133
100
134
137
124
147
111
162
161
150
201
182
184
197
209
215
228
201
168
155
151
159
194
190
141
164
128
111
199
160
184
189
120
116
99
106
142
168
148
185
168
203
198
202
153
131
205
148
106
102
157
148
154
164
239
282
232
208
188
152
181
138
89
117
116
116
132
175
123
119
134
104
102
126
85
40
38
66
82
75
111
68
87
93
115
180
197
182
255
246
217
219
191
210
235
203
207
217
209
209
151
159
127
132
41
12
-20
-21
20
37
46
-17
-68
-68
-106
-102
-149
-214
-211
-233
-208
-212
-213
-232
-230
-218
-237
-213
-204
-210
-142
-131
-130
-106
-105
-112
-80
-76
-92
-69
-67
-53
-47
-51
-51
-95
-62
-52
-92
-97
-74
-60
-42
-59
-58
-51
-77
-51
-62
-98
-63
-19
-40
-67
-70
-59
-87
-94
-68
-79
-45
-82
-130
-132
-145
-135
-109
-87
-129
-79
-93
-127
-114
-170
-185
-211
-194
-197
-173
-155
-184
-165
-168
-191
-153
-185
-230
-238
-238
-204
-185
-145
-174
-115
-126
-124
-93
-112
-116
-151
-134
-102
-134
-119
-138
-154
-103
-97
-100
-42
1
-1
11
-6
-4
-19
-52
-47
-34
-30
-40
-62
-86
-15
6
-10
0
0
20
32
-1
-8
7
22
29
2
-2
-54
-53
-91
-101
-83
-97
-87
-78
-70
-79
-104
-125
-153
-159
-143
-83
-104
-102
-87
-79
-78
-62
-41
-54
-23
-5
34
40
49
68
155
143
96
78
97
47
53
61
35
27
3
32
20
59
37
45
43
17
-45
-3
-36
-66
-61
-37
-31
-62
-21
11
-3
-10
-9
-28
-13
-36
-3
7
-11
-39
-61
-54
-50
-67
-64
-87
-87
-85
-137
-119
-113
-110
-80
-87
-110
-118
-87
-72
-58
-74
-49
-100
-105
-91
-67
-52
-49
-10
-52
-48
-34
-29
-10
8
15
26
50
84
128
85
50
84
82
56
35
4
15
72
101
81
63
4
-36
-35
-61
-50
-38
-72
-54
-31
-62
-53
-53
-81
-94
-96
-73
-49
-103
-138
-120
-127
-141
-172
-150
-194
-189
-183
-206
-218
-227
-178
-167
-148
-175
-162
-148
-100
-73
-65
-58
-61
-64
-76
-89
-115
-101
-77
-64
-34
-3
1
13
-19
-28
-34
-77
-139
-162
-204
-222
-229
-234
-252
-311
-276
-253
-254
-262
-322
-302
-265
-259
-242
-256
-269
-280
-244
-243
-264
-269
-266
-246
-235
-205
-188
-203
-153
-108
-100
-94
-96
-104
-107
-111
-138
-161
-112
-136
-172
-127
-152
-126
-129
-142
-186
-180
-157
-192
-201
-220
-229
-177
-210
-223
-259
-323
-290
-291
-300
-319
-301
-344
-337
-331
-309
-308
-321
-244
-244
-253
-222
-242
-234
-252
-281
-265
-286
-231
-213
-216
-191
-144
-185
-205
-195
-153
-173
-139
-148
-148
-166
-146
-158
-219
-178
-173
-134
-152
-127
-111
-112
-87
-113
-146
-155
-210
-206
-198
-203
-216
-239
-180
-201
-135
-200
-223
-163
-176
-119
-128
-117
-131
-160
-167
-136
-138
-136
-130
-103
-139
-142
-143
-130
-145
-151
-165
-186
-135
-141
-165
-133
-103
-116
-99
-135
-124
-139
-85
-130
-136
-133
-145
-142
-227
-196
-199
-183
-187
-215
-177
-220
-204
-136
-144
-140
-137
-129
-126
-130
-106
-108
-102
-107
-151
-181
-132
-94
-94
-144
-78
-39
-77
-44
-55
-36
-116
-81
-96
-143
-135
-171
-137
-154
-129
-172
-183
-157
-167
-184
-175
-217
-165
-147
-162
-183
-197
-189
-154
-108
-144
-123
-137
-149
-135
-146
-152
-134
-143
-131
-117
-117
-91
-62
-35
-43
-35
-13
-6
54
14
3
10
8
25
-58
-66
-80
-74
-67
-77
-94
-130
-131
-120
-127
-162
-130
-152
-133
-180
-187
-209
-201
-227
-232
-232
-259
-299
-279
-220
-229
-189
-215
-194
-169
-207
-216
-202
-180
-123
-97
-80
-90
-58
-112
-153
-118
-139
-175
-159
-162
-244
-169
-170
-185
-155
-174
-174
-192
-197
-173
-134
-155
-148
-120
-159
-198
-211
-210
-191
-214
-168
-152
-184
-196
-172
-126
-98
-100
-132
-74
-78
-43
-11
0
5
-6
-15
13
25
8
29
42
34
37
67
32
-5
14
15
0
-5
5
38
-8
17
21
-21
-53
-76
-62
-73
-27
-49
-55
19
17
-41
-37
-64
-54
-50
-28
-2
23
3
43
66
65
49
116
170
146
140
152
144
108
172
150
176
187
203
197
205
222
196
198
224
203
175
137
136
82
32
34
-17
40
61
17
-2
17
48
13
51
26
58
61
-11
23
4
72
46
53
52
66
116
154
165
171
209
193
194
198
202
214
227
234
209
185
207
159
162
195
185
173
161
172
173
188
189
219
204
214
220
162
157
165
192
148
173
143
153
126
134
127
96
57
35
65
50
74
100
130
112
121
173
185
255
273
273
250
233
227
219
214
171
198
178
146
160
198
199
171
139
163
210
199
188
176
149
142
116
136
162
104
138
131
105
111
84
73
96
125
162
173
189
183
210
239
270
249
220
285
221
170
231
247
233
194
197
207
227
220
232
195
196
193
197
162
163
155
108
140
130
122
153
151
172
199
183
210
185
194
216
167
212
177
183
209
177
147
117
121
99
122
80
97
93
124
200
157
170
184
206
184
174
176
165
171
211
205
202
203
148
205
178
198
209
168
131
146
195
175
226
217
197
204
238
184
199
211
227
228
238
221
226
182
144
123
82
75
76
117
132
154
171
182
171
199
253
240
237
244
238
252
258
247
223
254
251
297
302
246
256
246
225
239
224
248
220
180
222
204
220
201
214
223
193
171
115
93
80
119
73
77
127
159
221
166
146
196
170
177
147
138
128
152
179
126
154
140
180
140
139
223
164
145
177
166
185
187
238
248
230
219
183
153
121
133
143
145
128
123
118
87
92
116
111
126
95
41
29
50
78
75
82
103
85
60
81
66
75
93
112
109
101
117
127
163
156
167
220
179
178
183
183
166
132
118
85
122
98
127
100
140
118
114
111
91
75
69
15
-46
28
12
-2
-6
-20
-32
-4
-3
-14
6
31
19
61
77
98
133
172
186
167
155
95
83
130
169
140
113
126
94
114
113
103
126
97
165
132
105
111
85
91
34
42
85
49
28
45
44
36
-15
12
15
-1
-22
-22
45
35
35
69
62
63
117
97
69
107
81
96
146
177
141
167
155
77
93
63
63
63
67
99
133
187
149
140
189
132
126
126
127
106
85
107
116
72
87
117
114
128
118
139
168
121
137
109
103
103
94
87
48
38
67
34
19
-9
-31
-12
-61
-29
5
22
10
24
62
134
143
123
137
174
179
178
210
205
183
214
217
213
183
132
138
109
126
124
78
82
137
134
128
139
55
61
83
120
76
47
46
40
52
39
16
-16
-47
-57
-26
-25
7
21
40
0
-13
-15
-91
-60
-61
-30
-71
-96
-47
-19
-50
-64
-111
-98
-40
-75
-5
15
50
74
67
73
117
73
57
31
4
7
-23
-28
-46
4
-19
-47
-25
-8
-20
-13
10
-2
38
15
39
20
-3
-82
-122
-125
-185
-217
-213
-181
-227
-200
-203
-174
-143
-140
-115
-197
-136
-116
-133
-184
-240
-185
-171
-175
-164
-162
-220
-174
-155
-157
-163
-144
-80
-95
-108
-70
-49
-52
-19
-7
-34
-28
-1
-23
-22
-36
-63
-100
-99
-95
-39
-13
-55
-69
-63
-88
-95
-76
-66
-78
-84
-145
-136
-157
-190
-158
-218
-218
-212
-300
-336
-294
-359
-351
-333
-341
-330
-337
-353
-356
-342
-366
-359
-345
-304
-251
-255
-246
-182
-163
-158
-175
-159
-156
-192
-224
-190
-150
-142
-152
-123
-118
-91
-52
-80
-75
-115
-134
-135
-141
-170
-178
-194
-182
-193
-240
-296
-315
-281
-272
-311
-303
-347
-387
-357
-354
-312
-260
-315
-309
-296
-328
-349
-370
-375
-340
-379
-399
-422
-488
-453
-461
-437
-404
-360
-350
-363
-368
-318
-303
-323
-274
-304
-298
-259
-231
-299
-315
-267
-258
-258
-233
-199
-246
-234
-218
-242
-288
-303
-263
-332
-334
-296
-231
-233
-258
-226
-240
-239
-222
-205
-227
-235
-246
-241
-273
-256
-261
-235
-238
-231
-182
-126
-154
-200
-154
-140
-153
-184
-163
-164
-149
-136
-124
-76
-106
-101
-74
-94
-105
-81
-119
-143
-112
-168
-148
-141
-145
-131
-74
-86
-116
-62
-23
-19
-53
-79
-84
-99
-17
-26
-62
-13
-51
-36
-114
-138
-115
-190
-147
-162
-150
-119
-138
-112
-128
-112
-123
-108
-157
-169
-183
-168
-192
-186
-198
-190
-237
-230
-186
-193
-171
-200
-150
-201
-177
-126
-61
-32
-39
-19
4
41
10
23
31
25
43
31
28
54
67
41
50
76
13
27
33
40
78
100
69
95
75
34
26
18
17
0
-33
-2
-6
-8
8
1
-20
-39
-59
-82
-87
-105
-132
-111
-110
-69
-68
-60
-61
-39
-41
-62
-53
-52
17
-8
37
45
32
59
62
38
56
90
94
95
75
133
148
145
156
168
119
104
79
55
52
-17
-58
-83
-108
-144
-124
-139
-171
-154
-152
-172
-143
-127
-198
-188
-194
-156
-155
-140
-83
-87
-81
-91
-67
-71
-93
-92
-89
-91
-55
-67
-74
-97
-53
-74
-95
-96
-114
-57
-55
-80
-90
-62
-69
-58
-49
-37
-90
-94
-93
-115
-60
-79
-85
-82
-21
-14
-17
-15
-44
-62
-37
-4
3
41
37
8
15
-6
-21
-14
-5
-58
-93
-60
-104
-140
-156
-154
-177
-135
-153
-166
-167
-112
-95
-122
-103
-52
-42
-72
-44
-37
-13
-18
-8
-14
15
33
37
40
50
21
-27
-30
-70
-38
-44
-66
-14
-17
38
15
20
-1
-30
-24
-54
-103
-77
-43
-55
-45
-20
-3
-9
6
11
15
-14
-5
-13
-6
-33
31
16
59
105
61
146
88
87
106
119
95
48
22
65
73
65
56
53
34
1
7
29
-2
-19
-4
27
29
-7
43
55
48
77
27
-22
-27
-24
-2
9
30
18
3
-31
-20
12
5
5
17
-13
-22
3
12
-6
24
3
-8
32
21
47
81
60
16
53
55
26
-3
-6
0
20
47
74
96
127
92
106
79
18
-14
-6
-34
-94
-54
-49
-67
-53
-52
-24
-12
14
17
-1
-46
-56
-83
-93
-102
-138
-128
-114
-111
-65
-84
-105
-116
-89
-45
-111
-78
-81
-103
-103
-80
-71
-112
-117
-142
-159
-135
-111
-97
-108
-113
-109
-110
-92
-12
-13
40
51
33
31
7
9
-12
-15
25
19
-20
-40
-45
-48
-42
-79
-78
-68
-97
-102
-118
-134
-157
-142
-157
-164
-100
-148
-156
-108
-155
-172
-126
-115
-115
-98
-85
-77
-45
-43
-24
-3
30
29
7
58
21
13
-48
-47
-11
6
14
47
39
16
67
20
4
37
16
-19
-4
-15
-50
-40
-3
21
15
8
0
32
32
-8
39
3
26
38
81
124
105
96
99
85
106
107
72
65
50
66
101
125
89
127
124
70
92
96
91
44
36
103
37
45
71
27
26
48
92
92
108
109
162
180
173
185
167
204
166
213
251
313
282
240
324
328
345
325
288
301
282
268
262
222
216
198
192
213
157
88
74
75
103
80
94
101
97
109
143
151
103
149
158
137
153
154
156
109
89
101
104
70
35
109
108
125
154
178
233
211
252
261
308
295
312
280
279
237
223
202
138
202
165
175
183
248
229
219
283
298
281
280
319
291
278
257
253
248
222
222
184
173
140
84
123
179
173
151
164
206
233
210
245
298
309
312
272
291
235
231
245
216
240
286
289
271
256
249
253
273
283
297
311
336
284
247
161
152
130
61
97
123
125
102
149
81
28
15
14
13
1
2
-34
-21
-74
-87
-71
-123
-68
-41
-18
-4
33
22
26
12
37
20
24
57
84
102
53
45
46
41
47
56
23
98
85
69
121
100
79
120
138
127
142
141
136
156
121
142
108
79
113
131
146
129
140
136
116
163
120
73
57
44
32
-11
0
-23
-44
-101
-76
-68
-30
-2
-45
-87
-127
-34
-14
-63
-82
-133
-147
-173
-164
-185
-197
-170
-200
-217
-201
-198
-136
-127
-119
-111
-110
-20
-31
-19
-27
-22
-44
-68
-42
-94
-110
-111
-133
-182
-163
-165
-175
-140
-126
-98
-106
-135
-81
-64
-64
-37
-68
-59
-89
-116
-78
-114
-141
-115
-143
-161
-187
-174
-177
-171
-137
-129
-105
-72
-63
-54
-18
-46
-51
-35
-57
-81
-89
-116
-104
-110
-135
-175
-121
-134
-180
-164
-188
-135
-153
-161
-115
-136
-148
-129
-95
-102
-145
-142
-182
-177
-143
-188
-179
-180
-190
-200
-163
-188
-233
-190
-207
-189
-209
-203
-194
-222
-181
-145
-124
-137
-110
-139
-148
-126
-106
-87
-140
-162
-156
-166
-173
-141
-138
-103
-126
-133
-114
-49
-34
-40
23
16
-12
-46
26
42
11
-34
-36
-60
-68
-36
-36
-42
-59
-37
-4
2
-26
-25
-28
-33
-69
-63
-57
-81
-125
-119
-92
-103
-123
-138
-162
-183
-190
-179
-165
-186
-159
-164
-143
-134
-118
-102
-58
-83
-78
-83
-116
-112
-127
-99
-118
-106
-99
-74
-73
-80
-87
-75
-59
-30
-53
-78
-7
-31
-6
40
50
38
7
-5
13
-18
-51
-72
-71
-60
-54
-37
-10
18
46
95
96
57
53
77
70
64
84
80
89
124
112
181
178
151
178
172
223
211
204
211
239
271
280
330
337
385
370
358
354
330
315
299
264
267
289
287
312
312
328
280
287
271
275
267
226
242
237
251
275
268
196
240
230
258
266
284
315
314
324
261
269
257
224
183
202
229
202
240
182
225
220
237
234
184
208
210
249
255
238
215
276
276
335
345
339
378
335
323
359
368
373
360
327
326
335
354
353
349
344
345
344
357
348
325
256
306
273
224
202
238
218
227
293
261
247
211
172
166
174
160
159
164
170
191
180
204
224
215
197
235
221
234
262
185
212
211
230
276
254
271
271
254
263
257
237
264
283
267
229
256
276
272
264
206
264
299
249
260
229
229
237
276
279
285
277
248
307
272
261
264
296
287
302
326
328
308
317
288
292
294
303
299
268
280
246
267
243
257
265
251
246
277
279
275
253
251
258
278
305
252
270
258
232
242
220
247
244
292
285
287
288
248
322
309
294
235
181
192
213
199
175
166
158
170
163
126
138
152
146
182
225
182
191
168
147
196
157
195
209
161
174
198
171
169
166
156
181
162
150
149
122
133
135
157
212
183
184
172
178
206
231
242
264
254
233
260
231
221
194
214
221
161
153
125
120
104
143
108
162
158
147
144
133
200
162
127
129
135
117
86
78
37
40
89
90
89
125
181
198
221
189
183
261
261
230
239
210
224
208
215
252
254
271
231
200
231
251
241
218
191
182
142
110
115
106
112
88
131
87
125
109
85
109
87
117
108
87
74
79
128
121
130
132
124
131
153
147
156
153
125
125
108
99
56
106
100
90
111
146
88
69
103
100
79
97
101
73
32
15
60
49
51
42
57
84
101
161
193
190
227
206
162
228
241
247
276
211
220
236
197
184
203
165
168
188
148
180
190
178
152
162
171
146
150
120
174
187
216
235
223
217
173
153
220
167
158
180
108
100
73
54
39
38
31
22
8
27
-13
-21
-21
7
-26
-77
-108
-133
-105
-164
-154
-170
-161
-181
-225
-209
-197
-192
-202
-194
-189
-171
-141
-84
-73
-111
-162
-175
-128
-133
-134
-170
-174
-155
-165
-128
-78
-53
-52
4
40
100
150
200
223
241
379
378
393
430
450
537
567
627
623
665
663
713
717
717
778
729
780
813
796
807
838
830
837
866
805
791
779
760
717
720
725
697
699
642
645
613
617
521
520
500
450
414
374
366
300
235
215
183
157
113
18
-25
-129
-218
-250
-284
-345
-392
-361
-400
-488
-478
-562
-615
-658
-678
-758
-782
-820
-838
-844
-853
-878
-929
-912
-966
-979
-1037
-1049
-1113
-1115
-1074
-1026
-1018
-1052
-979
-827
-746
-639
-589
-487
-374
-284
-72
87
206
319
406
528
690
808
938
976
992
1136
1251
1372
1386
1410
1416
1471
1587
1608
1637
1622
1558
1522
1528
1526
1428
1344
1200
1148
1150
1121
1052
924
830
739
732
716
673
594
524
495
504
494
420
390
414
359
367
440
404
445
416
435
481
465
497
453
397
414
404
358
362
273
243
241
196
133
77
27
-7
-32
-137
-166
-233
-252
-330
-389
-462
-536
-632
-697
-762
-791
-829
-890
-898
-973
-1001
-985
-1002
-1066
-1090
-1162
-1227
-1305
-1369
-1372
-1341
-1372
-1343
-1384
-1389
-1323
-1234
-1115
-1019
-930
-845
-725
-528
-323
-143
-9
131
279
452
622
776
817
883
1007
1138
1268
1303
1325
1312
1386
1517
1591
1617
1548
1493
1489
1525
1598
1521
1398
1322
1300
1247
1212
1113
951
796
707
650
622
563
450
362
321
277
247
227
147
63
19
21
41
4
-2
-49
4
-2
62
108
21
7
8
13
51
56
49
100
104
96
139
140
69
66
50
13
-31
-51
-53
-33
-54
-47
-33
-86
-168
-190
-190
-201
-279
-357
-419
-451
-501
-542
-559
-582
-599
-635
-663
-746
-731
-804
-862
-931
-984
-1038
-1123
-1108
-1123
-1165
-1231
-1239
-1281
-1292
-1216
-1157
-1101
-1075
-1006
-915
-738
-551
-437
-322
-235
-99
56
178
262
273
311
432
526
672
748
748
820
889
956
1034
1037
1022
990
1038
1073
1097
1098
1037
1010
980
978
954
948
848
751
687
621
606
544
403
312
268
218
236
164
87
50
6
-1
-18
-12
-21
-41
-27
12
19
-15
20
47
44
82
146
164
204
138
146
207
197
234
181
207
208
229
242
205
197
244
266
263
273
196
125
75
-5
-43
-99
-145
-192
-243
-295
-361
-390
-451
-593
-605
-669
-782
-781
-916
-987
-1062
-1138
-1172
-1257
-1382
-1441
-1478
-1600
-1583
-1644
-1699
-1737
-1767
-1672
-1551
-1499
-1464
-1395
-1248
-1090
-907
-760
-638
-550
-448
-284
-131
-49
-22
77
239
397
509
553
631
700
786
922
1015
1034
1045
1053
1087
1173
1185
1217
1138
1125
1163
1083
1063
1021
926
830
786
756
742
733
753
714
683
670
628
625
536
480
441
411
348
321
309
269
283
326
300
279
246
225
202
157
176
140
126
126
126
154
176
124
72
50
24
-16
-58
-91
-108
-121
-130
-136
-136
-145
-161
-195
-227
-237
-260
-288
-320
-306
-373
-408
-377
-380
-443
-462
-489
-525
-598
-645
-720
-790
-855
-947
-949
-972
-1084
-1148
-1193
-1232
-1222
-1281
-1348
-1381
-1378
-1336
-1300
-1285
-1173
-1057
-985
-937
-786
-712
-648
-506
-423
-315
-232
-114
-3
96
150
251
368
474
566
606
675
778
843
887
894
885
911
979
982
1014
1033
993
1037
1024
1034
1070
1078
1011
990
1022
1033
989
956
941
892
861
842
797
763
744
685
648
607
544
515
510
433
395
369
332
281
224
169
172
133
24
-7
-28
-80
-108
-108
-117
-132
-197
-171
-181
-221
-209
-228
-208
-254
-226
-204
-240
-221
-214
-219
-182
-242
-234
-200
-251
-227
-230
-218
-277
-259
-286
-325
-315
-401
-401
-435
-503
-540
-572
-546
-620
-730
-787
-814
-824
-916
-908
-964
-1001
-1069
-1103
-1165
-1206
-1189
-1188
-1134
-1124
-1014
-967
-872
-791
-691
-564
-505
-407
-280
-206
-139
-70
-18
114
189
320
400
446
510
528
632
615
658
679
681
744
809
862
868
864
893
970
949
974
1018
1005
1008
987
997
999
906
872
846
850
809
770
716
694
665
604
569
531
485
408
342
309
314
255
218
209
171
67
34
29
-36
-68
-113
-110
-132
-190
-232
-365
-391
-369
-379
-387
-412
-432
-423
-446
-380
-349
-372
-375
-331
-347
-285
-218
-239
-203
-194
-154
-154
-131
-122
-137
-180
-193
-207
-239
-301
-309
-340
-403
-405
-444
-524
-592
-646
-684
-724
-727
-785
-836
-877
-930
-933
-1039
-1112
-1190
-1186
-1181
-1156
-1139
-1062
-1032
-1013
-877
-834
-775
-686
-634
-549
-460
-355
-327
-221
-132
-75
54
110
197
241
330
387
432
505
517
578
623
674
739
764
830
854
876
842
842
881
854
847
840
834
814
769
775
730
750
714
700
631
604
558
495
431
371
372
325
275
187
98
66
7
-43
-121
-158
-224
-298
-342
-394
-432
-477
-492
-523
-497
-509
-518
-497
-482
-481
-465
-452
-490
-454
-451
-439
-423
-413
-364
-387
-351
-302
-252
-264
-207
-172
-194
-165
-158
-132
-155
-119
-59
-85
-82
-57
-72
-76
-85
-111
-119
-204
-329
-358
-418
-495
-546
-608
-685
-755
-800
-924
-954
-991
-1085
-1098
-1181
-1215
-1260
-1234
-1213
-1233
-1236
-1180
-1128
-1085
-1056
-983
-857
-810
-728
-606
-527
-442
-331
-265
-220
-134
-59
23
66
112
226
232
295
370
370
431
471
524
578
573
526
516
541
656
653
617
612
574
589
556
558
554
562
556
534
532
481
466
438
396
360
293
257
199
141
111
81
87
87
35
-32
-108
-162
-214
-254
-292
-314
-316
-328
-366
-387
-345
-390
-407
-416
-413
-372
-363
-399
-383
-382
-351
-311
-272
-257
-246
-163
-121
-31
-25
16
-26
12
44
86
94
57
55
8
60
0
-47
-100
-143
-181
-206
-256
-349
-421
-452
-502
-594
-685
-737
-757
-818
-874
-888
-888
-975
-949
-981
-997
-984
-1016
-1017
-997
-988
-1012
-914
-865
-797
-762
-706
-663
-583
-570
-551
-466
-429
-418
-360
-293
-302
-207
-145
-72
-35
-1
24
106
92
97
144
126
152
195
238
279
324
359
432
423
428
469
462
452
493
493
529
518
480
483
434
448
438
475
397
373
355
328
302
279
261
206
180
60
16
-74
-129
-191
-248
-261
-322
-356
-401
-454
-491
-523
-568
-574
-570
-536
-516
-529
-492
-468
-434
-420
-419
-391
-324
-316
-297
-245
-192
-180
-136
-75
-50
-8
46
77
95
85
73
70
109
87
40
41
19
23
8
-58
-127
-164
-250
-283
-311
-348
-444
-449
-457
-481
-551
-626
-608
-620
-670
-751
-781
-821
-856
-863
-902
-926
-945
-959
-957
-994
-984
-999
-982
-951
-941
-926
-864
-818
-797
-760
-715
-650
-628
-571
-520
-480
-447
-389
-309
-277
-217
-158
-130
-78
16
81
111
151
214
283
265
309
372
412
455
505
493
498
480
449
493
469
531
540
495
532
508
514
424
423
396
297
271
274
227
149
63
-4
-56
-95
-149
-149
-194
-232
-186
-236
-201
-238
-195
-154
-178
-157
-206
-154
-152
-162
-114
-100
-81
20
32
46
64
35
71
47
-3
-23
-6
-6
1
3
-11
-5
-61
-68
-13
-39
-55
-45
-129
-137
-176
-225
-264
-265
-321
-339
-332
-394
-387
-443
-503
-570
-559
-604
-638
-681
-675
-685
-741
-731
-774
-806
-831
-862
-905
-890
-869
-894
-861
-866
-818
-806
-786
-757
-797
-769
-742
-694
-652
-553
-482
-444
-370
-282
-257
-222
-137
-110
-44
-40
-20
-4
34
89
79
164
185
236
259
274
275
280
291
326
327
343
368
371
375
344
357
377
406
342
313
289
241
253
185
150
131
148
119
92
55
-5
-29
-28
-82
-43
-67
-85
-65
-109
-86
-79
-97
-116
-98
-133
-101
-118
-173
-190
-200
-208
-224
-167
-151
-140
-143
-91
-119
-98
-108
-134
-108
-134
-119
-138
-176
-163
-127
-136
-141
-161
-73
-115
-163
-157
-152
-162
-179
-185
-206
-245
-222
-231
-296
-341
-342
-303
-287
-301
-317
-364
-384
-396
-349
-327
-356
-357
-391
-451
-462
-456
-418
-478
-512
-541
-612
-576
-610
-617
-647
-652
-628
-648
-618
-696
-659
-629
-632
-637
-635
-582
-589
-530
-490
-429
-386
-337
-308
-239
-142
-125
-56
21
68
118
129
157
177
233
257
305
367
398
442
436
446
460
510
501
488
530
516
469
444
442
403
370
339
303
272
198
163
76
23
-10
-21
-54
-71
-75
-151
-191
-198
-263
-278
-275
-275
-300
-342
-359
-307
-307
-263
-184
-204
-206
-143
-124
-144
-75
-82
-80
-39
4
37
259
999
957
-566
-529
1371
2160
1182
301
501
640
952
1190
975
535
100
454
517
206
-265
-897
-699
49
354
-460
-1101
-1444
-1528
-905
-402
-509
-951
-1678
-1942
-1165
-660
-941
-1227
-1238
-1128
-1083
-1048
-902
-967
-1173
-1012
-364
-189
-310
-469
-1028
-769
153
567
403
-162
-657
-330
495
980
893
522
207
507
985
1097
1015
799
627
809
1285
1439
1177
766
770
1223
1707
1756
1006
404
664
1335
1561
1215
712
426
568
989
900
388
238
347
302
318
214
-232
-399
-102
-91
-405
-507
-508
-456
-198
-166
-438
-664
-738
-609
-117
-46
-417
-692
-410
61
50
-38
-363
-451
159
497
173
-302
-501
3
173
-121
-165
-401
-551
-510
-387
-229
-388
-840
-1179
-1054
-749
-918
-1329
-1438
-1338
-1622
-1725
-1617
-1814
-2031
-2204
-2459
-2290
-1903
-2218
-2714
-2277
-1621
-2139
-2616
-2619
-1957
-969
-1033
-1614
-1729
-989
-349
-348
-403
-94
412
581
670
1082
1316
1510
1462
1549
2046
2322
2068
1636
1876
2397
2596
2404
1989
1787
1722
1653
1768
1865
1551
1054
811
851
944
743
298
144
249
175
-56
-220
-223
-50
-157
-301
-269
-274
-301
-339
-211
15
199
-66
-217
-101
158
347
311
227
278
345
276
369
554
626
551
341
329
495
456
150
154
327
201
-34
-409
-454
-335
-198
-463
-845
-925
-1013
-1071
-1094
-1145
-1381
-1695
-1741
-1720
-1866
-1906
-2105
-2353
-2302
-2199
-2377
-2783
-3067
-3163
-3144
-2781
-2317
-2610
-3401
-3839
-3412
-2118
-1367
-2030
-3004
-2862
-1511
-378
-480
-1057
-870
65
829
1161
1133
1138
1524
1911
2398
2718
2711
2396
2326
2838
3561
3711
3117
2532
2664
3013
3129
2624
1971
1862
2028
1966
1411
1043
768
639
613
444
116
-342
-610
-331
-192
-438
-796
-1008
-951
-687
-538
-807
-914
-872
-700
-485
-444
-386
-380
-313
-49
265
222
90
223
509
695
672
490
317
452
719
621
279
130
156
34
-25
-104
-362
-528
-610
-741
-893
-879
-1142
-1594
-1729
-1589
-1641
-1987
-2372
-2585
-2630
-2440
-2534
-3043
-3401
-3309
-3335
-3519
-3113
-2571
-2883
-3872
-4306
-3596
-1856
-1086
-2247
-3519
-2859
-820
314
-132
-979
-571
693
1561
1693
1459
1709
2267
2735
3140
3371
3300
2949
3052
3721
4298
3984
3225
2900
3249
3636
3443
2802
2287
2291
2293
2002
1644
1398
1165
812
563
390
246
-63
-370
-418
-397
-512
-782
-922
-872
-747
-788
-888
-829
-778
-689
-666
-578
-283
-304
-401
-247
42
183
228
214
265
413
529
528
568
570
621
609
437
386
415
251
-44
-178
-283
-378
-591
-784
-1008
-1140
-1348
-1625
-1861
-2002
-2114
-2352
-2661
-2975
-3099
-3252
-3548
-3827
-4075
-3836
-3097
-3103
-4162
-5034
-4721
-3129
-1816
-2370
-3877
-4069
-2276
-475
-340
-1259
-1350
-13
1217
1631
1484
1574
2321
3038
3429
3597
3776
3801
3891
4396
4927
4993
4423
3999
4186
4650
4705
4114
3383
3115
3267
3196
2580
2009
1634
1378
1075
734
403
-8
-444
-624
-696
-831
-1059
-1326
-1467
-1399
-1411
-1563
-1539
-1441
-1354
-1388
-1334
-1100
-921
-847
-810
-582
-279
-165
-163
-114
90
389
559
530
497
578
617
657
649
498
354
208
157
67
-46
-298
-617
-708
-782
-1007
-1274
-1630
-1803
-1911
-2159
-2586
-2852
-2989
-3289
-3616
-4032
-3678
-2791
-2885
-4163
-5207
-4603
-2515
-1417
-2702
-4380
-3949
-1701
-88
-550
-1680
-1273
228
1315
1533
1298
1559
2296
2802
3056
3333
3529
3497
3619
4039
4609
4689
4069
3887
4093
4324
4311
3801
3284
3210
3311
3170
2880
2476
2024
1706
1403
1369
1339
908
471
154
41
52
-96
-396
-593
-707
-851
-836
-737
-723
-701
-950
-973
-690
-645
-708
-737
-626
-462
-387
-410
-295
-106
-27
-65
-153
-132
-22
-25
-84
-37
-59
-158
-295
-382
-337
-299
-563
-877
-981
-1124
-1169
-1297
-1629
-1775
-1820
-2005
-2410
-2698
-2847
-2901
-3172
-3304
-2639
-2416
-3244
-4275
-4398
-2806
-1261
-1909
-3700
-4126
-2433
-359
-125
-1398
-1685
-339
1105
1590
1243
1266
2153
2731
2879
2983
3281
3566
3630
3786
4106
4445
4006
3663
4027
4240
4166
3595
2967
3012
3310
3209
2685
2237
1941
1822
1632
1307
1222
904
461
146
-48
45
29
-233
-430
-527
-578
-560
-510
-506
-436
-520
-719
-515
-275
-224
-247
-275
-158
27
50
-1
141
215
166
132
103
102
86
-50
-175
-236
-271
-354
-528
-651
-664
-939
-1255
-1404
-1358
-1308
-1543
-1936
-2281
-2357
-2350
-2435
-2740
-3108
-3368
-3138
-2319
-2206
-3261
-4393
-4229
-2295
-923
-1773
-3588
-3892
-1915
212
355
-1137
-1728
-454
1230
1843
1328
977
1596
2259
2690
2831
2879
2904
2919
3153
3508
3797
3526
3160
3163
3425
3668
3302
2602
2424
2720
2912
2677
1986
1354
1292
1477
1593
1334
621
82
36
252
397
304
-104
-369
-399
-263
-91
-99
-162
-231
-353
-339
-92
47
-45
-83
88
185
179
52
96
303
364
227
-28
-45
29
10
-99
-204
-291
-418
-526
-725
-877
-1056
-1167
-1354
-1640
-1810
-1890
-2036
-2245
-2422
-2573
-2711
-2782
-3021
-3384
-3326
-2481
-1905
-2732
-3900
-4139
-2629
-674
-769
-2588
-3474
-1934
236
895
-104
-957
-186
1176
1982
1841
1656
2113
2579
2645
2741
3062
3301
3160
3088
3316
3601
3373
2886
3034
3247
3133
2569
1980
1832
2215
2308
1731
1206
965
917
804
650
560
354
-59
-342
-391
-281
-284
-386
-533
-589
-567
-484
-315
-118
-27
-92
-153
-18
269
427
385
335
403
576
659
597
624
704
755
692
501
502
549
359
303
178
-64
-194
-291
-492
-715
-944
-1266
-1439
-1547
-1789
-2192
-2504
-2638
-2714
-2778
-3082
-3446
-3680
-3522
-2848
-2439
-3015
-4015
-4326
-3130
-1355
-1395
-2830
-3603
-2458
-453
481
-252
-1151
-448
1003
1822
1786
1619
2109
2730
2963
2998
3101
3405
3573
3596
3457
3565
3557
3305
3263
3226
3245
2868
2227
1918
1997
2086
1799
1247
723
508
347
224
204
-25
-392
-701
-862
-766
-541
-591
-867
-1090
-1011
-807
-621
-546
-576
-653
-699
-394
-149
-89
-74
-22
132
236
399
460
553
631
614
527
465
557
466
308
171
-100
-245
-457
-644
-745
-991
-1229
-1517
-1667
-1747
-1910
-2087
-2380
-2662
-2732
-2792
-3080
-3393
-3442
-3108
-2338
-2357
-3375
-4064
-3542
-1860
-843
-1754
-3033
-2781
-1025
444
464
-371
-455
621
1617
1946
1762
1926
2552
2638
2617
2786
3067
3314
3332
3157
3119
3302
3178
2972
2857
2855
2767
2392
1964
1714
1730
1814
1550
1130
615
337
287
360
364
-62
-567
-870
-760
-466
-419
-721
-1052
-1060
-907
-813
-705
-583
-554
-539
-457
-292
-91
2
22
137
202
217
161
235
385
386
323
151
111
133
101
-20
-75
-139
-397
-740
-829
-811
-926
-1291
-1690
-1874
-1847
-1838
-2194
-2583
-2732
-2710
-2795
-3182
-3539
-3314
-2550
-2357
-3179
-4047
-3867
-2370
-1166
-1678
-2921
-3001
-1461
46
176
-710
-861
178
1245
1610
1414
1506
2098
2553
2663
2743
2994
3154
3241
3274
3294
3339
3209
3071
3063
2992
2806
2448
2113
2067
2108
1967
1437
1048
842
751
559
269
26
-120
-254
-504
-660
-677
-598
-661
-774
-842
-874
-785
-720
-687
-616
-701
-686
-424
-276
-248
-260
-184
-33
69
132
29
91
226
160
-67
-110
-10
-197
-459
-587
-603
-728
-924
-1176
-1392
-1527
-1641
-1863
-2104
-2140
-2312
-2590
-2747
-2852
-2922
-2936
-3129
-3414
-3423
-2766
-2440
-3002
-3662
-3616
-2467
-1218
-1355
-2424
-2681
-1497
-76
358
-228
-620
120
1078
1610
1645
1638
2034
2282
2480
2683
2895
2967
2873
2913
3040
3165
3013
2755
2666
2691
2580
2194
1758
1590
1751
1731
1208
697
429
454
523
177
-201
-430
-419
-493
-629
-662
-613
-674
-878
-879
-752
-551
-482
-518
-528
-489
-384
-130
81
114
115
59
194
422
501
429
260
265
232
194
170
20
-214
-370
-472
-636
-829
-1141
-1378
-1455
-1644
-1919
-2234
-2435
-2534
-2650
-2839
-3063
-3301
-3495
-3460
-3497
-3716
-3622
-3078
-2724
-3208
-3751
-3611
-2468
-1187
-1335
-2435
-2681
-1259
277
578
-69
-374
491
1559
2035
1935
1974
2435
2731
2726
2759
3015
3246
3120
2962
2970
3047
3000
2739
2568
2394
2256
2015
1522
1350
1519
1408
947
468
203
330
385
-3
-277
-532
-618
-591
-659
-675
-704
-834
-945
-883
-821
-584
-481
-593
-573
-570
-437
-103
132
135
89
149
388
580
613
620
569
455
447
452
371
338
168
-48
-225
-310
-498
-728
-971
-1222
-1410
-1735
-2061
-2243
-2382
-2589
-2766
-3120
-3456
-3617
-3656
-3699
-3998
-3974
-3393
-3143
-3767
-4192
-3853
-2603
-1544
-2153
-3091
-2710
-1070
158
126
-565
-450
716
1730
2024
1968
2090
2666
3029
3044
3198
3467
3607
3457
3321
3280
3519
3473
3213
3036
2755
2534
2292
1913
1689
1659
1392
926
468
38
-79
-32
-119
-511
-1104
-1451
-1384
-1065
-873
-1135
-1680
-1817
-1523
-1148
-923
-965
-1116
-1083
-907
-608
-208
0
-36
-167
-47
301
613
698
595
565
551
584
592
640
639
461
229
-53
-204
-352
-572
-797
-1037
-1321
-1794
-2125
-2231
-2256
-2474
-2939
-3355
-3574
-3659
-3792
-4030
-3857
-3395
-3582
-4343
-4679
-4003
-2622
-1949
-2832
-3827
-3221
-1412
-257
-461
-1079
-796
378
1251
1455
1565
1990
2527
2673
2667
3001
3509
3819
3739
3520
3466
3583
3568
3473
3371
3182
2835
2359
2131
2141
2072
1766
1258
845
458
343
301
96
-110
-522
-933
-1029
-777
-594
-756
-1157
-1385
-1288
-1084
-885
-846
-888
-852
-797
-627
-333
-85
20
-23
-38
128
400
581
637
641
570
591
630
634
611
524
372
289
130
-200
-334
-462
-702
-882
-1284
-1675
-1812
-1931
-2202
-2575
-2940
-3203
-3434
-3666
-3940
-3704
-3316
-3686
-4485
-4819
-4070
-2756
-2462
-3411
-4059
-3279
-1657
-859
-1270
-1722
-1065
-11
631
801
965
1527
2089
2188
2255
2690
3242
3402
3236
3226
3520
3745
3661
3524
3314
3312
3163
2843
2577
2503
2394
2035
1624
1327
1164
977
629
304
113
-60
-390
-692
-676
-630
-728
-1045
-1183
-1142
-1025
-1029
-1005
-929
-861
-783
-704
-556
-389
-311
-289
-126
40
162
207
200
306
459
549
483
389
303
376
292
164
-21
-319
-351
-481
-714
-1038
-1369
-1483
-1657
-1885
-2182
-2543
-2704
-2839
-3074
-3406
-3183
-2800
-3309
-3989
-4172
-3594
-2516
-2419
-3298
-3656
-2743
-1486
-1052
-1465
-1689
-886
69
550
571
791
1387
1793
1828
1974
2474
2938
3035
2882
2837
3139
3389
3342
3239
3055
2951
2829
2544
2486
2526
2416
1992
1554
1261
1185
1194
943
563
272
33
-153
-301
-319
-324
-520
-746
-918
-776
-563
-425
-515
-723
-776
-575
-245
-17
44
-92
-46
228
553
745
737
664
585
588
600
678
686
594
491
280
72
-69
-119
-176
-388
-740
-1185
-1468
-1499
-1520
-1746
-2233
-2656
-2885
-2992
-3133
-3202
-2936
-3031
-3649
-4048
-3907
-3010
-2166
-2642
-3564
-3345
-2038
-974
-904
-1436
-1323
-309
512
708
697
1104
1812
2110
2113
2253
2663
3029
3096
3053
3068
3312
3317
3169
3179
3127
3000
2714
2423
2350
2329
2056
1657
1262
926
965
784
319
21
-307
-432
-472
-715
-819
-852
-969
-1060
-1076
-1041
-902
-828
-843
-724
-643
-529
-333
-113
6
137
175
289
521
709
815
929
958
896
896
861
908
951
748
394
201
37
84
-133
-498
-834
-1086
-1208
-1393
-1664
-2048
-2389
-2675
-2893
-2976
-3111
-2973
-2947
-3661
-4165
-3844
-3074
-2569
-2922
-3656
-3495
-2353
-1414
-1331
-1643
-1542
-594
193
481
583
863
1527
1901
1979
2175
2628
3029
3216
3202
3125
3436
3605
3645
3545
3341
3172
2995
2857
2726
2636
2314
1935
1477
1094
1012
955
550
85
-301
-505
-500
-663
-1003
-1201
-1240
-1175
-1156
-1284
-1291
-1157
-1039
-986
-1006
-927
-750
-473
-402
-334
-109
154
404
437
380
528
764
880
853
770
806
955
810
562
489
419
361
181
-208
-578
-770
-897
-1068
-1448
-1816
-2152
-2437
-2566
-2703
-2710
-2600
-3126
-3854
-3984
-3384
-2683
-2704
-3510
-3960
-3175
-1961
-1560
-1922
-2174
-1531
-535
-93
25
293
921
1447
1600
1643
2161
2758
2975
3019
3085
3319
3658
3621
3580
3639
3598
3514
3236
3055
3041
2993
2607
2129
1774
1559
1517
1201
749
413
109
-62
-90
-274
-530
-810
-1057
-1080
-1045
-997
-1043
-1193
-1237
-1076
-974
-791
-631
-648
-640
-482
-308
-131
66
114
188
213
350
502
580
654
720
711
508
370
353
362
354
92
-318
-518
-587
-615
-845
-1308
-1769
-2002
-2013
-2065
-2269
-2232
-2482
-3123
-3404
-3122
-2419
-2169
-2850
-3591
-3183
-1961
-1347
-1602
-2046
-1754
-808
-150
11
50
446
1042
1322
1397
1803
2429
2736
2732
2728
2920
3384
3558
3504
3498
3402
3357
3271
3128
3071
3041
2806
2419
2051
1880
1950
1775
1287
814
601
595
463
191
-52
-208
-361
-515
-606
-681
-658
-729
-840
-856
-754
-639
-602
-549
-515
-512
-354
-177
-81
-83
-22
71
104
94
189
338
426
294
34
-89
-50
69
15
-308
-614
-759
-798
-873
-1028
-1342
-1705
-1931
-2047
-2017
-1896
-1801
-2279
-2936
-3041
-2555
-1814
-1832
-2669
-3013
-2239
-1193
-933
-1305
-1492
-862
-31
316
398
630
1269
1726
1736
1871
2351
2860
3006
2985
3022
3254
3501
3568
3572
3486
3445
3418
3210
3014
3033
2972
2717
2360
2017
1829
1818
1605
1233
877
608
431
342
187
48
-185
-433
-491
-449
-452
-498
-572
-624
-559
-509
-411
-280
-180
-275
-297
-159
90
327
327
283
392
479
551
611
643
658
462
301
329
409
346
75
-232
-431
-464
-579
-809
-1183
-1509
-1744
-1918
-2030
-2085
-1818
-2074
-2805
-3117
-2737
-1987
-1742
-2541
-3232
-2682
-1536
-1009
-1355
-1694
-1299
-389
87
179
292
810
1394
1539
1684
2127
2664
2904
2945
2937
3220
3610
3744
3876
3768
3642
3640
3592
3522
3535
3413
3149
2900
2653
2400
2318
2160
1841
1520
1144
831
634
613
487
228
-71
-324
-366
-345
-411
-555
-688
-763
-770
-713
-536
-456
-471
-508
-436
-252
-88
-5
-29
-31
3
56
172
282
243
106
-32
-20
114
77
-205
-471
-592
-513
-626
-935
-1134
-1305
-1516
-1729
-1793
-1420
-1473
-2241
-2842
-2695
-1793
-1284
-1977
-2886
-2606
-1422
-654
-924
-1400
-1175
-285
292
343
431
804
1406
1642
1601
1920
2514
2853
2846
2791
3015
3425
3611
3668
3702
3670
3680
3650
3556
3521
3457
3242
2936
2762
2637
2533
2410
2055
1656
1449
1438
1309
1078
870
719
621
531
422
332
314
250
174
47
-56
-40
23
84
5
-57
-10
146
314
309
320
280
269
311
413
498
338
168
58
105
266
168
-152
-418
-409
-421
-571
-874
-1133
-1227
-1350
-1518
-1399
-1167
-1581
-2231
-2328
-1788
-1029
-1159
-2142
-2417
-1467
-398
-329
-864
-1049
-288
493
655
701
946
1445
1818
1841
2044
2598
2973
2965
2981
3147
3536
3831
3733
3705
3756
3787
3797
3703
3644
3691
3516
3256
3072
2924
2825
2634
2411
2201
1888
1659
1515
1349
1297
1152
881
623
671
751
683
562
343
327
371
479
519
509
457
405
444
547
667
622
551
429
364
535
666
639
396
167
105
214
292
91
-244
-585
-683
-635
-785
-1040
-1361
-1700
-1903
-1849
-1385
-1467
-2234
-2692
-2481
-1682
-1208
-1753
-2556
-2215
-1092
-614
-870
-1132
-752
59
401
411
550
995
1525
1603
1527
1923
2488
2739
2714
2633
2879
3265
3395
3384
3316
3296
3429
3469
3386
3334
3277
3108
2943
2742
2555
2470
2234
2022
1900
1549
1369
1232
1133
1056
816
570
429
459
362
287
43
-118
-96
-190
-128
-109
-158
-205
-255
-280
-184
-101
-139
-256
-299
-374
-325
-291
-327
-489
-647
-731
-743
-796
-1013
-1223
-1409
-1400
-1528
-1813
-1974
-2155
-2191
-2151
-1874
-2043
-2713
-2975
-2672
-1987
-1740
-2381
-3048
-2611
-1582
-1181
-1424
-1620
-1268
-535
-221
-127
30
466
862
902
902
1295
1865
2140
2048
1965
2150
2552
2724
2682
2676
2592
2577
2551
2527
2626
2633
2380
2150
2035
2074
1959
1714
1575
1475
1282
1114
933
873
950
790
523
294
283
370
375
180
43
-49
-109
6
43
17
-191
-278
-323
-221
-174
-261
-371
-442
-358
-318
-361
-519
-644
-745
-785
-807
-976
-1201
-1380
-1441
-1532
-1774
-2012
-2132
-2252
-2364
-2189
-1972
-2279
-2862
-2910
-2433
-1876
-2012
-2703
-2865
-2179
-1385
-1345
-1607
-1556
-995
-475
-340
-150
156
618
917
919
1111
1591
1946
2090
2166
2218
2446
2738
2823
2804
2757
2722
2773
2697
2694
2726
2655
2521
2358
2167
1992
1850
1752
1691
1475
1201
977
803
924
996
704
281
114
201
318
295
-8
-183
-271
-202
-95
-129
-164
-209
-318
-356
-295
-284
-280
-361
-421
-369
-441
-490
-472
-492
-540
-688
-889
-976
-979
-1033
-1187
-1487
-1671
-1748
-1821
-1867
-1768
-1677
-2053
-2484
-2419
-2025
-1625
-1824
-2435
-2547
-1953
-1333
-1347
-1618
-1587
-1039
-653
-611
-413
-100
294
511
460
692
1152
1417
1509
1503
1645
1892
2141
2242
2280
2288
2211
2255
2273
2318
2379
2365
2302
2219
2118
1940
2021
2012
1872
1563
1237
1256
1277
1301
1212
885
608
536
514
459
404
214
14
-82
-114
-43
-21
-197
-402
-599
-637
-504
-570
-753
-848
-908
-944
-1028
-1072
-1040
-1119
-1295
-1342
-1376
-1362
-1385
-1513
-1610
-1718
-1793
-1872
-1956
-2067
-1870
-1609
-2006
-2447
-2328
-1951
-1494
-1649
-2222
-2141
-1453
-994
-1062
-1200
-1014
-524
-264
-85
77
313
631
672
611
875
1319
1470
1429
1449
1535
1806
1938
1954
2054
2009
1976
2037
2018
2032
1999
1935
1881
1882
1712
1523
1516
1620
1635
1297
930
926
1071
1182
1068
688
524
618
751
789
700
441
292
251
258
271
180
-26
-211
-342
-329
-310
-421
-586
-678
-783
-905
-1055
-1151
-1214
-1324
-1466
-1676
-1743
-1820
-1854
-1965
-2105
-2260
-2380
-2436
-2379
-2178
-2055
-2399
-2772
-2551
-2048
-1666
-1790
-2235
-2126
-1414
-971
-1000
-1125
-899
-393
-217
-166
71
318
607
759
690
934
1358
1505
1503
1467
1528
1686
1798
1771
1742
1717
1650
1654
1608
1556
1509
1470
1448
1437
1228
984
1061
1178
1165
944
575
590
885
913
802
536
387
568
716
738
618
440
331
396
387
361
286
152
86
5
-94
-117
-219
-385
-544
-751
-963
-1076
-1072
-1205
-1415
-1657
-1761
-1819
-1977
-2143
-2293
-2439
-2582
-2683
-2750
-2810
-2672
-2388
-2543
-3031
-2969
-2413
-1879
-1754
-2252
-2383
-1739
-963
-871
-1083
-972
-505
-65
44
194
481
731
866
875
966
1314
1548
1511
1503
1544
1602
1722
1698
1736
1684
1514
1387
1329
1336
1318
1273
1190
1083
818
709
918
991
829
602
375
567
907
960
779
538
516
802
989
984
896
690
681
793
806
831
789
536
324
255
289
240
87
-80
-294
-521
-718
-823
-902
-1023
-1361
-1777
-2036
-2027
-2023
-2233
-2554
-2822
-2953
-3000
-3028
-3069
-2918
-2844
-3203
-3385
-3006
-2393
-2035
-2207
-2521
-2272
-1462
-922
-909
-902
-562
-3
337
591
930
1225
1493
1616
1646
1902
2258
2381
2367
2304
2307
2397
2427
2370
2288
2105
1951
1824
1681
1608
1565
1348
1002
632
472
598
641
342
-64
-253
-64
125
79
-113
-350
-278
-52
72
80
109
130
199
333
485
492
513
533
541
486
423
448
449
388
281
133
-45
-44
-93
-188
-436
-720
-867
-951
-1162
-1440
-1730
-2031
-2206
-2393
-2661
-2920
-2979
-2761
-2886
-3436
-3684
-3352
-2801
-2677
-3116
-3466
-2980
-2138
-1840
-2014
-2020
-1562
-935
-615
-369
-93
234
619
816
1057
1475
1824
1950
2036
2162
2421
2668
2790
2806
2688
2587
2554
2567
2491
2426
2252
1888
1719
1668
1715
1648
1252
852
730
809
783
593
283
70
50
85
55
-84
-254
-339
-339
-375
-323
-291
-282
-275
-347
-306
-253
-272
-228
-287
-426
-482
-476
-432
-448
-591
-790
-950
-1018
-1031
-1071
-1281
-1531
-1647
-1755
-1837
-2024
-2220
-2032
-1925
-2430
-2756
-2664
-2217
-1877
-2243
-2654
-2464
-1881
-1484
-1577
-1757
-1552
-1058
-731
-515
-263
-57
233
326
520
913
1198
1351
1490
1564
1735
1955
2061
2212
2215
2086
2037
2102
2108
2070
1975
1819
1756
1692
1552
1510
1449
1263
1047
947
937
875
691
594
485
346
308
283
220
157
100
74
83
41
33
27
63
29
-49
-33
-27
-10
-129
-242
-241
-295
-383
-516
-644
-720
-749
-835
-889
-1003
-1173
-1322
-1432
-1480
-1553
-1635
-1701
-1541
-1598
-2001
-2160
-1967
-1628
-1452
-1733
-2074
-1792
-1284
-1026
-1030
-1161
-999
-633
-463
-192
-6
162
374
486
653
1001
1288
1406
1471
1502
1670
1874
2081
2163
2179
2187
2086
2005
2051
2106
2003
1819
1695
1654
1712
1740
1499
1315
1250
1159
1112
1037
967
886
824
674
485
356
355
405
239
90
-69
-98
-41
-133
-327
-418
-432
-458
-469
-541
-569
-554
-570
-658
-730
-771
-813
-841
-896
-1019
-1045
-1088
-1178
-1240
-1250
-1343
-1412
-1247
-982
-1136
-1504
-1638
-1424
-1015
-990
-1354
-1517
-1181
-734
-631
-739
-760
-463
-208
-75
76
210
397
517
586
703
1009
1119
1145
1171
1251
1414
1561
1603
1620
1679
1626
1566
1678
1835
1897
1800
1628
1662
1786
1784
1589
1483
1434
1425
1378
1248
1205
1168
1086
978
865
793
709
662
575
488
374
285
280
154
46
-78
-158
-238
-349
-424
-556
-633
-719
-848
-945
-1077
-1109
-1216
-1351
-1475
-1500
-1530
-1593
-1642
-1741
-1786
-1845
-1781
-1501
-1346
-1576
-1735
-1567
-1187
-875
-984
-1266
-1138
-683
-350
-262
-276
-147
87
318
523
668
773
913
941
1064
1287
1463
1515
1487
1451
1414
1484
1617
1735
1741
1533
1368
1470
1679
1654
1406
1192
1204
1356
1296
1084
1013
1060
1105
1019
844
762
789
885
805
649
584
629
704
689
538
387
404
373
251
192
90
-64
-130
-176
-290
-366
-480
-620
-788
-887
-909
-932
-1018
-1179
-1339
-1369
-1338
-1383
-1425
-1532
-1625
-1692
-1678
-1461
-1361
-1538
-1784
-1722
-1411
-1019
-1020
-1343
-1327
-954
-494
-316
-347
-379
-138
81
307
496
595
738
818
907
1043
1253
1328
1282
1281
1305
1427
1576
1608
1478
1409
1493
1558
1495
1398
1375
1422
1347
1106
1067
1111
1127
1068
914
759
747
719
677
636
491
433
396
327
203
119
34
-104
-223
-263
-219
-286
-422
-564
-641
-684
-703
-849
-920
-1022
-1172
-1229
-1366
-1345
-1387
-1502
-1608
-1609
-1598
-1629
-1666
-1724
-1714
-1683
-1528
-1306
-1335
-1499
-1606
-1451
-1088
-795
-1009
-1180
-944
-561
-265
-255
-305
-235
13
263
500
597
687
779
895
1001
1160
1281
1302
1304
1375
1381
1325
1404
1559
1551
1381
1284
1306
1375
1391
1342
1246
1158
1150
1152
1154
1116
961
768
669
678
676
585
514
369
206
124
79
29
-93
-266
-374
-437
-525
-519
-643
-803
-948
-1003
-1079
-1126
-1178
-1262
-1372
-1485
-1528
-1515
-1504
-1579
-1691
-1707
-1721
-1706
-1711
-1753
-1766
-1789
-1617
-1511
-1546
-1679
-1575
-1312
-1085
-1005
-1139
-1114
-822
-464
-281
-294
-274
-92
114
394
590
605
644
701
745
880
1070
1130
1104
966
1006
1246
1418
1421
1263
1155
1185
1357
1413
1324
1137
1042
1083
1128
1098
1052
930
824
791
679
606
567
506
406
303
184
177
178
100
-23
-147
-285
-380
-466
-548
-625
-781
-896
-1002
-1091
-1091
-1151
-1340
-1421
-1447
-1459
-1538
-1562
-1629
-1731
-1779
-1781
-1726
-1711
-1684
-1749
-1748
-1644
-1541
-1482
-1537
-1521
-1372
-1173
-1036
-1060
-1001
-772
-531
-369
-285
-202
3
159
284
403
525
624
691
778
982
1100
1026
949
1091
1265
1361
1266
1161
1140
1273
1380
1223
1127
1066
1163
1238
1201
1086
925
827
878
833
734
698
621
524
438
335
263
212
148
-29
-116
-230
-268
-334
-504
-601
-791
-893
-958
-979
-1070
-1193
-1296
-1404
-1453
-1526
-1593
-1693
-1749
-1766
-1817
-1884
-1827
-1815
-1855
-1846
-1823
-1770
-1726
-1637
-1543
-1539
-1610
-1441
-1176
-1029
-943
-906
-766
-453
-210
-133
-56
64
273
456
558
672
747
885
985
946
1083
1220
1310
1352
1304
1228
1238
1388
1402
1319
1206
1142
1143
1077
1062
1003
868
774
715
690
622
571
470
411
356
283
256
231
185
111
79
29
32
19
-29
-93
-192
-287
-301
-326
-405
-466
-526
-625
-658
-716
-816
-960
-1065
-1125
-1222
-1299
-1404
-1490
-1578
-1625
-1723
-1788
-1839
-1858
-1833
-1831
-1827
-1776
-1701
-1616
-1531
-1405
-1258
-1157
-1067
-925
-705
-484
-290
-159
30
233
446
638
777
946
1067
1178
1323
1430
1556
1583
1661
1693
1754
1732
1689
1648
1565
1527
1441
1355
1204
1070
946
872
736
648
552
413
289
183
59
-25
-94
-187
-206
-276
-317
-317
-259
-297
-380
-400
-409
-356
-269
-313
-288
-252
-298
-280
-295
-275
-264
-246
-289
-410
-446
-488
-562
-651
-730
-765
-837
-850
-925
-1005
-1079
-1158
-1192
-1238
-1220
-1218
-1138
-1102
-1099
-1010
-943
-874
-782
-730
-616
-467
-333
-157
-52
61
222
400
516
624
756
878
984
1115
1197
1307
1389
1389
1395
1349
1384
1346
1326
1252
1164
1098
1068
1041
919
860
803
719
593
509
437
360
233
140
46
-28
2
-74
-132
-234
-244
-245
-287
-348
-338
-397
-383
-396
-437
-350
-335
-356
-385
-403
-424
-432
-530
-582
-608
-652
-697
-748
-772
-847
-878
-886
-919
-912
-955
-913
-906
-917
-856
-709
-683
-665
-624
-564
-519
-419
-282
-243
-175
-107
-32
70
202
268
386
434
474
564
671
732
770
792
841
892
888
885
851
818
779
814
805
775
720
644
584
572
580
587
534
523
514
530
512
468
485
444
412
356
320
309
363
409
355
373
350
341
255
261
178
100
105
-1
-78
-129
-172
-214
-288
-456
-572
-627
-679
-821
-887
-924
-999
-1027
-1061
-1072
-1118
-1111
-1077
-1066
-1060
-984
-911
-873
-820
-765
-696
-635
-538
-425
-331
-184
-87
-22
69
185
277
309
364
373
419
434
401
438
469
488
473
484
545
547
530
515
491
502
489
468
475
437
418
483
504
515
574
596
561
549
553
616
653
663
595
608
676
679
701
697
686
615
580
530
463
419
320
257
188
33
16
-39
-106
-186
-312
-410
-480
-597
-678
-748
-855
-911
-937
-979
-1014
-1042
-1071
-1032
-1064
-1074
-1012
-968
-861
-811
-773
-661
-627
-541
-494
-454
-355
-303
-232
-169
-95
-32
62
117
173
134
234
300
315
355
315
309
280
307
270
281
249
234
246
236
208
187
223
226
258
235
243
252
295
323
331
355
392
439
475
439
432
443
458
461
469
484
490
468
464
474
478
461
408
400
357
289
262
226
147
41
-12
-79
-173
-278
-338
-454
-516
-558
-619
-633
-703
-770
-795
-796
-773
-772
-839
-819
-794
-767
-787
-768
-716
-667
-613
-565
-445
-396
-338
-237
-186
-119
-59
-39
47
65
107
140
154
121
123
146
159
145
176
182
196
208
188
216
218
248
279
256
299
367
336
291
343
360
333
356
382
424
471
451
418
409
404
425
423
396
309
301
324
265
252
257
216
229
122
24
-37
-88
-95
-138
-173
-176
-223
-238
-214
-260
-310
-355
-367
-380
-388
-408
-380
-404
-440
-448
-431
-420
-439
-415
-446
-432
-400
-372
-359
-348
-317
-298
-282
-341
-290
-291
-314
-261
-228
-222
-236
-213
-176
-126
-82
-97
-131
-126
-80
-26
12
20
30
138
194
245
298
325
372
441
498
548
560
627
647
649
685
705
689
657
689
685
651
597
606
614
536
537
456
368
353
336
279
222
155
102
1
-89
-164
-195
-181
-220
-267
-320
-298
-346
-329
-345
-389
-425
-409
-384
-324
-311
-338
-338
-321
-260
-241
-282
-297
-262
-218
-214
-240
-251
-212
-210
-233
-231
-218
-209
-208
-235
-272
-264
-205
-218
-269
-205
-192
-194
-167
-117
-132
-98
-63
-50
-28
64
117
116
116
191
283
290
361
379
426
368
389
425
483
525
515
524
522
548
564
565
507
465
499
454
404
410
377
274
224
199
143
93
53
12
1
-55
-101
-150
-197
-185
-272
-313
-317
-289
-255
-233
-256
-234
-217
-187
-150
-126
-178
-187
-196
-240
-228
-282
-283
-328
-350
-354
-358
-372
-404
-411
-415
-457
-501
-500
-496
-529
-553
-509
-527
-517
-490
-474
-477
-452
-403
-362
-351
-272
-230
-182
-182
-72
46
99
201
238
303
336
325
439
540
647
678
723
783
607
504
637
792
751
552
374
422
520
590
461
279
120
104
244
271
119
-35
-99
-49
45
30
-65
-158
-267
-249
-154
-212
-280
-389
-395
-367
-295
-239
-224
-272
-290
-284
-308
-338
-360
-374
-423
-405
-428
-389
-390
-419
-459
-513
-488
-500
-506
-537
-585
-654
-629
-576
-612
-580
-588
-588
-612
-575
-490
-428
-361
-337
-325
-273
-213
-185
-152
-119
-66
-21
47
159
191
248
329
346
469
489
531
520
516
550
522
531
530
501
505
491
482
463
451
439
435
376
277
226
194
154
140
133
58
24
-13
-94
-136
-164
-202
-245
-299
-318
-301
-326
-351
-394
-468
-493
-496
-523
-512
-538
-553
-567
-567
-620
-645
-613
-644
-643
-659
-677
-707
-710
-699
-647
-692
-688
-690
-668
-661
-664
-631
-617
-595
-580
-544
-498
-443
-368
-315
-313
-265
-223
-172
-179
-70
-1
75
128
199
263
258
296
310
335
352
327
345
370
368
386
393
403
416
398
369
385
392
324
274
241
204
157
90
45
-3
11
-7
9
-43
-97
-53
-118
-182
-221
-223
-295
-317
-348
-345
-392
-423
-431
-430
-464
-481
-484
-513
-539
-550
-559
-574
-556
-503
-512
-514
-569
-578
-508
-510
-467
-501
-513
-520
-518
-506
-438
-387
-369
-377
-304
-297
-298
-234
-191
-176
-156
-112
-69
-31
21
73
84
134
187
184
197
277
287
286
276
359
393
452
501
501
489
454
431
422
451
390
372
354
302
249
277
253
227
190
167
140
64
82
70
28
0
-40
-104
-115
-160
-193
-209
-245
-291
-308
-325
-299
-380
-408
-422
-512
-485
-484
-519
-555
-560
-548
-539
-615
-631
-614
-628
-598
-598
-549
-507
-540
-492
-450
-444
-413
-400
-319
-221
-247
-208
-126
-10
91
133
199
228
255
269
249
300
387
364
410
392
425
438
444
464
495
550
547
496
474
478
475
498
496
489
452
440
385
401
392
368
353
322
332
313
310
277
276
277
217
187
203
176
109
87
72
49
16
-28
-13
-87
-144
-177
-224
-269
-332
-394
-476
-501
-546
-565
-589
-609
-612
-661
-661
-659
-684
-715
-706
-699
-636
-589
-623
-553
-526
-533
-445
-389
-365
-326
-287
-238
-183
-139
-91
5
64
82
128
192
233
288
298
299
353
388
442
448
448
436
412
422
467
478
469
521
529
557
580
554
540
530
524
496
443
464
424
403
341
278
287
281
262
228
171
140
119
77
76
2
-69
-39
-80
-88
-111
-123
-177
-290
-349
-403
-430
-530
-519
-566
-641
-643
-649
-676
-763
-706
-704
-741
-705
-661
-639
-630
-574
-530
-525
-497
-475
-478
-439
-425
-353
-316
-261
-170
-154
-79
-5
91
108
177
236
245
286
298
318
316
393
446
448
462
484
445
426
453
444
433
494
495
441
461
410
403
395
418
412
368
357
322
381
344
329
295
283
242
175
151
110
74
21
-13
8
3
-35
-72
-61
-110
-151
-157
-170
-222
-316
-291
-270
-284
-378
-391
-420
-455
-478
-494
-478
-510
-548
-572
-574
-615
-550
-569
-582
-548
-512
-477
-492
-484
-427
-426
-424
-334
-297
-268
-239
-168
-138
-75
-23
-22
20
50
90
120
202
248
250
334
368
407
427
421
444
444
407
400
382
391
430
424
434
420
456
429
431
443
394
409
345
314
324
321
266
260
259
201
146
98
110
109
41
-10
-25
-23
-98
-106
-137
-220
-234
-253
-304
-314
-337
-419
-404
-487
-453
-478
-519
-519
-570
-575
-595
-596
-559
-517
-534
-538
-497
-434
-404
-378
-307
-279
-283
-258
-203
-199
-180
-162
-160
-72
-57
-50
16
25
100
154
191
275
313
375
378
422
416
399
411
386
418
426
431
424
423
403
408
330
325
313
301
243
226
237
237
286
199
137
152
94
46
85
68
54
50
54
21
11
-28
-76
-69
-86
-95
-105
-82
-125
-207
-206
-189
-240
-243
-278
-307
-294
-335
-347
-369
-332
-311
-345
-328
-364
-343
-383
-348
-328
-352
-298
-306
-310
-287
-232
-237
-232
-185
-139
-157
-158
-107
-97
-72
-31
20
39
72
120
133
113
120
92
87
145
173
176
164
178
232
226
293
281
262
229
314
319
302
318
288
307
253
300
309
281
226
244
209
208
192
144
173
117
78
4
13
-39
-102
-103
-134
-193
-222
-236
-271
-265
-287
-383
-411
-442
-455
-496
-460
-449
-527
-468
-514
-511
-494
-436
-400
-419
-433
-460
-390
-353
-318
-285
-264
-201
-118
-138
-147
-98
-69
-58
-23
-7
-19
14
25
8
41
88
79
95
55
57
97
111
110
173
197
187
194
190
198
242
209
192
236
235
248
244
246
210
232
242
195
208
226
223
224
215
183
150
143
126
141
122
165
155
71
17
-13
-65
-94
-133
-165
-160
-184
-186
-242
-277
-290
-320
-366
-423
-425
-425
-455
-464
-478
-518
-528
-525
-513
-461
-463
-456
-409
-444
-363
-322
-321
-270
-260
-282
-234
-218
-135
-94
-101
-33
-17
-57
3
76
91
86
92
94
149
158
143
114
118
179
162
221
234
199
214
247
248
270
249
244
298
292
234
234
222
250
278
217
264
276
274
212
175
166
125
87
58
32
-23
-38
-68
-62
-32
-120
-107
-101
-98
-151
-188
-216
-260
-299
-292
-297
-349
-366
-387
-366
-441
-426
-421
-411
-431
-441
-444
-471
-425
-441
-373
-343
-296
-274
-205
-171
-199
-141
-141
-136
-143
-105
-50
-34
-62
-58
-21
37
51
67
97
82
92
90
109
72
49
12
-13
26
26
57
73
78
71
74
45
53
54
35
5
27
78
66
155
91
102
95
84
103
83
72
31
34
-6
8
37
-4
-23
-33
-12
-59
-72
-42
-134
-149
-204
-227
-234
-307
-295
-318
-350
-374
-348
-371
-368
-352
-368
-386
-421
-430
-526
-558
-611
-614
-580
-591
-598
-595
-530
-520
-499
-439
-421
-404
-311
-294
-296
-219
-180
-94
-54
-45
-12
16
14
73
103
122
100
94
106
164
258
253
251
241
281
270
277
281
292
220
187
186
231
220
152
137
76
78
13
-5
-28
-69
-57
-76
-127
-158
-164
-170
-204
-240
-268
-260
-262
-325
-305
-327
-339
-357
-393
-441
-377
-378
-414
-352
-363
-395
-458
-450
-484
-444
-465
-492
-472
-423
-419
-394
-426
-427
-419
-501
-448
-444
-394
-380
-375
-321
-316
-308
-287
-262
-252
-234
-206
-236
-197
-159
-161
-125
-84
-84
-78
-23
33
64
58
46
99
159
136
114
102
99
144
110
131
108
73
102
71
102
108
100
107
85
31
45
8
-37
-70
-52
-94
-80
-93
-112
-100
-144
-147
-190
-251
-269
-298
-356
-340
-350
-358
-373
-418
-436
-432
-473
-448
-445
-481
-506
-506
-488
-526
-505
-500
-528
-530
-546
-578
-603
-552
-579
-558
-552
-553
-526
-523
-467
-423
-388
-391
-329
-290
-306
-318
-235
-220
-215
-161
-156
-147
-70
-61
-42
-17
-17
39
86
98
108
103
129
193
127
136
119
105
114
134
111
74
78
93
77
106
-10
-48
-41
-56
-113
-173
-153
-180
-197
-205
-258
-324
-311
-369
-340
-389
-370
-388
-432
-432
-426
-366
-375
-396
-437
-443
-457
-462
-422
-476
-504
-438
-453
-458
-469
-437
-416
-374
-313
-343
-333
-315
-279
-256
-282
-303
-338
-404
-425
-444
-441
-405
-409
-390
-351
-381
-340
-282
-326
-312
-317
-321
-241
-235
-232
-250
-257
-169
-144
-95
-76
-40
-25
26
89
144
197
198
242
234
225
248
243
227
186
199
200
239
233
197
140
117
98
108
64
-11
-67
-87
-157
-228
-219
-320
-317
-363
-366
-401
-455
-472
-482
-541
-546
-549
-574
-549
-578
-589
-560
-537
-505
-498
-472
-477
-523
-478
-490
-474
-420
-458
-472
-414
-385
-371
-343
-329
-276
-309
-265
-243
-170
-130
-212
-237
-218
-200
-218
-208
-205
-216
-247
-157
-156
-137
-70
-42
-22
10
27
5
55
132
111
128
176
195
195
225
181
137
173
174
136
157
203
192
179
180
86
75
56
33
3
-37
-63
-42
-32
-103
-136
-113
-144
-171
-187
-241
-297
-335
-395
-450
-433
-446
-413
-406
-430
-463
-467
-452
-446
-422
-408
-383
-396
-347
-333
-324
-288
-309
-266
-232
-197
-133
-153
-174
-127
-124
-154
-181
-170
-182
-168
-164
-245
-217
-199
-162
-171
-160
-150
-139
-175
-195
-195
-212
-196
-189
-153
-127
-74
-56
-16
9
25
73
74
102
154
155
157
196
214
229
208
194
232
150
122
98
-16
-17
25
-8
1
15
-34
-59
-60
-81
-109
-146
-180
-210
-273
-296
-344
-392
-426
-482
-544
-564
-592
-588
-557
-487
-466
-478
-438
-445
-460
-479
-483
-471
-433
-386
-396
-351
-308
-293
-285
-233
-209
-169
-130
-139
-144
-125
-86
-95
-56
-78
-20
27
24
79
115
123
135
130
89
203
155
135
183
177
182
231
221
202
228
156
152
189
218
203
145
116
137
118
111
56
69
70
49
87
57
46
7
-16
-15
-20
-70
-77
-52
-156
-174
-166
-274
-269
-336
-332
-381
-392
-414
-435
-438
-453
-436
-460
-468
-514
-491
-499
-443
-415
-445
-474
-476
-513
-535
-513
-507
-506
-538
-504
-500
-444
-477
-441
-393
-419
-379
-289
-251
-203
-144
-71
-73
-29
6
13
113
67
79
113
163
157
169
188
227
270
288
303
346
301
320
319
342
399
376
343
368
313
301
302
279
229
164
127
95
62
-6
20
-14
-73
-122
-124
-149
-114
-201
-216
-225
-290
-256
-330
-359
-342
-340
-348
-336
-302
-329
-360
-355
-456
-453
-469
-441
-406
-447
-425
-395
-406
-406
-357
-375
-414
-411
-394
-421
-405
-390
-376
-357
-410
-393
-383
-355
-343
-329
-275
-213
-165
-136
-76
-22
12
33
28
43
77
114
124
55
152
201
167
186
165
193
221
219
239
283
262
233
232
239
213
169
135
151
132
127
130
32
42
18
-38
-101
-132
-168
-217
-196
-230
-243
-182
-195
-255
-303
-309
-319
-324
-358
-382
-394
-416
-413
-438
-440
-478
-485
-447
-479
-489
-464
-478
-460
-482
-449
-442
-434
-392
-398
-374
-377
-381
-355
-345
-292
-269
-239
-226
-258
-208
-152
-148
-94
-72
-55
-28
20
29
8
16
1
16
15
3
42
74
78
96
129
127
130
136
152
158
143
158
209
198
170
195
201
162
118
121
127
102
61
54
37
52
77
-21
-21
-30
-27
-31
-48
-88
-121
-138
-133
-162
-162
-198
-257
-331
-380
-402
-406
-451
-435
-439
-498
-501
-520
-476
-479
-434
-440
-495
-494
-499
-533
-509
-508
-501
-487
-432
-400
-340
-337
-333
-318
-306
-258
-287
-260
-226
-192
-170
-154
-140
-71
-38
-19
51
56
97
136
160
164
197
218
203
255
295
224
220
236
203
154
112
101
91
78
25
44
45
53
11
36
24
5
6
11
-17
-30
-48
-71
-60
-116
-134
-143
-140
-157
-201
-198
-151
-173
-205
-225
-255
-267
-325
-364
-358
-421
-428
-487
-486
-500
-568
-596
-608
-588
-602
-568
-555
-546
-543
-523
-490
-455
-495
-459
-445
-430
-416
-419
-398
-394
-303
-284
-235
-230
-222
-158
-112
-39
-11
-9
7
30
15
21
21
-4
15
49
16
13
77
41
59
96
55
15
64
100
83
126
56
9
-22
-34
-50
-90
-88
-114
-107
-94
-143
-133
-173
-163
-127
-128
-185
-188
-179
-220
-246
-270
-271
-324
-307
-338
-354
-333
-315
-315
-303
-317
-337
-341
-361
-393
-397
-389
-403
-375
-403
-409
-433
-368
-358
-294
-284
-276
-253
-200
-215
-277
-225
-218
-164
-156
-99
-67
-35
-2
-15
47
53
60
72
110
141
127
112
132
152
160
179
201
143
116
126
128
133
133
150
162
195
209
217
183
150
88
60
122
66
47
13
-7
8
-24
-53
-33
-69
-47
-70
-107
-76
-65
-31
-55
-50
-68
-87
-119
-108
-128
-143
-170
-169
-128
-117
-111
-127
-107
-126
-176
-191
-214
-187
-231
-302
-314
-305
-290
-286
-275
-280
-298
-277
-224
-238
-251
-270
-249
-229
-193
-195
-173
-110
-110
-94
-51
-36
-18
2
16
44
65
61
59
112
132
166
162
190
208
184
189
202
160
147
135
139
135
153
165
161
193
153
154
129
101
88
59
37
-7
-30
-65
-30
9
-24
-14
-49
-103
-140
-141
-88
-159
-157
-120
-117
-142
-144
-122
-104
-57
-113
-172
-168
-127
-118
-121
-84
-50
-30
-38
-49
-28
-35
-14
-45
-91
-98
-129
-151
-133
-169
-169
-131
-122
-156
-144
-117
-160
-141
-129
-146
-129
-96
-92
-84
-97
-73
-98
-53
-12
-2
30
23
24
37
38
72
59
112
99
110
119
134
167
175
196
155
133
127
133
101
89
125
102
97
96
60
51
74
41
2
50
47
-1
-31
-52
-69
-66
-58
-85
-109
-109
-104
-97
-52
-71
-71
-56
-33
-41
-37
3
-66
-73
-26
-3
-1
21
-10
14
22
34
58
50
51
59
95
59
44
75
119
97
106
110
113
125
131
116
158
159
143
144
138
131
109
149
161
209
195
164
158
168
118
143
178
107
157
203
182
214
252
250
235
231
181
198
157
157
196
176
163
154
161
133
116
71
16
-36
-26
-38
-33
-68
-38
9
-13
-38
-81
-112
-87
-105
-139
-109
-130
-163
-130
-184
-135
-109
-130
-106
-72
-30
-4
15
-23
12
80
94
140
148
192
125
120
174
138
117
120
105
135
114
127
200
154
162
173
151
101
120
140
90
117
153
140
143
125
92
116
119
85
117
112
99
171
166
133
182
218
209
170
192
254
245
258
260
234
224
201
197
226
242
258
246
244
260
226
209
163
152
139
104
113
106
117
69
50
47
23
5
-13
-24
-68
-69
-54
-42
9
-17
-33
-26
6
49
73
48
63
52
-11
29
31
32
32
20
66
62
101
109
163
163
151
156
106
166
183
213
215
211
226
230
215
221
191
137
134
127
96
144
181
166
176
139
116
74
86
105
106
50
63
71
87
143
156
142
184
182
195
221
190
201
193
238
265
297
291
310
307
283
310
317
275
299
315
285
282
231
146
150
98
86
153
123
113
138
66
24
9
7
-40
-43
-15
-73
0
50
35
-1
28
31
12
29
85
85
31
43
111
120
124
170
174
208
243
254
262
202
148
137
161
158
180
196
184
159
149
218
185
183
154
131
131
122
146
141
103
149
176
150
194
222
193
174
231
226
263
245
220
200
192
159
159
212
194
215
139
129
123
92
44
39
-9
-11
-38
-47
-57
-48
-11
-3
-28
-82
-112
-60
-54
-111
-46
-68
-40
-18
2
17
18
23
38
65
24
-5
6
47
45
22
51
41
16
-12
-14
-28
0
44
43
66
72
69
84
72
72
68
111
110
98
92
116
134
143
109
137
193
197
251
259
238
257
254
266
290
270
268
253
217
242
267
255
241
247
227
198
231
258
264
260
225
206
171
179
142
119
140
109
68
43
59
-4
-57
-102
-76
-71
-77
-75
-73
-84
-116
-82
-83
-113
-90
-104
-109
-87
-94
-82
-157
-130
-97
-107
0
6
-15
49
79
73
87
78
89
113
128
133
127
150
188
173
228
195
194
204
214
231
186
233
179
158
189
184
212
186
151
221
226
262
273
196
216
226
186
163
140
104
134
118
142
84
53
61
41
49
22
44
61
31
58
53
95
111
30
43
52
13
-1
35
37
16
30
64
22
26
-11
-39
-13
-7
65
94
60
80
86
82
129
122
140
122
81
104
149
131
78
38
25
26
10
-17
18
14
25
3
6
-2
10
16
4
29
44
102
98
93
91
123
160
131
112
159
114
153
151
163
175
177
221
239
252
289
262
283
233
228
203
194
167
173
204
124
92
68
63
67
64
50
20
-12
-9
-3
3
-34
-67
-59
-76
-75
-53
-79
-71
-110
-128
-132
-125
-95
-59
-60
-18
3
-2
7
-31
-15
-4
-6
25
-12
34
26
66
63
32
81
107
98
80
109
124
162
195
151
149
153
178
225
224
280
242
293
272
227
249
278
311
291
279
237
207
213
178
191
184
169
166
141
183
184
179
173
197
178
224
199
164
167
121
147
170
154
110
177
157
137
120
112
82
98
144
91
126
100
57
91
90
93
100
85
65
64
61
42
34
41
46
-8
36
28
21
5
-19
-51
-76
-74
-58
-31
-29
-123
-174
-162
-172
-145
-134
-138
-120
-121
-59
-67
-48
-35
40
43
57
105
108
147
148
208
205
233
226
282
302
349
372
317
350
336
328
342
308
296
261
285
307
297
269
274
234
176
211
154
136
155
165
129
168
139
129
80
41
63
-8
-15
-2
5
-16
-30
-40
-75
-86
-92
-79
-120
-107
-109
-120
-81
-105
-57
-36
-65
-83
-114
-99
-97
-104
-85
-61
3
31
-3
12
-19
9
-23
-19
7
32
90
99
68
89
103
134
200
150
141
121
133
142
123
110
120
133
164
133
134
183
179
169
184
162
135
121
100
115
126
144
154
96
128
122
148
182
145
173
154
128
154
141
201
187
158
160
93
84
113
145
130
130
41
113
96
80
106
42
61
22
53
124
78
82
94
54
7
-13
-24
-75
-51
-85
-136
-129
-133
-75
-46
-79
-76
-70
-41
-5
16
6
8
-2
17
20
52
82
45
76
106
118
150
190
232
241
259
230
289
277
235
235
266
303
334
342
293
295
292
295
302
286
264
247
249
275
234
205
166
153
148
138
130
98
105
71
87
51
76
84
68
68
59
83
111
104
95
78
81
82
46
2
-40
-40
-78
-119
-139
-87
-117
-105
-112
-88
-98
-86
-58
-69
-34
-24
-6
-25
-10
-3
51
47
24
17
49
28
30
83
50
59
124
135
145
149
133
145
115
148
138
143
157
137
122
92
59
49
46
-2
46
79
65
84
101
95
123
123
105
138
120
174
179
135
95
116
93
65
26
31
62
58
83
157
153
128
122
140
120
78
113
83
100
118
124
83
79
35
45
68
15
57
60
33
71
79
45
14
18
14
34
48
-23
26
11
-17
-25
-42
-39
-33
-46
-23
-53
-44
25
-7
49
33
39
28
-12
19
3
19
8
58
29
36
85
49
54
75
46
42
56
80
90
97
128
107
112
130
138
161
120
207
193
169
193
173
189
173
180
133
99
74
18
28
46
30
27
8
-1
-13
-28
-20
-44
-21
4
-27
-30
-47
-61
-74
-107
-138
-158
-163
-195
-200
-181
-206
-136
-166
-158
-127
-102
-34
-89
-70
-107
-62
-32
-25
0
-28
-58
-73
-20
-9
-2
5
-17
3
-25
43
79
70
102
113
117
139
140
143
97
36
60
20
40
30
75
60
44
43
22
55
77
30
26
60
30
48
80
115
122
100
84
94
68
47
65
72
48
64
51
56
80
99
108
91
80
80
85
67
24
67
7
-43
-60
-69
-100
-50
-103
-127
-125
-147
-204
-237
-192
-191
-187
-170
-194
-179
-146
-160
-146
-208
-230
-206
-177
-195
-181
-172
-135
-140
-165
-103
-89
-4
16
21
34
42
71
82
101
93
93
72
121
72
142
166
122
132
135
183
184
147
145
113
143
152
90
131
112
132
101
83
52
70
40
-4
4
-22
4
-48
-74
-64
-70
-71
-68
-92
-94
-95
-56
-30
-52
-27
-84
-78
-77
-100
-84
-54
-10
-41
4
39
16
67
56
50
109
121
110
66
68
69
47
13
-16
5
5
25
9
-31
-25
-11
-14
-16
2
27
14
7
6
24
27
-18
-26
-41
8
40
43
59
104
156
166
171
198
255
240
252
221
167
177
123
76
98
105
95
55
84
110
116
111
106
91
69
94
74
93
118
96
109
96
63
48
33
13
28
-50
-56
-25
-30
-37
-39
-43
-17
23
23
36
34
53
33
46
81
30
-26
-15
-4
38
-12
-2
-13
-28
-24
16
22
0
70
35
41
61
62
25
38
37
33
30
43
39
46
63
101
137
104
138
108
132
167
153
175
177
189
202
225
262
219
215
210
238
243
204
236
212
218
189
183
167
188
179
159
105
91
102
47
64
69
34
-33
-14
16
11
12
-14
26
25
-14
-33
6
-52
-90
-57
-51
-60
-30
0
-34
-48
-19
-31
-21
-17
-16
-5
10
22
28
31
14
35
-24
34
5
20
-8
-20
4
16
59
65
120
70
94
93
122
105
153
136
164
154
147
198
170
142
165
154
157
183
156
218
178
200
179
173
159
123
117
112
128
98
130
134
145
115
109
86
71
159
125
172
157
115
120
135
102
85
94
77
63
72
91
60
41
7
-8
20
-10
-45
8
37
11
-8
-57
-50
-27
-101
-108
-163
-171
-206
-183
-172
-131
-140
-147
-118
-92
-48
-26
-1
-1
10
11
71
61
109
108
155
141
207
221
238
258
221
267
201
246
188
263
226
239
286
257
293
249
257
189
151
165
133
140
150
115
120
137
139
125
77
61
84
42
50
51
73
48
86
50
34
-6
17
75
34
57
84
69
55
63
89
63
40
65
13
5
12
12
12
-23
-20
3
18
-5
41
57
52
18
21
34
-26
26
38
105
85
48
33
40
71
37
48
41
42
44
33
47
45
80
119
97
126
150
132
133
141
138
146
210
181
158
196
144
154
157
139
159
183
207
236
232
258
328
319
338
291
276
294
296
269
266
249
238
206
193
242
224
234
174
162
147
152
154
210
181
204
199
183
192
132
175
98
60
64
18
52
65
29
-11
-5
46
51
85
58
85
104
52
99
112
104
67
69
42
52
79
87
76
102
119
73
65
83
82
87
136
163
201
195
190
246
238
287
237
229
223
188
177
120
130
174
148
147
143
155
166
157
223
227
211
227
253
241
214
216
213
214
168
135
177
183
193
209
213
188
167
130
158
165
104
153
184
169
197
185
130
133
144
152
183
159
135
110
132
117
76
119
109
101
52
16
14
69
43
16
53
48
59
32
48
94
38
-13
-17
-67
-55
-59
-36
-36
-28
-38
-41
-27
-23
35
62
64
57
100
135
102
151
199
257
263
283
309
299
319
278
285
278
262
261
257
193
193
220
162
184
191
182
198
191
173
139
132
98
91
61
45
3
-25
-10
9
20
2
-13
-24
-72
-95
-71
-85
-40
-55
-74
-71
-44
-15
-23
-25
-78
-82
-45
-47
-16
-41
-54
-39
-81
-54
-14
3
6
7
-23
-6
33
35
67
37
29
55
70
134
153
155
153
197
170
215
222
179
224
217
226
224
208
189
195
191
158
79
92
73
71
29
25
34
36
50
18
54
19
23
60
104
58
50
58
24
37
31
63
96
128
125
121
94
122
118
56
89
106
78
94
83
44
63
76
68
56
78
61
79
96
63
39
50
69
87
83
85
60
36
-3
41
8
-53
-23
-19
17
-36
-44
-21
-29
3
19
-17
23
50
30
-4
21
46
49
47
62
42
27
60
54
82
111
173
151
162
184
128
142
171
149
118
133
150
112
130
172
142
149
142
155
155
175
198
188
229
224
196
190
173
169
172
146
162
80
106
105
95
86
67
121
134
153
154
193
226
234
190
258
226
214
196
178
168
158
172
105
93
64
83
32
36
31
47
116
99
139
161
157
144
149
122
108
88
86
47
30
90
41
52
66
76
98
107
108
139
145
179
192
170
185
181
177
204
171
140
154
138
117
86
93
133
142
106
70
116
151
139
154
126
88
125
77
107
119
49
106
59
57
69
134
160
121
121
83
117
79
81
130
107
121
118
141
95
94
127
59
40
32
13
61
46
19
57
68
88
124
73
34
61
91
64
35
106
80
141
76
125
150
102
172
117
135
118
158
123
139
112
116
72
48
104
106
93
145
114
121
162
170
246
241
264
285
270
235
232
239
242
258
227
254
229
215
207
171
189
190
175
183
189
222
191
190
208
193
196
226
222
188
177
154
212
183
166
150
145
117
130
129
107
127
140
150
157
198
182
203
233
204
237
267
275
234
226
217
197
215
183
183
208
152
105
120
131
113
149
162
135
132
127
111
80
112
128
100
93
111
119
117
103
129
171
174
206
261
285
282
309
340
325
271
327
312
336
317
300
312
281
314
314
334
313
339
344
346
362
332
363
332
317
302
300
282
222
203
193
197
263
210
198
170
166
143
146
141
137
134
140
171
132
165
203
227
201
198
177
206
264
225
218
253
267
257
230
313
289
280
320
297
332
290
292
254
221
237
233
220
166
175
216
196
231
230
219
221
224
243
208
223
195
189
200
217
206
206
214
193
201
221
236
268
245
237
229
238
217
235
199
182
254
251
278
268
278
283
289
286
262
223
227
233
269
230
249
265
252
283
301
278
236
216
255
218
175
171
161
179
153
174
168
170
178
196
148
163
183
161
179
138
85
138
175
199
219
222
240
252
235
223
228
211
223
257
253
294
296
354
310
376
374
357
368
284
309
302
295
275
272
298
359
294
275
327
311
319
315
337
294
252
228
170
162
201
220
288
331
287
298
305
345
317
318
304
324
366
352
362
334
322
303
295
251
249
216
206
232
211
195
187
216
239
201
224
216
176
165
168
154
145
124
127
108
105
129
171
208
192
203
196
231
225
202
232
237
243
253
211
213
170
170
219
226
238
231
210
189
157
120
94
77
92
114
137
189
238
188
227
192
188
253
270
191
192
245
241
234
250
250
249
246
262
318
343
347
340
386
315
304
337
331
320
374
366
288
295
286
302
322
282
305
262
249
238
202
225
200
236
186
175
165
180
150
132
103
93
101
87
14
18
80
57
80
111
101
125
127
101
134
126
143
91
103
86
114
120
106
74
89
137
131
109
141
139
90
194
174
178
221
200
177
195
195
186
183
170
150
173
181
121
177
148
170
154
135
181
148
207
184
136
139
191
169
103
108
106
133
56
69
13
13
101
100
156
123
109
116
158
195
215
227
220
160
102
89
97
54
90
78
25
59
59
78
82
140
143
107
84
87
82
87
52
37
44
-22
10
4
20
-7
3
8
-46
-60
-17
15
-1
40
105
142
92
96
114
30
51
82
105
64
100
122
97
154
135
171
193
215
241
229
192
166
104
118
137
111
119
126
102
131
111
96
94
73
111
56
66
55
38
29
-9
42
42
-1
18
4
-11
-19
-19
-46
-93
-96
-135
-117
-107
-87
-62
-86
-103
-51
-73
-82
-58
-63
-45
-44
-15
-25
-6
18
26
-5
31
-10
-7
2
-78
-28
-29
-16
-4
6
-1
