SAMPLES:	17838
BITSPERSAMPLE:	16
CHANNELS:	1
SAMPLERATE:	16000
NORMALIZED:	FALSE
-693
-660
-701
-673
-687
-699
-706
-762
-728
-716
-669
-725
-699
-669
-651
-647
-630
-623
-570
-602
-674
-638
-689
-651
-655
-627
-624
-594
-531
-572
-517
-545
-546
-529
-562
-539
-581
-540
-536
-521
-490
-488
-423
-487
-479
-432
-450
-470
-477
-464
-472
-425
-460
-421
-401
-438
-450
-444
-453
-499
-473
-532
-573
-576
-513
-481
-473
-486
-480
-504
-531
-477
-485
-460
-437
-432
-453
-429
-402
-373
-385
-377
-359
-418
-416
-428
-408
-386
-406
-391
-338
-371
-338
-349
-384
-377
-334
-298
-318
-316
-310
-292
-311
-326
-362
-335
-345
-343
-380
-356
-321
-376
-376
-390
-358
-336
-364
-387
-399
-406
-395
-418
-370
-395
-337
-262
-319
-321
-246
-238
-269
-274
-233
-240
-219
-207
-245
-225
-278
-235
-213
-163
-128
-89
-64
-31
-25
-60
-106
-121
-108
-151
-140
-104
-136
-103
-100
-143
-160
-193
-170
-182
-194
-162
-147
-173
-158
-199
-203
-247
-279
-243
-210
-221
-249
-203
-232
-196
-214
-177
-179
-148
-124
-85
-53
-62
-64
-43
-59
-63
-15
-82
-35
-40
-14
-23
-73
-87
-129
-97
-103
-123
-69
-78
-63
-43
-85
-93
-93
-93
-77
-105
-100
-134
-135
-116
-120
-123
-118
-134
-175
-175
-178
-189
-231
-232
-183
-119
-96
-90
-46
-24
-11
20
1
2
25
-39
-26
-9
-86
-89
-64
-10
-10
-13
20
52
68
43
3
-18
-51
-40
-54
-83
-59
-23
-29
-40
-57
-31
5
3
9
9
17
11
-10
-30
1
27
-16
0
42
79
110
116
122
99
92
103
90
79
97
79
106
139
49
72
59
1
35
66
0
-62
40
67
104
133
118
124
118
133
149
158
130
151
118
80
39
7
8
32
30
48
59
50
126
95
47
65
58
62
14
-20
3
14
14
30
-48
-13
-5
-29
-52
-56
-30
0
34
5
-7
45
65
23
74
66
53
49
54
-2
-12
4
24
-6
7
33
79
120
112
116
129
157
141
154
179
188
127
199
157
181
162
147
182
209
222
173
195
221
179
190
235
252
220
183
191
175
188
201
185
207
257
238
215
217
205
196
168
132
139
147
142
184
166
181
197
176
172
130
168
176
136
139
125
132
150
167
220
200
188
187
163
217
238
263
274
292
264
247
245
206
177
201
217
216
237
224
246
249
221
220
232
226
259
210
236
193
162
254
239
257
227
204
191
201
224
233
212
207
288
279
277
276
315
337
295
293
276
243
275
220
204
277
280
251
247
246
257
225
205
231
210
182
189
195
197
162
156
157
145
135
136
155
171
213
206
217
225
248
278
291
303
267
263
262
234
203
206
224
162
137
149
156
127
161
171
202
247
217
249
267
252
207
236
229
233
169
158
144
92
153
213
196
193
146
125
180
115
89
114
101
108
122
146
204
218
211
169
187
135
160
166
149
172
140
155
125
173
131
127
122
73
146
125
125
131
128
136
152
126
57
84
152
142
143
140
156
123
107
141
131
135
113
134
143
124
100
71
100
67
112
108
68
100
119
104
69
85
76
63
55
35
0
-4
7
39
69
55
67
115
101
86
50
64
35
46
44
64
50
45
62
42
52
10
25
-13
-20
-28
-34
-8
11
14
11
37
7
10
75
58
49
72
126
73
64
68
68
89
49
30
19
39
24
12
24
32
23
41
66
51
38
47
80
31
-6
-63
-90
-99
-96
-105
-89
-116
-138
-120
-154
-132
-119
-126
-90
-93
-101
-107
-103
-77
-113
-170
-204
-175
-193
-149
-161
-134
-138
-101
-95
-45
-51
-74
-9
-20
20
27
53
43
69
64
17
10
33
22
-21
-19
-39
-66
-73
-31
-73
-82
-111
-111
-93
-163
-151
-187
-215
-166
-205
-260
-275
-257
-250
-276
-254
-257
-278
-275
-223
-222
-256
-234
-252
-248
-248
-233
-201
-194
-133
-117
-112
-111
-98
-86
-92
-115
-144
-95
-134
-170
-134
-163
-158
-180
-170
-157
-194
-202
-255
-256
-274
-267
-202
-156
-191
-193
-171
-160
-149
-188
-187
-141
-161
-194
-204
-252
-222
-208
-214
-189
-179
-199
-137
-182
-186
-188
-219
-232
-263
-240
-271
-281
-309
-306
-324
-288
-304
-299
-251
-246
-234
-252
-275
-267
-220
-235
-222
-228
-225
-227
-215
-158
-181
-246
-272
-253
-274
-289
-291
-303
-320
-314
-324
-328
-331
-323
-284
-256
-303
-298
-283
-364
-347
-321
-347
-357
-380
-364
-365
-362
-414
-414
-379
-387
-375
-347
-311
-298
-272
-264
-265
-304
-290
-314
-327
-290
-295
-310
-353
-301
-267
-295
-280
-267
-291
-309
-321
-338
-341
-334
-358
-353
-297
-345
-348
-359
-327
-333
-335
-360
-332
-324
-297
-258
-281
-274
-303
-303
-302
-285
-338
-330
-302
-289
-255
-275
-264
-272
-247
-227
-240
-246
-252
-319
-318
-291
-299
-252
-260
-306
-272
-279
-233
-228
-302
-258
-298
-284
-281
-294
-292
-292
-288
-292
-281
-218
-186
-205
-216
-234
-235
-252
-215
-226
-275
-268
-255
-246
-245
-235
-218
-205
-194
-227
-139
-144
-183
-158
-203
-190
-211
-223
-225
-229
-166
-215
-235
-234
-255
-289
-258
-262
-280
-229
-191
-184
-213
-195
-219
-205
-199
-226
-215
-228
-247
-240
-212
-258
-222
-186
-185
-158
-153
-168
-169
-143
-143
-93
-106
-114
-155
-153
-129
-126
-90
-113
-123
-123
-138
-123
-114
-111
-156
-132
-101
-130
-120
-117
-74
-91
-145
-158
-140
-140
-180
-206
-222
-275
-261
-257
-241
-250
-236
-203
-187
-150
-169
-86
-115
-99
-90
-74
-60
-31
-27
-80
-43
-46
-69
-84
-72
-97
-102
-101
-70
-66
-87
-78
-91
-75
-87
-61
-75
-81
-107
-153
-134
-197
-218
-206
-202
-216
-182
-191
-205
-233
-255
-271
-288
-251
-270
-215
-226
-182
-153
-151
-101
-135
-156
-151
-131
-133
-171
-175
-157
-189
-173
-128
-131
-97
-77
-115
-137
-165
-159
-169
-138
-162
-117
-92
-88
-44
-74
-42
-48
-65
-121
-150
-150
-159
-136
-176
-218
-183
-203
-206
-252
-279
-284
-249
-208
-221
-114
-116
-144
-139
-177
-190
-225
-224
-226
-233
-249
-259
-264
-193
-182
-157
-140
-180
-99
-101
-107
-67
-54
-25
-49
-16
-2
-37
-27
-47
-12
-28
-9
22
-21
-47
-34
-18
-9
2
3
-18
4
-6
5
62
62
69
49
70
30
19
17
7
46
14
-26
-11
-6
9
2
17
-12
-55
-59
-32
-75
-101
-55
-97
-81
-106
-96
-91
-96
-57
-89
-87
-93
-76
-62
-65
-34
-40
-148
-180
-133
-158
-178
-137
-75
-96
-84
-88
-105
-92
-51
-52
-33
24
4
-12
-48
-16
11
38
44
20
50
9
-11
64
50
47
31
13
17
18
61
7
-27
-10
-3
-6
8
-44
13
40
41
36
-11
-18
-8
37
77
70
63
99
126
83
64
94
100
95
109
96
97
87
66
70
57
92
122
124
101
130
163
139
157
154
166
114
128
123
110
127
84
74
65
39
-7
17
-9
-15
-29
-43
22
41
46
77
41
10
47
-8
-25
33
28
21
46
9
-5
66
41
64
55
38
58
21
49
7
-34
-24
0
-14
-48
-19
-19
-5
-49
-33
0
-31
-75
-50
-22
-9
-9
7
0
-42
-32
-40
-39
-77
-114
-114
-66
-51
-41
-15
7
-19
-18
9
-44
-11
-16
-13
28
2
82
99
60
43
40
3
-7
-47
-44
-45
-24
14
-6
-6
29
24
-28
-31
-37
-8
4
13
10
-14
-20
-28
-65
-84
-96
-102
-113
-94
-94
-102
-44
-72
-80
-79
-60
-71
-72
-83
-47
14
41
98
71
57
66
16
25
18
22
-17
-36
19
34
53
8
20
-34
-55
-42
-69
-66
-80
-105
-135
-176
-129
-120
-59
-134
-125
-122
-154
-113
-117
-116
-98
-84
-116
-36
-49
-59
-50
-33
-22
-48
-65
-103
-107
-95
-116
-158
-81
-59
-81
-56
-88
-84
-41
-79
-50
-49
-23
-54
-77
-32
-80
-48
-87
-64
-89
-132
-188
-238
-227
-224
-228
-183
-169
-168
-173
-179
-135
-118
-127
-123
-84
-65
-67
-44
-57
-54
-40
-28
-26
-5
42
15
-3
20
-5
-4
18
-16
-47
-17
18
22
8
23
-39
-22
5
-32
-35
-83
-82
-92
-91
-112
-146
-126
-156
-180
-179
-166
-167
-178
-181
-160
-138
-104
-64
-52
-45
-70
-65
-73
-68
-71
-67
-28
-20
-27
-22
-34
-64
-28
-33
-49
-52
-58
-33
-81
-85
-119
-104
-98
-76
-51
-80
-54
-45
-15
-39
-42
-87
-118
-114
-127
-108
-114
-59
-31
-8
66
91
61
15
8
18
-22
-29
-12
-23
25
39
68
52
36
45
-1
-4
-16
-16
16
-28
-38
-4
-27
-11
-11
-34
-84
-113
-80
-68
-61
-60
-33
-62
-50
-63
-84
-104
-109
-106
-77
-89
-46
-78
-105
-71
-108
-126
-149
-134
-94
-123
-151
-115
-32
-5
10
39
33
73
48
54
74
65
51
50
100
51
67
110
52
46
31
21
-6
-1
-5
-43
-3
3
46
33
27
53
43
-5
-52
-62
-88
-98
-123
-123
-128
-103
-80
-85
-33
-34
-44
9
-6
-13
43
-11
1
-23
-58
-35
-55
-55
-44
-39
-18
-12
-10
-20
-38
15
-10
8
-30
-87
-78
-77
-79
-112
-115
-112
-69
-62
-48
-91
-55
-44
-59
-8
-14
22
4
-3
-22
-21
-3
-51
-47
-31
-51
-61
-98
-85
-105
-92
-10
26
51
13
9
4
26
29
10
22
-14
-19
-99
-163
-151
-116
-143
-138
-117
-84
-86
-40
-39
-22
-66
-46
9
-14
16
-26
6
-27
4
-10
-13
-12
-27
5
17
36
57
98
112
99
130
155
139
183
203
169
184
146
113
85
52
57
22
0
13
21
-21
0
-15
20
45
54
61
22
67
-4
5
-21
-56
-41
-61
-18
12
5
33
65
79
77
95
81
70
39
49
69
34
-58
-19
10
-7
-45
-46
-23
-36
-20
-2
32
34
42
31
83
75
68
57
103
122
106
100
24
5
-21
-51
-56
10
-22
3
63
56
43
28
50
11
56
64
35
55
78
52
22
64
101
91
60
20
62
47
36
50
79
128
123
153
131
169
171
155
133
137
171
148
132
155
153
110
114
120
82
31
51
43
37
3
-47
5
-51
-44
-31
-33
4
6
25
62
77
74
19
50
59
52
34
-14
-21
-36
-61
-57
-41
-67
-67
-47
-33
-37
4
33
46
72
74
88
67
68
80
50
18
29
7
9
7
3
4
28
79
82
108
119
105
109
142
132
133
172
154
155
207
174
195
168
144
132
134
139
96
109
99
91
34
56
43
15
44
10
36
64
48
36
66
71
39
41
58
14
0
20
-12
-12
-25
-8
51
47
70
65
46
71
122
97
100
122
66
99
116
132
143
167
179
161
121
99
130
125
110
138
125
108
130
80
85
136
109
84
112
113
45
33
54
40
87
55
43
75
42
35
12
59
66
72
109
81
105
133
152
186
163
136
129
153
170
186
199
183
223
211
242
211
240
240
208
201
189
254
207
233
212
186
195
177
141
87
80
130
132
129
137
134
128
129
188
210
172
146
150
132
121
74
91
130
101
93
79
32
26
-3
16
26
27
65
100
115
107
90
122
194
169
189
150
153
178
161
146
151
179
176
238
214
217
240
246
221
245
266
273
253
270
274
188
259
246
235
219
176
181
181
135
112
111
94
110
123
149
140
158
150
204
239
232
283
265
242
206
180
195
197
205
212
179
207
146
211
200
183
283
221
239
201
208
229
254
270
274
301
305
314
279
256
239
222
186
162
175
163
146
118
101
98
103
120
98
123
154
199
221
183
188
162
184
187
165
145
208
260
201
228
275
247
222
252
278
254
224
251
292
287
286
285
320
334
315
298
316
318
281
247
279
233
256
259
301
266
220
207
168
184
186
176
137
164
136
136
116
141
153
121
181
134
145
92
31
32
14
42
1
36
53
0
44
98
109
123
130
139
129
118
155
151
153
175
180
177
151
171
179
138
139
146
144
132
156
156
195
196
186
207
200
168
178
173
114
106
86
74
72
91
74
61
74
74
107
88
96
142
164
140
138
173
153
176
186
124
114
157
138
180
197
182
178
191
163
149
197
187
154
173
161
172
183
176
139
151
153
138
147
124
142
151
208
223
206
167
120
167
190
151
154
165
161
148
109
172
132
176
175
114
127
122
141
83
86
76
88
104
123
90
137
149
182
155
180
158
137
167
118
181
159
227
176
140
146
165
168
188
240
281
325
317
345
317
267
272
298
261
231
239
225
258
254
239
225
203
174
127
115
133
129
114
118
109
99
89
32
43
50
-8
-47
-8
-1
-38
5
77
134
141
161
146
116
130
137
195
180
189
215
218
199
181
187
222
191
191
266
209
229
261
198
228
217
238
200
178
178
145
166
125
130
146
152
94
85
103
76
89
88
63
68
65
64
30
9
-44
-68
-69
-134
-143
-127
-112
-66
-43
-31
-2
39
24
62
111
128
123
134
177
136
153
125
93
120
109
114
123
135
142
152
134
83
155
151
145
169
126
142
110
74
83
72
96
51
47
43
34
22
-36
-18
-11
-1
0
16
22
29
38
81
66
76
68
36
21
61
54
87
143
158
127
144
115
105
136
114
145
120
113
147
131
125
124
121
97
109
124
61
36
34
57
27
-3
12
11
57
70
27
25
-1
7
10
-22
-36
14
64
25
8
24
64
71
83
144
140
129
72
95
94
62
67
106
105
84
104
87
74
94
117
104
81
69
32
-2
52
91
115
69
58
53
22
36
13
-1
-63
-55
-94
-106
-81
-59
-72
-111
-90
-48
-52
-56
-60
-15
12
46
48
49
74
71
52
43
76
55
108
113
174
177
169
192
212
194
158
137
125
133
105
123
150
160
153
138
205
160
127
122
78
14
3
1
7
-27
-64
-77
-72
-65
-68
-82
-96
-107
-61
-46
-44
-27
-41
-38
-48
-37
-36
-33
-14
13
2
-18
-33
-36
-24
24
58
5
50
70
58
111
66
75
48
58
25
19
-13
9
63
52
40
55
92
108
144
76
66
26
2
-6
-6
21
5
27
78
112
124
141
150
144
149
149
187
214
159
162
168
180
160
134
151
114
105
82
82
90
149
149
200
178
159
186
152
113
79
98
61
45
75
36
67
84
91
63
11
4
17
50
42
86
53
90
107
52
62
90
63
78
86
65
109
108
105
111
106
152
156
145
120
122
163
241
197
175
174
127
150
161
185
152
108
84
109
106
88
46
71
46
68
85
60
70
39
36
49
64
40
4
-10
-14
-36
-21
6
-1
14
39
71
82
67
71
84
102
94
88
89
53
96
82
78
105
114
149
169
153
160
191
166
176
163
159
146
142
140
84
119
124
49
44
90
87
108
100
60
58
90
78
46
35
-4
50
90
90
108
175
147
112
61
111
90
59
116
85
125
70
87
166
139
220
266
249
219
221
202
217
186
188
215
220
261
231
241
176
144
136
115
120
158
174
169
181
159
204
214
145
113
103
90
107
84
89
101
114
109
136
158
154
149
187
157
197
217
157
188
202
184
247
221
184
172
100
148
123
134
157
140
122
148
79
82
111
75
48
55
64
78
40
7
5
22
39
-7
38
16
-12
4
-49
23
59
116
96
68
107
98
145
118
110
144
148
106
132
116
94
87
136
142
167
185
134
214
229
238
223
224
255
239
204
190
254
239
235
246
241
169
206
239
206
202
171
181
159
186
182
120
131
113
118
142
145
127
142
127
132
153
78
88
80
39
39
54
49
106
117
94
118
91
115
57
77
107
90
92
93
104
135
122
112
119
114
79
127
132
154
150
129
221
280
255
226
228
218
230
249
260
233
267
260
246
274
275
274
272
275
271
304
299
308
293
293
284
290
283
228
188
227
200
153
140
124
139
133
133
193
179
202
172
195
225
185
190
166
192
189
201
191
208
187
179
168
134
107
109
165
158
133
189
192
180
227
235
209
250
241
256
250
262
252
247
301
253
253
243
221
234
239
233
251
235
256
263
232
238
210
206
180
131
154
116
98
145
141
106
163
160
164
181
190
232
215
231
194
180
160
182
200
189
194
226
184
167
137
144
156
168
168
205
234
216
256
210
225
221
191
212
208
200
170
130
148
101
96
118
125
117
157
162
173
183
178
153
117
143
44
77
101
47
80
61
49
58
122
112
102
118
135
110
91
113
113
82
51
96
109
94
88
118
100
115
102
68
48
57
104
97
89
116
177
142
136
121
141
150
78
98
77
101
109
123
109
136
123
110
119
114
160
168
164
155
174
176
142
126
175
169
164
131
154
160
132
73
60
74
70
53
63
99
87
110
72
78
116
143
64
101
95
55
91
94
52
69
72
54
58
45
95
92
67
65
164
159
135
158
185
183
123
61
55
76
24
13
20
13
61
26
19
22
23
42
31
38
51
18
25
57
55
55
54
74
88
122
94
29
9
26
36
62
83
48
67
89
112
81
99
110
80
38
57
113
106
128
138
191
221
193
145
99
87
80
106
61
59
27
4
34
53
53
37
30
19
13
-6
-18
-42
-38
-52
-39
-41
-40
-12
-4
-36
-59
-87
-85
-72
-93
-38
7
22
-6
10
-11
16
65
22
11
52
30
-9
-19
-15
-19
-64
-82
-62
-22
24
62
52
45
76
57
50
-17
-67
-61
-54
-97
-115
-64
-63
-69
-58
-79
-12
4
-41
-100
-90
-67
-41
-2
27
56
52
40
36
78
25
23
46
55
42
19
15
-7
-59
-84
-62
-78
-20
-40
-54
-53
-28
-18
0
-18
-87
-94
-112
-80
-82
-84
-65
-72
-83
-47
-27
-17
-62
-91
-91
-66
-45
-59
-28
-14
-84
-56
-36
-24
6
-10
13
12
17
7
-45
-47
-13
-41
-61
-102
-67
-35
-82
-83
-105
-102
-124
-146
-188
-167
-194
-272
-309
-262
-238
-225
-268
-283
-236
-215
-195
-182
-174
-181
-179
-154
-114
-137
-147
-157
-122
-111
-115
-116
-75
-47
-54
-107
-92
-100
-134
-150
-107
-68
-91
-97
-151
-139
-84
-89
-156
-154
-144
-164
-162
-190
-174
-145
-140
-132
-149
-149
-166
-127
-77
-84
-92
-95
-95
-82
-96
-120
-128
-100
-78
-85
-81
-45
-11
1
-27
-32
-42
-33
27
15
26
-6
-56
-77
-61
-85
-109
-139
-150
-173
-149
-140
-141
-126
-85
-151
-176
-155
-188
-192
-177
-166
-148
-128
-172
-125
-83
-94
-113
-120
-89
-113
-110
-138
-76
-41
-58
0
22
63
55
46
60
39
29
38
19
34
39
39
54
39
17
-46
-67
-69
-103
-142
-126
-74
-50
-25
-25
-6
-5
25
9
12
-2
-46
-98
-120
-129
-89
-97
-120
-73
-86
-87
-112
-108
-99
-83
-58
-53
-53
-8
-22
-3
1
-29
-8
6
29
34
40
29
31
37
34
34
38
36
21
43
71
61
39
42
54
37
11
-21
-36
-17
-5
-26
2
-58
-22
9
-20
-12
-56
-28
-63
-127
-113
-61
-122
-148
-120
-78
-62
-73
-42
-86
-84
-125
-140
-104
-81
-67
-49
-40
-34
0
8
-37
-22
-11
-4
-65
-100
-44
-60
-18
41
18
40
51
51
31
-18
-13
1
-43
-42
-24
-16
-45
-28
-20
-40
-61
-49
-57
-27
-59
-54
3
-43
-85
-122
-76
-74
-116
-161
-143
-124
-122
-83
-72
-80
-80
-68
-25
-15
-14
-21
-3
-29
3
2
-54
-24
-23
18
-6
-49
-51
-30
-81
-64
-30
-61
-97
-86
-50
-93
-113
-101
-116
-63
-63
-109
-128
-119
-67
-74
-72
-75
-81
-98
-30
-91
-88
-57
-91
-53
-70
-125
-145
-152
-139
-86
-78
-25
-44
-30
-16
-25
-40
29
9
-37
-48
-60
-32
-57
-53
-48
-72
-6
20
-11
-1
22
16
23
40
8
56
49
82
102
161
204
189
146
91
95
45
63
36
3
7
11
-10
-26
-7
3
-19
-67
-105
-110
-154
-162
-183
-247
-262
-266
-246
-235
-267
-232
-223
-188
-195
-170
-157
-190
-185
-232
-170
-138
-78
-71
-70
-76
-46
-5
-30
-15
0
16
1
7
40
109
44
9
42
17
-23
-36
-17
-5
3
-38
-11
-36
-57
-65
-100
-142
-146
-159
-132
-131
-134
-67
-114
-118
-152
-170
-186
-188
-202
-170
-132
-151
-120
-89
-90
-101
-52
-65
-47
-19
-31
-27
-55
-24
-23
-32
8
-53
-46
-78
-2
-5
-3
17
10
45
34
2
-7
32
-41
4
7
-36
-19
-49
-70
-47
-79
-107
-127
-180
-166
-167
-132
-172
-184
-145
-152
-162
-166
-184
-187
-187
-199
-176
-226
-229
-159
-166
-111
-90
-67
-79
-66
-78
-68
-13
-13
-8
-36
-6
-3
-22
0
-28
-24
22
6
-34
-43
-61
-96
-50
-43
-18
-50
-46
-38
-59
-38
-115
-95
-58
-67
-80
-82
-90
-109
-110
-117
-159
-137
-108
-136
-87
-33
-41
-11
-39
-60
-62
-63
-94
-123
-63
-78
-90
-77
-107
-87
-36
-72
-103
-138
-141
-157
-116
-137
-160
-111
-97
-94
-143
-131
-103
-156
-168
-169
-192
-202
-231
-221
-234
-253
-202
-171
-146
-119
-140
-128
-92
-118
-107
-89
-55
-63
-81
-37
-66
-60
-49
-22
-24
-46
-65
-70
-64
-71
-64
-23
-46
-69
-62
-37
-53
-51
3
-21
-6
-63
-86
-117
-128
-121
-116
-143
-150
-110
-134
-162
-109
-61
-117
-73
-87
-53
-2
-29
-69
-49
-46
-81
-40
-80
-134
-113
-79
-115
-74
-91
-84
-91
-152
-156
-161
-171
-157
-133
-138
-111
-78
-134
-172
-150
-189
-218
-269
-263
-255
-226
-169
-147
-96
-65
-52
-67
-41
-33
-75
-77
-71
-82
-119
-88
-85
-98
-96
-107
-100
-108
-128
-134
-94
-110
-76
-52
-40
-52
-109
-81
-80
-63
-60
-133
-173
-144
-178
-233
-248
-260
-188
-184
-182
-178
-144
-127
-122
-130
-151
-117
-142
-203
-201
-190
-221
-239
-211
-190
-236
-216
-162
-117
-112
-111
-85
-75
-107
-82
-31
-6
-27
-41
-33
-68
-65
-43
-34
-37
-18
-12
-1
-26
-40
-9
-67
-46
-54
-51
-27
-57
-77
-77
-89
-150
-162
-231
-254
-275
-327
-337
-344
-387
-352
-299
-300
-250
-240
-193
-214
-214
-192
-230
-235
-153
-79
-121
-124
-111
-88
-25
-29
-81
-84
-97
-85
-71
-100
-63
-60
-17
-27
-45
-4
-55
-96
-98
-115
-120
-147
-160
-83
-99
-115
-101
-131
-97
-94
-120
-149
-145
-151
-157
-178
-154
-121
-173
-103
-78
-82
-29
-47
-35
-32
-29
-32
-119
-115
-97
-167
-212
-228
-197
-156
-159
-178
-201
-135
-156
-119
-128
-91
-77
-59
-23
-35
12
-38
-23
-15
-63
-93
-106
-86
-46
-84
-81
-79
-26
-38
-37
2
-39
-32
-39
-8
49
34
-15
-11
-25
-24
-29
-75
-50
-83
-120
-95
-127
-158
-147
-143
-171
-142
-114
-116
-107
-114
-68
-79
-107
-92
-101
-37
-41
-41
-70
-98
-45
-72
-111
-107
-106
-69
-35
-67
-48
-16
14
-12
9
1
-21
-21
-18
-41
-42
-69
-116
-114
-130
-121
-157
-134
-117
-122
-106
-93
-119
-131
-178
-216
-164
-168
-170
-215
-173
-186
-189
-165
-228
-179
-159
-187
-153
-156
-65
-38
-64
5
40
81
65
84
69
17
-30
-62
-28
-43
-108
-49
-74
-44
12
-71
-47
-24
-72
-73
-11
-36
-19
-31
-37
-2
-7
-49
-28
14
-5
-9
-54
-48
-9
22
7
20
61
27
39
36
28
51
40
17
76
20
24
-10
-61
-8
-20
-61
-112
-82
-24
-14
-61
-44
-44
-43
-24
-34
-57
-44
-37
-75
-67
-35
-22
-88
-114
-103
-90
-102
-99
-75
-55
3
-4
-20
-21
-18
27
20
33
18
-3
-9
-31
-60
-46
-62
-69
-34
-3
48
6
56
71
25
-12
-23
16
-19
-17
-5
1
11
-7
3
41
89
59
49
14
-20
25
9
-2
-18
-5
-5
-15
5
-2
3
-4
31
60
1
30
33
21
55
-5
-2
-24
-50
-32
-25
-37
-42
-87
-87
-57
-79
9
-40
-40
-51
-42
-6
-37
-38
-36
-104
-108
-89
-97
-121
-169
-148
-157
-105
-111
-89
-90
-70
-57
-70
-27
20
-22
0
17
-13
10
5
24
33
85
67
65
49
18
55
24
16
-23
-61
-2
9
-14
34
21
30
-3
-25
-35
-84
-97
-136
-96
-107
-76
-67
-90
-31
-37
-17
1
-24
-24
-28
15
16
-4
-9
-17
4
6
-10
-3
48
53
60
69
69
60
60
56
49
29
52
43
30
-19
-27
50
24
-1
-11
-32
-80
-93
-145
-155
-160
-119
-118
-95
-79
-51
-16
-23
1
-10
-30
-18
-17
13
21
14
42
11
33
8
22
-12
-29
22
-11
-9
21
44
45
31
-9
27
-16
-12
27
41
31
15
17
-9
-24
-48
-39
-78
-65
-51
-98
-58
-61
-45
-63
-18
11
1
41
32
40
33
1
7
29
4
9
-46
-6
6
18
39
-13
20
5
20
-14
-20
-22
-7
6
-46
0
39
70
73
89
101
42
6
8
-6
-29
-73
-74
-86
-101
-70
-128
-138
-115
-128
-141
-118
-88
-81
-106
-70
-77
-37
-22
-95
-99
-116
-118
-89
-134
-139
-135
-100
-64
-24
26
59
104
95
130
150
170
214
216
149
94
88
54
61
34
19
17
56
78
58
71
101
173
175
164
157
101
96
90
30
-16
-20
9
-17
10
25
-32
-15
-32
-28
20
27
51
31
40
33
41
85
65
24
15
33
12
-13
-36
-19
1
-26
-19
-42
-27
10
27
44
28
60
50
20
6
-27
-45
-30
-35
-77
-73
-54
-68
-59
-21
-6
-6
11
-8
-5
45
22
18
21
5
15
22
19
5
-40
-5
13
3
-16
-72
-56
-81
-86
-69
-63
-37
-90
-87
-33
-54
-61
-4
-12
-26
1
-16
-46
-47
-29
26
-7
25
-14
-35
0
-26
-6
-3
-24
-32
-41
-25
-24
-20
28
-15
-44
-19
5
-2
3
16
37
95
85
46
74
39
35
31
10
30
28
50
20
32
-3
4
30
-8
-20
-30
-18
-2
-1
16
71
74
44
51
21
-3
-5
0
-76
-43
-70
-49
-10
-51
-22
-40
-26
-56
-136
-99
-114
-108
-101
-132
-111
-150
-112
-152
-160
-122
-140
-139
-118
-69
-77
-80
-82
-49
-30
-22
-52
-67
-82
-87
-33
-43
-30
-30
-56
-42
-44
-41
-36
-39
36
33
61
90
55
-7
-7
22
-41
-58
-98
-86
-85
-79
-128
-159
-132
-115
-66
-67
-21
-2
-28
10
-25
28
29
-17
-39
-27
-62
-86
-69
-56
-35
-12
-41
-57
-40
-28
6
-28
-2
42
44
19
27
25
31
81
56
37
-8
-14
-24
-28
-13
-39
-41
-25
-42
25
46
60
68
62
54
26
70
-8
31
75
50
69
97
144
123
112
83
72
28
23
-4
26
-15
-46
-10
23
21
32
12
-23
15
-12
-24
-46
-16
-69
-66
-92
-76
-81
-132
-98
-83
-43
-46
-41
-35
8
9
25
62
51
94
124
88
103
104
90
111
125
135
105
113
91
101
92
91
38
-1
14
46
26
7
13
-4
-26
-12
18
10
13
-45
-30
-96
-92
-37
-22
-6
-53
-36
-8
-29
-78
-80
-114
-103
-87
-9
-15
-47
5
3
78
40
68
115
79
107
90
130
139
147
136
125
119
158
226
176
144
159
186
151
147
131
115
61
80
100
95
88
100
96
109
119
107
75
53
-8
9
-5
-2
-4
6
-1
2
37
-22
-50
-37
-11
-25
-62
-20
-15
-14
-51
-31
36
51
53
14
15
102
54
-7
2
-7
-48
-40
-76
-95
-56
-44
-48
-66
-33
-6
-15
-13
22
-2
-36
-39
-2
-34
-25
-48
-86
-44
-35
-65
-60
-33
-45
-3
19
-25
2
-50
-31
-53
-97
-72
-59
-12
-20
-21
-2
11
-10
-48
-19
4
-27
7
-65
-61
-11
-12
-33
-45
7
0
-20
5
-34
-11
27
-10
-52
23
42
75
58
74
151
102
139
160
167
133
144
147
113
83
100
107
87
72
89
106
91
92
91
22
32
40
79
51
45
8
-7
23
10
-25
-109
-116
-87
-98
-123
-99
-96
-49
-32
-31
-28
-12
49
-25
-74
-76
-5
0
-1
29
26
55
10
57
111
135
109
153
123
121
127
84
96
91
93
110
112
105
130
143
192
177
135
140
90
65
36
-16
-29
-59
-104
-132
-92
-92
-122
-154
-95
-95
-95
-88
-42
-13
-48
-50
-62
-69
-109
-28
-2
-13
14
23
37
56
33
26
58
60
38
41
70
67
38
100
92
56
96
23
39
32
-12
-20
-16
-58
-84
-80
-107
-87
-163
-178
-187
-215
-168
-152
-182
-202
-152
-128
-141
-161
-80
-28
-34
-27
-20
9
27
41
45
9
45
162
82
101
107
84
98
92
59
79
95
93
104
109
32
36
51
14
31
9
-15
-20
-20
-53
-67
-47
-93
-127
-149
-134
-122
-169
-161
-102
-70
-100
-69
-63
-48
-48
-47
-49
-53
-83
-125
-70
-68
-89
-111
-89
-70
-109
-98
-71
-86
-74
-57
1
36
-35
20
72
70
77
105
140
70
50
47
38
63
60
64
83
82
58
-32
-59
-38
-44
-45
-69
-41
-42
-27
-4
-15
-82
-96
-48
-55
-50
-102
-53
-34
-57
-83
-66
-27
-77
-51
-49
-63
-50
-37
-38
-11
-45
20
76
53
78
74
76
41
34
43
17
44
61
25
64
69
93
101
117
98
82
63
18
21
-30
-54
-34
18
36
28
41
87
68
9
26
29
32
6
-13
-21
-42
8
55
74
13
12
54
73
46
30
58
63
105
97
112
86
42
62
12
-21
4
52
12
35
61
61
14
-9
6
-60
23
-20
-44
32
62
88
68
54
29
27
19
-10
20
-17
20
55
25
44
54
73
72
68
56
20
39
51
71
103
103
91
105
128
105
100
78
54
64
53
63
62
20
19
-18
-36
-70
-72
-76
-97
-77
-63
18
-17
25
3
37
50
51
101
74
62
72
104
70
136
149
140
192
141
132
117
83
95
59
87
121
128
118
111
149
161
137
111
85
55
45
-7
16
52
4
39
38
10
19
-27
15
24
-2
-1
10
43
10
17
50
66
98
118
76
63
83
103
135
112
87
73
63
75
34
37
24
-11
43
7
39
14
-9
9
43
16
55
59
48
38
10
56
71
78
79
11
35
30
1
-3
17
28
68
91
102
104
103
108
50
62
42
52
73
51
-10
-30
-13
10
-1
-2
35
66
98
117
112
114
149
167
151
143
116
29
0
55
39
43
32
38
51
16
-40
-45
4
-75
-50
-42
14
19
-11
21
13
0
13
6
-21
-22
-4
11
-45
-33
-7
-33
11
7
-36
-32
-32
-14
26
-21
-18
-5
-24
-17
-40
1
0
43
22
40
11
40
-9
-28
7
5
27
-4
0
-55
-85
-85
-43
-84
-59
17
19
18
27
26
19
36
-1
18
46
8
71
64
96
104
56
69
96
55
5
19
4
51
44
22
-9
-4
21
25
-9
-59
-16
-36
-76
-43
-66
-79
-71
-78
-93
-93
-117
-144
-148
-137
-134
-140
-114
-77
-47
-54
-21
-2
-18
-12
-21
-58
-83
-76
-57
-112
-128
-85
-79
-76
-82
-72
-90
-73
-55
-63
-26
-44
-43
-31
-61
-54
-65
-65
-99
-71
-35
-31
-4
-56
-37
19
-17
-2
-8
-50
-57
-71
-101
-123
-165
-154
-168
-134
-98
-32
51
-1
1
34
70
19
-28
18
-8
0
-6
-31
-31
-74
2
-1
-19
-28
-58
-91
-109
-89
-120
-66
-25
-32
-41
-13
-34
-64
-117
-162
-161
-214
-289
-357
-342
-327
-310
-320
-331
-318
-258
-253
-271
-211
-227
-180
-157
-140
-113
-174
-193
-186
-183
-230
-242
-223
-217
-227
-211
-181
-166
-127
-143
-119
-100
-150
-134
-128
-143
-126
-116
-142
-119
-132
-153
-111
-93
-131
-185
-168
-158
-129
-138
-193
-140
-143
-125
-133
-132
-153
-148
-140
-176
-203
-213
-213
-208
-197
-173
-175
-178
-155
-151
-139
-182
-158
-126
-143
-142
-107
-98
-82
-136
-154
-155
-152
-132
-167
-193
-214
-218
-246
-259
-256
-233
-198
-238
-206
-196
-157
-150
-195
-226
-219
-193
-224
-227
-245
-247
-293
-327
-277
-282
-262
-207
-275
-235
-234
-253
-180
-213
-141
-177
-110
-132
-147
-122
-124
-177
-249
-188
-220
-262
-214
-175
-248
-229
-205
-170
-109
-136
-136
-140
-117
-120
-169
-180
-198
-172
-172
-194
-181
-208
-222
-203
-221
-209
-174
-209
-181
-141
-160
-150
-109
-119
-130
-111
-96
-129
-122
-109
-136
-130
-105
-156
-167
-186
-172
-144
-207
-192
-188
-159
-164
-128
-144
-71
-80
-113
-131
-162
-136
-147
-139
-161
-149
-93
-88
-122
-123
-83
-125
-115
-117
-111
-134
-152
-114
-77
-121
-137
-168
-186
-172
-185
-157
-164
-161
-159
-171
-151
-126
-142
-119
-89
-140
-193
-171
-160
-92
-112
-123
-108
-141
-77
-1
11
-32
-4
2
11
18
12
33
19
13
29
12
10
25
-11
-12
-27
-12
-11
-19
15
20
57
68
42
29
15
47
37
37
5
-18
34
19
-44
-16
-17
-3
4
-23
23
8
14
25
62
58
38
86
72
59
37
56
0
-46
-6
-50
-67
-75
-79
-72
-55
-53
-59
-36
-44
-10
7
9
39
24
65
38
54
39
18
31
40
33
45
63
49
90
69
113
87
122
111
170
161
157
158
96
134
74
39
32
28
39
83
72
95
85
86
109
87
44
-1
-10
-67
-50
-2
18
63
48
16
-5
30
59
50
60
45
34
22
45
44
43
23
29
67
32
19
23
23
19
41
27
3
26
42
13
35
42
78
67
84
116
119
97
101
145
121
116
139
100
71
25
20
-12
-26
-18
-16
2
10
47
28
85
36
25
26
89
73
42
22
-34
-22
11
-52
-128
-83
-74
-64
-36
-46
-60
-45
-61
6
11
36
95
94
79
126
113
58
104
88
48
43
31
20
36
35
29
33
37
58
91
71
76
48
45
41
-12
11
55
50
61
74
50
75
88
120
62
18
59
75
59
59
71
73
76
140
117
104
84
84
38
6
8
-25
-26
-78
-120
-68
-23
2
-13
13
-29
40
-23
-26
-2
-51
-66
-102
-97
-122
-130
-95
-99
-80
-56
-45
-65
-30
-4
12
24
-1
80
94
109
88
36
14
10
-6
-18
-28
-31
-26
24
55
64
54
65
30
13
47
41
18
24
-10
-60
-36
4
-42
-51
34
9
17
34
77
75
83
68
90
115
71
75
41
41
-4
-33
-4
-57
-16
-21
-16
28
-3
72
37
47
72
111
159
146
124
133
163
131
117
79
80
46
29
43
58
66
88
75
109
128
128
134
119
98
96
77
-1
-20
-29
-89
-76
-38
-95
-172
-181
-195
-191
-199
-250
-222
-201
-247
-277
-271
-311
-329
-367
-391
-372
-400
-371
-374
-392
-339
-346
-329
-346
-323
-314
-283
-259
-182
-129
-157
-103
-114
-45
-1
-9
-9
-9
105
165
189
246
313
331
339
402
470
519
540
545
554
591
685
691
677
717
689
683
676
702
706
735
707
706
719
655
613
612
559
589
553
459
423
348
324
255
138
95
22
-39
-47
-144
-145
-151
-191
-219
-225
-232
-232
-287
-310
-336
-358
-370
-404
-373
-403
-414
-425
-438
-490
-512
-546
-559
-602
-593
-599
-665
-679
-697
-700
-713
-721
-759
-783
-795
-842
-915
-936
-975
-1008
-1056
-1074
-1016
-1007
-997
-903
-812
-684
-522
-464
-336
-206
-103
-26
121
275
376
438
554
584
651
781
823
870
924
914
957
1014
994
1001
1028
1011
1037
1077
1049
1040
1071
992
888
837
734
668
609
554
448
406
358
306
257
254
228
184
169
95
88
52
16
-14
-14
3
19
105
114
146
172
203
210
244
270
231
250
260
253
303
333
312
276
209
205
179
198
160
189
180
120
119
101
145
150
116
49
5
13
-25
-38
-10
-3
-12
-22
-26
-58
-64
-85
-76
-93
-125
-90
-157
-167
-166
-188
-238
-275
-289
-332
-354
-372
-412
-446
-520
-579
-632
-733
-804
-819
-826
-848
-848
-842
-859
-768
-708
-649
-515
-434
-344
-230
-104
60
159
240
299
334
371
418
467
505
559
551
603
596
630
671
682
692
719
754
777
839
794
767
804
812
772
708
654
650
670
603
526
450
423
400
293
243
172
115
118
105
62
46
81
101
137
120
126
165
127
134
109
86
103
95
164
179
172
209
189
193
166
189
212
252
321
354
394
443
530
583
588
619
655
649
625
554
511
585
576
520
509
463
433
426
388
384
302
252
256
217
178
183
157
114
74
-20
-63
-133
-222
-328
-387
-442
-542
-593
-679
-712
-800
-870
-949
-1047
-1056
-1077
-1104
-1133
-1218
-1263
-1353
-1389
-1289
-1295
-1295
-1204
-1197
-1124
-1029
-956
-885
-776
-665
-571
-369
-255
-118
-13
58
85
161
238
335
400
530
557
570
672
762
813
821
874
910
986
979
1045
1113
1123
1079
1088
1040
1001
906
855
854
788
780
714
722
677
626
610
527
527
466
469
475
396
379
357
315
282
211
155
151
128
63
40
31
-15
-5
-26
-13
20
-15
18
39
76
10
31
63
16
-1
-11
55
23
31
60
33
48
98
137
120
114
179
175
184
238
232
219
227
241
232
182
201
130
87
102
62
24
14
-38
-68
-103
-128
-148
-196
-257
-315
-389
-472
-409
-456
-583
-651
-705
-741
-801
-855
-937
-1023
-1042
-1047
-1102
-1080
-1107
-1156
-1119
-1107
-1104
-1084
-1032
-969
-921
-841
-700
-614
-488
-313
-223
-109
9
116
190
230
309
401
434
436
496
542
565
561
576
611
628
693
775
850
874
888
901
895
883
840
843
844
840
836
823
800
736
675
629
532
438
396
355
386
349
329
346
252
243
157
94
70
76
44
-63
-32
-77
-124
-127
-91
-101
-123
-116
-70
-67
-49
8
18
49
78
81
89
148
147
217
209
219
251
277
270
245
255
253
276
278
217
264
239
231
271
200
179
166
164
157
141
107
36
-26
-50
-114
-151
-197
-286
-283
-343
-404
-428
-467
-486
-573
-608
-622
-718
-728
-784
-843
-902
-980
-994
-1049
-1063
-1096
-1037
-1015
-959
-963
-924
-881
-822
-767
-703
-575
-540
-450
-345
-261
-227
-127
-66
-33
54
100
158
201
273
335
417
461
556
598
664
691
715
759
783
826
823
848
824
819
863
920
911
920
969
915
901
862
795
794
728
651
619
572
532
455
415
336
243
184
93
52
-15
-42
-40
-85
-94
-50
-63
-47
-81
-67
-13
-33
-5
-8
-33
8
86
123
173
197
246
311
340
381
380
389
433
411
433
467
470
452
417
419
435
398
373
370
364
311
322
306
291
262
213
149
90
108
68
39
-19
-32
-67
-44
-112
-151
-235
-288
-355
-416
-428
-483
-524
-646
-683
-725
-764
-810
-883
-920
-918
-958
-986
-997
-1031
-975
-989
-990
-937
-911
-891
-863
-764
-662
-650
-538
-459
-374
-306
-230
-132
-48
47
89
154
225
260
318
388
398
460
531
547
604
667
677
726
748
744
769
834
818
825
861
854
881
844
854
824
795
779
798
799
733
698
679
608
529
535
514
451
452
424
361
351
327
255
222
209
226
201
166
155
191
141
84
76
34
57
17
6
-6
-15
-19
38
81
89
104
109
160
120
147
168
196
219
211
225
177
198
247
234
222
214
197
182
139
147
93
126
121
101
81
35
12
-21
-55
-108
-110
-159
-207
-305
-360
-350
-427
-480
-529
-557
-590
-683
-735
-752
-818
-816
-844
-890
-882
-908
-920
-928
-892
-856
-875
-841
-814
-728
-641
-581
-473
-382
-307
-247
-146
-86
-51
38
103
180
243
313
438
460
540
586
639
656
673
745
801
873
882
931
931
913
971
969
910
959
1025
994
1011
987
907
894
865
783
737
687
634
533
435
400
368
311
267
285
248
245
204
195
184
179
123
117
92
97
97
30
55
-7
-8
-27
9
-22
-35
18
35
35
65
103
173
218
277
307
306
350
363
366
316
338
345
303
301
327
287
269
267
248
270
275
251
229
209
182
174
142
72
17
26
-33
-45
-88
-120
-142
-207
-231
-273
-268
-349
-457
-497
-544
-621
-696
-759
-750
-815
-783
-757
-793
-816
-826
-825
-825
-702
-725
-710
-618
-582
-505
-485
-423
-279
-280
-209
-184
-166
-84
-43
13
41
85
130
218
293
362
402
422
499
538
605
664
715
734
762
842
859
908
928
922
873
861
880
873
879
789
745
726
665
638
566
502
527
509
490
472
435
447
408
377
372
332
300
242
264
235
215
219
215
208
222
193
179
152
149
147
145
160
87
92
110
139
152
127
77
101
13
-69
-66
-88
-94
-84
-81
-137
-143
-177
-172
-150
-140
-142
-179
-141
-134
-163
-141
-163
-182
-154
-130
-178
-212
-215
-241
-283
-306
-324
-366
-385
-396
-455
-533
-578
-644
-663
-686
-748
-771
-835
-899
-982
-1042
-1076
-1100
-1084
-1122
-1111
-1062
-1053
-1051
-1029
-1024
-944
-929
-942
-908
-846
-762
-711
-641
-607
-548
-465
-412
-408
-308
-180
-148
-49
-9
47
157
236
259
294
323
364
431
422
419
438
457
439
478
526
543
541
567
556
514
628
596
563
537
453
424
393
372
377
365
341
311
253
215
183
267
241
154
176
158
102
133
73
6
-3
-61
-38
-96
-36
-3
-22
-39
-70
-80
-85
-77
-77
-70
-27
-42
-27
1
-12
-4
-60
-65
-55
-23
1
-12
21
43
32
86
64
116
119
94
119
169
226
190
120
76
-16
-86
-154
-161
-204
-283
-337
-470
-546
-612
-678
-787
-884
-936
-1054
-1167
-1205
-1370
-1501
-1586
-1503
-1332
-1323
-1464
-1636
-1650
-1505
-1272
-1163
-1030
-834
-680
-676
-649
-578
-373
-124
-26
53
246
487
634
585
530
586
760
943
1025
1175
1198
1169
1110
978
1007
1125
1229
1164
1112
971
883
865
829
804
748
707
669
580
488
499
501
510
480
492
496
481
428
385
407
452
471
538
638
671
685
647
689
759
854
900
968
976
901
929
892
915
908
954
930
797
739
670
582
514
466
422
407
394
265
144
5
-58
-136
-224
-236
-306
-340
-423
-526
-570
-638
-641
-601
-579
-693
-835
-1039
-1140
-1215
-1228
-1257
-1328
-1366
-1516
-1794
-2028
-2152
-2377
-2412
-2566
-2753
-2433
-1838
-1582
-2227
-3312
-3367
-2194
-841
-506
-1214
-1462
-1037
-500
-339
-85
717
1250
1093
739
1155
2186
2598
1932
1204
1671
2761
3311
2847
2000
1721
1967
2145
2341
2394
2180
1419
572
361
775
1266
948
108
-566
-690
-401
-353
-581
-968
-1189
-1282
-1159
-937
-711
-797
-1125
-1292
-944
-237
122
8
-244
-118
255
621
759
836
924
1005
1070
1220
1541
1703
1558
1295
1283
1434
1472
1269
967
778
778
765
513
314
23
-235
-390
-523
-580
-779
-967
-1162
-1334
-1365
-1537
-1703
-1830
-1876
-1771
-1846
-2018
-2280
-2330
-2213
-2161
-2175
-2312
-2415
-2379
-2413
-2468
-2632
-2757
-2875
-3024
-3147
-3448
-3163
-2346
-1945
-2464
-3637
-3995
-2627
-982
-692
-1743
-2178
-1285
-92
270
46
311
957
1419
1389
1709
2519
2796
2155
1543
2279
3596
3879
2963
1930
1973
2856
3238
2901
2246
1738
1452
1234
1329
1510
1161
267
-422
-373
62
133
-566
-1470
-1615
-1255
-1030
-1295
-1601
-1539
-1379
-1264
-1176
-971
-797
-818
-821
-532
60
416
251
127
355
918
1320
1228
1019
1226
1500
1591
1536
1476
1595
1522
1268
1199
1303
1246
905
530
494
635
526
33
-369
-379
-274
-383
-698
-1058
-1199
-1309
-1426
-1470
-1620
-1730
-1876
-2175
-2273
-2201
-2217
-2471
-2752
-2791
-2748
-2890
-3104
-3429
-3636
-3904
-3429
-2431
-2063
-2751
-4132
-4222
-2448
-665
-711
-2131
-2454
-991
561
640
-98
92
1150
1920
2065
2232
2767
2925
2520
2350
3237
4277
4151
3168
2595
3133
3911
3746
2931
2456
2581
2658
2337
1894
1523
1286
1052
860
763
576
211
-339
-630
-501
-376
-655
-1055
-1123
-755
-546
-815
-1145
-1007
-520
-179
-152
-249
38
302
280
349
699
1083
1103
840
901
1291
1509
1354
1200
1379
1675
1670
1272
1094
1198
1344
1273
1028
850
675
464
188
199
360
88
-436
-862
-869
-729
-779
-1006
-1301
-1457
-1634
-1882
-2045
-2084
-2085
-2317
-2701
-2925
-2952
-2907
-3251
-3701
-3975
-3151
-1969
-1883
-2999
-4310
-3789
-1731
-330
-751
-1932
-1665
-135
1091
987
565
1198
2188
2639
2636
2917
3570
3739
3468
3484
4268
4867
4402
3593
3490
4191
4597
4047
3272
3053
3263
3166
2614
2095
1857
1705
1329
994
802
622
275
-173
-338
-309
-381
-633
-785
-604
-344
-413
-671
-698
-366
1
167
125
297
631
832
788
864
1201
1513
1488
1318
1390
1661
1737
1618
1582
1703
1774
1621
1364
1253
1269
1121
873
711
687
512
134
-107
-96
-61
-224
-471
-668
-834
-1095
-1223
-1232
-1299
-1434
-1775
-2123
-2225
-2093
-2184
-2416
-2792
-3130
-3272
-3288
-3539
-3433
-2713
-2393
-2836
-3814
-4005
-2577
-1212
-1190
-2155
-2242
-869
499
642
-98
195
1356
2173
2319
2305
2814
3350
3364
3403
3886
4505
4365
3946
3792
4228
4620
4154
3652
3544
3658
3417
2827
2470
2339
2141
1590
1029
859
714
475
-1
-435
-597
-859
-1189
-1288
-1158
-1088
-1291
-1607
-1698
-1341
-1034
-1014
-996
-773
-415
-241
-265
-161
304
729
803
715
815
1184
1401
1335
1391
1600
1582
1407
1273
1373
1539
1373
981
788
906
853
481
160
48
23
-271
-686
-812
-787
-917
-1431
-1804
-1788
-1645
-1842
-2320
-2736
-2824
-2825
-2969
-3133
-3494
-3824
-4102
-4275
-4479
-3746
-2874
-3152
-4254
-5198
-4279
-2245
-1422
-2330
-3472
-2659
-851
32
-520
-961
-34
1073
1437
1385
1758
2456
2736
2541
2659
3434
3790
3347
3033
3321
3867
3797
3175
2941
3116
3058
2548
2115
2042
2014
1682
1044
641
565
436
142
-309
-629
-826
-1092
-1372
-1325
-1063
-1147
-1418
-1691
-1648
-1339
-1206
-1210
-1109
-913
-685
-701
-749
-451
33
252
157
179
410
661
725
785
1026
1222
1056
749
780
1155
1219
843
481
540
678
420
-99
-379
-271
-288
-717
-1163
-1181
-1098
-1325
-1817
-2047
-1929
-2008
-2453
-2959
-3170
-3010
-3129
-3583
-4043
-4435
-4589
-4781
-4085
-3250
-3478
-4688
-5879
-4947
-2834
-2025
-3064
-4253
-3185
-1244
-487
-1373
-1947
-616
969
1341
781
834
1742
2260
2247
2277
3043
3490
3010
2590
2878
3745
3806
3112
2765
3033
3201
2610
1949
1906
2094
1858
1136
629
603
518
133
-489
-705
-710
-1052
-1457
-1621
-1436
-1378
-1738
-2043
-1915
-1584
-1496
-1621
-1647
-1312
-966
-1044
-1169
-874
-244
105
-3
-134
109
549
715
689
818
1097
1210
1097
1031
1218
1358
1173
924
1076
1208
979
539
255
284
239
-35
-449
-706
-878
-1064
-1371
-1704
-1967
-2112
-2260
-2608
-2892
-3248
-3499
-3611
-3738
-3985
-4452
-4917
-5175
-4192
-3341
-3696
-5117
-6120
-4856
-2696
-2122
-3469
-4513
-3191
-1178
-522
-1574
-1943
-454
1064
1283
722
986
2032
2608
2428
2295
3009
3610
3478
3186
3296
3742
3671
3312
3185
3375
3202
2518
2068
2118
2234
1758
901
664
779
631
108
-528
-695
-621
-759
-1139
-1396
-1281
-1241
-1401
-1626
-1592
-1283
-1216
-1323
-1313
-1058
-758
-713
-723
-489
-49
139
33
53
372
864
1021
961
1089
1277
1392
1316
1409
1658
1673
1453
1200
1205
1326
1257
887
647
603
509
256
-89
-161
-309
-731
-1126
-1310
-1281
-1497
-2035
-2342
-2431
-2562
-2997
-3475
-3752
-3883
-4113
-4635
-4028
-3233
-3466
-4821
-5889
-4675
-2566
-2022
-3483
-4618
-3123
-1117
-604
-1797
-2170
-449
1127
1182
478
882
2189
2806
2507
2314
3038
3679
3559
3354
3562
4146
3980
3423
3317
3665
3641
2925
2441
2471
2529
2072
1386
1155
1199
1035
465
-81
-167
-117
-448
-965
-1061
-797
-762
-1187
-1654
-1582
-1088
-837
-938
-1149
-1017
-649
-459
-370
-135
125
236
259
429
717
1018
971
991
1349
1538
1454
1229
1373
1798
1914
1637
1330
1388
1510
1440
1156
1007
1065
915
487
170
195
249
50
-374
-794
-1052
-1219
-1340
-1614
-1976
-2275
-2540
-2822
-3042
-3359
-3676
-4015
-4150
-3289
-2895
-3634
-5109
-5527
-3914
-2131
-2289
-4086
-4653
-2819
-1084
-1094
-2324
-2148
-326
851
507
-35
855
2248
2641
2139
2061
3033
3623
3541
3383
3661
4107
3987
3647
3736
3972
3726
3155
3101
3282
3132
2393
1793
1955
2125
1748
906
310
379
421
103
-286
-447
-370
-483
-823
-1107
-898
-599
-621
-783
-856
-602
-293
-182
-161
71
330
416
440
650
1020
1247
1183
1294
1682
1910
1804
1661
1906
2313
2398
2080
1857
2057
2327
2179
1809
1785
1904
1672
1140
858
1011
1027
750
234
-92
-136
-303
-583
-880
-1094
-1221
-1616
-1948
-2172
-2339
-2786
-3173
-3579
-3115
-2280
-2689
-3980
-5056
-4185
-2165
-1604
-2922
-4185
-3117
-1092
-489
-1335
-1940
-700
770
994
440
695
1967
2652
2414
2091
2643
3571
3658
3548
3629
3994
4160
3928
3899
4053
4046
3588
3316
3416
3317
2955
2328
2135
2196
1913
1410
827
570
557
296
-72
-230
-298
-459
-743
-961
-872
-736
-764
-903
-894
-667
-354
-293
-329
-180
113
441
488
555
809
1095
1261
1310
1558
1777
1857
1914
2060
2218
2246
2183
2132
2217
2314
2081
1845
1846
1976
1869
1377
1081
1194
1314
939
276
50
209
169
-264
-727
-1012
-1099
-1361
-1712
-1898
-2071
-2380
-2772
-3076
-3271
-3693
-3894
-3018
-2486
-3158
-4640
-5072
-3299
-1534
-2006
-3809
-4030
-1851
-286
-740
-2065
-1610
455
1397
788
164
1175
2597
2749
2084
2105
3157
3769
3567
3273
3586
4029
3881
3664
3761
3835
3462
2861
2820
3035
2833
1954
1360
1618
1849
1246
254
-88
238
326
-414
-1176
-1119
-634
-656
-1228
-1729
-1580
-1166
-1018
-1089
-1126
-1012
-889
-817
-583
-238
36
72
96
427
857
998
866
1145
1622
1760
1549
1439
1753
2181
2142
1760
1670
1888
1957
1740
1473
1478
1519
1228
820
546
551
483
72
-180
-294
-552
-987
-1352
-1454
-1466
-1708
-2160
-2544
-2591
-2780
-3181
-3533
-3643
-3759
-4145
-3821
-3317
-3591
-4533
-5130
-4102
-2617
-2555
-3741
-4176
-2618
-1125
-1040
-2126
-2125
-412
825
570
-102
534
1931
2415
1899
1505
2344
3295
3395
2950
2839
3380
3595
3364
3129
3236
3260
2834
2452
2331
2243
1851
1317
1235
1257
930
232
-273
-274
-270
-608
-1242
-1309
-1091
-1209
-1755
-2072
-1740
-1449
-1542
-1874
-1923
-1489
-1125
-1130
-1196
-948
-531
-344
-346
-203
314
730
758
780
1054
1393
1509
1499
1581
1828
1912
1723
1639
1704
1780
1723
1512
1309
1165
1034
986
844
627
359
6
-171
-202
-541
-995
-1331
-1317
-1379
-1880
-2327
-2674
-2665
-2864
-3241
-3538
-3718
-3915
-4249
-4717
-4256
-3351
-3568
-4734
-5737
-4765
-2886
-2519
-3787
-4596
-3301
-1546
-1352
-2196
-2305
-787
415
328
-42
551
1827
2189
1789
1620
2363
3197
3040
2784
2926
3373
3393
3108
3050
3196
3143
2635
2306
2406
2358
1829
1241
1215
1428
1107
261
-366
-246
-97
-582
-1324
-1582
-1313
-1238
-1597
-2184
-2255
-1891
-1665
-1725
-1833
-1830
-1600
-1360
-1288
-1096
-914
-744
-542
-171
117
206
242
501
931
1147
1118
1044
1272
1638
1622
1404
1408
1589
1693
1337
963
941
1083
1035
602
201
66
107
-91
-444
-720
-900
-1125
-1486
-1793
-1952
-2164
-2484
-2788
-3012
-3133
-3431
-3823
-4109
-4266
-4634
-4756
-4074
-3794
-4370
-5343
-5429
-3974
-2718
-3123
-4294
-4119
-2334
-1301
-1805
-2625
-1788
-52
517
-16
-245
851
1960
2046
1609
1854
2777
3171
2993
2869
3262
3618
3374
3119
3267
3429
3122
2667
2544
2662
2457
1752
1294
1370
1415
810
-47
-324
-58
-66
-765
-1383
-1404
-1176
-1327
-1856
-2109
-2003
-1815
-1853
-2026
-1949
-1678
-1468
-1465
-1423
-1144
-818
-552
-343
-75
164
329
435
777
1144
1286
1238
1236
1564
1809
1710
1517
1620
1906
1861
1514
1233
1250
1328
1245
933
596
391
251
53
-245
-423
-709
-1002
-1245
-1527
-1732
-1944
-2266
-2557
-2813
-3079
-3348
-3586
-3808
-4124
-4331
-4715
-4379
-3707
-3904
-4807
-5577
-4738
-3020
-2637
-3697
-4423
-3201
-1462
-1156
-1890
-2026
-541
660
568
56
581
1980
2508
2067
1809
2672
3601
3575
3219
3204
3763
3934
3625
3476
3565
3580
3142
2811
2777
2676
2295
1733
1684
1747
1360
652
60
33
-25
-462
-1043
-1214
-1108
-1257
-1710
-2044
-1969
-1759
-1816
-2012
-2025
-1813
-1502
-1360
-1339
-1165
-727
-403
-292
-125
88
328
499
688
1082
1355
1425
1316
1496
1857
2026
1893
1817
1979
2113
1927
1547
1524
1731
1692
1324
817
596
627
542
203
-153
-441
-746
-1050
-1285
-1477
-1784
-2071
-2350
-2587
-2797
-3098
-3367
-3586
-3723
-4041
-4313
-4648
-4540
-3849
-3704
-4313
-5155
-4988
-3565
-2663
-3117
-3957
-3525
-1944
-987
-1175
-1660
-907
448
926
716
748
1692
2625
2644
2296
2479
3321
3652
3583
3471
3614
3801
3644
3625
3674
3602
3220
2871
2845
2728
2404
1804
1383
1328
1156
631
-74
-433
-430
-532
-1017
-1522
-1656
-1611
-1708
-1984
-2100
-1940
-1793
-1732
-1768
-1693
-1427
-1201
-1037
-744
-324
-91
-40
199
654
1095
1245
1279
1546
1932
2217
2147
2021
2284
2568
2564
2290
2157
2330
2358
2116
1770
1576
1467
1332
999
697
495
274
13
-353
-640
-922
-1242
-1510
-1737
-2053
-2318
-2753
-3000
-3131
-3367
-3530
-3834
-4043
-4057
-4032
-4217
-4507
-4736
-4616
-3722
-3087
-3573
-4520
-4660
-3222
-1714
-1855
-2880
-2941
-1311
3
-85
-763
-410
1108
1904
1632
1395
2083
3144
3306
2845
2747
3465
4056
3898
3573
3531
3797
3791
3452
3265
3133
2886
2504
2189
2022
1709
1185
705
649
556
34
-652
-1009
-891
-1027
-1539
-1936
-1885
-1730
-1852
-2136
-2182
-1836
-1512
-1546
-1653
-1513
-1093
-682
-490
-339
-39
340
606
831
1156
1472
1671
1785
1984
2250
2284
2220
2284
2582
2720
2489
2127
2092
2223
2066
1607
1270
1238
1127
664
187
111
52
-242
-816
-1349
-1468
-1442
-1766
-2299
-2534
-2599
-2713
-2986
-3302
-3403
-3440
-3513
-3560
-3652
-3667
-3698
-3706
-3545
-3459
-3482
-3479
-3389
-2660
-2112
-2447
-3036
-2926
-1599
-547
-913
-1647
-1250
249
1151
745
105
649
2004
2509
1957
1645
2427
3350
3277
2548
2427
3128
3600
3267
2703
2554
2756
2748
2481
2214
1952
1643
1295
1167
1057
659
17
-294
-143
-151
-603
-1228
-1404
-1157
-1217
-1647
-1954
-1703
-1350
-1456
-1780
-1735
-1205
-733
-608
-730
-723
-309
211
542
681
817
1063
1222
1422
1640
1889
1964
1926
2094
2182
2226
2071
2013
2117
2162
1910
1513
1246
1192
1224
1063
580
210
-54
-223
-433
-821
-1168
-1479
-1656
-1919
-2178
-2468
-2666
-2711
-2801
-2901
-3013
-3127
-3161
-3081
-3001
-2950
-2885
-2848
-2888
-2829
-2621
-2465
-2428
-2455
-2338
-2259
-2149
-1413
-1046
-1337
-1869
-1778
-502
515
136
-743
-478
854
1663
1112
378
835
2001
2331
1784
1503
2037
2583
2420
1940
1842
2264
2344
2029
1729
1646
1619
1458
1285
1192
1113
635
246
274
353
243
-301
-641
-519
-367
-576
-1001
-1122
-933
-793
-995
-1237
-1067
-722
-637
-743
-768
-506
-198
-46
9
150
387
588
783
851
991
1191
1350
1444
1610
1641
1512
1434
1599
1745
1633
1434
1161
1154
1149
973
678
493
438
196
-232
-530
-577
-594
-870
-1241
-1444
-1532
-1616
-1834
-2031
-2094
-2138
-2214
-2340
-2324
-2221
-2202
-2177
-2156
-2053
-1943
-1871
-1705
-1544
-1399
-1331
-1236
-1147
-1041
-895
-920
-1021
-999
-836
-841
-958
-563
-73
-243
-872
-1133
-355
504
233
-592
-715
259
952
594
-103
18
944
1291
794
373
815
1409
1258
718
483
962
1357
1092
736
643
878
966
828
827
831
758
502
490
660
658
451
131
283
458
282
-36
-121
98
283
155
-225
-170
97
190
111
-46
-2
165
242
143
118
243
319
252
243
373
385
258
204
283
406
316
87
65
218
305
143
-138
-233
-94
-87
-282
-476
-473
-427
-506
-693
-768
-761
-784
-863
-956
-950
-884
-916
-846
-727
-660
-651
-686
-667
-609
-449
-416
-451
-398
-296
-262
-287
-255
-224
-188
-177
-267
-361
-451
-377
-440
-613
-776
-908
-1002
-1150
-1360
-1128
-769
-1076
-1764
-2242
-1678
-709
-691
-1553
-1994
-1207
-340
-439
-1009
-1183
-458
72
-59
-264
-26
568
707
585
549
1009
1437
1393
1347
1423
1703
1749
1725
1875
1934
1878
1659
1642
1735
1667
1428
1147
1189
1310
1094
629
336
386
342
91
-147
-280
-375
-604
-772
-854
-886
-1016
-1246
-1306
-1215
-1208
-1373
-1487
-1379
-1073
-921
-1056
-1121
-889
-585
-544
-637
-589
-328
-152
-227
-276
11
284
302
184
357
594
652
651
551
685
847
803
705
750
857
901
759
622
627
575
454
318
366
365
145
-100
-107
34
37
-159
-416
-440
-385
-507
-671
-753
-701
-758
-1010
-1234
-1326
-1296
-1356
-1458
-1549
-1595
-1712
-1781
-1891
-1796
-1424
-1457
-1898
-2285
-1929
-1087
-807
-1356
-1714
-1160
-212
-18
-405
-490
221
969
1082
923
1108
1778
2099
1950
1851
2197
2601
2536
2307
2269
2425
2516
2326
2228
2227
2055
1665
1477
1537
1515
1107
563
381
380
124
-360
-691
-737
-809
-1229
-1672
-1715
-1593
-1695
-1949
-2105
-1937
-1798
-1811
-1863
-1716
-1417
-1285
-1216
-1117
-903
-592
-393
-187
76
287
445
619
900
1225
1419
1469
1508
1692
1884
1918
1846
1881
1946
1957
1789
1635
1598
1541
1373
1138
1043
964
780
501
321
253
204
32
-232
-392
-430
-547
-676
-820
-857
-859
-968
-1039
-1114
-1075
-990
-996
-1034
-1057
-1107
-1106
-1072
-956
-916
-1045
-1137
-1065
-927
-939
-1075
-1149
-1016
-1025
-904
-591
-622
-925
-1156
-841
-207
-26
-482
-734
-166
471
533
154
71
580
1041
920
676
900
1371
1445
1062
883
1103
1399
1264
1024
885
989
1020
757
612
558
445
173
-9
-66
-125
-306
-537
-616
-558
-644
-895
-1066
-955
-781
-920
-1074
-1036
-796
-735
-825
-813
-560
-259
-256
-288
-144
162
409
486
571
752
926
931
953
1160
1322
1395
1286
1312
1519
1597
1443
1243
1251
1269
1226
974
799
795
726
558
359
257
184
54
-77
-123
-150
-265
-465
-540
-483
-445
-536
-637
-652
-520
-381
-457
-503
-443
-291
-212
-233
-203
-109
-79
-56
-78
-67
-7
70
122
21
-56
-44
-2
-113
-247
-377
-446
-506
-661
-813
-971
-1138
-1115
-882
-921
-1366
-1771
-1555
-945
-819
-1285
-1677
-1266
-672
-683
-973
-966
-470
-174
-310
-446
-150
332
366
123
170
484
747
650
547
712
881
841
689
821
1031
1046
789
639
834
1016
806
530
537
727
734
424
231
305
457
372
145
144
277
230
73
17
99
190
129
-12
34
149
224
106
27
130
203
150
38
43
183
323
220
110
235
299
286
256
290
461
446
269
196
379
530
484
370
387
500
501
471
519
603
665
664
594
595
686
718
689
637
640
691
672
577
571
584
527
425
374
368
272
87
-8
-60
-170
-387
-535
-553
-601
-743
-965
-1109
-1097
-1092
-1261
-1475
-1519
-1484
-1520
-1647
-1801
-1766
-1706
-1802
-1805
-1643
-1584
-1684
-1886
-1613
-1104
-992
-1164
-1157
-701
-179
-141
-327
-152
355
698
600
544
788
1185
1288
1118
1110
1335
1591
1531
1438
1499
1604
1608
1531
1502
1486
1420
1210
1045
1045
981
732
502
422
373
114
-214
-428
-449
-392
-492
-719
-773
-727
-678
-699
-796
-833
-755
-682
-643
-696
-679
-567
-399
-250
-261
-162
8
223
320
372
463
618
766
853
854
915
1088
1226
1289
1292
1217
1230
1297
1265
1228
1067
1011
1015
928
833
813
754
635
542
445
320
253
161
31
-57
-178
-269
-385
-465
-513
-528
-627
-707
-751
-796
-785
-833
-858
-875
-915
-916
-896
-877
-865
-876
-889
-928
-955
-915
-875
-820
-899
-951
-874
-745
-676
-709
-758
-675
-656
-462
-339
-461
-649
-673
-342
-96
-182
-388
-332
142
375
248
74
172
470
529
442
402
558
701
639
476
467
607
724
618
497
445
476
463
406
446
416
284
222
299
309
274
189
108
205
248
171
80
26
127
160
95
29
18
52
120
217
179
73
49
78
132
97
115
118
124
179
189
258
251
236
263
250
254
280
317
269
302
346
383
388
339
331
382
447
462
431
420
424
406
399
456
468
406
369
427
433
415
426
390
358
283
272
283
248
201
227
141
79
27
12
-6
-16
-77
-166
-216
-261
-260
-321
-289
-302
-296
-366
-440
-429
-445
-422
-459
-611
-619
-651
-621
-615
-737
-811
-869
-900
-968
-1041
-1114
-934
-825
-939
-1176
-1221
-857
-606
-751
-1012
-949
-636
-463
-515
-608
-402
-79
-37
1
117
256
398
413
404
496
721
812
825
854
924
1045
1041
1033
1111
1077
969
951
990
1013
868
672
609
641
615
432
249
164
130
76
-116
-233
-292
-340
-411
-527
-572
-614
-591
-656
-631
-650
-685
-736
-687
-536
-490
-437
-428
-291
-107
40
45
99
273
459
503
556
661
805
859
877
921
1010
1138
1089
1066
1115
1163
1156
1089
1110
1107
1031
843
761
701
647
569
427
335
229
153
77
-63
-62
-106
-199
-289
-386
-372
-411
-486
-629
-705
-762
-765
-758
-730
-776
-833
-805
-766
-714
-825
-869
-774
-711
-713
-751
-835
-796
-699
-734
-798
-893
-846
-781
-870
-959
-888
-639
-557
-713
-902
-792
-413
-230
-447
-568
-402
-103
-22
-166
-174
29
252
240
116
215
401
581
473
422
522
613
671
564
604
604
600
579
487
523
524
434
372
361
341
259
103
54
128
93
-52
-167
-157
-134
-194
-315
-369
-308
-290
-301
-266
-179
-79
-99
-87
-42
-4
27
117
221
374
450
381
468
643
765
731
652
720
854
889
807
742
882
987
895
709
706
833
830
672
470
445
476
409
255
154
130
99
35
-102
-161
-152
-183
-230
-214
-210
-263
-288
-260
-252
-280
-253
-176
-159
-142
-170
-70
-70
-24
19
-17
-20
-4
-4
-62
-10
-40
-93
-169
-202
-208
-255
-282
-341
-480
-581
-588
-622
-666
-816
-819
-929
-1010
-1078
-1147
-1232
-1323
-1361
-1320
-1223
-1280
-1375
-1389
-1250
-1034
-1004
-1127
-1076
-836
-623
-525
-506
-412
-229
-53
48
105
224
440
589
614
677
833
993
1041
1099
1117
1189
1225
1198
1146
1146
1134
999
943
822
779
725
652
606
515
470
395
292
133
28
-26
-44
-144
-306
-446
-468
-431
-523
-576
-555
-514
-499
-577
-629
-590
-529
-398
-453
-462
-406
-313
-208
-256
-239
-187
-52
-28
-25
35
154
329
416
510
556
602
698
747
771
754
732
787
873
897
847
745
766
829
906
812
700
694
625
498
327
286
215
135
4
-169
-225
-299
-444
-528
-628
-734
-789
-905
-1047
-1113
-1208
-1306
-1360
-1349
-1341
-1334
-1372
-1405
-1429
-1377
-1353
-1354
-1303
-1255
-1192
-1163
-1083
-941
-853
-825
-755
-643
-492
-455
-352
-232
-166
-15
82
61
58
221
410
454
355
316
448
609
614
532
499
565
592
552
488
514
560
556
502
413
416
364
373
275
246
211
146
135
44
62
-5
-124
-174
-202
-204
-286
-367
-391
-389
-401
-502
-466
-407
-507
-535
-473
-415
-375
-362
-353
-304
-262
-228
-126
-50
21
63
206
325
315
392
491
503
531
602
689
675
686
710
750
737
697
729
666
582
559
603
556
439
408
379
244
95
18
-109
-227
-201
-216
-365
-465
-455
-449
-524
-617
-722
-798
-873
-790
-830
-898
-839
-822
-693
-699
-723
-658
-601
-531
-531
-526
-457
-369
-314
-281
-289
-277
-269
-226
-184
-136
-115
-200
-178
-150
-174
-122
-119
-85
-140
-116
-152
-233
-219
-213
-241
-295
-248
-314
-360
-436
-483
-490
-473
-489
-521
-545
-516
-459
-418
-399
-408
-352
-345
-330
-243
-234
-236
-151
-66
25
3
18
61
151
149
78
116
152
175
196
208
257
243
253
236
210
203
191
203
146
100
132
24
-41
15
11
-59
-188
-152
-141
-139
-182
-244
-232
-258
-242
-281
-330
-311
-316
-279
-238
-155
-144
-164
-153
-52
20
45
47
78
137
143
189
225
271
328
383
416
467
519
535
493
528
519
425
373
356
396
413
287
160
130
110
66
7
-79
-124
-190
-232
-311
-303
-346
-437
-453
-491
-555
-641
-651
-718
-766
-798
-834
-796
-814
-777
-745
-781
-761
-668
-600
-586
-589
-560
-459
-405
-449
-464
-404
-321
-229
-218
-206
-177
-146
-78
-52
-27
-77
-18
55
23
49
27
73
59
46
33
-61
-113
-78
-86
-107
-169
-262
-305
-297
-339
-402
-417
-406
-422
-465
-464
-452
-416
-418
-433
-465
-426
-415
-411
-390
-329
-300
-309
-302
-278
-190
-176
-97
-30
25
87
117
221
281
303
315
246
323
351
380
320
333
368
390
403
379
372
341
362
316
329
298
328
299
209
225
230
191
30
4
10
-40
-108
-189
-167
-161
-194
-269
-247
-264
-225
-196
-214
-236
-233
-262
-214
-213
-205
-179
-212
-183
-189
-171
-182
-161
-138
-150
-161
-121
-144
-143
-174
-228
-212
-199
-177
-201
-195
-159
-116
-97
-147
-123
-98
-67
-102
-133
-113
-77
-117
-98
-127
-161
-196
-223
-284
-373
-374
-376
-435
-498
-505
-534
-524
-522
-519
-581
-599
-567
-545
-536
-562
-521
-569
-592
-580
-612
-613
-591
-573
-601
-519
-462
-480
-385
-318
-280
-207
-193
-134
-74
-10
18
42
100
184
238
302
337
365
371
377
338
354
388
365
383
355
372
336
297
280
284
235
236
180
157
142
131
105
36
20
55
2
-86
-151
-171
-77
-91
-107
-117
-85
-59
-5
19
32
40
42
79
126
142
171
178
178
215
259
310
238
320
344
368
365
313
365
349
350
304
243
221
175
96
45
1
-18
-92
-163
-165
-210
-244
-328
-351
-377
-445
-492
-505
-555
-565
-606
-699
-751
-760
-681
-665
-686
-672
-611
-548
-559
-514
-496
-490
-423
-310
-237
-225
-158
-72
-22
18
60
101
141
187
151
159
244
253
206
176
240
234
247
234
207
169
135
81
1
-75
-96
-137
-230
-285
-329
-412
-400
-468
-529
-586
-584
-570
-558
-518
-540
-453
-421
-396
-397
-341
-315
-310
-240
-182
-174
-148
-110
-33
49
47
84
179
232
317
372
374
418
503
514
522
595
617
575
523
504
513
448
391
362
394
375
321
304
254
173
165
106
59
-38
-116
-103
-171
-251
-379
-447
-490
-529
-497
-518
-548
-524
-529
-515
-471
-465
-463
-452
-417
-373
-365
-325
-312
-290
-259
-244
-115
-67
-34
29
72
125
173
255
237
261
296
324
345
315
302
302
332
298
257
263
277
197
131
89
137
133
103
19
-44
2
-98
-148
-188
-256
-294
-342
-386
-408
-421
-412
-392
-388
-384
-389
-320
-323
-358
-300
-298
-279
-318
-378
-305
-240
-245
-225
-248
-185
-70
-55
-81
-18
92
116
88
94
120
123
220
263
175
159
190
200
185
112
87
76
122
134
78
20
29
122
146
122
81
83
52
59
89
66
28
-19
-45
-91
-72
-138
-180
-176
-157
-139
-192
-195
-187
-156
-129
-167
-187
-140
-115
-116
-195
-170
-85
-39
-64
-122
-93
-73
-25
17
21
21
52
129
171
208
237
246
280
334
349
250
280
319
313
331
219
112
56
62
65
-7
-87
-90
-98
-122
-160
-161
-133
-165
-221
-210
-236
-296
-278
-261
-236
-200
-188
-242
-276
-195
-154
-170
-145
-32
-4
8
48
45
143
209
202
151
135
176
158
202
242
215
193
240
339
320
225
196
239
175
117
66
-2
-27
-46
-79
-132
-182
-271
-323
-381
-465
-512
-475
-493
-529
-529
-549
-531
-586
-571
-548
-550
-527
-539
-501
-495
-415
-374
-318
-265
-182
-113
-63
-19
51
111
112
146
209
310
353
376
434
512
504
473
462
497
504
515
502
500
510
429
371
315
320
265
188
157
109
88
-7
-63
-95
-73
-121
-188
-193
-208
-233
-312
-316
-313
-302
-358
-377
-310
-296
-294
-281
-235
-190
-185
-191
-114
-86
-67
15
48
25
93
126
143
175
170
191
226
260
261
251
258
294
305
285
233
217
246
208
199
185
187
167
114
81
49
12
-47
-101
-160
-153
-205
-272
-307
-321
-337
-377
-403
-408
-443
-500
-497
-494
-525
-533
-540
-475
-465
-505
-422
-377
-373
-356
-238
-175
-149
-117
-90
-25
48
111
83
121
193
267
316
350
405
466
479
505
534
501
489
481
506
483
507
454
461
428
364
358
356
335
251
194
187
167
98
126
91
49
92
-9
-65
-32
-84
-117
-130
-210
-198
-132
-160
-208
-153
-138
-152
-141
-86
-52
-79
2
74
122
137
144
196
219
253
270
267
277
365
389
379
348
382
415
402
405
387
392
345
354
349
311
275
225
223
210
212
202
153
92
86
23
38
45
-46
-106
-88
-88
-71
-158
-178
-197
-217
-214
-239
-312
-286
-185
-194
-198
-181
-108
-112
-138
-84
-67
-16
44
47
76
116
202
282
265
252
372
366
377
365
323
357
388
400
403
444
459
412
391
390
322
323
326
274
204
224
192
114
124
85
56
-40
-60
-37
-121
-176
-135
-121
-110
-148
-177
-150
-114
-134
-158
-145
-140
-114
-88
-15
45
71
147
190
188
238
328
353
414
453
432
431
455
471
452
425
401
415
417
411
422
396
383
357
341
290
313
263
219
114
57
45
-9
-57
-110
-108
-170
-153
-129
-111
-183
-180
-176
-192
-183
-187
-165
-128
-52
-114
-88
-68
-33
-14
-29
6
6
49
51
96
160
253
277
226
274
348
370
338
338
374
364
360
349
330
374
354
353
327
305
320
293
230
233
230
232
248
247
219
188
204
143
131
165
162
165
75
122
165
202
181
149
163
131
95
140
67
34
52
85
124
134
117
113
200
212
174
90
132
136
191
222
166
164
190
220
202
182
179
215
245
288
265
286
258
250
248
229
175
115
103
131
151
151
125
91
131
137
149
98
88
47
68
43
1
-43
-53
7
21
28
-41
-40
-22
21
31
60
28
96
135
98
131
77
84
111
131
142
164
194
253
266
268
268
308
382
347
320
331
337
367
350
346
331
379
423
413
407
360
424
438
439
379
338
360
347
362
302
278
227
231
246
240
225
244
291
308
314
350
405
491
461
452
352
270
357
361
258
174
162
217
227
198
194
132
69
-5
11
83
55
65
71
101
223
257
276
259
302
275
276
234
195
168
137
112
82
70
-41
-51
-44
-44
-50
-77
-34
-9
-44
-27
52
55
31
11
11
-13
-26
-24
-69
-22
19
76
89
84
127
107
155
215
233
241
297
313
288
328
376
357
336
375
327
309
302
280
289
289
268
251
291
285
268
234
231
228
180
156
148
148
106
119
111
135
101
74
86
94
109
152
152
140
134
107
114
149
145
168
186
190
232
217
227
206
240
238
265
281
279
276
305
320
313
275
278
290
206
241
185
167
141
61
34
14
-2
-21
-37
-69
-61
-56
-1
16
-4
-3
0
-12
-28
-14
-46
-91
-97
-94
-32
41
28
49
40
63
71
54
44
37
125
143
183
188
244
263
244
235
243
240
281
285
283
300
333
322
321
365
357
338
373
443
394
398
368
362
372
372
346
311
294
302
296
269
340
332
278
300
249
188
184
111
27
35
3
-32
-35
-66
-72
-59
-56
-74
-66
-67
-101
-59
-60
-88
-64
-43
0
-26
19
39
59
117
161
147
167
160
152
142
107
120
96
93
43
70
62
81
127
127
98
65
58
54
-24
-25
-52
-51
-67
-80
-105
-79
-80
-128
-127
-157
-165
-207
-249
-239
-220
-208
-210
-216
-206
-186
-144
-138
-158
-176
-185
-141
-48
-4
-12
-9
44
120
131
142
168
168
180
139
102
119
96
105
146
193
174
151
165
172
246
198
191
184
220
224
233
221
143
137
49
27
-24
-91
-105
-64
-41
-53
-22
-29
-38
-21
-28
-38
-30
-68
-62
-97
-70
-50
-91
-117
-126
-101
-115
-121
-107
-159
-165
-156
-161
-177
-139
-142
-154
-130
-139
-143
-155
-220
-257
-224
-243
-256
-216
-190
-230
-221
-149
-93
-73
-119
-137
-115
-83
-87
-141
-139
-126
-138
-117
-86
-64
-97
-105
-129
-180
-179
-190
-254
-184
-179
-161
-119
-173
-131
-78
-107
-116
-95
-70
-107
-15
22
9
14
18
-11
3
30
63
137
157
152
175
171
183
214
174
190
174
154
186
216
210
231
235
199
218
266
266
253
182
192
167
153
174
194
198
147
165
140
118
153
154
156
167
202
163
150
81
63
95
40
24
12
51
46
48
49
57
43
82
107
89
47
-1
14
-16
-46
-51
-62
-103
-113
-108
-129
-149
-149
-140
-108
-150
-135
-105
-98
-85
-129
-85
-16
-18
-24
14
-2
-21
32
43
33
52
42
-11
47
71
72
97
137
136
148
156
154
146
152
138
167
132
95
111
116
128
119
145
115
141
99
79
111
72
51
83
110
99
101
165
157
148
164
138
191
237
200
184
185
229
207
181
156
153
121
131
101
92
154
179
165
178
184
242
238
205
190
241
269
248
285
296
332
295
285
275
303
307
356
372
335
340
351
351
364
387
363
404
388
386
360
342
395
387
358
391
387
381
358
331
321
299
305
281
297
295
283
294
268
297
220
205
190
215
271
254
232
264
297
251
240
239
277
245
272
305
300
314
310
343
371
378
398
392
395
415
401
407
393
354
328
366
388
346
345
336
345
343
345
309
291
298
279
269
229
232
244
285
288
334
310
294
285
292
289
242
280
275
286
286
256
249
241
242
273
204
161
175
179
198
188
238
217
249
306
348
368
373
369
303
336
310
299
242
207
231
215
118
24
17
-4
4
-3
-11
-22
-13
0
-19
-37
-40
-12
-16
-5
5
29
25
4
42
31
0
15
-1
-42
-40
-48
-89
-80
-89
-63
8
17
65
76
74
37
12
42
35
22
77
102
124
117
82
79
88
84
64
40
60
56
66
90
33
50
79
115
117
98
109
119
99
144
151
153
159
153
165
164
166
183
114
113
132
110
80
61
20
26
34
52
50
-27
-9
-20
24
33
24
16
38
20
37
40
-11
-54
-42
-46
-80
-87
-62
-34
-29
-36
-28
-89
-72
-101
-72
-88
-164
-159
-142
-127
-61
-52
-37
-37
-71
-50
-72
-79
-102
-78
-34
-30
-4
10
46
35
71
30
-18
-21
-23
-10
-11
-12
-21
-14
-2
15
66
67
36
71
87
102
116
137
109
114
125
151
224
212
214
232
223
232
227
273
259
265
248
248
297
300
309
329
299
268
326
323
308
258
284
306
272
280
302
301
327
322
287
257
223
166
166
187
163
181
187
218
153
188
160
107
130
88
134
118
110
139
111
79
46
69
76
53
56
25
-1
-16
-5
-62
-31
-45
-49
-20
-4
16
3
-2
-27
-68
-90
-130
-107
-91
-95
-33
-32
-13
1
-3
26
63
15
-4
7
-15
-28
-79
-64
-76
-43
7
17
39
26
-22
-14
-5
34
30
-10
-4
7
39
58
95
101
135
155
157
118
153
127
138
170
161
215
240
184
175
211
241
247
240
247
203
221
178
133
141
145
152
180
203
174
208
214
213
158
125
158
179
234
202
177
158
137
55
23
-5
-51
-40
-52
-6
-49
-43
-21
-25
-46
-91
-92
-52
-23
4
34
40
-7
-29
-19
-41
-1
-72
-121
-138
-145
-141
-207
-203
-197
-202
-141
-120
-132
-116
-130
-101
-148
-76
-82
-82
-2
-55
-107
-114
-97
-73
-54
11
26
-9
29
38
25
8
-5
-7
20
27
25
56
126
120
63
61
54
82
135
137
101
154
139
166
201
186
215
229
178
215
248
238
213
231
201
193
187
139
149
114
197
222
258
320
315
336
304
261
318
284
302
293
226
242
266
257
241
244
225
237
226
220
239
173
184
170
101
140
125
110
74
86
94
68
85
22
59
64
43
63
28
44
81
98
60
37
60
39
42
66
70
62
112
121
123
125
134
194
213
210
201
172
112
79
37
32
78
22
16
41
-5
3
56
20
69
117
106
98
108
127
98
115
111
108
117
107
64
52
48
38
24
36
34
14
44
77
86
82
101
93
67
78
96
136
143
163
132
138
151
146
137
158
162
150
158
190
209
223
269
308
324
289
291
260
251
249
226
182
187
193
185
174
153
121
113
98
78
27
-50
-5
11
25
7
9
2
-2
34
18
-45
-105
-107
-111
-133
-153
-120
-125
-98
-70
-128
-101
-86
-48
-59
-46
-5
-7
5
-20
-4
10
52
66
72
76
43
18
19
-8
-40
-67
-57
-99
-79
-58
-63
-24
-42
-10
-14
-79
-74
-83
-84
-87
-133
-131
-189
-145
-157
-166
-129
-117
-80
-83
-88
-95
-28
-91
-55
-75
-71
-33
-49
-32
-75
-54
-76
-64
-58
-52
-50
-80
-81
-75
-78
-80
-95
-89
-103
-85
-69
-34
-58
-61
-47
-48
-52
-81
-80
-104
-81
-90
-83
-81
-90
-116
-85
-83
-101
-93
-186
-190
-206
-214
-199
-199
-260
-307
-302
-313
-345
-367
-361
-428
-377
-375
-380
-385
-428
-408
-432
-398
-324
-333
-374
-383
-376
-366
-312
-331
-306
-290
-260
-144
-152
-122
-75
-92
-110
-107
-70
-52
-47
2
17
31
-4
24
84
69
91
111
97
67
46
-13
-43
-72
-64
-73
-84
-37
-4
-39
-74
-89
-157
-167
-193
-186
-174
-207
-176
-144
-173
-203
-168
-194
-172
-158
-200
-163
-149
-103
-78
-56
-41
29
9
-4
-41
2
-4
-14
-8
-22
59
75
127
121
190
185
164
185
224
204
186
197
171
184
99
129
109
123
120
89
101
90
117
72
16
-53
-59
-76
-70
-106
-120
-142
-135
-170
-209
-174
-224
-238
-226
-166
-144
-125
-107
-65
-67
-97
-109
-78
-116
-132
-140
-160
-149
-167
-126
-95
-48
-39
-12
-8
13
70
104
118
126
104
125
147
77
89
108
90
125
50
50
44
48
42
25
14
20
17
40
73
74
98
42
57
50
-16
-22
24
19
6
32
27
33
102
73
73
154
146
101
79
60
125
119
112
138
169
186
182
164
149
163
117
107
119
90
64
24
3
-15
-5
17
9
32
15
28
41
37
42
4
-46
-82
-60
-80
-87
-20
-29
-19
-18
-15
17
7
1
-56
-7
-37
-89
-21
16
53
17
3
18
-36
-32
-37
-100
-111
-152
-162
-156
-158
-149
-153
-142
-174
-153
-163
-159
-132
-119
-106
-143
-100
-73
-41
-7
-46
11
6
-1
47
31
79
93
113
117
137
161
196
172
134
106
97
73
86
91
103
140
143
134
130
172
113
105
74
38
50
16
-13
29
28
14
20
-24
-84
-105
-151
-144
-92
-69
-85
-22
-4
-28
24
43
62
39
4
15
-31
-64
-20
-44
-26
-30
-73
-76
-63
-85
-88
-137
-181
-125
-33
10
23
1
1
-68
-126
-126
-134
-100
-102
-97
-61
-107
-118
-111
-111
-90
-159
-155
-139
-134
-106
-86
-40
-41
-42
10
64
109
71
14
12
11
10
-2
-21
-44
11
0
0
9
48
58
23
-9
-17
-16
-29
-12
-29
-35
-32
-6
-27
-53
-74
-69
-104
-154
-93
-51
-8
8
-69
-75
-31
-18
-11
-22
10
-8
-12
-26
-119
-110
-85
-85
-68
-37
-1
-19
7
16
-20
20
0
-9
-46
-27
-36
-83
-31
-34
-26
-52
-45
-6
6
15
4
12
11
20
14
-1
-108
-193
-205
-244
-280
-322
-317
-374
-358
-352
-337
-268
-265
-240
-190
-207
-178
-174
-189
-183
-210
-144
-190
-180
-104
-137
-170
-133
-126
-97
-35
-8
27
52
105
144
113
122
124
117
132
104
91
87
69
50
43
21
-10
-24
-63
-69
-141
-119
-124
-216
-175
-206
-234
-265
-294
-235
-198
-183
-175
-212
-176
-153
-185
-166
-145
-129
-98
-87
-67
-55
-57
-34
-67
-34
-23
-9
-36
-53
-1
-7
-28
-37
-59
-82
-125
-71
-99
-73
-78
-97
-35
-86
-109
-119
-131
-161
-161
-230
-183
-138
-171
-161
-194
-160
-234
-257
-263
-289
-271
-344
-316
-325
-262
-240
-217
-179
-158
-159
-187
-163
-102
-131
-157
-111
-149
-104
-153
-219
-198
-187
-180
-184
-164
-148
-120
-98
-81
-96
-66
-113
-160
-138
-160
-154
-146
-121
-90
-41
-73
-69
-70
-131
-135
-85
-93
-62
-36
-70
-34
-56
-42
-18
-28
-4
-22
-19
-24
-2
25
-1
11
24
43
9
-28
-56
-16
-60
-19
-44
-77
-77
-123
-140
-145
-155
-158
-167
-224
-211
-243
-217
-167
-179
-135
-128
-162
-162
-173
-218
-226
-219
-258
-276
-222
-200
-178
-132
-143
-109
-133
-177
-131
-160
-180
-141
-148
-150
-142
-114
-127
-143
-196
-204
-136
-153
-184
-163
-131
-112
-142
-130
-134
-152
-173
-208
-212
-256
-268
-228
-252
-257
-285
-259
-236
-223
-156
-198
-222
-239
-246
-251
-274
-248
-205
-177
-207
-205
-146
-152
-151
-174
-109
-34
-74
-110
-114
-119
-74
-111
-125
-84
6
30
43
42
63
74
63
54
27
62
66
42
67
48
-18
-8
31
32
-24
-35
-41
-50
-110
-106
-143
-183
-247
-244
-228
-202
-182
-225
-227
-205
-205
-244
-259
-237
-281
-281
-255
-251
-203
-257
-257
-331
-295
-273
-242
-218
-214
-218
-241
-198
-171
-126
-137
-137
-168
-116
-103
-113
-95
-172
-178
-205
-195
-212
-182
-199
-225
-237
-191
-161
-137
-83
-91
-124
-131
-122
-81
-55
-69
-50
-51
-16
19
41
45
16
88
24
1
18
30
16
-9
-10
7
15
-7
-43
-48
13
1
-13
-52
-29
42
-2
15
19
10
-54
-25
-42
-66
-73
-78
-43
-19
28
15
49
54
46
76
79
86
101
143
180
221
233
175
171
163
154
124
93
33
60
60
48
45
39
78
54
47
59
7
6
27
21
29
13
-12
-20
-8
2
10
18
46
29
24
8
58
81
71
49
23
39
43
71
66
34
53
38
20
43
37
28
50
100
99
91
68
78
97
72
48
31
78
77
125
126
74
95
85
67
90
134
105
51
14
5
-16
-38
-10
18
52
44
28
17
-53
-76
-47
-45
-59
-37
-6
-23
30
10
19
38
60
130
148
145
181
222
203
180
179
201
208
130
115
123
76
51
29
9
-8
-11
-46
-1
20
48
26
41
73
48
59
39
-22
-25
-35
-114
-83
-78
-48
-36
-47
-50
-32
-42
-41
-27
8
24
30
22
13
-7
39
69
82
104
53
61
75
64
37
67
45
2
-1
-69
-63
-105
-108
-90
-129
-168
-169
-171
-206
-171
-182
-176
-110
-62
-66
-94
-112
-94
-105
-58
-43
-43
-2
-38
-34
-12
14
-3
19
12
36
113
103
72
84
59
46
-4
36
46
54
47
10
5
-25
-54
-90
-34
-100
-88
-84
-88
-20
-71
-55
-52
-73
-34
-45
-83
-67
-89
-77
-105
-89
-85
-51
-47
-67
-47
-40
-40
-30
10
-9
-24
-21
-27
27
5
-28
3
-61
-93
-73
-26
-49
-74
-55
-40
-16
10
27
53
72
25
19
54
73
104
70
94
70
-1
14
-21
-39
-2
1
-33
-32
-6
15
19
19
-30
-19
38
-2
-7
33
0
8
16
23
41
80
62
79
89
57
96
104
53
30
72
131
129
103
153
193
145
75
74
102
127
135
154
117
124
116
143
160
156
131
127
174
130
151
155
134
169
150
154
150
159
161
172
162
130
174
166
112
137
166
134
111
128
143
51
36
15
1
9
60
80
35
53
64
38
41
41
16
16
-27
12
11
30
53
49
58
66
63
43
39
5
72
40
10
75
116
137
93
80
50
68
89
70
67
37
61
102
86
84
115
97
53
68
28
10
23
15
61
64
114
127
137
83
128
113
41
43
8
61
39
82
106
94
106
121
127
109
81
94
62
85
94
101
110
94
127
72
117
120
136
162
146
147
171
175
170
208
208
169
208
150
94
67
85
69
4
27
3
21
56
82
130
124
107
118
112
102
76
98
69
92
93
38
23
28
50
30
61
125
86
106
71
52
50
33
-27
-49
-21
-20
-10
-1
65
15
16
47
16
41
17
11
5
-22
-49
-15
-33
-6
40
42
8
-39
-16
5
34
26
24
63
57
74
88
69
140
146
153
135
135
172
151
106
72
145
133
104
124
102
80
124
121
75
143
116
94
100
91
93
54
84
105
104
105
122
102
72
136
119
116
84
81
67
68
54
48
50
13
20
22
24
24
70
36
31
28
46
50
50
78
48
58
20
50
74
45
44
96
94
139
156
135
175
171
196
153
222
150
55
38
22
3
24
92
106
161
164
182
206
178
121
123
86
36
10
-1
-36
-58
-31
-101
-119
-152
-153
-144
-107
-138
-165
-148
-146
-120
-138
-136
-176
-211
-228
-194
-183
-181
-123
-69
-42
-11
20
19
-2
28
56
100
140
167
168
177
180
153
146
125
112
159
132
162
183
159
144
74
45
29
34
-55
-36
-10
-39
-43
-43
-28
-24
-54
-86
-110
-108
-89
-91
-78
-27
0
7
-5
15
21
18
17
46
42
80
112
100
164
201
195
209
181
184
165
144
196
151
143
140
155
101
70
91
48
61
90
94
94
74
71
25
29
-8
-29
-23
-22
-62
-85
-64
-108
-105
-117
-69
-123
-128
-104
-98
-87
-82
-97
-127
-127
-109
-78
-67
-10
-42
-65
-24
-82
-117
-100
-105
-65
-62
-35
-26
-6
-20
-92
-72
-79
-70
-82
-144
-77
-39
-46
-5
-8
5
18
54
26
34
5
-30
-55
-31
-48
-44
-13
-39
-38
-35
-14
-45
-27
-20
8
25
27
5
-30
-59
-73
-95
-106
-87
-118
-84
-88
-43
-8
-5
-42
-54
-99
-104
-65
-81
-131
-154
-146
-117
-103
-123
-136
-185
-197
-164
-153
-188
-189
-185
-164
-135
-133
-131
-100
-97
-102
-142
-173
-155
-83
-119
-157
-117
-103
-110
-65
-33
-37
-66
-25
-15
-12
-4
-39
-37
-61
-78
-86
-70
-89
-50
-59
-58
-68
-70
-60
-80
-75
-116
-163
-213
-227
-218
-233
-211
-202
-178
-159
-140
-146
-125
-152
-192
-198
-214
-191
-211
-186
-214
-196
-148
-162
-143
-135
-90
-129
-134
-95
-123
-111
-112
-110
-105
-99
-114
-97
-93
-183
-221
-266
-279
-298
-301
-309
-314
-294
-289
-185
-188
-191
-176
-221
-227
-250
-234
-174
-166
-137
-155
-144
-84
-95
-109
-85
-33
2
-20
6
82
84
102
142
102
105
71
28
-11
-46
-4
-29
-13
-19
-33
-52
-80
-107
-131
-67
-47
-72
-65
-46
-96
-86
-93
-108
-106
-164
-165
-121
-110
-93
-29
-15
-10
32
20
-21
28
85
83
72
80
58
99
73
79
73
68
43
49
42
52
1
52
83
69
71
91
70
28
75
35
30
41
53
26
88
112
43
80
118
104
93
83
81
56
67
47
17
60
35
30
53
62
62
99
78
52
7
12
22
-32
-43
-18
17
30
30
24
23
24
17
-10
-23
18
-17
-25
-4
-67
-35
-40
-4
10
56
120
74
65
74
51
66
91
85
98
77
60
64
66
59
72
105
129
188
225
220
260
261
259
275
303
240
250
282
276
336
290
273
301
317
305
298
337
350
330
315
309
290
262
256
254
286
261
193
225
208
184
224
246
236
227
181
132
151
158
141
186
195
184
231
278
259
236
257
227
193
188
226
181
180
227
222
220
203
184
159
164
202
135
140
137
141
117
111
90
28
50
24
11
-6
-1
21
42
109
100
119
93
145
165
119
137
131
136
146
160
173
191
194
199
200
194
136
144
129
106
132
140
178
192
219
252
246
238
259
263
269
254
283
288
231
252
272
296
274
240
197
222
263
242
275
305
366
326
382
476
445
476
471
401
420
439
456
435
403
452
421
454
418
405
389
325
332
332
335
290
346
332
348
371
335
392
336
358
364
402
409
403
386
340
339
377
392
335
360
339
331
373
339
319
324
300
276
281
324
390
443
415
396
398
389
349
375
368
356
342
324
420
411
420
425
430
444
401
405
374
401
385
367
385
374
358
393
361
368
361
414
405
411
445
361
365
392
367
347
335
320
311
272
256
290
293
297
330
317
274
252
269
256
256
241
253
249
253
263
305
342
332
302
291
308
312
292
279
302
299
254
234
248
261
224
247
288
230
259
264
296
317
306
321
319
275
310
357
346
367
371
421
457
477
470
456
499
437
453
473
469
478
431
412
415
368
331
356
370
379
357
329
325
353
387
401
416
392
385
348
305
304
329
338
334
282
244
269
241
246
240
251
205
250
283
250
246
270
295
305
277
307
317
296
297
326
349
343
346
344
361
336
288
350
326
291
325
350
352
358
401
420
403
421
428
348
367
348
366
333
293
326
314
271
264
279
241
251
243
251
303
306
341
330
325
343
282
301
343
316
306
304
339
367
389
311
322
319
266
296
295
312
296
314
266
270
282
276
331
282
285
316
365
351
296
305
313
304
320
359
339
368
316
245
299
299
274
284
299
302
251
279
297
268
241
206
184
111
125
185
133
158
209
221
185
168
173
160
104
105
124
86
67
41
22
-3
21
11
2
-35
45
53
17
31
14
46
40
71
43
110
110
77
66
122
186
141
150
152
106
162
133
59
87
78
78
48
84
90
72
70
76
41
43
11
9
-14
-2
14
-31
-7
19
56
8
-27
-21
-41
-103
-88
-79
-20
-38
-20
25
-22
-2
-54
-22
-22
-20
-52
-57
-58
-104
-102
-155
-107
-124
-115
-139
-156
-118
-100
-75
-62
-22
-57
-40
-68
-100
-121
-118
-88
-36
-81
-88
-82
-134
-126
-138
-162
-160
-145
-164
-152
-104
-114
-73
-117
-127
-117
-148
-128
-145
-139
-192
-173
-210
-208
-152
-182
-192
-205
-192
-198
-220
-203
-128
-160
-136
-179
-160
-158
-187
-231
-217
-235
-229
-194
-237
-204
-200
-136
-171
-217
-216
-185
-193
-207
-219
-207
-231
-205
-228
-278
-265
-255
-289
-322
-308
-334
-325
-283
-293
-298
-277
-270
-255
-273
-271
-308
-329
-368
-361
-328
-349
-355
-352
-312
-323
-282
-290
-323
-305
-322
-274
-259
-253
-263
-208
-198
-229
-242
-205
-192
-203
-191
-198
-247
-252
-239
-314
-291
-294
-305
-297
-259
-241
-290
-244
-268
-266
-267
-256
-242
-296
-270
-291
-269
-224
-230
-243
-191
-222
-226
-183
-179
-186
-253
-283
-297
-278
-306
-319
-310
-310
-285
-332
-353
-333
-374
-429
-356
-344
-374
-297
-288
-263
-305
-288
-300
-312
-328
-304
-298
-340
-370
-354
-301
-300
-271
-279
-266
-258
-282
-276
-231
-246
-247
-226
-267
-276
-240
-196
-189
-188
-169
-165
-157
-186
-138
-190
-215
-192
-175
-153
-157
-129
-159
-138
-125
-108
-149
-168
-159
-211
-186
-192
-215
-214
-240
-258
-246
-249
-242
-162
-189
-201
-214
-204
-240
-256
-211
-232
-204
-181
-181
-170
-148
-124
-124
-98
-36
-15
-2
8
-7
12
1
39
75
32
27
-13
-18
-17
-43
-66
-97
-79
-42
-23
-97
-117
-90
-76
-145
-165
-148
-190
-170
-158
-185
-158
-129
-128
-127
-192
-206
-190
-162
-183
-122
-75
-94
-101
-37
-50
-123
-102
-97
-114
-121
-111
-99
-76
-90
-119
-89
-95
-94
-71
-76
-24
-34
-48
-90
-61
-75
-118
-96
-98
-90
-124
-92
-51
-86
-53
-34
-34
-80
-59
-33
-14
4
-25
-51
-96
-88
-132
-151
-73
-90
-119
-113
-67
-76
-97
-97
-92
-61
-120
-78
-93
-91
-80
-103
-142
-120
-137
-127
-111
-169
-182
-212
-169
-174
-151
-106
-107
-64
-47
-53
-87
-22
-15
-36
-22
-71
-25
8
-45
-8
29
-11
-33
-51
20
32
41
53
55
-11
-3
-28
-34
-50
-62
-23
-72
-100
-55
-25
-66
-60
-33
-19
-21
-36
-42
-56
-62
-107
-105
-108
-167
-129
-146
-201
-207
-225
-163
-174
-209
-209
-193
-154
-126
-105
-111
-99
-122
-131
-107
-81
-57
-98
-54
-68
-111
-119
-145
-121
-117
-107
-92
-87
-92
-101
-114
-133
-140
-99
-49
-42
-8
-43
-50
-76
-27
-2
-42
-34
-51
-20
-29
-88
-88
-79
-116
-137
-81
-87
-80
-27
15
48
71
108
102
93
41
32
28
26
9
7
20
51
75
31
31
68
77
99
98
127
127
181
191
152
145
195
134
152
173
175
190
207
179
176
148
127
166
226
251
217
277
233
231
294
282
260
332
359
362
380
362
388
381
392
367
376
385
389
432
406
403
389
415
399
409
389
364
376
416
420
409
385
362
361
359
369
320
309
332
325
313
311
357
390
388
305
293
329
316
309
315
342
372
354
400
384
357
375
349
396
422
419
476
420
425
448
450
443
451
494
430
415
406
417
383
344
333
353
352
321
309
336
311
290
210
192
212
196
189
178
200
151
153
145
129
166
142
148
223
172
170
208
228
193
170
167
182
235
227
251
239
263
278
265
289
281
197
179
189
185
200
186
209
250
251
245
290
306
302
281
264
259
227
253
213
185
192
188
239
294
275
262
289
244
240
250
232
259
224
220
211
236
290
257
250
269
267
265
254
219
153
183
115
106
84
46
30
14
48
30
51
68
42
46
45
77
68
133
164
170
163
174
126
121
164
110
162
144
109
121
127
133
152
142
157
116
131
150
86
99
101
91
79
47
22
26
50
71
64
42
62
46
14
45
-3
10
40
24
55
85
70
108
63
98
126
69
92
53
53
81
61
5
26
38
31
18
9
6
8
10
66
77
45
29
77
45
10
49
22
40
59
84
66
76
66
47
47
68
147
201
209
239
201
190
163
174
140
117
121
120
120
153
141
137
131
60
81
72
71
84
54
70
67
75
86
56
33
-3
19
2
-2
2
-26
-13
-38
-36
-36
14
55
27
5
47
60
46
45
92
135
153
151
131
106
60
52
33
70
75
44
54
80
49
46
56
23
61
34
-17
-40
-47
-15
-30
-10
-9
-39
-55
-63
-75
-72
-72
-32
-2
-72
-49
2
-41
-59
18
18
-6
34
8
35
77
118
110
72
90
61
70
10
-16
-10
29
33
5
14
24
29
38
6
-23
-57
-67
-52
-99
-142
-135
-82
-36
-1
19
5
17
33
75
57
85
60
61
117
92
100
144
148
75
86
84
56
90
97
88
58
83
88
67
75
88
91
85
96
46
13
16
10
-22
-99
-89
-75
-60
-55
-18
17
33
62
21
52
89
85
66
65
109
119
95
106
123
127
92
114
113
111
59
68
77
55
73
0
57
49
72
78
32
28
11
-30
-48
-30
-32
-49
-40
-11
28
12
2
24
69
60
33
54
-4
15
-22
-42
-68
-99
-80
-68
30
71
69
129
151
155
181
111
89
136
141
100
114
111
124
97
92
147
93
95
130
131
128
121
134
123
90
137
197
178
206
208
182
161
109
111
82
24
57
68
75
63
46
53
50
86
38
18
37
52
29
40
60
3
75
40
42
32
0
24
-5
-11
-18
29
63
44
48
38
53
47
79
90
120
150
138
110
97
119
112
97
87
121
128
81
111
109
140
159
112
165
135
143
142
