SAMPLES:	17679
BITSPERSAMPLE:	16
CHANNELS:	1
SAMPLERATE:	16000
NORMALIZED:	FALSE
-369
-367
-358
-314
-319
-320
-286
-318
-346
-345
-397
-398
-377
-396
-324
-336
-328
-303
-368
-318
-314
-254
-248
-232
-196
-157
-119
-175
-132
-123
-149
-140
-148
-175
-174
-195
-181
-147
-195
-189
-155
-195
-194
-186
-180
-161
-177
-165
-201
-194
-191
-244
-215
-205
-212
-196
-228
-196
-224
-270
-261
-237
-209
-224
-186
-184
-154
-154
-155
-100
-113
-101
-72
-67
-71
-70
-37
-37
-97
-97
-53
-23
-47
-59
-51
-51
-87
-107
-61
-80
-34
-39
-52
-42
-32
-43
-60
-47
-81
-80
-129
-146
-133
-139
-127
-103
-48
-44
-36
-64
6
-16
-37
-17
-51
-23
38
41
19
24
-18
26
35
28
7
23
1
-4
40
101
90
93
114
86
112
86
112
133
90
88
113
93
105
99
73
73
70
76
88
101
83
29
-9
-18
15
17
56
4
43
46
90
75
23
31
-9
-33
-55
-14
30
15
46
109
76
84
60
58
87
91
103
95
98
93
88
90
80
49
86
60
67
64
41
42
-65
-75
-73
-74
-36
31
31
33
78
-12
-9
-23
-88
-71
-68
-72
-49
2
-24
-57
-39
-77
-85
-75
-66
-75
-85
-65
-57
-34
-23
15
24
24
-3
13
11
-7
9
21
49
85
62
49
87
51
109
139
156
172
154
138
139
167
153
127
109
114
72
67
83
-8
-23
25
-2
-21
-14
-1
-18
-12
-30
-79
-50
-10
2
13
-31
-19
-15
0
-20
-14
-13
-24
16
-47
-57
-65
-26
-30
-37
3
-35
-9
-18
-73
-68
-49
-30
-14
3
12
19
34
11
-8
-38
-29
-26
-29
-19
-36
-68
-29
-43
-92
-60
-29
-48
-12
16
-1
20
50
56
76
38
-25
-44
-61
-69
-58
-69
-47
-21
-44
-14
2
-46
-45
-17
-16
-43
-52
-69
-48
-73
-107
-102
-107
-151
-133
-132
-112
-114
-130
-100
-127
-99
-100
-53
-15
-30
-43
-90
-46
-4
-86
-78
-68
-75
-79
-120
-97
-80
-124
-185
-203
-190
-247
-189
-163
-131
-118
-138
-124
-142
-140
-151
-125
-177
-177
-176
-186
-202
-206
-152
-179
-116
-142
-151
-108
-173
-149
-141
-183
-185
-200
-162
-141
-138
-101
-107
-116
-78
-90
-88
-147
-130
-118
-142
-121
-178
-165
-185
-131
-152
-190
-163
-175
-162
-162
-184
-154
-163
-223
-231
-240
-226
-201
-162
-173
-209
-162
-150
-160
-175
-183
-142
-168
-167
-132
-133
-153
-146
-118
-155
-146
-138
-158
-140
-120
-153
-96
-140
-170
-149
-195
-164
-158
-133
-117
-113
-90
-101
-141
-105
-134
-148
-135
-125
-117
-142
-166
-217
-214
-234
-230
-163
-174
-158
-186
-229
-236
-203
-172
-149
-224
-228
-188
-166
-202
-207
-175
-196
-225
-226
-231
-300
-291
-314
-317
-291
-285
-265
-284
-316
-303
-282
-225
-205
-172
-171
-153
-166
-152
-117
-110
-107
-131
-116
-129
-117
-131
-149
-150
-141
-174
-195
-214
-230
-212
-223
-253
-234
-238
-270
-234
-271
-274
-326
-325
-286
-291
-310
-314
-350
-341
-283
-273
-250
-201
-200
-184
-194
-160
-148
-126
-97
-168
-189
-178
-200
-189
-227
-165
-141
-182
-171
-192
-199
-210
-202
-210
-197
-186
-206
-191
-168
-196
-166
-198
-167
-265
-263
-249
-260
-299
-301
-239
-261
-220
-219
-211
-226
-198
-209
-179
-156
-128
-182
-165
-165
-188
-223
-235
-257
-221
-217
-278
-209
-262
-273
-255
-255
-258
-264
-288
-272
-284
-289
-294
-255
-269
-236
-202
-191
-177
-188
-159
-214
-184
-188
-177
-166
-146
-109
-160
-106
-90
-104
-110
-84
-106
-53
-64
-112
-84
-102
-131
-164
-98
-146
-121
-100
-57
-36
-62
-46
-92
-109
-128
-101
-70
-129
-114
-103
-118
-107
-134
-109
-115
-160
-190
-236
-216
-240
-259
-248
-237
-273
-258
-250
-228
-216
-190
-172
-221
-235
-207
-189
-192
-198
-237
-219
-187
-208
-220
-185
-195
-191
-236
-197
-179
-245
-244
-249
-213
-220
-232
-236
-201
-217
-222
-192
-183
-190
-195
-219
-249
-248
-222
-201
-250
-259
-239
-253
-264
-231
-216
-219
-199
-144
-147
-153
-116
-139
-134
-66
-117
-75
-74
-70
-50
-96
-97
-132
-133
-117
-106
-51
-40
-55
-94
-91
-117
-147
-120
-136
-168
-176
-200
-214
-133
-144
-99
-82
-114
-82
-113
-121
-100
-120
-109
-106
-104
-80
-87
-90
-118
-172
-158
-144
-136
-131
-181
-172
-200
-211
-195
-182
-233
-191
-206
-192
-229
-242
-221
-234
-213
-168
-144
-155
-170
-179
-129
-161
-167
-201
-172
-199
-172
-175
-210
-194
-156
-131
-171
-193
-165
-130
-145
-96
-116
-149
-158
-170
-188
-184
-216
-198
-152
-191
-228
-225
-192
-198
-200
-190
-135
-129
-144
-152
-173
-197
-187
-204
-230
-222
-257
-214
-162
-155
-152
-160
-131
-121
-85
-109
-74
-20
-4
6
2
2
33
2
10
-38
-44
-49
-105
-77
-84
-89
-101
-110
-122
-184
-150
-153
-214
-190
-249
-267
-251
-303
-286
-297
-276
-239
-285
-288
-290
-271
-281
-274
-223
-247
-268
-219
-189
-151
-143
-166
-113
-149
-117
-93
-102
-55
-51
-25
-46
-6
-63
-54
-35
-41
-71
-87
-53
-75
-103
-115
-94
-151
-107
-147
-170
-129
-156
-141
-115
-154
-150
-121
-130
-102
-132
-173
-144
-114
-106
-111
-109
-146
-143
-137
-148
-141
-125
-94
-103
-121
-142
-173
-132
-145
-149
-111
-96
-110
-113
-121
-129
-120
-147
-160
-137
-117
-99
-130
-98
-75
-108
-110
-108
-95
-104
-99
-90
-123
-110
-124
-150
-178
-218
-150
-151
-151
-130
-149
-190
-192
-172
-173
-169
-129
-115
-130
-171
-152
-120
-94
-120
-171
-126
-109
-148
-150
-169
-112
-118
-81
-3
14
42
20
-27
4
-38
-13
-7
2
-10
-31
-15
-45
-56
-40
-36
-67
-55
-53
-66
-66
-109
-137
-122
-125
-124
-130
-127
-160
-124
-117
-126
-119
-112
-94
-122
-129
-114
-129
-90
-103
-86
-107
-169
-168
-188
-194
-186
-171
-213
-221
-220
-221
-212
-232
-202
-192
-191
-213
-228
-221
-224
-158
-151
-152
-162
-167
-159
-158
-179
-133
-109
-150
-144
-128
-120
-118
-99
-90
-45
-74
-66
-97
-77
-90
-119
-151
-157
-115
-156
-150
-123
-148
-125
-97
-104
-136
-131
-129
-143
-112
-127
-75
-44
-20
-46
-83
-62
-53
-42
-38
-79
-96
-71
-85
-105
-121
-85
-147
-106
-80
-117
-91
-107
-84
-109
-92
-96
-66
-82
-60
-58
-69
-62
-22
-38
-89
-124
-131
-124
-144
-199
-165
-144
-86
-92
-147
-82
-61
-78
-90
-70
-28
-29
-47
-73
-105
-152
-138
-150
-160
-189
-184
-133
-155
-183
-224
-138
-184
-107
-107
-132
-90
-120
-91
-108
-141
-106
-115
-114
-67
-48
-82
-77
-94
-102
-112
-118
-98
-92
-82
-92
-73
-112
-123
-99
-78
-76
-26
-39
-45
-83
-98
-25
-73
-103
-119
-153
-143
-142
-173
-122
-138
-203
-217
-191
-135
-94
-133
-158
-109
-176
-171
-160
-202
-192
-173
-151
-179
-162
-211
-226
-215
-161
-137
-75
-68
-83
-97
-58
-74
-86
-75
-84
-37
-44
-45
-48
-13
1
-9
-7
11
15
4
-6
-31
-42
-65
-36
-25
-19
-24
-53
-53
-116
-117
-104
-86
-85
-80
-84
-132
-132
-88
-56
-44
-57
-75
-86
-78
-41
-63
-83
-21
-55
-50
-5
-7
-31
28
22
-19
-4
6
-33
-42
15
-30
-46
9
70
81
13
1
-32
-33
6
14
-16
-28
-35
-40
-35
-63
-33
7
55
60
107
86
100
73
56
108
125
104
66
63
59
2
8
17
21
1
31
73
69
55
42
72
74
99
77
103
123
139
72
80
80
68
71
27
63
37
45
17
50
89
35
18
29
44
51
78
98
104
125
121
90
147
124
105
112
130
127
74
53
57
72
24
13
2
6
44
48
4
10
32
36
11
49
69
72
84
61
77
105
91
89
79
94
136
157
163
204
199
118
140
138
101
119
120
169
156
128
114
112
134
125
133
86
28
42
45
63
55
103
98
83
92
57
28
34
48
-7
26
81
83
53
58
43
31
40
6
-8
-2
26
50
25
-4
44
34
62
58
36
51
27
73
65
102
116
107
142
152
130
100
140
113
113
72
82
90
87
82
91
99
133
123
92
135
120
126
112
111
130
129
154
66
52
81
47
58
76
110
116
82
102
143
80
80
86
74
63
138
135
84
125
121
135
121
131
125
155
153
145
139
186
171
137
165
159
136
91
110
95
84
84
89
98
103
77
70
82
66
86
78
32
81
113
109
135
173
171
121
90
57
46
54
47
98
108
142
118
95
102
71
25
29
-15
22
57
6
53
58
26
9
55
71
54
37
53
64
38
14
36
41
51
33
-22
25
26
33
26
2
6
20
46
19
6
4
-14
-15
-14
-24
-22
-29
-50
-53
-45
-66
-54
-54
-80
-92
-113
-122
-94
-108
-99
-85
-76
-78
-95
-107
-101
-121
-122
-133
-146
-132
-137
-103
-121
-112
-91
-93
-106
-113
-79
-58
-100
-59
-87
-92
0
-19
26
-13
-31
-54
-56
-49
-90
-67
-22
-34
-42
-13
-15
-39
-46
-93
-80
-73
-96
-102
-66
-18
-72
-40
-18
-15
-42
-29
-48
-46
-4
0
4
-38
-51
-86
-72
-60
-48
-40
-45
-36
-39
-52
-71
-77
-46
-65
-38
-27
28
22
-43
-50
-69
-36
-45
-61
-102
-131
-107
-135
-179
-164
-136
-122
-169
-160
-166
-163
-173
-172
-200
-196
-181
-139
-151
-204
-192
-173
-195
-174
-165
-201
-178
-140
-149
-153
-136
-113
-140
-168
-137
-127
-142
-141
-148
-153
-133
-106
-113
-137
-185
-228
-156
-206
-181
-210
-262
-227
-236
-235
-253
-184
-207
-214
-220
-193
-163
-178
-169
-153
-132
-141
-147
-137
-138
-170
-159
-200
-163
-153
-180
-174
-172
-175
-163
-149
-205
-159
-222
-218
-182
-179
-178
-190
-128
-158
-156
-132
-172
-182
-177
-131
-141
-172
-137
-156
-143
-185
-178
-179
-218
-206
-234
-157
-172
-230
-239
-239
-230
-253
-209
-195
-170
-155
-191
-183
-176
-203
-190
-170
-163
-176
-139
-127
-161
-168
-162
-165
-191
-187
-213
-210
-160
-197
-201
-130
-177
-159
-167
-181
-199
-207
-226
-264
-267
-233
-202
-222
-162
-147
-206
-226
-209
-187
-217
-195
-167
-234
-237
-206
-240
-260
-302
-266
-241
-227
-242
-269
-215
-201
-202
-227
-213
-238
-236
-223
-228
-231
-248
-248
-250
-256
-204
-236
-233
-241
-295
-305
-342
-316
-317
-280
-267
-284
-303
-309
-294
-322
-350
-315
-312
-302
-311
-299
-301
-274
-239
-274
-235
-248
-256
-195
-228
-263
-219
-193
-172
-163
-165
-128
-110
-134
-115
-83
-84
-106
-48
-56
-76
-96
-109
-123
-138
-104
-99
-76
-109
-130
-192
-170
-165
-168
-152
-191
-157
-183
-162
-153
-212
-237
-265
-308
-326
-249
-231
-217
-168
-193
-187
-148
-191
-170
-197
-225
-215
-166
-157
-112
-130
-135
-111
-101
-84
-93
-111
-160
-127
-179
-217
-207
-239
-248
-258
-295
-278
-259
-202
-189
-210
-216
-223
-214
-189
-231
-226
-217
-221
-213
-259
-258
-289
-338
-284
-245
-218
-231
-203
-227
-190
-205
-207
-178
-239
-207
-218
-172
-183
-144
-112
-154
-145
-113
-89
-152
-168
-173
-137
-140
-135
-114
-153
-102
-106
-56
-29
-29
8
-4
-15
-23
-11
-12
21
23
-2
11
-9
-19
-24
-42
-42
-44
-22
-42
-46
-40
-53
-79
-94
-111
-147
-135
-88
-109
-97
-116
-60
-42
-33
-29
-48
-56
-74
-43
-60
-60
-40
-20
-13
-42
-34
-22
12
4
-18
-34
2
-45
-30
-22
-89
-73
-74
-63
-66
-42
-94
-118
-157
-187
-114
-145
-186
-164
-174
-164
-153
-142
-150
-193
-208
-166
-113
-141
-162
-103
-50
-35
5
48
50
79
15
44
47
46
64
9
5
13
-30
-67
-52
-20
-47
-34
-44
-43
-26
11
10
-30
-28
-31
-23
-56
-52
-57
-43
-50
9
13
-4
1
-38
-49
-100
-81
-13
-32
-36
-116
-79
-64
-79
-56
-74
-33
-37
-35
-12
-13
0
8
-58
-34
-29
-77
-103
-76
-41
-50
-32
-26
-19
18
18
47
73
59
123
102
82
117
92
103
110
88
91
56
77
118
127
166
156
178
176
201
212
182
158
131
106
81
59
15
27
25
13
-2
23
18
20
6
-19
-8
25
25
44
31
-4
11
41
95
79
90
25
-23
3
-21
-40
27
68
75
54
86
107
133
96
38
103
48
36
84
74
50
36
49
87
80
121
131
105
118
108
125
115
123
73
57
41
7
-79
-41
-52
-47
8
-25
55
50
34
29
50
60
58
70
18
71
85
91
58
43
38
64
74
76
117
76
103
127
113
121
133
125
112
152
184
159
200
206
176
186
189
136
183
166
166
137
128
100
67
76
38
56
29
29
39
6
27
32
27
11
-53
-44
-46
-48
-27
-40
-25
78
64
35
39
56
32
-3
6
17
61
64
67
118
143
151
176
191
183
204
242
232
189
195
194
180
194
169
169
119
125
149
121
65
9
41
43
-10
24
17
53
79
83
65
60
61
57
99
91
70
75
72
49
28
40
78
105
147
123
151
186
182
200
170
162
205
190
143
154
133
178
171
166
196
177
224
219
206
189
183
176
147
128
103
93
83
57
70
35
16
89
56
56
108
97
72
92
109
77
109
127
124
135
147
110
128
106
93
57
60
33
45
116
92
163
159
195
206
198
224
181
226
213
215
189
178
169
194
186
165
174
121
157
170
158
178
194
219
254
217
224
193
187
213
212
180
186
196
160
165
162
129
136
122
98
101
133
104
70
101
110
84
100
161
163
144
166
173
150
143
93
80
131
130
154
136
139
194
182
234
234
234
242
194
184
180
156
173
178
212
268
284
267
255
292
301
267
240
252
236
265
271
251
239
224
247
267
296
258
226
239
230
194
163
167
175
140
151
218
195
202
209
198
231
179
182
213
200
196
230
220
205
247
263
218
234
200
244
249
258
245
240
243
254
337
280
283
270
262
214
219
210
190
204
224
261
258
259
261
243
283
312
271
296
282
228
195
168
172
159
160
118
124
112
143
168
199
226
227
298
310
327
328
317
306
303
289
248
264
294
228
161
165
152
113
156
148
170
202
191
228
233
228
230
246
214
226
189
201
153
162
186
140
169
168
195
185
226
284
272
306
292
248
221
236
223
249
224
204
195
190
159
117
68
66
89
75
105
90
79
67
134
135
130
148
109
91
165
141
127
108
83
148
138
143
121
130
198
216
240
239
244
236
285
281
283
319
263
261
240
216
169
210
172
173
184
185
234
195
204
141
171
196
175
149
126
82
76
88
48
9
-52
-50
-60
-27
20
-6
13
17
36
81
113
117
132
173
147
182
214
193
147
178
163
131
152
151
137
166
188
228
261
273
265
247
266
226
243
248
188
89
80
67
49
54
48
18
-17
-2
-2
-36
-16
-3
-28
-41
-61
-33
-13
-8
-21
7
56
53
104
128
133
168
206
212
190
220
190
214
264
299
293
267
238
230
247
177
145
167
135
120
124
90
60
50
67
24
45
22
84
62
59
27
15
71
21
34
29
10
58
42
57
56
55
77
96
125
146
119
142
145
160
129
89
117
152
139
145
168
123
128
119
86
129
100
69
78
116
130
88
121
78
84
78
66
46
67
58
69
119
67
74
76
54
78
102
123
110
91
134
92
73
76
72
97
57
-7
17
0
-25
-55
-74
6
-7
-37
-23
16
39
43
80
32
48
62
37
62
45
33
21
41
79
48
47
12
-29
6
-14
51
53
3
11
-41
7
37
10
11
15
-9
-9
-13
20
28
17
36
8
1
0
1
8
-10
-12
1
-3
12
17
15
22
13
43
47
33
30
91
81
38
56
10
-4
2
-24
-60
-43
-14
-49
-5
-19
-1
-7
15
-12
-40
-24
-66
-7
-51
-38
-26
-17
0
-14
21
-21
-24
22
32
33
53
91
60
83
130
121
128
123
79
26
32
5
-21
-38
-55
-63
-51
-89
-79
-59
-76
-84
-153
-106
-103
-83
-113
-98
-110
-105
-59
-117
-137
-68
-63
-70
-12
-3
17
-3
6
31
70
60
38
61
26
41
75
-9
4
22
34
62
25
53
24
20
54
58
103
160
156
93
133
123
111
101
80
90
-8
-15
-4
5
24
-21
-5
39
-3
-22
35
32
53
29
52
28
21
-40
-57
-48
-68
-61
-58
-47
-48
-1
-26
-16
-1
-10
2
31
58
71
69
75
55
49
77
47
33
17
-10
-37
-24
-38
-9
10
-21
-5
-26
12
6
7
45
45
26
28
46
25
28
24
-10
21
32
13
-43
-20
1
2
7
26
49
33
1
-8
44
27
33
18
8
0
-22
-52
-101
-106
-39
-35
-61
-40
-37
31
26
16
41
30
31
48
-8
-32
13
-22
-26
4
-47
-44
-66
-26
-8
-43
-5
-66
-34
-24
-35
-42
-67
-76
-78
-97
-137
-130
-135
-168
-163
-178
-202
-191
-215
-213
-135
-138
-113
-142
-130
-149
-135
-120
-133
-145
-96
-101
-74
-71
-107
-80
-100
-64
-94
-100
-111
-72
-51
-62
-79
-134
-128
-124
-104
-98
-138
-135
-155
-202
-199
-178
-218
-221
-196
-226
-193
-178
-197
-170
-159
-147
-113
-139
-132
-122
-153
-150
-179
-177
-169
-133
-168
-166
-127
-137
-141
-122
-126
-147
-155
-189
-136
-124
-185
-146
-144
-148
-174
-173
-155
-119
-109
-113
-99
-94
-69
-91
-151
-151
-140
-140
-134
-123
-133
-158
-146
-107
-99
-122
-137
-131
-120
-138
-130
-125
-117
-189
-152
-127
-137
-118
-169
-153
-150
-175
-136
-159
-176
-140
-187
-168
-174
-168
-170
-171
-178
-197
-210
-191
-207
-185
-174
-160
-173
-136
-161
-154
-127
-135
-138
-133
-130
-117
-133
-133
-106
-118
-78
-85
-116
-151
-160
-196
-182
-216
-207
-209
-231
-266
-287
-282
-329
-319
-318
-317
-249
-289
-271
-249
-206
-194
-249
-216
-193
-157
-155
-165
-152
-140
-137
-73
-98
-102
-100
-88
-107
-142
-125
-141
-139
-127
-70
-127
-127
-119
-99
-88
-106
-143
-162
-181
-210
-183
-196
-219
-238
-282
-274
-245
-279
-298
-288
-255
-308
-318
-305
-318
-283
-315
-297
-295
-336
-259
-277
-274
-274
-270
-309
-252
-224
-228
-207
-220
-195
-141
-92
-112
-64
-105
-49
-83
-64
-77
-115
-147
-222
-230
-245
-250
-269
-280
-357
-363
-298
-284
-264
-288
-273
-261
-285
-281
-305
-276
-265
-304
-290
-275
-237
-262
-296
-272
-239
-221
-177
-146
-110
-129
-106
-81
-62
-59
-51
-33
-107
-118
-111
-109
-133
-159
-131
-121
-129
-162
-137
-142
-178
-111
-159
-120
-81
-123
-152
-200
-167
-169
-145
-179
-188
-191
-212
-224
-198
-226
-204
-191
-235
-163
-204
-219
-199
-160
-161
-143
-162
-144
-156
-204
-178
-180
-217
-248
-256
-207
-159
-152
-139
-111
-90
-128
-77
-82
-178
-172
-173
-171
-184
-215
-199
-211
-158
-141
-130
-84
-56
-46
-9
-36
-21
-29
-59
-56
-9
-10
-7
-40
-51
-49
-135
-100
-132
-123
-110
-128
-97
-93
-84
-73
-46
-67
-97
-113
-197
-209
-153
-178
-202
-141
-209
-236
-243
-233
-193
-123
-91
-83
-48
-87
-56
-107
-75
-110
-84
-82
-96
-76
-112
-99
-91
-65
-38
8
-73
-36
-22
-80
-67
-33
5
13
33
18
19
-12
0
-33
-42
-62
-83
-44
-58
-64
-25
-22
-36
-25
-39
-51
-83
-78
-51
-104
-33
-4
-13
-34
-27
-50
-17
13
-21
5
-2
44
16
55
48
73
92
68
103
121
170
171
172
126
109
78
86
72
45
3
-9
18
-3
-58
-74
-68
-68
-27
-32
-28
-26
0
-22
-56
-56
-50
-92
-114
-77
-69
-86
-47
-107
-82
-56
-85
-95
-90
-81
-45
23
-8
22
51
81
71
36
71
93
89
158
142
131
123
106
89
98
124
93
81
54
62
22
24
4
-12
-2
-41
-47
-63
-89
-91
-77
-47
-66
-81
-48
-44
-64
-43
-27
-27
16
-24
-8
-2
-35
9
4
12
41
38
36
39
66
69
57
63
49
20
-38
-39
-19
-43
-10
-1
37
133
131
77
86
86
55
70
30
49
58
74
64
-7
-2
-2
8
-20
6
10
-7
-32
-45
-16
-25
-5
-21
-29
-8
-28
0
-22
-7
-19
-100
-99
-56
-60
-11
4
-27
19
13
-52
-79
-65
-29
-21
-18
-32
-59
-27
-86
-68
-76
-82
-31
-43
13
27
62
-3
1
-38
-43
-15
-26
-48
-33
-56
-54
9
-45
-37
-78
-74
-34
-43
-18
-30
-20
-5
15
10
-2
27
36
38
69
72
88
81
107
117
117
118
144
134
84
26
2
6
-5
-42
-103
-84
-60
-80
-103
-64
-67
-107
-96
-23
-26
5
24
27
44
26
55
60
21
-5
16
29
46
67
20
48
42
65
62
18
44
6
44
59
-5
-15
23
-31
-66
-23
-43
-38
-19
-37
-21
-47
-81
-40
-48
-82
-101
-81
-78
-53
-67
-50
-27
-50
-37
-17
-23
-30
5
-9
-2
-5
-38
-22
31
9
-33
-28
1
9
5
11
4
-4
-1
-28
-2
1
-45
-98
-85
-98
-146
-128
-165
-163
-148
-167
-180
-179
-197
-176
-164
-186
-184
-145
-162
-153
-137
-104
-141
-162
-105
-65
-64
-44
-34
-32
32
65
53
67
107
148
136
130
139
134
166
153
121
36
-19
22
4
5
-9
-17
-11
-24
39
7
-11
26
-11
-14
1
-12
-25
-72
-65
-78
-92
-85
-140
-100
-68
-75
-71
-55
-35
-12
18
-29
7
-26
7
3
-12
-13
-47
-39
-96
-73
-58
-69
-54
-54
-19
32
12
29
34
16
6
9
32
28
-34
-28
-58
-75
-63
-95
-111
-117
-104
-107
-96
-61
-34
-54
-50
-70
-53
-77
-103
-104
-131
-90
-156
-109
-122
-117
-59
-94
-99
-101
-66
-58
-56
-82
-50
-4
-31
-65
-57
-75
-48
-61
-55
-82
-108
-70
-107
-69
-79
-26
-3
-19
5
-11
-23
-38
-40
-51
-78
-65
-87
-134
-180
-163
-162
-203
-175
-113
-129
-66
-49
-19
19
37
24
55
69
36
24
25
39
23
4
-11
-75
-96
-52
-47
-33
0
8
18
31
-16
-17
-47
-68
-71
-82
-103
-140
-133
-144
-167
-195
-178
-151
-143
-130
-91
-69
-71
-28
-9
23
43
43
19
29
-3
27
53
30
20
32
52
41
44
65
74
97
131
124
141
146
118
95
95
105
99
107
94
106
111
83
5
34
30
52
90
75
86
91
119
63
29
6
-3
17
-21
-7
-9
-48
-56
-78
-27
4
13
36
43
29
34
6
20
58
89
87
52
88
62
81
54
39
76
81
83
127
139
129
143
189
196
220
234
199
225
241
242
175
152
165
182
147
163
132
125
152
171
135
125
220
249
239
278
249
241
260
228
223
235
233
175
177
168
162
163
214
242
274
297
271
230
232
240
208
257
228
209
163
137
76
83
140
141
146
121
80
42
109
103
118
121
82
26
83
120
100
107
24
60
121
84
37
-8
-8
99
111
129
152
116
111
154
157
170
189
211
209
223
290
257
151
197
236
258
209
205
199
186
286
171
209
210
200
221
294
262
268
256
182
175
159
133
74
59
2
66
166
170
87
98
123
117
143
162
182
185
183
193
157
189
156
226
198
143
237
284
313
290
192
131
247
316
361
405
225
70
217
345
274
236
256
278
230
220
207
90
106
195
269
230
165
136
167
224
217
145
106
196
155
195
243
89
69
148
218
126
125
117
280
235
76
233
400
248
119
260
220
248
345
383
282
237
179
197
298
249
232
345
334
199
292
277
189
257
322
302
298
244
6
172
367
275
166
126
190
221
122
157
125
212
366
239
192
295
228
230
394
281
122
151
210
245
238
110
106
231
208
148
148
114
105
395
506
197
29
84
264
241
74
50
202
336
218
68
49
168
159
378
468
223
75
204
399
379
201
157
323
334
92
116
337
207
220
601
447
86
52
105
337
433
280
330
468
232
124
379
399
244
433
501
262
17
96
398
533
418
326
290
368
389
168
193
385
379
315
413
257
152
101
160
370
480
325
152
205
140
180
397
524
375
332
391
278
320
297
208
572
585
361
315
240
199
306
481
578
516
419
295
345
417
350
350
540
394
242
345
270
255
277
377
298
360
301
127
443
485
252
350
627
305
272
441
408
466
345
414
628
430
143
442
436
473
651
568
509
410
207
402
775
455
283
435
525
465
349
345
260
507
626
343
309
271
153
402
549
300
343
389
270
278
236
428
473
407
524
347
251
527
408
218
453
483
260
517
676
273
287
590
517
313
428
530
417
416
561
315
440
596
314
446
608
307
349
680
470
199
327
365
317
550
513
277
259
242
218
454
377
175
358
454
265
224
351
337
105
473
665
144
181
495
338
218
259
210
355
415
179
34
348
572
214
360
435
134
329
514
371
249
285
152
295
515
106
134
482
261
230
381
-49
108
600
252
91
368
402
287
228
123
196
319
318
308
182
203
348
293
101
161
132
5
386
268
5
491
293
-17
366
369
-95
184
435
226
551
212
-227
55
608
272
64
227
118
219
95
183
148
85
273
411
213
422
410
-210
241
366
-78
281
448
-348
-186
545
300
-126
126
301
91
140
298
177
227
5
49
524
157
-235
140
276
-87
259
351
-175
-223
188
300
-40
212
56
-24
8
60
-25
-47
170
-11
-44
102
117
-137
42
182
149
100
11
118
285
137
-228
71
321
152
-40
-39
74
215
-51
-251
13
135
-53
-410
257
260
-396
-53
252
-205
-307
133
170
-77
121
338
-295
48
462
-301
129
392
-263
200
451
-70
-123
-36
207
201
65
139
121
259
321
-158
174
368
-31
199
391
129
73
175
-160
220
375
-153
-175
126
37
-299
182
100
-281
-212
-61
69
-62
-229
-234
27
-7
-226
-239
53
-270
-174
168
97
-110
-225
-66
-18
129
41
-132
-72
266
42
-34
394
-205
-181
557
-217
-146
438
-131
-143
539
254
-366
154
75
-297
437
430
-590
-135
388
-409
-330
399
-9
-576
24
51
-219
345
-332
-515
503
144
-316
221
79
-472
233
516
38
-241
-126
-460
295
419
-777
-132
650
-315
-382
384
-430
-166
212
10
-43
60
-5
-341
38
116
-199
17
-180
-355
136
-200
-175
-37
-134
-302
24
132
-223
-304
-155
315
118
-95
-351
-50
89
-594
268
418
-763
-477
152
-313
-203
47
-481
-74
356
-544
-332
272
8
-479
-121
254
-305
91
-14
-256
146
-37
-561
191
339
-931
-1
471
-360
-379
177
-211
-282
273
-160
-485
253
139
-532
44
193
-662
-209
416
-144
-532
-92
-308
-230
497
-251
-455
-31
-46
-310
300
106
-857
15
456
-359
-308
277
-434
-265
543
-436
-444
120
-438
-211
-34
-358
-39
94
-332
-186
-203
-366
243
-354
-605
-155
-254
-193
-84
-233
-404
-7
-200
-398
97
-238
-184
78
142
-433
-45
-104
-240
-153
-64
57
-297
191
-553
-374
326
-165
-677
126
122
-523
174
-439
-212
44
-206
-326
94
32
-566
-150
-148
-15
-274
-207
64
-8
-385
-227
587
-143
-410
118
-148
-376
431
-363
-384
843
-422
-344
430
-100
-415
-19
-7
-182
-149
-247
176
-539
36
147
-312
-40
-78
159
-605
-333
188
-372
-554
-5
6
-690
-198
-152
-179
-88
-597
-25
-73
-458
-258
20
-170
-559
39
15
-19
-241
-173
-316
95
-6
-393
55
-47
-337
-569
402
373
-523
-286
384
89
-510
-13
310
-327
-157
412
-198
-428
362
-385
-346
579
-440
-624
353
-93
-663
517
202
-558
314
-138
-467
89
-145
-189
138
-35
-339
-316
18
-227
-111
8
59
121
45
-462
-126
349
-326
346
-99
-297
281
-156
-93
-232
-178
-64
104
-396
-281
152
-108
-629
-465
799
-213
-595
-213
60
-120
-207
223
21
60
-332
-67
267
137
-670
329
489
-543
423
37
-369
-169
474
-169
250
359
-615
104
197
-148
143
233
-803
232
389
-171
51
-85
256
-515
166
255
-137
-241
-232
276
-154
-99
-66
-223
-179
175
214
88
-485
-143
252
-198
119
340
-582
-168
524
-437
-56
105
-322
8
106
141
-796
176
-177
-297
321
-171
-255
-135
-215
-125
312
-180
-322
-86
77
-210
-444
-77
294
-20
-129
-144
-495
126
-96
-251
-16
73
-28
-176
-2
-207
-586
-12
565
-153
-325
255
-3
-358
208
-25
273
-173
-125
518
-610
-34
804
-691
-376
1181
-272
-750
931
-275
-431
721
-193
-587
634
-82
-507
734
150
-665
274
395
-967
48
514
-155
-201
50
-72
-211
60
-206
-305
90
313
-523
-98
739
-88
-1006
214
553
-288
477
-37
-183
-35
262
127
368
-147
-458
148
818
18
-623
492
-694
151
771
-478
-242
509
-236
-41
593
-809
-112
445
-356
143
423
-307
-295
150
111
296
-272
-457
562
-100
-486
317
490
-622
-352
467
300
-7
-319
59
-141
364
63
-107
-319
63
371
-123
313
-223
-462
530
438
-613
174
-41
-199
320
59
466
-364
-229
515
172
-148
264
-22
-441
873
-108
-128
237
-425
201
274
-119
8
-1
-102
71
88
394
-239
-327
21
232
14
37
76
-384
172
173
156
-237
9
154
-297
484
298
-964
133
1043
-842
-234
1456
-1035
-645
1401
-679
-543
1202
-651
-513
1108
-163
-480
674
-3
-360
987
281
-758
217
614
-193
470
270
-671
563
280
-496
240
435
-484
157
567
-222
-67
166
350
-346
-133
488
-131
-273
107
-242
93
205
401
-661
-310
1004
-229
-247
452
70
-295
746
-27
-119
336
133
-69
583
671
-264
110
198
272
0
578
-164
-178
303
578
42
-11
191
-312
660
86
91
418
-355
-71
548
-101
306
-79
-713
797
299
-753
485
358
-558
374
592
-641
104
691
-340
166
333
-117
157
548
-507
136
1106
-808
137
1102
-800
130
954
-411
313
436
-160
167
420
355
-146
255
613
-342
27
938
-677
-18
773
-304
535
142
-523
287
376
302
-201
-309
810
-52
-219
674
-712
-261
1203
-263
-349
478
-476
627
2
-334
506
320
18
77
652
142
-153
367
346
76
503
-202
73
820
-300
-140
756
-197
-83
996
-343
-273
1014
-46
-245
551
-227
86
642
-84
-239
166
394
-391
-182
499
-591
378
675
-817
190
1005
-706
-303
1279
-664
-19
1185
-237
-260
560
192
-682
1300
-286
-1103
1365
51
-695
849
16
-1231
1293
365
-1431
836
678
-836
254
762
-605
-44
493
-473
-90
597
-338
360
42
-310
679
-224
76
267
-65
215
161
-175
258
314
-240
196
559
315
-667
168
951
-209
41
457
28
393
138
223
781
-423
190
807
28
-124
107
282
-327
457
411
-580
54
680
-256
113
436
-626
363
384
-403
55
529
-283
43
568
-13
141
88
192
-538
642
477
-559
589
91
-549
748
744
-1097
420
493
-641
742
69
-99
-10
384
140
51
-3
441
97
-549
838
-24
-226
53
116
483
42
10
560
134
-75
444
0
116
233
-76
280
317
-459
424
-78
-89
856
-593
-628
1025
74
-544
424
195
-184
292
59
68
77
62
209
25
332
-309
-380
-24
438
-285
91
310
-631
-92
325
251
-315
124
53
695
468
-462
-16
225
153
528
1
-346
410
196
-102
-31
229
-31
0
545
1
-173
220
-159
-9
-29
332
-101
-182
63
-202
-41
-136
7
-877
539
-18
-465
89
-311
107
-170
230
-711
-92
0
-334
527
-277
-589
-244
785
-165
-514
152
78
-244
370
-170
-537
827
-254
-214
24
331
-500
-825
245
203
-392
-257
-599
-386
307
-719
-203
-351
-142
-216
23
94
-892
-395
236
270
-746
326
-352
-281
281
-514
240
42
-147
-74
-309
187
-121
-336
-107
134
-103
24
-389
-351
231
-502
6
219
-607
-406
224
-814
-344
63
-415
-466
-407
221
-613
-548
-174
-15
-475
-280
-504
-770
150
-425
-286
-680
-440
109
-582
-683
-432
-316
-494
-305
-75
-1037
-74
-20
-904
-346
-218
-110
-528
-201
-253
-509
-563
-147
-460
-612
-296
-600
53
-413
-1018
-185
-33
-1439
-249
441
-1247
-410
122
-719
-802
276
-556
-1229
-112
-344
-315
-734
-515
-231
-973
-636
-32
-279
-1418
-474
-377
-885
-209
-300
-1043
-931
-133
-862
-594
-422
-837
-536
-853
-773
-466
-671
-477
-382
-836
-380
-640
-954
-285
-652
-293
-556
-1202
16
-420
-1387
-37
-645
-1073
-323
-862
0
-1294
-1262
-78
-971
-369
-136
-1255
-686
-726
-309
-600
-805
-551
-1057
-682
288
-578
-1774
-82
-822
-194
-163
-1230
-666
-264
101
-1092
-427
-359
-1067
-564
664
-1442
-1200
815
-1441
-540
89
-724
-919
-295
-411
-823
-108
-752
-908
-270
-305
-798
-383
-553
-959
-476
-199
-540
-872
-598
-197
-630
-838
-188
-473
-316
-678
-362
-338
-55
-85
-1119
267
-143
-778
-68
-167
-660
-397
-196
-100
143
-1031
-661
-15
76
-1050
-113
55
-1041
-410
99
-368
-987
-373
-237
89
-819
-537
-45
-979
-238
-291
-516
-243
-450
-805
-303
436
-1190
-824
244
-608
-420
-582
52
-851
193
-641
-557
-32
-414
-379
-388
469
-931
-132
-368
-66
-457
-618
281
-370
-579
13
-308
-613
-27
-296
-498
385
-390
-936
70
-112
-409
-113
-284
-526
-301
-46
409
-707
-385
-215
-291
432
-897
-43
207
-828
-383
743
-752
-826
439
15
-73
-371
-26
-655
-228
580
-458
-988
-16
-101
-748
160
-330
-400
-573
2
-349
-208
-106
-822
168
-99
-39
-250
-38
-1362
-180
712
-633
-286
-97
-590
-53
200
-682
-51
-189
18
89
-323
183
-292
-561
-9
574
-45
-138
-576
89
593
-1118
472
123
-1002
-48
553
-410
-313
340
-1092
315
68
-729
-437
383
-650
-239
757
-1115
13
-7
-909
167
1054
-1289
-458
867
-994
-55
595
-715
-420
614
63
-103
-68
-226
-378
220
135
-272
10
-226
-124
257
-42
-338
129
-468
-54
657
-249
-536
334
102
-780
-21
756
-685
-317
618
-275
112
-162
-462
72
-159
269
-138
-734
614
46
-845
829
223
-727
534
418
-489
655
448
-751
57
720
-665
-230
1431
-1154
-1024
1743
-277
-1261
616
54
-674
1007
-309
-1249
475
582
-1064
258
147
-962
650
-264
-745
265
110
-895
163
513
-1314
351
247
-976
-66
398
-523
-666
768
-655
-305
863
-1010
-937
1051
-5
-944
454
-431
-380
242
-422
59
342
-624
-339
414
-156
-147
-253
8
-649
37
416
-426
-375
-15
-324
-155
285
-541
-171
-130
-338
237
35
-725
-492
80
-841
-100
307
-435
-676
-149
-159
-869
127
-297
-676
193
-452
-137
-586
-201
-311
-363
-311
11
-223
-729
-179
-388
3
-666
279
-470
-310
303
-744
-70
508
-461
-294
454
-1115
-53
596
-608
-317
278
-512
-64
294
-388
-488
266
-10
-516
790
-460
-1222
405
-6
-310
8
-321
-467
-344
-52
-371
-326
-55
-434
-670
602
-63
-899
-76
-447
-166
183
-383
-396
66
195
-216
-301
383
-903
15
870
-1138
-151
1076
-850
-631
1227
-1143
-164
1226
-1037
-172
693
-513
-701
484
8
-652
-156
382
-329
-950
337
20
-550
-274
-60
111
-37
-646
-145
-68
170
-153
-356
584
-393
-843
678
501
-1025
358
126
-459
726
-206
-831
561
391
-825
197
797
-477
-634
688
342
-371
394
53
-57
42
-42
174
48
323
-490
-173
1089
-182
-745
1073
-150
-553
1260
-406
30
672
-310
-74
772
436
-385
-107
506
-2
-271
1050
-485
-1
602
-776
472
584
-355
-444
838
-150
276
58
-572
330
158
880
-240
137
257
4
81
355
596
-322
332
203
115
292
499
-501
6
969
232
313
54
-147
574
735
108
593
-388
-234
936
414
89
89
413
-212
711
647
-712
400
838
-621
621
1316
-1045
-49
1105
293
43
569
537
-356
582
1008
-269
542
859
-346
533
817
-72
736
811
-217
822
1035
-340
382
1205
-79
381
1619
-93
20
1688
226
-713
1366
1130
-211
437
643
402
588
724
857
60
292
1101
18
687
757
-351
976
962
-152
633
1136
-168
473
913
546
877
508
-490
773
1400
81
174
703
442
68
1132
265
93
680
555
667
315
706
31
937
417
384
585
401
1197
-365
370
892
543
427
436
-91
988
1031
224
763
88
616
857
659
206
686
595
1129
345
329
925
-14
1311
293
12
1097
497
-6
825
320
192
1609
-247
56
1273
295
82
557
863
-186
988
813
-500
940
1148
-84
455
710
296
772
460
568
791
645
387
256
1023
1120
39
602
1043
287
656
762
678
588
225
264
1228
711
-356
446
916
574
334
499
373
108
419
313
730
154
-355
-142
908
773
-329
461
-152
246
933
-226
-131
367
54
319
577
-161
-392
245
1200
45
-741
444
253
-79
589
199
-682
134
669
-94
-176
336
-728
278
1184
-771
-244
513
-767
-320
995
8
-761
-228
338
-231
-58
260
-1062
-143
863
-490
-570
320
-386
-308
265
461
-824
-554
634
-423
-516
496
-267
-701
301
-563
162
27
-848
-493
312
511
-845
-865
487
117
-834
-22
-229
113
-332
-550
221
52
-241
-95
20
-695
94
-176
677
-424
-1205
462
-131
449
-324
-904
452
-49
-480
436
-19
-922
76
202
477
173
-913
285
254
-96
423
-63
-320
160
386
-219
-21
292
-448
-588
747
76
-811
827
-105
-944
602
102
-177
173
-657
-378
924
-111
-853
73
97
34
-281
168
-88
-251
375
200
91
294
-651
-246
1021
284
-359
-504
453
594
-569
-238
738
30
-865
641
232
-645
529
307
-748
457
672
-884
-11
1270
-415
-771
1116
324
-973
794
789
-1027
893
690
-802
896
317
-714
344
1035
-83
-288
436
-128
-267
655
387
-305
502
-115
-282
680
182
31
-90
78
352
455
391
-21
-3
284
659
204
-252
219
293
219
481
429
75
-344
307
578
-7
372
300
2
467
168
-274
508
572
78
394
460
139
164
286
348
141
515
86
25
672
183
334
90
99
832
66
-259
309
534
268
-1
-195
130
576
-200
-181
782
437
-647
140
760
-294
148
290
290
374
-291
-53
895
302
-399
312
854
-103
-163
456
52
324
495
-247
269
325
-62
345
88
210
-33
389
746
-164
-346
486
875
215
77
-43
355
189
478
378
-15
160
-192
572
978
-372
-650
951
156
-104
682
44
-287
-87
708
709
500
-500
-535
627
1229
275
-825
356
724
69
351
386
-360
273
708
179
487
234
-296
188
1188
157
-325
680
103
-247
842
577
-411
265
495
-81
202
643
-56
81
444
-38
404
337
266
-29
417
815
349
44
32
439
1
529
808
-34
-284
501
666
336
549
-140
-352
931
793
35
129
70
379
920
418
-171
118
881
765
-71
129
715
282
-184
634
994
79
-69
895
254
-120
776
395
53
517
548
-155
680
817
-466
309
929
-232
-227
1066
320
44
530
179
400
213
-33
607
878
-228
150
1487
280
-357
851
659
339
806
-81
213
970
216
448
737
69
419
1002
209
616
1005
-312
283
1527
159
-124
1139
549
-206
759
1310
-106
-334
916
988
241
265
437
28
553
940
414
121
715
455
368
1165
296
-480
598
1286
287
-65
417
537
667
513
254
327
431
504
698
942
351
-114
853
1063
308
330
571
583
764
1061
492
169
383
781
797
382
601
218
270
974
827
-163
342
848
549
554
313
313
190
768
855
508
106
81
570
776
705
103
63
461
1001
379
22
602
376
96
903
693
61
678
169
450
1116
372
366
834
407
152
977
1058
190
-236
702
965
483
395
-96
490
1077
416
495
634
-184
279
1223
660
169
493
756
398
475
666
265
447
786
250
498
841
-32
-78
686
659
304
382
493
71
179
835
366
48
555
310
196
697
319
246
245
118
483
291
389
402
449
472
423
335
469
340
68
301
556
970
192
-244
338
483
286
46
192
490
336
227
202
356
270
76
353
621
-52
-13
772
230
-142
189
245
-53
30
174
188
438
191
-395
338
587
-442
-73
970
393
-51
332
64
-202
416
752
126
248
111
-148
587
564
-251
-220
436
606
-115
-61
456
161
30
160
376
-85
318
311
-270
-68
528
258
-293
355
165
-30
469
162
-585
-4
777
-44
-330
445
129
-372
314
220
-292
-22
402
46
-102
157
-155
216
376
-301
19
428
82
-26
28
7
365
122
-320
154
348
-113
161
456
-266
-155
481
143
-19
314
163
-29
280
81
-169
269
420
-171
-300
271
126
-257
75
147
-62
92
-45
-429
37
496
-334
-178
389
-293
-311
143
-58
-182
-48
-260
-6
154
-212
-610
-37
114
-105
30
-11
66
-255
-156
348
35
-443
-262
283
241
-148
-200
-105
-203
-169
217
-121
-36
143
-341
-169
379
-34
-474
65
32
-131
217
79
-701
-231
565
-82
-384
73
-119
-329
418
60
-687
-66
289
-313
-129
135
-386
6
286
-356
-532
336
231
-413
-183
118
256
49
-114
-264
58
165
72
193
57
-50
222
138
-128
90
184
52
347
334
-180
2
190
-198
-179
526
303
-231
175
285
-93
-266
48
-38
-53
269
83
-22
264
-10
-267
13
82
-30
243
141
-132
193
78
-182
-50
-93
-107
406
274
-306
-14
597
192
-483
47
248
102
216
177
12
37
-15
268
114
-321
-232
100
650
455
-449
-269
264
199
242
-48
-294
190
324
77
141
-241
-184
185
112
-18
-142
153
110
-46
151
-159
-259
320
159
-318
-44
290
169
-313
-174
187
-172
-261
85
62
161
-124
-223
75
87
-193
-143
320
336
-35
-112
28
-139
-134
-62
16
170
-104
-215
-32
-73
-140
-418
-79
211
-205
-281
-9
10
79
-299
-280
28
-144
-1
66
-69
-239
-395
-305
51
71
-88
-254
-82
196
14
-163
-158
-150
-136
45
232
17
-554
-228
31
-66
146
87
-355
-469
67
119
-122
-93
-34
-238
-41
262
-111
-317
-38
121
99
159
-135
-527
-42
233
-103
3
169
-373
-178
415
61
-111
60
-219
-43
635
11
-485
124
151
-3
249
12
-206
223
525
244
-125
113
363
222
261
350
527
574
273
-25
348
623
542
261
548
615
278
476
509
568
618
409
369
698
705
196
448
910
361
46
733
1136
276
187
600
860
868
367
139
483
1119
748
358
706
681
224
591
1232
353
163
979
853
564
819
634
215
628
609
364
866
793
140
315
938
526
407
436
332
647
937
764
283
153
494
754
615
682
475
457
771
710
749
548
303
454
975
920
360
359
647
682
750
730
582
602
242
595
1108
546
-48
310
901
992
656
165
370
717
588
519
503
324
108
636
992
548
69
230
622
693
643
515
390
473
643
726
665
526
304
595
1022
769
528
720
684
566
700
778
701
688
429
472
996
802
294
286
497
622
810
655
238
113
413
645
479
102
63
343
513
374
115
135
30
226
424
183
-54
38
207
409
324
-95
70
362
316
228
279
156
6
169
358
346
146
138
179
386
386
177
248
273
223
419
408
203
256
223
393
564
452
281
327
440
255
444
579
306
169
474
640
411
498
627
442
328
674
796
648
493
262
542
1037
898
350
443
844
728
638
763
559
235
569
1012
818
256
117
573
683
502
405
114
164
327
77
79
261
-219
-524
21
155
-267
-421
-420
-398
-334
-514
-574
-315
-601
-768
-338
-439
-996
-753
-484
-720
-763
-847
-904
-957
-883
-810
-769
-827
-976
-974
-795
-919
-1037
-858
-659
-597
-810
-858
-597
-302
-293
-352
-136
-119
-63
183
340
302
447
668
777
820
823
932
1119
1247
1130
1218
1218
1110
1124
1302
1457
1265
1127
1088
1029
1091
1104
961
781
623
597
721
642
517
425
236
205
302
86
-92
-24
93
101
41
-95
-334
-351
-192
-297
-473
-213
-326
-568
-414
-568
-430
-432
-930
-884
-548
-717
-745
-597
-1110
-1409
-1135
-700
-1066
-1672
-1517
-1384
-1384
-1579
-1835
-1524
-1258
-1856
-2354
-1908
-1022
-905
-1571
-1647
-1097
-674
-519
-502
-570
-282
242
601
570
281
252
739
1270
1266
970
819
1028
1373
1467
1360
1124
1013
1152
1123
1071
985
803
761
589
531
523
238
78
39
14
30
-115
-296
-242
-280
-286
-243
-274
-380
-286
-86
32
62
-121
-66
154
387
302
268
399
444
611
681
601
552
619
719
837
744
560
418
546
647
296
52
104
131
-4
-200
-535
-592
-580
-742
-1027
-1098
-1154
-1307
-1370
-1631
-1720
-1774
-1815
-1844
-1686
-1886
-2191
-2196
-2248
-2245
-2072
-1667
-1781
-2271
-2707
-2380
-1212
-840
-1808
-2259
-1378
-634
-445
-706
-857
-515
-10
435
611
453
112
403
1216
1511
1046
674
956
1542
1739
1545
1387
1334
1294
1329
1471
1389
1172
1025
932
946
810
491
393
385
368
217
-29
-282
-457
-302
-172
-303
-550
-729
-694
-448
-360
-481
-575
-580
-388
-137
-132
-328
-194
13
154
149
55
159
367
467
456
543
513
362
457
513
390
231
244
295
205
14
-52
-34
-252
-420
-513
-496
-631
-874
-884
-1000
-1162
-1066
-1384
-1630
-1371
-1448
-1732
-1754
-1754
-1990
-2216
-2091
-1557
-1327
-1952
-2778
-2688
-1289
-548
-1376
-2251
-1972
-927
-247
-302
-636
-657
-223
488
957
865
434
515
1309
1915
1623
1074
1012
1518
2003
1904
1574
1257
1195
1264
1318
1390
1072
706
629
778
651
320
28
-59
-31
-215
-475
-659
-700
-664
-738
-789
-831
-1060
-1072
-862
-666
-718
-881
-874
-692
-439
-386
-323
-206
-42
144
137
165
308
482
534
613
653
614
700
789
741
558
472
482
402
215
166
190
23
-201
-286
-392
-658
-749
-728
-895
-1043
-1314
-1493
-1435
-1510
-1553
-1656
-1916
-2111
-2178
-2232
-2159
-1755
-1638
-2152
-2729
-2712
-1801
-957
-1366
-2313
-2046
-1076
-641
-758
-957
-900
-557
50
399
338
28
55
732
1387
1123
565
563
1003
1469
1468
1176
965
942
975
1110
1175
895
534
519
607
507
298
112
62
56
-70
-292
-511
-642
-492
-334
-499
-795
-1023
-998
-666
-434
-551
-754
-740
-573
-266
-105
-227
-324
-62
192
106
83
78
256
467
446
341
287
344
441
459
428
219
94
152
119
-28
-277
-505
-486
-405
-583
-1103
-1352
-1286
-1259
-1356
-1591
-1730
-1820
-1780
-1749
-1914
-2187
-2405
-2493
-2165
-1643
-1898
-2779
-3104
-2489
-1380
-1189
-2029
-2494
-1833
-913
-611
-879
-1137
-843
-181
460
629
303
179
590
1308
1571
1158
749
1008
1614
1842
1586
1250
1074
1198
1412
1434
1282
1010
856
911
892
734
446
260
236
157
7
-212
-439
-488
-378
-380
-498
-719
-867
-707
-392
-313
-507
-579
-458
-196
14
28
-23
22
253
438
402
449
542
634
661
682
640
535
633
631
640
523
365
302
358
184
-142
-269
-323
-465
-628
-786
-962
-1025
-1155
-1281
-1270
-1437
-1642
-1558
-1485
-1688
-1863
-1830
-1758
-2012
-2131
-1525
-1127
-1722
-2490
-2446
-1329
-461
-1086
-1990
-1705
-705
-202
-248
-511
-576
-229
430
862
657
329
402
1051
1574
1288
774
825
1372
1694
1677
1428
1193
1154
1303
1446
1386
1116
951
897
976
883
616
454
386
470
345
145
-27
-154
-173
-219
-229
-208
-334
-623
-630
-291
-74
-235
-442
-476
-268
-84
-2
9
4
45
171
432
499
427
450
653
788
799
763
796
885
802
828
919
857
703
586
610
654
443
211
143
158
21
-164
-353
-480
-479
-521
-680
-800
-924
-1075
-1054
-1008
-1168
-1556
-1638
-1620
-1761
-1913
-1571
-998
-1359
-2461
-2762
-1726
-505
-640
-1982
-2279
-1172
-201
-128
-675
-964
-591
92
704
910
441
113
668
1629
1736
1063
755
1284
1917
2084
1834
1517
1372
1482
1749
1885
1616
1149
1012
1253
1366
1100
743
615
746
659
354
217
203
190
138
10
-250
-459
-441
-214
-152
-342
-633
-683
-437
-170
-203
-360
-283
-2
177
240
258
327
521
692
758
731
662
821
1016
1009
868
687
819
994
948
741
654
715
676
489
364
256
269
266
152
-110
-383
-398
-320
-367
-570
-825
-978
-983
-1003
-1197
-1445
-1564
-1488
-996
-850
-1573
-2313
-1911
-727
-350
-1264
-1947
-1319
-324
-69
-336
-514
-403
-45
487
932
793
410
618
1457
1921
1590
1121
1291
1869
2185
2130
1936
1742
1700
1852
2085
1993
1652
1459
1575
1717
1504
1230
1088
1084
1042
914
726
563
430
324
259
328
236
-158
-342
-104
286
177
-289
-434
-83
187
259
196
85
151
410
735
790
594
542
767
1042
1066
987
1066
1184
1268
1191
1143
1192
1154
1110
1145
1141
1009
948
893
886
747
560
485
438
354
190
52
-55
-87
-158
-330
-522
-595
-693
-826
-852
-920
-1292
-1592
-1678
-1156
-654
-1292
-2448
-2592
-1352
-362
-925
-2155
-2156
-1000
-279
-390
-855
-944
-457
263
810
649
207
211
1089
1908
1592
889
883
1652
2240
2148
1822
1683
1750
2038
2172
2118
1905
1671
1681
1801
1736
1401
1144
1243
1274
980
621
448
445
385
298
189
-15
-395
-579
-316
71
-82
-603
-830
-566
-151
29
-117
-311
-270
35
425
599
426
342
657
1082
1134
943
1010
1299
1536
1524
1366
1318
1354
1498
1643
1483
1247
1123
1148
1247
1121
866
664
609
571
443
213
29
-31
-111
-277
-476
-639
-775
-820
-1017
-1257
-1421
-1541
-1784
-1933
-1695
-1265
-1476
-2432
-2928
-2234
-1062
-973
-1988
-2458
-1793
-867
-571
-801
-978
-807
-289
385
594
325
141
589
1425
1596
1135
921
1393
2024
2191
1978
1795
1766
1909
2120
2205
1967
1632
1590
1765
1757
1471
1145
1079
1092
883
614
398
288
192
104
-131
-322
-424
-522
-596
-500
-484
-682
-816
-714
-490
-396
-461
-488
-292
-87
44
140
182
365
602
766
869
849
930
1153
1295
1274
1182
1191
1341
1448
1399
1230
1074
1059
1108
1114
920
650
447
311
333
140
-93
-305
-423
-484
-648
-898
-1054
-1108
-1349
-1550
-1740
-1837
-1972
-2203
-2270
-2212
-1989
-1878
-2308
-2855
-2767
-1936
-1317
-1714
-2360
-2118
-1187
-569
-669
-879
-656
-227
280
708
761
593
681
1343
1864
1735
1320
1369
2023
2402
2164
1874
1940
2001
2096
2096
2011
1721
1520
1588
1624
1411
963
808
778
684
311
-49
-114
-155
-233
-412
-661
-902
-952
-756
-723
-903
-1061
-1081
-848
-670
-613
-666
-614
-452
-199
-49
-50
0
222
545
646
623
629
778
1051
1246
1194
1017
936
1123
1331
1262
1070
880
883
871
745
600
479
323
115
45
-39
-228
-432
-551
-640
-828
-997
-1106
-1108
-1186
-1406
-1578
-1661
-1789
-2001
-2109
-2062
-2187
-2365
-2060
-1839
-2331
-3001
-2736
-1684
-1254
-1839
-2403
-1936
-1069
-741
-840
-816
-663
-451
98
666
661
242
319
1002
1474
1196
865
1173
1713
1849
1662
1583
1541
1544
1561
1680
1561
1182
952
1034
1084
781
320
174
144
86
-189
-498
-546
-690
-775
-886
-1050
-1309
-1479
-1354
-1195
-1258
-1469
-1541
-1396
-1121
-878
-835
-869
-772
-575
-260
-121
-43
26
228
440
609
675
680
868
1053
1073
995
950
1001
1147
1143
1008
827
784
684
676
592
405
201
43
-77
-313
-525
-646
-718
-856
-1076
-1258
-1347
-1462
-1561
-1729
-1913
-1919
-1979
-2189
-2289
-2329
-2436
-2596
-2730
-2598
-2180
-2205
-2808
-3265
-2696
-1697
-1551
-2352
-2731
-2050
-1226
-915
-1157
-1310
-1123
-616
-22
326
39
-313
42
800
1061
591
321
695
1235
1220
943
877
939
878
887
942
756
419
298
452
454
45
-301
-347
-317
-478
-802
-927
-912
-981
-1092
-1201
-1363
-1502
-1578
-1437
-1218
-1241
-1501
-1485
-1269
-1068
-987
-979
-960
-840
-572
-299
-229
-227
-142
52
303
378
304
326
561
722
638
550
466
520
597
538
411
275
158
36
23
-91
-282
-425
-494
-676
-829
-967
-1100
-1089
-1164
-1390
-1615
-1759
-1759
-1777
-1979
-2155
-2157
-2097
-2199
-2303
-2385
-2451
-2471
-2553
-2721
-2789
-2424
-2000
-2108
-2808
-3160
-2455
-1491
-1556
-2371
-2495
-1736
-1127
-972
-1106
-1144
-980
-499
83
299
48
-127
402
1081
1039
586
624
1100
1469
1354
1184
1161
1145
1137
1230
1314
1064
752
779
993
849
407
262
327
272
-60
-322
-362
-396
-517
-675
-686
-825
-989
-1082
-925
-758
-792
-923
-957
-792
-600
-499
-414
-399
-337
-146
139
280
335
366
470
682
841
894
994
1121
1162
1157
1107
1140
1183
1131
1079
1061
965
852
709
603
564
471
281
144
-19
-114
-190
-279
-441
-705
-776
-767
-818
-1006
-1140
-1135
-1204
-1342
-1456
-1474
-1454
-1480
-1572
-1650
-1708
-1739
-1823
-1807
-1852
-1959
-1754
-1528
-1726
-2276
-2280
-1564
-1063
-1389
-1844
-1660
-983
-566
-625
-643
-575
-332
84
513
623
446
389
824
1296
1169
899
955
1381
1609
1469
1397
1410
1396
1394
1302
1171
1039
945
902
869
632
276
117
163
28
-256
-532
-618
-624
-750
-936
-1043
-1047
-1005
-976
-1129
-1098
-957
-821
-755
-731
-670
-469
-255
-84
18
102
260
477
700
808
865
1016
1201
1271
1438
1487
1482
1447
1482
1529
1536
1448
1338
1304
1280
1156
914
719
607
531
414
237
42
-133
-287
-349
-413
-633
-896
-958
-952
-989
-1138
-1184
-1268
-1311
-1300
-1379
-1375
-1419
-1472
-1512
-1439
-1371
-1460
-1613
-1624
-1481
-1433
-1347
-1116
-1106
-1433
-1692
-1317
-710
-661
-1103
-1240
-738
-175
-123
-252
-141
94
361
633
909
854
788
1032
1459
1604
1290
1199
1515
1902
1798
1599
1610
1576
1522
1486
1437
1286
1100
1010
1054
917
536
343
368
350
172
-147
-240
-259
-258
-317
-428
-447
-540
-538
-389
-209
-221
-350
-322
-78
75
164
296
408
475
643
818
989
1012
1039
1138
1311
1449
1425
1363
1417
1479
1529
1521
1395
1275
1171
1204
1190
1077
801
563
505
498
314
49
-133
-252
-377
-513
-637
-773
-953
-1007
-1072
-1195
-1298
-1351
-1381
-1269
-1238
-1522
-1635
-1372
-1222
-1253
-1315
-1374
-1274
-1186
-1121
-1142
-1169
-1101
-1070
-1046
-1026
-951
-666
-490
-789
-1140
-836
-234
-56
-374
-582
-289
179
429
403
362
402
605
927
1172
1037
758
907
1279
1395
1104
952
1090
1271
1242
1156
981
897
841
846
949
834
629
503
634
640
450
293
274
254
199
142
125
29
-64
-3
50
-9
-107
63
203
208
174
194
397
389
399
528
650
719
660
760
918
976
1040
1133
1181
1079
1093
1213
1167
1180
1156
1081
1026
931
876
892
803
629
453
425
350
187
135
80
-66
-226
-176
-177
-257
-344
-389
-412
-486
-618
-575
-326
-371
-598
-598
-462
-440
-400
-276
-290
-360
-281
-65
48
-46
-186
-192
-23
32
-134
-253
-210
-249
-317
-407
-413
-311
-322
-606
-868
-645
-338
-302
-564
-697
-518
-286
-198
-272
-284
-137
-70
141
313
220
86
286
705
766
560
518
824
1090
1130
1172
1204
1283
1326
1339
1464
1483
1357
1369
1500
1479
1299
1159
1255
1340
1201
1009
958
924
835
723
654
599
479
437
300
220
262
358
322
141
56
130
303
284
206
117
142
256
338
325
286
246
323
468
508
513
447
499
585
585
552
595
682
666
661
672
687
639
601
656
689
619
518
536
612
516
336
332
446
296
246
274
185
142
184
268
155
177
122
64
117
95
-116
-191
9
2
-74
-155
-277
-335
-282
-296
-454
-581
-630
-673
-664
-786
-892
-715
-724
-1076
-1208
-830
-419
-413
-766
-869
-488
-94
37
91
155
213
432
830
1090
977
914
1305
1665
1616
1450
1489
1834
2014
1900
1855
1848
1808
1825
1898
1944
1741
1465
1389
1402
1321
1022
868
840
651
380
185
64
-49
-238
-396
-542
-679
-772
-761
-850
-951
-935
-911
-851
-819
-747
-662
-545
-430
-381
-314
-120
127
309
410
486
620
800
907
1064
1206
1293
1366
1367
1369
1466
1529
1489
1397
1301
1237
1245
1167
1076
939
812
718
671
529
355
337
196
22
3
-33
-200
-328
-391
-459
-452
-510
-598
-620
-600
-503
-510
-532
-658
-600
-393
-309
-412
-583
-536
-330
-217
-276
-501
-557
-406
-267
-342
-487
-535
-337
-48
-170
-646
-738
-195
189
-109
-517
-417
36
302
280
217
248
291
441
773
849
567
477
849
1184
1054
771
806
1040
1102
987
874
841
651
524
604
629
322
49
75
239
104
-214
-244
-239
-254
-451
-525
-524
-568
-573
-560
-551
-608
-662
-549
-310
-263
-310
-324
-88
134
81
40
228
531
689
654
734
927
1008
1015
1123
1189
1110
1170
1228
1230
1169
1035
1085
1100
1023
926
897
911
749
565
554
559
420
267
153
108
104
119
119
43
17
37
105
142
83
-1
58
168
201
178
201
221
253
293
282
358
300
230
267
290
265
207
123
91
60
59
34
-125
-253
-216
-286
-439
-510
-707
-834
-786
-645
-613
-1034
-1525
-1422
-791
-428
-767
-1241
-1069
-529
-371
-466
-432
-326
-207
56
407
467
174
158
605
990
790
475
691
1099
1171
985
986
1091
1066
966
1045
1148
981
792
866
989
835
576
546
718
665
472
402
456
390
268
251
290
203
26
22
107
99
-84
-195
-77
54
-15
-159
-179
-59
46
42
25
9
77
249
310
275
223
261
533
760
702
589
641
868
1018
1057
1010
1007
1112
1277
1323
1332
1318
1319
1401
1464
1387
1315
1272
1337
1339
1265
1185
1053
1047
1026
932
816
711
630
609
580
458
324
210
126
113
66
-94
-253
-324
-351
-360
-481
-684
-811
-734
-713
-792
-877
-992
-1085
-1059
-994
-1087
-1087
-1110
-1087
-1100
-1011
-685
-659
-1082
-1400
-901
-179
-133
-647
-794
-215
301
310
276
328
418
602
973
1270
1041
758
1027
1540
1504
1056
910
1295
1605
1392
1155
1098
1073
966
1008
1108
850
488
439
646
608
171
-108
-5
83
-114
-388
-381
-372
-503
-536
-468
-483
-622
-595
-403
-229
-279
-434
-380
-176
-42
29
90
183
266
340
499
670
786
786
856
1031
1073
1057
1069
1156
1219
1175
1150
1201
1218
1146
1116
1129
1052
905
878
877
797
714
627
555
476
330
263
236
202
100
-38
-67
-91
-143
-225
-288
-291
-326
-331
-368
-381
-350
-411
-426
-418
-425
-342
-313
-360
-404
-439
-455
-390
-383
-422
-444
-427
-426
-406
-361
-385
-493
-507
-474
-452
-494
-554
-663
-688
-713
-514
-287
-548
-1029
-1022
-505
-162
-403
-883
-865
-426
-176
-285
-437
-462
-376
-153
164
281
-77
-223
114
485
364
84
108
432
671
547
536
524
469
528
703
774
630
458
569
780
670
455
469
557
486
304
228
265
218
135
55
-12
-85
-198
-198
-169
-169
-291
-398
-434
-470
-450
-524
-601
-652
-702
-602
-459
-433
-545
-564
-395
-249
-175
-103
-53
-8
105
292
381
349
403
486
548
625
651
664
675
689
764
802
727
723
764
774
739
664
679
673
610
482
429
366
304
263
186
81
-20
-53
-53
-168
-255
-353
-408
-427
-491
-540
-584
-594
-711
-759
-771
-778
-886
-956
-954
-1020
-1043
-1085
-1120
-1160
-1162
-1169
-1129
-1168
-1172
-1183
-1228
-1166
-925
-981
-1348
-1387
-1049
-610
-671
-982
-1005
-587
-296
-332
-299
-172
-97
48
316
468
356
200
456
748
716
519
531
796
947
730
676
732
643
579
589
618
489
299
244
357
205
-35
-90
1
-99
-365
-448
-477
-523
-648
-737
-718
-773
-811
-795
-737
-667
-672
-720
-711
-608
-401
-185
-175
-240
-208
7
226
267
277
291
397
558
669
678
642
677
810
912
806
734
811
896
872
712
600
584
564
432
368
311
134
41
40
10
-140
-288
-257
-233
-257
-410
-476
-457
-481
-550
-626
-669
-697
-676
-661
-606
-657
-673
-642
-555
-535
-625
-645
-513
-408
-449
-428
-449
-467
-443
-376
-406
-461
-501
-567
-532
-536
-699
-737
-770
-857
-904
-893
-854
-933
-1158
-1242
-1054
-749
-858
-1190
-1213
-910
-746
-764
-783
-832
-791
-664
-398
-359
-480
-506
-284
-25
-39
-211
-198
68
185
174
188
230
263
321
331
384
342
257
319
363
327
256
184
240
245
148
67
59
70
5
-32
-73
-158
-227
-237
-193
-212
-328
-404
-379
-264
-229
-316
-366
-314
-223
-232
-171
-159
-215
-181
-51
-3
-99
-180
-116
36
24
-78
-49
-44
-29
-11
-16
2
-13
-35
-8
54
-11
-35
17
52
68
15
24
90
69
56
49
83
59
94
160
161
146
99
111
149
114
106
52
17
-47
-76
-113
-160
-263
-376
-405
-515
-653
-760
-796
-838
-951
-993
-1074
-1175
-1234
-1224
-1305
-1445
-1506
-1533
-1583
-1664
-1671
-1634
-1488
-1442
-1513
-1651
-1538
-1282
-1148
-1196
-1231
-972
-671
-504
-483
-427
-332
-171
27
235
269
279
434
674
852
762
694
792
971
970
937
955
924
834
774
765
674
561
449
516
436
299
196
134
93
-32
-173
-217
-338
-402
-397
-345
-414
-581
-695
-691
-586
-637
-712
-746
-711
-704
-623
-537
-503
-548
-499
-413
-336
-339
-291
-191
-96
-32
-30
2
67
173
154
163
125
147
260
301
398
406
369
432
409
419
427
382
380
353
362
366
281
287
313
261
167
68
57
49
12
-2
-78
-190
-207
-282
-249
-321
-433
-487
-563
-560
-644
-701
-746
-838
-836
-827
-886
-921
-981
-1006
-982
-998
-1028
-1082
-1063
-1024
-971
-913
-907
-885
-874
-868
-770
-661
-648
-655
-678
-553
-375
-261
-337
-329
-264
-90
20
21
92
76
128
277
372
405
332
332
470
534
436
408
489
538
526
450
388
319
230
251
238
157
70
24
71
-13
-136
-167
-149
-197
-315
-312
-189
-259
-348
-372
-306
-296
-298
-286
-291
-246
-206
-211
-158
-158
-161
-81
-27
4
-87
-1
91
127
144
171
212
235
257
235
331
342
308
303
340
346
313
349
374
330
274
194
193
193
190
184
157
108
86
113
62
-9
-32
-58
-84
-102
-206
-278
-262
-298
-320
-297
-351
-375
-365
-363
-407
-446
-529
-486
-455
-475
-580
-567
-546
-547
-539
-602
-622
-690
-688
-670
-696
-733
-748
-737
-708
-747
-737
-684
-702
-709
-693
-718
-716
-664
-646
-671
-614
-592
-531
-392
-392
-406
-362
-274
-204
-152
-118
-101
-63
36
112
169
205
202
246
306
335
330
349
397
379
437
426
358
357
361
340
274
251
186
159
126
53
62
80
-9
-75
-89
-102
-114
-141
-165
-229
-259
-289
-291
-305
-358
-400
-429
-366
-405
-432
-391
-385
-373
-343
-281
-275
-297
-270
-217
-175
-213
-168
-93
-35
6
-4
28
49
75
85
78
93
104
68
87
82
110
141
138
107
57
43
43
36
6
21
-21
-131
-187
-200
-210
-326
-410
-431
-471
-475
-525
-524
-572
-632
-648
-647
-590
-639
-687
-708
-749
-725
-710
-720
-729
-750
-747
-708
-700
-704
-766
-779
-734
-621
-604
-617
-640
-558
-471
-465
-486
-493
-407
-372
-348
-352
-337
-327
-217
-122
-169
-212
-152
-89
13
59
85
99
151
289
364
335
268
309
353
371
342
240
187
256
282
336
354
315
248
169
197
123
61
-2
-7
-64
-206
-255
-315
-351
-406
-420
-442
-448
-521
-529
-491
-515
-444
-456
-461
-465
-424
-346
-287
-238
-299
-292
-223
-97
-41
-51
1
56
88
162
114
23
18
119
141
127
94
19
64
119
118
26
-7
-51
-41
-42
-131
-269
-361
-337
-351
-351
-461
-549
-520
-409
-474
-577
-569
-562
-555
-487
-478
-533
-528
-542
-496
-487
-547
-575
-565
-495
-419
-393
-438
-462
-408
-324
-277
-331
-394
-397
-295
-258
-237
-309
-361
-346
-256
-206
-278
-328
-378
-331
-279
-366
-359
-411
-362
-299
-327
-334
-412
-405
-300
-228
-313
-314
-295
-249
-255
-276
-238
-190
-133
-99
-31
-36
-53
-5
40
61
53
17
85
112
117
140
59
17
44
40
16
-2
-43
-54
-72
-76
-128
-140
-148
-123
-90
-181
-200
-240
-223
-207
-180
-231
-270
-276
-274
-259
-303
-329
-331
-325
-281
-333
-359
-390
-326
-270
-357
-368
-351
-266
-233
-270
-270
-280
-267
-243
-276
-273
-249
-172
-93
-137
-191
-194
-191
-96
-28
-6
-58
-104
-49
-41
-16
5
-88
-149
-117
-86
-85
-143
-194
-221
-256
-202
-229
-348
-388
-386
-353
-370
-425
-492
-568
-555
-492
-573
-640
-654
-624
-633
-620
-722
-714
-696
-688
-667
-764
-700
-611
-582
-573
-561
-582
-520
-396
-364
-347
-296
-207
-271
-240
-136
-135
-166
-105
-86
-65
-45
-91
-53
-34
-10
-49
-60
-28
16
12
32
-40
-65
-84
-73
-40
-68
-90
-97
-81
-190
-252
-267
-308
-326
-370
-434
-411
-421
-420
-480
-498
-561
-554
-506
-550
-502
-514
-550
-548
-532
-547
-564
-562
-533
-509
-511
-485
-517
-478
-474
-411
-333
-336
-359
-278
-184
-177
-209
-203
-137
-27
46
-30
-50
1
-26
-24
-19
-69
-151
-147
-127
-155
-132
-202
-258
-217
-157
-200
-244
-307
-334
-316
-340
-458
-537
-584
-475
-450
-526
-584
-650
-612
-560
-546
-570
-605
-582
-497
-477
-490
-548
-585
-579
-502
-492
-506
-580
-512
-433
-451
-435
-410
-420
-415
-292
-275
-343
-348
-337
-273
-239
-271
-290
-281
-246
-234
-267
-238
-276
-353
-319
-283
-316
-405
-425
-369
-400
-470
-493
-475
-475
-438
-439
-516
-503
-431
-414
-402
-385
-392
-365
-280
-241
-274
-284
-293
-307
-293
-310
-357
-283
-299
-307
-279
-237
-218
-243
-218
-224
-198
-201
-204
-219
-181
-223
-264
-267
-247
-288
-350
-286
-291
-365
-401
-390
-413
-394
-350
-355
-363
-359
-328
-306
-254
-237
-309
-342
-241
-257
-296
-349
-360
-322
-267
-312
-399
-368
-324
-351
-367
-355
-410
-429
-364
-342
-370
-378
-400
-448
-403
-384
-456
-475
-456
-399
-413
-466
-518
-480
-442
-401
-365
-368
-332
-375
-399
-386
-354
-364
-364
-366
-398
-381
-423
-419
-420
-427
-452
-486
-432
-428
-467
-423
-517
-520
-491
-556
-558
-569
-588
-603
-497
-493
-528
-513
-478
-470
-442
-412
-438
-413
-353
-296
-239
-227
-197
-150
-104
-70
-29
21
49
-2
-14
58
105
98
104
100
113
49
-22
-4
-64
-80
-151
-195
-220
-259
-308
-313
-360
-404
-466
-418
-457
-502
-509
-599
-579
-554
-586
-632
-625
-595
-558
-553
-542
-577
-495
-448
-397
-377
-397
-348
-289
-229
-175
-162
-99
-54
-34
54
-2
-44
-20
34
43
11
20
29
30
46
9
-57
-71
-122
-120
-138
-213
-190
-302
-334
-321
-268
-242
-356
-396
-448
-348
-355
-405
-543
-579
-542
-512
-473
-507
-507
-528
-498
-454
-487
-542
-517
-479
-450
-382
-373
-366
-402
-356
-378
-294
-285
-339
-294
-300
-270
-271
-296
-284
-208
-140
-111
-185
-180
-156
-152
-98
-108
-151
-176
-148
-99
-143
-134
-85
-75
-71
-84
-124
-171
-169
-181
-170
-157
-184
-169
-237
-229
-237
-258
-229
-280
-336
-352
-339
-344
-358
-340
-392
-390
-402
-372
-386
-392
-395
-351
-341
-400
-404
-389
-341
-344
-305
-305
-304
-203
-167
-128
-114
-76
-38
-45
-30
-14
-27
-39
-3
-45
-54
-75
-54
-23
-35
-54
-143
-147
-157
-191
-229
-249
-180
-186
-210
-269
-297
-345
-331
-340
-339
-361
-384
-389
-393
-384
-441
-399
-371
-327
-262
-275
-311
-272
-250
-241
-193
-167
-274
-246
-181
-114
-155
-186
-174
-178
-138
-126
-56
-68
-97
-60
-21
-71
-163
-182
-181
-215
-232
-289
-290
-267
-259
-264
-274
-267
-318
-329
-300
-324
-308
-339
-343
-300
-241
-219
-256
-261
-256
-255
-279
-269
-268
-240
-266
-247
-242
-240
-202
-231
-193
-156
-171
-163
-136
-158
-147
-184
-165
-168
-151
-106
-93
-128
-110
-95
-156
-88
-81
-108
-98
-125
-108
-66
-93
-103
-67
-51
-64
-99
-85
-66
-117
-164
-179
-188
-168
-165
-137
-164
-204
-182
-217
-197
-258
-299
-300
-232
-216
-247
-240
-212
-206
-204
-166
-141
-183
-172
-149
-168
-165
-154
-107
-127
-106
-62
-26
21
-5
-27
-34
9
86
93
34
-25
1
5
32
4
-32
-77
-118
-78
-33
-152
-202
-194
-194
-189
-214
-235
-232
-263
-313
-313
-296
-381
-419
-431
-446
-380
-398
-392
-388
-361
-365
-296
-271
-264
-293
-299
-301
-272
-209
-232
-199
-193
-165
-189
-146
-89
-138
-122
-70
-54
-92
-110
-66
-58
-14
39
10
-25
17
21
37
43
-19
-5
-29
-12
-41
-106
-152
-243
-197
-204
-240
-271
-290
-246
-208
-226
-242
-228
-265
-271
-275
-257
-288
-341
-304
-216
-205
-250
-313
-332
-271
-259
-208
-197
-219
-177
-135
-83
-143
-114
-98
-86
-62
-128
-99
-56
-85
-39
-72
-83
-25
-105
-126
-106
-79
-153
-117
-115
-112
-103
-160
-113
-148
-151
-174
-152
-143
-132
-122
-148
-155
-256
-223
-293
-323
-262
-268
-271
-348
-341
-297
-277
-271
-298
-289
-277
-271
-205
-207
-240
-195
-207
-207
-206
-270
-205
-227
-181
-151
-229
-214
-205
-173
-170
-171
-180
-127
-123
-104
-93
-121
-130
-121
-151
-121
-132
-172
-178
-171
-190
-206
-192
-169
-183
-189
-185
-200
-185
-150
-131
-145
-125
-161
-137
-133
-97
-124
-142
-104
-89
-80
-88
-71
-81
-49
-78
-127
-113
-103
-83
-88
-108
-95
-54
24
8
34
49
27
7
-38
4
-29
12
-2
-14
-65
-87
-54
-52
-45
-112
-143
-182
-176
-168
-165
-107
-114
-114
-170
-170
-137
-130
-126
-151
-83
-95
-114
-111
-132
-132
-124
-118
-151
-123
-84
-72
-100
-91
-97
-73
-66
-41
-5
-23
-31
-4
-49
-103
-106
-118
-135
-144
-122
-172
-185
-205
-221
-245
-203
-202
-252
-253
-226
-248
-213
-275
-270
-239
-306
-301
-245
-215
-279
-218
-212
-186
-194
-170
-190
-197
-109
-169
-144
-126
-111
-79
-51
-53
-12
-35
0
9
-4
40
19
50
80
108
102
79
120
115
119
148
119
71
55
115
22
67
60
-4
-32
-30
9
-60
-38
-55
-59
-97
-86
-84
-91
-92
-137
-122
-117
-110
-193
-172
-181
-195
-175
-218
-209
-190
-249
-239
-164
-194
-185
-179
-199
-173
-121
-148
-140
-99
-39
0
8
6
-14
38
25
3
37
45
50
51
63
82
32
61
86
72
42
-7
20
5
38
16
-15
-23
-60
-57
-117
-98
-110
-98
-164
-135
-160
-218
-215
-269
-200
-185
-143
-155
-152
-115
-109
-105
-65
-61
-66
-49
-77
-62
-3
-10
-8
-34
-40
-52
-6
-1
-32
-15
-27
26
8
32
17
-4
-1
7
-24
-55
-75
-114
-100
-87
-51
-110
-128
-105
-40
-79
-76
-113
-110
-116
-148
-109
-155
-112
-110
-109
-159
-152
-188
-232
-174
-188
-180
-162
-179
-210
-193
-159
-199
-200
-176
-164
-116
-116
-149
-111
-101
-150
-136
-127
-130
-104
-116
-109
-74
-64
-71
-42
-76
-40
-32
-31
-22
-42
13
-18
-39
-19
-14
6
21
-6
26
13
16
9
-35
-52
-51
-61
-49
-18
0
4
-29
-22
-55
-51
-30
-36
-27
-50
-113
-113
-84
-71
-45
-111
-86
-66
-66
-15
-11
-31
-69
-43
-33
-22
-59
-68
-65
-81
-69
-106
-64
-48
-80
-127
-123
-126
-138
-146
-168
-150
-190
-168
-180
-168
-137
-136
-154
-112
-149
-134
-107
-144
-83
-113
-114
-60
-101
-80
-34
-50
-47
-73
-99
-103
-71
-66
-37
-5
-14
-54
-28
-9
-40
-92
-96
-121
-180
-169
-170
-130
-138
-104
-123
-123
-124
-163
-123
-125
-90
-100
-94
-92
-108
-78
-77
-82
-102
-92
-78
-120
-181
-169
-161
-210
-222
-215
-192
-183
-178
-129
-152
-165
-150
-146
-187
-193
-135
-163
-209
-215
-169
-158
-185
-181
-185
-138
-130
-145
-92
-81
-72
-24
-34
-32
-24
3
58
26
98
63
31
-31
-52
-38
-50
-59
-22
-59
-52
-57
-46
-27
-83
-53
-109
-142
-139
-150
-165
-125
-157
-192
-183
-139
-181
-209
-189
-209
-190
-150
-129
-193
-194
-160
-150
-163
-130
-118
-96
-149
-154
-152
-188
-168
-188
-165
-183
-156
-193
-231
-242
-257
-222
-210
-257
-246
-236
-241
-248
-238
-201
-170
-142
-73
-55
-72
-6
2
9
-2
-32
43
55
24
51
86
69
82
88
54
123
87
91
68
72
29
6
4
-41
21
-36
-32
6
-13
-26
16
26
61
32
62
35
50
89
73
108
120
78
49
94
102
109
84
67
56
35
40
74
77
37
24
37
32
50
43
12
-35
-28
-32
-100
-109
-146
-167
-150
-179
-166
-150
-158
-198
-204
-180
-209
-188
-176
-173
-199
-244
-207
-203
-218
-153
-158
-121
-112
-110
-106
-73
-18
-3
5
14
-4
-11
-36
-56
-26
-51
-76
-78
-98
-98
-113
-120
-112
-133
-144
-139
-182
-171
-143
-192
-223
-206
-215
-204
-189
-130
-142
-148
-122
-128
-119
-81
-57
-55
-14
6
44
55
106
114
120
153
149
128
140
94
113
139
130
84
93
103
63
79
63
103
51
-34
-39
-29
-57
-50
-119
-131
-108
-83
-107
-142
-174
-199
-288
-298
-318
-320
-294
-295
-302
-308
-273
-323
-278
-255
-204
-203
-219
-212
-205
-194
-190
-213
-159
-142
-137
-125
-113
-88
-90
-105
-161
-146
-129
-131
-122
-106
-105
-83
-59
-65
-47
-22
-105
-122
-98
-81
-76
-102
-95
-133
-118
-96
-76
-56
-110
-77
-71
-70
-130
-130
-140
-164
-151
-158
-135
-178
-142
-213
-206
-206
-210
-215
-214
-171
-201
-177
-188
-141
-119
-126
-104
-105
-57
-48
-59
-40
-89
-54
-73
-53
-73
-92
-97
-115
-76
-93
-73
-79
-93
-82
-94
-112
-64
-43
-89
-87
-67
-117
-159
-188
-215
-206
-194
-176
-194
-178
-129
-154
-147
-74
-41
-56
-31
3
19
8
-15
-2
8
74
91
58
122
110
60
71
64
39
63
52
60
30
44
71
14
24
54
82
43
39
44
26
82
57
110
150
197
214
223
202
166
185
165
215
196
192
180
197
222
202
207
241
210
227
187
136
115
86
79
53
84
82
42
46
47
78
49
18
55
55
56
70
36
70
103
94
101
85
95
47
44
68
110
94
124
137
99
114
131
142
150
191
161
149
152
162
129
129
110
126
143
125
147
133
166
146
147
137
85
101
65
82
132
87
61
53
67
51
75
73
27
-24
-25
23
14
34
71
64
131
175
144
162
157
146
146
152
212
173
153
166
135
145
133
133
133
106
85
146
136
126
118
109
155
170
161
145
186
213
174
177
175
195
177
168
169
179
217
208
254
226
228
218
228
196
196
144
191
216
212
308
293
295
264
262
279
264
311
318
298
300
321
324
351
376
384
398
412
392
378
401
399
363
382
358
314
307
289
324
297
316
287
298
315
312
322
289
269
302
301
292
312
299
293
272
253
222
232
239
264
271
292
340
347
370
391
401
417
389
428
438
396
414
379
416
382
399
387
400
439
435
460
455
522
523
559
529
541
535
523
532
563
493
545
637
620
645
619
610
573
577
580
623
628
624
633
591
620
600
590
601
585
629
631
593
545
576
605
582
569
565
554
541
553
528
555
548
540
584
558
569
589
603
675
674
680
654
652
606
598
619
616
674
615
625
643
623
609
633
625
631
623
586
572
530
508
456
471
447
458
469
448
448
445
452
400
419
453
368
381
406
370
401
378
399
425
412
395
462
455
476
501
500
537
559
571
618
633
623
639
689
692
653
704
685
700
697
685
681
702
715
696
697
707
729
705
701
678
697
707
685
657
618
601
608
555
542
531
474
444
423
444
455
457
511
507
469
457
475
505
493
463
501
512
515
505
558
533
578
588
576
581
640
635
598
625
617
612
586
607
610
597
584
581
570
551
553
504
466
477
458
477
464
531
588
605
570
572
564
547
538
503
513
480
494
471
493
460
445
426
414
410
357
409
390
399
403
429
474
479
480
487
478
475
465
464
487
508
522
544
580
542
559
593
588
548
577
606
623
661
612
579
576
603
593
560
571
540
503
485
504
480
487
484
458
470
494
529
497
527
531
546
537
560
566
556
558
551
577
539
534
511
514
529
513
486
558
575
502
540
527
516
527
512
572
571
590
606
604
674
652
622
610
568
535
533
517
532
519
518
488
498
535
514
541
524
528
549
545
539
542
510
541
557
548
506
522
527
464
461
469
479
521
549
517
561
555
550
578
558
560
502
506
504
435
465
519
499
510
497
487
448
430
419
402
415
398
451
477
486
476
479
512
491
528
517
533
530
525
513
494
499
543
563
531
544
529
547
536
584
633
612
676
686
617
640
642
644
639
617
634
695
633
621
619
610
547
560
547
546
572
550
551
525
549
505
501
481
425
416
396
423
399
388
384
317
349
332
344
319
350
345
359
354
334
343
340
366
321
383
366
327
330
335
356
352
353
335
359
376
368
336
382
371
403
406
350
380
398
419
393
414
413
400
421
445
450
479
492
501
498
525
542
474
497
507
511
503
525
555
544
480
461
448
438
377
388
415
430
443
406
459
412
427
449
381
370
389
410
383
363
411
440
447
450
405
407
442
473
453
403
422
423
452
450
471
519
484
519
541
507
514
500
491
471
492
499
452
463
444
448
427
422
407
400
418
386
377
354
371
340
339
384
367
337
275
283
266
228
268
245
233
297
257
290
290
271
290
281
262
267
303
321
347
330
342
333
320
358
360
323
323
352
335
356
376
310
334
344
311
305
280
306
353
323
305
317
318
311
324
352
374
336
314
322
342
340
306
313
337
339
338
366
328
323
361
342
354
390
389
357
350
302
247
227
210
180
221
194
183
172
112
169
125
88
49
40
47
54
96
123
141
123
161
159
192
193
191
182
186
139
100
102
95
118
110
137
158
180
234
237
285
258
265
279
244
221
182
224
179
222
194
202
207
218
220
210
237
161
163
156
181
151
171
160
157
152
160
187
149
128
108
133
148
178
83
61
44
24
28
13
12
-7
29
52
27
2
9
-9
6
-48
-46
-20
-22
-36
-47
-31
-37
72
60
64
90
91
50
84
137
125
110
77
111
94
103
108
117
133
144
123
126
136
116
113
98
144
152
147
164
126
77
63
50
27
20
35
-1
7
33
23
17
34
38
67
80
106
95
81
120
61
80
104
102
165
142
104
101
79
106
84
88
78
93
93
95
97
124
121
91
112
49
55
52
71
39
25
18
-19
-13
-32
6
-32
-30
-21
-69
-48
-6
-39
-88
-92
-82
-82
-62
-36
-54
-66
-46
-5
18
47
27
-12
-3
29
33
16
52
33
32
58
39
50
59
58
38
49
-1
12
50
11
44
29
66
86
68
105
115
111
45
54
49
8
32
8
47
56
78
64
109
91
66
45
72
95
82
76
11
18
49
26
-1
15
-23
-10
7
-16
-16
-37
-6
2
-34
4
-53
-54
-24
-25
-68
-93
-95
-112
-134
-137
-109
-152
-143
-115
-100
-97
-86
-107
-103
-66
-25
-43
-57
-52
-51
-78
-52
-30
-58
-72
-90
-74
-98
-78
-63
-66
-14
10
6
59
63
73
113
63
4
-5
20
49
47
85
130
101
96
93
115
48
53
107
98
77
34
62
69
45
38
-15
-35
-32
-21
-24
-46
-51
9
24
73
83
38
30
19
55
69
38
29
54
43
38
28
2
0
34
34
25
47
28
23
32
29
-27
-47
-58
-61
-47
-79
-111
-143
-143
-146
-119
-125
-147
-180
-184
-220
-154
-111
-140
-176
-181
-181
-221
-186
-211
-180
-136
-101
-85
-108
-49
1
-8
-6
24
27
11
15
44
61
69
52
102
79
99
102
101
106
67
85
86
88
89
149
95
102
106
121
152
137
176
131
139
97
115
108
127
165
179
224
236
258
255
248
192
208
238
209
239
225
209
154
132
131
109
125
116
67
63
80
101
107
50
38
68
61
48
56
90
73
32
-20
10
-21
-21
-1
-2
8
-32
-44
-66
-23
-55
10
6
7
28
38
59
93
106
113
117
130
171
187
145
181
221
218
232
286
274
273
356
321
347
330
307
294
219
218
220
190
191
184
174
168
188
185
202
173
181
177
200
194
222
249
221
203
220
229
200
198
194
244
234
222
268
239
318
328
283
296
306
303
293
257
259
269
258
257
239
209
186
221
218
202
173
143
182
213
193
213
238
221
184
223
202
217
174
133
137
116
64
57
97
100
96
101
184
194
157
158
154
219
265
242
257
251
264
282
271
258
258
263
247
214
283
255
237
230
241
278
250
199
181
191
189
191
220
241
166
197
182
148
163
190
150
169
166
140
152
135
110
94
124
146
117
122
161
147
138
146
124
161
149
178
157
115
183
178
141
145
163
154
151
129
145
155
147
132
123
152
146
227
198
166
201
201
145
122
151
91
99
96
110
142
151
150
145
155
127
155
160
147
115
109
116
126
126
107
146
180
167
151
155
108
115
87
101
93
116
123
76
96
72
45
60
43
21
19
45
42
56
40
75
92
72
47
60
64
58
130
83
21
38
27
17
0
34
29
-15
32
12
-5
20
-41
-41
-34
-32
-40
23
-27
-32
6
-47
-30
-105
-89
-97
-124
-107
-89
-63
-49
-13
-49
-20
23
-20
-60
-101
-76
-133
-129
-94
-110
-118
-67
-70
-95
-73
-26
-42
-62
-27
-30
-41
-23
-62
-97
-142
-155
-147
-160
-138
-125
-101
-74
-14
-36
25
83
130
139
91
120
117
99
117
69
78
37
-2
9
4
-17
-40
17
-32
-27
28
0
-15
-52
-64
-39
-100
-138
-160
-160
-175
-191
-202
-198
-178
-198
-195
-166
-158
-136
-111
-100
-75
-74
-109
-130
-91
-45
-36
-64
-54
-46
-83
-91
-91
-87
-87
-103
-96
-71
-92
-71
-72
-44
-79
-73
-82
-96
-45
-31
0
-22
-10
-41
-52
-51
-46
-74
-74
-61
-20
0
-21
20
36
95
83
107
41
-5
23
-24
-42
-38
-20
4
-18
-48
-29
-19
50
59
5
-20
-40
-10
54
36
17
23
-31
-24
10
33
3
-14
-17
-45
-43
-6
16
66
53
13
45
54
58
34
46
25
20
-9
-1
35
57
82
61
89
129
162
174
190
192
235
141
162
154
107
118
110
88
88
106
95
95
44
72
74
96
115
134
120
101
64
70
66
76
151
145
128
120
129
121
71
53
55
101
143
162
186
219
159
193
206
184
204
249
235
190
245
207
231
210
223
238
235
196
190
211
197
218
160
177
167
173
163
189
202
165
195
186
132
121
63
88
96
118
162
170
190
199
247
234
248
188
179
187
182
212
199
225
184
195
220
226
256
205
190
228
238
199
206
182
187
188
141
143
167
199
203
173
207
195
156
186
141
127
166
203
251
267
261
269
292
275
249
193
221
225
203
173
154
156
128
162
122
119
155
119
112
134
165
178
169
169
167
167
179
185
173
193
192
164
183
217
185
167
167
181
198
209
230
261
246
213
182
226
212
225
261
226
213
216
201
162
191
138
152
113
120
152
143
162
134
137
129
137
117
116
155
151
177
195
152
162
119
121
92
101
127
75
62
51
39
58
36
88
83
63
98
83
100
77
118
62
108
79
87
61
42
57
10
54
39
34
38
64
22
65
66
63
76
49
53
37
44
-8
3
27
-18
-30
19
10
16
67
54
114
64
38
10
17
3
-1
68
30
30
-5
-8
-25
-53
-24
22
24
46
61
25
36
18
15
16
41
59
63
81
130
106
59
100
82
37
56
50
29
65
92
46
56
27
-4
21
-14
23
-7
40
21
51
39
-1
15
11
50
51
20
-22
-31
11
45
29
11
19
49
79
54
53
64
107
119
80
51
37
26
14
12
-26
-21
7
5
10
42
31
31
65
42
43
26
23
46
-19
16
0
-18
28
31
32
21
1
-13
-3
-10
-8
-12
-5
-17
-18
8
-29
-14
-1
-27
-51
-66
-97
-54
-67
-104
-60
-27
23
7
2
11
1
4
-13
6
26
15
26
69
77
64
40
83
43
47
37
18
55
90
74
44
34
13
35
-24
-10
-52
-42
-65
-75
-58
-81
-91
-100
-137
-154
-93
-79
-119
-81
-29
-71
-84
-137
-128
-108
-94
-112
-102
-33
-43
-49
9
13
-8
14
11
-47
-62
-86
-55
-112
-99
-99
-73
-84
-95
-115
-132
-80
-131
-100
-76
-63
-85
-88
-51
-34
-75
5
-33
-46
-31
-16
-5
-3
14
-51
-53
-14
-42
-63
-60
-88
-86
-136
-108
-119
-102
-76
-79
-37
-17
-28
-67
-111
-121
-113
-176
-125
-162
-188
-174
-134
-139
-132
-134
-129
-67
-102
-92
-94
-110
-91
-81
-80
-66
-50
-54
-50
-61
-79
-78
-92
-72
-83
-142
-111
-149
-154
-133
-115
-103
-89
-50
-37
-58
-91
-74
-46
-56
-124
-139
-180
-194
-151
-186
-136
-125
-167
-162
-170
-145
-186
-153
-176
-152
-139
-144
-93
-109
-81
-79
-71
-1
-32
-64
-43
-97
-63
-65
-38
-58
-95
-87
-117
-125
-88
-93
-89
-55
-108
-133
-151
-135
-107
-145
-144
-167
-154
-107
-96
-107
-149
-94
-105
-161
-145
-149
-177
-193
-152
-221
-232
-188
-219
-208
-195
-196
-169
-131
-137
-125
-121
-117
-138
-178
-161
-165
-143
-135
-83
-71
-75
-62
-95
-81
-75
-70
-99
-84
-26
-33
-35
-61
-61
-58
-78
-23
-56
30
-19
-48
-45
-97
-73
-107
-52
-75
-70
-49
11
-3
-6
3
-16
-22
-23
-57
-89
-69
-104
-115
-159
-184
-195
-235
-233
-238
-223
-236
-258
-226
-224
-259
-237
-195
-139
-107
-142
-107
-150
-186
-166
-177
-168
-179
-206
-215
-211
-204
-126
-110
-113
-41
-61
-27
-7
-5
8
-27
-23
-97
-116
-112
-119
-157
-186
-133
-153
-171
-195
-247
-275
-270
-263
-307
-330
-337
-309
-296
-282
-259
-260
-278
-289
-288
-259
-274
-280
-261
-211
-207
-226
-170
-173
-141
-86
-131
-93
-46
-43
1
18
21
32
-1
-26
-33
-33
-61
-42
-51
-62
-53
-70
-85
-116
-153
-171
-205
-234
-258
-235
-231
-277
-202
-204
-233
-233
-246
-221
-223
-239
-259
-214
-227
-234
-240
-251
-271
-269
-276
-324
-260
-278
-260
-227
-259
-202
-187
-216
-185
-164
-119
-142
-181
-204
-183
-155
-186
-144
-183
-125
-108
-135
-107
-135
-129
-145
-170
-136
-131
-162
-199
-171
-149
-155
-181
-162
-168
-182
-154
-184
-141
-184
-194
-205
-197
-151
-194
-218
-212
-196
-192
-186
-230
-238
-214
-190
-164
-124
-68
-88
-124
-104
-87
-58
-103
-98
-86
-98
-115
-103
-58
-50
-68
-134
-200
-228
-231
-216
-232
-192
-183
-188
-199
-208
-211
-269
-296
-300
-307
-323
-315
-308
-318
-293
-253
-287
-282
-293
-296
-307
-289
-270
-227
-222
-229
-137
-156
-135
-195
-181
-139
-212
-158
-102
-114
-109
-92
-64
-84
-109
-127
-138
-116
-151
-132
-102
-121
-124
-98
-165
-179
-173
-187
-183
-231
-203
-160
-187
-195
-181
-181
-199
-149
-133
-170
-160
-148
-161
-200
-185
-176
-180
-157
-215
-203
-148
-138
-159
-160
-162
-153
-163
-149
-145
-128
-171
-177
-168
-183
-184
-188
-174
-143
-159
-164
-144
-138
-147
-150
-153
-125
-104
-143
-124
-135
-191
-195
-196
-220
-241
-210
-177
-180
-124
-125
-123
-137
-132
-122
-113
-74
-106
-83
-76
-100
-152
-158
-126
-169
-99
-102
-77
-54
-35
-45
-92
-90
-110
-124
-128
-102
-116
-110
-83
-68
-59
-96
-81
-109
-105
-56
-36
-30
-16
-58
-42
-70
-65
-60
-88
-55
-71
-39
-47
-25
-61
-48
-71
-58
-67
-131
-88
-68
-97
-123
-65
-70
-81
-96
-154
-164
-192
-202
-187
-209
-190
-190
-187
-202
-208
-182
-195
-186
-223
-182
-141
-155
-115
-127
-110
-73
-88
-59
-50
-68
-103
-171
-215
-202
-191
-155
-131
-143
-74
-100
-129
-63
-74
-11
-22
-14
-60
-103
-60
-73
-58
-105
-107
-129
-110
-82
-112
-144
-154
-122
-203
-181
-143
-112
-137
-154
-169
-204
-203
-237
-222
-256
-248
-220
-198
-220
-236
-209
-210
-200
-207
-166
-129
-129
-103
-156
-158
-166
-186
-178
-166
-174
-203
-147
-156
-166
-90
-81
-55
-28
-49
-63
-62
-64
-72
-86
-130
-119
-119
-141
-127
-109
-102
-122
-124
-175
-176
-204
-177
-214
-234
-202
-176
-122
-172
-158
-84
-62
-124
-118
-89
-99
-94
-76
-27
-43
-46
-41
17
34
-11
6
-26
-55
-58
-79
-42
-62
-65
-110
-71
-64
-74
-24
-38
-67
-89
-54
-63
-85
-160
-164
-134
-161
-156
-154
-169
-148
-138
-162
-161
-185
-202
-231
-214
-198
-195
-194
-218
-210
-194
-137
-141
-135
-112
-85
-89
-41
-15
34
35
16
55
63
49
8
-27
-14
-3
-23
-45
-36
-90
-95
-59
-91
-84
-86
-95
-82
-74
-123
-170
-223
-191
-229
-234
-190
-171
-185
-205
-153
-182
-115
-91
-88
-109
-93
-75
-60
-1
-21
-46
-48
-69
-72
-65
-31
-60
-88
-109
-61
-78
-119
-73
-60
-46
-60
-21
-15
-21
-50
-47
-83
-79
-106
-146
-179
-189
-215
-200
-229
-257
-202
-156
-155
-184
-155
-168
-139
-145
-191
-219
-236
-203
-189
-153
-172
-175
-206
-224
-211
-224
-208
-186
-155
-177
-182
-147
-167
-159
-132
-135
-101
-103
-55
-65
-46
18
-40
-45
-99
-57
-53
-43
-42
-82
-58
-87
-60
-55
-135
-123
-63
-43
-22
-97
-103
-78
-84
-42
-84
-103
-149
-128
-126
-143
-131
-104
-93
-83
-68
-138
-99
-87
-70
-120
-108
-88
-133
-107
-99
-64
-44
-29
-1
23
7
33
17
28
-2
5
8
-27
-18
-27
-29
-86
-81
-122
-182
-154
-165
-165
-133
-70
-33
-17
-35
-75
-54
-45
-76
-99
-125
-107
-124
-146
-106
-121
-79
-72
-70
-41
-29
-27
-27
-3
5
-21
-42
5
-3
6
11
-12
-31
30
1
8
31
24
31
22
32
31
18
-36
-18
0
-16
-39
16
9
28
-1
-10
-16
-19
-39
-9
16
2
15
16
43
20
-6
26
-18
-35
-23
-6
7
-4
-18
-38
-6
-5
-40
-69
-76
-78
-29
1
-83
-79
-71
-40
-59
-30
-46
-56
-31
-24
40
20
10
42
24
14
-10
-6
27
49
72
75
84
81
101
62
62
48
93
57
31
22
26
-19
-24
27
15
51
56
71
100
102
99
109
130
159
146
146
85
106
85
45
74
87
86
82
69
43
47
26
26
-11
20
12
-2
48
67
59
35
25
35
1
-46
-17
-21
-35
-19
-55
-24
-17
-11
-3
-6
11
35
20
25
46
64
95
84
97
107
127
133
112
65
74
63
10
57
38
35
84
70
36
14
13
-15
-20
-51
-58
-70
-57
-20
-23
-53
-21
-47
-86
-60
-25
-50
-57
-69
-70
-60
-51
-24
-28
-7
10
-26
-5
2
-15
2
-15
-5
-18
-5
48
27
11
24
57
58
27
30
30
-3
-17
-25
-36
-9
-21
-44
-50
-67
-73
-59
-104
-92
-108
-76
-81
-74
-93
-104
-68
-73
-75
-64
-42
-81
-54
-61
-83
-53
-44
-51
-50
-64
-25
-81
-75
-61
-67
-22
10
56
27
38
56
78
31
46
26
-7
-18
-10
-1
-13
-25
29
24
50
34
8
40
17
3
-55
-12
-59
-54
-95
-104
-59
-26
-42
-56
-47
-77
-68
-52
-64
-100
-68
-40
-24
-32
-39
-48
-15
32
-22
-7
-69
-91
-52
-55
-19
-21
16
-13
-23
-11
-6
32
74
60
108
114
117
81
86
80
29
44
19
7
-1
-2
34
18
-13
62
12
22
-5
22
26
30
25
-57
-46
-83
-60
-143
-135
-96
-95
-63
-50
-72
-49
-26
10
-5
4
35
37
7
15
-3
25
45
32
49
50
77
36
21
50
41
92
103
134
111
87
113
30
3
45
37
-24
-14
-18
-23
-43
-22
-47
-74
-67
-72
-113
-94
-113
-116
-102
-85
-110
-102
-150
-118
-116
-135
-41
-49
-55
-111
-109
-46
-46
-32
-17
-28
-9
-15
-28
-15
-13
-6
-20
-17
-9
-52
-35
-86
-66
-25
-34
-24
-35
-19
4
47
15
32
8
0
-27
-30
-10
-45
-14
-7
11
31
1
31
27
-4
10
-1
-5
-21
-22
-17
41
51
-1
-7
-18
8
-2
3
-19
-22
-38
-8
-16
1
-33
-55
-1
-7
-3
-23
-16
-10
27
-4
8
-2
-29
-20
-51
-54
-27
-49
-29
5
-4
18
5
62
44
15
-23
-6
34
-2
38
44
65
58
91
128
117
112
133
107
102
91
79
71
45
0
33
39
28
18
-27
52
17
53
92
115
79
-8
12
-37
4
-14
3
24
12
42
42
44
42
52
49
44
40
85
104
85
100
70
51
33
74
48
75
90
34
68
12
7
10
-1
21
48
16
-11
-23
-22
-70
-75
-51
-57
-64
-80
-76
-89
-92
-107
-36
-45
-61
-3
-3
-48
-16
-23
-64
-65
-49
-56
-74
-3
12
54
63
76
97
84
67
65
30
36
22
30
57
73
86
68
64
48
24
32
16
-26
8
19
-23
-5
-5
-19
-18
-46
-54
-84
-82
-65
-99
-88
-77
-16
-42
-37
-26
-24
-28
-25
-18
-21
-10
-63
-16
-6
-29
4
53
-1
2
44
55
55
49
51
36
64
54
46
47
55
44
34
16
23
18
-52
-29
-33
-7
-21
-26
-50
-31
-34
-36
-51
-76
-72
-73
-76
-63
-35
-50
-40
-54
-30
1
-30
-46
-42
-22
6
2
-22
38
-23
-47
-35
-49
16
9
30
29
14
36
22
22
47
8
-10
-20
-20
-47
-86
-42
-89
-88
-39
-51
-52
-86
-23
0
-17
-53
-115
-88
-101
-104
-102
-74
-52
-76
-89
-56
-41
-24
-20
-29
-16
-15
-2
-65
-71
-40
-72
-15
7
15
23
35
25
-28
-21
-73
-52
-80
-8
-47
-35
-13
-24
-6
-48
-18
-71
-29
-105
-83
-99
-128
-89
-130
-129
-120
-98
-154
-119
-107
-165
-155
-136
-99
-74
-79
-50
-36
-66
-45
-48
-55
-51
-3
-17
-33
-48
-1
16
18
22
-21
-29
-45
2
21
29
1
-22
42
78
90
52
45
34
22
2
-9
-34
-34
-44
-59
-7
-33
1
9
-19
-26
-8
-3
-28
-55
-80
-45
-43
-26
-1
-21
-10
6
16
4
-21
9
-18
-17
-21
-15
-34
-5
33
3
10
9
54
58
74
22
-1
4
28
25
6
8
-11
29
24
11
71
109
121
85
70
118
89
94
87
127
153
126
147
89
51
26
-6
10
14
-11
-9
-40
-6
-31
-13
23
18
-1
1
-12
-63
-70
-40
-48
0
-61
-47
-24
-85
-47
-94
-60
-81
-56
31
12
-17
-1
13
-21
-26
-38
-49
-27
-13
-31
15
-1
-33
16
3
-15
7
5
33
48
72
103
69
85
46
41
52
42
20
4
-19
-37
-3
-7
-2
-59
-62
-97
-103
-86
-76
-79
-36
-21
-59
-48
-86
-129
-130
-152
-138
-137
-104
-103
-103
-112
-104
-52
-69
-71
-94
-57
-54
-33
-54
-21
25
27
54
58
