SAMPLES:	18022
BITSPERSAMPLE:	16
CHANNELS:	1
SAMPLERATE:	16000
NORMALIZED:	FALSE
-172
-183
-146
-116
-90
-108
-80
-70
-85
-36
9
-34
-34
22
32
68
101
82
71
76
88
91
71
30
46
81
67
43
91
57
45
94
101
60
63
88
117
101
76
136
141
187
219
215
196
272
256
235
212
225
247
220
212
241
254
253
284
299
295
293
279
249
227
247
282
292
260
264
273
228
295
355
358
371
359
329
358
377
390
369
399
415
397
401
387
428
381
376
376
383
391
404
422
393
435
426
430
423
436
442
396
422
404
411
440
447
432
414
458
436
408
391
391
408
397
394
409
399
456
480
508
478
466
461
487
482
478
512
485
515
475
520
516
508
519
494
526
574
520
507
518
544
523
543
530
565
576
547
560
540
530
485
488
451
493
519
535
539
558
511
517
493
487
537
494
499
483
524
482
442
470
481
488
424
469
467
456
492
478
466
471
502
515
522
530
502
478
552
525
562
524
539
531
524
565
501
500
507
519
485
492
496
492
468
533
514
480
531
463
453
435
397
381
362
415
339
356
339
325
376
396
390
390
430
369
393
362
390
374
368
359
309
350
377
380
365
363
370
355
388
417
417
392
398
409
397
426
410
420
429
404
368
369
326
307
353
368
309
292
277
254
243
229
209
211
209
183
155
133
144
112
125
141
177
131
76
117
129
113
167
161
152
216
219
190
210
185
149
199
208
233
225
249
224
224
256
197
188
223
219
165
200
196
258
305
268
214
215
207
196
212
191
196
179
209
218
163
182
187
203
216
181
185
163
97
109
130
121
153
173
157
146
155
156
166
143
120
128
100
79
71
113
123
124
114
97
73
69
116
118
124
83
102
57
97
107
59
46
37
66
36
55
89
28
32
63
54
92
106
96
57
54
66
71
52
60
28
-22
4
-21
-36
-3
11
-1
-37
10
26
20
-15
9
13
-11
22
26
3
17
12
-13
11
23
17
-49
-10
16
49
23
39
93
54
62
45
108
73
48
89
67
59
56
41
33
-2
-20
-29
-3
-30
-3
27
48
13
37
66
12
37
78
66
83
84
52
18
-7
-6
-1
16
49
83
34
23
34
49
65
26
68
74
62
79
36
28
28
41
37
14
23
25
52
23
33
69
34
18
-19
-41
-37
-19
3
-33
-5
3
-16
13
19
72
22
34
35
23
37
6
11
-11
-15
29
37
33
82
83
111
76
55
24
44
100
109
136
146
193
215
187
185
155
111
53
50
35
57
69
63
70
95
93
129
90
58
103
97
101
116
72
68
45
23
17
28
49
19
6
17
31
-12
0
-29
-6
44
8
40
61
72
93
29
30
61
63
22
17
42
48
16
86
107
85
160
134
163
146
101
116
113
105
112
96
111
136
113
59
65
31
-24
-36
-53
-29
14
25
46
42
59
104
101
67
87
138
115
131
144
117
107
124
122
139
140
163
175
121
139
170
213
197
226
224
204
175
157
110
98
67
25
13
16
49
31
55
39
57
60
54
53
11
45
46
70
58
47
76
49
60
66
68
60
69
63
72
86
66
48
28
85
87
32
45
37
62
47
13
16
50
62
55
59
45
67
19
54
116
124
131
134
144
130
141
104
67
98
80
62
67
49
60
88
122
136
160
188
169
165
133
148
122
134
130
136
137
96
102
116
142
123
96
128
105
99
88
78
107
124
128
128
157
124
130
122
120
111
94
72
73
74
54
34
52
9
71
73
39
98
90
93
90
78
72
72
74
79
59
89
86
93
117
138
90
71
104
105
95
97
86
59
91
84
54
52
65
75
57
28
-20
-28
-13
-5
2
-14
-3
-5
-40
42
2
-22
30
36
33
-8
-24
-43
-7
-28
-19
11
33
60
45
42
39
43
50
57
95
121
112
58
10
35
14
9
31
40
27
23
57
79
99
49
76
83
101
164
155
186
170
194
172
148
137
75
71
53
75
55
41
17
15
-14
-13
-15
-5
6
6
-7
-48
-14
19
27
-8
39
40
47
77
91
83
97
103
141
139
120
114
92
127
123
100
102
108
148
96
130
145
152
183
158
162
135
112
81
110
93
86
111
83
84
65
65
23
-23
-68
-60
-22
-50
-7
-14
-33
-71
-90
-88
-69
-44
-131
-46
-12
-13
1
54
23
19
14
4
27
25
34
23
32
44
33
55
65
77
54
52
79
52
30
-31
-24
3
-26
-30
-36
-50
-26
-44
6
12
32
11
-12
-38
-61
-42
-29
-70
-97
-85
-90
-100
-116
-44
-50
26
-21
-14
12
9
32
-5
6
1
45
63
32
-8
12
29
62
24
66
62
38
80
105
94
51
94
69
86
32
44
22
-18
14
6
-46
-36
-40
-54
-37
-47
-57
-76
-34
-35
-91
-72
-54
-37
-39
-90
-40
-18
-19
-56
-68
-70
-27
-36
-61
-4
0
-10
-22
38
48
14
14
-4
0
5
9
2
-3
-6
23
35
-5
-7
26
112
84
85
106
81
109
141
119
41
-4
-31
-1
10
-23
-66
-46
-80
-101
-128
-123
-129
-163
-174
-169
-159
-137
-115
-122
-120
-143
-73
-52
-57
-56
-34
-6
30
90
74
88
74
72
43
73
61
35
49
33
40
1
30
60
52
19
18
-9
-17
-17
-6
-52
-10
-40
-55
-73
-120
-100
-140
-113
-116
-134
-117
-127
-124
-131
-128
-114
-126
-166
-123
-103
-116
-157
-152
-125
-168
-127
-136
-151
-128
-102
-107
-84
-54
-95
-75
-96
-103
-88
-73
-57
-49
-26
-61
-78
-88
-31
-60
-74
-50
-84
-105
-116
-188
-173
-153
-177
-142
-173
-188
-161
-162
-157
-182
-186
-139
-109
-99
-101
-103
-119
-151
-117
-132
-140
-182
-174
-172
-168
-210
-213
-169
-169
-99
-102
-77
-27
-42
-87
-96
-83
-61
-75
-38
-52
-41
-56
-25
14
28
25
-22
-8
35
48
42
23
33
28
41
23
6
58
24
3
-49
-53
-63
-84
-70
-28
-24
10
-36
-47
-28
-87
-69
-87
-65
-32
-15
-47
-40
-49
-53
-35
-78
-48
-65
-20
-4
-32
-15
36
35
10
-7
-29
-66
-90
-27
-69
-54
-41
-39
-21
-92
-15
-3
-21
-21
-55
-57
-39
-60
-58
-89
-100
-123
-117
-61
-98
-132
-183
-144
-105
-143
-140
-136
-69
-72
-93
-36
-38
-39
-32
-32
-28
-53
-61
-87
-67
-66
-25
-1
21
18
-2
28
26
-12
-10
-33
-32
-66
-95
-90
-127
-104
-110
-100
-103
-107
-91
-80
-35
12
4
20
12
-29
6
9
0
9
-30
-36
-45
-36
-42
-43
-27
-70
-75
-81
-69
-57
-48
-42
-18
-16
-16
-49
-11
35
48
54
41
-13
17
-8
-18
38
-19
-12
-60
-66
-87
-86
-90
-128
-174
-192
-127
-182
-163
-116
-167
-116
-131
-109
-108
-111
-63
-130
-114
-91
-90
-59
-80
-87
-24
1
12
21
66
82
105
138
80
61
55
31
53
43
35
55
86
50
27
48
6
-25
-21
-25
-7
-34
-61
-43
-42
-62
-68
-93
-113
-68
-110
-105
-126
-121
-132
-139
-92
-112
-97
-86
-47
-37
10
-26
20
37
28
24
37
52
30
24
59
67
57
41
52
81
74
96
50
11
58
55
36
60
58
45
-21
-7
15
-47
-52
-66
-53
-20
-38
-40
-6
22
29
37
79
97
77
88
54
46
64
78
65
85
103
96
122
128
137
135
85
112
127
122
144
144
193
219
172
148
170
191
167
225
254
232
199
176
186
164
179
143
147
162
189
135
125
149
151
141
97
119
150
141
125
167
152
118
90
130
169
142
149
169
195
190
183
187
193
217
198
139
127
111
155
191
176
162
165
182
117
106
100
91
152
143
148
189
183
211
209
228
179
181
226
200
210
232
214
159
193
197
177
158
180
195
136
173
171
167
197
209
198
207
216
218
177
200
222
229
219
188
221
193
217
238
225
252
256
236
264
250
306
296
262
312
299
271
228
236
263
250
225
238
208
221
197
180
201
213
184
183
197
168
130
139
121
81
63
79
40
44
22
28
62
52
113
119
119
98
84
91
72
48
104
80
109
94
68
86
70
99
64
54
36
51
71
107
94
79
86
56
65
44
51
71
12
18
56
49
66
25
59
128
115
145
138
132
138
170
147
158
121
122
134
142
197
165
115
107
99
66
51
48
3
-32
16
-9
6
43
19
28
4
5
-1
-41
-54
-20
-22
-23
-52
-36
-40
-90
-62
-65
-33
-15
23
10
48
39
8
79
72
66
56
63
20
4
-8
-8
-1
5
-6
46
58
36
37
-30
-41
-40
-49
-67
-69
-56
-53
-57
-36
-82
-117
-83
-91
-79
-9
-25
4
35
27
12
27
31
51
78
37
-18
2
4
18
0
-71
-54
-38
-12
-21
-9
10
20
32
76
93
114
61
63
74
0
3
44
44
16
5
6
-41
-25
-15
-20
-1
-27
10
-30
-44
-46
-78
-77
-107
-73
-70
-118
-141
-120
-108
-152
-147
-182
-169
-150
-132
-85
-89
-116
-112
-68
-20
-21
-20
9
-25
-22
-46
-27
-55
-77
-18
-54
-38
-23
4
21
66
104
77
145
170
156
136
155
146
140
193
151
116
132
147
174
168
138
83
99
76
65
93
82
74
58
58
42
52
54
15
-23
5
-41
-72
-17
-60
-46
-23
-71
-77
-41
-9
-24
4
44
41
56
69
65
50
46
69
49
46
94
125
113
108
137
133
129
123
147
126
143
145
184
157
127
123
114
111
100
85
95
149
76
92
49
-8
18
27
21
48
0
31
46
43
46
8
52
-34
-38
22
37
20
69
140
156
146
157
189
217
229
228
240
247
198
230
277
238
234
249
242
229
263
257
226
209
181
229
225
217
219
234
244
200
241
195
171
148
128
134
138
168
151
161
178
170
98
136
163
147
174
168
160
110
125
147
105
82
87
86
126
110
89
85
82
102
125
112
112
121
144
138
123
143
130
123
83
74
51
83
109
76
81
101
110
81
121
171
157
179
206
160
166
135
111
105
112
138
137
167
178
213
198
253
239
197
285
247
271
293
255
275
217
190
213
193
197
166
192
248
207
213
192
156
110
111
168
158
166
218
213
170
184
220
203
224
184
162
159
137
136
152
141
188
188
172
162
186
245
211
217
224
213
213
231
274
216
221
254
289
269
269
294
235
231
224
266
271
258
272
306
309
316
362
349
332
314
322
321
307
297
313
332
300
300
296
325
291
299
338
334
283
274
311
311
287
302
309
318
284
260
273
256
219
175
218
225
221
199
207
244
254
255
206
214
238
199
191
200
169
138
161
165
157
190
174
202
235
243
253
262
281
276
292
274
246
244
240
229
236
261
270
285
292
288
267
221
197
223
246
248
242
269
251
287
292
234
217
228
218
162
191
147
84
137
111
102
112
139
132
103
172
152
172
201
195
182
220
215
237
284
260
265
249
223
235
248
238
212
197
231
201
259
239
190
225
218
238
210
207
261
239
245
195
191
171
185
230
198
226
202
258
200
192
205
164
148
170
158
117
106
110
118
134
128
118
142
180
143
112
122
133
171
183
212
199
220
225
225
235
201
212
199
232
245
218
213
194
215
259
241
243
258
249
208
184
180
176
191
196
193
153
202
183
143
156
165
138
151
93
79
98
115
115
161
222
188
203
147
142
163
175
180
127
127
160
182
225
222
260
215
237
256
225
260
213
155
98
170
161
187
217
229
267
257
187
142
113
73
120
132
108
116
155
176
147
151
183
168
167
146
133
162
188
211
207
178
200
185
199
146
98
130
101
86
37
30
91
127
182
182
158
137
126
149
96
91
87
104
131
124
108
97
47
79
84
93
84
97
96
75
89
110
90
71
99
27
29
10
39
13
-5
0
8
66
63
82
118
172
157
185
131
144
133
116
105
87
122
91
85
59
74
57
34
96
65
43
82
68
71
104
39
17
35
31
-19
-39
-22
-27
-41
16
68
35
66
82
103
159
174
164
173
195
163
156
169
173
172
137
120
90
65
69
94
57
30
56
50
35
-22
-36
-53
-16
-50
-37
-12
-32
-43
-63
-95
-132
-98
-135
-179
-168
-158
-134
-128
-127
-68
-90
-100
-84
-9
-15
-39
-12
-20
4
-4
15
8
7
2
-33
-5
-1
-22
41
36
41
23
4
33
25
4
18
-36
-57
-34
-37
-71
-77
-62
-83
-38
-82
-144
-142
-166
-134
-171
-201
-201
-198
-213
-194
-220
-228
-201
-196
-193
-222
-188
-195
-228
-251
-219
-164
-177
-158
-105
-126
-107
-105
-100
-84
-106
-93
-109
-79
-75
-65
-52
-56
-43
-82
-109
-108
-87
-96
-122
-147
-143
-136
-176
-192
-187
-208
-216
-226
-214
-200
-221
-221
-226
-253
-275
-305
-301
-297
-245
-234
-198
-169
-230
-207
-188
-210
-199
-197
-213
-199
-227
-206
-210
-242
-243
-258
-253
-264
-267
-231
-208
-214
-191
-166
-214
-207
-189
-162
-187
-200
-191
-208
-265
-284
-277
-258
-237
-293
-246
-217
-227
-211
-188
-185
-172
-183
-191
-180
-221
-239
-284
-294
-270
-287
-255
-264
-247
-196
-182
-212
-183
-139
-147
-170
-168
-109
-160
-155
-139
-177
-210
-225
-227
-207
-230
-214
-226
-260
-287
-282
-301
-245
-210
-222
-183
-197
-159
-205
-196
-249
-274
-254
-338
-295
-314
-307
-293
-305
-323
-329
-328
-331
-306
-351
-319
-295
-326
-341
-318
-286
-260
-309
-331
-331
-299
-296
-309
-300
-296
-320
-285
-262
-221
-228
-202
-172
-231
-223
-247
-267
-313
-290
-313
-333
-305
-315
-309
-250
-283
-301
-285
-256
-188
-227
-193
-169
-186
-179
-211
-251
-291
-306
-267
-300
-273
-298
-262
-309
-330
-308
-372
-339
-350
-346
-372
-343
-390
-361
-334
-386
-323
-348
-328
-381
-354
-353
-350
-362
-403
-393
-400
-389
-395
-393
-363
-333
-285
-270
-318
-339
-354
-315
-304
-299
-270
-224
-214
-219
-221
-235
-203
-216
-233
-248
-213
-228
-208
-180
-173
-156
-171
-164
-163
-203
-215
-187
-240
-254
-241
-268
-257
-310
-283
-241
-329
-294
-313
-306
-284
-332
-323
-376
-376
-362
-392
-401
-441
-377
-362
-313
-282
-298
-305
-300
-295
-250
-224
-191
-153
-202
-192
-207
-232
-198
-198
-197
-218
-219
-213
-230
-201
-222
-224
-263
-269
-261
-252
-226
-286
-293
-272
-284
-275
-322
-346
-369
-422
-380
-408
-473
-416
-441
-407
-411
-399
-354
-361
-362
-333
-383
-392
-398
-351
-372
-357
-331
-379
-336
-362
-352
-337
-379
-350
-313
-283
-255
-217
-242
-207
-200
-193
-162
-194
-206
-185
-202
-308
-323
-325
-316
-335
-334
-320
-321
-294
-307
-315
-355
-347
-332
-354
-334
-301
-322
-352
-369
-362
-344
-299
-331
-343
-323
-335
-348
-324
-298
-335
-331
-337
-263
-285
-269
-298
-296
-303
-364
-386
-416
-381
-383
-377
-341
-317
-362
-309
-306
-347
-280
-227
-225
-195
-249
-307
-335
-332
-320
-371
-315
-282
-256
-267
-279
-317
-316
-325
-288
-246
-206
-230
-227
-248
-230
-247
-283
-187
-241
-229
-244
-291
-318
-312
-311
-319
-319
-333
-331
-367
-354
-350
-370
-362
-335
-293
-327
-339
-267
-224
-266
-271
-275
-269
-226
-272
-267
-280
-310
-310
-269
-281
-312
-307
-344
-331
-323
-390
-353
-337
-355
-397
-434
-393
-431
-446
-427
-403
-423
-396
-414
-396
-459
-413
-393
-385
-383
-359
-296
-316
-257
-210
-197
-204
-205
-217
-185
-174
-172
-194
-199
-176
-153
-142
-172
-198
-187
-198
-202
-137
-195
-213
-198
-263
-256
-264
-254
-267
-228
-197
-215
-221
-262
-272
-273
-304
-309
-316
-333
-338
-354
-351
-388
-377
-405
-449
-458
-453
-460
-431
-424
-437
-415
-388
-381
-335
-280
-330
-320
-337
-355
-347
-322
-302
-277
-278
-244
-242
-232
-225
-195
-161
-216
-216
-217
-186
-223
-235
-226
-260
-262
-259
-258
-287
-293
-311
-323
-363
-388
-378
-350
-406
-313
-321
-345
-330
-311
-326
-386
-368
-391
-369
-377
-354
-363
-290
-299
-308
-245
-247
-268
-267
-263
-314
-290
-304
-292
-301
-344
-287
-222
-193
-173
-198
-157
-182
-227
-233
-235
-251
-274
-268
-297
-299
-273
-290
-337
-348
-305
-286
-323
-327
-355
-351
-315
-311
-323
-308
-282
-324
-307
-278
-329
-325
-332
-309
-303
-284
-263
-285
-244
-232
-257
-268
-285
-240
-237
-278
-301
-304
-217
-216
-212
-207
-239
-237
-245
-224
-245
-213
-248
-258
-218
-219
-205
-213
-264
-314
-331
-326
-338
-313
-335
-367
-351
-363
-329
-293
-269
-305
-253
-236
-209
-281
-305
-342
-365
-284
-262
-215
-271
-274
-318
-352
-349
-349
-333
-313
-274
-242
-247
-269
-242
-258
-269
-249
-267
-268
-279
-289
-293
-296
-304
-299
-280
-274
-246
-258
-291
-251
-220
-267
-270
-254
-232
-278
-321
-312
-332
-318
-366
-339
-303
-308
-307
-329
-323
-348
-350
-338
-338
-292
-317
-280
-230
-244
-249
-245
-234
-260
-274
-281
-232
-219
-195
-184
-220
-252
-226
-241
-246
-199
-235
-201
-188
-180
-178
-247
-262
-254
-205
-232
-242
-259
-332
-305
-304
-311
-262
-259
-248
-244
-265
-281
-309
-262
-295
-329
-312
-334
-326
-355
-330
-313
-307
-323
-338
-310
-332
-320
-266
-244
-254
-276
-230
-217
-275
-219
-231
-241
-241
-224
-233
-234
-235
-246
-206
-231
-230
-230
-190
-181
-221
-177
-211
-226
-172
-199
-223
-210
-213
-223
-195
-246
-271
-269
-243
-208
-207
-203
-191
-204
-270
-289
-272
-279
-271
-276
-272
-270
-245
-252
-275
-229
-274
-257
-275
-239
-260
-264
-258
-282
-237
-268
-285
-271
-284
-316
-305
-302
-289
-278
-310
-295
-283
-311
-291
-281
-302
-349
-307
-293
-313
-282
-291
-343
-407
-425
-354
-356
-345
-302
-299
-277
-261
-256
-253
-248
-276
-199
-206
-180
-157
-168
-191
-210
-197
-252
-243
-281
-231
-224
-261
-270
-264
-256
-230
-231
-238
-208
-228
-196
-216
-254
-276
-221
-205
-219
-222
-197
-175
-206
-178
-211
-227
-218
-250
-253
-291
-322
-299
-295
-263
-225
-258
-229
-235
-232
-237
-226
-225
-286
-224
-242
-247
-276
-269
-235
-277
-265
-249
-277
-306
-312
-250
-256
-257
-226
-250
-200
-194
-265
-290
-256
-273
-246
-274
-296
-288
-254
-246
-241
-277
-296
-276
-347
-284
-292
-272
-321
-287
-240
-273
-264
-258
-222
-252
-259
-241
-252
-267
-307
-285
-294
-294
-320
-328
-307
-327
-328
-289
-312
-297
-266
-339
-328
-298
-309
-332
-334
-284
-257
-254
-270
-233
-242
-251
-282
-273
-252
-260
-284
-257
-256
-243
-251
-303
-319
-289
-263
-243
-304
-337
-246
-252
-210
-224
-223
-206
-214
-247
-282
-319
-325
-331
-346
-347
-335
-369
-367
-394
-356
-383
-408
-386
-424
-434
-414
-385
-388
-372
-398
-358
-380
-352
-319
-390
-395
-416
-396
-374
-366
-383
-385
-408
-405
-369
-342
-327
-338
-259
-252
-257
-253
-274
-265
-276
-298
-316
-305
-284
-293
-327
-233
-237
-250
-254
-290
-227
-213
-238
-224
-220
-234
-285
-252
-246
-285
-288
-314
-293
-289
-327
-341
-340
-372
-370
-343
-322
-331
-362
-363
-356
-324
-361
-367
-337
-334
-323
-346
-342
-361
-292
-282
-246
-233
-253
-255
-304
-305
-312
-346
-346
-325
-315
-323
-330
-338
-397
-388
-377
-395
-436
-415
-389
-420
-363
-351
-340
-332
-322
-290
-283
-281
-290
-352
-352
-325
-297
-288
-285
-244
-234
-224
-236
-238
-256
-244
-286
-303
-293
-290
-265
-280
-321
-288
-291
-287
-280
-347
-284
-303
-306
-300
-314
-335
-313
-348
-362
-292
-287
-281
-325
-306
-316
-321
-311
-349
-336
-350
-344
-334
-307
-316
-289
-307
-303
-295
-277
-295
-317
-301
-327
-311
-324
-284
-315
-339
-341
-368
-340
-323
-366
-359
-440
-426
-420
-443
-421
-419
-382
-403
-406
-426
-441
-411
-405
-404
-359
-366
-361
-342
-341
-249
-208
-233
-168
-189
-182
-239
-302
-273
-324
-294
-289
-268
-288
-270
-223
-256
-226
-261
-235
-177
-182
-178
-173
-181
-165
-166
-139
-163
-177
-222
-208
-160
-206
-188
-206
-260
-225
-186
-179
-189
-213
-112
-155
-170
-152
-160
-155
-186
-182
-170
-179
-148
-175
-157
-178
-190
-129
-127
-82
-83
-87
-48
-107
-123
-106
-131
-120
-157
-190
-190
-200
-180
-158
-152
-146
-158
-131
-185
-176
-170
-200
-218
-193
-167
-216
-180
-194
-190
-152
-206
-237
-190
-210
-237
-205
-196
-179
-149
-122
-100
-50
-1
-64
-21
-39
-3
-30
-50
-47
-41
-16
10
27
-5
32
37
39
28
52
7
35
17
32
47
10
15
-13
-41
-37
-2
19
36
-18
-60
-54
-66
-130
-177
-169
-142
-155
-187
-174
-120
-138
-170
-131
-120
-125
-93
-68
-57
-51
-23
-24
-15
7
27
5
-48
-53
-41
-38
-19
2
-30
-74
-56
-54
-49
-21
-39
-74
-54
-2
-57
-70
-33
-50
-52
-47
-29
-27
-32
-8
-20
8
69
23
41
40
38
80
36
-11
40
59
39
43
30
107
108
88
101
66
60
37
55
75
47
64
100
92
65
125
134
96
90
105
145
140
116
117
125
128
113
83
72
45
42
8
12
-14
-36
-39
-15
-22
-59
-26
-15
16
-21
26
42
22
25
1
59
47
57
85
110
46
62
124
118
110
106
160
123
102
82
115
146
178
177
206
217
195
204
157
181
150
131
171
156
172
148
182
148
112
125
120
90
83
126
114
89
80
104
105
159
140
165
169
175
173
159
178
139
218
185
193
174
173
177
196
242
182
209
243
248
261
217
187
196
225
197
220
209
236
223
212
251
232
220
200
222
202
192
184
241
270
257
265
288
264
279
275
285
304
312
350
323
352
303
263
303
285
253
233
214
186
202
215
207
197
193
180
184
218
217
232
193
180
203
156
176
193
172
215
181
181
213
231
247
234
236
245
246
271
257
275
311
320
356
307
339
338
357
350
337
323
339
342
301
308
283
253
243
224
169
218
242
255
230
271
238
198
231
224
256
231
239
245
292
314
275
244
231
231
194
227
224
196
196
181
201
195
166
225
223
240
195
183
171
226
234
206
287
228
234
220
170
203
190
193
194
182
197
220
255
186
194
221
236
176
246
223
237
232
247
252
202
255
203
209
186
203
180
187
179
182
155
154
170
137
165
150
162
152
154
132
125
141
136
104
104
178
159
175
178
133
106
113
133
122
157
106
111
120
94
122
130
175
203
196
217
211
170
166
157
118
120
138
137
169
163
128
107
111
101
62
82
99
104
117
102
65
19
69
93
95
120
103
130
128
124
132
104
57
81
55
69
88
57
74
162
176
146
131
102
125
94
109
124
112
105
108
120
84
89
86
16
24
21
16
15
23
73
35
48
23
-1
47
41
52
54
79
75
67
104
83
113
104
138
126
129
140
134
167
94
87
143
129
139
131
108
155
165
171
144
131
115
95
163
151
122
97
114
93
64
10
-15
-37
-32
28
24
51
51
54
67
56
74
48
25
24
1
2
-2
34
69
88
66
83
96
103
156
141
134
100
141
119
48
92
74
93
93
93
118
34
26
44
80
79
85
82
90
101
62
105
111
96
145
58
22
35
-3
-34
-57
-26
-10
37
18
51
69
13
40
41
58
46
53
61
19
39
30
7
27
49
59
129
133
88
22
38
13
31
57
42
86
56
52
38
-9
4
29
45
87
111
95
65
-12
8
16
53
77
-13
20
33
64
31
-26
-51
-18
57
120
128
78
76
118
140
85
97
125
111
109
109
91
83
30
4
60
73
47
45
-12
13
27
-12
11
55
66
18
10
14
38
48
35
5
-5
53
35
20
34
-57
-26
-25
7
72
35
17
8
22
49
118
106
46
87
79
61
84
117
151
172
113
81
72
45
89
81
18
-46
-11
33
-39
-67
-7
3
-36
-35
-60
-46
-76
-115
-26
39
-9
-39
5
31
18
-27
-2
3
-90
-88
-4
32
-19
-10
77
52
-80
-161
-3
0
-81
-115
-46
-23
-38
-33
-97
-73
-58
54
74
-20
4
62
22
73
24
-12
-28
23
-36
-64
15
-50
-103
-88
-60
-100
-86
-126
-68
-62
-152
-251
-143
-26
-134
-159
-131
-113
-111
-40
-155
-167
-100
-190
-196
-38
-44
-100
-33
-48
-1
47
-22
-54
66
104
50
42
28
-59
-57
-32
-48
56
33
-118
-75
50
-49
-86
56
35
-13
7
-55
-125
-68
-110
-74
6
-44
-124
-149
-73
-85
-53
-110
-82
36
1
-123
-103
-67
-130
-101
-81
-92
-91
-59
-4
-126
-163
-105
-114
-86
-44
-157
-163
-49
-75
-145
-93
-37
-303
-171
75
39
-109
-89
-68
-125
-26
-59
-68
-30
5
-85
-30
-44
-155
-220
-58
52
-84
-163
-188
-171
-113
-112
-56
36
-69
-99
-64
-36
-73
-105
-154
-72
-3
-45
-80
-240
-147
-14
-88
-204
-118
-101
-149
-83
-117
-127
-178
-79
-113
-140
-59
-152
-72
-142
-254
-147
-40
-99
-225
-75
-128
-187
-35
-55
-195
-142
27
-80
-80
-205
-230
-103
-64
-171
-210
-133
-142
-17
-78
-128
-204
-227
-156
-104
-154
-226
-122
-138
-219
-114
-124
-269
-283
-211
-287
-170
-170
-320
-320
-108
-35
-157
-62
-83
-79
-27
-81
-161
-175
-239
-193
-114
-191
-191
-199
-143
-165
-124
-64
-220
-227
-103
-118
-34
-2
-203
-204
30
-53
-221
-138
-57
8
-47
-146
-84
-72
-265
-183
6
57
-107
-146
-128
-82
-178
-154
-6
-109
-289
-179
-47
-177
-389
-279
-50
-61
-114
-236
-136
-216
-243
-184
-3
-33
-224
-183
-102
-112
-252
-226
-100
-9
-178
-114
-74
-206
-170
-23
-71
-128
-58
112
34
-110
-37
151
140
-91
-156
33
21
-147
100
96
124
78
-66
-32
105
91
28
55
105
277
75
-69
155
87
-8
120
228
-3
-146
67
90
19
63
60
25
90
-26
-146
63
-47
-178
-27
81
-92
-229
-158
-203
-4
-53
-232
-83
-56
-240
-82
34
-132
-2
18
-122
-43
-38
-161
-2
68
37
21
92
80
-180
-34
268
144
-109
-6
154
136
-95
-240
66
313
21
-120
64
104
-62
-69
-97
-36
127
-232
-151
157
-81
-421
75
162
-239
4
76
-78
-75
110
0
-10
-27
115
92
-67
60
60
165
-41
-151
165
204
-7
-100
-108
154
219
-168
-174
299
-181
-269
293
73
-196
-19
257
-38
-172
-223
-175
-46
-63
-26
-93
-79
-169
-290
-195
-44
47
-235
-165
146
-194
-327
-38
-25
-263
257
28
-256
87
-120
-427
-102
391
-232
-309
-23
35
-314
-129
100
-214
-80
80
20
-151
97
-209
-99
197
10
-204
50
163
-278
-225
266
99
-386
-84
29
-38
-61
-169
-2
16
-200
-48
117
-41
-109
-121
117
-2
-338
-185
146
83
-215
-206
88
197
-239
-142
265
-110
-319
43
42
-304
-121
63
-139
6
100
-304
-178
239
-233
-283
225
-5
-238
70
18
-290
-6
-42
-193
89
70
-335
-264
178
-183
-314
171
-82
-349
61
-21
-314
-23
38
-105
23
-97
-321
-73
61
-239
-227
79
-37
-182
-100
-201
-86
56
93
-40
-3
-11
-36
261
46
-161
234
460
-199
-227
261
75
-195
176
312
154
202
-91
-36
114
-27
111
365
165
-93
44
445
116
-364
61
427
200
-156
-43
234
177
-179
-15
410
71
-152
-66
79
10
-188
90
108
-52
-150
194
28
-211
-334
45
337
-214
-229
-65
85
-141
-50
62
58
112
64
-137
-8
388
57
-78
202
236
65
236
39
51
501
161
68
498
119
-245
386
618
36
249
584
24
-120
447
248
50
408
233
90
352
72
-149
78
294
179
176
335
-41
-211
100
420
178
107
132
181
370
74
-4
238
330
200
93
474
322
72
105
250
291
155
476
81
188
255
477
162
253
505
-21
155
206
174
96
313
23
53
261
66
86
-85
162
218
133
294
95
-92
-107
212
294
50
-41
268
264
-220
111
124
-79
216
292
168
-25
273
256
-102
5
441
419
152
108
131
216
37
447
308
-33
55
292
342
235
278
98
220
516
365
-154
352
392
-222
126
299
327
-59
-156
117
286
174
-53
155
192
224
-39
171
53
-16
207
140
56
-98
404
183
-204
239
603
12
192
94
34
280
65
94
295
449
55
-97
397
291
-187
248
405
-47
94
192
208
174
22
100
263
183
-11
-90
303
226
-32
65
300
173
-230
-17
250
163
-212
-29
327
-58
-171
46
258
-267
-50
559
39
-430
267
41
-219
557
77
-290
279
371
-116
163
494
-142
105
513
304
-161
173
309
-42
77
198
143
-139
269
83
38
368
194
-148
27
682
-184
-259
640
172
-219
504
192
-543
303
224
-305
392
466
-492
-220
702
14
-441
485
279
-308
584
469
-493
93
646
-120
-68
711
87
-320
509
405
-179
417
401
-282
299
365
-57
94
142
7
57
384
150
-145
-153
127
239
8
-49
213
-66
-182
381
152
-196
137
-24
260
370
-328
-282
290
23
-148
477
92
-274
-39
50
-138
347
242
-472
189
88
-247
45
91
-412
145
335
-11
-203
-224
-16
80
76
23
96
94
35
-337
189
194
-145
-140
67
123
64
-33
-24
39
-124
-113
-40
452
-176
-663
246
340
-483
-103
199
-376
72
306
-29
-138
172
-498
-337
804
-290
-432
114
208
-376
216
267
-747
88
94
-249
-37
682
-179
-542
509
-74
-405
206
75
-591
131
526
-394
-428
201
-45
-237
334
77
-467
267
203
-270
68
169
-71
-292
109
227
-403
-267
162
-175
-158
94
-235
-469
298
68
-655
27
377
-712
-68
521
-780
-262
351
-328
-308
233
-264
-671
372
-100
-289
96
174
-455
143
696
-505
-409
435
110
-452
439
-110
-286
389
-221
-427
585
228
-765
383
514
-534
-228
698
-192
-732
517
45
-263
31
294
-287
-297
552
-472
-56
363
-390
-605
898
-184
-1187
603
479
-986
68
655
-745
-33
241
-472
-210
676
-614
-125
474
-423
-181
425
-138
-701
609
129
-379
93
24
-444
376
64
-440
614
-301
-464
362
120
-626
422
44
-475
229
350
-425
-323
668
-723
62
514
-281
-400
253
288
-576
321
81
-340
89
305
-898
45
456
-472
-47
325
-7
-399
235
-163
-324
158
281
-302
102
191
-452
156
12
259
-419
569
-152
-240
385
-89
151
-525
689
-41
-66
-14
-225
34
3
205
-276
-14
-88
-127
-41
-125
235
-532
-71
181
-373
-60
-389
-41
-176
-85
-316
20
-323
-671
-75
-229
-472
-168
-53
-769
-145
42
-275
-354
-446
-96
133
-58
-307
133
-147
-394
197
-89
-65
-118
-196
-230
-46
37
-408
-184
177
-162
-160
213
-232
-536
51
-429
-31
194
-662
-273
200
-291
-418
104
-408
-398
-42
-16
-363
40
-475
-335
-20
-14
-322
-124
-414
-328
377
-590
-67
313
-734
-442
1170
-1073
-594
839
-649
-414
672
-374
-563
571
-379
-513
810
-141
-805
351
109
-428
-149
576
-572
-38
274
-319
-514
535
-251
-1005
661
-393
-555
168
-282
-795
186
114
-798
72
-30
-765
-12
194
-621
-304
34
-40
-445
-182
-460
88
-94
-629
-19
52
-169
-828
491
-369
-22
56
-456
75
222
-131
-196
525
-594
437
-119
-405
215
169
-426
-76
453
-424
-150
246
94
-863
415
544
-769
119
146
-42
-83
123
16
-237
160
-119
243
15
63
-303
191
483
-580
54
288
-209
-13
359
-341
177
524
-124
-504
517
366
-694
404
299
-277
33
428
-376
117
404
-378
483
182
-452
275
462
-530
241
196
-378
196
509
-445
13
754
-739
307
433
-215
-185
862
-179
15
518
76
357
229
211
-137
474
334
-159
74
454
396
-78
77
-80
347
-174
-34
819
-712
589
475
-234
307
863
-571
158
1395
-677
526
835
-432
226
979
-483
-76
1454
-666
-62
1172
-99
-46
1015
58
-516
1300
196
-70
843
-160
147
1087
22
-394
800
739
-239
-182
427
408
-39
-148
512
10
-126
752
-6
-520
448
550
-81
-478
1029
46
-300
680
195
-583
632
703
-661
663
1095
-728
174
1215
-413
249
1041
24
143
1101
-156
529
443
-20
792
236
960
-94
493
490
513
-228
402
1109
120
277
-77
1054
-32
356
205
371
315
145
368
44
743
-513
774
292
61
-59
560
784
266
-4
290
1047
-76
36
1122
126
309
987
200
444
53
1097
26
621
554
543
807
332
404
501
426
224
1209
-227
262
707
500
-279
741
508
-372
897
862
-729
369
1279
-675
566
733
33
-171
1334
144
-348
1093
689
-405
425
1057
-504
979
323
165
542
989
-102
480
1028
218
875
457
563
242
916
192
637
567
434
1054
-114
564
820
94
399
882
353
48
1461
-125
-16
1364
177
296
820
1040
-374
789
544
99
703
729
272
41
1657
-452
466
1205
-17
848
1199
-120
211
1326
284
117
998
533
-74
524
766
141
48
672
406
1211
-6
101
922
219
125
649
1237
-372
682
506
329
283
734
625
-186
1033
4
517
706
297
45
870
713
3
545
1018
545
-492
1206
782
157
372
264
777
590
286
325
588
187
548
760
-455
1068
556
726
-231
870
515
-24
691
274
683
96
1322
-46
113
469
783
179
374
777
92
1114
594
-126
388
1001
105
58
1653
117
-290
1128
253
-135
945
631
-897
740
1151
160
-558
1197
568
-619
796
1046
-285
361
846
165
132
706
213
-226
1009
666
285
80
775
23
129
825
573
10
297
1067
57
65
862
78
421
671
207
74
1151
-183
-105
654
396
579
-271
489
541
504
-200
626
745
-102
759
700
-214
500
697
140
422
404
150
561
390
-176
755
313
483
128
387
350
1007
-556
393
972
-118
119
511
207
268
510
62
592
-432
690
-300
303
472
414
-112
-18
904
-418
553
-129
493
258
1128
-481
-37
1483
-554
65
1101
484
-47
949
-80
133
1170
121
36
287
523
225
318
424
-594
987
316
-370
889
317
-601
520
744
-602
934
429
-1021
604
626
28
300
637
-912
714
726
-248
347
170
692
-450
1385
-190
81
843
-366
801
168
478
-101
919
-638
535
815
-547
807
-367
737
350
152
-135
670
400
-462
459
396
404
-606
620
499
44
101
89
86
626
95
-633
704
429
-315
191
507
272
-670
539
924
-520
57
654
406
-742
826
449
-80
199
761
-214
172
781
-284
714
-326
400
-124
1045
-291
84
-340
316
881
-646
776
-1033
1125
-188
-306
403
-62
-333
902
448
-1300
755
175
14
158
61
398
33
-210
127
213
263
431
-391
562
128
130
843
-1225
246
680
318
-94
528
-435
-127
1111
-872
365
120
178
-153
381
517
-498
105
395
131
-157
424
-484
201
684
-534
26
287
50
-552
601
61
-562
511
404
-151
-115
-32
102
-49
-205
736
58
-885
480
600
-950
464
695
-964
321
1256
-578
-395
873
-311
-75
574
164
-404
830
4
-415
709
-34
-114
398
-493
267
1023
-1233
259
622
-380
108
341
35
-545
645
136
183
-194
-226
-301
469
526
-412
-84
-217
115
185
391
-88
-465
-122
439
261
393
-780
-102
540
-94
134
612
-234
-1106
659
776
-124
-660
268
-436
432
944
-943
-137
792
-296
-514
1562
400
-1527
580
267
76
279
256
-902
249
603
-780
791
-44
-387
-306
1000
-245
15
114
-323
499
274
297
96
-19
187
211
-133
1077
-347
161
54
591
-156
-22
494
-119
-45
254
714
-348
527
-589
-133
775
121
-457
78
227
-462
330
-143
38
-390
-355
212
209
211
-984
21
146
-386
184
-322
141
-772
391
-146
491
-430
-422
719
-565
334
316
35
-708
1171
-356
-729
1022
-236
31
-263
468
-51
127
-223
-273
-252
941
-136
-807
658
-198
122
163
-348
213
11
-437
536
289
-467
13
-110
519
168
-1213
907
-179
42
-541
459
432
-924
-43
282
578
-329
205
-1069
790
77
-650
203
180
-139
-307
328
-45
-466
-67
531
96
-323
308
-182
135
-297
-338
637
35
-51
-458
942
-190
-403
-217
475
-38
-260
487
-147
290
-376
270
-204
445
-366
-151
401
24
-455
149
320
-696
223
-3
99
-90
-82
156
-531
-127
-92
263
-14
-158
-44
-344
757
-468
-195
5
57
-10
11
109
-310
82
145
94
69
35
-52
316
-285
185
-47
508
-342
-192
143
287
-370
377
343
-761
607
308
-416
-682
780
91
-638
674
34
-366
250
-82
404
-89
279
-632
213
661
-347
-95
83
247
59
70
-205
636
-339
30
340
482
-519
167
10
-359
-39
366
180
-331
6
-467
-126
196
-338
-258
959
-943
-272
486
231
-776
41
199
-538
956
-405
-461
445
263
-452
420
440
-360
-288
290
575
81
-156
-270
-157
109
438
148
-210
-450
-137
867
27
-830
-80
65
78
334
-79
-679
677
11
-762
494
298
206
-809
182
634
-266
-412
-23
77
518
428
-337
241
227
-82
353
550
-114
-221
412
667
-520
72
522
-430
815
9
-609
262
91
29
-203
128
174
-602
-195
416
-518
71
179
-214
-192
414
-596
-480
-88
205
193
-482
128
-239
-412
365
301
-876
652
208
-383
454
536
-604
86
1169
115
-270
305
406
-687
1151
468
-517
259
280
-646
144
1034
-545
399
112
-548
387
404
-467
-809
1289
81
-732
561
160
-613
84
103
153
558
-811
-687
557
128
-897
267
132
-114
128
-323
602
-79
-578
-116
1315
-442
-525
925
-507
-211
427
642
-755
584
-170
-46
422
418
-743
133
483
-662
496
104
-598
-335
1023
114
122
-705
-341
681
152
-358
-153
445
-489
-528
447
66
-477
-291
258
390
86
102
-390
-209
136
774
-486
226
-126
-184
250
125
-58
-276
272
-788
974
293
-257
-523
731
45
-245
690
-183
-20
-59
-65
320
353
-534
-394
-201
680
84
-376
86
-157
-153
392
478
-517
-787
506
491
138
-438
-233
-77
-535
242
447
-185
-389
-201
114
811
-351
-258
32
243
170
526
-114
-1043
263
510
-382
460
98
-960
-343
620
344
-339
305
-828
-6
488
362
-507
-310
-79
93
504
-260
-242
-415
181
-293
420
578
-649
-543
452
158
76
593
-712
151
249
263
191
-58
72
41
125
494
-277
-212
251
-26
802
34
-1041
136
97
21
11
-86
-22
-267
-51
-270
133
1
-174
-337
740
247
-948
-29
-7
232
269
114
-316
-100
-164
87
334
-221
-159
-148
464
26
156
143
-99
-233
450
764
-455
138
-310
514
195
-6
-5
-286
-42
193
366
-200
402
-121
-577
330
693
-551
-367
233
-396
571
469
-1155
-202
287
371
215
-280
-440
42
248
-102
-171
-114
69
60
236
177
-94
-22
-593
-123
765
-116
30
18
-483
-5
764
115
-514
8
33
649
827
-443
-1155
546
364
-243
809
61
-1038
138
614
2
167
-130
-171
-260
904
445
-496
-419
-355
831
25
453
-449
-658
-96
907
55
-380
400
-891
192
560
430
-382
-353
-87
286
829
-15
-131
-491
91
261
1123
-396
-813
374
-171
577
413
-94
-952
835
34
-385
710
247
-350
-488
481
380
285
-577
-273
25
673
68
-507
-115
-641
-31
665
-16
-429
-494
-193
614
-407
-34
73
-58
-443
-233
457
255
-392
-661
61
592
-73
-237
-176
-192
167
209
577
-450
-259
-136
57
235
684
-358
-736
429
20
313
-173
-11
205
-120
433
321
-305
-620
409
-31
92
649
-424
-94
-758
272
183
452
-104
-698
-298
351
404
-798
131
96
98
27
155
-377
-183
288
-263
474
334
70
-63
-603
233
681
419
74
-524
-97
958
203
-853
128
130
50
390
327
-523
-503
-121
294
184
158
-584
-202
800
-147
25
78
66
-117
157
520
132
-307
-153
647
157
58
-278
-49
340
-282
661
151
-511
503
-62
-318
-91
428
-13
44
140
-93
69
-395
19
75
226
248
-38
-216
232
140
-553
32
514
-18
-51
-54
-329
146
234
-156
-227
-469
516
223
-338
-292
-70
-46
144
-88
-245
-171
-40
-112
-229
341
-451
-408
86
16
156
152
-425
-130
123
149
-89
-97
88
-194
122
323
93
-414
0
82
279
173
-407
-205
184
-134
-290
568
-333
-834
587
218
-847
361
-187
-503
514
-544
-257
302
-81
-383
156
-252
-7
319
-255
114
-271
125
94
-109
44
-143
314
240
-131
298
217
-520
381
382
-268
-176
84
-127
-189
132
-542
295
-164
-436
-164
279
-25
-489
-477
-257
935
-510
-409
-219
163
-67
-171
180
-544
43
193
-65
-252
505
-286
-339
262
-47
140
95
69
-294
-82
548
-60
-364
400
-286
-529
640
-201
-244
-148
-292
214
459
-232
-742
52
304
-163
-282
269
-127
-375
209
-160
-179
338
-80
-618
56
436
-120
103
16
-230
-283
617
7
-563
75
-28
-144
315
490
-937
-389
624
246
-266
32
55
-78
-21
49
29
232
71
-554
-16
603
-94
-507
-170
-243
364
99
196
-310
-506
128
169
326
34
93
-481
75
327
-327
-131
31
-56
12
371
-423
-234
462
-20
-419
227
437
-279
-131
161
154
136
354
97
-55
-153
-90
706
134
-400
-7
20
283
286
79
-488
170
96
7
584
-169
-763
174
352
-374
57
-73
-320
-534
341
-65
41
-104
-493
7
444
-661
-704
364
-387
-222
356
112
-756
-500
76
156
1
-144
-215
186
38
-305
-26
196
-219
-312
39
204
-315
-420
111
-9
-158
34
85
-331
-226
-85
0
-257
-175
-253
80
-29
-375
97
135
-360
-158
114
-274
162
-24
-445
37
124
-311
289
31
-192
-171
164
43
-127
-260
-617
450
-17
-694
-242
257
-291
-194
58
-885
3
503
-556
-468
241
-364
-445
471
-175
-702
51
187
-211
194
-79
-699
378
123
154
531
-366
-496
590
456
-441
281
-104
-180
217
60
-206
-131
-266
-321
369
-44
-409
-46
72
-257
159
202
-672
-443
-164
187
101
-304
-707
-408
114
-49
-407
-282
105
-209
-34
309
77
-759
-94
542
335
182
151
-313
-383
549
53
154
-137
-484
-122
409
267
-386
-240
-160
242
166
-316
-169
-190
-474
-62
547
-294
-637
-510
-164
333
171
-244
-764
-36
0
-97
220
-309
-529
-46
203
-284
-72
-711
-203
364
-103
-52
-326
-339
-401
3
55
177
-334
-786
134
238
-458
-660
245
-71
-164
18
-336
-649
29
312
-282
261
-139
-372
-5
349
-263
-107
86
-333
141
242
-590
-848
231
117
-37
-132
-572
-448
133
-96
-490
45
-164
-481
-104
224
-367
-670
-224
18
147
-46
-517
-677
60
185
-291
-215
-247
-520
-253
185
-384
-411
75
-169
-163
-8
-284
-385
-303
68
179
-238
-139
-299
-599
211
347
-448
-236
110
-204
-305
203
-62
-425
-52
71
77
-68
-350
-738
320
229
-299
-32
-343
-342
-170
-166
-424
86
-10
-176
-36
-320
-320
40
-244
-469
201
70
-270
-264
-264
-393
60
14
-355
-188
-324
-469
-168
105
-511
-488
-32
64
-285
-352
-404
-253
120
-291
-300
-190
-266
-289
68
-19
-139
-213
-317
-139
-83
-110
-204
-15
-253
-455
35
-70
-459
-296
-33
-154
-82
-313
-547
-166
109
-196
-413
-112
-472
-208
-66
-376
-405
-177
-82
0
-101
-570
-112
5
-183
-45
-71
-242
-217
96
99
-325
-142
-36
-14
-91
-68
-228
-222
260
68
-202
-151
-59
-476
-75
296
-292
-418
-15
-149
-587
-90
-193
-615
-263
-195
-415
-338
-366
-851
-319
222
-514
-533
-189
-375
-531
-173
-433
-623
-438
-365
-355
-336
-423
-406
-103
-199
-279
-455
-197
-321
-99
-130
-333
-83
-201
-139
-237
-198
-208
-49
-181
-400
-371
-308
-194
-216
-265
-387
-174
62
-75
-471
-397
70
-28
-121
-291
-437
-297
-73
28
-199
-134
-294
-79
62
-171
-243
-209
174
-27
-115
-221
-218
-87
-63
188
140
-38
-14
56
-174
48
81
-34
153
-87
-33
69
-360
-569
18
367
-111
-637
-542
-298
-396
-351
-574
-739
-525
-479
-482
-612
-666
-716
-595
-339
-567
-1050
-764
-505
-707
-513
-476
-655
-740
-579
-483
-600
-556
-668
-498
-227
-560
-766
-294
-496
-656
-245
-167
-318
-458
-380
-69
-73
-363
-188
-95
-156
-133
16
-101
-277
-28
-5
130
151
-24
130
434
343
223
442
434
143
578
707
389
488
507
432
749
727
413
462
711
585
422
787
538
428
571
509
272
592
332
98
378
115
-62
-5
-36
-275
-72
-425
-538
-567
-650
-648
-623
-795
-954
-681
-885
-1216
-1132
-989
-1001
-863
-1080
-1491
-1421
-1127
-1174
-1215
-1589
-1498
-1273
-1348
-1713
-1760
-1619
-1756
-1506
-1346
-1283
-1491
-1848
-1841
-1135
-900
-1058
-1128
-981
-694
-438
-91
-179
-257
165
550
722
763
637
835
1313
1349
1182
1323
1391
1396
1531
1790
1698
1531
1446
1495
1512
1471
1450
1273
1350
1321
1178
1009
778
710
832
908
719
485
359
435
437
311
230
143
210
256
206
73
201
-67
-123
175
104
-96
-13
-55
-271
-1
-50
-258
-435
-396
-361
-140
-249
-880
-869
-548
-895
-1126
-913
-1110
-1340
-1263
-1414
-1752
-1639
-2058
-2327
-2008
-2115
-2455
-2143
-1843
-2439
-2960
-2677
-1865
-1603
-1903
-2041
-1811
-1244
-817
-727
-889
-635
-61
450
635
454
465
906
1439
1396
1417
1630
1554
1577
1888
2108
2101
1926
1652
1759
1829
1728
1509
1327
1224
1190
1170
917
574
494
562
518
361
208
231
24
-57
75
314
456
179
21
233
515
612
655
602
539
777
1177
1021
622
595
1010
1323
1144
786
533
633
909
755
449
319
-43
-179
246
24
-752
-787
-567
-819
-905
-1059
-1550
-1697
-1563
-1637
-1908
-2234
-2630
-2566
-2260
-2488
-2973
-3273
-2964
-2322
-2261
-2830
-3522
-3387
-2480
-1642
-1791
-2438
-2438
-1494
-768
-826
-942
-742
-73
641
776
772
872
1055
1532
1953
2251
2146
1926
2023
2297
2745
2820
2412
2020
2119
2236
2310
2143
1706
1530
1699
1640
1295
1071
1038
942
659
644
754
498
287
163
277
293
135
53
75
157
171
284
397
291
160
272
411
403
341
428
489
615
648
524
542
487
341
337
385
259
43
-247
-462
-521
-530
-474
-831
-1198
-1152
-996
-1105
-1430
-1878
-1909
-1685
-1844
-2165
-2486
-2578
-2632
-2716
-3007
-2851
-2320
-2468
-2936
-3389
-3236
-2239
-1679
-2135
-2423
-1934
-1074
-548
-767
-891
-274
740
1209
1002
984
1255
1752
2193
2346
2484
2478
2462
2608
2769
3004
3017
2777
2529
2479
2501
2502
2264
1865
1755
1731
1376
1013
944
774
427
207
250
286
121
-210
-346
-206
-98
-196
-335
-432
-412
-132
152
41
-262
-215
204
503
410
215
321
582
717
686
566
498
577
821
770
485
262
238
301
175
-24
-370
-441
-527
-733
-986
-1305
-1547
-1674
-1673
-1819
-2151
-2484
-2534
-2688
-2945
-3229
-3498
-3218
-2516
-2593
-3466
-4159
-3748
-2220
-1448
-2287
-3041
-2370
-1053
-327
-698
-1046
-391
784
1488
1466
1189
1324
2075
2788
2898
2677
2548
2735
3062
3294
3389
3359
3086
2637
2581
2777
2736
2312
1842
1703
1813
1466
886
548
430
423
327
92
-258
-488
-498
-425
-410
-509
-612
-569
-397
-207
-254
-321
-274
-215
-35
201
246
134
211
400
603
697
700
744
746
760
815
698
494
354
337
282
128
-169
-480
-710
-845
-946
-1181
-1453
-1698
-1903
-2076
-2229
-2519
-2728
-2933
-3079
-3192
-3458
-3724
-3221
-2569
-2908
-3983
-4489
-3490
-1814
-1639
-2893
-3196
-1932
-579
-293
-911
-907
31
1252
1755
1376
1204
1531
2388
2940
2876
2708
2631
2863
3216
3472
3568
3226
2700
2566
2866
2977
2601
2033
1711
1936
1947
1354
721
531
704
622
287
-149
-450
-436
-339
-310
-674
-1000
-952
-663
-527
-649
-833
-720
-469
-309
-182
-127
16
55
184
358
406
462
507
537
507
589
584
449
376
390
338
176
-85
-218
-268
-391
-566
-810
-1117
-1381
-1541
-1745
-2025
-2294
-2553
-2800
-2973
-3188
-3485
-3822
-3517
-2859
-2985
-4047
-4831
-4127
-2435
-1694
-2860
-3721
-2837
-1229
-587
-1098
-1482
-691
669
1443
1226
815
1178
2242
3043
2990
2695
2729
3047
3562
3789
3816
3558
3144
2979
3109
3223
2889
2309
1949
1947
1948
1512
912
526
527
538
73
-521
-728
-711
-583
-708
-1174
-1433
-1334
-1040
-811
-957
-1287
-1200
-810
-461
-335
-412
-322
-4
313
318
331
536
811
971
878
758
836
931
821
870
861
555
316
170
96
-44
-335
-612
-935
-1200
-1423
-1736
-2090
-2398
-2502
-2748
-3155
-3569
-3715
-3846
-4119
-3690
-3204
-3669
-4867
-5366
-4068
-2184
-2141
-3692
-3996
-2575
-934
-670
-1474
-1422
-180
1234
1689
1238
1001
1744
2956
3448
3126
2872
3049
3591
4051
4090
3881
3647
3436
3448
3517
3392
3000
2535
2355
2427
2063
1393
1004
842
857
553
-62
-432
-542
-582
-745
-883
-1189
-1324
-1240
-1099
-1041
-1267
-1482
-1342
-978
-662
-522
-541
-483
-97
134
115
128
387
705
820
707
658
831
873
855
771
699
516
342
192
-10
-186
-283
-508
-819
-1097
-1337
-1533
-1721
-1977
-2212
-2529
-2941
-3251
-3436
-3613
-3650
-2982
-2802
-3848
-5025
-4703
-2932
-1670
-2629
-4133
-3524
-1586
-407
-905
-1603
-963
595
1692
1456
927
1106
2233
3334
3443
2865
2702
3318
4000
4089
3820
3611
3487
3488
3531
3544
3264
2728
2420
2348
2322
1826
1184
856
853
740
225
-327
-516
-533
-541
-754
-1091
-1297
-1255
-1060
-928
-932
-1129
-1173
-914
-581
-429
-380
-311
-76
242
294
219
379
840
1024
894
719
833
1095
1195
1020
808
739
699
541
366
99
-101
-129
-391
-818
-1131
-1321
-1612
-1954
-2191
-2361
-2634
-2995
-3312
-3455
-3713
-3806
-3138
-2891
-3894
-5078
-4738
-2796
-1556
-2686
-4164
-3459
-1421
-283
-872
-1710
-1013
551
1755
1567
898
1076
2256
3431
3440
2836
2608
3295
4165
4262
3901
3537
3506
3626
3667
3567
3221
2779
2541
2711
2663
2013
1275
1014
1206
1130
540
-146
-242
-112
-135
-547
-1087
-1219
-971
-724
-747
-1000
-1273
-1230
-932
-675
-654
-685
-512
-259
-2
52
39
242
677
888
807
616
684
960
1109
1036
839
678
635
582
481
339
135
-123
-357
-564
-741
-890
-1152
-1431
-1695
-1890
-2207
-2578
-2838
-3006
-3154
-3471
-3571
-2836
-2561
-3649
-4742
-4295
-2430
-1320
-2557
-3965
-3093
-1007
-44
-850
-1621
-815
836
1875
1544
941
1191
2377
3448
3288
2704
2688
3452
4137
4026
3684
3600
3645
3600
3485
3348
3139
2738
2292
2257
2191
1714
1107
741
762
735
283
-369
-630
-550
-484
-793
-1242
-1424
-1144
-888
-980
-1267
-1449
-1238
-867
-574
-634
-756
-534
-60
253
39
34
455
982
1087
804
761
992
1331
1385
1156
919
809
870
874
787
483
141
-15
-181
-450
-694
-888
-1203
-1561
-1793
-1886
-2155
-2643
-2944
-2995
-3015
-3406
-3911
-3595
-2633
-2698
-4025
-4832
-3807
-1930
-1529
-2984
-3616
-2166
-372
-102
-1039
-1266
14
1571
2000
1408
1133
1821
2940
3399
3028
2636
2902
3553
3883
3696
3505
3465
3376
3145
3007
3022
2848
2512
2144
1960
1766
1361
950
687
542
269
-25
-339
-542
-611
-704
-907
-1148
-1270
-1263
-1199
-1127
-1152
-1163
-1149
-986
-772
-613
-619
-502
-246
0
96
129
390
584
639
695
682
838
989
928
809
784
765
760
600
429
327
237
68
-161
-358
-530
-693
-972
-1245
-1271
-1414
-1751
-2048
-2252
-2311
-2445
-2786
-3074
-3260
-3028
-2307
-2273
-3384
-4273
-3455
-1629
-920
-2190
-3184
-2203
-353
316
-478
-1001
-235
1190
1909
1586
1025
1259
2323
3117
2808
2192
2233
2961
3543
3328
2889
2671
2729
2703
2595
2422
2102
1766
1520
1533
1452
975
511
307
215
100
-220
-543
-684
-801
-834
-926
-1123
-1258
-1123
-947
-925
-984
-1061
-1043
-818
-552
-353
-284
-267
-87
190
249
305
475
745
841
748
680
851
1096
1166
1095
963
874
865
812
678
587
478
311
37
-221
-265
-311
-552
-938
-1191
-1190
-1274
-1560
-1929
-2055
-2156
-2352
-2615
-2841
-2906
-2858
-2261
-1755
-2379
-3496
-3609
-2144
-607
-1012
-2611
-2704
-967
516
235
-706
-647
542
1714
1761
1176
974
1662
2670
2768
2144
1785
2238
2992
3001
2483
2140
2207
2312
2179
2039
1913
1660
1373
1187
1228
1011
587
292
186
149
-83
-413
-589
-597
-594
-671
-861
-1020
-936
-648
-541
-687
-900
-888
-596
-267
-140
-241
-258
13
363
459
336
326
645
986
975
756
760
1037
1226
1182
931
807
899
1043
977
731
504
398
391
218
26
-148
-279
-450
-695
-801
-886
-1064
-1265
-1393
-1409
-1554
-1780
-1968
-1950
-1960
-2136
-2345
-2438
-1757
-1258
-1879
-2967
-3021
-1626
-338
-866
-2295
-2209
-622
532
57
-922
-731
531
1381
1141
460
446
1251
2057
2039
1269
970
1575
2340
2324
1793
1533
1742
1957
1807
1586
1513
1475
1292
1198
1209
1029
719
470
490
539
350
-19
-260
-160
-26
-137
-511
-720
-560
-315
-288
-453
-657
-655
-291
-70
-66
-187
-187
61
390
451
265
316
648
877
818
643
662
940
1159
1064
832
700
832
966
901
671
436
436
435
307
79
-40
-152
-241
-397
-507
-634
-769
-900
-952
-963
-1017
-1253
-1578
-1545
-1489
-1575
-1812
-1997
-2121
-2093
-1514
-1170
-1741
-2730
-2851
-1628
-436
-1013
-2446
-2440
-970
197
-169
-1202
-1193
48
1105
968
245
-37
761
1794
1743
999
676
1306
2137
2176
1580
1311
1635
1924
1844
1513
1329
1383
1452
1352
1284
1057
794
729
770
765
461
186
120
250
144
-103
-245
-194
-4
-40
-205
-330
-318
-267
-139
-2
-35
-12
32
198
316
257
260
331
484
579
530
493
563
673
660
603
490
477
542
531
442
331
299
333
200
17
-43
-3
5
-148
-296
-395
-420
-492
-554
-644
-700
-792
-855
-978
-1067
-1107
-1147
-1271
-1400
-1502
-1542
-1647
-1699
-1313
-1179
-1846
-2684
-2442
-1240
-517
-1386
-2509
-2118
-809
-98
-659
-1440
-1151
-136
584
406
-60
-89
541
1229
1102
588
552
1171
1729
1660
1241
1164
1428
1676
1621
1390
1279
1274
1307
1330
1332
1087
888
794
848
773
555
330
275
367
368
169
-96
-115
69
226
104
-160
-309
-193
31
36
-35
-197
-34
231
220
78
6
269
568
518
281
230
426
645
661
531
451
449
531
562
520
444
424
416
392
266
235
291
271
143
-28
-78
-133
-224
-292
-259
-327
-473
-631
-712
-679
-635
-828
-1095
-1216
-1259
-1237
-1309
-1522
-1832
-1561
-1126
-1442
-2304
-2736
-1980
-926
-1123
-2429
-2741
-1615
-611
-817
-1678
-1743
-858
-47
-1
-447
-612
-75
687
822
390
257
775
1484
1575
1199
1113
1533
1880
1765
1606
1654
1741
1714
1717
1729
1671
1510
1357
1381
1408
1233
899
731
708
691
626
297
65
33
69
41
-174
-391
-475
-493
-453
-485
-634
-669
-510
-394
-557
-674
-542
-216
-24
-110
-235
-150
169
368
395
306
297
501
705
775
721
697
835
971
937
884
858
881
864
773
736
755
625
458
347
336
352
147
-57
-133
-255
-403
-653
-748
-837
-1089
-1325
-1551
-1682
-1738
-1928
-2236
-2192
-1943
-2205
-2956
-3396
-2870
-1909
-1869
-2856
-3277
-2362
-1320
-1219
-1863
-2006
-1245
-421
-186
-492
-502
29
829
1167
909
799
1330
2087
2296
1951
1858
2284
2609
2560
2332
2320
2467
2418
2226
2108
1925
1761
1525
1383
1169
809
602
459
226
-170
-349
-384
-610
-1010
-1107
-986
-901
-1196
-1543
-1535
-1334
-1157
-1154
-1269
-1226
-926
-659
-508
-437
-309
18
343
467
513
768
1108
1293
1355
1381
1527
1695
1630
1651
1695
1666
1603
1492
1375
1291
1193
1052
955
794
530
371
262
147
-34
-318
-611
-751
-820
-999
-1256
-1461
-1543
-1572
-1745
-1978
-2146
-2170
-2163
-2263
-2451
-2539
-2517
-2403
-2133
-2017
-2340
-2738
-2537
-1573
-988
-1408
-2035
-1709
-659
-104
-284
-668
-338
447
1044
1002
767
926
1421
1894
1842
1515
1486
2013
2476
2286
1747
1619
1944
2123
1928
1562
1420
1437
1396
1214
981
713
521
445
317
65
-217
-287
-199
-360
-564
-633
-722
-685
-638
-543
-548
-512
-546
-393
-195
-154
-95
74
231
432
655
780
839
965
1193
1286
1331
1352
1484
1668
1740
1558
1538
1651
1625
1500
1313
1297
1349
1228
954
735
690
668
535
287
86
-9
-77
-127
-343
-477
-529
-592
-702
-868
-898
-920
-928
-1004
-1057
-1134
-1049
-936
-980
-1140
-1150
-1011
-923
-947
-1153
-1339
-1244
-1102
-947
-867
-1207
-1557
-1405
-779
-529
-923
-1319
-943
-355
-192
-405
-595
-308
219
537
459
282
441
855
1187
1079
839
1036
1493
1788
1536
1321
1522
1869
1880
1647
1456
1515
1674
1644
1475
1287
1229
1219
1254
1058
855
726
744
821
545
177
147
399
392
59
-173
31
344
262
54
-17
81
209
305
343
228
276
487
682
674
548
710
1052
1073
964
964
1137
1241
1234
1179
1239
1255
1216
1248
1281
1190
1040
965
930
968
820
722
607
489
472
378
273
163
137
-11
-182
-329
-402
-463
-556
-672
-797
-828
-877
-1081
-1183
-1180
-1244
-1286
-1278
-1284
-1438
-1539
-1536
-1656
-1657
-1414
-1226
-1347
-1788
-1928
-1409
-772
-863
-1385
-1329
-607
46
54
-163
-62
466
962
1096
969
1016
1361
1819
1962
1714
1645
1979
2362
2326
2048
1959
2187
2249
2061
1806
1685
1689
1633
1408
1269
1073
788
600
536
443
239
4
-128
-114
-145
-304
-566
-566
-370
-247
-367
-488
-350
-189
-117
-106
-46
34
210
449
544
538
627
838
1177
1235
1079
1184
1338
1439
1396
1363
1383
1380
1306
1220
1167
1093
1017
907
735
597
416
326
204
-1
-144
-235
-350
-559
-681
-727
-776
-930
-1077
-1213
-1310
-1213
-1194
-1336
-1432
-1472
-1368
-1181
-1171
-1281
-1326
-1203
-1097
-1098
-1091
-1064
-1038
-970
-916
-925
-971
-747
-404
-492
-950
-1095
-619
-4
-25
-605
-690
-68
483
437
54
-5
431
851
892
644
515
731
1006
1095
837
663
877
1250
1252
898
781
1000
1114
909
712
700
690
594
504
499
475
337
203
133
119
128
137
33
-28
-62
-30
-68
-112
-152
-134
32
-27
-8
33
75
120
164
194
267
459
547
508
476
543
708
752
615
565
580
735
727
594
506
512
541
496
434
281
143
123
67
-87
-255
-312
-302
-323
-481
-602
-601
-555
-591
-708
-694
-697
-841
-958
-871
-742
-864
-1101
-1122
-882
-729
-900
-1122
-1061
-823
-800
-841
-898
-910
-795
-788
-889
-1047
-1080
-875
-882
-1027
-868
-749
-1074
-1359
-1213
-639
-449
-937
-1309
-915
-177
-2
-381
-601
-240
241
428
287
127
185
517
843
654
325
428
905
1075
791
584
777
1081
986
757
718
810
872
776
711
727
523
409
455
378
205
28
27
126
73
-82
-201
-8
147
-55
-344
-240
144
289
-47
-340
-162
208
360
183
-26
-175
94
494
526
186
-29
261
636
603
283
259
458
544
386
212
302
353
234
181
118
7
-44
56
80
-111
-225
-249
-255
-305
-425
-473
-460
-457
-502
-526
-499
-512
-674
-659
-648
-644
-698
-808
-711
-633
-631
-689
-677
-606
-600
-583
-595
-641
-674
-696
-709
-803
-918
-982
-973
-981
-927
-791
-1032
-1445
-1468
-909
-528
-833
-1439
-1356
-634
-231
-475
-804
-692
-250
138
230
80
-21
324
783
844
614
556
1021
1440
1356
1032
1081
1422
1570
1366
1261
1337
1324
1250
1234
1224
1039
783
701
664
597
410
206
137
-46
-127
-249
-397
-537
-637
-581
-620
-805
-1009
-956
-790
-802
-1017
-967
-729
-545
-562
-671
-530
-253
-101
-62
-102
-80
145
390
491
412
397
581
795
777
640
681
842
826
681
613
618
615
595
497
403
281
245
178
51
3
-38
-187
-356
-483
-425
-386
-565
-764
-785
-700
-629
-734
-875
-911
-848
-801
-874
-952
-1036
-1037
-898
-869
-1068
-1141
-1005
-955
-1003
-1099
-1172
-1116
-1121
-1119
-802
-796
-1219
-1466
-1087
-439
-345
-928
-1235
-619
96
141
-311
-410
20
592
803
734
586
679
1088
1474
1251
881
1003
1448
1623
1168
883
1094
1369
1152
796
688
778
696
467
379
212
-19
-167
-193
-302
-570
-731
-793
-804
-925
-1122
-1162
-1168
-1213
-1252
-1241
-1132
-1115
-1124
-998
-850
-692
-563
-395
-259
-124
70
317
563
605
593
804
1120
1224
1155
1136
1339
1430
1402
1320
1287
1296
1333
1256
1136
983
897
897
805
578
334
265
228
116
-194
-426
-420
-388
-519
-755
-773
-699
-661
-669
-819
-889
-833
-738
-725
-765
-705
-591
-478
-444
-418
-414
-305
-225
-298
-335
-302
-269
-300
-326
-309
-249
-218
-392
-539
-543
-536
-574
-755
-682
-471
-598
-1032
-1206
-807
-356
-568
-1139
-1141
-533
-148
-300
-575
-533
-215
46
150
56
-42
134
532
616
249
177
532
909
776
400
499
778
796
500
332
497
576
374
326
417
383
194
121
145
23
-31
-48
-12
-124
-223
-192
-99
-157
-286
-309
-216
-181
-215
-203
-171
-106
-196
-148
18
115
70
43
157
300
334
330
281
313
373
445
472
425
424
432
510
554
500
468
541
593
565
497
433
496
567
513
531
533
559
538
571
581
546
511
494
547
516
502
424
456
495
472
389
323
387
322
217
134
90
43
-69
-190
-257
-375
-403
-484
-574
-679
-804
-816
-920
-1056
-1116
-1154
-1251
-1242
-1244
-1317
-1433
-1521
-1412
-1186
-1279
-1655
-1712
-1234
-741
-910
-1299
-1109
-516
-181
-289
-375
-172
167
419
529
456
446
673
962
1076
830
799
1099
1349
1270
972
1045
1241
1187
915
857
938
828
657
590
644
532
329
275
272
122
-123
-219
-201
-261
-378
-441
-472
-545
-515
-465
-439
-479
-499
-343
-182
-244
-467
-376
34
279
131
-45
84
499
695
642
562
590
823
1026
1120
1016
952
1102
1288
1259
1108
1101
1306
1386
1221
1063
1066
1158
1183
1019
835
752
767
786
675
511
343
228
243
243
159
20
-111
-175
-184
-189
-250
-448
-551
-525
-522
-637
-763
-747
-806
-858
-856
-960
-1011
-1003
-966
-968
-958
-975
-945
-895
-934
-925
-946
-979
-966
-1000
-1039
-903
-644
-735
-982
-1042
-680
-165
-203
-573
-593
-153
208
202
29
40
331
611
740
673
559
665
953
1089
820
638
758
987
970
797
733
796
793
603
482
504
469
294
244
297
189
13
-28
26
8
-78
-148
-147
-134
-179
-184
-225
-301
-250
-163
-105
-48
-80
-62
44
82
87
119
241
333
300
320
368
448
566
669
619
535
629
744
828
758
627
598
695
773
749
639
526
524
579
603
472
363
371
360
280
227
175
213
217
152
172
115
18
30
64
68
-67
-158
-145
-74
-68
-166
-241
-239
-161
-212
-212
-200
-239
-259
-249
-237
-324
-336
-321
-344
-382
-465
-525
-553
-504
-565
-696
-722
-773
-775
-693
-730
-886
-840
-592
-673
-1020
-1153
-756
-345
-511
-849
-885
-420
-149
-280
-430
-368
-74
162
275
230
244
365
671
779
641
543
730
1001
968
796
814
1084
1126
965
982
1026
1011
967
950
1024
930
775
716
694
679
549
384
375
347
316
185
47
-2
-32
-44
-134
-301
-434
-409
-346
-390
-431
-362
-420
-502
-434
-175
-52
-205
-240
-19
268
312
251
403
604
759
898
963
965
1014
1175
1360
1347
1247
1356
1576
1638
1517
1397
1441
1533
1437
1310
1228
1166
1075
1037
945
860
729
594
543
453
349
205
99
41
-48
-110
-169
-348
-415
-378
-382
-468
-540
-583
-593
-554
-564
-551
-584
-532
-484
-473
-489
-540
-514
-449
-376
-395
-448
-431
-431
-305
-135
-141
-370
-546
-353
25
197
-156
-316
-12
385
421
245
225
359
593
646
609
486
524
729
905
888
722
761
1035
1163
962
815
943
1115
1103
910
824
759
729
769
725
647
529
526
442
397
341
281
304
258
140
57
104
107
27
26
68
84
82
48
163
354
391
434
508
621
712
701
732
896
1060
1143
1115
1051
1175
1334
1444
1454
1351
1344
1473
1607
1566
1456
1375
1469
1560
1408
1218
1160
1156
1135
1004
840
767
725
618
563
533
479
391
359
349
245
185
150
154
138
176
136
140
162
120
93
91
103
130
188
141
85
96
179
180
225
229
199
232
236
189
163
145
104
68
-1
-63
-69
-116
-137
-109
-18
-107
-405
-495
-188
20
-149
-432
-407
-122
91
56
-115
-107
-22
123
267
235
123
212
452
604
466
416
641
880
840
714
787
902
986
938
1016
1117
1115
1160
1170
1220
1219
1149
1152
1159
1088
1004
1007
991
902
828
788
704
596
486
489
558
499
377
329
478
509
333
192
298
499
527
382
363
493
589
671
650
559
576
690
805
773
610
604
765
842
726
631
744
907
894
771
771
871
869
777
700
740
735
734
770
683
631
601
612
649
611
558
585
548
535
534
509
460
399
408
370
396
322
243
238
158
128
75
-14
-68
-100
-115
-223
-341
-416
-466
-544
-633
-682
-716
-763
-860
-933
-895
-770
-714
-899
-1023
-897
-565
-346
-550
-683
-506
-183
-4
-53
-99
19
266
501
620
585
684
875
1075
1113
1004
1044
1253
1410
1309
1234
1332
1447
1424
1330
1254
1197
1147
1053
1011
888
782
715
700
646
504
357
285
318
275
152
20
-87
-146
-173
-179
-325
-352
-288
-214
-249
-338
-276
-173
-84
-69
-84
38
127
199
316
360
408
455
536
579
656
668
727
788
755
762
839
904
834
796
834
858
835
790
816
809
751
700
722
765
735
694
666
582
533
467
441
428
366
298
276
242
192
150
138
113
44
-16
-85
-124
-219
-236
-241
-330
-365
-390
-449
-443
-483
-471
-511
-580
-582
-618
-553
-639
-739
-744
-729
-684
-608
-561
-647
-705
-580
-347
-193
-312
-414
-246
20
137
140
143
214
307
437
568
548
543
608
799
865
659
652
802
931
870
691
777
943
892
816
804
802
737
663
625
689
624
493
472
453
336
264
277
255
203
129
129
87
16
-3
38
31
-52
-72
-24
44
-21
-85
-15
10
28
41
178
272
284
278
307
368
408
423
455
478
427
514
571
527
494
570
598
532
516
478
465
422
421
413
328
296
295
303
318
255
181
208
181
120
82
46
45
-44
-105
-63
-64
-138
-214
-218
-207
-264
-330
-350
-355
-377
-414
-472
-483
-487
-511
-535
-618
-689
-705
-701
-790
-858
-896
-954
-942
-1006
-1093
-1141
-1109
-971
-961
-1128
-1242
-1050
-786
-741
-904
-932
-746
-477
-391
-534
-557
-432
-259
-150
-162
-151
-144
-35
110
76
-26
-34
136
260
223
148
127
217
185
178
152
92
12
47
83
45
-40
-151
-105
-87
-134
-242
-300
-349
-376
-446
-477
-581
-652
-631
-580
-602
-714
-775
-747
-719
-716
-715
-734
-778
-809
-761
-653
-659
-704
-649
-492
-463
-466
-475
-456
-401
-342
-252
-263
-249
-193
-136
-124
-181
-192
-117
-77
-70
-90
-123
-136
-131
-138
-131
-172
-209
-163
-174
-169
-211
-294
-323
-296
-287
-365
-444
-533
-571
-607
-598
-662
-752
-815
-793
-807
-882
-954
-1022
-974
-954
-987
-1043
-1081
-1110
-1125
-1164
-1177
-1190
-1190
-1137
-1171
-1166
-1154
-1120
-1105
-1072
-1046
-1111
-1056
-866
-752
-731
-782
-738
-571
-426
-434
-439
-367
-293
-163
-88
-105
-170
-90
66
108
62
79
143
239
240
136
131
159
167
164
140
144
55
-37
-13
-67
-131
-183
-229
-178
-296
-298
-327
-416
-378
-392
-425
-508
-488
-438
-461
-427
-458
-526
-494
-453
-427
-467
-451
-372
-251
-255
-290
-227
-192
-89
-46
-16
-42
-35
10
70
75
88
162
141
176
156
142
163
124
94
22
37
62
18
11
-16
7
13
46
23
-22
-20
-44
-83
-150
-145
-171
-210
-247
-258
-300
-297
-314
-369
-368
-403
-436
-441
-396
-479
-534
-507
-493
-534
-589
-523
-564
-586
-675
-669
-659
-693
-690
-674
-605
-715
-701
-647
-659
-640
-605
-545
-533
-553
-519
-377
-337
-386
-373
-292
-176
-101
-124
-69
-91
-53
38
154
121
92
113
154
180
122
169
195
252
211
205
215
204
169
142
243
277
203
208
215
223
233
241
224
151
188
220
213
159
68
129
181
194
106
109
237
266
203
148
204
255
272
295
272
227
195
266
274
241
159
171
239
209
257
206
256
326
306
269
295
290
264
241
276
264
246
232
254
262
255
228
212
281
271
304
284
263
278
308
302
249
212
229
256
245
205
166
148
136
112
51
76
98
82
54
71
9
-14
25
1
-13
-91
-149
-196
-220
-222
-223
-232
-217
-300
-289
-268
-266
-291
-271
-207
-235
-300
-279
-236
-188
-192
-191
-58
-19
17
37
88
107
109
221
305
369
351
394
507
494
531
584
645
625
650
718
718
727
645
636
683
710
662
641
630
670
688
659
607
504
486
537
571
518
432
478
536
485
408
391
367
383
405
331
331
313
284
332
320
263
248
263
317
303
253
271
282
318
316
296
342
336
379
364
338
359
394
415
434
427
384
392
479
493
446
404
369
387
415
396
411
356
348
370
412
351
227
212
203
195
212
191
93
145
147
71
31
-73
-94
-66
-88
-121
-157
-199
-222
-171
-144
-162
-231
-221
-122
-72
-140
-235
-233
-139
-96
-129
-137
-133
-122
-48
-4
-85
-56
23
113
148
151
171
229
308
371
350
319
381
449
496
462
437
467
514
525
578
604
619
624
651
672
689
695
691
652
622
635
550
489
532
554
525
457
476
517
469
443
441
412
416
398
352
322
328
328
309
301
307
281
246
260
361
371
314
459
474
232
125
334
395
342
255
175
245
317
304
121
66
86
29
92
144
-38
-170
-175
-93
31
-19
-90
-87
-10
25
14
-26
-82
-154
-75
-20
-65
-117
-67
21
35
18
-32
14
-20
-10
-74
-80
4
27
21
-9
19
26
-5
-10
-47
-83
-112
-119
-112
-63
-62
-136
-89
-132
-123
-106
-134
-119
-173
-112
-137
-141
-103
-108
-138
-81
-110
-118
-56
-26
19
16
63
42
-4
20
53
45
46
79
113
167
170
189
187
188
207
196
220
235
258
328
334
346
357
375
385
440
491
421
438
424
493
482
465
441
417
440
387
402
372
314
294
293
285
218
133
75
48
9
-49
-84
-159
-183
-275
-291
-362
-441
-433
-498
-487
-505
-542
-529
-534
-520
-520
-548
-535
-516
-469
-436
-440
-447
-412
-427
-429
-378
-354
-334
-362
-343
-306
-243
-229
-223
-190
-225
-163
-221
-253
-204
-191
-131
-117
-81
-106
-110
-63
-117
-140
-131
-118
-113
-130
-100
-77
-67
-95
-134
-132
-171
-187
-162
-199
-228
-175
-174
-131
-190
-171
-117
-113
-182
-217
-156
-192
-166
-189
-135
-144
-142
-49
14
-28
-43
-42
2
36
58
90
102
105
130
127
119
165
203
253
249
221
249
247
243
296
281
275
295
321
292
313
290
251
242
206
235
176
134
78
42
12
-31
-6
-60
-168
-190
-189
-232
-285
-341
-394
-405
-410
-434
-502
-568
-586
-598
-593
-579
-563
-596
-578
-579
-560
-542
-559
-531
-539
-506
-473
-501
-445
-446
-366
-322
-335
-312
-274
-274
-278
-215
-243
-208
-176
-153
-183
-153
-129
-156
-159
-140
-132
-147
-131
-176
-209
-238
-244
-223
-302
-306
-322
-309
-307
-315
-304
-315
-279
-275
-266
-309
-320
-309
-251
-248
-267
-266
-252
-227
-188
-256
-262
-238
-204
-159
-182
-92
-73
-87
-8
-42
-94
-61
-110
-36
-54
-91
-86
-140
-140
-190
-165
-189
-261
-250
-191
-178
-170
-156
-200
-201
-169
-175
-205
-215
-223
-259
-242
-243
-261
-272
-326
-350
-363
-402
-402
-398
-419
-352
-381
-367
-399
-389
-373
-417
-399
-430
-467
-498
-527
-537
-535
-539
-548
-538
-559
-594
-591
-563
-578
-615
-644
-596
-631
-655
-651
-697
-696
-703
-705
-731
-758
-792
-834
-821
-793
-780
-849
-886
-889
-836
-839
-823
-803
-803
-813
-835
-801
-817
-845
-811
-802
-812
-793
-787
-810
-807
-830
-858
-821
-883
-847
-779
-756
-710
-731
-733
-748
-783
-792
-776
-747
-745
-799
-801
-776
-774
-821
-821
-812
-819
-826
-833
-869
-877
-870
-906
-960
-970
-965
-994
-967
-964
-1008
-978
-937
-999
-1014
-1055
-1017
-1007
-1052
-1030
-1008
-1005
-974
-952
-962
-975
-1010
-1005
-987
-960
-986
-973
-1018
-987
-965
-994
-1001
-1012
-1032
-991
-947
-980
-991
-1009
-1035
-1039
-1087
-1143
-1146
-1208
-1144
-1140
-1186
-1183
-1214
-1233
-1273
-1244
-1280
-1317
-1282
-1255
-1281
-1316
-1294
-1292
-1230
-1259
-1266
-1187
-1227
-1243
-1225
-1199
-1250
-1274
-1263
-1294
-1285
-1222
-1221
-1229
-1255
-1210
-1204
-1207
-1186
-1192
-1174
-1190
-1221
-1172
-1200
-1204
-1127
-1157
-1127
-1105
-1126
-1144
-1110
-1117
-1161
-1179
-1173
-1104
-1117
-1143
-1138
-1143
-1087
-1086
-1050
-1013
-1065
-1016
-966
-993
-972
-979
-952
-935
-989
-966
-975
-955
-1009
-1036
-984
-1018
-1072
-1087
-1068
-1079
-1054
-1058
-1023
-1027
-1038
-1012
-1031
-994
-970
-957
-958
-957
-941
-992
-966
-946
-957
-969
-975
-975
-940
-916
-955
-910
-926
-935
-979
-955
-1000
-1008
-979
-1000
-996
-1041
-1019
-1028
-997
-1013
-985
-931
-948
-946
-938
-861
-841
-848
-829
-830
-770
-789
-827
-826
-828
-819
-806
-803
-815
-807
-790
-830
-801
-804
-778
-743
-721
-745
-780
-804
-831
-821
-824
-837
-887
-857
-846
-803
-800
-798
-781
-755
-758
-782
-791
-814
-809
-779
-725
-778
-751
-772
-760
-741
-761
-756
-777
-783
-749
-770
-794
-751
-735
-764
-760
-721
-754
-748
-684
-693
-663
-667
-728
-669
-658
-673
-636
-658
-640
-547
-561
-540
-537
-549
-527
-491
-483
-531
-569
-563
-568
-550
-486
-478
-423
-356
-365
-375
-410
-423
-408
-383
-405
-398
-415
-453
-434
-491
-496
-480
-520
-504
-548
-560
-558
-558
-574
-551
-512
-512
-577
-560
-561
-550
-594
-587
-551
-597
-548
-634
-625
-615
-577
-563
-546
-519
-496
-482
-507
-448
-426
-363
-372
-361
-290
-344
-345
-333
-292
-310
-336
-371
-360
-312
-328
-332
-298
-283
-291
-296
-321
-357
-395
-437
-412
-393
-415
-465
-510
-526
-566
-555
-580
-581
-586
-585
-563
-623
-571
-592
-649
-628
-615
-584
-595
-591
-573
-575
-527
-501
-531
-518
-477
-438
-417
-389
-371
-356
-324
-300
-291
-243
-282
-209
-208
-158
-188
-214
-232
-260
-199
-221
-172
-204
-183
-139
-114
-165
-189
-198
-246
-253
-295
-313
-316
-340
-379
-378
-370
-363
-323
-346
-314
-328
-348
-299
-298
-280
-272
-273
-221
-211
-201
-204
-172
-182
-177
-185
-199
-179
-175
-145
-105
-82
-72
-10
-15
-1
45
25
-9
9
27
5
42
51
8
9
-11
-31
-19
-30
-56
-22
-5
-22
-41
-56
-61
-73
-117
-127
-95
-101
-84
-127
-103
-104
-149
-132
-187
-159
-177
-173
-147
-144
-116
-105
-87
-51
-46
-30
-5
-45
-34
-44
4
53
44
24
6
22
61
-9
2
22
33
63
33
70
79
41
63
72
67
100
32
59
79
67
78
53
63
101
88
84
115
156
157
132
240
255
259
257
204
212
209
215
226
179
218
203
171
199
230
216
164
227
216
238
233
215
265
240
214
294
276
233
318
282
283
358
330
303
318
324
313
246
266
316
321
321
342
339
330
289
296
318
355
330
332
363
345
344
346
370
380
375
372
371
352
380
324
309
323
418
418
412
425
399
407
442
468
473
504
473
456
498
501
526
570
531
528
543
586
586
559
574
559
585
604
594
614
601
591
579
626
673
691
639
621
628
615
650
621
631
648
685
652
633
642
669
727
750
765
764
735
744
784
768
746
751
782
790
776
806
806
791
801
795
810
804
742
753
791
822
817
837
845
820
815
786
784
793
755
748
732
729
709
733
732
738
724
725
713
687
697
726
755
729
725
739
744
715
695
650
687
689
694
699
709
720
714
706
709
675
672
689
633
636
637
681
634
594
585
587
587
611
647
650
671
670
661
629
646
677
634
668
672
706
746
727
704
715
720
707
718
760
794
789
786
821
781
801
805
755
768
796
793
829
785
780
772
819
848
761
775
769
772
764
783
749
728
732
749
751
775
757
767
748
727
749
715
733
713
700
695
716
758
760
765
769
817
786
801
803
808
829
785
782
786
781
788
754
748
750
759
770
773
775
779
764
760
754
709
714
725
700
743
685
637
629
616
612
582
598
590
575
589
610
647
606
639
663
681
685
660
685
654
652
621
629
658
620
619
644
700
712
677
707
742
772
752
754
820
848
840
826
786
763
764
724
731
702
726
696
647
630
644
660
590
626
605
630
635
602
610
613
619
594
566
551
607
567
564
560
549
535
528
571
596
585
559
604
640
649
628
722
721
712
766
790
772
805
786
789
767
798
802
776
738
708
748
700
704
653
647
667
656
639
666
637
624
635
636
654
621
644
641
590
612
633
660
621
630
681
627
588
591
588
570
600
582
560
595
584
575
601
617
635
661
683
711
741
749
787
774
795
796
783
760
750
739
743
784
737
756
732
737
740
714
685
706
706
692
658
627
579
582
591
577
554
547
565
551
539
515
512
507
481
509
547
507
540
557
580
585
605
617
644
652
657
696
677
649
654
685
663
701
722
707
719
697
690
677
644
650
662
664
665
667
644
679
701
698
693
718
734
722
726
707
719
713
663
647
655
631
639
641
669
654
676
671
674
714
699
696
664
670
652
691
716
706
769
724
708
702
680
708
697
735
713
719
661
644
639
671
676
666
665
636
662
637
706
672
636
663
649
676
604
621
628
624
638
603
641
610
597
647
623
645
660
631
699
670
632
599
572
548
544
603
584
580
564
517
548
545
551
501
525
531
553
564
585
604
590
576
588
607
570
598
589
582
592
541
534
512
523
521
512
550
518
535
481
448
460
413
416
419
398
450
470
406
398
414
386
394
386
413
381
362
365
355
358
351
371
369
359
383
436
420
397
431
449
438
447
453
464
454
411
456
445
464
450
438
422
402
428
388
408
371
371
383
351
381
383
376
367
385
367
339
351
344
338
316
340
405
375
402
427
416
401
424
371
343
391
386
398
393
399
382
384
395
391
368
357
330
301
271
269
241
282
301
273
228
198
181
212
229
177
180
166
154
184
175
178
237
221
272
274
234
274
253
230
242
269
257
242
266
265
274
227
240
238
221
249
201
209
205
182
179
168
123
165
153
150
145
85
112
79
117
80
34
52
17
42
57
36
62
29
38
90
117
109
146
163
174
198
206
248
219
229
263
270
303
302
280
322
353
313
297
304
345
323
319
262
232
242
283
274
211
239
203
237
177
172
171
152
163
200
185
182
184
215
227
217
272
216
220
211
168
200
216
194
225
215
235
273
266
257
278
251
270
239
235
247
247
233
170
143
136
121
144
180
171
208
200
192
201
161
147
169
112
96
90
28
39
69
64
58
65
48
37
53
35
6
42
28
8
26
38
42
22
-5
9
-38
-60
18
-5
-2
44
59
22
55
42
38
76
60
47
86
157
161
207
149
118
113
76
151
162
111
124
106
109
75
77
76
67
62
43
71
56
72
48
34
29
5
-22
-48
-50
-62
-47
-68
-36
-65
-44
-52
-50
-43
-30
-8
-25
21
56
58
90
104
73
76
47
45
15
-10
-8
16
-8
0
8
-24
-46
-46
-32
-49
-30
-26
3
-49
-11
-8
-14
40
-7
-71
-8
-30
-26
-1
-58
-52
-93
-125
-128
-129
-95
-106
-120
-102
-61
-61
-69
-46
-107
-73
-122
-161
-176
-191
-129
-118
-115
-85
-64
-87
-45
-45
6
13
34
10
-6
6
-26
1
-33
-4
-6
-20
-14
6
58
45
50
68
81
83
39
18
5
-2
14
41
29
-5
25
-14
-20
-8
-14
1
22
37
63
64
32
58
81
96
115
126
108
73
75
78
64
60
35
33
-22
-13
14
11
16
13
-23
-30
-23
-70
-40
-16
-10
-61
-77
-39
-66
-79
-42
3
1
33
40
60
17
67
82
55
98
97
86
69
77
28
76
56
60
39
72
126
101
76
104
63
44
67
34
24
-2
-7
-20
3
-13
17
41
64
4
17
50
56
69
95
135
170
169
184
170
159
188
135
70
78
70
51
76
50
89
109
111
106
113
140
182
159
141
145
195
148
109
85
13
3
-42
-74
-82
-79
-80
-58
-15
0
15
70
127
113
104
161
109
91
111
105
121
127
92
71
104
111
113
107
125
174
177
194
175
180
214
247
210
208
225
171
109
79
48
-33
-5
-8
-46
-64
-19
-14
-42
-57
-62
-93
-117
-123
-121
-38
-103
-152
-151
-119
-86
-103
-68
-58
-56
-16
-2
1
39
25
38
42
21
-14
16
10
27
29
4
-1
-21
0
-37
71
120
78
91
112
146
130
109
80
30
37
-3
-1
-6
-29
-19
-27
-38
-27
45
19
0
13
25
-15
-55
-74
-105
-128
-182
-146
-175
-208
-205
-163
-160
-173
-135
-143
-77
-86
-68
-70
-80
-75
-146
-112
-100
-101
-88
-98
-56
-10
-32
-20
-7
-9
-45
0
12
-21
7
7
-5
-1
-37
-64
-52
-40
-54
-72
-59
-109
-109
-154
-182
-143
-183
-179
-192
-196
-196
-205
-171
-108
-116
-80
-57
-90
-83
-118
-118
-122
-92
-77
-28
13
20
46
57
102
98
72
79
78
99
170
141
81
65
81
64
95
81
67
65
40
59
32
51
38
96
95
80
73
64
54
45
0
3
23
-9
-23
-29
-8
-47
31
48
35
65
38
23
55
113
92
92
94
112
65
37
67
82
61
97
127
89
113
114
68
67
107
128
85
64
98
87
111
67
71
86
95
97
57
63
43
31
66
65
70
40
19
22
20
19
-1
-48
-24
-8
0
10
-5
44
55
47
67
82
59
52
23
12
82
38
35
33
50
115
59
58
81
73
60
57
41
38
30
43
33
-3
-8
-71
-114
-100
-83
-66
-33
-39
-47
-56
-32
-5
-10
21
-31
18
60
48
87
61
49
58
61
38
17
22
25
8
-12
-1
53
84
76
121
118
95
110
138
164
87
62
24
15
30
-2
-16
39
34
29
59
62
52
53
88
108
115
85
81
86
63
34
34
81
82
58
73
63
64
91
67
55
53
54
38
42
16
19
-23
-63
-71
-71
-53
-61
-58
-60
-88
-11
5
0
57
43
54
88
72
54
112
105
111
140
156
118
103
126
124
88
81
121
113
148
154
171
151
132
148
97
38
101
176
197
233
216
230
196
187
170
119
117
133
97
78
29
39
48
43
67
38
45
20
48
60
76
79
84
100
85
72
101
62
69
38
45
56
43
85
85
98
92
116
99
143
153
75
66
89
114
103
124
119
62
37
15
20
-50
-62
-13
9
10
24
-14
12
10
0
10
-38
12
-42
-37
-64
-67
-73
-108
-95
-95
-45
-78
-82
-71
-82
-76
-69
-38
-82
-74
-47
-51
19
-16
-15
6
-15
15
10
-9
20
29
5
-16
-6
25
53
44
62
-16
-78
-27
-31
-51
-35
-42
-16
-47
-90
-83
-90
-45
-19
-47
-43
-90
-52
-5
-69
-54
-28
-61
-85
-118
-91
-65
-126
-126
-102
-137
-136
-212
-199
-190
-193
-200
-177
-168
-206
-184
-213
-183
-164
-153
-178
-139
-183
-175
-202
-231
-190
-176
-164
-144
-139
-129
-128
-111
-115
-65
-85
-156
-128
-125
-97
-79
-91
-106
-135
-153
-181
-196
-159
-136
-167
-147
-151
-165
-123
-169
-167
-190
-180
-199
-235
-228
-247
-195
-255
-262
-298
-323
-302
-265
-312
-237
-233
-233
-191
-215
-222
-249
-239
-234
-235
-280
-272
-263
-262
-250
-316
-315
-270
-212
-143
-159
-175
-178
-126
-141
-118
-101
-169
-206
-153
-198
-244
-251
-231
-242
-258
-224
-240
-232
-248
-261
-283
-265
-253
-305
-315
-307
-347
-394
-352
-356
-368
-360
-436
-403
-373
-347
-305
-289
-283
-306
-275
-296
-237
-185
-177
-188
-154
-213
-167
-158
-157
-130
-123
-121
-155
-143
-162
-153
-141
-145
-174
-192
-242
-222
-261
-254
-226
-294
-254
-261
-251
-305
-264
-285
-304
-280
-316
-291
-278
-297
-270
-249
-262
-268
-282
-242
-286
-281
-282
-253
-273
-261
-220
-158
-122
-104
-110
-118
-104
-119
-128
-152
-151
-130
-145
-139
-139
-114
-65
-108
-119
-102
-115
-133
-130
-115
-93
-93
-57
-53
-8
-35
-67
-71
-90
-79
-86
-94
-43
-62
-95
-58
-89
-57
-56
-26
-59
-82
-44
-101
-75
-65
-89
-44
-60
-92
-138
-162
-217
-224
-199
-242
-264
-211
-232
-262
-223
-259
-257
-235
-225
-193
-181
-190
-152
-146
-167
-131
-109
-134
-139
-115
-107
-86
-90
-40
-46
-22
-9
22
46
-1
20
10
-11
-12
-2
-6
23
-35
-35
-81
-41
-17
-22
-39
-68
-52
-80
-91
-88
-111
-131
-110
-84
-52
-41
-22
-33
-35
-86
-52
-29
-18
-27
-38
-44
-112
-63
-79
-89
-59
-50
-76
-49
34
63
70
43
20
-18
11
-60
-65
-30
-46
-19
15
16
20
45
56
35
-27
-35
-61
-51
-32
-43
-72
-58
-26
6
7
13
7
27
30
11
-14
9
18
10
24
16
84
74
102
147
161
167
143
141
117
78
116
88
84
87
110
127
101
76
91
123
115
133
145
78
142
149
106
137
154
137
79
131
116
108
118
113
117
145
137
143
190
224
221
278
256
275
284
250
232
208
215
181
218
173
179
209
220
206
186
211
218
204
242
298
249
249
280
256
230
180
181
152
129
167
206
217
233
241
257
251
247
235
268
234
207
174
206
207
194
167
150
181
114
156
144
169
172
162
171
194
189
212
218
179
232
241
234
227
223
234
255
261
243
214
236
243
210
178
172
207
197
240
267
267
281
304
277
272
278
261
291
300
277
258
295
292
278
293
247
225
246
261
247
248
288
257
251
299
252
208
188
225
140
94
144
97
110
157
176
131
155
175
167
191
209
207
215
187
185
218
208
188
189
188
180
209
246
202
200
238
235
319
341
325
372
358
302
308
321
268
277
247
218
194
192
250
208
172
167
181
106
78
117
105
112
107
63
44
37
41
93
66
55
84
68
148
140
105
150
188
180
192
207
187
215
255
240
281
248
268
281
263
285
246
258
275
276
245
234
213
190
184
194
211
153
129
142
166
161
85
114
113
88
125
122
97
103
123
106
74
75
50
90
105
97
86
76
43
48
43
3
59
84
108
112
118
170
207
164
127
138
164
132
135
167
126
146
108
69
126
124
81
93
33
55
25
78
88
68
116
122
92
124
147
96
108
68
81
89
37
59
97
101
123
121
102
86
105
119
118
83
100
82
89
131
127
106
86
34
-5
2
-9
-65
-58
-3
1
30
-25
-14
-19
-16
13
-34
-46
-29
-22
11
-18
-27
40
24
21
7
10
21
28
34
23
-7
-4
-13
-9
30
34
30
12
12
27
56
70
26
35
48
53
123
107
151
142
127
180
128
125
129
138
179
124
104
118
127
146
137
183
197
203
194
205
183
173
156
155
125
79
75
82
111
71
60
99
94
94
88
69
61
67
53
58
106
117
106
91
74
85
99
81
117
139
169
153
131
152
139
91
134
133
106
115
139
129
60
89
16
-3
57
34
56
43
48
34
18
21
5
1
-11
-12
-16
-20
-64
-36
4
-67
-72
-66
-60
-31
13
30
44
27
71
99
101
105
116
129
150
160
137
163
102
120
74
101
121
107
99
107
163
87
102
148
145
131
143
154
116
134
139
132
112
143
157
194
158
204
191
156
180
159
147
136
156
145
148
127
98
82
101
58
67
55
54
53
32
57
23
-15
19
48
45
49
29
-29
-10
-42
-74
0
-26
-46
-5
-1
-18
40
18
-6
-27
-14
-11
2
2
-4
-2
-30
5
-19
24
26
39
52
2
1
62
58
49
98
153
129
124
150
96
143
124
90
45
1
-22
-17
-76
-81
-41
-81
-98
-102
-94
-112
-136
-127
-120
-130
-170
-181
-175
-174
-165
-190
-162
-196
-166
-177
-223
-219
-200
-163
-128
-94
-72
-108
-100
-75
-85
-84
-119
-102
-102
-149
-173
-144
-123
-119
-104
-106
-103
-103
-61
-67
-59
-22
-47
-74
-41
-73
-55
-51
-99
-43
-42
-69
-48
-53
-98
-55
-42
-33
-55
-112
-100
-104
-143
-152
-95
-139
-112
-112
-88
-87
-79
-50
-71
-68
-59
-62
-86
-58
-73
-38
-50
-8
-37
3
23
-19
27
-50
-33
-69
-51
-46
-83
-86
-122
-126
-131
-169
-149
-132
-186
-188
-209
-221
-195
-184
-170
-187
-239
-250
-273
-248
-196
-225
-212
-191
-192
-167
-162
-160
-186
-121
-84
-100
-45
-51
-91
-48
-24
-5
15
40
90
20
5
30
23
7
-2
6
-15
-29
-56
-22
-20
-56
-49
-60
-37
-102
-112
-128
-139
-153
-165
-195
-191
-175
-167
-193
-153
-94
-85
-43
-59
-18
27
-2
-18
-17
-78
-102
-95
-36
-11
3
11
29
-17
-18
34
-9
-31
-41
-20
-6
-9
-21
12
13
-18
-10
-63
-24
-9
-44
-32
-80
-71
-112
-81
-91
-110
-75
-63
1
-13
-12
20
80
45
-2
6
-16
-35
-57
-26
-90
-57
-21
-61
-64
-57
-37
-72
-100
-57
-25
5
16
37
39
53
66
64
120
93
96
27
30
44
-3
24
-48
-6
-33
-26
-76
-72
-110
-132
-106
-146
-148
-180
-129
-169
-185
-151
-150
-210
-247
-207
-242
-238
-217
-195
-160
-165
-147
-162
-168
-143
-131
-107
-118
-149
-154
-128
-190
-192
-193
-226
-210
-195
-164
-146
-152
-152
-165
-144
-135
-132
-99
-107
-111
-83
-74
-88
-79
-88
-98
-130
-196
-178
-133
-153
-100
-98
-111
-91
-111
-42
11
3
-8
-29
-43
-32
-60
-63
-75
-88
-72
-49
-59
-17
-31
-32
21
55
62
104
105
86
89
66
65
20
35
30
42
-72
-96
-44
-39
-76
-70
-56
-82
-77
-108
-125
-139
-133
-134
-155
-178
-169
-171
-193
-186
-145
-178
-150
-110
-95
-90
-76
-57
-66
-88
-174
-170
-169
-165
-171
-208
-220
-139
-156
-172
-177
-154
-118
-100
-52
-68
-35
-34
-38
-102
-109
-78
-91
-86
-72
-65
-83
-54
-42
-43
-55
-82
-128
-113
-59
-50
-115
-133
-102
-138
-125
-199
-222
-227
-225
-189
-210
-220
-225
-186
-119
-101
-106
-74
-47
-25
-20
-42
-6
-17
-13
-16
-11
-12
17
21
-3
-15
-44
6
0
15
0
-22
-45
-27
-27
-60
-75
-91
-102
-71
-59
-65
-42
-74
-93
-71
-90
-99
-129
-56
-63
-88
-49
-35
-10
-29
-7
24
4
23
23
-31
-61
-36
-26
-52
-35
-31
-26
-15
-30
5
-26
7
71
37
24
5
25
17
-40
-54
-27
-65
-66
-80
-54
-64
-115
-78
-113
-122
-114
-70
-46
-25
23
30
35
30
39
34
38
59
7
28
41
-17
3
12
-6
1
7
-1
21
37
29
31
17
5
-11
-57
-57
-51
-64
-33
-49
-17
-70
-45
-67
-86
-81
-119
-126
-145
-126
-94
-120
-144
-96
-18
3
-8
21
84
142
156
151
172
154
158
174
134
120
149
131
162
158
110
142
120
104
65
48
67
83
105
125
119
126
126
82
80
89
87
85
96
111
151
138
101
37
-18
-22
-91
-53
-35
-76
-17
-53
-10
1
-6
-8
10
11
33
59
43
45
27
44
-20
-46
0
23
86
65
56
108
137
151
101
119
97
63
58
5
-17
5
27
44
42
11
1
8
-18
-60
-53
-27
-22
5
30
57
70
37
15
-37
-28
-15
-48
-9
-21
27
49
6
-30
-14
51
88
125
140
156
177
190
158
184
171
172
153
132
114
121
157
104
79
67
48
90
59
42
79
74
70
80
112
63
76
89
48
63
67
60
72
136
117
118
96
101
97
85
59
9
48
26
6
7
5
-34
-38
-38
-73
-58
-61
-50
-61
-65
-42
-13
-5
-29
-22
-14
25
74
83
61
39
47
33
28
27
-23
-9
-4
32
15
16
10
-16
-4
-31
9
17
-81
-34
15
32
19
25
2
-46
18
-13
1
18
-2
-32
-22
-35
-18
-5
-2
38
35
61
62
49
-6
-30
-33
-55
-63
-48
-51
-51
-56
-48
-84
-134
-105
-131
-121
-97
-119
-90
-114
-127
-84
-81
-49
-34
-86
-32
-29
-59
-93
-110
-113
-119
-84
-41
-19
-29
-41
-32
11
-30
-25
5
-3
0
-29
-33
-50
-32
-62
-57
-95
-116
-93
-99
-78
-127
-93
-110
-98
-109
-166
-138
-109
-101
-97
-101
-94
-69
-68
-69
-75
-85
-96
-57
-31
-41
-45
-2
-35
-43
-81
-120
-62
-60
-56
-32
11
-7
-81
-49
-48
-82
-94
-118
-87
-111
-119
-136
-181
-236
-163
-173
-233
-195
-180
-240
-252
-212
-219
-224
-199
-156
-193
-119
-127
-146
-133
-132
-154
-143
-116
-159
-175
-167
-146
-186
-158
-150
-140
-138
-109
-80
-66
-74
-107
-107
-141
-163
-182
-183
-183
-206
-210
-235
-254
-254
-267
-289
-283
-262
-267
-225
-182
-157
-158
-151
-133
-133
-59
-105
-74
-37
-84
-73
-62
-52
-74
-92
-109
-139
-145
-102
-105
-89
-126
-132
-146
-83
-61
-102
-136
-179
-141
-172
-169
-190
-213
-192
-164
-241
-281
-256
-302
-303
-333
-280
-306
-308
-316
-312
-323
-268
-242
-250
-225
-233
-219
-241
-187
-215
-198
-184
-165
-113
-142
-144
-129
-149
-172
-165
-163
-170
-178
-179
-156
-145
-163
-174
-207
-202
-171
-193
-179
-245
-253
-259
-274
-268
-285
-292
-289
-237
-240
-257
-244
-268
-285
-258
-268
-269
-229
-272
-272
-258
-261
-245
-270
-283
-268
-285
-312
-333
-344
-297
-269
-248
-287
-307
-264
-259
-269
-306
-269
-256
-288
-281
-270
-247
-238
-243
-244
-277
-322
-313
-303
-274
-291
-332
-281
-286
-318
-277
-253
-279
-291
-266
-292
-266
-260
-284
-293
-327
-324
-291
-279
-217
-179
-162
-161
-161
-185
-143
-102
-105
-107
-62
-86
-98
-57
-97
-74
-101
-144
-129
-122
-87
-115
-111
-96
-121
-117
-140
-166
-183
-202
-187
-213
-248
-261
-267
-276
-331
-328
-349
-393
-350
-331
-335
-349
-360
-358
-296
-288
-298
-267
-306
-288
-282
-269
-230
-234
-274
-232
-227
-222
-219
-220
-217
-247
-214
-187
-180
-195
-204
-179
-189
-156
-170
-224
-249
-257
-254
-258
-266
-281
-273
-231
-252
-287
-283
-316
-357
-324
-280
-296
-282
-291
-307
-303
-328
-336
-303
-300
-315
-255
-236
-239
-268
-302
-279
-262
-250
-229
-217
-232
-221
-225
-304
-261
-223
-213
-197
-212
-183
-239
-260
-280
-281
-257
-248
-217
-206
-193
-203
-163
-172
-219
-213
-208
-229
-191
-177
-198
-189
-225
-175
-205
-197
-198
-268
-274
-301
-325
-286
-314
-329
-300
-271
-283
-318
-301
-301
-279
-328
-345
-356
-333
-292
-286
-270
-279
-220
-219
-250
-256
-235
-216
-231
-185
-206
-207
-215
-204
-222
-256
-197
-205
-171
-152
-180
-194
-228
-188
-184
-143
-147
-154
-176
-174
-196
-217
-199
-195
-232
-209
-213
-251
-207
-221
-200
-173
-127
-133
-89
-124
-154
-133
-154
-162
-143
-168
-216
-194
-231
-276
-217
-190
-197
-211
-215
-183
-121
-91
-98
-121
-132
-143
-179
-145
-188
-202
-228
-220
-247
-263
-262
-237
-200
-183
-185
-178
-181
-246
-243
-184
-146
-138
-157
-183
-156
-183
-197
-201
-172
-198
-190
-188
-180
-179
-208
-175
-167
-170
-193
-158
-147
-168
-183
-145
-155
-197
-168
-177
-210
-162
-147
-169
-164
-140
-178
-192
-194
-194
-152
-147
-170
-178
-171
-122
-87
-88
-118
-140
-165
-179
-163
-209
-208
-187
-206
-199
-213
-211
-171
-210
-237
-283
-311
-291
-333
-320
-340
-335
-371
-335
-320
-314
-317
-276
-206
-250
-171
-150
-118
-113
-152
-148
-145
-114
-140
-156
-123
-133
-117
-133
-140
-144
-78
-61
-111
-88
-78
-66
-74
-29
-82
-75
-52
-92
-105
-167
-128
-163
-141
-136
-163
-174
-220
-214
-175
-176
-174
-164
-102
-60
-107
-90
-121
-132
-165
-133
-136
-148
-111
-103
-177
-195
-202
-170
-196
-206
-180
-155
-146
-148
-78
-108
-86
-46
-20
-20
-6
-9
3
-22
-22
1
22
27
62
77
78
18
-14
-16
-76
-77
-133
-156
-150
-163
-174
-204
-196
-206
-214
-221
-238
-274
-319
-374
-317
-298
-325
-252
-249
-253
-251
-264
-275
-202
-210
-150
-126
-115
-36
-49
-59
-68
-62
-32
-34
-28
-10
-31
-9
-11
21
-9
-28
-22
-37
-1
