SAMPLES:	17266
BITSPERSAMPLE:	16
CHANNELS:	1
SAMPLERATE:	16000
NORMALIZED:	FALSE
199
233
254
264
255
292
227
294
338
273
180
216
228
173
124
160
240
206
220
237
251
184
180
97
161
217
120
112
69
139
178
132
158
156
161
149
109
184
203
95
136
221
128
184
186
220
277
180
216
225
210
216
206
247
286
230
282
297
268
301
267
197
190
142
129
138
136
132
134
133
139
111
137
183
143
247
213
217
200
220
226
231
216
189
222
180
151
162
152
94
132
156
81
154
200
145
152
154
80
73
151
143
185
210
178
198
200
185
277
263
227
209
231
216
247
257
227
290
233
249
229
263
207
148
184
205
187
221
324
196
198
257
206
153
186
200
196
155
154
159
138
118
112
189
155
149
198
143
135
156
111
180
222
188
169
181
167
224
181
150
172
174
173
115
171
196
188
151
194
172
133
148
150
128
137
152
175
178
106
94
135
116
72
51
61
69
24
51
14
68
93
63
59
64
55
25
0
-13
3
58
63
47
96
64
43
9
57
56
35
67
13
51
113
76
129
124
91
130
170
181
173
196
225
185
163
166
133
147
185
165
96
172
124
110
143
100
75
17
49
25
49
11
-13
28
2
13
12
0
-41
-19
-54
-25
-23
-75
-25
-82
-62
-64
-65
-75
-69
-81
-48
-18
-42
12
61
58
100
140
96
89
100
95
99
85
114
85
95
59
32
71
101
74
89
128
71
83
110
157
148
137
156
103
112
147
96
113
163
188
198
235
277
221
213
229
168
143
119
110
92
87
80
58
89
171
135
98
123
56
115
113
91
119
113
143
107
119
184
171
186
175
174
225
222
201
214
203
260
248
247
273
278
289
259
264
243
230
236
237
197
178
223
172
167
101
62
119
96
66
48
60
22
48
91
95
11
67
138
99
122
108
108
162
159
171
152
132
160
186
138
163
225
224
225
245
228
234
289
241
286
320
358
316
294
302
320
302
256
265
265
234
251
216
210
141
149
199
167
111
102
123
141
153
170
110
51
136
130
144
119
156
114
60
101
108
187
131
145
203
150
146
160
222
169
179
160
118
171
150
128
121
157
101
106
161
143
137
90
88
100
73
130
122
117
168
194
168
179
213
201
200
224
192
122
121
126
111
86
39
65
78
102
107
87
92
137
119
156
148
159
213
173
135
185
198
154
171
170
169
169
159
140
189
135
163
222
184
181
191
195
210
208
180
159
91
200
222
184
185
236
228
202
196
205
238
191
224
208
156
189
176
197
261
244
219
212
178
186
167
176
206
203
283
311
312
279
291
315
238
291
305
248
281
219
228
240
241
181
180
159
127
140
130
82
83
89
102
93
155
135
126
164
176
185
159
172
157
151
178
155
173
217
188
194
174
217
252
207
229
255
280
270
286
264
240
189
148
149
99
133
128
200
148
148
117
85
83
86
62
103
122
122
164
160
229
220
232
198
170
172
173
174
213
189
149
88
89
124
86
74
101
101
98
61
15
40
43
20
17
21
84
94
86
95
121
144
169
193
163
126
124
100
67
73
67
83
94
110
121
90
100
100
101
93
68
127
78
69
58
23
79
55
47
80
76
63
40
7
54
77
96
47
89
46
29
95
55
84
106
53
81
98
57
32
33
37
69
63
46
43
25
51
46
31
39
15
42
-8
-95
-62
-57
-63
-90
-86
-78
-30
-49
-28
2
-54
-56
-35
-63
-103
-100
-112
-108
-36
20
-32
20
-22
-23
-36
-36
18
2
-4
-75
-52
-45
-40
-14
7
-41
-65
-61
-79
-113
-173
-152
-174
-154
-102
-131
-82
-70
-33
-62
-11
24
32
46
51
3
19
-1
-26
-14
-9
-43
-99
-100
-95
-92
-94
-44
-55
-55
-55
-48
-31
-77
-64
-43
-86
-27
-17
-41
31
75
43
37
64
51
22
14
43
45
43
66
43
24
42
21
34
69
13
-18
-17
-74
-72
-84
-78
-87
-100
-134
-152
-92
-90
-83
-46
-47
-50
-80
-89
-47
-38
-90
-42
3
-41
-35
-68
-61
-93
-99
-60
-67
-94
-47
-36
-72
-13
-18
-83
-128
-143
-144
-188
-202
-227
-235
-197
-188
-155
-147
-146
-108
-129
-105
-54
-30
-39
15
34
10
11
-8
5
21
11
-18
2
-36
-2
50
47
75
81
85
117
124
133
104
97
47
75
27
-10
6
-15
-35
-62
-67
-67
-65
-72
-46
-90
17
-9
16
41
25
22
-9
-8
-66
-50
-63
-84
-24
-50
-86
-52
-46
-13
-1
-33
-46
-49
-36
-98
-110
-120
-75
-87
-92
-70
-98
-96
-112
-82
-36
-21
-32
-37
-35
-23
18
50
47
15
-1
-14
3
-23
-14
-28
-23
-29
-79
-87
-54
-82
-84
-81
-93
-74
-71
-95
-105
-72
-103
-55
5
-31
19
-18
-92
-72
-77
-17
-69
-110
-55
-102
-107
-77
-110
-99
-62
-63
-54
-97
-106
-135
-155
-112
-137
-103
-80
-129
-146
-108
-144
-173
-158
-177
-198
-172
-112
-148
-97
-47
-43
-36
-66
-71
-76
-116
-112
-110
-141
-128
-125
-129
-120
-101
-114
-99
-76
-62
-91
-122
-158
-133
-88
-106
-56
-118
-109
-100
-76
-109
-120
-129
-92
-88
-108
-63
-75
-147
-125
-83
-111
-86
-116
-111
-132
-122
-125
-110
-139
-88
-116
-103
-114
-111
-55
-48
28
14
-4
10
12
-14
-15
13
-28
-2
-20
-2
-17
22
55
9
36
11
-66
-79
-81
-89
-98
-98
-98
-88
-56
-81
-61
-42
-64
-87
-140
-131
-80
-29
-21
-53
-39
24
0
-31
-37
5
12
-25
2
7
12
-19
-57
-19
-10
0
-68
-36
-69
-72
-83
-147
-120
-174
-181
-188
-159
-172
-191
-217
-216
-219
-191
-207
-215
-263
-201
-138
-147
-75
-35
2
-27
-61
-24
-114
-52
-41
-98
-91
-94
-103
-114
-103
-152
-174
-153
-181
-200
-157
-153
-156
-114
-73
-54
-85
-102
-104
-79
-95
-87
-132
-157
-154
-195
-137
-190
-170
-180
-167
-166
-138
-119
-157
-66
-130
-159
-132
-104
-98
-57
-101
-111
-102
-105
-58
-138
-113
-158
-196
-146
-96
-120
-89
-107
-103
-98
-100
-61
-64
-73
-67
-47
-53
-21
-27
-17
-33
-84
-63
-67
-82
-87
-96
-143
-170
-165
-142
-144
-130
-92
-101
-120
-165
-171
-246
-319
-28
56
-351
-235
132
-105
-412
-281
-35
-62
-318
-257
17
-66
-289
-148
42
-72
-121
-24
74
34
-93
-137
31
15
-108
-52
86
-38
-138
-61
-70
-162
-179
-129
-147
-128
-127
-117
-182
-154
-123
-90
-120
-150
-61
-82
-104
-162
-174
-183
-140
-165
-92
-33
-105
-115
-55
-28
-43
-43
-46
-55
-85
-29
-19
-36
-78
-93
-70
-53
-54
-56
10
11
-25
-20
-38
-10
-19
-45
-68
-123
-152
-209
-160
-208
-234
-189
-140
-125
-135
-81
-159
-139
-129
-137
-150
-168
-113
-90
-95
-114
-70
-96
-95
-78
-101
-84
-67
-39
5
-12
-6
-2
-22
-44
-17
-26
-44
10
-51
-71
-106
-122
-121
-138
-120
-129
-157
-133
-173
-135
-146
-201
-174
-220
-161
-144
-138
-90
-98
-74
-27
-37
-36
-32
-15
8
-2
-7
39
74
25
35
0
8
9
0
22
-18
-37
9
48
-11
-17
13
9
23
15
21
19
-15
-1
-12
-3
-48
-56
-50
-33
-43
-88
-57
-43
-65
-72
-21
-24
-16
8
66
53
81
33
-1
12
-28
-26
-29
26
-16
-10
-1
90
71
75
96
106
181
141
150
109
115
93
101
121
105
99
59
78
70
38
39
16
7
-33
5
-22
-110
-91
-71
-6
-28
-47
-19
-9
8
-43
-50
19
56
73
46
47
30
16
42
69
50
76
120
121
159
161
152
130
135
101
122
86
99
103
49
116
141
164
225
209
177
153
146
115
60
90
95
108
130
135
150
140
95
79
94
57
76
74
49
55
43
83
38
38
42
0
-12
20
-4
-67
-54
-11
-49
-95
-58
7
5
-6
-3
-34
6
14
-5
-9
22
2
29
43
76
68
62
111
127
141
115
101
76
53
32
32
44
42
24
37
91
88
78
69
51
57
-5
-8
4
-21
-63
-77
-45
-34
18
22
35
46
29
85
98
51
46
72
57
102
119
129
73
30
42
50
84
73
22
7
49
35
37
31
54
35
56
64
104
102
61
61
70
88
72
89
127
138
116
110
152
138
199
203
184
213
270
285
265
285
254
242
209
244
213
172
183
182
170
167
183
178
192
254
271
217
182
169
132
155
182
183
157
143
156
125
80
78
62
69
65
37
50
34
88
72
76
107
57
57
78
69
107
121
64
50
52
38
47
24
65
86
80
99
93
61
42
45
90
99
77
171
149
158
170
183
158
143
123
65
116
106
131
132
77
74
116
93
93
151
102
50
46
70
55
33
80
111
111
108
148
123
94
97
95
98
59
91
95
82
69
60
71
66
97
32
-12
-21
-51
-90
-104
-93
-87
-50
-88
-103
-94
-94
-42
-52
-53
-54
-28
-15
-50
-56
-55
-39
9
-3
-27
43
86
95
130
90
128
140
148
145
98
107
42
3
7
-6
-64
-108
-114
-150
-140
-145
-140
-168
-205
-195
-200
-206
-212
-245
-243
-189
-212
-175
-204
-221
-202
-233
-273
-250
-226
-172
-142
-127
-117
-73
10
-25
-7
-27
-45
-19
-45
-82
-32
-23
-57
-35
-14
-18
-49
-54
-28
-22
8
17
47
88
131
101
42
67
63
19
-20
-17
-73
-149
-158
-169
-156
-166
-198
-195
-147
-109
-102
-79
-74
-98
-59
-116
-159
-111
-128
-127
-150
-161
-138
-132
-125
-90
-103
-83
-25
-16
-31
-46
-73
-47
-83
-104
-105
-133
-179
-149
-112
-136
-84
-90
-109
-83
-120
-155
-203
-196
-227
-232
-236
-277
-236
-236
-184
-238
-255
-219
-237
-200
-209
-185
-188
-222
-184
-140
-141
-105
-108
-132
-113
-161
-174
-214
-214
-248
-236
-236
-261
-263
-275
-285
-278
-259
-271
-253
-248
-277
-306
-327
-358
-343
-356
-345
-369
-386
-348
-305
-323
-332
-361
-391
-394
-391
-378
-367
-327
-344
-328
-333
-351
-310
-303
-294
-234
-261
-258
-262
-293
-292
-357
-362
-331
-396
-392
-427
-401
-406
-396
-372
-375
-350
-335
-301
-291
-289
-312
-303
-337
-298
-259
-267
-264
-239
-200
-239
-283
-283
-253
-277
-237
-242
-256
-216
-202
-125
-170
-99
-113
-96
-68
-78
-68
-74
7
-8
-18
-13
9
-15
-71
-60
-43
-97
-106
-75
-166
-203
-182
-155
-182
-168
-146
-216
-226
-275
-254
-254
-248
-296
-321
-299
-264
-250
-279
-250
-262
-222
-203
-173
-110
-64
-60
-60
-77
-43
0
-18
-9
-13
8
-14
5
10
-25
13
-14
-39
-50
-36
-54
-62
-34
-57
-60
-59
-104
-87
-81
-74
-67
-96
-101
-156
-196
-223
-248
-256
-275
-279
-261
-286
-290
-317
-307
-267
-271
-279
-282
-258
-245
-227
-187
-158
-147
-130
-181
-165
-172
-159
-160
-158
-108
-153
-167
-140
-119
-141
-113
-113
-116
-146
-127
-115
-164
-165
-188
-210
-233
-224
-194
-223
-213
-220
-221
-229
-252
-261
-271
-294
-341
-372
-374
-389
-427
-416
-406
-388
-356
-351
-345
-326
-276
-231
-190
-199
-229
-199
-235
-200
-238
-238
-228
-255
-242
-240
-200
-153
-131
-146
-133
-102
-61
-49
-17
-73
-92
-76
-74
-134
-159
-157
-189
-184
-213
-266
-292
-242
-261
-243
-256
-204
-169
-189
-176
-157
-158
-133
-133
-116
-96
-122
-117
-71
-82
-114
-114
-187
-227
-150
-70
-92
-38
-59
-90
-44
-15
-28
-36
-42
2
-15
-4
-20
-31
-28
-39
-11
-38
-59
-5
26
22
-17
-42
-28
-16
-6
29
53
76
65
39
78
45
90
99
100
119
131
128
65
81
97
122
152
157
165
179
169
184
196
201
207
276
307
381
384
411
421
375
415
419
459
470
528
513
460
507
499
456
484
466
423
416
404
373
404
370
359
316
375
323
334
393
355
352
301
300
328
333
265
288
254
297
291
231
227
216
235
201
210
205
211
195
207
224
264
237
197
227
187
183
219
253
228
188
178
176
186
180
167
155
160
155
169
191
138
157
144
91
142
133
129
107
104
100
112
103
135
161
157
156
167
140
154
159
181
203
182
190
158
162
137
150
193
208
151
223
252
237
267
239
201
170
151
70
54
39
41
42
46
45
85
88
96
122
146
134
123
128
48
58
126
131
109
149
155
174
139
117
140
77
59
102
134
120
84
142
146
110
112
59
62
69
72
59
26
10
12
2
20
47
4
-25
-27
9
10
30
72
42
33
104
87
104
141
147
128
142
166
157
141
96
95
44
67
41
72
71
58
46
57
55
60
80
87
59
-1
49
49
15
0
-1
-35
-44
-43
-54
-39
-21
-16
-44
-10
41
10
22
64
13
-14
-21
5
-20
-59
-29
-42
-1
-17
-60
-110
-102
-96
-74
-88
-100
-71
-91
-68
-135
-151
-132
-165
-174
-132
-86
-16
-39
-55
-26
-49
-71
-111
-128
-122
-67
-45
-50
-6
-26
-32
-1
15
-23
6
35
66
49
81
74
38
66
33
46
12
-25
2
-8
-69
-77
-81
-119
-98
-24
-13
23
63
-3
-2
-9
75
66
-11
67
63
52
60
73
79
110
111
109
92
115
121
86
80
69
80
87
101
79
98
14
-9
-58
-69
-87
-94
-101
-72
-25
-57
-53
-72
-73
-42
25
27
59
54
58
55
30
48
46
97
67
40
84
84
105
107
100
106
126
148
177
159
168
149
143
109
110
131
64
24
33
41
63
13
-23
24
33
-40
-34
-62
-45
-40
-17
19
7
-20
-53
-40
-54
-53
-32
-27
-50
-9
19
11
1
18
55
54
86
89
22
40
59
25
-6
-7
-45
-38
-85
-130
-143
-179
-197
-188
-203
-201
-186
-150
-160
-111
-98
-164
-144
-124
-129
-81
-92
-86
-106
-82
-78
-73
-59
-64
-22
-65
-43
-35
-35
-16
24
29
50
64
76
87
66
81
55
-48
-29
-11
-19
-40
-66
-62
10
38
19
85
138
159
171
165
224
273
261
281
323
283
258
306
358
314
351
343
356
365
281
309
304
283
240
219
235
197
204
202
174
158
105
83
67
17
20
32
12
33
17
44
41
47
49
40
60
117
117
115
95
112
134
190
246
272
336
330
375
411
379
408
421
426
398
366
379
390
392
389
381
322
341
312
291
262
243
183
156
198
200
211
243
261
281
320
316
360
361
361
365
381
416
342
381
396
414
412
418
442
408
442
449
440
446
448
435
393
424
355
360
377
383
395
351
421
361
382
408
370
366
351
339
322
352
389
361
323
335
266
261
323
337
405
385
360
331
320
336
305
291
293
285
293
339
314
313
317
293
266
255
264
229
204
196
204
236
275
275
284
319
345
293
305
290
269
316
337
289
252
271
269
313
279
275
250
224
223
235
242
284
297
318
347
373
388
331
345
314
296
294
268
228
194
221
185
190
186
150
158
103
128
114
135
122
71
108
160
138
120
86
30
80
97
85
102
107
82
121
123
120
139
115
167
197
159
100
68
39
20
-27
10
16
21
47
13
-15
-6
-39
-14
-47
-95
-66
-79
-98
-77
-48
-112
-139
-146
-168
-121
-131
-136
-150
-118
-60
-36
4
43
84
55
86
38
-8
23
32
54
25
-33
-3
-17
-30
-61
-46
-77
-84
-71
-98
-95
-72
-101
-165
-162
-181
-242
-241
-243
-264
-287
-271
-257
-266
-265
-306
-332
-262
-219
-222
-225
-209
-249
-244
-205
-182
-154
-162
-129
-145
-123
-134
-144
-169
-195
-249
-185
-186
-277
-223
-221
-239
-271
-297
-262
-277
-243
-268
-318
-289
-224
-256
-274
-274
-248
-234
-187
-144
-186
-173
-224
-242
-231
-202
-269
-296
-255
-236
-208
-157
-184
-221
-219
-229
-221
-279
-291
-268
-231
-183
-176
-205
-186
-169
-198
-213
-220
-247
-251
-247
-269
-217
-226
-298
-275
-260
-250
-173
-110
-155
-209
-201
-201
-180
-168
-164
-138
-147
-130
-19
-11
16
5
73
117
13
28
16
14
9
33
92
106
130
165
184
236
229
221
222
215
227
237
233
218
236
213
211
190
191
226
294
330
294
306
346
304
279
318
324
338
364
446
419
436
437
476
523
470
454
485
489
478
544
510
477
471
431
428
417
408
442
426
362
357
368
354
313
237
237
268
223
256
245
227
192
166
141
75
45
22
-4
49
29
-16
-22
-22
-23
-73
-92
-94
-90
-108
-156
-189
-238
-199
-164
-210
-229
-231
-228
-249
-302
-265
-255
-248
-232
-221
-194
-178
-104
-107
-105
-66
-14
-14
12
59
85
73
124
180
186
207
257
312
352
421
456
483
503
611
593
606
680
717
755
798
889
950
1005
977
1023
999
1014
1087
1078
1090
1047
1057
1088
1068
1004
983
912
845
766
708
694
649
584
529
413
319
272
207
98
-29
-39
-87
-137
-250
-308
-325
-404
-467
-540
-560
-573
-636
-675
-719
-753
-843
-836
-852
-920
-899
-916
-864
-832
-820
-814
-880
-898
-950
-965
-941
-956
-994
-1033
-1059
-1037
-1061
-1105
-1128
-1192
-1255
-1298
-1268
-1275
-1290
-1358
-1396
-1323
-1196
-1039
-1013
-969
-851
-781
-645
-417
-335
-257
-160
-53
156
332
482
547
584
694
913
1108
1221
1294
1344
1399
1510
1617
1663
1677
1728
1790
1831
1905
1881
1846
1791
1722
1728
1761
1743
1630
1465
1376
1279
1255
1163
1056
982
822
843
782
729
627
536
447
358
341
351
263
175
97
42
14
-6
-40
-131
-122
-143
-200
-191
-163
-175
-227
-169
-81
-117
-113
-138
-172
-192
-161
-185
-182
-170
-236
-233
-281
-306
-280
-306
-366
-437
-446
-440
-443
-523
-586
-589
-653
-634
-671
-736
-787
-907
-937
-971
-1065
-1109
-1092
-1148
-1182
-1182
-1164
-1156
-1073
-1004
-937
-853
-754
-672
-500
-356
-217
-66
87
287
454
652
744
850
947
1124
1252
1349
1476
1558
1635
1753
1768
1844
1909
1882
1941
1992
2000
2049
1974
1944
1884
1813
1756
1723
1708
1626
1520
1442
1417
1296
1203
1125
1024
964
870
820
825
751
686
595
592
584
528
491
409
371
323
331
299
272
276
265
238
242
274
195
219
174
142
193
206
175
157
155
187
212
216
216
192
166
78
59
11
14
57
65
105
138
148
132
131
118
173
114
81
31
-34
-46
-99
-133
-217
-238
-326
-439
-467
-570
-658
-772
-823
-913
-953
-960
-1010
-1033
-1188
-1197
-1103
-1068
-1065
-971
-937
-892
-786
-680
-562
-478
-364
-225
-100
0
155
244
296
376
548
649
800
904
980
1102
1136
1233
1258
1366
1462
1465
1506
1621
1681
1684
1721
1697
1676
1695
1665
1676
1666
1584
1567
1493
1451
1423
1363
1309
1266
1157
1088
1044
930
853
794
757
670
606
494
414
341
255
229
127
67
16
-50
-99
-112
-97
-126
-159
-111
-84
-85
-104
-83
-74
-106
-98
-129
-119
-103
-66
-53
70
50
122
154
209
254
195
228
155
104
79
-5
-94
-121
-201
-264
-331
-406
-445
-489
-596
-643
-685
-689
-707
-796
-886
-907
-909
-960
-1022
-1071
-1074
-1116
-1169
-1220
-1222
-1221
-1241
-1202
-1173
-1074
-1014
-861
-769
-703
-575
-455
-340
-239
-133
9
151
259
318
379
500
604
638
753
871
910
952
991
1082
1137
1188
1246
1324
1373
1426
1508
1482
1549
1597
1583
1567
1599
1531
1499
1491
1409
1319
1261
1179
1086
1091
1019
903
808
712
594
549
521
469
385
321
212
138
75
-5
-72
-125
-175
-191
-245
-288
-278
-295
-292
-312
-309
-362
-424
-393
-430
-380
-360
-321
-302
-317
-262
-256
-224
-201
-231
-155
-157
-176
-129
-177
-176
-174
-178
-193
-197
-189
-165
-199
-198
-216
-239
-260
-305
-347
-407
-383
-433
-483
-481
-487
-528
-572
-629
-699
-707
-736
-748
-740
-708
-714
-732
-713
-692
-694
-694
-713
-760
-818
-822
-782
-741
-717
-655
-598
-521
-433
-353
-222
-179
-122
-30
74
153
217
292
340
487
604
677
818
887
937
1012
1126
1158
1190
1237
1296
1324
1367
1422
1439
1427
1349
1336
1245
1204
1127
1042
966
939
886
756
704
607
523
457
362
257
137
6
-88
-152
-238
-295
-361
-439
-537
-588
-657
-739
-708
-706
-693
-682
-670
-670
-688
-680
-629
-634
-623
-497
-494
-448
-429
-387
-366
-367
-320
-316
-269
-265
-268
-252
-228
-217
-230
-215
-179
-184
-274
-269
-297
-336
-353
-386
-392
-402
-421
-456
-451
-501
-519
-581
-635
-631
-636
-677
-733
-738
-785
-777
-852
-874
-894
-953
-913
-944
-918
-927
-965
-967
-980
-932
-891
-898
-863
-792
-732
-711
-705
-608
-577
-501
-398
-323
-249
-219
-109
1
82
134
209
320
377
401
445
558
586
613
611
653
707
726
804
841
854
791
804
809
792
794
745
739
754
708
704
645
587
544
434
377
333
255
184
103
22
-55
-150
-229
-299
-350
-431
-451
-455
-538
-573
-594
-615
-683
-726
-690
-674
-633
-669
-741
-699
-688
-665
-622
-624
-643
-560
-494
-469
-385
-329
-226
-149
-133
-157
-119
-42
14
14
46
120
127
134
113
79
45
51
50
-3
-41
-107
-172
-241
-306
-355
-462
-524
-518
-574
-619
-676
-748
-803
-818
-855
-858
-922
-934
-950
-1006
-967
-963
-973
-978
-941
-931
-851
-859
-808
-778
-767
-729
-652
-615
-559
-447
-399
-339
-257
-208
-131
-85
-62
-42
-1
65
71
133
142
188
226
302
352
402
433
512
564
560
559
531
570
533
530
535
536
511
497
471
504
463
387
379
325
321
239
163
129
80
44
6
-56
-84
-123
-136
-193
-310
-340
-350
-433
-447
-467
-471
-491
-559
-596
-629
-589
-595
-601
-564
-502
-527
-520
-578
-524
-425
-425
-382
-329
-261
-203
-116
-54
-92
-26
19
-40
-5
9
-2
-32
-85
-20
-50
-83
-68
-112
-148
-220
-275
-299
-293
-324
-406
-463
-494
-520
-560
-608
-650
-679
-730
-816
-859
-892
-860
-938
-1006
-1011
-996
-993
-972
-1002
-1020
-964
-980
-995
-945
-883
-836
-780
-767
-709
-662
-625
-562
-565
-512
-494
-494
-436
-397
-330
-273
-178
-137
-70
-8
44
147
202
278
327
416
417
485
508
521
562
550
574
592
595
583
622
611
605
612
570
520
495
459
418
359
302
254
181
146
128
79
32
1
-35
-112
-166
-218
-291
-344
-385
-359
-368
-390
-365
-380
-362
-337
-328
-327
-293
-239
-210
-242
-234
-216
-230
-220
-204
-172
-147
-88
-42
-44
-8
9
25
68
89
46
45
41
38
60
59
60
15
-11
-52
-69
-140
-121
-121
-193
-222
-264
-272
-293
-351
-355
-373
-372
-403
-436
-441
-495
-516
-556
-538
-583
-580
-602
-649
-651
-632
-679
-684
-649
-676
-696
-688
-689
-719
-704
-664
-670
-650
-573
-544
-522
-523
-521
-483
-441
-374
-318
-278
-239
-166
-83
-12
72
143
200
259
315
377
373
378
415
453
505
525
529
560
573
630
655
647
683
629
584
559
507
488
468
439
339
257
206
143
73
34
-33
-87
-112
-142
-152
-153
-127
-144
-120
-122
-166
-156
-179
-172
-140
-123
-78
-73
-87
113
708
668
-355
-457
559
932
212
-451
-116
547
646
48
-217
185
364
154
12
92
77
-289
-271
-9
538
940
311
-563
-401
658
920
126
-576
-326
182
147
-474
-764
-539
-413
-409
-359
-405
-792
-765
-511
-577
-935
-804
-434
-424
-688
-1054
-1013
-680
-366
-556
-658
-600
-708
-593
-409
-70
333
-243
-838
-195
847
738
-67
-490
-30
952
668
269
345
566
715
733
988
857
723
659
698
1127
1109
1250
1169
487
675
1082
1525
2012
1360
556
757
1508
1869
1546
1121
664
843
1443
1162
520
63
734
1060
1332
1160
24
-50
55
277
1126
1228
-54
-744
63
779
1048
192
-1106
-290
912
465
-199
-386
-550
118
765
110
-276
-594
-464
192
526
282
-132
-724
-1158
-474
103
-131
-522
-732
-496
-445
-833
-1298
-1077
-806
-1097
-1195
-1053
-1498
-2156
-1848
-1465
-1728
-1943
-1999
-2142
-2360
-2494
-2531
-2487
-2170
-1653
-1838
-2633
-3299
-3068
-1293
-55
-1029
-2289
-1927
-635
187
210
-91
-39
792
1618
1756
1496
1302
1565
2236
2981
3545
3324
2179
1630
2385
3829
4577
3565
2066
2030
3055
3526
3088
2541
2146
2273
2650
2305
1458
743
1133
1829
1468
820
327
-26
3
471
693
159
-454
-894
-622
-114
-384
-842
-764
-515
-576
-827
-1107
-1262
-792
-20
-179
-947
-1205
-1012
-388
127
-313
-871
-781
-362
-287
-395
-833
-1305
-666
76
-543
-1681
-1990
-1477
-661
-660
-1582
-2475
-2933
-2478
-1723
-2024
-3103
-3703
-3665
-3450
-3609
-4460
-4566
-3219
-2416
-3320
-4740
-5286
-4006
-2151
-1736
-2811
-3374
-2382
-949
-580
-1036
-860
270
1381
1742
1554
1285
1785
2703
3534
4158
4014
3400
3113
3831
4928
5226
4456
3530
3618
4312
4375
3572
2811
3003
3638
3392
2201
1330
1135
1568
1992
1553
399
-465
-396
107
218
-325
-896
-977
-905
-821
-806
-953
-1102
-1120
-718
-290
-559
-1255
-1237
-118
456
-3
-592
-697
-159
529
440
-190
-172
94
334
425
57
-411
-404
-122
-226
-707
-1033
-1182
-1372
-1284
-1227
-1831
-2512
-2735
-2990
-2920
-2860
-3322
-3688
-3895
-4303
-4647
-4678
-5016
-5473
-5659
-4785
-3792
-4178
-5428
-6354
-5719
-3305
-1767
-2833
-4408
-3976
-1619
254
134
-1017
-629
1331
2881
2920
2402
2638
3640
4555
4964
5200
5195
5080
5069
5549
6232
6425
5836
4892
4585
4929
5243
4885
3868
3327
3310
3227
2553
1722
1389
1462
1308
556
-295
-584
-552
-728
-1043
-1415
-1543
-1713
-1937
-1997
-1777
-1599
-1860
-2067
-1838
-1329
-1176
-1421
-1365
-803
-436
-525
-669
-509
13
347
197
49
98
113
172
129
-13
-12
-131
-382
-536
-806
-1079
-1139
-1326
-1766
-2182
-2386
-2771
-3275
-3543
-3640
-3918
-4511
-4921
-5396
-5815
-5513
-4654
-4221
-5016
-6482
-7190
-5359
-2603
-2332
-4335
-5352
-3592
-670
267
-1044
-1786
-171
2327
3211
2340
1708
2718
4473
5286
5240
5009
5063
5290
5482
6198
6800
6671
5772
4838
4937
5742
5927
4887
3776
3698
3946
3580
2486
1659
1878
2112
1483
208
-424
-108
63
-362
-1004
-1169
-1058
-1303
-1682
-1748
-1464
-1319
-1603
-1700
-1442
-1108
-1005
-1187
-1157
-786
-445
-459
-607
-402
-87
163
33
-360
-516
-312
-136
-352
-749
-900
-901
-1188
-1504
-1717
-1825
-2158
-2617
-2930
-3102
-3423
-3915
-4256
-4482
-4692
-5129
-5959
-6226
-5180
-4019
-4456
-6208
-7339
-6008
-3059
-2180
-3926
-5198
-3996
-1313
126
-616
-1383
-171
1872
3017
2836
2426
3034
4169
5030
5505
5678
5581
5576
5521
5989
6831
6950
6235
5300
4939
5321
5722
5124
4053
3429
3416
3339
2600
1639
1337
1390
974
115
-596
-684
-619
-1013
-1406
-1444
-1449
-1758
-2119
-2072
-1661
-1428
-1683
-1924
-1726
-1270
-966
-895
-825
-620
-455
-274
-138
46
232
272
278
289
255
173
50
-191
-352
-284
-446
-1101
-1722
-1921
-1853
-2041
-2653
-3398
-3688
-3798
-4211
-4845
-5265
-5294
-5668
-6465
-6792
-5824
-4758
-5327
-7069
-7804
-5918
-3354
-2995
-4541
-5212
-3459
-988
-216
-840
-1121
354
2283
3035
2884
2812
3703
4802
5480
5637
5642
5890
6476
6548
6399
6662
6859
6723
6214
5357
5132
5497
5231
4499
3713
3147
2743
2241
1755
1582
1109
147
-584
-745
-704
-1084
-1811
-2099
-1910
-1830
-2169
-2556
-2498
-2128
-1959
-2128
-2089
-1775
-1347
-965
-781
-654
-467
-219
119
456
553
650
779
927
902
791
742
721
666
517
259
-139
-539
-832
-960
-1257
-1781
-2554
-2963
-3156
-3680
-4341
-5009
-5199
-5341
-6109
-6796
-6364
-5204
-5256
-6939
-8580
-7618
-4458
-2810
-4302
-6188
-5315
-2078
75
-440
-1654
-862
1813
3665
3519
2841
3438
4939
6204
6508
6212
6202
6738
7466
7845
7538
7137
6940
6924
6891
6348
5745
5379
4914
4328
3845
3244
2391
1650
1280
1102
489
-685
-1416
-1440
-1413
-1978
-2763
-3029
-2697
-2625
-2982
-3168
-2934
-2647
-2670
-2687
-2319
-1800
-1550
-1498
-1161
-683
-335
-231
100
649
834
765
925
1234
1294
1266
1261
1280
1158
833
452
345
248
-158
-795
-1311
-1712
-2209
-2674
-3274
-3780
-4254
-4742
-5422
-6323
-6500
-5456
-4826
-5899
-7763
-8681
-6783
-3839
-3529
-5738
-6844
-4881
-1750
-613
-1932
-2581
-730
1994
3076
2498
2045
3224
5072
6207
6299
5880
5793
6454
7495
8325
8033
7026
7015
7400
7241
6912
6289
5714
5932
5393
4287
3601
3015
2749
2389
1547
587
-82
-296
-435
-992
-2093
-2679
-2568
-2448
-2609
-3151
-3343
-3029
-2965
-3082
-3082
-2795
-2347
-2111
-1950
-1752
-1368
-1203
-863
-243
189
64
-192
125
961
1333
936
636
781
1004
974
534
108
93
105
-351
-1000
-1649
-2011
-2329
-2867
-3471
-4169
-4726
-5400
-5981
-5452
-4415
-4918
-6983
-8689
-7591
-4323
-3045
-5029
-7197
-6075
-2439
-457
-1695
-3116
-1775
1322
2789
2144
1456
2603
4599
5661
5688
5585
6004
6478
6989
7574
8173
8001
7082
6475
6932
7438
7550
6459
5068
4672
5111
5024
3922
2665
1970
2006
1751
805
56
-262
-699
-1371
-1947
-1804
-1676
-2192
-3021
-3179
-2675
-2293
-2579
-2957
-2735
-2198
-1959
-1959
-1951
-1529
-1018
-882
-815
-425
-40
136
127
237
664
946
741
562
519
550
753
346
-329
-467
-604
-1002
-1447
-1943
-2419
-2783
-3235
-4172
-4900
-5392
-5796
-4849
-4223
-5540
-7470
-8784
-7125
-3813
-3523
-6152
-7881
-6238
-2517
-1145
-2961
-4179
-2252
808
1958
1089
407
2166
4278
5032
4896
4709
5251
6232
6987
7561
7686
7565
7332
7029
7116
7493
7670
6922
6047
5396
5431
5576
4810
3699
3097
2690
2162
1510
1027
763
-15
-1096
-1587
-1242
-1153
-1949
-2878
-2968
-2381
-2294
-2792
-3087
-2688
-2188
-2148
-2318
-2077
-1499
-1274
-1305
-1003
-611
-291
-10
-6
174
429
640
752
718
657
691
711
593
286
-33
-249
-570
-948
-1310
-1786
-2271
-2754
-3442
-4028
-4540
-5359
-5145
-3779
-4247
-6489
-8435
-7909
-4445
-2699
-5109
-8081
-7307
-3586
-1240
-2528
-4494
-3394
-193
1374
717
52
1252
3367
4340
4255
4134
4754
5695
6368
6755
7216
7419
7210
7066
7169
7179
7439
7348
6585
5737
5506
5729
5379
4429
3469
3081
2847
2202
1449
1071
532
-325
-1085
-1001
-792
-1463
-2552
-2829
-2217
-1961
-2530
-3152
-2934
-2447
-2362
-2528
-2377
-1858
-1531
-1668
-1563
-977
-478
-342
-287
-86
252
499
566
500
465
593
737
822
539
-83
-378
-224
-373
-766
-1340
-1952
-2199
-2789
-3399
-3680
-4308
-4368
-3536
-3771
-5479
-7208
-7210
-4448
-2425
-4332
-7238
-6960
-3699
-1214
-2269
-4314
-3533
-570
1070
424
-459
547
2731
3622
3281
3160
3798
4782
5513
5823
6019
6130
6278
6408
6690
6733
6595
6381
6054
5902
5846
5503
4819
4252
3950
3847
3160
2122
1648
1851
1646
546
-685
-727
-99
-325
-1426
-2185
-1987
-1582
-1801
-2488
-2598
-2292
-2116
-2289
-2383
-2065
-1677
-1650
-1673
-1455
-1046
-777
-699
-630
-371
-104
-26
-87
-64
70
164
142
-87
-190
-258
-569
-826
-1086
-1197
-1353
-1989
-2704
-3175
-3192
-3529
-4024
-3557
-3226
-4420
-6017
-6613
-4795
-2426
-3072
-5827
-6482
-3957
-1178
-1283
-3233
-3416
-917
1286
995
-88
374
2501
3773
3480
2982
3451
4736
5589
5592
5502
5690
5992
6147
6239
6230
6085
5890
5632
5510
5387
5119
4459
3834
3562
3498
2980
2115
1540
1554
1552
791
-337
-625
-159
-176
-1090
-1963
-1899
-1397
-1365
-2027
-2422
-2106
-1679
-1709
-1917
-1747
-1373
-1224
-1300
-1221
-750
-466
-536
-590
-345
-78
24
-83
-173
-43
165
102
-214
-414
-566
-636
-648
-1030
-1527
-1805
-2062
-2363
-2835
-3247
-3782
-4093
-3351
-2911
-4117
-5942
-6575
-4652
-2177
-2687
-5515
-6529
-4104
-1143
-991
-3064
-3578
-1247
1118
1012
93
450
2211
3514
3301
2887
3436
4505
5140
5203
5078
5388
5695
5838
5786
5890
5936
5700
5218
4961
5204
5239
4556
3608
3177
3331
3222
2241
1324
1234
1356
808
-231
-723
-356
-270
-961
-1888
-1983
-1476
-1412
-1901
-2331
-2015
-1672
-1667
-1792
-1750
-1423
-1261
-1361
-1267
-861
-495
-344
-474
-443
-82
219
133
-24
-37
196
264
28
-328
-468
-398
-639
-1071
-1355
-1742
-2075
-2403
-2802
-3189
-3712
-4152
-3673
-2811
-3668
-5740
-6738
-5072
-2313
-2434
-5353
-6764
-4575
-1389
-959
-3229
-4054
-1751
806
968
-325
-262
1578
3184
3051
2491
2916
4084
4932
5037
4918
5126
5476
5657
5638
5638
5861
5810
5148
4626
4958
5338
4883
3649
2879
3207
3502
2666
1494
1161
1431
1059
32
-596
-325
-153
-931
-1813
-1871
-1411
-1309
-1890
-2372
-2163
-1820
-1764
-1889
-1810
-1570
-1315
-1430
-1374
-1052
-711
-462
-598
-693
-481
3
212
-57
-233
-126
130
125
-246
-395
-408
-540
-775
-951
-1319
-1673
-2074
-2535
-2769
-3053
-3787
-4134
-3117
-2698
-4228
-6074
-6088
-3650
-1676
-3286
-6156
-5864
-2625
-567
-1927
-3874
-3046
-316
927
-51
-647
535
2403
2859
2239
2314
3271
4244
4544
4363
4546
5059
5345
5239
5061
5112
5462
5636
4869
4158
4586
5171
4590
3295
2554
3041
3438
2537
1270
1045
1366
897
-61
-491
-147
-297
-1075
-1600
-1433
-1167
-1456
-2030
-2122
-1801
-1718
-1819
-1756
-1550
-1508
-1636
-1690
-1357
-912
-798
-829
-840
-870
-630
-230
-132
-398
-680
-448
-88
-214
-683
-858
-706
-780
-1199
-1567
-1780
-1898
-2109
-2460
-2750
-3192
-3850
-3921
-3090
-2733
-4134
-5846
-5697
-3433
-1837
-3303
-5632
-5237
-2349
-685
-1781
-3298
-2481
-37
1046
175
-388
722
2370
2951
2430
2376
3132
3968
4332
4182
4266
4683
5017
4926
4693
4756
5059
4992
4236
3762
4099
4456
3950
2609
1971
2501
2777
1960
933
612
797
574
-274
-658
-424
-436
-1036
-1535
-1481
-1236
-1335
-1711
-1769
-1633
-1529
-1475
-1435
-1398
-1404
-1418
-1268
-919
-662
-617
-623
-659
-542
-263
-72
-231
-522
-546
-218
-155
-474
-709
-828
-748
-935
-1516
-1875
-1931
-2113
-2392
-2694
-3357
-3625
-3733
-4152
-3689
-3062
-3988
-5468
-5756
-4395
-2495
-2823
-4843
-5259
-3186
-1167
-1471
-2799
-2533
-473
990
529
-215
594
2405
3131
2609
2490
3256
4252
4577
4356
4375
4857
5213
5080
4842
4658
4740
4975
4458
3695
3667
4032
4014
2933
1849
1911
2504
2150
1042
425
575
587
-48
-729
-586
-408
-881
-1498
-1630
-1186
-1153
-1591
-1883
-1665
-1335
-1276
-1296
-1256
-1125
-1095
-956
-643
-618
-729
-592
-431
-239
-244
-422
-339
-284
-385
-390
-413
-622
-852
-933
-856
-1009
-1509
-1914
-1951
-1843
-2100
-2842
-3282
-3460
-3665
-3985
-3968
-3314
-3367
-4609
-5560
-4903
-3013
-2265
-3815
-5083
-4014
-1796
-1010
-2059
-2662
-1223
679
834
57
412
1900
3054
2826
2274
2786
3841
4323
4178
4058
4417
4909
4996
4591
4257
4349
4532
4438
3830
3365
3486
3604
2920
2060
1843
2125
2011
1105
500
643
658
108
-593
-674
-284
-491
-1130
-1389
-991
-768
-1168
-1575
-1435
-953
-840
-988
-1102
-926
-615
-513
-517
-466
-392
-327
-163
-71
-75
-138
-190
-161
-194
-287
-267
-469
-678
-683
-780
-962
-1309
-1622
-1610
-1653
-2033
-2566
-2880
-2815
-3027
-3580
-4004
-3586
-2656
-3152
-4682
-5279
-4275
-2351
-1948
-3909
-4898
-3157
-1107
-788
-1886
-2252
-686
1017
991
309
772
2217
3121
2846
2547
3013
3785
4233
4230
4157
4376
4645
4649
4425
4197
4139
4325
4124
3508
3165
3189
3394
2985
2109
1703
1860
1791
1317
848
598
467
154
-183
-192
-95
-458
-842
-932
-749
-774
-1052
-1081
-826
-751
-989
-1038
-712
-324
-331
-600
-561
-215
-3
16
-135
-123
11
22
8
-16
-133
-345
-368
-226
-207
-471
-882
-1128
-1159
-1157
-1391
-1708
-2018
-2412
-2557
-2594
-2856
-3220
-3582
-3589
-2882
-2684
-3802
-4704
-4274
-2786
-1821
-2794
-4147
-3383
-1343
-429
-1135
-1858
-833
928
1297
650
754
1978
3050
2980
2467
2610
3433
3994
3946
3597
3556
3961
4297
4164
3657
3355
3525
3850
3376
2644
2575
2791
2604
1874
1330
1466
1572
1023
546
567
626
209
-306
-226
159
85
-474
-830
-657
-263
-273
-528
-640
-572
-413
-272
-181
-202
-244
-184
-78
-86
-93
-99
5
20
-31
-27
2
-85
-344
-396
-319
-336
-595
-930
-1105
-935
-1025
-1392
-1629
-1715
-1816
-2089
-2259
-2429
-2696
-2829
-2935
-3280
-3517
-3021
-2345
-2894
-3873
-4137
-3036
-1497
-1754
-3223
-3295
-1600
-309
-476
-1258
-831
664
1389
1024
952
1716
2686
2868
2486
2500
3047
3372
3389
3399
3345
3467
3487
3397
3093
2921
2861
2965
2732
2096
1911
2107
2034
1473
1013
935
1105
822
332
273
532
317
-152
-326
0
146
-187
-481
-383
-63
-91
-354
-384
-101
-80
-141
-112
58
168
122
99
95
207
217
137
100
29
-23
-4
-76
-198
-359
-511
-502
-636
-751
-854
-1021
-1190
-1404
-1481
-1497
-1696
-1878
-1836
-1914
-2120
-2445
-2704
-2664
-2697
-2999
-2749
-2160
-2419
-3201
-3563
-2879
-1527
-1295
-2440
-2806
-1553
-297
-117
-703
-760
307
1251
1135
878
1460
2259
2471
2098
1971
2522
2992
2925
2688
2526
2789
3023
2871
2497
2288
2398
2526
2320
1780
1691
2014
2143
1438
830
1134
1609
1428
815
596
944
1078
672
317
436
691
459
78
42
370
478
191
-77
10
171
195
117
50
32
-81
-31
12
-84
-198
-238
-271
-310
-417
-506
-534
-529
-576
-725
-697
-707
-795
-827
-751
-831
-1178
-1208
-1036
-1127
-1408
-1654
-1666
-1459
-1556
-1930
-2022
-1985
-2091
-2321
-2104
-1403
-1440
-2419
-2860
-2313
-1301
-787
-1692
-2416
-1580
-336
-171
-663
-864
-56
870
788
328
710
1596
1816
1426
1164
1609
2191
2185
1823
1715
1967
2249
2204
2023
1885
1897
1995
1983
1654
1555
1855
2101
1939
1181
927
1427
1731
1362
881
778
933
927
661
628
917
770
334
105
287
584
470
130
55
-1
-108
-59
-34
-74
-180
-284
-313
-248
-334
-420
-444
-386
-387
-560
-592
-495
-456
-548
-621
-695
-716
-667
-655
-734
-853
-999
-897
-729
-966
-1210
-1143
-1095
-1223
-1426
-1622
-1560
-1470
-1628
-1876
-2079
-1672
-1178
-1615
-2328
-2540
-1672
-633
-1046
-2147
-2117
-950
-122
-453
-1203
-967
16
383
5
-34
551
1034
1022
819
972
1429
1776
1875
1818
1793
1967
2279
2448
2374
2122
2068
2351
2331
2088
2075
2312
2490
2016
1399
1665
2098
1916
1508
1293
1396
1399
981
625
840
880
468
128
113
191
99
-124
-242
-229
-335
-401
-393
-387
-447
-538
-539
-468
-470
-591
-435
-216
-248
-413
-423
-218
-125
-282
-337
-218
-285
-300
-254
-242
-240
-418
-608
-486
-363
-574
-800
-792
-791
-835
-927
-1190
-1389
-1436
-1377
-1390
-1705
-1656
-1243
-1514
-2100
-2279
-1999
-1294
-1143
-1983
-2325
-1532
-761
-884
-1413
-1363
-519
17
-186
-357
107
828
1017
714
808
1365
1776
1925
2007
2011
2057
2322
2541
2547
2434
2424
2610
2615
2282
2246
2577
2653
2115
1576
1669
1998
1889
1371
1082
1144
1070
730
512
560
426
44
-227
-166
-83
-220
-423
-565
-453
-430
-565
-585
-443
-349
-299
-288
-222
-219
-142
16
52
20
-48
15
124
151
95
30
143
191
-30
-72
-23
-80
-237
-340
-342
-352
-404
-629
-844
-887
-891
-1007
-1172
-1370
-1577
-1617
-1554
-1732
-2049
-2192
-2095
-1700
-1827
-2534
-2888
-2552
-1738
-1622
-2289
-2593
-1874
-1058
-1012
-1307
-1286
-530
73
8
-6
457
992
1256
1276
1338
1664
2099
2344
2303
2199
2253
2561
2716
2558
2272
2257
2534
2538
2256
2077
2095
2084
1881
1484
1316
1305
1087
807
737
673
432
249
131
99
-26
-251
-304
-276
-323
-448
-485
-374
-273
-274
-278
-127
40
138
91
49
164
346
366
311
279
375
572
590
525
428
375
428
422
310
108
74
118
50
-198
-377
-418
-495
-623
-766
-866
-1003
-1175
-1371
-1529
-1566
-1653
-1791
-1987
-2057
-2105
-2230
-2384
-2255
-1861
-1993
-2539
-2716
-2162
-1405
-1240
-1841
-2066
-1396
-638
-475
-756
-599
60
443
446
504
892
1409
1631
1641
1579
1810
2100
2232
2288
2215
2177
2238
2402
2232
2038
1956
2004
1874
1578
1404
1372
1345
1070
890
879
768
523
352
408
455
201
-36
-27
57
35
-82
-117
-17
143
15
-5
135
278
359
300
288
320
441
572
576
516
452
500
611
608
482
379
379
403
255
88
81
69
-39
-181
-208
-248
-436
-656
-732
-671
-723
-910
-1166
-1183
-1125
-1203
-1296
-1313
-1397
-1478
-1541
-1558
-1484
-1533
-1679
-1723
-1704
-1583
-1226
-1320
-1809
-1939
-1477
-856
-735
-1299
-1568
-860
-167
-210
-625
-510
78
474
375
173
457
872
966
876
970
1169
1273
1340
1331
1312
1344
1450
1596
1523
1275
1221
1452
1549
1419
1261
1272
1341
1235
1235
1296
1328
1134
988
1120
1313
1205
1007
993
1064
1011
749
704
765
766
626
471
392
371
315
301
286
247
162
15
-28
-58
-182
-265
-275
-350
-460
-556
-514
-514
-621
-726
-844
-820
-770
-788
-771
-782
-775
-828
-807
-644
-633
-639
-576
-447
-438
-484
-397
-309
-310
-391
-430
-419
-352
-422
-600
-678
-714
-838
-877
-730
-787
-1214
-1522
-1380
-866
-674
-1209
-1670
-1410
-752
-630
-1017
-1234
-890
-438
-417
-529
-365
9
229
157
142
357
650
955
1063
1066
1071
1343
1614
1742
1637
1584
1783
1962
1854
1724
2013
2204
1969
1606
1649
1935
2032
1653
1375
1492
1512
1289
1061
1051
1117
938
606
451
378
240
153
78
-69
-290
-416
-379
-382
-563
-761
-706
-693
-796
-944
-996
-851
-808
-916
-895
-730
-633
-631
-545
-427
-401
-375
-203
-39
-39
-46
58
172
239
180
45
31
164
222
123
-37
-140
-160
-93
-178
-430
-584
-688
-828
-1063
-1178
-1284
-1550
-1668
-1538
-1624
-2170
-2494
-2371
-1919
-1667
-2185
-2626
-2173
-1496
-1369
-1557
-1594
-1141
-594
-448
-521
-261
178
465
513
602
920
1256
1507
1556
1663
1787
2049
2317
2390
2288
2182
2333
2437
2361
2312
2375
2187
1779
1513
1624
1773
1470
1026
758
748
613
343
126
32
-201
-479
-617
-682
-714
-909
-1014
-1048
-1068
-1146
-1164
-1092
-1059
-1108
-1046
-895
-859
-848
-737
-523
-335
-322
-220
-66
98
175
201
351
461
479
481
598
720
648
618
650
631
611
375
323
298
169
-50
-291
-337
-430
-705
-939
-1033
-1123
-1362
-1561
-1609
-1671
-1836
-2023
-2116
-2183
-2259
-2123
-1987
-2226
-2661
-2614
-2062
-1509
-1665
-2202
-2019
-1318
-929
-1053
-1060
-680
-226
-50
67
335
729
872
960
1176
1314
1481
1602
1782
1874
1818
1879
2055
2215
2015
1727
1722
1824
1825
1565
1462
1512
1204
767
742
891
837
451
130
80
87
-102
-315
-301
-296
-488
-656
-570
-422
-428
-580
-647
-529
-493
-483
-323
-256
-244
-266
-202
-4
35
-70
73
228
209
180
254
488
556
465
379
431
495
405
404
362
241
71
-25
83
29
-176
-349
-342
-357
-454
-557
-648
-711
-800
-930
-964
-919
-1048
-1318
-1302
-1300
-1386
-1565
-1692
-1648
-1693
-1782
-1745
-1511
-1477
-1758
-1981
-1635
-1080
-1002
-1403
-1539
-1076
-595
-588
-791
-691
-310
-46
-141
-97
250
571
715
733
785
940
1167
1399
1487
1394
1366
1605
1788
1694
1479
1477
1625
1601
1413
1341
1455
1429
1135
921
990
1102
960
634
601
642
538
387
359
377
288
163
100
205
225
88
-10
-22
-32
-17
16
29
-13
-54
-11
134
179
125
183
248
272
182
239
374
394
349
244
305
315
352
352
348
345
252
207
172
257
149
-67
-145
-99
-106
-174
-245
-300
-407
-514
-567
-552
-618
-731
-790
-830
-891
-1108
-1191
-1154
-1213
-1399
-1534
-1671
-1642
-1372
-1383
-1887
-2191
-1795
-1256
-1147
-1612
-1939
-1451
-723
-647
-943
-996
-455
6
62
83
254
608
839
932
994
1107
1374
1566
1663
1672
1592
1762
2004
2008
1721
1597
1756
1844
1647
1445
1509
1517
1249
956
980
1104
963
617
346
336
345
212
107
66
-106
-313
-367
-283
-238
-404
-514
-439
-391
-379
-391
-177
-67
-56
-90
30
229
310
369
428
443
474
532
590
689
659
605
611
697
657
523
526
556
445
363
255
204
142
15
-96
-209
-317
-480
-528
-628
-783
-922
-1013
-1054
-1116
-1288
-1420
-1388
-1454
-1539
-1546
-1562
-1638
-1751
-1754
-1704
-1722
-1779
-1577
-1349
-1530
-1826
-1686
-1154
-772
-907
-1267
-1065
-352
-125
-336
-307
5
341
448
368
563
912
1010
982
951
1074
1216
1349
1429
1325
1207
1218
1425
1475
1201
1043
1035
1083
952
756
665
688
525
267
253
373
286
116
-43
3
11
-201
-289
-213
-177
-270
-260
-198
-108
-98
-103
34
135
156
229
281
326
398
410
454
512
499
521
554
661
651
601
615
641
565
441
423
428
364
272
190
112
-79
-150
-140
-227
-328
-460
-604
-653
-690
-775
-911
-1047
-1089
-1144
-1144
-1188
-1252
-1277
-1310
-1333
-1363
-1439
-1517
-1470
-1420
-1468
-1607
-1626
-1500
-1446
-1451
-1446
-1322
-1060
-1157
-1499
-1370
-874
-594
-737
-1071
-1006
-390
-34
-233
-363
-133
215
406
405
441
635
707
836
988
1017
1066
1201
1440
1480
1255
1208
1477
1643
1451
1172
1201
1366
1328
1104
1010
1112
1051
811
715
726
686
543
449
438
318
105
18
118
85
-139
-285
-254
-160
-187
-249
-166
-146
-122
-100
-51
12
35
88
140
240
333
361
399
531
560
552
560
607
682
665
646
605
496
450
507
573
474
272
243
225
216
145
-42
-126
-116
-179
-320
-400
-506
-603
-670
-688
-779
-893
-978
-1004
-1085
-1127
-1144
-1089
-1098
-1228
-1313
-1301
-1245
-1210
-1231
-1224
-1178
-1052
-800
-808
-958
-924
-652
-331
-308
-459
-418
13
365
332
339
473
808
980
978
1000
1072
1284
1403
1473
1524
1530
1609
1789
1804
1669
1598
1656
1718
1537
1324
1274
1312
1211
1013
823
812
782
630
523
463
395
226
218
211
107
-8
8
97
182
50
-10
90
195
240
173
252
292
350
377
344
360
457
559
630
633
611
689
787
838
803
768
712
691
672
658
652
657
595
494
519
543
458
262
196
185
30
-96
-144
-145
-213
-369
-473
-511
-498
-556
-549
-609
-709
-731
-802
-733
-744
-800
-808
-751
-688
-747
-803
-720
-581
-547
-598
-638
-504
-434
-248
-145
-275
-323
-177
82
267
152
-31
164
524
608
501
518
664
747
773
809
925
1002
989
1074
1131
1117
1107
1157
1254
1221
1020
918
1031
1044
882
759
780
802
743
600
573
663
604
583
548
559
525
511
522
507
477
373
406
490
486
347
354
468
552
496
450
494
577
578
562
554
565
589
547
596
578
524
451
530
496
410
347
305
339
247
129
53
-15
15
-71
-165
-233
-393
-489
-490
-511
-583
-735
-701
-682
-761
-829
-869
-812
-800
-791
-869
-819
-763
-777
-787
-768
-715
-627
-529
-554
-530
-484
-468
-434
-368
-299
-259
-229
-236
-175
-129
-95
-61
-46
-99
-67
78
156
110
77
177
337
379
354
349
410
519
511
517
521
585
604
576
549
563
552
551
564
519
450
412
496
511
421
384
467
554
566
480
444
466
465
438
426
474
382
366
465
479
419
343
349
410
367
272
266
304
302
256
252
244
248
220
141
164
141
137
105
51
-13
-100
-138
-180
-192
-271
-303
-327
-375
-420
-451
-510
-526
-544
-598
-637
-695
-694
-739
-720
-756
-800
-775
-737
-708
-743
-726
-636
-561
-533
-551
-467
-384
-372
-328
-344
-342
-281
-258
-220
-269
-239
-264
-253
-218
-185
-191
-176
-159
-211
-180
-127
-135
-140
-196
-189
-145
-146
-115
-129
-124
-101
-14
-17
-50
-41
-7
29
31
34
117
217
248
227
222
372
424
429
460
514
589
629
657
621
635
662
735
733
669
616
649
685
613
517
441
430
453
366
307
225
134
141
82
19
-71
-119
-151
-232
-298
-412
-466
-496
-497
-651
-715
-736
-777
-781
-814
-851
-947
-912
-907
-930
-948
-911
-853
-817
-825
-782
-662
-605
-531
-526
-538
-484
-364
-281
-274
-287
-315
-283
-173
-115
-114
-81
-80
-43
-10
-57
-53
-75
-84
-57
-71
-93
-130
-178
-114
-124
-182
-230
-237
-175
-123
-237
-376
-358
-302
-308
-333
-299
-325
-328
-325
-282
-257
-267
-273
-291
-242
-245
-164
-145
-113
-88
-72
2
16
49
78
165
193
128
166
265
262
223
233
297
363
429
469
478
475
444
517
548
538
511
461
453
422
343
290
277
255
176
63
45
9
-21
-106
-204
-261
-314
-363
-451
-536
-551
-548
-621
-690
-683
-679
-698
-693
-700
-743
-763
-708
-663
-650
-612
-570
-552
-482
-406
-383
-342
-285
-276
-190
-175
-164
-91
-1
50
56
84
86
66
70
31
49
16
-36
-38
-49
-13
8
-59
-157
-153
-115
-66
-44
-54
4
9
-173
-269
-207
-124
-92
-189
-404
-327
-172
-89
-85
-236
-316
-275
-139
-145
-154
-205
-209
-1
101
139
140
176
243
337
345
279
295
311
268
300
325
325
399
449
461
402
403
374
353
316
255
255
236
186
183
158
101
25
-44
-34
-66
-116
-276
-308
-355
-400
-404
-484
-482
-481
-536
-535
-566
-559
-550
-559
-579
-592
-578
-599
-533
-486
-485
-517
-482
-425
-370
-329
-322
-285
-227
-179
-112
-106
-63
-10
-7
42
68
69
71
42
100
68
36
39
13
2
-9
-72
-99
-91
-102
-148
-156
-178
-237
-261
-287
-364
-412
-479
-445
-462
-522
-540
-529
-507
-528
-502
-510
-458
-398
-401
-358
-305
-255
-189
-178
-172
-55
32
63
138
177
234
267
297
297
311
343
421
415
371
328
331
353
373
354
304
202
105
84
84
46
-31
-78
-112
-115
-168
-224
-282
-336
-351
-340
-338
-390
-368
-372
-431
-457
-504
-475
-421
-408
-419
-485
-470
-434
-378
-365
-329
-322
-281
-249
-253
-215
-173
-141
-134
-66
17
46
45
76
127
109
128
163
145
202
174
212
214
203
245
200
204
164
118
139
116
78
50
30
-10
-76
-51
-122
-179
-235
-245
-279
-323
-342
-380
-356
-402
-328
-378
-415
-406
-391
-368
-396
-343
-324
-353
-300
-272
-293
-196
-116
-35
3
52
120
138
210
215
245
268
210
259
302
305
274
250
255
250
202
183
177
159
148
91
55
26
15
-6
-50
-80
-86
-78
-129
-166
-181
-210
-216
-221
-267
-280
-289
-259
-290
-311
-304
-283
-263
-270
-243
-213
-148
-131
-105
-11
66
133
162
195
229
229
298
277
330
368
365
414
347
362
380
367
391
374
412
383
343
290
259
259
272
193
96
74
46
2
-49
-39
-85
-109
-159
-164
-205
-238
-231
-235
-273
-267
-255
-190
-213
-225
-132
-70
-34
-47
-26
-43
-25
-11
1
16
-32
44
74
131
152
123
124
171
212
222
189
209
242
246
281
289
312
298
302
336
271
219
159
63
46
13
-22
-43
-54
-72
-66
-63
-63
-114
-121
-176
-239
-264
-252
-219
-216
-198
-195
-177
-101
-109
-94
-35
-39
-21
0
44
36
79
94
149
216
230
257
265
325
346
340
357
429
453
356
320
245
257
248
248
260
210
230
215
196
176
148
67
47
66
72
10
1
31
3
26
-48
-18
1
-74
-119
-165
-149
-178
-132
-183
-229
-210
-239
-216
-244
-257
-265
-257
-266
-247
-210
-196
-189
-194
-150
-171
-142
-101
-36
-24
-13
-23
-65
-56
-43
-37
-15
19
51
97
92
123
126
143
138
130
166
130
87
101
95
90
42
48
89
82
63
49
24
-18
-50
-98
-73
-137
-162
-170
-206
-150
-121
-127
-130
-73
-89
-134
-112
-93
-57
-86
-81
-24
65
61
40
95
115
102
142
173
236
283
301
335
340
359
325
347
304
298
278
222
207
207
182
152
177
133
125
79
47
74
31
17
-7
-48
-48
-69
-134
-146
-137
-174
-186
-216
-259
-325
-327
-313
-386
-385
-359
-340
-359
-386
-367
-345
-315
-289
-294
-287
-228
-201
-190
-145
-96
-67
-76
-10
8
24
20
95
126
81
133
177
219
218
246
212
221
219
244
185
130
118
55
72
60
26
-19
-28
-56
-54
-92
-138
-130
-132
-172
-218
-223
-236
-221
-214
-201
-235
-221
-166
-118
-91
-84
-113
-89
-83
-65
-15
3
45
52
34
34
38
71
78
114
132
131
115
79
130
103
75
106
21
42
28
-19
-44
-94
-56
-91
-139
-122
-148
-213
-239
-279
-302
-321
-383
-367
-385
-385
-364
-362
-368
-376
-405
-398
-438
-448
-402
-391
-331
-296
-225
-191
-140
-118
-68
4
11
76
108
127
138
183
182
180
181
174
160
231
267
267
293
280
263
274
289
257
225
207
176
186
162
152
104
69
24
-38
-64
-98
-68
-135
-116
-178
-173
-121
-148
-95
-85
-45
-29
-47
-54
7
-45
-52
-17
-59
-12
-17
-37
-40
25
67
12
40
72
81
143
154
165
187
217
210
256
266
261
269
215
200
180
170
192
192
199
115
91
104
90
64
14
24
5
8
-12
-16
-64
-106
-186
-240
-214
-209
-206
-238
-237
-214
-239
-291
-274
-233
-205
-199
-171
-98
-60
-42
-14
25
58
119
81
122
162
202
220
234
247
245
273
266
262
223
194
155
167
159
141
115
127
111
91
61
48
57
72
26
88
106
96
118
101
82
35
37
37
-13
-75
-40
-73
-91
-123
-153
-182
-181
-215
-214
-216
-192
-177
-230
-205
-205
-181
-204
-176
-145
-152
-178
-168
-206
-190
-181
-210
-162
-182
-129
-147
-102
-58
-74
-79
-147
-55
-77
-73
-76
-64
11
16
11
42
63
67
68
39
12
-38
-56
-39
-57
-93
-86
-99
-154
-146
-168
-146
-93
-106
-51
-44
-55
-72
-58
-58
-39
-19
-87
-125
-120
-65
-17
-5
7
9
-65
-62
-32
-11
16
28
61
75
90
93
151
168
186
190
194
188
147
180
170
126
85
110
113
138
106
59
11
8
1
-19
-42
-90
-89
-121
-165
-163
-199
-177
-193
-199
-132
-169
-165
-169
-206
-252
-212
-193
-147
-138
-125
-59
-75
5
5
7
-17
8
58
74
110
102
82
89
111
105
126
92
95
86
125
99
52
56
52
97
65
32
-12
-7
-20
-12
-33
-69
-81
-82
-91
-114
-65
-83
-78
-67
-93
-89
-42
-76
-44
-35
-64
-44
-56
2
31
32
50
58
56
36
70
64
94
119
128
168
169
173
175
176
170
153
214
244
268
264
237
226
214
176
121
111
72
32
-19
-34
-82
-86
-83
-94
-74
-137
-116
-128
-130
-156
-181
-176
-175
-151
-194
-218
-193
-164
-179
-186
-159
-191
-125
-107
-120
-75
-120
-118
-109
-72
-52
-73
-40
0
-28
-10
7
3
52
33
85
23
-1
30
36
37
0
78
73
97
97
74
33
5
-43
-22
-53
-69
-63
-66
-53
-40
-49
-26
-13
-5
26
46
21
67
84
44
102
103
73
53
37
45
-12
12
17
18
24
-22
42
39
69
64
68
51
81
121
116
103
59
48
6
-7
0
25
37
74
68
55
68
60
9
5
-5
-32
-6
9
6
-27
-23
-15
2
-29
-87
-111
-149
-146
-73
-79
-86
-10
-71
-95
-93
-101
-109
-125
-108
-76
-58
-60
-23
-60
-71
-85
-67
-24
-26
-39
-70
-32
-92
-34
71
102
94
102
87
90
118
104
124
180
181
165
220
264
219
169
194
196
186
144
128
90
12
-38
-8
-7
21
-4
-41
2
-32
-64
-77
-105
-122
-114
-135
-154
-139
-147
-172
-170
-142
-137
-137
-121
-108
-111
-98
-59
-16
0
25
57
90
136
108
82
53
64
63
52
76
48
61
76
21
44
53
1
34
23
13
-35
-59
-52
-54
-94
-73
-71
-80
-72
-27
-32
12
-1
22
18
60
108
75
128
171
124
106
115
128
122
145
154
168
99
63
98
69
104
38
15
-19
11
8
9
-4
-6
-25
-37
-39
-68
-45
18
18
35
49
40
52
39
37
58
45
16
25
12
-13
-6
-62
-82
-44
-33
-41
-29
22
27
-4
-43
-95
-71
-52
-41
-56
-43
-46
-88
-50
-47
-15
-21
-23
9
7
83
47
35
28
18
52
63
45
54
90
60
66
42
69
101
116
143
178
232
203
210
169
213
184
141
137
94
88
66
96
94
94
115
117
145
119
46
57
60
30
-21
31
33
34
41
-48
-55
-49
-68
-81
-109
-150
-97
-59
-42
-20
-34
-28
-17
-13
18
39
47
72
111
71
25
34
41
17
1
3
-14
-9
43
72
85
68
18
-38
-57
-87
-85
-78
-93
-134
-123
-160
-162
-189
-211
-224
-172
-150
-151
-131
-131
-103
-81
-64
-89
-49
-18
13
84
127
76
113
105
76
87
60
75
83
118
108
152
222
180
156
189
185
162
178
162
96
111
168
133
152
165
160
219
165
199
214
164
143
120
145
105
89
92
68
94
83
14
27
40
-12
4
6
-3
17
-41
-69
-66
-89
-84
-153
-152
-144
-211
-181
-193
-227
-188
-150
-121
-31
-51
-29
34
-7
-23
-48
-65
-83
-75
-32
-68
-60
-11
-9
1
7
18
31
24
-5
-20
-29
2
20
53
47
0
-8
-16
-16
-48
-27
-25
13
9
-5
-12
-30
-33
-17
-43
-63
-37
-45
-55
-52
-63
-49
-83
-43
-34
-75
-57
-62
-100
-70
-78
3
18
30
10
8
21
46
-10
-13
15
56
82
93
121
170
229
211
219
214
220
176
198
194
130
86
56
104
121
118
74
50
42
18
5
1
-47
-64
-98
-97
-95
-142
-184
-213
-202
-244
-258
-290
-323
-342
-297
-306
-337
-310
-296
-299
-330
-321
-272
-266
-265
-245
-265
-228
-194
-177
-121
-57
-21
37
70
139
162
137
117
107
93
79
82
62
37
55
59
95
116
106
133
137
141
149
98
135
132
135
111
66
8
-59
-39
-110
-174
-189
-202
-205
-193
-160
-161
-190
-141
-173
-169
-137
-134
-171
-152
-138
-121
-111
-116
-112
-85
-67
-47
20
23
58
72
116
166
164
186
132
177
170
147
166
122
112
35
13
21
23
49
34
5
-31
-44
-75
-109
-152
-220
-209
-204
-228
-299
-340
-346
-320
-341
-339
-311
-283
-264
-256
-248
-224
-228
-208
-170
-157
-132
-135
-106
-101
-86
-5
28
35
44
48
110
66
65
81
78
119
107
147
191
202
193
109
165
158
100
87
55
115
67
-3
-16
-11
-9
0
24
-15
2
-4
-10
-31
-1
7
-3
-7
-6
40
21
8
15
32
23
16
23
11
12
-22
2
42
54
87
117
105
74
121
141
133
104
63
37
36
21
45
58
63
79
63
65
82
65
46
93
65
83
32
42
49
46
52
31
-6
3
19
11
-8
-26
-30
5
7
37
42
33
41
-26
-55
-45
-104
-127
-104
-112
-77
-81
-101
-103
-103
-158
-113
-108
-110
-120
-65
13
17
49
2
18
8
17
29
38
48
34
114
156
161
132
164
148
167
184
194
192
147
139
124
166
196
177
201
222
202
230
207
164
149
87
96
82
106
53
52
74
42
63
25
20
-16
-49
-59
-74
-23
-7
-11
-29
-21
-32
-7
-7
33
80
23
89
109
130
125
150
199
178
183
142
183
134
115
116
42
62
68
90
69
76
40
8
25
-10
-41
-62
-60
-85
-149
-174
-164
-156
-168
-196
-176
-171
-180
-154
-105
-156
-148
-153
-140
-126
-114
-22
-45
-72
-35
-67
-32
-37
-58
-2
55
76
107
126
143
189
170
170
180
114
129
129
88
138
93
41
55
40
-9
-9
-52
-40
-51
-55
-66
-45
-5
-26
-50
-41
-42
-48
-33
-38
-37
-37
-37
-31
-30
-70
-42
-73
-74
-52
6
29
53
58
22
91
105
145
160
208
155
137
219
224
219
245
257
263
299
301
301
270
287
244
225
181
201
240
198
185
155
147
109
72
-2
-12
-36
-33
-64
-65
-36
-67
-17
-58
-98
-92
-144
-154
-151
-112
-167
-173
-134
-157
-149
-104
-66
-33
1
27
25
36
55
64
6
33
50
35
55
51
15
38
71
55
13
-20
-22
-18
-26
-119
-120
-109
-115
-137
-127
-100
-59
-36
-27
-10
-16
17
22
9
8
0
-41
6
7
-4
0
-18
-29
-39
-23
-1
56
82
99
96
103
201
179
183
210
210
172
186
161
117
148
72
89
86
64
34
92
57
9
41
14
44
49
13
-10
-4
-13
-24
-44
-63
-136
-141
-137
-147
-146
-146
-169
-195
-214
-238
-204
-174
-169
-150
-156
-132
-103
-109
-95
-132
-140
-124
-126
-120
-91
-125
-96
-108
-114
-95
-43
-9
-58
-32
-52
-64
-33
-25
-85
-79
-73
-81
-93
-106
-82
-87
-89
-80
-99
-30
-45
-33
-28
-65
-12
41
55
44
50
73
53
71
90
77
76
67
60
54
77
86
62
52
85
47
38
56
51
40
6
15
-5
11
-12
-50
-66
-23
-53
-42
-76
-57
-26
-49
-22
-50
-44
-12
-13
-26
-38
-43
-4
23
51
1
7
-16
-3
32
-13
8
-48
-16
-38
-8
-8
-75
-27
-59
-91
-73
-61
7
30
7
-24
-18
-34
-84
-46
-20
-28
-78
-101
-50
-81
-101
-74
-83
-81
-67
-52
-34
15
75
73
63
93
56
25
75
74
96
118
134
177
203
189
200
176
215
218
149
158
137
178
177
135
115
116
140
146
135
83
76
42
43
28
68
101
82
48
39
33
23
14
-42
-51
-64
-70
-74
-98
-84
-72
-85
-10
8
15
-21
37
36
18
43
-33
-11
-43
15
39
-4
60
105
109
102
111
136
175
165
106
89
85
122
81
78
105
99
104
95
66
51
82
44
36
18
-8
13
25
18
-12
7
11
-47
-38
-17
-9
-30
1
-17
4
-54
-52
14
1
45
38
14
5
-28
20
44
2
11
57
71
138
137
120
156
137
114
82
109
117
66
52
-3
40
36
-9
8
6
12
-11
-53
-57
-17
-69
-70
-155
-165
-100
-136
-110
-92
-77
-63
-1
7
35
37
40
77
82
130
108
124
163
120
108
108
119
132
159
145
87
90
111
82
53
47
13
-7
-13
-8
-7
-21
-69
-63
-60
-53
-16
-35
-57
-47
-33
-13
14
27
9
67
60
81
85
58
93
99
56
41
43
42
78
78
44
93
94
48
70
73
95
127
139
129
115
126
151
150
104
76
69
59
41
58
128
150
149
117
120
123
102
66
32
69
80
122
84
65
74
53
18
-16
17
24
31
19
30
71
39
90
92
64
131
93
56
119
47
16
33
65
107
86
160
157
134
143
147
117
163
147
112
127
116
100
65
67
94
141
135
99
81
67
68
73
72
76
100
126
151
157
134
173
167
185
137
53
45
70
49
104
93
110
136
138
136
107
104
110
77
32
-7
-64
-26
-8
35
23
-12
-29
-61
-55
-68
-58
-23
-58
-114
-139
-68
-36
-68
-63
-42
7
-1
-13
10
10
3
10
54
13
70
79
60
96
90
132
161
220
198
176
167
136
141
151
149
133
132
132
145
206
171
174
124
125
114
103
116
114
104
84
66
59
68
75
112
79
66
11
43
78
38
41
30
49
35
23
27
-12
-51
-11
3
21
41
24
64
72
162
177
203
202
193
253
211
179
136
143
165
135
217
205
106
145
130
176
62
56
93
61
73
57
53
53
59
53
59
33
9
43
48
15
7
12
12
10
-4
-78
-69
-67
-70
-84
-81
-46
-31
-62
-27
8
31
68
72
65
100
112
95
58
61
79
42
13
82
81
61
87
74
81
64
110
149
117
146
169
166
188
204
225
217
179
163
110
98
89
64
55
28
19
32
85
72
94
79
75
89
58
48
91
102
98
101
63
105
141
115
39
23
-24
-12
3
-8
28
45
42
36
4
-14
46
-6
-43
-44
-44
-62
-80
-96
-74
-36
-63
-76
-97
-77
-83
-125
-111
-112
-83
-57
-74
-73
19
12
64
96
115
116
143
144
82
142
112
86
165
161
163
127
119
113
119
122
95
109
140
124
60
88
36
9
-2
-2
8
-33
-26
16
8
-36
-82
-80
-60
-77
-83
-66
-69
-63
-48
-25
-2
-30
-95
-53
-42
-72
-44
-68
-42
-11
-40
-41
-36
-17
-23
-8
-16
-16
-30
43
70
51
92
66
89
110
118
81
19
18
44
71
65
72
80
89
46
41
35
9
4
-37
-45
-29
-29
11
-35
-43
-83
-100
-82
-134
-101
-61
-28
-67
-127
-78
-84
-126
-103
-115
-85
-80
-56
-15
11
43
45
35
-30
-64
-25
-9
-48
-42
-10
-6
-33
-5
-8
-30
-30
-10
5
-17
-50
-56
-31
-68
-113
-75
-63
-34
35
-19
-3
34
-37
-44
-60
-93
-48
-37
-15
13
45
25
24
29
-27
-27
-24
-48
-13
-30
-2
42
67
100
70
112
96
51
92
109
99
75
33
52
48
39
45
52
30
45
52
15
50
45
-19
-23
-13
-66
-94
-150
-194
-229
-207
-207
-243
-199
-207
-200
-203
-146
-175
-133
-110
-109
-98
-134
-90
-58
-59
-96
-110
-114
-135
-134
-145
-73
-26
-45
-64
-30
-3
-59
-67
-73
-41
-72
-64
-48
-111
-75
-93
-164
-151
-106
-77
-97
-102
-112
-114
-89
-91
-68
-72
-22
-28
6
22
24
69
54
25
48
11
10
10
2
-15
-28
1
-11
-13
-36
-29
-72
-17
-64
-133
-159
-155
-138
-140
-142
-143
-79
-121
-119
-117
-103
-90
-130
-98
-97
-67
16
58
57
106
122
121
116
73
58
54
71
59
74
52
15
25
6
-14
-33
-60
-80
-146
-108
-113
-151
-108
-117
-141
-107
-102
-94
-111
-102
-181
-206
-187
-175
-171
-196
-174
-204
-146
-109
-86
-49
-74
-49
-71
-70
-72
-83
-98
-61
-87
-122
-118
-92
-80
-53
-82
-93
-94
-120
-125
-103
-69
-39
-17
-27
-7
-22
-19
17
15
12
-7
-24
11
-23
-40
-50
-28
-85
-67
-71
-74
-78
-156
-108
-116
-110
-147
-134
-139
-129
-46
-30
16
-61
-60
-51
-55
-29
-58
-77
-102
-75
-110
-91
-108
-110
-72
-86
-73
-30
-48
-22
-29
-53
-62
-110
-104
-132
-149
-178
-163
-176
-163
-96
-68
-98
-70
-82
-124
-113
-79
-105
-132
-160
-143
-143
-155
-182
-183
-191
-192
-191
-253
-218
-224
-246
-225
-175
-147
-157
-119
-83
-115
-101
-112
-89
-84
-145
-160
-151
-161
-190
-166
-233
-193
-139
-110
-99
-58
-23
-57
-27
-35
-8
50
78
25
26
34
-9
-26
-12
-31
-42
-24
-40
-68
-35
-25
-10
-52
-59
-109
-103
-99
-43
-37
-89
-3
-21
-2
-16
-53
-45
-19
-18
-43
-32
-55
17
49
91
106
78
97
80
128
144
70
-6
26
-10
-66
-39
-56
-51
3
35
67
-22
-38
-64
-129
-159
-191
-206
-240
-228
-173
-143
-152
-145
-140
-158
-164
-136
-158
-112
-124
-138
-105
-110
-90
-78
-99
-101
-79
-119
-113
-139
-135
-132
-159
-129
-92
-112
-114
-68
-72
-39
-42
-16
-34
-31
15
9
-27
-43
-53
-91
-28
-2
-11
27
67
100
159
200
180
174
178
187
134
91
134
154
113
148
168
141
136
128
181
164
191
126
125
134
94
50
16
23
58
46
4
-67
-119
-127
-177
-199
-197
-206
-227
-189
-140
-141
-189
-171
-175
-183
-152
-119
-141
-205
-206
-226
-224
-186
-110
-101
-98
-80
-74
-24
-34
24
36
38
-12
23
82
23
78
64
-6
-20
-40
-30
-41
-79
-100
-119
-128
-84
-70
-57
-100
-94
-76
-109
-56
-93
-59
-127
-108
-133
-179
-211
-239
-225
-290
-256
-213
-201
-146
-110
-100
-21
-42
-34
8
18
-2
-23
-48
-83
-80
-131
-155
-104
-112
-131
-102
-75
-63
-15
37
47
27
43
31
48
28
-7
3
-55
-15
-70
-53
-66
-128
-128
-118
-148
-108
-110
-101
-95
-110
-65
-101
-65
-50
-99
-116
-125
-193
-190
-232
-269
-244
-229
-247
-265
-248
-231
-195
-216
-221
-185
-169
-156
-111
-140
-103
-164
-179
-131
-162
-194
-199
-149
-166
-142
-171
-160
-154
-177
-129
-149
-110
-52
-86
-100
-138
-157
-154
-168
-155
-119
-139
-99
-79
-81
-107
-134
-60
-46
-37
-38
-65
-99
-146
-142
-143
-156
-169
-175
-174
-147
-109
-146
-148
-124
-79
-63
-69
-43
-62
-87
-99
-104
-71
-76
-84
-111
-108
-93
-53
-18
-16
-3
-12
-25
-43
-57
-76
-71
-38
-63
-95
-136
-214
-187
-179
-222
-188
-218
-223
-202
-229
-174
-165
-168
-187
-189
-191
-203
-170
-180
-180
-128
-116
-80
-89
-118
-91
-79
-90
-98
-71
-50
-20
3
-1
-18
-53
-56
-98
-170
-172
-194
-247
-271
-259
-311
-272
-245
-255
-260
-278
-265
-277
-262
-272
-263
-292
-269
-271
-280
-282
-288
-236
-213
-167
-183
-183
-194
-139
-132
-152
-138
-175
-185
-198
-195
-150
-134
-160
-205
-175
-207
-200
-187
-203
-161
-143
-156
-171
-148
-198
-200
-201
-197
-182
-163
-144
-127
-64
-76
-94
-85
-46
-21
21
-29
-2
-2
-8
15
8
21
20
-16
-13
-15
-6
-27
-89
-90
-121
-157
-99
-127
-158
-182
-223
-228
-271
-266
-280
-286
-296
-299
-306
-275
-237
-242
-255
-258
-219
-194
-220
-239
-216
-177
-201
-215
-183
-234
-180
-82
-142
-155
-120
-78
-104
-138
-120
-141
-132
-100
-74
-70
-92
-116
-173
-179
-139
-180
-181
-233
-221
-201
-235
-229
-232
-153
-186
-204
-166
-180
-159
-182
-172
-199
-195
-167
-157
-121
-61
-63
1
-37
2
-40
-111
-76
-112
-53
-148
-115
-117
-61
-45
-6
19
-6
64
19
27
45
-7
-43
-49
-39
-74
-76
-37
-24
-14
-11
-8
-35
-17
-17
18
-13
34
56
102
132
80
91
63
48
7
-30
-24
-56
-75
-61
-42
-75
-71
-102
-105
-108
-125
-93
-136
-147
-146
-203
-197
-201
-193
-203
-231
-220
-204
-159
-155
-176
-192
-157
-169
-144
-108
-74
-74
-69
-54
-36
-59
-55
-55
-67
-75
-91
-23
-51
-76
-61
-73
-99
-101
-83
-92
-49
-53
-85
-135
-87
-68
-76
-78
-127
-85
-70
-30
-67
-74
-101
-106
-141
-113
-15
-58
-51
-25
-27
-13
-19
-19
-5
-20
-39
-6
10
-43
-5
-4
-35
-100
-21
-60
-69
-4
-51
-40
-17
-56
-109
-67
-26
-64
-75
-76
-77
-57
-121
-172
-148
-125
-122
-90
-97
-121
-80
-101
-84
-104
-137
-143
-135
-154
-94
-49
-92
-72
-11
-15
7
23
27
37
17
-6
27
13
-8
13
26
9
-3
-29
-41
-25
-18
-68
-92
-74
-97
-103
-114
-94
-104
-95
-125
-118
-139
-154
-130
-141
-147
-125
-108
-88
-29
-29
-33
-42
-85
-111
-112
-153
-118
-90
-94
-62
-78
-83
-71
-50
-79
-101
-62
-108
-71
-31
-95
-98
-90
-111
-164
-178
-210
-232
-234
-221
-193
-179
-177
-97
-90
-82
-22
18
39
68
40
33
40
18
21
14
4
-47
-58
-88
-66
-61
-79
-59
-83
-47
-42
-77
-71
-118
-102
-126
-98
-135
-127
-130
-140
-124
-139
-120
-134
-101
-114
-110
-95
-68
-68
-43
-113
-109
-69
-87
-56
-27
-22
-46
-38
-32
-42
-88
-111
-107
-137
-106
-112
-159
-146
-180
-156
-180
-183
-210
-228
-194
-207
-197
-215
-185
-174
-132
-137
-103
-77
-114
-125
-110
-95
-114
-122
-86
-126
-153
-97
-56
-66
-30
-31
-66
-39
-47
-64
-81
-61
-126
-94
-117
-116
-90
-160
-92
-110
-93
-82
-115
-113
-127
-148
-139
-148
-126
-151
-171
-192
-195
-216
-252
-265
-282
-241
-264
-296
-329
-238
-193
-216
-169
-157
-110
-107
-80
-45
-75
-95
-80
-81
-57
-45
-68
-23
-35
-21
-10
-14
3
-36
-69
-75
-131
-145
-157
-131
-138
-164
-144
-165
-178
-175
-132
-153
-153
-151
-173
-187
-182
-191
-149
-141
-111
-78
-60
-24
14
16
13
-22
-46
-26
12
12
-45
-34
-7
3
-41
-32
-22
-61
-75
-80
-112
-108
-109
-108
-52
-82
-99
-118
-109
-110
-123
-105
-126
-141
-135
-114
-129
-102
-82
-66
-50
-83
-25
8
-16
-22
-41
-50
-51
-65
-57
-91
-121
-133
-148
-128
-144
-134
-157
-136
-115
-141
-141
-135
-99
-171
-105
-127
-147
-149
-135
-137
-169
-199
-229
-267
-217
-216
-226
-185
-158
-140
-141
-91
-83
-48
-60
-104
-84
-57
-93
-130
-118
-61
-60
-158
-108
-65
-76
-19
-35
-25
-24
-7
-11
-30
-35
-39
-26
-68
-47
-91
-77
-96
-161
-159
-169
-162
-170
-167
-165
-127
-138
-109
-105
-95
-103
-111
-115
-147
-123
-134
-78
-125
-142
-116
-168
-175
-187
-147
-129
-92
-89
-92
-48
-37
10
-43
-66
-48
-84
-145
-144
-105
-139
-109
-166
-190
-180
-215
-219
-213
-181
-137
-147
-168
-105
-98
-92
-105
-105
-82
-35
-68
-100
-75
-66
-75
-63
-26
-60
-4
-29
-87
-72
-76
-108
-69
-59
-34
-3
-20
-7
-22
-70
-41
-54
-93
-130
-141
-103
-117
-126
-146
-119
-91
-91
-109
-66
-108
-80
-37
-57
-45
-44
-43
-57
-20
-81
-78
-58
-104
-91
-140
-141
-130
-113
-83
-142
-95
-36
-95
-80
-79
-78
-28
-88
-87
-96
-118
-132
-102
-105
-111
-131
-107
-111
-51
8
15
74
94
121
120
154
123
76
100
76
51
52
79
74
17
36
6
-30
-5
3
-41
-59
-91
-41
-42
-59
-137
-120
-141
-173
-155
-189
-144
-159
-166
-167
-141
-126
-105
-79
-106
-90
-59
-50
-47
-79
-90
-73
-96
-42
-61
-19
-29
-41
-41
-8
25
-1
-49
-67
-84
-148
-132
-149
-81
-77
-49
-32
-19
10
-21
5
-8
15
-9
22
36
2
26
-40
-51
-75
-73
-53
-67
-66
-70
-78
-90
-44
-74
-63
-7
-44
-7
9
-22
4
-36
11
-25
-61
-24
-46
-60
-48
-46
-51
-66
-71
-38
-21
-19
7
15
-25
-35
-36
-44
-52
-23
-66
12
-2
-82
-43
-38
-6
19
-5
-38
-90
-98
-99
-118
-81
-138
-148
-109
-132
-120
-67
-96
-104
-116
-88
-73
-61
-91
-101
-96
-109
-129
-163
-163
-175
-174
-155
-132
-161
-145
-155
-141
-155
-224
-213
-220
-189
-147
-139
-120
-122
-109
-99
-112
-113
-97
-117
-90
-93
-82
-41
-59
-96
-89
-78
-101
-126
-136
-128
-151
-202
-199
-199
-221
-196
-263
-230
-249
-294
-269
-221
-195
-173
-175
-192
-204
-230
-202
-234
-197
-172
-165
-141
-151
-128
-83
-107
-139
-121
-104
-86
-139
-129
-116
-76
-94
-114
-72
-101
-137
-157
-133
-182
-189
-199
-224
-200
-205
-148
-165
-168
-151
-182
-180
-183
-251
-274
-294
-301
-280
-279
-292
-301
-278
-318
-318
-317
-365
-341
-322
-302
-250
-274
-321
-276
-297
-288
-287
-255
-292
-324
-305
-325
-316
-336
-329
-324
-295
-331
-274
-247
-267
-244
-279
-283
-266
-266
-283
-312
-355
-297
-295
-322
-299
-302
-327
-286
-297
-244
-222
-264
-219
-219
-241
-247
-271
-277
-300
-297
-284
-265
-254
-226
-209
-243
-263
-265
-286
-301
-361
-337
-327
-324
-312
-309
-283
-346
-311
-337
-299
-240
-272
-205
-227
-252
-223
-236
-192
-239
-248
-230
-214
-191
-148
-133
-146
-147
-127
-138
-145
-150
-145
-107
-161
-215
-232
-215
-204
-250
-233
-244
-233
-226
-232
-206
-211
-167
-182
-192
-177
-160
-169
-149
-165
-152
-141
-178
-158
-184
-164
-183
-242
-260
-246
-228
-181
-188
-206
-225
-195
-220
-281
-279
-263
-220
-221
-218
-233
-248
-268
-266
-286
-264
-209
-183
-158
-176
-158
-165
-176
-185
-184
-147
-172
-150
-151
-118
-146
-151
-112
-142
-181
-165
-137
-180
-187
-239
-273
-200
-226
-226
-192
-160
-159
-136
-144
-184
-156
-175
-163
-148
-184
-163
-138
-138
-147
-172
-138
-109
-86
-97
-151
-177
-195
-187
-232
-246
-248
-237
-243
-285
-254
-217
-215
-216
-214
-230
-217
-213
-229
-219
-190
-163
-117
-137
-153
-170
-192
-193
-193
-124
-131
-158
-139
-147
-114
-110
-96
-102
-104
-114
-123
-161
-133
-142
-108
-67
-67
-55
-87
-82
-105
-80
-97
-110
-133
-182
-188
-143
-193
-132
-140
-153
-141
-143
-71
-90
-82
-65
-83
-115
-104
-64
-34
-23
-52
-99
-146
-150
-117
-103
-64
-101
-110
-80
-105
-56
-64
-77
-44
-7
-15
-24
5
-8
-18
-23
-34
-14
-46
-27
-60
-39
-33
-25
-25
-35
-25
-13
-38
-57
-74
-121
-130
-88
-91
-127
-129
-151
-190
-140
-119
-134
-91
-79
-57
-55
-55
-59
-69
-12
51
40
46
51
95
110
158
108
99
146
118
132
137
125
117
132
113
107
118
98
45
39
-2
-3
-33
-49
-28
-75
-70
-56
-63
-40
-62
-28
-53
-105
-88
-95
-100
-79
-73
-61
-35
-24
30
37
59
107
79
67
20
36
46
42
90
55
62
9
-12
22
34
22
27
15
10
28
-45
-69
-78
-121
-146
-153
-168
-153
-138
-102
-119
-179
-145
-116
-108
-95
-79
-85
-63
-58
-36
-69
-4
-4
-15
14
5
32
20
51
5
13
7
-5
43
44
64
27
23
-17
-3
38
35
101
34
-10
26
55
72
71
83
72
50
17
-7
-38
-56
-39
-57
-91
-95
-123
-156
-106
-100
-114
-121
-114
-107
-73
-18
16
39
-1
28
40
25
36
3
26
-15
-12
-60
-68
-71
-67
-7
10
28
27
34
5
32
12
38
48
14
23
48
51
33
35
81
82
77
55
54
18
58
22
-13
34
40
42
23
10
32
53
12
25
10
46
21
15
46
38
24
10
30
14
-25
-46
-71
-100
-52
-60
-91
-5
-10
18
26
24
68
40
40
12
23
32
28
20
25
61
16
23
40
4
-9
-4
7
22
-19
-40
-53
-91
-149
-127
-121
-131
-147
-148
-137
-188
-135
-168
-173
-132
-125
-112
-136
-138
-144
-126
-131
-98
-70
-41
-7
11
-15
0
44
1
7
3
21
20
11
18
-4
-51
-11
-1
-1
-15
5
42
45
70
59
60
68
86
30
24
75
89
88
109
54
30
69
34
105
76
59
117
101
146
151
156
144
152
92
64
100
63
34
65
96
55
68
33
59
9
25
-15
-40
-1
-33
-52
-43
-80
-107
-48
-52
-25
-106
-101
-69
-51
-70
-138
-109
-90
-107
-102
-80
-84
-94
-63
-103
-124
-93
-157
-125
-142
-146
-117
-115
-79
-93
-70
-50
-5
11
18
41
36
11
26
17
-22
11
28
-12
7
-21
-60
-62
-96
-52
-10
-19
-26
-6
13
23
-45
-30
-61
-70
-32
-58
-4
-19
-22
-22
-15
7
43
26
58
44
-6
33
29
78
125
121
93
73
89
112
85
102
67
73
115
123
110
73
35
12
-18
-39
-16
6
-4
-50
-49
-84
-80
-64
-13
13
-5
35
2
-28
-40
-38
-72
-22
-31
-33
-33
-58
-42
-39
-26
-20
-7
35
93
111
135
89
100
105
106
135
88
101
72
53
37
-6
6
7
4
13
9
3
54
57
24
25
-7
-7
24
26
-12
-13
-22
-35
-27
-82
-74
-77
-95
-34
-66
-73
-97
-127
-109
-105
-56
-62
-50
-65
-66
-69
-61
-56
-40
-7
6
-28
-21
-58
-22
-23
-91
-68
-79
-86
-81
-42
-82
-36
-16
-16
-18
-16
-34
-29
-44
-4
-6
-33
20
19
21
-28
-35
24
42
35
19
48
50
31
94
87
80
100
144
144
130
169
154
158
184
180
172
175
106
85
85
39
39
63
76
84
127
145
80
116
117
90
69
50
18
-1
-13
-35
21
11
16
-1
-6
-54
-16
29
7
17
3
-18
-34
31
-14
-27
-26
-25
-32
28
45
56
73
38
86
72
32
50
47
35
36
69
24
-12
19
22
25
21
91
38
50
84
76
92
115
128
172
199
205
199
111
98
78
70
104
109
107
113
124
192
174
182
209
237
252
254
262
237
214
202
201
195
162
138
132
125
129
128
32
58
92
70
115
166
179
145
152
176
159
148
104
98
126
117
99
101
50
123
111
102
121
90
122
90
107
126
124
98
71
35
60
86
65
92
47
28
9
66
89
46
41
54
118
113
63
92
78
45
40
-4
27
37
65
69
103
96
137
126
112
165
152
94
101
79
93
61
67
98
33
83
86
36
54
35
38
47
64
57
12
3
-18
-9
14
12
2
-14
-3
-68
-33
-20
-59
-37
-39
-49
-7
-31
-22
-20
6
-7
-74
-83
-108
-135
-131
-109
-55
-79
-69
-51
-69
-57
-63
-67
-107
-73
-91
-79
-90
-123
-117
-136
-144
-146
-120
-109
-143
-135
-63
-55
-46
-53
-51
-52
-21
-62
-59
-62
-63
-40
-26
-1
-10
1
55
11
12
57
23
10
-9
-1
-2
-34
-9
-24
-95
-26
-32
-28
-4
35
-19
-2
2
36
44
5
7
8
33
29
-22
10
-13
-73
-53
-67
-75
-64
-47
-71
-74
-80
-75
-68
-130
-137
-153
-216
-190
-192
-193
-188
-165
-201
-174
-178
-170
-128
-136
-203
-198
-180
-164
-125
-138
-156
-162
-144
-124
-115
-94
-94
-101
-68
-112
-104
-133
-86
-132
-130
-156
-172
-176
-204
-183
-186
-145
-135
-136
-170
-145
-98
-85
-25
-12
35
49
30
11
-5
-45
-32
-39
-68
-35
-28
-21
-54
-60
-51
-112
-102
-67
-34
-41
-59
-45
-49
-62
-73
-79
-93
-86
-111
-107
-92
-106
-79
-118
-118
-101
-121
-93
-79
-90
-120
-87
-21
-51
-120
-126
-136
-168
-135
-107
-129
-142
-112
-104
-105
-48
-50
-89
-56
-28
-49
-31
-59
-75
-85
-70
-31
-12
-48
-79
-78
-148
-148
-100
-127
-101
-118
-118
-92
-117
-120
-98
-69
-90
-94
-130
-132
-120
-157
-143
-122
-94
-93
-99
-76
-102
-109
-107
-84
-152
-158
-158
-132
-141
-144
-156
-136
-150
-141
-141
-156
-124
-164
-124
-84
-65
-101
-104
-92
-81
-123
-75
-86
-77
-95
-178
-109
-93
-135
-145
-165
-212
-171
-194
-185
-171
-197
-174
-155
-127
-158
-167
-142
-148
-138
-104
-82
-73
-98
-101
-108
-64
-55
-66
-60
-28
-31
-1
-43
-70
-60
-61
-69
-82
-23
-14
-8
-1
26
37
54
45
50
-34
-87
-114
-155
-119
-62
-105
-86
-31
-8
-49
-10
-21
-7
-47
-107
-64
-43
-58
-92
-70
-109
-95
-103
-145
-140
-200
-201
-137
-203
-182
-179
-171
-160
-126
-111
-151
-142
-160
-90
-124
-107
-117
-146
-139
-146
-121
-98
-90
-89
-129
-108
-95
-64
-90
-64
-41
-45
-34
-55
-28
-68
-74
-34
-15
-2
23
12
-1
16
-51
-10
3
-40
-4
1
10
-12
-24
-17
12
42
81
56
79
112
64
43
34
6
-3
3
8
-15
-39
-27
-51
-8
36
18
31
-13
3
8
-13
12
37
65
55
73
79
107
115
136
126
113
146
159
183
178
124
180
213
195
184
175
188
161
141
101
138
148
165
158
113
114
96
67
30
44
-11
-33
-12
-22
29
51
34
80
73
44
51
61
36
72
43
121
197
183
212
238
251
243
231
284
291
278
312
265
257
252
276
334
289
307
298
298
328
273
249
239
278
276
237
230
253
159
148
162
100
145
177
155
121
81
111
116
133
187
216
209
214
249
217
169
178
131
61
100
154
117
125
134
118
145
147
129
95
111
98
131
133
116
97
120
116
102
155
136
183
177
206
215
219
214
264
247
229
242
248
310
291
333
351
303
315
354
312
282
308
263
232
203
166
120
115
80
106
147
85
82
94
101
87
53
14
13
23
-20
39
86
89
122
100
86
97
126
109
156
151
145
161
125
111
91
143
180
176
137
129
114
74
95
2
-5
34
26
-17
28
18
-65
-69
-70
-60
-75
-79
-101
-113
-96
-136
-153
-137
-174
-163
-145
-156
-106
-40
-44
-7
66
28
16
-29
-3
-15
-6
-5
-40
-6
8
-41
-14
-14
-75
-45
-26
-28
-56
-24
-55
-14
-14
-15
-19
-21
-63
-111
-133
-126
-114
-144
-148
-166
-124
-93
-56
-39
-5
-15
-22
28
33
42
35
-10
-33
-23
-48
-41
-18
-22
-60
0
-28
-65
-50
-52
-59
-72
-2
-64
-60
-67
-64
-45
-59
-98
-111
-99
-96
-86
-93
-58
-78
-94
-69
-62
-20
-12
-33
-46
-63
-90
-93
-121
-112
-119
-108
-92
-93
-112
-147
-100
-124
-112
-112
-127
-125
-101
-95
-138
-119
-95
-119
-110
-112
-75
-70
-78
-51
-56
-69
-64
-9
-22
-48
-30
-50
10
-11
15
0
13
-1
0
34
25
47
27
88
51
32
33
30
52
79
63
30
-21
-44
-36
-46
-79
-54
-94
-87
-124
-131
-111
-136
-123
-146
-158
-205
-186
-216
-245
-183
-148
-142
-128
-155
-186
-159
-127
-136
-107
-68
10
5
14
-14
-24
44
62
49
42
25
42
60
39
35
13
46
18
4
28
26
14
-7
2
-23
-72
-103
-130
-156
-123
-113
-135
-82
-79
-90
-92
-115
-117
-103
-91
-119
-106
-110
-86
-49
-63
-50
-53
-54
-77
-87
-38
-91
-93
-74
-79
-83
-108
-89
-81
-65
-40
-34
-43
-90
-54
-76
-107
-77
-117
-103
-104
-92
-84
-45
-97
-66
-34
-70
-62
-105
-88
-96
-76
-83
-43
-58
-42
-55
-20
25
27
49
-15
-7
-18
-55
-73
-67
-41
-68
-15
9
-12
21
-35
-37
-62
-65
-33
-17
65
39
37
43
33
19
58
55
67
81
94
102
129
147
157
173
159
180
163
167
185
206
180
138
147
131
128
94
109
110
127
172
137
148
193
152
162
143
154
146
107
137
98
119
142
191
187
187
181
182
142
147
161
161
238
253
328
328
313
313
278
275
198
189
160
153
208
209
237
293
270
246
263
228
208
256
216
210
167
174
196
161
211
191
188
194
210
180
189
175
149
172
197
229
315
331
361
353
377
427
342
362
364
339
336
326
320
270
321
316
294
321
338
278
290
319
327
341
339
280
265
272
246
229
201
164
139
141
154
131
177
197
154
169
180
132
188
179
211
191
168
207
208
193
173
196
168
163
156
155
143
182
175
215
264
268
219
154
206
175
194
242
243
268
288
335
368
348
321
326
273
223
230
218
228
249
219
204
245
184
178
201
211
194
163
153
113
170
182
150
169
173
178
132
106
126
84
64
64
63
67
65
84
41
45
96
86
110
132
96
143
139
98
109
93
120
116
97
92
147
186
146
100
100
120
146
131
92
90
109
109
93
121
102
129
87
110
90
30
66
76
74
74
86
85
95
71
82
118
102
152
143
125
165
146
137
180
179
163
159
196
171
178
154
154
161
87
100
87
96
143
146
153
166
156
137
153
133
188
161
143
160
151
99
71
93
115
73
65
28
69
79
26
63
88
98
93
76
33
83
78
83
97
62
56
23
5
-27
-49
-29
-29
5
37
29
24
51
46
-14
-31
-25
-19
-20
-66
-82
30
10
1
10
-26
11
-12
0
-15
-38
-19
24
34
39
60
96
85
116
109
72
42
43
66
50
82
74
82
82
54
45
1
30
27
10
-15
-48
-79
-115
-109
-56
-12
-18
-14
-14
6
22
8
4
37
62
68
89
66
116
127
71
66
46
31
-21
28
44
42
46
42
38
33
58
54
13
-46
-71
-112
-116
-109
-115
-102
-65
-36
-52
-77
-66
-87
-47
-70
-86
-4
4
5
22
79
116
146
175
185
218
211
227
236
204
201
206
220
197
160
129
124
98
105
89
50
94
79
71
62
110
84
73
84
107
116
124
139
103
154
122
117
118
98
119
124
167
180
181
149
218
244
212
250
250
236
212
172
174
136
123
113
126
124
114
175
114
152
163
171
237
193
202
166
155
190
156
186
192
185
217
207
244
250
290
258
244
261
235
180
143
165
170
193
213
216
180
196
163
111
112
104
122
142
123
165
199
185
219
282
336
363
333
286
267
243
193
194
225
211
246
247
230
295
298
305
296
285
304
306
314
267
268
258
222
231
155
166
136
92
121
135
70
51
28
-3
67
-5
15
56
94
103
126
148
130
150
147
119
101
72
60
60
80
113
101
120
127
157
181
164
160
157
157
111
130
120
148
139
160
185
206
213
192
206
184
180
147
135
143
138
130
149
191
164
154
135
117
128
179
177
173
165
121
124
130
125
110
113
85
59
62
91
89
90
90
100
108
105
92
66
108
152
146
175
174
155
147
104
87
94
105
118
122
139
125
141
121
134
140
127
154
150
165
197
180
161
161
109
113
124
170
150
175
208
282
282
299
285
283
247
162
142
131
100
90
79
37
68
77
79
79
100
83
119
129
123
63
70
146
131
122
140
124
93
95
65
91
85
72
149
171
145
185
175
194
176
208
221
182
157
172
174
155
148
136
176
178
184
171
190
230
272
267
258
290
266
253
226
196
194
186
220
205
218
211
245
195
173
182
169
179
109
106
80
120
139
68
74
50
-13
31
43
37
59
58
74
84
98
122
144
126
81
133
156
140
158
165
162
163
121
127
150
133
153
173
171
155
166
213
233
181
214
199
196
162
142
138
92
102
109
127
124
120
128
162
157
130
143
158
180
191
196
228
203
213
208
218
219
209
176
157
127
113
74
39
95
95
120
65
22
8
-17
34
27
25
21
47
95
53
57
30
23
34
11
31
67
58
88
135
93
90
96
94
75
131
104
83
152
139
168
158
122
111
114
145
123
113
124
115
120
127
131
130
198
225
193
229
197
171
193
154
161
90
110
85
81
86
23
55
65
59
69
53
5
5
-10
-10
-4
-33
-27
-53
-41
-71
-123
-145
-122
-100
-74
-54
-26
-17
-1
53
100
120
106
111
81
83
133
178
196
212
163
196
191
189
215
212
216
224
213
130
124
143
92
70
44
31
27
-1
-9
-17
-48
-81
-33
-23
-9
-81
-74
-29
-61
-58
-46
-31
-51
-54
-68
-54
-33
-4
41
25
38
111
113
128
97
111
145
104
108
115
163
107
89
123
124
188
164
153
146
150
110
117
112
83
72
59
48
28
38
-6
-28
-43
-45
-68
-56
-53
-55
-29
-12
9
8
41
30
0
-20
-48
-9
10
-24
42
98
103
108
143
204
225
236
197
152
171
161
132
57
64
77
102
98
125
140
55
61
92
58
100
63
49
91
68
109
-3
-5
65
15
15
-22
-65
-43
-56
-41
-31
4
-27
24
56
64
52
29
76
19
36
44
19
-2
-56
-53
-41
-97
-64
-29
-24
1
58
85
95
115
125
132
134
121
165
195
188
235
229
234
186
224
248
219
188
208
182
165
174
139
94
119
97
13
73
10
-37
-14
-21
-27
-21
-58
-98
-88
-140
-115
-93
-76
-77
-108
-55
-47
-24
-48
-88
-51
-31
-19
-35
-15
-21
5
20
-14
-3
3
14
59
131
101
76
72
43
18
57
26
51
44
38
51
74
76
109
127
142
150
117
186
173
150
143
86
123
106
107
96
48
39
75
68
45
110
116
95
92
77
77
17
-24
-11
-29
-41
-60
-37
-75
-143
-92
-104
-136
-59
-24
-23
-44
29
76
77
72
85
148
135
180
132
115
91
78
76
99
144
185
191
139
205
185
237
214
206
166
154
119
77
68
51
79
-12
-35
-72
-57
-59
-78
-107
-130
-109
-112
-123
-125
-96
-137
-140
-111
-70
-43
7
-3
-16
-43
-41
-54
-61
-40
-58
-71
-64
16
27
-6
1
56
69
95
42
26
8
-6
-12
-79
-112
-125
-144
-95
-97
-113
-100
-109
-139
-165
-151
-169
-153
-165
-163
-216
-197
-229
-241
-251
-277
-247
-263
-244
-251
-240
-190
-169
-161
-97
-111
-98
-74
-48
-62
-61
-54
-83
-53
7
16
-39
-33
-25
-32
-6
-6
-12
46
19
-5
31
-2
-16
-27
-54
-5
-50
-55
-31
-104
-112
-101
-132
-124
-118
-142
-105
-97
-69
-75
-83
-34
-30
-14
16
6
11
-16
-33
-9
-15
1
20
-20
-20
-16
-8
-4
7
-11
-31
-57
-19
-33
-30
-52
-66
-32
13
-24
-25
-20
-50
-39
-67
-29
-24
-27
-25
-35
-35
-28
-51
-3
8
0
-6
7
-34
-56
-25
-54
-72
-97
-63
-64
-49
-47
-76
-89
-110
-110
-126
-132
-111
-60
-55
-52
-62
-87
-32
-40
-87
-110
-116
-84
-93
-52
-41
-43
-14
10
-10
13
25
19
80
89
50
42
34
31
-3
17
6
-39
-9
11
10
14
-15
-34
-17
-27
-26
-15
-41
-48
-8
-6
-26
-59
-46
-90
-92
-123
-145
-160
-148
-134
-147
-150
-158
-164
-196
-215
-154
-116
-113
-116
-168
-148
-119
-59
-27
-56
-20
12
37
29
103
94
110
157
130
168
102
133
123
48
90
105
83
119
98
96
37
32
6
9
78
47
66
67
88
44
17
26
17
68
49
-4
-4
25
22
52
66
37
26
71
31
106
155
152
183
195
195
186
192
157
161
116
118
110
102
78
85
108
126
137
151
158
117
115
175
180
189
197
174
159
137
136
145
164
164
151
200
196
172
150
205
228
232
190
190
173
166
201
163
141
85
100
102
107
112
128
147
163
151
161
171
197
239
267
244
217
214
239
231
214
248
203
278
260
220
269
241
235
229
233
253
245
240
234
254
283
214
218
206
156
139
94
123
129
140
177
139
143
120
161
142
153
160
143
159
108
147
158
156
123
118
113
105
126
107
92
112
97
114
150
132
114
134
145
179
187
221
193
115
125
112
79
43
23
82
128
120
131
72
101
113
123
98
32
1
0
32
76
29
26
18
83
33
9
-38
-79
-11
-71
-43
-40
-50
-41
-12
-6
-15
2
28
26
28
34
15
43
74
101
162
146
131
136
129
174
155
172
165
161
152
120
114
117
