SAMPLES:	16748
BITSPERSAMPLE:	16
CHANNELS:	1
SAMPLERATE:	16000
NORMALIZED:	FALSE
130
103
81
78
86
109
90
83
89
56
100
43
-2
21
26
-20
-28
-36
-36
-29
-21
29
63
37
-2
-8
-38
-14
-31
-77
-75
-99
-53
-41
-71
7
-2
19
22
-7
42
41
5
-24
27
22
48
65
40
71
58
41
30
22
24
33
-3
25
47
61
106
99
114
117
86
64
102
101
105
97
80
40
54
96
77
58
27
36
28
64
59
84
85
92
93
63
80
41
49
55
20
-6
-22
-34
-28
-14
-52
-31
-21
10
32
72
57
60
85
32
60
54
30
26
26
73
43
-2
26
14
18
52
15
33
17
5
39
39
61
115
140
145
185
164
101
90
66
41
36
36
-10
-3
25
20
8
-8
5
-39
15
-13
-35
3
43
22
40
65
13
6
-50
-27
-53
-75
-79
-93
-103
-44
18
-15
1
80
29
62
82
76
131
147
147
129
153
90
114
170
145
186
154
151
159
146
132
101
76
82
81
78
-9
13
71
36
22
-1
16
-7
-5
-57
-33
-30
-25
-12
-28
-37
-51
12
20
43
62
130
100
129
132
76
117
105
113
120
117
117
155
182
203
198
229
209
160
202
237
191
215
210
217
233
244
216
163
117
94
105
65
130
93
102
136
90
78
48
93
57
94
108
97
115
120
100
93
126
112
87
119
91
87
120
65
83
79
67
109
127
129
103
115
79
82
63
94
90
107
75
61
41
41
62
43
28
14
59
34
8
26
38
54
14
-7
49
15
55
99
41
28
37
49
54
66
67
6
30
27
9
40
80
65
40
72
64
41
38
41
6
15
32
69
43
74
87
16
27
37
54
68
70
74
119
142
121
127
150
142
85
97
97
124
104
75
61
61
84
109
70
37
30
27
54
50
51
27
55
-25
-24
18
65
53
66
77
84
117
103
132
102
94
89
90
14
-18
-15
-34
-14
-11
-7
11
24
49
44
53
49
62
80
136
136
192
207
174
172
125
140
131
110
78
71
27
77
83
84
86
85
82
78
94
40
34
-10
18
50
41
25
-4
-5
5
33
15
37
72
59
59
110
114
79
116
70
82
86
103
67
56
97
83
72
62
125
93
103
91
92
69
53
87
56
47
29
45
30
39
37
27
79
72
103
143
128
89
110
127
95
69
80
96
76
78
73
75
31
22
41
32
27
-15
47
45
83
84
87
144
83
109
94
39
44
68
40
0
-12
-3
-16
36
87
60
111
99
99
114
123
76
85
119
94
68
79
40
44
64
6
-19
19
32
38
76
29
17
69
61
78
120
54
74
85
62
3
-5
9
-32
-59
-107
-61
-23
-46
-3
-2
37
10
23
18
30
95
91
80
71
64
24
15
37
57
26
66
102
98
122
71
67
41
30
44
85
70
60
148
116
89
97
64
47
30
34
113
69
59
58
28
-2
-52
-56
-79
-109
-117
-109
-87
-24
-21
-55
-4
45
34
-29
28
38
91
80
95
133
153
161
135
170
147
88
139
183
203
131
165
205
180
149
143
152
125
120
101
113
62
86
63
60
61
82
53
11
15
-16
-44
-4
-11
3
-37
-17
-11
-47
-6
6
45
30
25
45
69
33
-4
-8
9
-18
-6
1
27
49
15
11
18
60
59
18
27
-2
18
-7
-37
-2
-28
-1
23
32
31
12
-3
1
11
14
-31
-52
-24
-52
-3
25
48
54
33
55
8
-29
-21
5
40
18
75
78
94
56
72
60
50
44
45
32
7
-3
28
28
9
4
-35
-12
-98
-88
-34
-18
-2
13
66
28
15
59
32
40
63
49
35
18
6
25
45
103
86
78
82
110
115
119
139
111
110
84
98
114
102
59
59
41
79
108
116
197
172
143
155
103
114
120
106
108
158
187
144
133
98
99
55
6
36
6
40
57
65
78
76
122
97
72
86
102
72
31
58
64
61
102
84
62
63
95
93
88
79
78
110
151
202
201
207
214
202
195
210
196
177
178
200
144
74
56
78
40
5
-10
-30
2
-20
31
1
-43
-11
-50
-44
-50
-49
-27
-22
-36
-52
-5
-22
-16
-40
-32
2
5
1
41
56
35
23
127
150
125
182
194
157
162
177
210
204
200
219
248
234
243
269
193
210
207
180
173
146
170
127
127
138
118
139
128
141
111
88
69
41
42
42
68
62
51
87
98
76
93
104
83
108
149
177
155
136
156
133
135
147
111
160
160
135
144
209
176
101
132
76
80
125
114
142
104
122
151
108
101
48
75
86
115
132
143
163
119
96
117
67
52
8
2
17
2
-1
-61
-55
-29
-31
24
20
23
42
54
108
65
105
139
130
139
196
190
157
192
161
144
144
156
127
70
110
122
43
51
44
31
32
17
15
-37
-19
-27
-44
-25
-69
-13
20
-10
1
-30
-9
39
38
66
52
44
37
27
48
44
63
47
21
34
62
57
74
66
22
23
9
-1
33
25
27
32
20
7
3
21
18
23
13
-24
22
41
16
17
39
52
48
-1
11
42
5
-9
-25
12
-4
9
6
-24
-35
-10
-24
0
-42
-25
0
-12
20
30
7
30
38
54
24
-16
21
-38
-41
-65
-56
-72
-105
-136
-111
-102
-139
-152
-110
-143
-88
-73
-101
-30
20
1
16
22
33
65
23
19
10
8
1
8
8
-45
-35
-40
-48
-93
-122
-101
-84
-77
-106
-110
-145
-138
-171
-140
-177
-210
-174
-186
-213
-223
-187
-217
-191
-181
-158
-152
-114
-87
-61
-35
-95
-79
-114
-82
-77
-77
-84
-104
-87
-94
-96
-80
-63
-47
-48
-71
-64
-89
-74
-75
-78
-76
-89
-112
-148
-136
-126
-111
-126
-115
-142
-173
-203
-185
-197
-228
-217
-203
-223
-193
-228
-224
-219
-245
-182
-206
-202
-173
-246
-246
-219
-233
-226
-211
-210
-199
-189
-226
-161
-84
-101
-94
-89
-110
-73
-83
-132
-166
-122
-114
-151
-119
-137
-129
-71
-111
-90
-121
-135
-101
-108
-144
-139
-168
-171
-148
-91
-112
-128
-133
-143
-153
-187
-169
-175
-141
-196
-212
-214
-222
-242
-225
-212
-252
-232
-236
-228
-239
-196
-243
-200
-165
-202
-154
-135
-99
-110
-95
-79
-105
-94
-122
-104
-120
-120
-59
-93
-93
-80
-93
-56
-3
-31
-45
-88
-119
-137
-180
-180
-163
-155
-167
-156
-130
-162
-122
-116
-150
-158
-136
-135
-126
-112
-139
-147
-147
-139
-156
-133
-79
-115
-116
-91
-98
-78
-88
-73
-13
11
55
54
15
5
-26
5
-16
1
-27
-4
34
45
26
19
49
42
16
-3
1
-20
1
-57
-49
-65
-88
-136
-157
-128
-164
-113
-129
-155
-137
-102
-65
-62
-90
-92
-143
-134
-128
-145
-150
-192
-203
-212
-162
-148
-173
-133
-133
-108
-74
-61
-53
-65
-52
-37
-24
-12
19
61
-3
-36
-58
-54
-48
-82
-86
-71
-62
-98
-104
-114
-70
-42
-94
-87
-96
-150
-132
-138
-122
-107
-97
-89
-75
-94
-122
-68
-35
-49
-77
-53
-32
-10
-6
-32
13
-6
-4
17
-12
-33
-66
-79
-79
-61
-78
-56
-12
-40
-34
-66
-72
-46
-8
-1
19
5
13
-3
-22
-31
-54
-126
-140
-84
-77
-85
-80
-23
-36
13
74
51
52
85
60
35
27
56
36
20
-33
21
53
-31
-8
-27
-10
-25
15
4
-5
52
-1
44
71
105
136
83
139
154
149
118
123
143
130
153
127
152
117
149
164
165
176
156
162
125
84
81
87
92
120
130
143
160
105
137
78
88
81
26
63
21
38
79
53
36
54
55
63
68
70
107
123
115
106
127
152
108
127
103
105
142
136
139
48
57
109
128
107
71
80
93
104
103
104
107
89
71
117
102
121
184
148
135
175
185
176
167
184
140
190
189
167
207
176
201
198
218
212
273
280
279
267
253
259
232
192
141
122
97
67
80
144
143
64
82
117
109
73
73
64
55
104
132
91
145
135
149
148
119
139
115
118
92
141
155
183
235
235
278
283
250
256
220
172
175
119
107
101
97
100
40
61
44
106
59
77
83
109
118
125
108
49
95
32
43
36
-10
0
13
-17
11
-13
-1
-5
55
114
140
230
217
276
261
242
243
177
160
132
140
152
148
156
185
197
157
180
206
252
287
282
247
196
190
193
167
125
115
84
29
7
6
30
30
56
120
148
150
174
215
255
223
220
203
187
135
124
164
172
152
144
118
133
162
140
177
154
130
154
151
127
159
154
153
134
126
141
120
87
67
50
68
93
119
202
209
256
239
260
315
319
276
215
236
220
221
245
239
225
206
180
152
144
184
199
197
218
215
236
251
224
214
234
196
175
175
151
168
128
171
115
107
155
177
176
170
171
163
192
180
183
177
120
44
51
67
128
156
148
167
156
178
202
244
207
216
231
245
264
239
219
225
213
127
115
80
20
23
-4
9
3
-38
39
34
27
34
76
94
55
77
57
37
31
57
82
72
117
107
82
85
84
104
117
136
116
98
106
155
138
134
198
243
254
207
206
163
142
120
132
141
97
156
145
188
147
159
151
132
159
144
122
75
136
124
166
110
94
100
73
97
81
87
34
12
45
65
101
58
74
103
140
112
100
68
31
29
3
10
-47
-59
-10
8
-30
-28
-45
-22
-23
13
76
23
1
59
64
48
39
78
75
67
69
70
97
75
39
16
85
15
45
89
46
94
52
82
48
-20
-71
-58
-53
-73
-95
-76
-84
-68
4
-26
-52
-36
-40
-36
-18
-20
28
66
36
94
95
59
4
25
69
76
67
61
140
128
135
162
175
148
113
103
58
51
88
82
84
44
64
51
45
79
78
74
41
69
55
46
20
-25
-31
-41
-79
-47
-7
-20
24
10
26
-17
-35
-37
-27
-7
-26
-42
-18
-26
-26
-8
-43
-59
-59
-25
-65
-65
-91
-107
-66
-83
-11
-13
14
56
-4
-4
-6
19
-42
-52
-35
-20
-35
-45
-26
-39
-40
6
36
-12
41
80
90
60
106
161
126
93
107
105
74
99
117
132
142
119
112
132
144
170
123
152
173
155
125
116
108
97
100
46
33
56
79
29
-6
72
70
81
84
70
83
77
64
79
93
87
77
44
5
16
39
22
42
2
-13
-2
26
-20
-35
-39
-53
-65
-81
-60
-16
-26
-83
-90
-52
-68
-126
-105
-56
-57
-42
5
30
38
39
70
84
50
81
98
138
130
90
105
79
68
95
66
81
112
90
112
162
147
125
116
123
71
72
64
95
72
3
35
-6
-22
-50
-52
-74
-82
-30
-13
10
50
60
62
68
136
125
119
104
59
23
65
63
76
87
65
83
53
66
60
95
73
77
70
26
31
42
26
78
58
58
55
37
41
8
12
-8
-8
23
33
52
64
47
56
69
43
22
44
58
23
13
-1
-25
-29
-33
26
6
3
17
32
7
29
34
30
16
9
5
15
37
47
94
70
59
92
115
100
84
74
67
61
94
123
122
135
116
123
118
113
78
15
79
84
80
69
116
87
42
19
0
-28
-23
-22
-46
-25
-25
-47
-48
-64
-71
-38
-62
6
10
-50
-44
23
7
37
42
-18
-78
-22
-31
-52
-34
-59
-36
-18
-64
-59
-13
-59
-38
-14
64
77
54
61
30
-39
-57
-4
-31
-39
-26
-22
-16
2
28
22
-4
15
25
43
21
77
113
58
68
65
92
102
71
41
31
54
64
66
33
27
42
15
60
77
66
71
80
43
22
14
-11
-4
-23
17
-3
-48
-19
-17
-46
-37
-11
-49
-49
-21
-74
-44
-1
-28
-24
-22
-29
-44
-6
-21
-66
-74
-47
-40
-91
-77
-66
-53
-38
-38
-22
-13
-34
2
2
-10
24
28
55
54
57
50
49
59
46
39
39
30
22
43
33
34
107
61
41
55
49
81
65
79
94
75
78
76
107
99
67
57
45
40
47
62
72
91
66
45
23
35
8
21
6
-57
-52
-43
-82
-78
-6
-55
-67
-44
-90
-81
-49
-20
-49
-19
14
-27
-24
-18
-3
0
8
-62
-63
-59
-62
20
11
19
52
27
33
15
15
31
32
34
21
10
22
-30
-60
-37
-87
-63
-97
-131
-161
-172
-112
-157
-171
-104
-143
-120
-106
-88
-92
-125
-109
-102
-76
-22
-58
-115
-86
-78
-83
-173
-170
-203
-154
-76
-112
-64
-39
-60
-93
-91
-73
-96
-148
-105
-158
-180
-144
-145
-141
-155
-147
-169
-171
-186
-176
-190
-216
-177
-177
-147
-131
-145
-139
-109
-100
-132
-89
-23
-43
-124
-81
-102
-145
-178
-141
-79
-64
-55
-70
-63
-42
-36
-52
-133
-96
-75
-77
-53
-43
-76
-65
-84
-94
-94
-143
-71
-88
-95
-119
-90
-72
-105
-62
-28
8
-45
-24
-27
-95
-31
-12
-40
-89
-101
-104
-95
-57
-24
-40
-76
-67
-97
-97
-81
-60
-36
-67
-50
-39
-20
-36
-50
12
-18
16
-26
-38
47
38
44
24
52
58
46
11
0
-8
-29
-61
-23
-47
-68
-48
-68
-66
-82
-50
-91
-86
-62
-71
-90
-126
-109
-63
-63
-97
-67
-70
-55
7
-22
-36
-36
-59
-36
-17
-44
-19
-10
-11
19
-30
-33
-9
13
53
3
-32
0
9
70
0
-23
31
-7
14
-27
-44
-17
-43
-41
-2
-45
-64
-14
-3
-27
4
23
36
13
-28
-24
-62
-47
-61
-101
-80
-78
-55
0
-7
-8
-32
-73
-78
-117
-92
-93
-119
-128
-78
-65
-71
-19
-40
-75
-47
-24
-24
-71
-55
-23
-95
-60
-45
-52
-93
-89
-57
-121
-117
-28
8
-8
22
-5
-15
-10
-14
22
28
9
38
21
27
12
0
20
-35
-7
29
76
15
-20
-24
-55
-45
-36
-36
1
8
7
-47
-43
-56
-86
-80
-85
-86
-99
-84
-79
-53
-47
-37
-15
-54
-95
-93
-140
-140
-110
-113
-81
-95
-17
-8
-13
4
-34
3
-17
-48
-26
-44
-101
-75
-90
-74
-74
-87
-58
-53
-33
-40
-15
31
13
39
17
18
3
-18
17
23
26
6
13
1
4
46
28
21
-25
-61
-21
11
42
37
20
12
-1
21
44
58
19
-10
2
-27
2
-27
-24
22
-78
-49
24
19
-24
-37
-30
-34
-69
-41
-38
-53
-33
-26
-58
-46
-20
-20
-38
-17
21
3
-15
-12
9
-2
8
-15
-70
-64
-53
-24
-10
-22
15
-27
-37
-52
-58
-54
-18
-20
-43
-34
-55
-57
-52
-52
-62
-32
-62
-81
-39
-80
-104
-45
-10
0
-21
-39
-12
7
-1
-30
-35
-10
-8
34
44
12
7
-37
2
-15
-55
-48
-22
14
-61
-71
-24
-13
-92
-28
-1
-10
-64
-56
-21
-19
19
24
41
11
-19
-35
8
15
20
-18
-49
-46
-13
-31
-22
-28
4
-30
-39
-59
-54
-36
-39
-20
-63
-13
58
72
57
95
99
33
31
7
31
13
18
59
26
62
45
55
62
94
133
163
149
130
135
109
87
74
41
62
54
38
17
-14
-9
-34
-33
5
-36
-21
16
21
70
111
131
113
134
122
84
64
73
46
19
-15
-30
-56
-119
-50
-6
-36
-20
5
-6
3
7
52
4
-32
-37
-99
-23
-68
-69
-5
10
13
24
31
62
62
29
83
62
75
68
93
76
14
-18
-12
-21
-23
9
-31
-42
-42
-51
-45
36
0
-43
-32
-25
-22
-48
-6
-28
-12
-9
-45
-70
-46
-7
8
31
5
19
-5
7
13
38
56
19
13
54
41
33
-3
4
38
-4
44
15
38
72
80
101
39
-9
26
9
-13
-31
-23
7
-29
-35
14
7
2
-17
2
-25
-20
-29
0
-6
15
51
-14
24
51
-5
-69
-32
-19
-102
-85
-98
-125
-101
-138
-151
-137
-115
-87
-115
-101
-114
-111
-114
-115
-92
-147
-134
-137
-141
-138
-140
-100
-76
-88
-72
-55
-72
-48
-51
-85
-26
0
-15
0
23
49
42
44
51
22
28
50
1
-32
-55
-67
-39
-95
-105
-48
7
-23
-3
53
72
40
40
57
36
75
25
-9
19
-11
-46
-18
-13
-66
-70
-10
-27
-50
-14
23
66
56
55
101
53
62
93
46
7
8
-20
-53
-51
-68
-59
-36
-75
-59
-71
-78
-80
-124
-127
-111
-119
-140
-105
-116
-123
-49
-69
-76
7
-8
-63
-50
-50
-79
-57
-101
-75
-62
-86
-77
-73
-91
-128
-156
-168
-131
-74
-59
-63
21
-33
-117
-63
-4
15
43
35
50
73
84
67
47
53
51
13
21
38
37
40
41
23
9
11
64
127
67
71
65
31
24
-4
-38
-74
-93
-95
-139
-124
-130
-92
-78
-80
-83
-139
-149
-153
-143
-146
-146
-169
-163
-105
-107
-78
-116
-121
-121
-85
-51
-47
-58
-92
-94
-93
-123
-88
-116
-116
-124
-104
-87
-95
-95
-80
-84
-88
-59
-50
-35
-59
-16
-41
-66
-83
-58
-44
3
-5
20
47
-2
3
-17
24
-23
-1
27
12
80
55
88
114
51
48
44
36
69
67
27
29
58
20
44
86
46
40
34
20
41
57
71
70
68
39
52
58
-1
17
22
17
-17
-47
-34
-30
-17
-27
-20
-23
-10
-3
-23
-11
-41
-42
-89
-109
-93
-146
-116
-164
-142
-90
-98
-100
-126
-97
-84
-83
-83
-68
-68
-71
-43
-9
-13
-18
24
55
62
40
77
97
112
103
125
112
133
145
126
97
98
111
78
62
60
27
35
3
37
47
28
100
28
17
39
11
36
74
89
62
46
54
14
33
1
12
18
-3
-24
-2
-5
0
24
-8
-14
-25
-23
-22
-57
-21
14
-16
-14
8
-32
-42
-42
-61
-47
-63
-52
-63
-21
-3
-11
17
73
68
74
82
95
82
64
82
122
119
115
130
151
133
87
76
32
-18
-6
19
-4
-30
8
50
26
34
26
80
122
60
28
7
-14
-27
17
-7
19
5
-63
13
2
-27
1
33
-15
-4
18
35
52
71
84
106
145
121
127
133
97
91
77
45
81
73
38
47
83
75
108
71
76
95
4
14
19
19
-9
16
-17
-66
-49
-14
9
-10
37
29
46
44
12
1
15
-9
-43
-44
-7
39
25
29
45
28
36
26
56
102
120
147
143
135
145
142
102
111
81
95
78
65
74
65
70
92
128
120
106
112
138
133
157
126
138
131
145
153
153
155
161
129
115
165
146
148
197
184
130
130
104
90
96
134
160
168
180
177
163
125
107
84
64
98
75
102
154
191
219
230
239
253
237
186
176
170
171
181
162
145
156
153
155
175
193
155
174
207
261
264
267
276
329
344
272
310
295
249
278
260
259
220
218
221
212
217
232
239
178
166
169
161
154
185
182
197
208
219
240
227
251
239
194
198
198
238
231
279
274
254
256
224
255
259
225
218
258
246
208
226
205
202
241
208
236
258
217
226
199
166
157
190
172
165
159
175
148
170
167
127
141
129
103
58
67
104
80
57
106
116
156
122
45
118
91
64
50
43
47
37
32
-4
7
-24
-54
-39
-7
23
2
7
49
65
135
138
118
94
50
70
25
56
76
105
103
48
81
71
75
70
71
73
70
75
53
74
88
81
104
130
166
151
125
111
122
99
65
54
24
8
-8
8
22
2
16
14
18
24
39
41
34
35
46
13
45
21
-13
44
24
15
-42
-45
-72
-103
-86
-88
-99
-66
-61
-78
-65
-50
2
11
31
29
24
23
8
-26
24
37
31
61
105
153
153
132
161
136
152
127
114
158
134
145
135
141
124
151
111
97
93
78
86
118
74
111
139
81
79
98
64
31
40
40
19
0
6
31
46
1
37
71
92
142
148
112
101
117
76
90
129
104
77
112
130
90
28
55
21
18
60
18
54
88
104
100
150
114
112
132
90
133
128
113
75
112
139
196
130
79
90
59
111
110
141
133
74
124
136
132
150
134
128
91
111
102
104
94
25
49
27
9
11
2
22
4
31
43
40
28
18
-19
27
51
-46
-27
37
23
2
-7
18
19
11
3
-39
-32
-24
-11
-10
-14
-45
-49
-18
44
11
24
29
3
38
22
0
-60
-86
-96
-100
-104
-136
-132
-69
-96
-140
-70
-82
-40
19
14
-11
45
16
9
65
-8
38
15
-17
-13
-38
-29
-12
-30
-54
-47
-20
29
25
2
85
60
75
101
19
76
59
-12
-4
-27
-13
-9
-32
-4
5
-16
-63
-78
-65
-62
-95
-73
-73
-84
-75
-143
-186
-113
-119
-123
-88
-88
-55
-70
-73
-64
-50
-24
-47
-47
-30
-98
-91
-106
-112
-93
-105
-90
-51
-71
-17
18
37
36
31
49
-31
-28
-24
-4
-64
-103
-57
-34
-29
-46
-58
-91
-79
-100
-100
-115
-115
-61
-105
-158
-172
-113
-160
-191
-211
-185
-207
-218
-152
-141
-143
-132
-118
-124
-92
-88
-63
-61
-40
-8
-28
-35
-26
-61
-89
-66
-35
-21
-22
-39
-60
-6
-42
-28
-22
-10
-13
-26
-16
-39
-62
-32
-52
-74
-56
-113
-142
-131
-129
-187
-131
-114
-137
-105
-89
-63
-97
-71
-45
-82
-76
-102
-132
-163
-158
-208
-209
-182
-146
-152
-115
-122
-103
-111
-139
-135
-136
-113
-115
-82
-55
-16
-56
-68
-77
-43
-51
-62
-88
-47
-32
-94
-50
43
59
89
89
51
51
27
25
45
63
48
37
46
40
19
11
-2
-41
-29
-57
-131
-87
-117
-48
-70
-75
-35
-121
-98
-91
-101
-132
-126
-109
-128
-104
-99
-78
-93
-66
-27
-14
9
-18
10
-16
19
7
5
-29
-9
-22
-35
2
18
9
-23
-57
-53
-46
-82
-53
-69
-81
-129
-115
-170
-198
-208
-187
-170
-200
-187
-167
-143
-155
-171
-197
-201
-209
-151
-147
-163
-125
-153
-164
-150
-111
-154
-122
-163
-152
-132
-122
-112
-117
-84
-68
-99
-58
-38
-39
20
31
84
35
-16
-24
-81
-71
-74
-104
-119
-141
-180
-128
-161
-183
-151
-111
-80
-100
-98
-109
-128
-102
-135
-136
-164
-197
-209
-187
-169
-134
-85
-125
-155
-138
-100
-171
-140
-90
-49
-88
-96
-42
-52
-72
-96
-131
-115
-117
-123
-121
-119
-95
-94
-123
-136
-145
-119
-133
-140
-153
-199
-212
-222
-251
-271
-249
-248
-263
-269
-238
-217
-247
-267
-252
-194
-259
-235
-216
-247
-265
-289
-279
-292
-289
-321
-303
-284
-258
-248
-215
-199
-183
-194
-215
-233
-220
-191
-212
-195
-224
-232
-212
-204
-200
-198
-165
-212
-198
-277
-261
-289
-304
-350
-314
-290
-322
-300
-308
-312
-323
-316
-346
-312
-306
-338
-356
-326
-336
-327
-319
-335
-299
-333
-334
-352
-437
-412
-434
-452
-480
-426
-444
-468
-438
-445
-422
-405
-399
-419
-402
-425
-461
-417
-441
-430
-444
-429
-452
-451
-456
-426
-396
-389
-328
-305
-327
-275
-287
-308
-248
-253
-264
-257
-271
-282
-285
-269
-254
-265
-294
-299
-305
-335
-293
-332
-346
-385
-387
-296
-359
-369
-364
-394
-399
-428
-448
-483
-503
-534
-541
-521
-496
-513
-525
-523
-560
-551
-608
-638
-563
-607
-600
-582
-595
-527
-471
-466
-444
-425
-424
-417
-423
-404
-400
-346
-341
-363
-357
-397
-421
-401
-427
-393
-417
-432
-367
-397
-392
-333
-382
-369
-351
-380
-431
-418
-492
-545
-564
-580
-601
-641
-622
-550
-527
-511
-474
-492
-462
-489
-531
-506
-464
-470
-389
-387
-358
-387
-400
-364
-397
-435
-390
-348
-308
-241
-188
-146
-151
-147
-153
-158
-206
-241
-268
-267
-266
-342
-397
-439
-437
-441
-488
-500
-514
-444
-450
-450
-465
-514
-545
-577
-565
-521
-583
-608
-596
-619
-592
-597
-627
-606
-561
-503
-520
-471
-421
-359
-323
-318
-312
-339
-271
-279
-324
-329
-313
-303
-297
-221
-215
-318
-283
-281
-322
-309
-317
-276
-271
-247
-248
-241
-229
-247
-274
-290
-270
-345
-357
-364
-344
-325
-352
-353
-338
-353
-397
-408
-416
-422
-396
-424
-454
-399
-382
-371
-360
-286
-304
-303
-283
-294
-292
-304
-288
-267
-238
-247
-275
-284
-297
-262
-264
-287
-276
-274
-272
-260
-223
-221
-224
-254
-223
-204
-174
-207
-228
-224
-198
-190
-205
-229
-270
-239
-267
-271
-278
-253
-268
-260
-243
-220
-216
-215
-185
-163
-90
-87
-61
-32
-21
-16
23
26
18
41
40
90
43
85
77
79
84
103
81
28
35
10
48
-3
43
90
83
66
73
56
-33
-19
-4
32
13
15
26
20
23
36
41
40
78
60
45
72
66
62
32
35
18
53
60
59
77
74
41
72
102
75
80
97
124
72
124
146
133
107
141
151
136
139
163
164
158
181
238
227
278
313
253
280
261
279
293
269
307
315
256
264
262
238
246
254
229
176
156
168
159
148
149
135
124
86
76
27
46
63
66
84
86
116
96
146
156
175
151
142
228
208
249
224
197
200
154
172
160
159
163
170
186
161
142
173
136
123
156
179
181
177
139
179
146
125
135
134
111
76
84
49
14
10
28
-11
8
-13
-74
-55
-77
-44
14
-13
-33
16
45
-33
-33
-8
-24
-46
-59
1
9
47
33
32
45
6
-14
-45
-34
-53
4
44
61
82
151
137
141
176
111
142
130
148
158
144
136
143
109
80
128
70
53
120
97
36
41
9
-46
-25
-34
-20
62
37
37
-3
-27
-5
-30
-79
-65
-58
-60
-47
-52
-43
-73
12
-49
-15
14
-6
-2
9
24
15
67
72
108
113
75
38
59
89
109
90
73
61
22
57
78
64
119
88
36
40
62
47
46
22
29
21
9
10
-5
-1
26
49
5
35
54
34
0
-7
7
-32
-24
11
75
31
-16
36
19
65
74
81
96
41
41
56
76
95
127
139
92
119
119
48
26
41
48
58
47
47
74
90
87
61
93
82
112
114
54
2
21
69
67
81
78
55
74
92
66
90
81
101
80
124
145
83
95
83
81
53
116
131
126
135
101
123
57
41
55
33
54
72
16
59
84
98
17
0
43
-4
42
33
-7
4
38
85
55
36
26
-23
-5
19
-6
-47
-40
-29
-30
-19
-40
-46
-33
-49
11
-42
-35
-11
-2
-13
14
12
39
63
52
51
21
71
52
69
75
67
42
56
107
126
159
155
156
122
123
131
93
84
67
79
112
104
102
87
87
49
11
45
37
31
13
23
39
39
53
91
48
12
46
24
-24
-25
24
74
68
65
103
104
91
65
87
63
81
86
50
102
92
75
76
124
131
91
88
81
123
135
122
130
128
124
178
129
127
152
142
115
105
128
102
119
133
159
151
148
210
205
191
174
123
113
128
75
69
85
54
42
46
41
23
61
100
107
89
83
60
39
89
75
38
31
27
9
12
56
35
44
36
51
81
123
76
46
79
27
110
63
46
70
35
33
52
85
65
81
84
76
64
36
65
79
134
136
155
148
142
159
120
132
125
68
70
85
67
72
70
81
34
69
77
101
71
71
57
38
95
113
98
47
61
86
86
101
98
86
112
114
125
143
137
154
145
142
147
125
127
164
178
151
148
151
191
168
178
198
190
121
96
109
123
126
110
91
84
77
32
125
147
137
108
140
139
152
79
82
120
87
175
176
185
193
204
187
168
174
179
163
196
160
172
192
186
195
201
208
205
129
90
113
32
40
86
72
76
77
77
63
55
20
34
-5
7
67
94
78
42
47
27
15
-7
32
10
-12
42
44
71
55
35
97
79
62
71
101
80
129
108
89
92
62
110
73
69
48
89
37
89
82
94
102
78
83
85
95
29
55
48
71
44
65
49
47
53
65
53
4
-19
-37
-12
-20
16
22
12
-31
-34
-25
-36
21
37
6
41
31
4
59
86
132
117
70
104
76
40
83
47
72
55
80
98
104
163
180
166
132
139
198
156
130
70
80
82
58
100
128
79
44
85
63
39
46
27
39
-4
-41
-58
-124
-89
-115
-117
-88
-106
-54
-72
-86
-48
-63
-48
-62
-28
4
4
16
28
10
-26
-21
-2
-51
-79
-93
-132
-176
-155
-117
-142
-109
-43
-41
-56
-32
-56
-51
-73
-47
-6
-57
-58
-97
-72
-102
-143
-110
-137
-125
-95
-78
-76
-37
-61
-19
-28
-10
11
-45
-35
-65
-81
-101
-102
-125
-189
-152
-153
-170
-162
-171
-199
-174
-166
-158
-140
-214
-214
-202
-192
-187
-207
-153
-138
-156
-150
-137
-122
-164
-150
-183
-175
-151
-166
-110
-109
-141
-122
-138
-134
-153
-144
-171
-171
-155
-143
-123
-148
-150
-160
-157
-176
-142
-120
-112
-88
-114
-136
-138
-111
-125
-85
-146
-134
-135
-151
-105
-99
-88
-84
-109
-101
-129
-89
-85
-90
-43
-116
-142
-141
-136
-170
-156
-136
-131
-78
-59
-85
-52
-65
-54
-55
-68
-23
-10
-34
-80
-144
-200
-232
-226
-216
-258
-247
-217
-221
-230
-190
-118
-125
-111
-88
-42
-26
-25
-29
-68
-105
-69
-86
-168
-143
-121
-135
-113
-93
-95
-84
-90
-100
-78
-75
-89
-100
-124
-145
-128
-109
-94
-93
-126
-117
-89
-120
-111
-84
-93
-131
-132
-140
-180
-202
-179
-191
-205
-157
-143
-160
-163
-103
-85
-121
-117
-105
-120
-109
-115
-78
-68
-56
-45
-56
-39
-68
-130
-125
-94
-146
-113
-140
-96
-50
-56
1
-52
-51
-5
-25
-56
-36
-63
-98
-107
-145
-152
-140
-116
-119
-122
-107
-130
-171
-193
-226
-259
-189
-213
-269
-188
-125
-174
-217
-192
-189
-203
-197
-183
-136
-118
-100
-172
-176
-157
-145
-125
-127
-123
-101
-99
-118
-131
-135
-146
-118
-94
-91
-109
-136
-97
-127
-139
-122
-136
-163
-112
-139
-152
-152
-114
-104
-158
-114
-146
-145
-183
-210
-185
-149
-134
-149
-144
-158
-112
-140
-137
-174
-142
-158
-127
-105
-135
-57
-86
-62
-74
-52
-64
-69
-78
-68
-70
-168
-172
-172
-214
-190
-207
-263
-258
-200
-173
-162
-151
-101
-103
-48
-81
-44
-18
-19
-21
-12
-16
-77
-59
-101
-69
-53
-7
-17
-4
3
6
63
16
-23
36
2
-21
1
-54
-18
-17
-45
11
16
0
42
52
51
84
107
79
57
37
31
-2
-38
-54
-46
-40
-93
-138
-147
-172
-225
-237
-218
-206
-161
-148
-113
-93
-102
-106
-148
-130
-174
-151
-140
-158
-160
-124
-116
-102
-104
-128
-111
-63
-34
-16
6
31
50
32
61
28
36
55
37
71
12
-6
21
-16
-43
-72
-24
-39
-20
-37
-77
-51
-51
-60
-21
14
18
18
15
35
20
36
73
108
173
114
106
119
114
110
89
66
49
75
88
64
22
-8
-15
-48
-62
-89
-123
-121
-36
-47
-62
-64
-110
-113
-103
-116
-133
-163
-186
-250
-227
-222
-236
-225
-195
-154
-159
-140
-85
-77
-55
-13
43
63
50
85
65
52
34
82
118
183
190
229
249
149
184
260
296
213
91
125
247
221
124
83
111
186
146
86
116
93
113
158
120
97
98
130
131
130
173
176
195
172
117
99
89
137
147
111
60
102
221
191
110
122
231
276
225
139
160
370
442
378
284
287
397
478
434
341
376
365
339
334
330
281
219
204
114
48
28
-20
-32
-173
-313
-399
-349
-342
-481
-609
-699
-685
-703
-751
-808
-820
-837
-849
-858
-856
-799
-739
-712
-754
-705
-478
-365
-300
-291
-209
7
238
355
450
520
685
961
1105
1143
1126
1258
1392
1531
1552
1600
1699
1722
1668
1616
1666
1708
1700
1581
1458
1341
1294
1231
1050
826
631
553
450
237
108
-54
-303
-472
-605
-779
-982
-1196
-1338
-1462
-1699
-1877
-1985
-2120
-2254
-2268
-2032
-2249
-2821
-2833
-2070
-1490
-1995
-2720
-2214
-992
-617
-1248
-1531
-782
-20
-41
-252
121
705
865
776
787
1224
1694
1749
1664
1613
1786
2033
2239
2343
2215
2026
1927
2098
2344
2190
1712
1570
1715
1614
1294
1068
1228
1142
627
346
428
660
596
182
-91
28
249
275
96
-56
7
97
86
76
111
220
129
33
183
182
100
24
25
-116
-259
-287
-223
-301
-673
-1000
-986
-948
-1170
-1561
-1431
-1161
-1817
-2627
-2305
-1168
-1046
-2334
-3228
-2104
-570
-770
-1940
-2117
-881
-113
-554
-869
-254
524
435
31
232
1006
1419
1124
874
1007
1336
1530
1618
1766
1658
1312
1343
1837
2135
1786
1282
1329
1703
1604
1143
1049
1368
1297
658
273
580
957
711
86
-32
362
416
62
22
330
415
17
-207
223
676
590
172
148
600
801
775
712
757
778
780
834
883
1001
967
754
539
533
471
261
58
2
-157
-802
-1237
-1000
-766
-1276
-2150
-2126
-1416
-1677
-2763
-3004
-1971
-1464
-2432
-3492
-2757
-1361
-1261
-2314
-2688
-1694
-802
-915
-1312
-948
-275
-103
-404
-287
378
799
568
341
659
1100
1229
1167
1333
1496
1271
1063
1525
2053
1843
1277
1195
1714
1909
1474
1264
1507
1621
1189
807
1066
1620
1483
872
677
876
1165
1166
949
829
845
862
926
1027
1048
1021
799
710
787
956
1007
795
574
606
605
521
575
666
425
-42
-154
-63
-47
-330
-723
-1059
-1249
-1243
-1352
-1809
-2306
-2405
-1827
-1791
-3043
-3873
-3004
-1697
-2095
-3777
-4230
-2540
-1184
-1900
-3191
-2914
-1401
-900
-1660
-1908
-946
-84
-339
-872
-603
527
1072
663
299
631
1231
1579
1634
1655
1579
1414
1631
2225
2479
2138
1751
2035
2402
2184
1871
2072
2440
2202
1546
1356
1950
2377
1944
1054
973
1668
1990
1297
741
1115
1493
1182
577
701
1241
1230
514
263
589
784
564
304
211
127
80
81
74
-84
-312
-391
-396
-467
-684
-1004
-1111
-1177
-1348
-1729
-2122
-2148
-2137
-2517
-2892
-2301
-2180
-3443
-4158
-2958
-1448
-2004
-4128
-4436
-1993
-561
-1977
-3558
-2590
-615
-654
-1911
-1714
-191
515
-377
-1077
-249
1213
1371
429
165
918
1671
1684
1551
1779
1936
1705
1588
2154
2707
2424
1808
1971
2500
2378
1938
2176
2633
2242
1443
1464
2483
2699
1611
1000
1584
2138
1790
1171
1190
1641
1464
879
676
1074
1394
1074
393
125
506
798
464
-184
-265
-4
-139
-529
-578
-371
-554
-985
-1124
-842
-943
-1440
-1683
-1560
-1686
-2252
-2505
-2321
-2347
-2895
-2711
-2293
-3152
-4131
-3575
-1951
-1821
-3546
-4599
-2839
-788
-1334
-3166
-3096
-1142
-483
-1576
-2004
-659
602
83
-1038
-686
1059
1774
754
34
664
1766
1989
1584
1690
2116
2038
1670
1977
2691
2806
2118
1794
2295
2480
2232
2261
2527
2443
1808
1428
2114
2772
2020
1081
1253
1788
1767
1096
912
1350
1397
772
235
632
1203
1079
261
-178
195
703
700
70
-245
106
219
-208
-358
-49
-43
-583
-990
-799
-519
-832
-1249
-1269
-1314
-1603
-2048
-2071
-1956
-2458
-3015
-2376
-2205
-3529
-4385
-3381
-1808
-2328
-4396
-4974
-2758
-1057
-2319
-4217
-3478
-1194
-879
-2317
-2383
-670
418
-503
-1625
-721
1345
1621
268
-180
958
2090
1926
1516
1970
2451
2199
1843
2380
3238
3139
2251
2067
2812
2983
2577
2423
2763
2660
1997
1742
2305
2739
2144
1386
1354
1755
1701
1192
1111
1370
1235
669
373
798
1298
1085
212
-190
326
867
632
-33
-111
132
90
-223
-178
87
-108
-683
-1013
-717
-498
-954
-1400
-1529
-1665
-1855
-2067
-2236
-2466
-2880
-3236
-2710
-2455
-3635
-4666
-3930
-2420
-2633
-4461
-5341
-3545
-1637
-2454
-4326
-3915
-1724
-1061
-2426
-2715
-1036
297
-407
-1579
-792
1211
1758
547
61
1158
2317
2165
1661
2047
2705
2485
1996
2356
3231
3331
2551
2170
2800
3179
2709
2368
2623
2743
2127
1674
2208
2679
2096
1292
1316
1794
1755
1186
944
1176
1165
706
347
591
945
740
203
-124
107
457
412
-73
-393
-110
-9
-329
-563
-314
-276
-710
-1085
-949
-730
-1072
-1484
-1563
-1593
-1838
-2164
-2261
-2296
-2707
-3231
-2844
-2328
-3304
-4551
-4078
-2564
-2356
-3910
-5032
-3744
-1888
-2173
-3748
-3795
-1946
-1015
-2048
-2502
-1084
320
-72
-1235
-919
906
1755
723
83
974
2114
2090
1566
1882
2624
2635
2091
2130
3008
3352
2718
2202
2687
3190
2828
2391
2573
2907
2440
1680
1904
2737
2500
1463
1198
1826
2152
1450
921
1214
1484
1120
492
576
1105
1146
592
166
312
685
636
188
-154
-50
161
-35
-382
-309
-94
-336
-859
-914
-602
-643
-1139
-1472
-1387
-1555
-1943
-2163
-2121
-2381
-2959
-3268
-2472
-2375
-4008
-4767
-3574
-2310
-3071
-4850
-5013
-3051
-1933
-3214
-4490
-3479
-1536
-1600
-3008
-2642
-695
155
-935
-1727
-516
1335
1319
-21
-17
1457
2256
1676
1283
2099
2914
2491
1810
2336
3393
3320
2413
2220
3015
3197
2559
2367
2911
2995
2253
1821
2380
2897
2403
1616
1539
2002
2072
1560
1229
1382
1372
983
573
717
1013
920
311
-109
234
666
420
-264
-390
-27
-26
-518
-736
-468
-454
-1011
-1397
-1180
-899
-1227
-1796
-1896
-1800
-1895
-2204
-2495
-2630
-2763
-3140
-3314
-2669
-2829
-4076
-4491
-3457
-2500
-3138
-4536
-4538
-2750
-1797
-2925
-3999
-2819
-1060
-1364
-2583
-1993
-89
588
-639
-1229
190
1881
1524
178
534
2020
2603
1693
1405
2423
3122
2423
1602
2157
3300
3158
2051
1836
2816
3090
2340
2016
2432
2641
1928
1538
2154
2534
1725
1108
1476
1911
1525
783
744
1239
1104
447
137
583
938
515
56
-9
333
491
230
-167
-166
179
74
-393
-472
-110
8
-545
-926
-631
-284
-552
-1136
-1243
-999
-1069
-1524
-1843
-1998
-2178
-2384
-2691
-2749
-2304
-2705
-3893
-4023
-3044
-2430
-3170
-4510
-4445
-2727
-1965
-3081
-3891
-2721
-1207
-1608
-2659
-1922
-219
122
-1001
-1457
-34
1572
1156
16
419
1712
2212
1533
1432
2450
2954
2255
1681
2478
3535
3280
2177
2109
3014
3230
2423
2133
2704
2876
2115
1649
2219
2666
2076
1331
1383
1759
1655
1123
1013
1333
1204
677
395
687
1057
795
197
-58
237
441
266
-241
-243
61
-66
-506
-557
-153
-141
-694
-1087
-810
-415
-724
-1332
-1442
-1248
-1427
-1809
-1896
-2046
-2335
-2671
-2848
-3068
-2689
-2437
-3461
-4321
-3824
-2681
-2668
-3859
-4756
-3773
-2063
-2227
-3506
-3366
-1751
-1073
-1884
-1983
-724
375
90
-783
-283
1140
1700
983
689
1515
2216
2110
1788
2155
2703
2600
2022
2134
2971
3244
2526
2031
2572
3120
2620
2202
2452
2784
2264
1430
1596
2410
2271
1321
930
1334
1749
1434
842
689
986
802
318
173
624
748
224
-299
-103
461
526
-11
-493
-185
119
-135
-474
-316
-74
-322
-747
-725
-347
-229
-587
-974
-1048
-956
-1081
-1194
-1348
-1711
-2035
-2104
-2151
-2340
-2617
-2347
-2065
-3143
-3985
-3225
-1898
-2094
-3599
-4447
-3013
-1205
-1657
-3180
-3058
-1234
-554
-1657
-1984
-376
840
79
-1214
-659
1358
2099
611
-205
1000
2274
1979
1056
1581
2635
2489
1383
1357
2743
3357
2276
1329
1977
2957
2580
1767
1973
2644
2214
1245
1424
2372
2436
1383
709
1254
1942
1573
804
810
1286
1081
491
451
1011
1161
534
-16
181
812
812
217
-117
148
416
141
-94
47
223
-70
-576
-512
-79
-41
-578
-938
-764
-653
-950
-1100
-1022
-1204
-1670
-2003
-1974
-1904
-2230
-2355
-2054
-2644
-3520
-3218
-2177
-1944
-2963
-3990
-3341
-1673
-1523
-2807
-3212
-1852
-856
-1533
-2148
-1124
253
58
-1081
-1109
520
1687
882
-320
296
1665
1995
1184
1030
1993
2440
1740
1229
1971
2917
2665
1640
1594
2426
2781
2302
1919
2240
2515
1815
1492
2205
2604
1911
1085
1126
1752
1935
1245
838
974
1085
777
434
696
1031
543
-67
-36
408
564
215
-234
-174
41
-48
-204
-182
-24
-167
-587
-633
-241
-86
-332
-845
-965
-686
-545
-807
-1120
-1148
-1276
-1577
-1761
-1741
-1842
-2259
-2157
-1768
-2463
-3309
-2909
-1905
-1880
-2973
-3879
-3150
-1626
-1703
-3004
-3249
-1850
-1041
-1836
-2331
-1211
43
-247
-1427
-1289
411
1401
407
-581
292
1478
1569
842
992
2013
2239
1437
1179
2223
3135
2542
1532
1842
2867
2983
2269
2106
2730
2855
1992
1709
2517
2931
2113
1148
1382
2209
2204
1386
1013
1361
1464
921
597
1022
1346
667
-14
177
835
920
228
-265
-26
358
158
-123
-62
168
17
-466
-559
-77
100
-388
-849
-797
-492
-457
-811
-1128
-1177
-1292
-1551
-1651
-1641
-1901
-2457
-2354
-1741
-2408
-3479
-3274
-2200
-2018
-3170
-4074
-3306
-1734
-1824
-3256
-3499
-2078
-1182
-2032
-2692
-1641
-226
-429
-1578
-1444
209
1176
213
-649
261
1585
1671
919
1025
2082
2338
1595
1360
2427
3228
2610
1680
2100
3210
3153
2409
2342
3034
3152
2322
2083
2947
3370
2516
1593
1889
2649
2569
1636
1234
1610
1656
1101
772
1132
1337
778
136
236
838
875
190
-251
-12
318
88
-254
-233
-76
-265
-739
-759
-299
-191
-741
-1173
-1014
-700
-731
-1120
-1337
-1250
-1278
-1613
-1840
-1793
-1886
-2417
-2635
-2078
-2227
-3311
-3541
-2825
-2326
-2956
-3939
-3820
-2500
-2137
-3142
-3459
-2504
-1571
-2126
-2745
-1996
-567
-504
-1511
-1620
-204
935
399
-307
355
1451
1559
1158
1317
2276
2637
1918
1591
2595
3530
3204
2347
2411
3395
3602
2912
2817
3356
3394
2746
2370
2849
3346
2809
1930
1792
2260
2347
1768
1403
1600
1582
1004
670
966
1255
807
74
-31
414
594
195
-293
-318
-103
-236
-463
-403
-207
-327
-667
-790
-452
-167
-433
-872
-903
-686
-637
-768
-958
-991
-1129
-1334
-1454
-1464
-1526
-1860
-2207
-2347
-1948
-1977
-2959
-3524
-2873
-2198
-2668
-3558
-3791
-2828
-1966
-2587
-3402
-2927
-1630
-1468
-2350
-2271
-890
-109
-785
-1438
-720
890
1173
203
-55
1160
2183
1879
1351
1949
2998
2960
2218
2354
3488
3992
3219
2575
3206
3982
3723
3048
3046
3469
3421
2833
2600
2981
3065
2420
1816
2061
2304
2002
1393
1176
1300
1130
689
484
654
697
172
-338
-178
187
86
-410
-602
-361
-173
-431
-678
-495
-248
-556
-910
-801
-435
-447
-934
-1135
-903
-692
-889
-1278
-1368
-1233
-1319
-1680
-1871
-1685
-1782
-2230
-2529
-2479
-2009
-2003
-3109
-3853
-2998
-2086
-2513
-3570
-3825
-2853
-1906
-2364
-3150
-2768
-1606
-1313
-1898
-1713
-561
177
-235
-675
-74
1240
1611
948
782
1763
2454
2235
1982
2461
3162
3053
2613
2790
3583
3904
3304
2806
3233
3769
3438
2879
3036
3259
2844
2275
2334
2737
2540
1675
1177
1557
1775
1286
685
657
959
641
39
-75
322
363
-236
-719
-455
23
-165
-607
-796
-519
-343
-538
-725
-545
-377
-620
-954
-914
-485
-388
-782
-1123
-838
-578
-713
-996
-1010
-807
-1040
-1376
-1379
-1190
-1287
-1714
-2080
-1993
-1916
-2118
-1995
-2337
-3052
-2955
-2267
-1995
-2491
-2997
-2909
-2070
-1562
-1944
-2216
-1552
-685
-766
-1132
-610
489
761
196
20
896
2021
1969
1268
1483
2405
2849
2453
2301
2921
3324
2886
2380
2780
3570
3494
2681
2378
2921
3169
2663
2185
2362
2607
2156
1491
1548
2010
1824
1113
661
911
1162
797
359
347
447
218
-111
-95
133
42
-410
-632
-398
-79
-282
-645
-701
-549
-535
-685
-653
-496
-517
-752
-917
-730
-455
-540
-847
-950
-767
-616
-763
-911
-790
-854
-1054
-1121
-1056
-1122
-1328
-1552
-1813
-1809
-1834
-1890
-1689
-1898
-2686
-2734
-2045
-1651
-2064
-2728
-2714
-1817
-1149
-1576
-1982
-1402
-475
-600
-990
-447
689
986
356
68
963
2079
1862
1062
1225
2212
2555
2160
1943
2470
2919
2502
1879
2209
3019
2973
2159
1741
2258
2591
2157
1653
1735
1909
1585
1016
972
1419
1404
707
186
471
815
584
78
51
189
19
-287
-282
18
39
-429
-790
-513
-80
-143
-502
-560
-356
-278
-358
-393
-168
-77
-337
-564
-353
39
45
-314
-569
-479
-302
-301
-428
-536
-556
-675
-898
-702
-613
-937
-1294
-1422
-1467
-1516
-1693
-1807
-1508
-1642
-2470
-2594
-1688
-1194
-1827
-2614
-2472
-1284
-709
-1354
-1773
-1136
-219
-385
-886
-297
744
814
127
-24
904
1809
1482
718
979
1839
2037
1530
1405
2007
2245
1690
1201
1653
2339
2109
1359
1121
1669
1904
1412
1086
1265
1430
1023
600
818
1232
984
381
201
498
733
464
196
284
380
179
-74
100
452
371
-93
-282
20
314
232
-179
-259
-1
84
-71
-141
83
219
-12
-246
-112
155
112
-255
-466
-410
-216
-273
-457
-521
-536
-635
-863
-893
-712
-851
-1248
-1462
-1400
-1315
-1463
-1744
-1572
-1263
-1896
-2597
-2089
-1312
-1436
-2273
-2652
-2019
-1021
-1044
-1819
-1762
-850
-310
-804
-894
-75
628
296
-339
-57
968
1408
782
328
832
1420
1350
1051
1145
1599
1536
1070
1034
1658
1938
1424
886
1100
1615
1510
1146
1097
1379
1319
899
766
1163
1371
951
477
561
988
1015
624
404
615
659
360
184
429
611
364
-93
-97
306
426
126
-244
-170
55
20
-181
-182
-3
-107
-423
-493
-248
-77
-252
-556
-635
-513
-393
-523
-688
-699
-661
-895
-1042
-851
-746
-1030
-1372
-1384
-1348
-1391
-1612
-1820
-1466
-1304
-2003
-2532
-1913
-1113
-1385
-2265
-2438
-1618
-876
-1187
-1859
-1652
-760
-604
-1161
-1036
-159
304
-226
-788
-255
745
897
165
-144
589
1101
808
410
705
1311
1154
570
706
1486
1845
1272
725
1135
1746
1657
1198
1214
1463
1470
1197
1200
1643
1638
1182
849
983
1272
1256
888
726
826
793
610
511
708
738
381
82
119
416
416
63
-228
-157
68
-15
-261
-218
-90
-191
-444
-458
-190
-136
-490
-835
-754
-496
-476
-734
-877
-825
-884
-1075
-1169
-1027
-928
-1130
-1453
-1521
-1265
-1215
-1403
-1677
-1656
-1105
-1225
-2048
-2099
-1328
-1015
-1547
-2152
-2054
-1245
-786
-1270
-1794
-1370
-573
-618
-1043
-797
-34
156
-285
-557
-39
859
834
103
108
887
1187
1006
876
1217
1521
1332
1087
1301
1834
1845
1360
1135
1525
1858
1661
1474
1584
1761
1460
1086
1293
1675
1432
824
710
1079
1225
881
572
617
766
469
195
330
649
505
-75
-269
79
366
108
-255
-334
-101
-45
-238
-341
-218
-196
-370
-547
-431
-187
-268
-551
-697
-499
-374
-458
-556
-542
-505
-576
-678
-625
-523
-623
-814
-881
-824
-812
-964
-1124
-1224
-1317
-1142
-882
-1394
-2038
-1719
-1129
-1232
-1771
-2198
-1822
-959
-1041
-1728
-1777
-984
-560
-998
-1175
-534
147
-17
-548
-430
490
989
454
-17
495
1180
1160
816
928
1401
1571
1160
987
1545
1981
1690
1150
1315
1834
1875
1487
1266
1446
1492
1064
893
1188
1262
842
480
582
862
835
417
233
473
535
244
47
220
425
263
-105
-98
196
314
48
-204
-75
84
95
-96
-137
39
85
-100
-240
-68
170
59
-219
-225
-46
-5
-132
-239
-221
-120
-208
-337
-402
-372
-366
-524
-654
-765
-813
-897
-1031
-1285
-1473
-1432
-1036
-1288
-2146
-2112
-1414
-1208
-1740
-2299
-2280
-1447
-954
-1457
-1880
-1408
-600
-669
-1194
-853
9
265
-284
-545
102
995
908
184
254
981
1270
993
781
1138
1516
1276
925
1156
1738
1720
1154
913
1341
1630
1291
985
1096
1228
1004
717
764
993
952
603
374
615
789
697
404
353
563
524
385
357
545
640
386
169
288
538
496
188
49
173
330
305
142
137
268
192
-76
-79
123
166
-58
-324
-226
-32
-95
-316
-457
-379
-346
-504
-683
-615
-516
-663
-930
-1025
-969
-860
-1066
-1387
-1502
-1474
-1381
-1169
-1485
-2203
-2126
-1547
-1361
-1743
-2172
-2185
-1423
-973
-1414
-1768
-1319
-595
-723
-1179
-919
-63
220
-296
-640
-64
846
827
68
20
774
1135
852
595
973
1346
1235
847
1036
1601
1733
1228
901
1342
1782
1531
1092
1235
1496
1435
1057
1009
1313
1364
1040
811
1015
1251
1168
847
836
1000
915
681
577
747
851
586
358
492
676
626
335
178
287
351
249
35
-11
111
26
-262
-374
-208
-121
-372
-657
-628
-412
-437
-735
-880
-745
-652
-804
-909
-829
-709
-823
-958
-943
-877
-832
-901
-1102
-1300
-1242
-1273
-1322
-971
-1279
-2046
-1906
-1222
-1013
-1528
-2138
-2058
-1219
-811
-1387
-1769
-1191
-535
-871
-1342
-840
2
89
-517
-744
-39
873
680
-48
68
783
1049
697
567
1014
1346
1053
659
951
1565
1592
1033
895
1403
1638
1365
1175
1324
1537
1446
1116
1253
1587
1468
1036
926
1122
1290
1116
866
817
838
707
507
498
686
654
328
116
231
432
371
26
-265
-183
-121
-305
-593
-600
-556
-749
-1030
-1025
-796
-701
-952
-1254
-1178
-873
-832
-1022
-1119
-983
-878
-1026
-1083
-885
-702
-842
-1071
-914
-659
-612
-789
-987
-922
-886
-951
-1098
-757
-721
-1588
-1721
-1131
-709
-1069
-1786
-2048
-1203
-498
-1092
-1691
-1343
-442
-506
-1136
-1000
-104
305
-347
-885
-400
669
695
-142
-260
500
973
722
371
655
1175
1016
589
739
1454
1683
1139
806
1215
1668
1497
1180
1244
1441
1329
1020
1017
1448
1483
1079
743
834
1141
1016
679
565
680
614
330
194
369
470
170
-261
-298
25
34
-366
-629
-587
-431
-523
-718
-786
-657
-666
-886
-999
-783
-557
-702
-978
-1023
-707
-594
-658
-793
-731
-536
-467
-413
-357
-176
-85
-240
-332
-140
27
-92
-334
-385
-470
-490
-548
-803
-550
-573
-1391
-1664
-1037
-620
-1130
-1850
-2037
-1348
-779
-1285
-1862
-1677
-894
-828
-1445
-1294
-515
-84
-547
-1056
-583
275
431
-230
-376
282
774
592
324
646
1114
996
584
747
1373
1594
1085
770
1194
1670
1505
1101
1156
1500
1512
1108
910
1275
1472
1112
580
604
939
931
521
269
429
400
189
19
117
209
24
-304
-399
-183
23
-209
-516
-491
-319
-280
-459
-480
-405
-359
-518
-538
-352
-203
-212
-447
-394
-138
32
7
-94
-1
137
81
-1
0
131
81
-153
-164
-76
-84
-210
-368
-522
-608
-628
-802
-1033
-1149
-1030
-941
-1648
-2133
-1730
-1228
-1385
-2241
-2678
-2050
-1188
-1538
-2256
-2151
-1396
-1090
-1559
-1738
-1032
-370
-620
-1142
-936
59
417
-131
-442
94
733
734
444
577
1149
1197
824
822
1447
1797
1435
953
1182
1755
1626
1317
1337
1607
1503
1109
986
1309
1474
1033
578
605
994
980
647
399
428
499
320
180
224
371
235
-135
-253
-17
222
89
-289
-363
-182
-22
-152
-239
-149
-67
-210
-401
-220
65
69
-211
-380
-203
57
40
-183
-273
-195
-173
-243
-271
-261
-238
-328
-564
-668
-494
-439
-690
-986
-1062
-983
-1019
-1204
-1351
-1486
-1275
-1005
-1825
-2251
-1730
-1299
-1460
-1958
-2318
-1971
-1107
-1175
-1893
-1860
-1123
-762
-1097
-1198
-682
-176
-261
-623
-543
210
667
290
-70
282
804
899
717
656
980
1179
945
879
1247
1552
1382
993
1103
1526
1592
1228
1147
1433
1443
1164
969
1214
1370
1104
741
676
986
1045
810
550
579
605
476
359
312
364
333
128
-59
54
292
237
-80
-296
-171
-16
-106
-323
-435
-345
-364
-466
-523
-349
-263
-450
-626
-502
-296
-233
-414
-563
-484
-391
-346
-380
-317
-227
-270
-389
-384
-334
-270
-354
-513
-660
-645
-589
-712
-908
-1089
-1187
-903
-653
-1455
-2022
-1500
-905
-1102
-1825
-2177
-1595
-734
-1079
-1877
-1852
-993
-698
-1209
-1398
-780
-188
-385
-873
-739
120
529
106
-259
226
737
787
571
580
1031
1174
944
858
1335
1693
1475
1158
1326
1657
1597
1422
1402
1489
1357
1104
1059
1339
1368
876
618
700
923
855
536
383
413
405
259
127
130
212
76
-198
-302
-148
60
-32
-359
-442
-243
-152
-308
-429
-415
-265
-265
-386
-298
-113
-24
-76
-206
-107
145
212
82
52
163
291
344
287
290
304
252
150
74
97
101
-29
-240
-260
-294
-415
-514
-659
-848
-969
-1109
-1080
-876
-1244
-1885
-1823
-1372
-1277
-1758
-2259
-2176
-1479
-1300
-1827
-2008
-1595
-1039
-1225
-1563
-1160
-469
-321
-666
-808
-211
406
305
-46
66
550
815
741
654
921
1237
1128
1012
1196
1513
1621
1368
1242
1448
1603
1537
1375
1377
1437
1220
964
1002
1181
1046
675
548
622
764
579
305
287
337
314
159
135
203
229
59
-150
-111
25
100
-34
-185
-135
49
120
4
9
89
106
78
85
127
262
263
128
159
241
322
320
212
145
146
192
196
103
85
44
-46
-16
-113
-236
-299
-404
-563
-695
-759
-833
-879
-1007
-1214
-1411
-1438
-1384
-1259
-1467
-2006
-2056
-1691
-1416
-1691
-2141
-2181
-1750
-1353
-1557
-1844
-1633
-1076
-1003
-1288
-1173
-664
-241
-354
-563
-400
182
470
283
131
411
693
789
748
819
1006
1049
1030
1069
1308
1361
1290
1211
1191
1317
1372
1268
1198
1235
1169
1071
1011
1066
1037
958
845
737
732
739
672
564
424
349
308
269
254
171
91
-30
-121
-158
-53
5
-124
-235
-199
-149
-161
-231
-217
-208
-262
-284
-320
-214
-141
-165
-171
-138
-11
26
3
-28
-36
22
80
53
56
108
62
-54
-101
-43
-47
-187
-317
-416
-457
-504
-676
-871
-839
-920
-1098
-1283
-1353
-1394
-1307
-1447
-1978
-2079
-1817
-1576
-1813
-2105
-2213
-1869
-1427
-1623
-1858
-1673
-1225
-1103
-1261
-1114
-657
-361
-373
-515
-304
269
512
387
380
655
940
1117
1146
1212
1418
1471
1467
1555
1673
1744
1633
1633
1721
1649
1590
1569
1557
1409
1196
1112
1105
1107
976
743
589
524
521
479
332
184
84
-33
-102
-166
-203
-238
-369
-514
-567
-447
-301
-328
-485
-455
-290
-242
-323
-285
-180
-184
-243
-231
-94
26
-24
-100
-152
-27
120
138
113
45
74
116
119
144
69
28
8
-78
-128
-84
-123
-268
-369
-388
-388
-492
-631
-725
-749
-910
-1104
-1141
-1138
-1243
-1474
-1347
-1247
-1709
-1908
-1667
-1420
-1495
-1872
-2060
-1630
-1079
-1226
-1521
-1423
-992
-760
-862
-802
-474
-166
-165
-270
-186
230
582
496
377
530
837
1032
1046
1026
1134
1226
1226
1246
1364
1369
1281
1222
1240
1212
1141
1160
1206
1097
808
776
850
907
813
587
501
518
504
430
356
303
283
160
74
109
223
209
86
-69
-47
37
126
43
-126
-73
-25
28
8
5
58
22
-59
-101
-3
129
86
-4
-69
31
126
145
131
83
97
104
115
110
112
121
36
-31
-73
-49
-55
-124
-273
-382
-502
-545
-525
-655
-803
-1001
-1148
-1155
-1229
-1487
-1716
-1717
-1550
-1589
-2064
-2283
-2080
-1743
-1822
-2263
-2429
-1909
-1410
-1635
-1918
-1750
-1189
-892
-1141
-1136
-643
-236
-182
-332
-112
447
718
645
556
785
1088
1291
1296
1259
1411
1523
1530
1564
1663
1670
1627
1596
1589
1548
1435
1408
1393
1328
1118
948
872
974
854
598
413
368
409
327
223
135
122
74
42
1
-35
-17
-35
-202
-294
-195
-48
-46
-168
-244
-211
-61
-15
-10
17
59
26
108
197
226
274
264
212
188
267
366
374
277
168
173
201
231
194
143
41
-57
-34
-69
-140
-193
-272
-437
-553
-592
-680
-795
-923
-1183
-1309
-1356
-1461
-1626
-1763
-1769
-1814
-1959
-2017
-1841
-1832
-2124
-2260
-2010
-1610
-1707
-2007
-2036
-1504
-1020
-1140
-1278
-1017
-440
-219
-382
-226
282
645
674
605
789
1236
1436
1337
1306
1438
1637
1747
1714
1678
1706
1816
1812
1819
1816
1734
1685
1619
1540
1436
1276
1225
1181
1032
827
641
702
680
514
315
211
204
160
62
-134
-147
-141
-174
-339
-390
-267
-194
-225
-387
-392
-235
-121
-232
-300
-260
-144
-36
-2
22
91
185
237
201
259
348
347
312
258
354
390
397
352
327
307
314
282
221
141
91
-17
-91
-161
-219
-341
-481
-613
-746
-810
-877
-985
-1043
-1164
-1251
-1238
-1308
-1396
-1468
-1504
-1572
-1601
-1586
-1599
-1545
-1436
-1537
-1647
-1494
-1189
-1110
-1228
-1365
-1077
-560
-501
-703
-623
-227
41
62
95
331
543
667
611
594
863
1104
1159
1069
1071
1248
1431
1444
1381
1354
1337
1362
1359
1248
1257
1203
1135
1102
989
864
857
874
787
649
511
472
555
548
413
290
299
360
387
303
225
206
211
195
134
135
188
255
210
188
251
331
331
249
250
221
237
304
324
363
324
359
337
346
364
271
262
216
187
187
164
80
-5
2
-54
-152
-190
-174
-253
-363
-464
-504
-531
-644
-689
-666
-761
-845
-920
-951
-959
-972
-1008
-1102
-1098
-1083
-1062
-1129
-1211
-1209
-1214
-1217
-1202
-1197
-1189
-1011
-951
-1081
-1187
-1006
-728
-684
-732
-775
-562
-175
-75
-171
-118
131
308
373
370
527
755
854
813
785
944
1165
1200
1127
1078
1122
1296
1354
1301
1258
1289
1301
1296
1217
1215
1220
1230
1117
1028
990
1035
1007
855
756
663
699
675
599
503
454
435
383
364
343
338
282
182
136
116
166
197
148
62
39
136
162
52
2
-19
-43
-48
-77
10
47
4
-37
-30
16
50
36
-21
-2
-67
-37
-35
-72
-94
-140
-119
-122
-126
-107
-86
-178
-230
-231
-215
-232
-277
-352
-366
-412
-453
-442
-499
-471
-496
-440
-437
-509
-477
-426
-460
-537
-544
-466
-423
-457
-518
-535
-376
-325
-403
-545
-497
-305
-236
-246
-333
-234
89
130
8
62
233
383
372
400
462
603
732
678
642
742
848
977
988
981
1047
1136
1223
1189
1156
1232
1288
1365
1307
1258
1346
1356
1285
1164
1065
1110
1060
954
795
719
667
624
562
412
315
261
179
66
18
-87
-91
-103
-155
-268
-246
-228
-221
-268
-310
-241
-189
-143
-170
-147
-90
-82
-42
22
79
168
170
213
231
319
403
391
362
340
392
391
404
401
407
469
480
411
370
310
360
358
283
222
191
210
231
190
133
90
158
204
82
-62
-92
-21
34
-71
-134
-186
-219
-135
-241
-419
-452
-369
-375
-481
-507
-415
-402
-451
-560
-570
-412
-316
-384
-514
-349
-156
-104
-122
-75
118
312
365
407
494
640
762
789
847
954
1166
1226
1253
1259
1300
1369
1386
1347
1334
1292
1318
1356
1299
1230
1180
1130
1065
1008
898
864
743
636
515
415
354
341
242
115
21
-69
-114
-125
-137
-175
-214
-218
-284
-305
-256
-234
-231
-253
-153
-100
-57
10
114
229
252
258
371
506
494
502
513
609
697
741
761
752
799
837
788
737
736
765
800
773
726
716
736
691
586
490
508
516
447
398
316
225
212
124
76
72
-41
-66
-128
-171
-168
-210
-275
-327
-374
-441
-485
-604
-635
-628
-657
-661
-649
-598
-521
-518
-606
-592
-487
-325
-297
-355
-282
-92
62
99
103
168
312
452
512
564
686
791
853
890
973
1037
1073
1108
1056
1070
1172
1223
1137
1083
1022
1020
1013
969
890
764
665
643
605
512
483
351
314
264
189
160
194
209
150
6
-59
-24
-47
-26
-25
-42
-37
38
86
65
110
222
267
238
277
384
504
532
518
489
558
609
640
631
612
675
712
709
655
640
676
635
580
580
549
553
537
497
414
413
417
351
302
205
251
155
116
64
33
84
21
-14
-10
-37
-38
-66
-103
-98
-141
-103
-117
-114
-80
-128
-179
-169
-239
-231
-266
-315
-340
-393
-383
-376
-357
-368
-358
-325
-286
-239
-240
-189
-114
33
132
117
129
178
190
238
217
239
349
374
395
428
488
533
599
602
659
678
688
694
727
705
699
703
687
713
680
657
578
528
542
528
433
400
370
409
417
354
338
391
423
373
339
281
334
304
328
230
185
272
293
307
277
223
284
332
277
295
274
355
380
343
331
371
395
382
376
311
344
395
441
323
311
365
400
357
289
313
367
412
386
357
337
351
311
203
179
140
160
118
44
33
54
43
-1
-35
-101
-103
-172
-198
-210
-225
-230
-239
-317
-344
-362
-393
-396
-404
-425
-417
-479
-425
-435
-562
-552
-529
-491
-500
-475
-520
-410
-314
-308
-315
-369
-298
-219
-136
-68
-68
-14
78
169
226
273
293
388
459
441
540
599
633
672
733
744
795
809
810
820
807
805
754
732
723
736
695
651
606
585
566
470
354
320
275
210
156
119
84
31
73
14
5
29
12
-19
-69
-74
-79
-36
5
-47
-40
85
74
47
106
104
138
154
120
164
200
251
285
244
271
307
340
379
379
357
336
298
306
267
212
204
152
114
64
71
23
34
-1
-25
-35
-91
-114
-128
-132
-202
-270
-215
-242
-287
-350
-413
-445
-489
-511
-530
-608
-616
-593
-641
-665
-624
-571
-640
-648
-630
-577
-593
-580
-556
-544
-501
-464
-445
-451
-339
-287
-253
-195
-119
67
154
256
281
353
485
553
618
663
716
780
803
865
864
930
978
1003
1015
954
916
896
902
801
746
732
742
669
578
500
435
351
269
186
108
88
80
40
-49
-44
-43
-49
-90
-144
-149
-160
-179
-153
-162
-145
-114
-58
9
47
73
118
123
121
186
181
255
249
291
301
327
296
294
328
260
274
264
263
230
198
154
118
40
-55
-41
-37
-82
-125
-201
-268
-307
-314
-337
-432
-470
-454
-452
-452
-461
-499
-529
-549
-586
-573
-578
-584
-609
-530
-544
-536
-500
-449
-490
-468
-480
-450
-379
-395
-349
-335
-254
-257
-178
-107
-106
4
63
65
122
155
189
258
283
263
342
450
479
541
646
631
670
681
711
715
693
701
687
678
660
645
566
534
485
416
352
274
257
227
179
168
114
86
96
86
7
-14
35
9
-17
-43
-67
-37
-70
-56
-24
-34
-17
4
82
136
108
115
151
201
218
178
151
170
168
142
139
145
128
144
146
81
51
35
19
-42
-61
-135
-184
-162
-156
-200
-194
-228
-221
-206
-212
-223
-220
-208
-238
-214
-203
-193
-203
-179
-179
-147
-126
-177
-170
-116
-187
-182
-135
-91
-82
-96
-18
-62
-57
-42
-35
-22
-91
-88
-124
-115
-93
-146
-146
-140
-168
-179
-199
-186
-133
-129
-134
-125
-90
-40
-8
9
76
93
117
120
117
147
162
195
196
191
202
304
344
305
347
379
383
409
423
364
351
381
339
332
350
368
330
289
264
246
270
274
246
272
292
265
251
218
207
180
211
211
176
172
168
192
170
165
142
106
56
83
36
22
4
-6
-39
-68
-79
-105
-123
-132
-174
-269
-255
-272
-310
-293
-307
-315
-318
-341
-311
-292
-321
-352
-306
-334
-307
-322
-300
-307
-277
-284
-276
-207
-195
-181
-191
-197
-167
-146
-124
-141
-199
-116
-117
-105
-99
-82
-79
-87
-139
-172
-164
-187
-254
-291
-300
-281
-297
-299
-305
-323
-283
-236
-213
-235
-229
-204
-200
-173
-165
-138
-106
-86
-29
-47
-6
25
-9
68
83
79
113
164
160
233
312
349
388
387
413
421
444
466
477
483
461
385
391
347
320
324
288
212
164
133
114
132
72
46
20
-7
-65
-111
-155
-188
-240
-302
-342
-382
-410
-440
-416
-425
-479
-474
-461
-495
-489
-454
-460
-444
-414
-419
-400
-399
-374
-355
-356
-357
-343
-322
-287
-303
-289
-281
-292
-213
-243
-228
-204
-223
-219
-213
-202
-190
-210
-197
-164
-217
-203
-218
-219
-198
-190
-201
-191
-220
-210
-233
-207
-217
-303
-283
-256
-276
-293
-285
-323
-333
-385
-356
-387
-391
-457
-442
-455
-487
-487
-520
-488
-432
-451
-469
-349
-346
-275
-235
-185
-225
-215
-187
-128
-130
-122
-71
-23
32
90
123
160
181
237
254
228
279
246
239
226
214
182
163
31
52
14
-72
-66
-75
-109
-108
-154
-213
-218
-253
-245
-289
-313
-349
-389
-424
-459
-510
-573
-542
-558
-545
-529
-560
-527
-595
-552
-493
-477
-447
-437
-407
-389
-322
-330
-330
-357
-356
-334
-313
-302
-294
-275
-246
-213
-175
-148
-172
-173
-89
-132
-185
-104
-98
-134
-167
-144
-133
-187
-181
-184
-177
-186
-190
-129
-182
-146
-173
-153
-234
-278
-283
-352
-387
-409
-409
-447
-446
-501
-465
-507
-519
-519
-549
-517
-524
-535
-503
-521
-525
-491
-456
-418
-475
-414
-358
-391
-351
-327
-320
-277
-305
-277
-259
-249
-190
-188
-106
-78
-106
-55
-36
-40
-79
-97
-112
-127
-130
-138
-155
-225
-188
-212
-268
-293
-308
-310
-349
-360
-342
-375
-345
-324
-348
-371
-433
-401
-381
-457
-447
-436
-465
-450
-391
-387
-354
-323
-301
-202
-215
-191
-141
-113
-182
-191
-192
-249
-245
-249
-228
-230
-276
-266
-218
-267
-291
-268
-279
-239
-283
-296
-267
-259
-237
-234
-240
-318
-322
-250
-247
-226
-247
-215
-158
-177
-162
-215
-197
-152
-171
-148
-150
-157
-137
-136
-126
-137
-159
-189
-211
-177
-216
-209
-171
-193
-190
-192
-150
-137
-174
-148
-164
-215
-214
-210
-264
-263
-194
-243
-240
-212
-242
-283
-338
-342
-306
-289
-309
-252
-263
-226
-184
-114
-26
-75
-53
-83
-103
-140
-143
-139
-134
-154
-143
-134
-165
-133
-128
-133
-124
-117
-132
-129
-103
-162
-165
-174
-182
-216
-179
-156
-214
-228
-239
-257
-291
-277
-221
-223
-224
-210
-181
-185
-236
-169
-149
-167
-160
-164
-157
-149
-169
-155
-119
-178
-153
-109
-151
-126
-112
-77
-80
-81
-77
-67
-61
-149
-147
-138
-122
-107
-145
-124
-145
-130
-123
-130
-143
-114
-41
-34
-27
-17
-2
-14
-2
28
26
-25
18
-18
-17
14
-2
39
64
93
55
40
3
32
29
10
-30
-71
-44
-51
-99
-88
-133
-139
-180
-205
-192
-283
-308
-278
-242
-280
-337
-282
-241
-277
-265
-272
-304
-277
-245
-247
-241
-285
-269
-225
-230
-243
-167
-124
-100
-81
-85
-68
-85
-61
-38
-30
-25
-3
34
40
43
75
77
72
26
28
24
13
16
63
27
-16
-26
-65
-39
-93
-121
-151
-179
-222
-259
-258
-304
-301
-237
-220
-237
-232
-203
-191
-196
-195
-184
-131
-113
-115
-49
-64
-83
-3
32
30
93
184
215
207
195
264
339
273
233
233
217
195
211
218
261
178
208
263
123
68
49
57
46
35
53
82
70
63
42
20
-40
-72
-79
-135
-181
-196
-218
-217
-199
-185
-155
-146
-153
-183
-154
-204
-261
-284
-271
-258
-296
-298
-306
-301
-314
-359
-355
-388
-344
-355
-390
-364
-278
-256
-287
-186
-199
-157
-105
-118
-5
3
13
45
52
107
78
126
83
95
103
105
151
144
125
103
108
88
56
13
28
0
29
6
35
87
34
69
27
79
57
67
33
-31
-73
-103
-43
-22
-9
23
27
36
18
12
29
30
47
72
78
47
67
86
95
82
92
128
127
105
103
154
192
148
142
169
187
199
241
220
237
225
184
190
158
147
88
69
28
-40
-55
-56
-90
-92
-87
-97
-162
-199
-276
-329
-338
-350
-369
-342
-350
-431
-364
-362
-419
-431
-363
-318
-274
-288
-278
-226
-220
-181
-183
-172
-139
-117
-81
-18
28
22
93
132
184
154
118
141
168
195
178
217
177
174
186
192
199
148
171
133
72
80
54
24
6
-36
-19
-41
-62
-63
-92
-162
-196
-209
-206
-217
-219
-222
-175
-176
-155
-138
-135
-122
-132
-133
-176
-115
-104
-79
-91
-89
-2
-69
-86
21
38
66
69
89
142
149
161
125
117
97
84
48
18
23
35
53
64
24
-9
-3
-14
-22
-26
-24
-32
-24
-37
-74
-74
-109
-159
-119
-163
-140
-147
-98
-133
-174
-131
-109
-141
-143
-211
-177
-165
-169
-134
-140
-116
-144
-111
-105
-102
-128
-69
8
14
45
61
85
112
111
112
98
54
49
59
63
61
29
7
-10
-37
-55
-73
-70
19
13
5
20
-9
-15
-74
-88
-144
-146
-180
-203
-175
-212
-234
-215
-185
-201
-180
-189
-204
-206
-169
-98
-99
-71
-52
-43
6
73
47
54
66
70
113
103
116
119
159
170
181
213
189
171
177
131
148
145
96
75
73
128
72
87
74
66
49
33
8
-8
-1
-63
-124
-190
-188
-177
-208
-210
-241
-232
-207
-204
-240
-235
-233
-247
-251
-222
-185
-236
-170
-178
-165
-167
-139
-171
-138
-64
-56
-54
-64
-6
13
19
6
-18
15
20
52
54
57
13
-3
26
18
23
-36
-36
6
-15
-39
-56
-73
-110
-134
-133
-147
-185
-171
-160
-151
-176
-215
-177
-236
-198
-214
-161
-170
-163
-163
-138
-116
-83
-58
-40
19
-13
63
54
78
60
87
117
99
142
191
173
160
125
107
91
65
5
9
39
27
25
51
41
-28
-32
-20
-55
-108
-101
-99
-128
-126
-157
-209
-221
-202
-249
-232
-143
-180
-157
-154
-182
-167
-145
-149
-114
-123
-75
-87
-99
-14
-23
-18
4
14
-3
20
-34
-9
41
45
87
50
53
64
72
101
106
85
76
43
55
75
-13
-32
-20
-32
-62
-85
-93
-114
-111
-112
-129
-130
-82
-125
-116
-136
-179
-165
-159
-159
-138
-128
-103
-31
-38
-20
7
33
49
8
40
-9
-17
26
8
46
-7
-15
36
31
29
23
50
78
25
56
77
42
20
-19
-47
-46
5
-41
-65
-67
-63
-50
-64
-87
-37
11
-4
7
-56
-44
-33
-58
-91
-104
-85
-109
-84
-62
-39
-77
-119
-99
-182
-175
-135
-160
-138
-120
-100
-150
-118
-90
-110
-104
-81
-104
-77
-83
-113
-55
-48
14
69
37
19
55
64
86
104
114
88
98
104
154
106
78
101
82
100
79
72
32
54
72
34
35
14
23
36
-5
2
25
22
55
56
-3
-11
-20
-86
-50
-102
-98
-115
-124
-90
-70
-2
-17
-21
-37
-39
-38
18
13
-19
-23
-7
16
-1
-16
22
76
69
85
75
80
125
184
206
204
183
143
182
153
114
90
64
62
22
-23
-32
-30
1
31
56
32
3
1
33
39
31
13
-16
-6
-6
3
-11
-8
-58
-30
-33
-49
-13
-40
-26
16
49
23
34
45
24
28
34
30
13
-33
-6
4
-7
-9
13
16
12
43
64
63
73
70
-10
-19
-2
23
42
21
9
13
34
30
88
67
93
132
69
111
107
137
147
107
96
52
42
-12
-13
-39
-64
-41
-53
-116
-122
-98
-128
-84
-53
-41
-37
-15
36
3
40
-9
-35
-63
2
64
41
62
60
21
22
37
31
34
40
134
120
105
81
96
82
61
76
98
91
71
93
81
26
43
28
-33
-32
-31
-21
-40
-6
-41
-33
-52
-26
-61
-34
-67
-39
15
-9
-3
6
16
-29
-8
-10
-9
12
12
6
50
48
57
64
50
56
20
-24
-9
-2
36
51
60
44
77
116
103
134
136
129
143
136
84
106
110
118
59
63
41
63
59
-10
2
40
65
25
40
31
9
-29
27
32
53
58
78
75
44
7
16
51
30
33
-23
44
98
94
114
101
106
90
70
84
40
17
12
49
69
92
102
60
49
3
33
45
-28
-29
9
3
20
39
45
13
4
6
5
49
28
3
23
17
21
-7
-5
-28
20
-8
-36
-5
-50
-61
-52
-40
-88
-118
-191
-168
-149
-157
-155
-102
-96
-101
-69
-25
4
36
43
20
61
25
27
37
91
98
112
129
99
65
91
66
81
99
145
208
202
273
206
221
198
235
242
232
215
232
251
197
205
145
187
140
108
144
91
51
104
135
-14
-10
39
3
35
-2
-55
-24
-25
-44
-56
-32
-32
-41
-69
-62
-77
-53
-7
11
-30
-29
18
53
35
89
83
115
104
97
152
115
116
107
122
106
116
158
141
72
88
78
102
106
93
113
98
57
37
30
-15
-28
-31
-44
-37
-60
-10
-16
-23
-16
-12
-31
-25
-4
4
14
-13
18
22
1
25
4
60
91
70
72
32
37
34
2
3
-4
51
51
45
73
57
50
31
36
40
31
19
87
86
108
97
61
62
41
54
66
70
46
58
50
112
142
178
187
125
145
151
134
116
116
99
125
106
43
36
11
-8
-19
-46
-40
-42
-44
-6
2
50
70
51
16
20
16
10
50
37
36
9
47
27
54
4
0
40
93
114
24
36
57
26
2
-17
-40
-36
-1
-69
-100
-55
-91
-118
-155
-158
-159
-169
-130
-98
-79
-44
-36
3
21
-30
-48
-87
-47
-22
-30
-17
22
26
49
105
127
134
62
50
63
117
115
115
137
133
114
137
165
154
198
190
95
122
137
106
104
77
84
56
61
32
27
67
60
84
63
76
64
42
14
-20
-3
20
32
-16
25
6
-24
-11
-2
-50
-85
-21
-17
-20
19
11
-28
-8
0
37
51
51
25
-1
13
5
-5
-13
-37
-18
-23
-75
-38
-16
-19
-32
-20
-30
-15
-58
-38
-76
-109
-141
-157
-130
-140
-67
-74
-117
-89
-129
-111
-63
-69
-131
-162
-165
-130
-150
-156
-124
-137
-131
-126
-131
-155
-134
-113
-25
-48
23
31
-16
35
-15
-6
-6
-5
-15
-14
-28
26
48
52
82
90
119
115
161
136
73
113
119
127
107
102
77
72
71
86
40
5
24
-30
-80
-103
-55
-70
-51
-5
-28
3
8
-32
-38
-99
-107
-67
-105
-100
-102
-139
-110
-104
-64
-48
-3
2
-21
-1
-26
-2
31
-54
-39
-31
-40
-80
-75
-19
3
-4
-22
56
57
60
53
41
52
18
-2
-19
-48
-58
-96
-68
-57
-25
-35
-16
-31
-28
15
-27
-17
42
34
-37
-27
-77
-78
-86
-91
-95
-113
-87
-106
-125
-92
-126
-88
-79
-104
-77
-63
-54
-43
-20
-83
-95
-69
-93
-82
-73
-55
-29
-18
20
24
65
92
40
35
38
32
20
85
65
45
-11
17
-34
-74
-19
-91
-89
-93
-86
-87
-125
-106
-119
-171
-149
-176
-207
-269
-231
-216
-225
-233
-244
-229
-250
-247
-219
-214
-216
-188
-182
-205
-218
-177
-215
-173
-166
-193
-193
-179
-188
-199
-145
-92
-57
-46
-27
-19
-10
-23
-19
-16
-48
-38
-13
-20
-43
-69
-31
-74
-139
-181
-148
-135
-168
-229
-267
-269
-280
-238
-174
-144
-158
-180
-177
-148
-177
-153
-112
-101
-88
-51
-39
-22
-60
-85
-41
-76
-33
3
-19
13
21
48
13
-20
-17
-21
-41
-40
20
-22
-9
-18
-102
-124
-132
-124
-170
-186
-184
-179
-150
-165
-154
-204
-208
-188
-144
-159
-212
-207
-187
-199
-148
-132
-161
-135
-168
-171
-220
-164
-162
-155
-105
-93
-74
-119
-138
-151
-171
-149
-139
-138
-134
-102
-139
-151
-120
-125
-144
-138
-122
-175
-118
-123
-93
-81
-104
-79
-74
-80
-50
-37
-56
-46
-68
-40
-15
-38
-14
-66
-81
-72
-183
-171
-155
-167
-155
-115
-107
-131
-128
-160
-170
-184
-196
-176
-196
-177
-139
-146
-143
-114
-151
-160
-170
-187
-178
-156
-209
-234
-249
-239
-236
-216
-217
-194
-154
-107
-95
-49
-40
-108
-99
-117
-128
-154
-140
-153
-117
-105
-92
-111
-132
-156
-132
-141
-156
-87
-69
-68
-44
-36
21
14
46
23
-53
-78
-30
-35
-77
-61
-60
-77
-121
-66
-66
-62
-76
-51
-59
-65
-64
-67
-94
-116
-92
-104
-115
-133
-122
-123
-108
-116
-99
-111
-122
-103
-77
-31
-74
-86
-136
-116
-76
-106
-91
-123
-96
-94
-78
-61
-78
-71
-76
-115
-91
-128
-115
-91
-97
-15
-27
-12
16
0
-1
-12
-25
36
-17
-22
3
13
29
40
64
40
6
-20
-19
-4
25
33
26
33
-28
8
55
40
24
49
-3
-27
1
-16
9
-20
-43
-30
-50
-61
3
3
5
9
82
129
167
193
179
150
127
146
152
152
153
167
123
102
87
82
79
94
115
104
68
-4
28
-28
-51
-40
-60
-78
-48
-65
-65
-85
-134
-129
-166
-177
-176
-130
-133
-106
-75
-39
5
18
16
35
26
-5
55
32
36
87
118
117
41
-1
20
54
82
73
71
24
46
56
58
129
90
107
99
141
110
70
72
91
94
102
98
83
97
86
126
132
146
162
151
105
65
84
135
127
167
167
222
249
266
250
214
224
214
232
254
268
264
295
235
245
294
259
230
177
140
149
150
153
152
135
162
176
182
207
189
167
168
163
153
164
152
127
128
158
140
126
89
92
89
40
-4
-2
7
13
-21
-13
-18
-1
31
61
72
10
2
-34
20
64
80
114
167
143
152
164
175
178
169
169
176
207
185
240
203
219
277
293
240
250
297
282
286
250
236
279
248
240
243
198
177
134
118
90
103
100
118
120
106
162
134
136
139
153
184
233
167
194
218
217
267
264
279
213
220
263
288
249
290
332
319
330
303
279
253
243
245
209
191
176
191
148
165
153
133
124
131
187
166
163
170
142
136
135
111
135
131
71
65
85
55
104
149
138
145
149
161
179
182
197
160
143
163
96
149
108
98
30
7
31
36
80
64
156
188
228
248
263
228
235
263
232
203
185
203
175
185
145
185
133
194
211
134
178
188
250
207
209
188
221
205
263
305
280
294
265
274
213
228
215
157
184
156
147
170
184
191
191
242
228
271
267
235
278
242
282
268
227
237
208
204
236
233
226
267
249
225
176
158
247
228
238
237
210
176
171
216
153
194
134
90
125
106
130
126
118
86
82
54
11
33
1
45
29
-4
-2
-21
31
-10
24
44
50
74
63
52
46
51
71
88
119
143
171
190
180
198
191
165
171
170
151
201
217
199
219
182
185
209
214
213
208
210
193
184
149
162
168
165
177
170
150
105
104
108
104
144
127
131
147
177
188
199
195
206
213
188
240
216
244
295
254
232
274
272
272
285
254
311
292
257
258
253
213
240
243
243
219
169
203
179
107
98
109
47
49
33
57
74
47
86
114
92
66
81
100
79
81
71
44
50
54
79
83
70
113
110
25
61
75
16
24
13
42
49
73
77
70
100
96
88
94
114
130
114
125
163
172
139
161
165
179
216
176
197
167
191
165
192
170
136
123
128
154
119
127
134
150
115
123
140
160
163
142
117
95
107
51
29
28
51
86
68
110
76
182
221
250
257
253
284
294
300
332
318
334
341
335
322
270
264
249
268
278
243
244
206
193
166
144
128
126
134
67
50
51
51
9
30
49
2
35
-38
-36
-37
-93
-47
-100
-59
-25
20
36
27
72
78
57
68
34
8
53
56
81
89
122
90
95
75
78
51
41
53
73
68
52
118
193
205
197
228
157
163
165
205
224
190
216
241
192
149
157
133
205
223
190
173
191
172
161
148
111
125
97
91
64
109
123
78
104
157
126
102
85
81
93
108
97
129
209
247
252
233
185
209
224
226
238
250
236
240
259
287
321
315
260
280
313
331
269
285
308
271
256
209
229
208
182
162
204
266
252
239
211
195
159
131
127
106
140
120
133
150
173
145
181
132
148
141
137
185
164
173
192
173
160
210
140
151
171
168
127
114
70
29
47
37
-10
-50
-31
-5
-25
12
21
16
12
29
26
31
57
34
71
36
28
51
56
53
13
17
68
68
83
80
57
16
5
38
94
112
72
52
38
27
26
62
71
58
36
43
-6
-22
-8
-7
-29
-23
-16
-24
-39
32
-20
-95
-62
-136
-113
-123
-96
-71
-66
-48
10
-15
-2
74
84
76
54
78
96
125
93
156
160
119
130
117
97
70
50
74
55
6
61
57
28
20
92
75
47
58
86
58
71
57
25
34
-19
-35
-104
-116
-106
-61
-48
-65
-40
-87
-68
-50
-65
-80
-118
-107
-143
-106
-121
-98
-88
-58
-47
-69
-70
-55
-62
-56
-42
-67
-85
-128
-91
-130
-114
-89
-64
-96
-19
24
15
24
20
29
11
94
116
129
108
102
73
5
-19
4
17
33
59
81
70
80
21
-6
-7
-37
-41
-73
-77
-97
-94
-42
-56
-54
-34
-95
-59
-111
-133
-92
-135
-111
-95
-81
-69
-7
-25
1
43
71
65
32
-9
49
22
-26
-18
-10
16
20
27
84
59
59
54
-42
-21
-20
-51
-45
-4
-27
-7
15
18
11
-25
-3
-65
-52
-33
-31
-53
-83
-21
-19
75
59
43
34
-5
30
20
45
53
29
35
54
31
25
-3
-43
-16
-30
-20
0
5
-40
-76
-30
-68
-51
-24
-37
-10
-21
-18
17
7
10
44
45
49
100
128
103
130
134
129
123
171
190
161
192
194
158
145
190
183
147
140
162
152
116
119
82
39
47
86
66
70
60
16
-38
-40
-92
-69
4
-37
23
51
36
-3
23
29
-16
19
50
27
42
63
116
164
194
213
218
245
256
329
246
227
317
252
235
240
242
254
230
267
298
303
316
317
319
353
297
288
323
311
316
343
334
359
321
289
217
195
175
179
187
168
222
204
209
252
239
264
289
226
227
217
231
208
207
143
146
155
142
176
209
209
214
177
185
170
201
164
141
166
158
170
193
215
221
246
213
212
225
161
151
177
205
178
151
214
212
187
217
210
221
213
191
250
248
271
230
223
235
246
260
284
277
291
282
264
277
209
251
233
233
254
174
156
190
166
143
151
177
151
146
156
179
233
205
237
235
210
205
190
211
205
224
243
219
257
300
318
341
343
380
373
338
296
313
306
276
233
231
210
193
170
136
168
146
141
164
136
149
168
215
211
267
274
274
296
288
263
282
298
285
294
240
252
269
271
265
267
244
250
228
225
202
165
196
208
180
197
177
116
139
168
176
138
122
138
168
178
175
199
168
152
108
98
108
127
151
152
113
92
142
125
141
149
164
169
192
189
213
246
225
238
210
166
207
212
174
209
199
157
177
148
114
124
67
65
36
33
59
69
113
89
105
70
100
105
103
74
96
109
69
93
39
34
30
47
98
42
10
49
61
85
75
74
75
106
137
94
68
20
7
24
47
25
36
47
22
59
68
35
96
72
84
139
146
192
200
222
238
231
224
255
233
193
164
163
135
121
90
72
30
15
30
1
3
-2
25
-11
-12
-34
-23
-90
-123
-142
-195
-198
-188
-167
-168
-160
-157
-195
-174
-140
-146
-118
-108
-51
-40
8
9
32
77
72
90
84
155
78
82
34
25
71
64
79
29
67
37
5
-35
-35
-70
-67
-44
-1
40
-29
10
1
-14
-10
-14
39
51
30
31
14
66
86
47
48
20
37
35
-23
-32
-49
-66
-122
-112
-127
-166
-134
-83
-56
-59
-97
-88
-74
-75
-107
-61
-2
-7
-40
-41
-9
-26
-6
52
70
53
15
16
28
39
35
57
45
72
86
83
93
29
70
61
11
20
-2
-16
-20
-49
-27
-43
-36
-70
-111
-52
-63
-90
-97
-117
-119
-161
-134
-119
-146
-118
-123
-119
-145
-91
-109
-137
-137
-104
-99
-81
-86
-88
-145
-137
-152
-171
-107
-129
-41
-77
-64
-27
-31
-14
0
34
-13
-7
11
53
90
56
55
71
43
6
-22
-22
18
-26
-51
-43
-72
-66
-23
-73
-93
-80
-120
-126
-114
-141
-111
-118
-151
-154
-140
-177
-176
-168
-114
-118
-113
-51
-45
-40
-30
1
-77
-49
-60
-81
-126
-114
-138
-91
-75
-61
-34
-19
-36
-11
4
-9
-13
-55
3
14
-48
-43
-13
-48
-39
-42
-73
-70
-121
-91
-92
-156
-148
-157
-131
-146
-112
-110
-141
-67
-75
-90
-76
-55
-18
-41
-10
6
26
69
28
36
-2
-12
-25
-79
-107
-113
-121
-126
-105
-123
-135
-172
-154
-128
-182
-220
-222
-240
-259
-282
-245
-240
-253
-220
-234
-195
-223
-183
-165
-157
-167
-152
-128
-116
-93
-101
-70
-88
-79
-129
-94
-113
-83
-93
-119
-103
-83
-120
-116
-99
-96
-123
-138
-145
-162
-170
-224
-215
-202
-177
-228
-261
-240
-266
-241
-194
-176
-157
-119
-145
-111
-50
-36
-30
-15
37
24
28
33
12
21
-4
-42
3
-7
17
21
-14
-38
-35
-25
-76
-154
-143
-116
-137
-94
-110
-131
-178
-173
-193
-187
-156
-165
-174
-158
-176
-153
-118
-125
-130
-170
-148
-180
-185
-142
-135
-152
-130
-89
-120
-146
-84
-142
-179
-147
-145
-141
-169
-153
-150
-139
-136
-111
-182
-166
-152
-126
-41
-78
-53
-56
-112
-127
-73
-56
-47
-60
-78
-34
11
-3
-11
-41
-27
-27
-81
-76
-84
-87
-108
-104
-83
-85
-39
-37
-5
-10
-5
-80
-65
-124
-192
-173
-189
-157
-189
-143
-141
-103
-108
-88
-99
-117
-98
-120
-112
-110
-101
-70
-40
-60
-48
-11
-28
-58
-90
-111
-45
-51
-105
-136
-129
-100
-100
-146
-175
-176
-209
-200
-196
-237
-246
-265
-294
-283
-309
-248
-248
-226
-208
-227
-206
-179
-185
-119
-85
-74
-84
-123
-121
-108
-78
-44
-114
-81
-61
-63
-55
-31
14
-52
-62
-63
-57
-52
-47
-24
-29
-18
10
9
39
51
44
2
3
-23
-7
-59
-124
-101
-103
-103
-85
-147
-109
-67
-102
-77
-76
-78
-92
-131
-139
-116
-102
-89
-116
-171
-151
-180
-154
-156
-211
-195
-165
-132
-158
-142
-77
-92
-103
-95
-97
-75
-121
-131
-88
-128
-130
-147
-121
-85
-108
-94
-119
-131
-139
-93
-96
-132
-123
-133
-150
-93
-111
-101
-71
-93
-68
-52
-56
-18
-23
-40
-31
-22
37
24
48
45
-19
-31
24
-19
-47
-2
-10
-14
6
41
81
84
74
104
53
43
30
30
4
-8
-55
-77
-95
-139
-138
-163
-184
-184
-163
-116
-142
-108
-102
-120
-116
-88
-108
-107
-109
-108
-85
-183
-201
-208
-230
-290
-229
-207
-230
-160
-198
-188
-177
-199
-191
-229
-216
-194
-210
-201
-172
-155
-142
-117
-175
-169
-180
-187
-186
-195
-200
-179
-134
-154
-144
-173
-171
-178
-129
-131
-148
-130
-181
-200
-151
-115
-105
-153
-153
-136
-162
-141
-176
-181
-166
-142
-130
-140
-143
-150
-91
-114
-100
-71
-112
-115
-100
-85
-92
-117
-166
-182
-201
-204
-212
-196
-187
-198
-187
-192
-208
-223
-183
-146
-181
-138
-140
-162
-210
-226
-238
-287
-287
-269
-283
-257
-248
-236
-268
-282
-297
-339
-279
-326
-300
-274
-299
-227
-240
-240
-215
-206
-190
-218
-198
-170
-117
-146
-183
-182
-130
-155
-160
-153
-169
-182
-123
-104
-154
-129
-176
-153
-137
-145
-147
-135
-146
-196
-238
-232
-259
-295
-331
-289
-311
-292
-285
-356
-327
-316
-325
-305
-276
-275
-273
-244
-309
-302
-241
-256
-230
-226
-242
-218
-233
-219
-232
-234
-180
-213
-195
-195
-223
-235
-187
-209
-200
-215
-191
-205
-222
-223
-281
-312
-349
-313
-343
-339
-365
-353
-335
-321
-325
-355
-358
-324
-271
-309
-260
-254
-270
-268
-228
-204
-198
-213
-182
-155
-142
-121
-145
-144
-155
-185
-239
-189
-195
-237
-206
-220
-246
-207
-172
-168
-188
-205
-239
-230
-250
-254
-299
-335
-336
-343
-289
-263
-238
-244
-257
-266
-299
-283
-318
-344
-345
-332
-303
-259
-283
-330
-303
-302
-368
-361
-325
-347
-354
-287
-303
-313
-292
-271
-238
-249
-279
-324
-312
-315
-290
-293
-283
-325
-298
-232
-183
-200
-183
-174
-192
-188
-193
-173
-193
-162
-161
-142
-158
-163
-172
-172
-153
-179
-209
-192
-178
-185
-179
-186
-145
-184
-214
-228
-219
-189
-258
-244
-268
-210
-202
-239
-225
-219
-162
-158
-131
-157
-155
-119
-123
-115
-66
-80
-20
-23
18
1
-28
33
18
45
25
14
13
-20
-43
-41
-27
-45
-83
-93
-88
-63
-111
-52
-73
-135
-129
-162
-157
-191
-156
-173
-183
-200
-198
-184
-222
-206
-219
-229
-225
-235
-216
-194
-181
-189
-189
-190
-131
-127
-142
-144
-158
-161
-184
-125
-112
-97
-89
-78
-59
-62
-30
-25
-23
-51
-57
-33
-54
-24
21
-1
53
24
33
18
0
-16
26
33
39
53
22
12
-25
15
42
53
49
61
38
-20
-22
-24
-22
-9
-9
-51
-80
-73
-107
-86
-49
-99
-99
-81
-34
-31
-35
-45
-68
-35
-45
-38
-31
-37
-35
-26
-66
-56
-32
-22
-29
-53
-36
-41
-13
-13
-23
-32
-32
-19
-38
-12
-12
-53
-56
-82
-79
-61
-95
-101
-71
-80
-74
-78
-81
-16
27
21
7
-10
-13
9
2
-22
-29
-32
-38
-75
-56
-20
-36
-31
-35
1
11
-6
-33
-37
-14
18
47
68
20
50
41
33
62
2
-55
-34
-85
-126
-113
-104
-64
-58
-71
-51
-42
11
35
67
59
46
43
20
32
-19
-4
38
19
-16
2
-13
-58
-98
-85
-92
-96
-95
-65
-16
-19
15
48
54
48
21
11
12
-60
-39
-99
-146
-152
-154
-122
-142
-110
-84
-72
-53
-34
-36
-35
-17
18
34
15
64
64
63
80
65
99
100
107
97
86
99
76
54
45
80
76
103
122
133
102
38
30
12
9
-14
10
44
23
41
17
44
32
76
94
101
92
80
78
69
45
53
83
99
82
44
40
66
159
142
144
149
90
84
106
115
101
106
75
57
19
-32
-74
-102
-116
-157
-161
-136
-175
-167
-134
-120
-47
-10
16
57
81
132
113
111
158
142
135
134
163
169
166
122
159
157
183
249
270
226
249
275
224
194
183
162
138
152
111
51
25
2
-33
-13
-23
17
-15
7
38
7
15
45
65
83
67
56
70
44
64
93
110
90
60
68
40
37
53
10
-9
-10
20
38
-7
-22
-15
-60
-45
-20
-25
-54
11
34
-12
61
61
69
34
67
113
138
139
138
198
266
199
168
164
144
151
112
146
105
119
115
104
76
95
69
22
9
13
6
-21
-9
41
20
-52
-38
-35
-84
-119
-83
-53
-49
-76
-10
-18
-10
-19
36
10
35
85
101
126
72
77
101
87
45
30
43
58
-5
60
59
36
-27
-48
-23
-1
-1
-60
-88
-100
-74
-110
-86
-64
-97
-96
-87
-100
-73
-80
-91
-130
-106
-76
-113
-117
-105
-106
-90
-117
-149
-118
-137
-128
-129
-146
-167
-87
-85
-85
-106
-81
-49
-44
-13
-25
-3
11
2
-2
-2
-4
-25
-10
15
-21
-33
-50
-17
57
29
7
42
16
16
-17
-8
-70
-70
-35
-46
-48
-31
-40
-41
-20
-56
-48
-39
-50
-41
-64
-85
-23
-39
-113
-119
-116
-92
-144
-149
-149
-202
-149
-113
-90
-53
-73
-41
-8
32
47
40
22
-54
-60
-80
-69
-55
-112
-101
-82
-62
-76
-104
-59
-66
-89
-81
-131
-77
-58
-46
-47
-32
-3
-32
-29
-76
-3
-8
-64
-86
-48
-44
-98
-60
-9
-22
2
3
7
24
-4
7
-10
13
30
-2
21
73
46
81
112
77
57
69
47
-18
-40
-34
-42
-46
-104
-80
-115
-144
-138
-143
-79
-102
-92
-112
-107
-96
-107
-110
-95
-146
-162
-150
-126
-142
-216
-253
-211
-234
-196
-215
-228
-127
-132
-110
-83
-37
-25
-37
-47
-33
8
-42
-7
8
14
37
-1
-3
36
52
17
101
77
87
143
81
61
132
141
71
141
87
54
32
28
28
13
16
-16
-24
-24
0
15
38
20
18
3
-12
-34
-34
-34
-82
-76
-63
-41
-9
-32
-12
-29
-32
11
-7
57
42
