SAMPLES:	17132
BITSPERSAMPLE:	16
CHANNELS:	1
SAMPLERATE:	16000
NORMALIZED:	FALSE
99
70
99
70
23
73
75
64
84
94
74
59
55
82
68
44
80
94
82
114
132
130
121
119
107
93
142
87
87
131
120
124
99
89
93
134
121
88
136
146
150
116
118
165
192
202
177
177
158
165
164
163
205
214
191
152
156
159
148
116
120
144
107
156
149
113
79
80
143
152
142
151
170
184
222
229
223
220
228
218
169
125
138
115
152
210
190
227
246
221
250
257
211
217
195
170
164
142
122
154
168
123
156
149
101
85
72
76
75
62
78
131
164
131
193
178
174
180
114
160
161
73
70
76
99
84
140
172
160
210
191
181
218
204
214
190
153
150
81
74
58
53
113
85
48
71
82
65
74
46
86
144
134
81
81
88
67
55
48
62
75
45
43
43
43
54
38
45
118
105
134
202
204
240
210
181
183
143
150
149
139
174
194
209
247
261
255
282
293
281
319
347
324
360
351
312
333
344
338
372
354
365
363
325
323
335
354
353
291
301
282
245
282
240
260
286
210
217
232
209
189
154
215
204
233
268
284
304
292
255
251
276
305
319
324
335
333
367
342
335
323
352
343
341
398
449
404
433
475
479
439
396
449
412
363
391
379
369
393
373
385
381
386
362
325
348
333
341
291
267
224
209
260
283
267
276
277
324
363
365
346
335
304
282
321
290
276
205
185
213
208
235
233
183
227
242
190
165
216
224
216
223
194
183
215
203
221
196
159
169
131
115
89
110
115
67
92
80
117
131
143
189
122
99
137
111
130
157
118
137
111
84
56
113
129
137
141
159
152
74
84
62
61
43
17
-25
-8
16
16
38
105
93
70
78
64
22
-5
-34
-34
-15
-12
-12
-69
-74
-59
-109
-109
-64
-65
-68
-79
-59
-69
-63
-36
-26
-47
-21
-14
-26
-45
-84
-81
-147
-181
-177
-133
-128
-92
-70
-57
-46
-29
-63
-55
-91
-87
-62
-106
-131
-92
-117
-145
-126
-123
-131
-140
-191
-177
-141
-121
-129
-157
-103
-172
-197
-196
-247
-213
-204
-207
-208
-179
-175
-183
-114
-108
-127
-148
-160
-112
-94
-123
-167
-137
-112
-116
-69
-42
-87
-112
-81
-102
-110
-99
-96
-130
-143
-92
-97
-97
-85
-83
-93
-93
-120
-116
-92
-75
-103
-103
-140
-128
-95
-93
-45
-83
-66
-105
-144
-155
-201
-204
-198
-240
-216
-189
-197
-176
-193
-218
-198
-200
-192
-160
-179
-180
-190
-214
-219
-223
-228
-220
-282
-263
-258
-258
-254
-233
-208
-239
-225
-210
-200
-211
-169
-190
-204
-169
-162
-170
-163
-166
-193
-178
-174
-180
-207
-128
-116
-112
-73
-73
-54
-19
-13
-31
-28
-8
-74
-143
-85
-81
-85
-109
-87
-108
-112
-85
-109
-121
-110
-82
-67
-67
-17
-33
-12
-26
-56
-79
-87
-45
-73
-52
-72
-76
-65
-135
-154
-148
-122
-102
-80
-98
-56
-52
-51
-53
-50
-17
-29
-11
-8
-10
-12
44
47
62
28
-5
51
77
72
24
14
45
88
86
92
107
77
77
82
112
110
99
109
82
35
80
89
62
12
30
-13
-7
2
26
29
47
21
-14
36
27
58
37
46
50
94
51
122
116
111
112
92
110
126
186
159
154
161
152
166
161
108
161
138
137
113
96
56
40
53
7
28
53
54
-13
-55
0
20
-5
-48
-76
-24
-14
-24
-68
-44
-43
-19
-26
-17
-22
-34
18
86
54
61
167
129
134
157
170
169
161
178
154
139
158
208
186
225
272
260
228
233
222
236
240
181
145
145
163
161
152
187
206
197
169
197
179
137
135
118
114
112
117
90
64
86
91
146
111
99
111
52
13
-41
4
-17
20
48
36
51
118
108
71
107
81
90
66
77
76
69
108
59
98
66
82
148
148
174
118
138
102
96
77
25
45
67
15
-24
-49
-58
-65
-90
-118
-89
-37
-19
-3
-6
27
57
67
67
48
53
44
45
78
61
87
107
87
83
140
173
186
192
204
167
150
158
184
180
143
143
124
80
63
45
56
-21
0
-20
-25
-9
-23
-27
-87
-97
-77
-51
-107
-51
-30
-54
-92
-74
-1
-33
-22
-53
-53
-27
-49
28
16
35
9
3
-28
-78
-41
-90
-86
-33
-7
-11
-6
33
9
-39
-47
-54
0
-11
-13
-34
-74
-32
-61
-61
-29
-61
-26
-27
24
-13
-24
11
-17
21
22
3
-23
20
-11
12
22
-47
-57
-55
-75
-142
-136
-126
-92
-69
-50
-37
-71
-57
-11
21
26
-15
-33
17
-6
-45
-61
-11
-8
-48
-48
-35
-57
-47
-58
-87
-117
-101
-96
-127
-106
-128
-83
-105
-142
-114
-181
-230
-191
-266
-279
-255
-236
-237
-216
-169
-189
-213
-225
-232
-202
-184
-236
-285
-267
-252
-283
-292
-304
-276
-286
-290
-260
-261
-272
-262
-257
-285
-263
-254
-256
-233
-229
-216
-246
-210
-199
-214
-226
-266
-259
-264
-212
-227
-270
-255
-233
-249
-281
-260
-229
-227
-269
-308
-225
-233
-249
-257
-272
-263
-259
-310
-313
-262
-279
-271
-275
-234
-183
-204
-235
-217
-195
-217
-233
-254
-252
-263
-283
-276
-280
-258
-259
-256
-240
-273
-254
-272
-243
-242
-233
-229
-215
-226
-207
-161
-182
-198
-187
-178
-194
-225
-191
-160
-183
-157
-162
-161
-117
-32
-53
-76
-41
-1
2
5
10
34
34
13
-6
-1
-14
-37
-33
-34
-76
-109
-145
-97
-48
-119
-111
-97
-111
-50
-28
-30
10
5
-10
5
37
28
59
-24
-31
3
-42
-46
-97
-92
-113
-111
-96
-116
-149
-111
-107
-103
-54
-100
-83
-73
-71
-89
-92
-83
-86
-93
-134
-139
-114
-67
-77
-60
-47
-46
-52
-33
-2
-30
-14
23
71
96
44
65
91
73
61
39
40
18
-12
8
13
45
39
20
24
55
129
109
124
97
72
85
74
92
73
115
113
128
146
204
219
240
267
276
284
273
335
371
314
351
334
369
411
408
469
442
414
405
366
313
326
332
349
318
368
408
393
394
362
382
330
368
401
380
390
373
373
422
425
411
433
418
454
417
419
419
420
414
385
400
423
444
354
376
380
355
334
342
339
307
327
305
285
283
274
283
276
335
321
283
288
274
287
251
281
277
290
245
274
271
240
271
241
244
238
230
220
215
179
180
149
131
108
79
121
81
50
62
41
43
46
57
78
65
72
62
42
9
-40
-61
-61
-81
-57
-62
-125
-129
-125
-73
-88
-35
-8
-37
-23
-36
-21
24
-20
-27
-30
-68
-66
-117
-121
-87
-77
-72
-123
-179
-186
-133
-106
-193
-204
-212
-249
-328
-299
-310
-361
-355
-326
-326
-326
-340
-342
-343
-418
-393
-437
-407
-329
-328
-376
-313
-287
-289
-250
-262
-188
-190
-181
-126
-131
-166
-119
-105
-84
-99
-96
-45
-49
-43
-11
-2
-17
-57
-116
-101
-91
-72
-81
-114
-106
-81
-111
-92
-77
-74
-73
-119
-76
-78
-115
-89
-104
-107
-112
-113
-100
-75
-71
-94
-135
-112
-118
-110
-81
-100
-78
-39
-30
-23
20
-12
3
-21
-66
-62
-89
-76
-87
-112
-121
-117
-45
-32
-22
-4
-12
60
74
49
6
-15
-6
-42
-36
-73
-95
-81
-100
-86
-70
-52
-53
-88
-36
-23
-8
38
40
53
80
94
72
113
113
102
117
119
144
124
141
141
143
107
113
101
95
173
148
121
137
131
119
138
119
103
116
131
176
197
245
208
217
222
248
268
274
275
241
292
260
273
259
239
199
157
214
226
216
242
284
287
253
328
337
274
279
287
318
291
283
245
258
287
268
256
233
238
261
274
268
280
324
278
290
336
287
284
261
291
295
311
294
325
282
312
312
313
290
278
291
275
335
266
245
266
255
217
207
216
253
225
240
260
300
320
326
372
385
338
359
392
333
289
280
320
312
297
280
334
359
383
394
382
399
423
409
411
352
395
429
373
354
348
307
292
340
292
308
324
288
322
337
268
293
296
296
284
299
266
225
234
251
254
252
250
231
227
181
177
183
197
207
215
210
178
185
150
151
120
111
131
140
76
49
102
98
145
171
180
167
182
191
185
136
122
115
101
126
178
174
199
229
199
195
237
264
274
255
260
289
253
201
161
172
135
129
113
107
121
102
155
139
71
67
127
82
116
132
114
137
117
163
165
166
137
120
179
175
215
286
243
273
295
289
296
251
240
251
240
218
190
204
262
217
202
273
247
210
239
247
182
245
274
251
274
234
252
245
302
255
256
290
257
277
233
209
211
222
240
219
207
273
226
216
206
234
272
230
230
290
262
245
268
307
251
249
247
191
211
227
229
176
186
204
209
195
253
208
221
159
162
183
218
278
246
276
256
241
232
228
251
242
268
267
229
230
211
207
163
156
154
131
142
135
178
207
208
186
189
200
157
161
156
202
151
144
200
234
252
216
313
278
218
218
160
175
151
139
159
181
244
251
248
249
248
224
232
243
258
267
260
248
225
203
235
257
221
243
263
255
265
259
234
177
147
151
160
159
139
146
90
109
77
93
133
84
57
54
10
30
42
41
43
53
77
56
46
31
38
48
68
61
73
93
108
131
132
166
163
149
133
150
148
191
157
174
247
216
219
258
249
215
190
167
152
100
73
82
45
15
68
82
43
44
-42
-40
-47
-73
-125
-137
-149
-161
-166
-161
-148
-151
-137
-88
-93
-129
-118
-139
-82
-93
-108
-105
-75
-84
-103
-119
-110
-123
-139
-109
-149
-170
-169
-144
-189
-142
-143
-195
-209
-263
-242
-258
-277
-295
-314
-322
-324
-290
-286
-310
-271
-295
-325
-363
-380
-387
-427
-396
-380
-425
-432
-431
-416
-409
-412
-402
-404
-420
-461
-422
-403
-444
-433
-458
-436
-448
-455
-446
-442
-462
-445
-396
-392
-404
-366
-410
-426
-417
-473
-463
-471
-451
-439
-449
-463
-463
-519
-549
-496
-500
-535
-552
-533
-486
-490
-513
-449
-473
-485
-462
-469
-445
-480
-532
-491
-447
-460
-471
-464
-415
-453
-478
-514
-537
-519
-493
-452
-492
-482
-416
-452
-458
-456
-421
-415
-426
-418
-444
-468
-501
-514
-538
-496
-530
-468
-441
-445
-451
-428
-429
-410
-363
-389
-391
-417
-404
-407
-429
-428
-442
-409
-405
-402
-405
-400
-367
-377
-384
-399
-366
-340
-409
-383
-374
-358
-338
-324
-284
-308
-317
-341
-343
-314
-347
-307
-292
-312
-338
-333
-276
-334
-316
-243
-279
-263
-300
-292
-337
-355
-370
-372
-392
-394
-338
-344
-346
-323
-311
-302
-275
-273
-285
-319
-286
-300
-312
-276
-276
-273
-282
-340
-351
-337
-339
-389
-377
-385
-389
-371
-351
-394
-359
-362
-363
-356
-335
-325
-412
-429
-406
-400
-390
-363
-329
-335
-347
-329
-325
-318
-274
-310
-341
-284
-275
-286
-272
-249
-237
-260
-253
-250
-269
-294
-284
-267
-280
-289
-329
-347
-345
-312
-319
-322
-303
-307
-322
-269
-240
-245
-230
-256
-244
-235
-259
-245
-302
-306
-299
-323
-317
-325
-311
-332
-313
-294
-354
-380
-394
-386
-437
-469
-411
-442
-437
-466
-444
-434
-450
-440
-430
-447
-451
-456
-491
-497
-517
-493
-495
-494
-500
-429
-404
-438
-444
-453
-415
-425
-490
-462
-482
-485
-420
-413
-418
-393
-415
-444
-415
-433
-407
-399
-394
-422
-433
-417
-446
-412
-464
-424
-412
-415
-378
-449
-433
-455
-429
-392
-372
-371
-394
-380
-382
-386
-394
-372
-337
-355
-375
-382
-440
-449
-454
-478
-449
-455
-497
-498
-479
-502
-503
-514
-497
-487
-501
-473
-505
-524
-492
-455
-494
-473
-508
-539
-547
-591
-577
-606
-537
-598
-620
-619
-632
-633
-654
-653
-700
-657
-618
-634
-672
-677
-698
-701
-676
-715
-763
-748
-744
-731
-733
-755
-723
-710
-737
-777
-764
-729
-767
-766
-773
-749
-784
-757
-753
-747
-793
-825
-806
-806
-808
-870
-855
-789
-822
-831
-825
-791
-809
-842
-857
-884
-825
-820
-808
-744
-711
-788
-801
-744
-756
-782
-775
-723
-753
-786
-827
-831
-796
-840
-807
-802
-821
-790
-786
-773
-788
-790
-795
-849
-851
-891
-870
-836
-833
-801
-866
-858
-848
-880
-893
-875
-854
-903
-918
-842
-880
-863
-865
-860
-838
-849
-861
-906
-861
-850
-873
-855
-845
-804
-808
-819
-819
-816
-791
-851
-831
-833
-835
-791
-775
-761
-751
-719
-749
-759
-710
-720
-689
-675
-682
-648
-642
-638
-593
-538
-556
-498
-490
-509
-472
-459
-459
-468
-458
-461
-422
-389
-439
-417
-431
-416
-418
-430
-420
-347
-364
-414
-414
-385
-329
-321
-322
-331
-379
-405
-336
-399
-433
-402
-419
-445
-454
-413
-402
-414
-424
-400
-372
-361
-388
-333
-347
-357
-332
-362
-319
-344
-386
-356
-309
-309
-300
-264
-259
-276
-301
-227
-196
-144
-95
-110
-54
-51
-81
-100
-112
-154
-158
-206
-178
-191
-217
-176
-211
-173
-174
-195
-154
-180
-227
-212
-176
-178
-218
-149
-148
-143
-207
-192
-151
-188
-199
-168
-160
-170
-103
-90
-82
-34
-46
-63
-86
-129
-111
-102
-125
-158
-164
-180
-169
-204
-188
-156
-178
-165
-187
-178
-138
-182
-208
-160
-151
-172
-199
-192
-168
-230
-216
-193
-190
-178
-178
-178
-179
-199
-228
-210
-169
-157
-156
-156
-121
-100
-106
-107
-147
-162
-143
-155
-131
-113
-67
-73
-92
-50
-62
-82
-64
-86
-98
-87
-94
-38
-60
-74
-71
-73
-49
-16
-23
-31
-15
-19
-72
-49
-48
-60
-85
-92
-89
-91
-92
-98
-33
-63
-77
-68
-54
-81
-84
-55
-58
-78
-42
-24
-37
-34
-29
15
44
-4
-21
-14
-24
-50
-77
-109
-122
-111
-115
-131
-151
-136
-214
-210
-199
-193
-169
-201
-173
-188
-215
-209
-175
-180
-156
-162
-199
-193
-191
-159
-183
-208
-155
-152
-133
-132
-162
-144
-123
-136
-118
-63
-55
-30
-58
-40
-67
-107
-115
-122
-159
-214
-170
-166
-190
-202
-144
-149
-161
-138
-120
-130
-134
-80
-90
-127
-97
-73
-107
-85
-114
-132
-117
-106
-64
-54
-89
-69
-89
-145
-134
-157
-180
-189
-177
-148
-191
-227
-246
-219
-236
-227
-197
-247
-219
-238
-253
-234
-271
-286
-256
-244
-291
-277
-332
-326
-332
-362
-343
-348
-392
-359
-304
-300
-316
-320
-295
-327
-270
-330
-276
-266
-251
-203
-260
-262
-262
-237
-227
-224
-235
-237
-221
-185
-191
-197
-215
-197
-175
-147
-151
-186
-209
-218
-235
-245
-264
-236
-264
-249
-237
-289
-248
-288
-289
-259
-248
-303
-321
-249
-232
-288
-250
-271
-315
-352
-331
-282
-300
-296
-277
-233
-245
-225
-203
-164
-137
-145
-153
-166
-169
-169
-154
-112
-112
-94
-148
-152
-179
-210
-218
-201
-202
-251
-216
-145
-152
-158
-154
-215
-175
-174
-145
-133
-138
-181
-218
-210
-201
-161
-165
-168
-184
-182
-167
-182
-182
-170
-211
-167
-137
-150
-145
-118
-97
-137
-95
-60
-59
-64
-59
-74
-79
-100
-99
-93
-141
-92
-92
-105
-65
-103
-72
-87
-97
-141
-118
-63
-104
-130
-102
-151
-149
-139
-125
-135
-102
-88
-90
-63
-92
-97
-101
-126
-148
-134
-87
-87
-60
-50
-31
-4
-25
-57
-26
-21
-33
-52
-50
-1
8
39
-2
-43
-6
-3
6
0
-34
-21
-69
-107
-119
-78
-44
-44
-50
-43
-29
-20
3
-8
-7
48
113
114
129
98
102
112
93
63
96
38
20
1
-38
2
-25
-5
-4
12
52
28
17
17
13
-50
-79
-59
-74
-80
-109
-96
-74
-86
-63
-33
-33
-5
14
65
84
78
109
106
97
87
115
112
117
107
86
117
172
205
148
172
209
222
204
240
261
236
237
228
240
216
224
195
179
169
203
198
178
246
236
257
272
298
297
323
365
362
361
349
364
314
341
332
343
375
340
371
386
460
471
430
460
464
469
453
504
488
504
449
456
440
391
438
428
504
476
512
549
573
557
528
518
513
543
520
524
519
522
472
469
477
444
398
423
460
390
422
405
436
433
442
467
449
487
413
425
464
475
441
431
408
393
437
393
417
403
422
497
477
465
485
486
471
459
410
398
334
338
321
291
318
315
307
299
313
310
362
323
354
379
372
387
384
362
362
361
313
328
298
311
306
272
283
259
209
190
196
123
157
210
208
222
166
193
129
102
83
80
81
59
65
46
73
103
103
123
119
101
75
24
28
2
4
-44
-44
-13
33
9
0
39
-15
-5
-19
-8
-28
-9
2
-4
-3
-48
-26
-30
-17
-54
-61
-113
-152
-102
-116
-150
-102
-109
-74
-38
-57
-17
-3
9
27
5
-3
32
52
66
74
79
107
93
158
139
137
177
143
139
118
72
51
29
-2
-28
-63
-83
-51
-19
-14
-10
-27
-38
-62
-59
-71
-56
-57
-121
-134
-178
-182
-176
-172
-167
-225
-195
-177
-187
-215
-160
-179
-195
-161
-157
-174
-183
-145
-133
-101
-83
-134
-181
-194
-187
-160
-160
-155
-162
-171
-153
-148
-153
-88
-86
-59
-60
-57
-16
-9
21
-4
-41
-47
-34
-58
-29
-46
-50
-80
-101
-52
-97
-94
-73
-7
-6
-47
-11
-3
-14
-24
14
50
11
-10
-14
-72
-41
-12
-31
-35
9
33
36
68
71
50
16
15
32
37
18
31
31
45
3
-1
23
8
31
41
16
-2
59
68
3
24
34
50
42
59
46
28
19
15
4
-45
-60
-73
-61
-53
-18
-22
-84
-73
-84
-101
-117
-90
-132
-196
-204
-177
-201
-199
-150
-171
-165
-182
-135
-140
-113
-39
-44
-37
-51
-21
-54
-39
-20
-50
-16
7
28
-11
-60
-61
-14
-2
2
52
51
70
66
62
46
-2
26
46
-15
22
-11
-51
-7
-24
2
-8
18
49
-15
9
-17
-12
14
-35
5
-43
-84
-108
-48
-21
-50
-40
-49
-12
-63
-54
-51
-27
-44
20
17
12
36
34
113
67
104
90
93
85
78
59
52
81
90
58
86
102
71
111
124
145
117
88
126
91
80
85
22
48
90
93
56
31
37
51
68
63
60
99
117
92
135
116
109
134
99
106
168
164
150
212
198
142
209
219
229
249
280
256
260
266
289
293
302
348
325
289
265
233
234
241
289
277
233
293
286
273
235
227
231
188
182
193
195
223
219
167
184
188
124
89
75
53
31
56
59
30
-1
67
88
57
37
34
57
70
73
84
80
86
66
78
128
96
98
116
158
171
177
153
129
140
92
144
174
159
165
180
145
149
159
136
115
78
133
119
74
75
95
94
78
84
108
125
125
81
78
68
57
76
65
55
22
25
70
93
95
93
105
95
135
132
107
131
79
88
58
25
-19
-46
-70
-75
-75
-123
-111
-95
-74
-83
-105
-97
-109
-150
-174
-206
-201
-154
-136
-143
-156
-182
-154
-114
-74
-59
-45
-15
-79
-96
-113
-84
-100
-92
-66
-108
-100
-104
-98
-103
-116
-134
-134
-129
-134
-164
-167
-178
-177
-173
-153
-141
-150
-140
-194
-173
-141
-142
-162
-177
-171
-166
-195
-185
-120
-160
-116
-105
-171
-173
-156
-155
-147
-158
-165
-165
-187
-181
-161
-169
-153
-178
-216
-194
-199
-265
-243
-215
-222
-199
-223
-200
-207
-204
-243
-267
-258
-284
-316
-343
-309
-340
-299
-283
-272
-284
-289
-289
-313
-344
-330
-342
-314
-318
-323
-330
-318
-290
-314
-295
-332
-303
-323
-331
-392
-343
-263
-375
-424
-397
-349
-325
-313
-294
-296
-301
-318
-292
-266
-309
-290
-300
-306
-306
-281
-261
-275
-263
-238
-262
-317
-307
-323
-320
-312
-325
-270
-262
-245
-225
-258
-254
-235
-237
-243
-261
-264
-307
-300
-281
-248
-211
-217
-217
-205
-210
-198
-165
-142
-189
-152
-149
-174
-95
-166
-150
-149
-195
-181
-217
-226
-245
-210
-221
-206
-223
-267
-273
-313
-286
-313
-325
-340
-339
-333
-329
-329
-372
-383
-353
-322
-305
-277
-307
-281
-257
-230
-202
-196
-168
-187
-174
-185
-163
-99
-126
-129
-61
-46
-97
-106
-95
-67
-119
-102
-110
-140
-112
-108
-170
-233
-234
-278
-341
-333
-304
-225
-245
-220
-213
-196
-166
-198
-189
-225
-240
-205
-183
-185
-168
-172
-138
-140
-142
-92
-102
-95
-82
-53
-115
-95
-6
-20
33
48
48
21
56
43
56
119
149
137
141
186
158
179
147
146
191
218
266
303
322
362
415
373
439
413
429
400
371
386
371
396
347
387
383
386
371
368
390
364
343
359
357
371
351
318
348
365
367
378
406
394
389
370
354
363
373
390
370
364
337
346
322
328
382
380
369
410
412
400
433
397
424
447
406
441
431
438
447
438
394
355
360
364
339
304
323
329
334
396
465
475
470
459
473
441
433
401
397
429
428
437
416
420
452
468
505
490
477
423
394
391
379
424
410
457
457
437
470
492
450
416
401
412
431
384
434
436
411
398
341
342
335
339
322
320
307
285
285
266
243
271
320
302
270
287
283
311
314
259
249
291
277
268
267
219
209
158
150
138
156
147
157
184
157
194
182
178
150
179
195
191
185
189
203
144
158
175
190
138
122
124
127
96
115
132
109
132
151
186
205
259
252
250
240
193
219
176
120
159
119
127
109
80
138
144
180
116
117
96
71
121
93
39
63
65
46
28
64
76
60
62
76
36
40
52
31
24
26
58
40
56
73
106
41
39
15
-6
65
44
39
82
28
56
36
49
35
-3
44
36
-2
12
-6
-42
-31
-22
36
58
25
60
71
78
74
93
106
103
85
95
66
21
20
-25
0
-9
-7
11
26
27
48
63
56
61
61
120
122
70
50
56
50
14
76
138
147
128
108
79
110
134
140
136
163
133
136
165
161
141
170
145
97
86
92
108
86
129
109
83
88
136
112
99
34
21
23
5
26
138
135
75
114
75
112
160
195
198
180
179
147
161
145
113
100
78
41
10
-40
-94
-133
-164
-194
-193
-219
-238
-215
-217
-135
-156
-155
-144
-122
-104
-140
-139
-144
-158
-184
-158
-153
-137
-103
-90
-116
-136
-148
-135
-132
-107
-47
-46
-13
-23
-33
-19
-70
-102
-130
-94
-122
-130
-126
-108
-148
-179
-216
-252
-224
-207
-197
-218
-218
-160
-204
-191
-156
-153
-150
-161
-156
-143
-157
-157
-155
-142
-132
-144
-132
-146
-115
-61
-106
-144
-78
-79
-73
-57
-65
-7
-27
-53
-58
-64
-77
-121
-122
-99
-146
-130
-97
-139
-129
-117
-127
-88
-116
-120
-55
-62
-51
8
-24
-23
-32
-14
24
7
-8
8
66
22
42
92
94
61
105
137
152
124
107
109
114
84
61
90
47
44
53
76
44
70
72
55
17
-26
-4
-43
-62
-43
-90
-79
-47
-99
-70
-83
-64
-41
-3
-61
-55
38
65
52
71
133
109
149
120
125
144
173
131
142
132
120
128
107
112
97
114
111
143
164
105
135
133
115
95
39
25
9
-21
-64
-50
-84
-135
-83
-105
-59
-61
-63
-23
-7
-24
-51
-22
-34
3
22
45
16
7
11
43
74
67
107
127
94
76
51
52
35
14
54
42
71
49
34
75
57
49
15
4
35
14
-23
-42
-41
-23
-24
-59
5
29
30
3
30
53
46
55
25
47
44
38
54
63
79
75
9
34
50
6
-27
-62
-72
-76
-84
-66
-105
-57
-68
-46
-32
-70
-83
-76
-41
-18
-84
-85
-74
-115
-75
-76
-22
-26
-21
-56
-40
-30
-48
-57
-100
-53
1
-57
-83
-89
-133
-122
-141
-108
-113
-80
-90
-112
-110
-115
-134
-96
-52
-72
-31
-23
-27
-16
85
52
107
141
128
154
178
212
195
225
267
320
329
356
395
404
368
332
334
296
286
251
211
208
176
171
149
187
184
170
145
144
174
144
149
181
154
166
163
116
116
146
113
67
44
57
42
67
68
54
88
86
135
154
189
170
187
254
238
267
304
265
228
215
213
232
194
149
161
146
128
153
133
116
81
90
97
66
45
59
84
50
48
41
17
7
18
35
-5
-39
39
39
46
46
20
86
75
51
48
77
103
142
128
130
131
104
140
109
91
75
104
106
82
113
52
66
55
36
-12
-55
-49
-92
-98
-107
-126
-140
-127
-126
-75
-65
-52
-45
-59
-89
-135
-87
-135
-164
-87
-74
-129
-114
-29
-33
-59
-41
-25
-35
-79
-71
-43
-82
-76
-40
-99
-111
-95
-112
-113
-153
-148
-211
-289
-259
-277
-287
-292
-283
-311
-262
-209
-243
-215
-200
-211
-240
-232
-247
-231
-266
-223
-169
-187
-181
-180
-176
-134
-121
-130
-79
-92
-91
-90
-80
-96
-100
-89
-90
-93
-130
-161
-130
-97
-128
-121
-143
-161
-154
-150
-168
-158
-135
-132
-100
-119
-112
-96
-97
-126
-128
-140
-147
-161
-181
-128
-150
-179
-126
-184
-179
-138
-109
-84
-95
-40
-76
-71
-101
-124
-91
-84
-20
3
-8
25
100
77
48
62
33
3
18
40
36
48
40
47
20
41
23
-6
-9
-40
0
-10
-23
-31
-47
-24
6
-28
-85
-71
-128
-74
-75
-58
-35
-40
-60
-32
-50
-28
8
21
77
102
137
162
143
125
137
63
41
43
84
117
108
108
76
48
52
4
34
43
36
38
-4
10
5
-11
22
28
18
5
-21
-3
-17
-22
-25
-45
-46
-74
-87
-82
-34
-81
-102
-47
-86
-148
-149
-100
-82
-115
-95
-69
-93
-97
-131
-92
-80
-49
-22
-27
-23
-20
-22
-93
-76
-83
-57
-88
-67
-19
-23
5
47
36
54
107
82
83
71
70
41
26
43
69
112
63
29
53
32
1
23
-34
-14
7
-14
-4
34
24
17
32
49
33
6
30
21
40
4
-21
15
-29
16
13
-21
-5
-25
9
13
12
15
34
43
79
84
131
202
213
186
201
156
144
96
125
165
168
170
143
172
180
187
173
167
187
222
148
152
209
204
202
157
151
126
137
139
129
136
96
89
90
79
122
162
120
119
132
90
63
49
35
59
11
26
39
-4
19
-34
-83
-34
-45
-75
-64
-54
-40
-38
-7
-15
-22
28
56
5
36
75
76
116
100
101
86
38
51
39
42
42
15
10
25
-12
-50
-11
14
-15
11
44
26
61
66
77
102
35
7
-10
-59
-19
-64
-60
-29
-29
-27
-54
-33
-4
10
33
66
78
39
47
86
64
50
36
69
78
67
114
65
70
44
47
15
2
7
27
43
56
78
53
37
-2
12
7
-15
-47
-68
-104
-99
-99
-126
-123
-99
-81
-70
-59
29
50
101
86
58
74
32
86
76
80
127
129
118
173
204
178
163
106
109
118
161
173
175
170
175
173
126
182
177
119
132
109
142
111
101
132
98
110
133
118
141
152
129
127
80
72
60
65
96
20
24
63
24
96
92
28
96
106
100
100
97
115
170
121
88
82
89
94
152
178
189
179
150
205
186
157
155
169
134
120
133
137
144
146
155
131
124
129
140
134
115
119
106
133
175
130
155
168
143
117
98
91
102
114
123
145
156
242
241
233
242
227
254
254
251
259
275
291
257
233
261
287
230
263
292
294
311
291
341
313
337
311
267
259
263
271
225
211
232
208
195
228
196
220
240
262
247
285
252
279
303
223
240
273
325
318
293
331
354
338
344
350
315
327
302
344
330
289
319
292
305
379
390
408
408
417
419
413
438
442
441
420
423
466
444
411
466
451
428
438
397
393
357
344
384
301
280
299
331
334
317
312
335
345
374
352
381
351
351
383
384
415
405
453
434
394
390
395
378
398
413
393
375
374
390
358
379
344
379
361
346
387
395
390
377
383
404
409
343
341
390
387
334
331
340
243
245
235
200
134
139
146
127
132
111
140
155
189
162
157
114
81
53
59
51
-7
-3
1
15
4
1
14
37
25
19
-5
1
-6
-49
-57
-29
-19
-42
-15
-10
-27
-18
-48
-32
-49
-93
-94
-97
-62
-77
-37
-7
3
-9
-59
-41
-89
-92
-103
-76
-90
-78
-67
-98
-60
-46
-60
-76
-24
-54
-59
-39
-34
-39
-72
-44
-59
-66
-50
-16
9
-21
-53
-62
-84
-94
-89
-93
-103
-70
-20
-61
-62
-37
17
9
-18
11
-4
-13
0
43
41
74
113
139
138
149
162
234
234
244
237
287
279
252
295
260
288
256
239
199
186
202
249
248
219
224
231
181
176
155
131
119
118
171
151
185
208
168
196
253
258
180
149
168
196
232
205
227
195
255
311
322
370
405
374
346
322
314
310
295
271
304
323
372
418
421
421
342
304
327
312
293
275
239
274
291
265
300
341
330
334
332
378
321
282
287
280
285
294
300
343
331
274
299
278
263
260
280
271
298
309
300
316
321
333
369
359
355
340
348
338
324
308
283
299
248
236
257
277
286
237
227
217
212
208
199
164
146
157
180
163
180
204
235
311
272
348
326
278
299
270
270
269
290
277
245
303
294
261
252
206
211
243
225
215
251
264
202
192
237
188
136
74
51
34
33
47
50
55
96
107
132
150
68
109
131
103
91
118
132
131
138
170
184
194
213
140
120
124
149
128
70
77
89
122
118
141
105
88
108
102
65
88
95
63
50
65
75
88
61
21
79
104
142
119
103
110
139
127
129
166
161
208
260
183
216
178
209
206
191
205
177
156
114
163
164
193
258
256
247
299
267
251
243
258
171
166
209
186
175
184
164
135
147
142
103
44
58
50
53
129
100
123
69
56
78
16
-4
-28
-24
-41
-32
-75
-99
-80
-60
-3
-61
-49
-8
-28
-12
-29
3
28
35
60
55
53
17
-31
0
33
49
86
93
141
140
104
163
156
167
105
104
97
74
89
21
18
-31
-40
-39
-70
-41
-46
-45
-60
10
20
18
41
48
98
123
106
73
85
35
86
99
116
155
124
152
191
207
258
232
240
254
244
266
243
267
308
252
220
233
163
152
150
108
100
89
119
132
145
160
115
133
119
75
76
43
31
80
34
17
-19
-10
-63
-102
-38
-21
-38
-70
-53
-50
-66
-50
2
25
3
-13
-13
-18
-38
-27
-19
-65
-81
-48
-12
8
-12
-28
-28
-64
-52
-50
-55
-24
-36
-23
-61
-55
-60
-41
27
-34
-83
-27
-38
-45
-59
-58
-19
3
-11
-14
56
56
24
19
55
4
-3
-3
93
109
152
193
211
258
253
264
325
300
258
295
279
313
268
248
212
239
221
168
211
224
224
259
305
330
341
335
368
317
355
350
328
346
301
307
322
350
343
336
293
267
305
255
239
289
326
347
292
327
334
264
221
181
216
255
259
225
252
272
279
261
247
236
224
184
212
226
192
184
175
222
220
208
193
193
167
136
68
84
77
111
81
50
93
38
20
-36
29
-22
-45
47
-4
-26
-10
33
49
105
122
110
138
138
169
169
167
231
156
196
194
164
210
149
128
114
176
196
199
233
241
248
257
281
282
268
330
294
321
353
358
359
359
414
346
379
407
424
459
484
509
555
605
562
592
619
639
649
631
644
668
682
658
654
710
661
603
634
630
643
628
585
570
526
523
531
481
456
441
426
429
367
399
347
323
335
297
254
244
252
227
217
213
181
179
183
191
151
142
165
162
151
142
193
148
126
137
76
67
38
94
74
52
84
74
82
71
112
117
106
137
116
67
63
48
-34
-88
-62
-82
-92
-91
-113
-132
-144
-119
-79
-87
-93
-107
-100
-94
-59
-44
-70
-74
-65
-39
-52
28
20
-6
32
62
133
153
177
223
278
262
271
304
285
270
323
344
375
407
378
442
456
497
525
542
570
612
674
666
647
689
694
678
695
687
709
719
727
715
690
653
683
641
618
664
644
576
601
559
557
532
495
532
497
494
423
368
306
256
257
196
177
118
76
63
49
62
61
47
57
95
23
54
38
-40
-39
-89
-101
-132
-111
-108
-106
-111
-121
-118
-145
-85
-45
-56
-16
6
18
-10
-32
-48
-48
-56
-9
-16
-38
-17
1
-46
-12
-65
-58
17
-18
44
48
87
82
95
41
0
23
9
-38
-38
-14
-46
-32
-24
-33
-27
51
30
130
219
230
267
308
320
359
387
382
431
463
490
505
566
636
686
736
778
806
854
867
880
858
869
918
899
878
889
875
884
895
807
788
735
691
686
572
562
566
499
495
491
491
428
382
367
299
233
155
137
57
27
-15
-93
-162
-191
-227
-252
-198
-163
-140
-143
-161
-166
-156
-157
-133
-148
-142
-112
-101
91
578
516
-385
-500
368
681
-6
-253
130
323
224
39
135
19
-15
248
261
56
-78
-142
-257
-168
45
20
-101
-185
-216
-232
-186
-142
-146
-316
-336
-358
-328
-223
-383
-446
-356
-225
-255
-242
-85
-147
-218
-255
-93
220
490
824
591
314
616
1073
1214
895
761
893
1018
1034
977
965
744
724
1002
1018
847
649
481
670
1129
867
519
944
1492
882
185
892
1452
1134
856
808
540
437
1007
833
300
284
365
480
505
346
243
7
-318
121
882
372
-456
-136
92
51
225
33
-388
-160
66
-196
-169
-75
-415
-512
-190
95
52
-471
-967
-726
-72
-136
-590
-770
-788
-644
-523
-796
-1046
-1090
-904
-633
-844
-1341
-1540
-1450
-1337
-1194
-1369
-1650
-1829
-1708
-1174
-898
-1437
-1996
-1789
-858
-229
-499
-1064
-1146
-495
296
529
248
90
410
844
1119
1250
1252
1260
1190
1445
2025
2165
1801
1257
1286
1923
2327
2089
1452
1089
1285
1539
1429
1143
918
721
779
889
818
529
264
78
142
563
612
74
-324
114
696
738
374
204
135
352
882
810
346
240
404
764
1046
664
305
320
682
937
720
409
231
148
369
445
-73
-397
-134
-119
-390
-363
-684
-1015
-864
-872
-1113
-1032
-1166
-1604
-1629
-1463
-1442
-1534
-1619
-2094
-2073
-1782
-1904
-2108
-2210
-2107
-2358
-2691
-2830
-2671
-2291
-1966
-1837
-2339
-3040
-2927
-1794
-801
-1208
-2090
-1996
-912
98
99
-547
-474
726
1524
1525
1223
1029
1245
1815
2400
2799
2737
2163
1653
1895
2716
3281
2989
1946
1498
1893
2240
1953
1374
1100
1238
1330
1055
433
-68
-115
137
323
138
-341
-856
-1052
-761
-302
-139
-361
-824
-911
-428
-84
-101
-222
-62
194
386
492
354
277
430
884
1181
1017
585
349
575
848
1024
910
401
-41
30
212
69
-307
-746
-856
-767
-1040
-1460
-1682
-1723
-1808
-1927
-2071
-2468
-2884
-2965
-2685
-2536
-2840
-3189
-3341
-3496
-3572
-3593
-3703
-3879
-3851
-2986
-2275
-2895
-4187
-4657
-3091
-1068
-724
-2129
-3096
-2075
-263
743
359
-245
367
1540
2295
2246
1788
1868
2525
3217
3628
3718
3242
2382
2260
3196
4170
4089
2825
1760
1892
2540
2725
2080
1328
1112
1208
1021
420
50
-65
-26
-83
-358
-654
-862
-1030
-985
-737
-462
-485
-989
-1242
-911
-372
-208
-389
-513
-392
-127
14
106
212
330
373
415
315
258
359
387
384
342
284
4
-368
-536
-496
-422
-617
-1040
-1513
-1700
-1753
-1847
-1911
-2069
-2399
-2818
-3082
-3130
-3063
-3178
-3429
-3657
-3833
-4050
-4278
-4464
-4179
-3227
-2995
-4024
-5114
-4728
-2911
-1567
-2045
-3212
-2974
-1454
-245
-306
-864
-446
1005
1929
1912
1539
1527
2186
2960
3428
3606
3511
3123
2802
3121
3947
4422
3855
2653
2257
2781
3210
2847
1957
1486
1728
1867
1346
528
166
385
624
356
-260
-670
-779
-685
-625
-608
-616
-887
-1248
-1183
-802
-502
-572
-804
-821
-493
-201
-316
-368
-198
82
173
12
-170
-193
-24
-23
-61
-186
-455
-641
-796
-872
-937
-1158
-1415
-1735
-1964
-2133
-2315
-2517
-2725
-2893
-3230
-3592
-3759
-3817
-3911
-4108
-4617
-4770
-3827
-3162
-3995
-5255
-5226
-3537
-1834
-1980
-3536
-3819
-2165
-340
99
-629
-858
327
1661
2116
2031
1858
2283
3014
3476
3753
4010
3889
3423
3516
4333
5026
4500
3326
2838
3364
3926
3555
2415
1702
1924
2258
1853
1053
552
494
617
398
-23
-404
-645
-748
-742
-627
-557
-777
-1139
-1159
-667
-287
-376
-703
-753
-378
-38
52
-27
-24
40
203
171
92
207
276
251
121
-29
-177
-314
-546
-668
-643
-937
-1432
-1729
-1873
-1963
-2105
-2374
-2794
-3046
-3292
-3505
-3718
-3917
-4044
-4300
-4678
-4836
-4189
-3316
-3555
-4670
-5300
-4150
-2101
-1418
-2631
-3604
-2598
-523
552
55
-463
343
1822
2666
2621
2343
2622
3278
3801
4095
4249
4136
3780
3743
4249
4880
4821
3798
2977
3036
3559
3661
2898
1980
1779
2051
1964
1300
560
252
379
322
-147
-671
-994
-979
-939
-888
-903
-1048
-1323
-1432
-1113
-599
-496
-810
-1012
-835
-334
-48
0
-70
-26
108
210
262
359
429
374
353
328
246
76
-107
-222
-196
-312
-812
-1293
-1583
-1666
-1719
-2008
-2425
-2816
-3186
-3440
-3539
-3858
-4100
-4247
-4586
-4984
-5142
-4566
-3830
-4181
-5194
-5711
-4575
-2709
-2068
-3132
-3999
-2709
-530
413
-123
-624
406
2209
3160
3010
2660
3131
4133
4851
5032
4970
4898
4781
4948
5323
5675
5652
4873
4043
3961
4307
4296
3687
2866
2367
2289
2179
1530
823
481
324
68
-490
-943
-1201
-1285
-1335
-1564
-1694
-1753
-1805
-1903
-1821
-1498
-1312
-1360
-1434
-1249
-878
-604
-467
-288
-138
-32
114
230
382
572
723
732
618
489
406
462
475
250
-49
-366
-536
-705
-1023
-1439
-1735
-1902
-2225
-2686
-3131
-3323
-3411
-3624
-3957
-4351
-4771
-5086
-4692
-3683
-3605
-4764
-5826
-5215
-3074
-1844
-2538
-3838
-3533
-1647
54
258
-348
-74
1322
2561
2994
2899
3137
3915
4524
4867
5137
5303
5102
4828
5169
5761
6029
5392
4343
3900
4148
4450
4113
3187
2473
2167
2079
1698
1163
786
453
44
-551
-956
-987
-1124
-1536
-1817
-1803
-1705
-1876
-2085
-2060
-1814
-1608
-1567
-1556
-1480
-1205
-922
-788
-611
-369
-201
-154
-122
145
440
569
494
451
450
491
510
417
299
67
-204
-398
-556
-728
-936
-1298
-1608
-1970
-2314
-2532
-2778
-3037
-3246
-3531
-3797
-4153
-4480
-4698
-4757
-4058
-3568
-4194
-5297
-5414
-3897
-2127
-1921
-3091
-3522
-2295
-500
437
172
-126
658
1888
2635
2841
2934
3402
3972
4369
4647
4928
4920
4708
4783
5169
5523
5338
4561
3924
3833
4036
4053
3414
2559
2049
1885
1769
1438
957
364
-96
-474
-601
-639
-854
-1382
-1738
-1733
-1568
-1656
-1934
-1942
-1689
-1478
-1484
-1455
-1374
-1191
-914
-667
-506
-380
-326
-276
-86
303
438
334
235
212
340
288
167
86
130
11
-302
-610
-721
-728
-1038
-1445
-1748
-1976
-2226
-2544
-2834
-3074
-3229
-3462
-3779
-4201
-4564
-4671
-4310
-3485
-3413
-4337
-5268
-4883
-3094
-1696
-2069
-3369
-3310
-1603
150
533
-99
-36
1232
2488
2931
2836
2892
3561
4172
4425
4643
4864
4828
4527
4598
5107
5419
5069
4257
3664
3676
3895
3700
2964
2294
1925
1605
1303
858
526
230
-270
-749
-951
-960
-1094
-1417
-1695
-1747
-1563
-1552
-1713
-1674
-1500
-1344
-1330
-1284
-1077
-852
-646
-475
-145
115
196
219
329
695
933
903
657
587
679
700
569
478
406
155
-125
-388
-614
-761
-904
-1230
-1631
-2013
-2250
-2429
-2626
-2934
-3353
-3702
-3849
-3927
-4128
-4625
-4973
-4627
-3747
-3483
-4392
-5418
-4997
-2977
-1441
-1878
-3280
-3244
-1463
368
742
178
176
1210
2389
2995
3042
3108
3531
4038
4307
4636
4900
4707
4378
4497
5059
5204
4650
3861
3577
3710
3784
3343
2520
1948
1753
1568
1218
771
347
-40
-340
-636
-825
-835
-992
-1269
-1565
-1547
-1378
-1337
-1446
-1339
-1118
-1047
-1106
-1034
-767
-468
-236
-174
-61
21
144
380
594
784
810
675
599
699
816
718
499
372
298
138
-219
-541
-692
-830
-985
-1321
-1760
-2099
-2313
-2540
-2746
-3072
-3367
-3534
-3775
-4098
-4331
-4555
-4613
-3911
-3323
-3956
-5010
-5132
-3817
-1915
-1540
-2915
-3609
-2297
-251
601
5
-412
432
1842
2590
2692
2654
3114
3812
4143
4334
4573
4545
4447
4539
4823
5051
4850
4163
3780
3925
3945
3645
2889
2315
2207
2100
1711
1183
756
481
294
-171
-704
-806
-861
-1047
-1286
-1552
-1481
-1439
-1599
-1595
-1368
-1287
-1348
-1330
-1165
-762
-503
-437
-341
-115
99
276
415
576
855
858
704
655
775
827
742
633
530
433
216
-81
-313
-427
-567
-879
-1309
-1710
-1925
-2148
-2354
-2538
-2911
-3256
-3461
-3729
-3947
-4151
-4416
-4314
-3602
-3266
-3998
-4961
-4752
-3058
-1501
-1834
-3237
-3384
-1759
41
442
-229
-359
662
1859
2415
2452
2577
2941
3391
3807
4189
4422
4271
4011
4121
4622
4919
4552
3751
3477
3711
3735
3393
2629
2209
2245
2163
1754
1209
852
735
501
55
-295
-297
-369
-674
-1009
-1162
-1006
-1050
-1206
-1218
-1046
-1015
-1108
-1060
-709
-418
-479
-616
-414
-81
154
132
86
329
564
561
446
413
580
723
611
421
263
233
52
-64
-189
-376
-560
-869
-1193
-1471
-1604
-1777
-2056
-2383
-2627
-2704
-2929
-3272
-3482
-3561
-3618
-3809
-3528
-2998
-3165
-3954
-4356
-3402
-1776
-1260
-2329
-3098
-2038
-232
655
191
-289
346
1625
2421
2393
2255
2589
3222
3583
3767
3923
3971
3865
3842
4126
4357
4200
3705
3381
3437
3504
3209
2600
2141
2112
2165
1920
1378
851
729
690
389
-91
-387
-385
-470
-778
-1043
-999
-863
-908
-1053
-1135
-1097
-1019
-1012
-960
-766
-656
-663
-609
-422
-223
-118
-148
-45
163
272
241
170
250
314
384
286
178
85
-47
-170
-291
-393
-541
-834
-1213
-1397
-1469
-1623
-1830
-2122
-2461
-2613
-2721
-2875
-3232
-3527
-3666
-3667
-3270
-2687
-2857
-3785
-4239
-3412
-1785
-1092
-2002
-3075
-2403
-521
578
204
-496
-116
1135
2009
2053
1792
1981
2634
3185
3306
3251
3231
3239
3335
3572
3769
3670
3294
2895
2825
2959
2749
2269
1782
1633
1749
1552
1033
520
282
347
303
-152
-570
-642
-600
-751
-926
-948
-919
-947
-1066
-1106
-991
-940
-915
-873
-778
-618
-584
-564
-419
-174
-104
-124
-68
155
331
306
297
297
417
449
319
79
4
127
39
-93
-310
-592
-929
-1117
-1122
-1203
-1506
-1924
-2251
-2334
-2383
-2479
-2747
-3046
-3243
-3338
-3389
-3666
-3703
-3120
-2669
-3247
-4250
-4162
-2684
-1307
-1572
-2845
-2900
-1363
178
248
-428
-400
738
1835
2005
1819
1856
2445
3013
3241
3232
3243
3206
3111
3378
3671
3624
3266
2789
2703
2787
2706
2443
1900
1512
1420
1345
951
421
128
5
-13
-358
-849
-939
-790
-897
-1167
-1338
-1207
-1034
-1170
-1249
-1121
-878
-815
-895
-875
-611
-342
-246
-214
-47
180
267
284
371
592
687
654
620
670
723
642
426
308
302
159
-71
-312
-502
-647
-856
-1064
-1334
-1653
-1848
-2006
-2239
-2402
-2549
-2712
-2995
-3199
-3320
-3317
-3405
-3617
-3277
-2786
-3014
-3811
-4018
-2940
-1547
-1348
-2371
-2862
-1753
-195
440
-15
-292
355
1353
1899
2045
2114
2338
2709
3019
3194
3302
3201
3167
3293
3520
3540
3234
2745
2548
2697
2605
2259
1700
1206
1083
1126
864
370
27
-107
-205
-522
-985
-1089
-902
-956
-1261
-1529
-1517
-1332
-1216
-1247
-1187
-1065
-1035
-1006
-724
-367
-159
-108
-53
173
427
605
757
861
954
1065
1032
1004
1004
969
850
780
661
462
286
105
-15
-183
-459
-733
-927
-1194
-1531
-1815
-1978
-2140
-2400
-2783
-3072
-3196
-3282
-3410
-3665
-3848
-3934
-3917
-3374
-2889
-3301
-4116
-4140
-2946
-1572
-1506
-2600
-2901
-1604
-69
269
-277
-463
408
1552
2004
1885
1755
2200
2894
3254
3212
3168
3189
3313
3489
3521
3404
3186
2956
2781
2675
2577
2285
1783
1378
1185
1201
1100
532
-28
-182
-138
-309
-716
-978
-867
-758
-1053
-1362
-1275
-995
-894
-1047
-1120
-902
-715
-606
-443
-211
-5
23
26
237
584
747
718
685
830
989
1004
932
881
880
774
630
463
275
129
74
-135
-409
-720
-1038
-1106
-1272
-1498
-1702
-1920
-2094
-2321
-2611
-2764
-2738
-2862
-3139
-3463
-3562
-3536
-3552
-3140
-2606
-2874
-3674
-3836
-2773
-1407
-1125
-1965
-2504
-1547
-41
574
182
-62
485
1354
1901
2015
1986
2103
2420
2841
3118
3148
2903
2722
2987
3347
3457
3044
2557
2393
2424
2413
2130
1635
1154
1075
1087
846
363
-105
-151
-27
-207
-700
-911
-824
-771
-908
-1071
-1008
-772
-729
-895
-901
-632
-288
-194
-306
-162
142
222
287
477
680
711
652
705
901
976
953
902
801
701
588
421
271
172
-20
-241
-400
-632
-933
-1042
-1127
-1272
-1556
-1922
-2117
-2176
-2217
-2321
-2532
-2784
-2919
-2927
-2884
-2871
-2955
-3242
-3387
-2822
-1952
-2088
-2983
-3323
-2349
-875
-547
-1465
-2079
-1186
184
826
371
-108
346
1345
1998
1994
1793
1820
2279
2741
2785
2719
2568
2499
2649
2771
2754
2566
2306
2128
2053
1971
1813
1482
977
802
918
971
569
-70
-251
14
105
-227
-656
-734
-576
-529
-639
-671
-571
-576
-593
-526
-277
-23
-14
-154
-57
237
459
521
445
425
460
508
501
572
654
579
481
382
357
299
100
-65
-235
-375
-548
-714
-862
-1101
-1276
-1423
-1529
-1665
-1860
-1979
-2015
-2102
-2173
-2285
-2336
-2294
-2260
-2288
-2352
-2415
-2444
-2460
-1999
-1353
-1403
-2053
-2594
-1964
-561
115
-580
-1453
-1040
303
1202
933
381
570
1327
1895
1895
1595
1562
1951
2342
2409
2260
2099
2059
2132
2333
2326
2090
1844
1707
1705
1660
1457
1238
931
695
747
795
680
248
-114
-21
306
227
-129
-291
-188
-49
-142
-178
-59
33
-186
-247
40
277
285
160
220
423
605
571
551
641
764
770
614
512
599
656
517
401
300
162
6
-93
-205
-318
-513
-660
-839
-982
-1087
-1221
-1261
-1376
-1432
-1585
-1656
-1614
-1702
-1769
-1792
-1788
-1841
-1879
-1831
-1757
-1798
-1951
-2028
-1812
-1248
-956
-1427
-2119
-2117
-1094
-117
-290
-1279
-1504
-562
470
662
112
-119
386
1126
1384
1139
928
1107
1592
1830
1735
1671
1646
1750
1988
2097
1988
1802
1629
1632
1683
1596
1465
1321
1125
1027
1098
1065
771
520
490
658
622
260
20
247
498
326
2
-35
247
342
202
107
166
245
296
207
182
354
396
358
268
287
400
446
379
341
326
243
144
33
-14
-89
-260
-406
-480
-503
-615
-754
-775
-840
-935
-1057
-1101
-1152
-1241
-1203
-1183
-1200
-1302
-1393
-1358
-1245
-1281
-1407
-1457
-1590
-1667
-1690
-1748
-1364
-865
-1030
-1849
-2310
-1636
-470
-111
-1006
-1864
-1352
-197
383
50
-356
-118
397
724
777
783
864
1041
1355
1487
1588
1512
1409
1529
1813
1946
1790
1571
1496
1563
1642
1668
1595
1313
1193
1110
1109
1064
836
722
794
704
345
251
350
456
333
-39
-135
168
275
88
-89
-77
133
191
34
-35
11
29
41
120
160
100
2
-65
-5
168
104
-47
-127
-136
-168
-265
-333
-381
-392
-431
-507
-538
-628
-702
-695
-709
-803
-920
-1008
-1036
-988
-1038
-1046
-1043
-1048
-1140
-1216
-1234
-1219
-1323
-1500
-1694
-1816
-1843
-1547
-1135
-1435
-2323
-2754
-2016
-802
-640
-1654
-2406
-1808
-581
-78
-554
-1095
-725
147
611
545
442
630
1062
1436
1553
1594
1565
1654
1869
2157
2224
2103
1933
1917
2067
2089
1979
1828
1583
1395
1431
1376
1107
797
648
668
573
268
-58
-21
146
17
-299
-472
-361
-334
-449
-533
-538
-491
-552
-596
-474
-218
-202
-361
-438
-257
-18
15
-70
-91
14
103
151
190
132
169
174
146
31
-67
-7
-31
-13
-117
-312
-409
-365
-402
-469
-501
-639
-703
-761
-760
-769
-904
-1089
-1137
-1082
-1172
-1400
-1584
-1665
-1669
-1801
-1897
-1587
-1388
-1921
-2681
-2696
-1744
-924
-1282
-2369
-2499
-1459
-473
-457
-1022
-1033
-361
386
675
568
594
915
1311
1605
1690
1672
1606
1781
2100
2301
2214
2039
1934
1928
1948
1889
1795
1607
1464
1390
1313
1130
802
499
401
478
268
-246
-428
-322
-212
-470
-808
-789
-654
-656
-902
-959
-819
-675
-741
-850
-765
-588
-473
-364
-237
-190
-220
-114
41
245
316
276
295
380
533
606
610
573
582
556
447
505
533
400
357
329
318
204
16
-16
-41
-126
-322
-470
-601
-684
-819
-970
-1052
-1177
-1429
-1718
-1744
-1784
-1927
-2202
-2490
-2433
-1904
-1681
-2327
-3081
-3010
-1938
-1097
-1519
-2592
-2593
-1456
-514
-489
-1055
-1118
-423
386
733
710
637
879
1385
1738
1930
1956
1834
1963
2294
2538
2491
2288
2126
2180
2299
2127
1877
1560
1307
1294
1266
1094
625
210
165
289
135
-391
-670
-615
-637
-821
-1080
-1175
-1009
-966
-1081
-1131
-1076
-988
-858
-733
-587
-511
-567
-467
-116
89
162
167
203
451
692
806
807
919
980
1036
1100
1129
1138
1061
1016
927
837
754
680
622
524
335
140
76
30
-100
-308
-420
-507
-657
-953
-1152
-1229
-1308
-1482
-1664
-1784
-1947
-2132
-2322
-2443
-2481
-2582
-2536
-2135
-2223
-2826
-3225
-2746
-1657
-1291
-1931
-2581
-2018
-943
-420
-589
-891
-558
137
552
677
751
951
1274
1587
1812
1931
1931
1987
2251
2490
2435
2245
2209
2216
2236
2139
1934
1818
1564
1261
1172
1169
911
397
88
229
279
-276
-776
-870
-679
-703
-1079
-1325
-1171
-1042
-1242
-1386
-1263
-1054
-1070
-1195
-1175
-791
-547
-549
-477
-260
-27
137
266
468
701
802
837
959
1074
1136
1190
1262
1313
1315
1206
1173
1216
1180
997
763
626
501
308
146
74
-145
-433
-635
-725
-812
-1110
-1484
-1685
-1670
-1751
-2061
-2357
-2422
-2372
-2459
-2702
-2931
-2989
-3042
-3180
-3200
-2833
-2506
-2824
-3455
-3385
-2441
-1571
-1632
-2370
-2495
-1514
-559
-314
-575
-577
-33
580
870
911
1009
1208
1632
1899
1944
1991
1982
2034
2270
2377
2274
2102
1948
1900
1883
1767
1548
1218
881
669
678
547
115
-289
-419
-428
-731
-1246
-1445
-1313
-1309
-1627
-1941
-1857
-1552
-1472
-1692
-1789
-1586
-1360
-1299
-1318
-1147
-883
-643
-502
-345
-137
35
214
286
477
715
814
876
995
1111
1178
1243
1220
1198
1187
1156
1145
1058
881
708
619
527
314
52
-162
-240
-417
-688
-896
-1018
-1237
-1453
-1665
-1753
-1946
-2162
-2264
-2367
-2349
-2414
-2619
-2809
-2786
-2781
-2894
-3047
-3112
-3118
-3020
-2720
-2617
-2968
-3252
-2977
-2161
-1585
-1856
-2430
-2192
-1251
-541
-477
-707
-513
124
651
823
845
954
1167
1504
1750
1826
1822
1734
1845
2089
2157
1984
1740
1631
1641
1611
1409
1117
847
587
411
360
143
-275
-676
-814
-843
-1043
-1337
-1551
-1558
-1561
-1677
-1778
-1755
-1719
-1779
-1739
-1517
-1229
-1201
-1269
-1101
-781
-455
-334
-281
-85
238
449
556
684
949
1145
1187
1259
1402
1507
1458
1420
1438
1375
1334
1261
1151
1080
948
812
688
518
280
114
-55
-281
-526
-734
-933
-996
-1159
-1385
-1547
-1598
-1614
-1769
-1904
-2081
-2184
-2266
-2303
-2253
-2304
-2448
-2532
-2517
-2406
-2386
-2453
-2512
-2383
-2077
-1775
-1877
-2230
-2224
-1702
-985
-743
-1091
-1218
-629
82
440
394
352
692
1166
1490
1635
1673
1779
2002
2229
2310
2344
2333
2220
2226
2314
2274
2139
1935
1814
1712
1543
1433
1284
1009
722
534
404
186
-134
-325
-332
-410
-612
-798
-757
-724
-850
-879
-887
-792
-720
-688
-626
-432
-171
-52
100
243
473
707
879
1007
1221
1431
1527
1635
1705
1910
1960
2010
2024
2023
1998
1993
2008
1935
1837
1710
1613
1517
1365
1140
1031
896
700
507
342
129
-36
-196
-342
-475
-603
-758
-956
-964
-1061
-1141
-1251
-1302
-1324
-1257
-1234
-1252
-1313
-1308
-1274
-1302
-1301
-1280
-1192
-1214
-1191
-1197
-1141
-1017
-771
-585
-716
-950
-798
-251
225
271
-85
-137
391
939
1156
1042
1025
1328
1779
1927
1918
1939
1967
2198
2293
2322
2269
2208
2230
2268
2275
2159
1956
1833
1738
1641
1514
1362
1152
944
833
769
604
372
85
-7
13
-100
-298
-446
-318
-347
-516
-573
-453
-207
-196
-304
-257
15
286
388
458
475
586
855
1069
1203
1257
1328
1420
1648
1777
1791
1765
1785
1910
1959
1974
1929
1844
1762
1715
1698
1583
1336
1125
1042
1033
911
631
414
322
326
135
-98
-236
-279
-332
-427
-608
-735
-740
-791
-753
-806
-908
-975
-1053
-1028
-976
-1008
-1087
-1113
-1065
-1017
-969
-896
-917
-929
-960
-924
-813
-689
-519
-523
-686
-659
-410
8
166
35
-25
317
842
1051
1004
1037
1333
1576
1749
1758
1752
1832
1939
2030
2135
2137
1992
1861
1854
1940
1897
1739
1498
1352
1330
1232
1064
911
757
681
568
518
329
131
86
78
76
-76
-212
-176
-85
-152
-303
-310
-80
104
130
69
168
379
497
554
581
739
915
957
990
1223
1364
1389
1480
1585
1636
1671
1642
1670
1725
1651
1639
1572
1482
1391
1333
1240
1096
924
792
591
458
348
172
23
-192
-356
-576
-670
-719
-791
-908
-1061
-1149
-1064
-1035
-1105
-1226
-1170
-1097
-1138
-1127
-1078
-981
-923
-888
-844
-758
-697
-621
-599
-540
-442
-415
-439
-366
-282
-268
-190
-29
-72
-262
-265
-33
226
199
-63
-103
165
479
514
456
465
574
690
775
897
904
819
807
885
979
1034
957
986
1015
1106
1120
1074
1067
1090
1082
1121
1120
1026
929
884
970
966
803
656
596
653
667
515
436
459
449
411
350
321
298
287
250
308
363
236
162
246
388
421
324
305
350
476
558
545
511
493
487
518
511
470
497
469
526
459
396
353
382
433
339
253
217
225
209
198
218
212
172
167
206
229
194
121
79
125
183
168
75
27
86
146
105
8
17
33
41
-36
-81
-125
-212
-256
-317
-395
-481
-533
-656
-738
-855
-948
-991
-1004
-949
-1019
-1219
-1286
-1089
-832
-717
-776
-797
-560
-283
-74
-44
18
162
356
593
739
856
994
1172
1405
1547
1597
1651
1770
1906
2013
2002
1879
1818
1798
1821
1765
1650
1547
1372
1193
1120
942
668
450
258
176
8
-302
-495
-563
-633
-794
-999
-1091
-1088
-1154
-1303
-1312
-1268
-1221
-1221
-1158
-1095
-978
-826
-687
-533
-457
-342
-175
25
189
327
419
562
676
766
852
942
976
1035
1057
1055
1114
1139
1101
997
965
878
726
616
545
446
329
168
65
16
-132
-308
-395
-491
-552
-679
-759
-804
-814
-835
-925
-975
-1001
-1028
-1015
-1028
-1025
-1060
-1014
-1061
-1015
-998
-1048
-960
-980
-988
-1012
-988
-982
-965
-974
-917
-789
-649
-774
-847
-673
-359
-122
-181
-327
-198
50
281
352
389
570
768
919
1039
1151
1225
1247
1335
1399
1427
1383
1289
1262
1225
1198
1037
974
890
728
621
534
362
144
-45
-127
-195
-394
-583
-772
-811
-889
-1012
-1158
-1280
-1297
-1343
-1381
-1343
-1259
-1165
-1184
-1180
-1001
-761
-649
-570
-440
-218
-5
90
235
367
503
642
822
944
1014
1033
1160
1215
1205
1188
1113
1126
1103
1013
895
861
718
585
514
377
352
199
56
-33
-159
-187
-314
-347
-362
-322
-374
-439
-429
-361
-296
-331
-373
-333
-259
-260
-215
-224
-172
-160
-172
-196
-210
-263
-326
-374
-435
-455
-481
-538
-559
-679
-792
-875
-856
-939
-1023
-1088
-1145
-1033
-976
-1016
-1159
-1097
-856
-682
-605
-651
-614
-385
-189
-1
62
148
175
317
479
527
528
482
512
656
718
650
587
534
606
560
497
353
270
162
85
78
-11
-138
-246
-293
-292
-340
-513
-599
-641
-617
-600
-710
-762
-720
-620
-578
-595
-514
-446
-314
-208
-142
-114
-72
60
246
280
226
271
375
511
553
567
607
634
634
661
633
651
615
569
553
521
486
430
343
321
324
203
178
104
88
22
-18
-9
-48
-60
-84
-53
27
64
52
69
72
86
103
79
56
80
40
26
16
-28
-23
-98
-187
-251
-305
-409
-522
-618
-693
-774
-839
-976
-1118
-1162
-1243
-1281
-1353
-1466
-1611
-1723
-1659
-1693
-1638
-1591
-1628
-1638
-1560
-1358
-1265
-1180
-1132
-1053
-841
-609
-475
-375
-217
-22
100
280
433
535
649
734
816
937
935
970
1002
1020
1019
975
930
882
809
712
671
676
561
493
378
285
230
64
-15
-109
-172
-254
-363
-443
-444
-473
-502
-551
-604
-562
-497
-488
-452
-422
-473
-389
-273
-224
-233
-201
-121
-32
44
60
75
85
110
182
301
371
423
396
429
489
546
604
582
558
563
497
531
548
494
445
427
420
396
366
266
245
232
199
121
46
-22
-72
-152
-245
-297
-340
-467
-626
-715
-789
-887
-1015
-1096
-1141
-1232
-1320
-1405
-1434
-1475
-1507
-1562
-1561
-1620
-1615
-1658
-1639
-1615
-1585
-1523
-1498
-1398
-1336
-1172
-1102
-988
-893
-807
-679
-450
-292
-183
-89
57
267
372
523
580
706
807
891
923
976
1030
991
1067
1013
982
889
811
767
674
531
366
167
43
-34
-221
-360
-505
-616
-703
-793
-869
-910
-984
-1026
-1002
-1038
-1030
-999
-951
-899
-885
-781
-706
-570
-478
-500
-370
-164
-66
-18
55
217
328
417
453
494
584
600
665
693
661
610
578
583
555
497
394
271
258
227
133
16
-74
-87
-140
-241
-278
-302
-406
-444
-489
-563
-624
-689
-667
-659
-739
-804
-785
-751
-741
-790
-769
-725
-740
-705
-651
-646
-666
-662
-637
-698
-659
-565
-668
-671
-686
-706
-714
-732
-715
-694
-638
-641
-644
-667
-659
-662
-696
-634
-603
-594
-615
-599
-555
-488
-413
-415
-363
-337
-313
-213
-101
-62
-124
-85
-11
119
157
135
115
97
140
134
160
182
116
79
60
67
-2
-11
-17
-30
-48
-56
-45
-122
-134
-107
-72
-63
-78
-131
-113
-116
-99
-53
-6
-57
-143
-122
0
68
-22
-114
-89
28
56
87
42
-34
-24
-14
8
-5
-104
-203
-150
-90
-98
-148
-190
-186
-184
-138
-146
-189
-206
-243
-232
-174
-129
-116
-110
-47
48
130
143
154
148
233
243
221
258
242
223
185
171
156
141
101
63
-15
-77
-139
-218
-287
-333
-405
-497
-497
-527
-597
-648
-643
-713
-810
-905
-954
-971
-1000
-1022
-1062
-1081
-1087
-1106
-1095
-1056
-990
-978
-971
-845
-756
-692
-632
-520
-417
-384
-318
-243
-178
-124
-24
21
29
115
196
289
339
328
364
355
346
373
368
327
292
290
285
244
150
106
32
-11
-55
-151
-119
-191
-197
-242
-317
-375
-412
-426
-450
-481
-530
-474
-417
-402
-382
-381
-314
-259
-266
-236
-228
-202
-122
-77
-37
-26
5
38
112
177
160
196
206
289
330
350
383
456
479
482
510
549
544
505
533
511
549
547
531
507
419
438
381
298
312
242
216
189
99
24
-28
-100
-126
-181
-245
-380
-504
-553
-664
-733
-855
-940
-966
-1004
-1028
-1083
-1101
-1110
-1100
-1080
-1049
-1052
-1051
-1034
-1004
-933
-889
-867
-785
-715
-704
-612
-523
-432
-374
-280
-139
-11
123
160
237
368
437
544
575
604
636
634
671
682
632
605
600
541
543
495
467
437
351
283
268
234
100
13
-69
-142
-207
-293
-376
-389
-420
-464
-464
-458
-407
-339
-345
-372
-336
-217
-129
-60
-10
67
180
252
324
387
502
533
566
628
688
782
826
894
931
946
930
941
978
978
1000
933
885
867
835
799
731
611
530
446
355
319
300
267
183
123
88
-11
-69
-93
-122
-133
-190
-240
-271
-304
-389
-462
-510
-544
-582
-616
-633
-661
-675
-622
-652
-683
-669
-614
-606
-555
-503
-481
-500
-507
-406
-380
-356
-337
-238
-198
-171
-57
53
122
166
257
321
313
404
419
427
533
595
617
578
562
551
588
608
580
566
493
510
485
439
340
262
191
146
164
87
75
52
-21
-39
-102
-89
-104
-145
-179
-162
-139
-151
-135
-122
-40
-1
17
5
44
171
234
246
338
406
510
616
631
766
820
771
784
837
861
916
901
914
939
953
972
920
913
903
877
850
809
718
632
583
540
471
430
398
336
267
180
135
76
42
-27
-63
-36
-145
-217
-213
-227
-241
-282
-283
-342
-360
-337
-353
-369
-295
-301
-314
-324
-283
-284
-286
-269
-308
-268
-256
-286
-246
-297
-303
-317
-300
-228
-187
-131
-123
-116
-49
-34
-50
-28
33
97
68
82
135
190
246
331
345
351
314
375
424
422
440
469
520
513
491
471
527
473
475
445
428
367
362
357
320
294
264
199
194
153
163
146
69
103
51
68
87
90
43
21
41
142
130
101
149
229
296
372
380
398
471
505
567
583
621
629
607
666
747
734
714
747
807
780
822
813
767
741
747
743
666
615
536
498
455
423
358
319
280
212
144
199
140
99
67
42
-7
-7
3
-37
-79
-80
-110
-152
-186
-217
-257
-240
-232
-205
-247
-253
-254
-235
-204
-243
-268
-271
-300
-307
-286
-296
-260
-257
-243
-259
-217
-213
-153
-119
-79
-30
25
68
103
168
224
302
337
390
449
551
590
627
706
748
798
825
870
914
902
938
952
895
857
821
782
741
705
654
586
557
512
428
358
305
251
212
174
127
87
21
18
95
4
6
-19
-30
-3
-1
96
83
154
201
288
358
445
534
645
728
778
888
927
979
981
1026
1035
1009
1045
1014
1011
1013
1016
1038
1005
954
865
825
760
711
644
564
508
395
316
241
174
137
68
17
-39
-100
-132
-144
-114
-172
-211
-203
-181
-172
-122
-58
-86
-82
-99
-63
-98
-142
-147
-160
-132
-175
-147
-169
-150
-121
-102
-92
-64
-61
21
61
107
101
61
105
130
162
224
241
294
385
411
487
531
607
674
772
849
893
954
995
1040
1067
1137
1130
1090
1066
1074
988
967
954
896
833
805
793
710
647
543
504
482
427
371
339
349
286
201
210
176
145
123
185
198
173
217
239
253
341
350
353
416
423
497
465
553
537
583
618
616
666
633
684
687
702
683
649
631
573
537
471
402
421
383
318
262
308
270
208
172
151
112
105
130
74
45
6
5
5
-22
-10
-44
-27
-49
-30
-14
-23
6
10
29
58
88
78
77
110
134
119
167
165
140
147
195
193
163
204
237
248
256
304
311
300
378
451
442
402
466
511
503
556
604
624
647
692
732
780
783
772
812
804
827
789
800
807
843
851
853
829
758
748
707
666
578
580
552
545
543
517
501
488
434
370
340
301
243
247
237
232
196
157
167
196
210
182
218
261
324
321
327
311
345
449
415
429
476
456
513
522
515
533
562
609
606
564
557
498
476
467
432
409
357
325
276
207
176
103
68
107
147
171
140
165
210
221
252
204
206
192
204
257
285
240
293
327
311
361
378
366
378
376
378
443
420
446
392
380
360
399
408
336
298
238
248
217
202
165
161
103
163
206
222
232
182
164
202
222
203
206
242
274
233
327
377
388
434
461
521
510
509
569
568
583
559
562
546
471
488
449
471
425
422
433
370
385
315
283
282
297
268
231
245
193
152
195
205
154
156
151
107
138
122
129
152
144
196
193
198
220
242
279
294
321
314
261
303
341
299
296
273
209
174
176
142
156
135
96
62
63
95
72
72
33
-35
-123
-126
-73
-1
-37
-29
-31
-1
46
61
76
101
121
103
126
149
217
180
185
159
134
166
181
200
199
199
159
184
217
187
192
205
185
189
215
218
201
168
112
83
123
46
51
18
-32
-68
-20
10
-15
5
8
51
127
177
204
208
198
226
245
236
247
281
242
256
256
281
299
259
319
269
273
306
293
285
205
239
200
174
167
164
100
109
113
65
67
81
52
20
-39
-48
-26
-33
5
-29
-15
35
74
21
12
81
31
14
-7
-32
-72
-70
-74
-116
-160
-181
-184
-221
-244
-213
-206
-191
-171
-239
-207
-165
-185
-162
-156
-156
-141
-135
-161
-147
-127
-112
-101
-38
-5
26
92
104
126
84
141
196
207
197
179
183
202
102
96
58
25
83
45
-22
-52
-58
-96
-126
-141
-200
-205
-233
-273
-303
-332
-345
-363
-421
-365
-362
-382
-354
-374
-337
-336
-303
-267
-208
-174
-132
-108
-52
-66
-60
-70
-87
-63
-79
-52
-24
-24
13
58
57
94
89
91
76
23
-17
-55
-89
-108
-165
-210
-190
-216
-288
-304
-270
-287
-333
-344
-322
-343
-339
-304
-317
-303
-288
-289
-227
-231
-223
-210
-241
-205
-197
-225
-188
-133
-108
-134
-165
-124
-119
-100
-75
-65
-99
-91
-85
-100
-71
-80
-72
-60
-43
-3
7
5
38
28
45
26
-18
-66
-142
-160
-157
-160
-191
-203
-218
-226
-235
-228
-261
-237
-253
-250
-188
-219
-241
-205
-208
-216
-181
-208
-267
-268
-286
-276
-268
-269
-314
-317
-228
-219
-207
-205
-248
-210
-199
-184
-164
-154
-187
-184
-118
-123
-136
-152
-158
-67
-35
-68
-84
-78
-128
-68
-77
-4
17
-68
-61
-50
-26
-46
-48
-80
-108
-139
-149
-201
-222
-266
-296
-285
-270
-278
-300
-351
-306
-305
-346
-315
-293
-309
-331
-290
-261
-280
-236
-196
-207
-181
-106
-125
-151
-105
-91
-104
-93
36
10
15
85
85
76
39
54
50
26
19
22
-52
-76
-48
-91
-148
-167
-167
-170
-190
-171
-156
-206
-189
-198
-233
-300
-351
-385
-429
-409
-395
-421
-400
-345
-354
-345
-265
-240
-243
-219
-196
-171
-146
-164
-209
-221
-197
-225
-225
-225
-230
-195
-232
-236
-245
-241
-268
-267
-259
-268
-260
-248
-282
-305
-298
-289
-268
-269
-340
-342
-312
-365
-333
-361
-367
-336
-374
-347
-345
-388
-368
-353
-363
-332
-336
-323
-315
-357
-312
-363
-361
-313
-336
-320
-319
-336
-333
-385
-352
-284
-313
-273
-319
-314
-273
-281
-234
-232
-222
-191
-141
-93
-74
-15
-46
-64
16
-15
-8
-31
-57
-51
-95
-93
-37
-66
-46
-8
-10
24
29
-27
-21
-26
-71
-117
-181
-157
-176
-176
-205
-216
-210
-226
-256
-252
-192
-173
-196
-111
-100
-90
-66
-70
-8
-19
12
28
76
89
127
135
125
142
147
171
175
195
190
218
238
238
279
212
128
88
60
26
53
6
26
-8
-78
-78
-109
-134
-168
-141
-154
-218
-217
-260
-251
-239
-313
-253
-274
-283
-265
-228
-175
-152
-156
-134
-116
-117
-69
-42
-3
33
57
108
129
128
180
228
211
184
267
279
242
287
295
224
213
204
209
212
205
185
152
117
97
49
22
4
21
-4
-61
-46
-40
-73
-44
-29
-128
-152
-138
-165
-219
-162
-145
-165
-160
-144
-140
-167
-99
-88
-43
-21
6
58
53
68
36
22
30
43
59
110
160
177
209
274
282
308
284
305
364
352
377
387
413
426
419
423
383
347
325
302
288
215
152
137
154
167
168
152
142
139
56
22
-25
-75
-135
-134
-130
-147
-141
-197
-225
-200
-226
-252
-197
-137
-139
-88
-91
12
69
69
147
197
246
264
241
263
312
327
335
283
296
253
320
334
314
329
329
312
278
315
349
326
279
301
272
240
212
181
167
133
109
89
46
16
20
-12
-9
27
18
60
92
85
85
110
105
78
73
104
98
174
151
132
170
187
249
278
273
306
315
309
345
378
361
372
413
401
345
320
331
328
325
293
283
336
311
298
293
310
367
313
310
271
294
294
300
291
241
214
238
215
144
212
207
182
171
211
203
153
134
206
190
180
143
53
-8
-27
-7
-41
-7
-49
-61
-29
12
2
9
34
31
31
6
34
66
44
70
15
41
49
-8
33
42
62
71
63
93
100
109
165
116
127
179
189
135
141
171
122
123
133
162
95
107
132
152
196
203
216
209
207
148
173
186
170
181
148
164
178
154
87
106
116
67
141
152
150
159
200
162
183
200
191
179
191
226
159
166
146
135
113
181
196
131
160
136
136
121
119
109
91
156
142
35
39
63
23
16
-33
-28
-5
-18
-5
35
30
28
18
11
5
10
73
81
58
52
76
92
93
106
144
163
171
155
185
188
171
177
169
178
176
104
124
86
103
90
40
20
-11
-10
-70
-46
-56
-55
-34
-26
-48
-66
-10
-11
-11
6
29
8
17
4
26
53
44
55
48
56
86
125
59
16
16
25
-19
28
13
-9
14
2
-9
-17
25
61
82
64
77
51
16
23
35
25
13
8
11
-50
-61
-27
-56
10
65
59
58
10
25
18
-8
-15
-40
-32
-85
-47
-44
0
46
-31
-52
-43
-77
-100
-145
-131
-121
-89
-107
-127
-149
-196
-163
-136
-98
-114
-100
-126
-143
-86
-83
-86
-80
-28
-6
47
56
56
69
33
60
42
22
42
81
86
81
58
114
112
109
120
99
80
134
145
76
42
7
-14
41
42
5
-6
8
-16
-70
-103
-93
-51
-45
-28
-55
-56
-74
-75
-98
-51
-87
-82
-96
-75
-68
-106
-120
-135
-80
-107
-112
-73
3
2
13
60
17
17
-4
6
-21
-33
23
60
52
82
122
156
142
140
163
146
118
103
87
31
28
3
-53
-37
-71
-112
-87
-88
-26
-64
-79
-125
-143
-102
-163
-196
-200
-235
-223
-206
-205
-186
-234
-226
-215
-250
-292
-288
-258
-205
-162
-129
-125
-94
-55
-40
-23
-5
0
-6
-2
46
21
21
22
60
91
122
161
82
49
57
106
58
60
48
29
29
4
-12
-39
-21
-48
-71
-150
-142
-101
-112
-130
-144
-131
-132
-151
-201
-218
-209
-232
-249
-210
-233
-222
-206
-205
-177
-118
-82
-73
-40
-42
18
28
32
-10
-39
-37
-33
-37
-61
-25
-3
-7
20
-4
-17
-23
-37
0
-19
21
-6
-43
41
64
35
32
-32
-62
-105
-131
-146
-199
-197
-219
-230
-245
-329
-308
-276
-283
-263
-329
-365
-340
-350
-346
-331
-369
-371
-399
-359
-330
-341
-324
-294
-267
-330
-276
-279
-256
-220
-255
-216
-215
-149
-102
-78
-47
16
2
45
112
176
173
146
175
182
125
115
160
126
134
77
82
42
33
-3
1
-37
-72
-88
-122
-129
-121
-130
-203
-177
-159
-159
-221
-231
-261
-293
-288
-321
-316
-330
-368
-372
-361
-333
-305
-279
-239
-256
-232
-194
-165
-186
-172
-230
-264
-273
-278
-260
-242
-243
-219
-186
-129
-116
-174
-170
-162
-172
-203
-191
-195
-255
-206
-217
-214
-174
-200
-186
-219
-259
-285
-309
-324
-322
-336
-284
-299
-282
-299
-289
-271
-282
-234
-268
-285
-270
-310
-346
-371
-369
-328
-352
-333
-288
-284
-275
-208
-162
-153
-169
-231
-175
-165
-159
-157
-141
-168
-183
-138
-161
-196
-220
-168
-157
-188
-171
-178
-215
-172
-148
-158
-173
-163
-138
-201
-263
-204
-228
-284
-278
-216
-145
-160
-170
-135
-60
-45
-70
-53
-62
-50
-61
-55
-69
-45
-36
-45
-52
-98
-133
-139
-80
-118
-136
-71
-89
-110
-87
-67
-40
-33
0
-1
-3
-6
-8
-46
-89
-99
-141
-150
-126
-118
-128
-89
-67
-66
-93
-98
-99
-121
-116
-112
-127
-86
-129
-125
-109
-156
-152
-131
-97
-52
-100
-50
5
19
32
63
47
25
105
122
84
89
112
94
128
143
150
170
122
152
143
101
106
117
80
91
71
63
54
20
51
24
-10
-35
-10
-60
-56
-17
-4
4
-42
-30
-46
-92
-61
-51
-44
21
61
53
52
61
36
80
96
94
97
95
162
152
178
230
195
210
183
218
218
192
252
218
203
218
194
199
210
247
208
185
197
197
181
156
180
178
148
170
126
104
107
119
88
103
60
43
58
56
77
44
33
25
93
94
63
98
86
90
33
-1
30
17
22
41
23
57
39
69
90
86
97
144
169
162
157
156
190
199
257
277
308
266
249
262
270
269
249
239
272
263
280
262
229
249
292
311
263
238
275
242
221
207
178
189
149
151
124
104
93
103
95
57
28
36
-16
18
13
6
18
37
76
96
106
102
138
142
89
98
84
85
85
103
96
72
106
169
203
194
183
188
211
228
245
195
176
185
222
156
163
167
114
91
65
68
29
-15
-14
-42
-97
-154
-184
-178
-148
-166
-167
-136
-128
-103
-62
-32
-28
-18
-27
-15
7
17
23
52
92
67
59
103
145
105
74
47
55
97
81
97
73
80
81
71
15
17
10
-40
-55
-98
-100
-135
-86
-109
-145
-128
-161
-132
-89
-82
-49
-43
-87
-51
-9
-11
1
3
24
57
24
49
11
18
-1
4
-9
-14
-27
-55
-33
-13
4
-32
-24
-44
-47
-50
-73
-81
-94
-82
-70
-101
-106
-136
-111
-131
-101
-86
-105
-89
-76
-4
-77
-113
-78
-78
-10
-27
-10
40
50
26
39
33
-19
8
20
15
33
11
32
20
-8
11
-21
-77
-107
-121
-113
-123
-142
-129
-164
-159
-164
-144
-132
-144
-138
-105
-79
-114
-81
-84
-86
-75
-92
-41
11
15
-52
-61
-29
-61
-37
12
9
2
-35
-33
-59
-73
-23
-13
-22
-23
-18
-50
-116
-72
-66
-80
-105
-66
-83
-98
-59
-78
-62
-65
-70
-71
-15
-3
-3
-3
9
7
31
22
9
26
-26
-18
-19
-42
-60
-67
-62
-68
-78
-84
-86
-86
-67
-129
-172
-169
-137
-87
-123
-200
-196
-175
-190
-191
-153
-176
-137
-123
-168
-161
-111
-64
-16
-54
-62
-3
-11
-24
-13
-16
6
12
48
68
42
99
66
32
42
43
55
34
-11
4
1
6
5
43
39
-5
10
-29
32
45
20
28
50
22
22
115
110
86
26
20
38
57
62
43
30
-6
21
-47
-38
-63
-83
-94
-101
-94
-94
-56
-85
-26
-101
-94
-94
-91
-84
-44
-7
-60
-92
-120
-86
-101
-133
-106
-69
-68
-94
-118
-80
-89
-115
-181
-209
-188
-136
-97
-81
-56
-63
-38
-25
-5
9
17
-14
-45
-56
-42
-80
-118
-142
-110
-141
-177
-143
-137
-153
-126
-160
-222
-257
-249
-243
-260
-227
-179
-192
-268
-222
-238
-272
-224
-229
-262
-229
-267
-236
-201
-194
-147
-95
-71
-39
4
1
6
-10
-8
-1
-7
-7
37
63
119
104
93
96
82
44
60
72
42
-17
6
-2
-12
54
23
7
0
-51
-54
-43
-6
-23
-64
-109
-161
-147
-169
-147
-159
-141
-135
-163
-200
-192
-219
-200
-187
-242
-154
-151
-148
-147
-107
-94
-152
-108
-118
-177
-155
-100
-150
-150
-118
-93
-92
-102
-119
-84
-63
-65
-100
-136
-98
-125
-125
-164
-134
-150
-153
-159
-210
-199
-216
-272
-258
-275
-233
-242
-220
-230
-225
-174
-159
-180
-189
-157
-102
-138
-179
11
-28
-231
-323
-291
-167
-124
-215
-332
-207
-37
-62
-88
-176
-251
-243
-137
-74
-107
-183
-242
-117
51
130
50
15
21
102
225
215
167
88
63
78
118
108
42
-23
-21
11
5
-116
-127
-96
-55
-12
-84
-76
-84
-53
-34
21
-1
-19
-14
-16
-47
-123
-116
-178
-205
-172
-158
-218
-248
-233
-259
-230
-233
-255
-255
-308
-296
-296
-331
-349
-354
-353
-317
-294
-305
-283
-269
-287
-300
-301
-278
-268
-289
-300
-284
-231
-259
-271
-258
-282
-254
-272
-341
-322
-342
-337
-338
-330
-298
-319
-298
-316
-334
-331
-353
-360
-366
-304
-271
-297
-267
-230
-226
-230
-217
-208
-198
-229
-239
-224
-255
-267
-265
-269
-313
-339
-389
-372
-371
-427
-448
-448
-410
-454
-427
-403
-394
-364
-382
-376
-401
-372
-380
-391
-343
-297
-329
-310
-287
-257
-246
-258
-179
-180
-153
-117
-160
-158
-109
-178
-146
-183
-188
-176
-231
-194
-201
-237
-249
-226
-207
-214
-230
-224
-247
-255
-244
-260
-268
-303
-263
-282
-317
-339
-355
-385
-400
-401
-422
-448
-461
-462
-447
-433
-353
-408
-486
-459
-459
-418
-463
-421
-416
-361
-314
-279
-274
-286
-295
-331
-331
-321
-253
-270
-245
-215
-173
-156
-107
-72
-68
-68
-105
-106
-140
-160
-184
-189
-232
-225
-226
-223
-189
-179
-154
-197
-216
-270
-263
-276
-305
-292
-346
-296
-279
-286
-271
-268
-258
-224
-241
-232
-222
-275
-239
-224
-181
-134
-98
-106
-71
21
15
-4
-16
-14
-26
3
-37
-26
-12
-9
-19
-53
-113
-97
-59
-73
-75
-62
-54
-61
-36
-35
-56
-66
-36
-49
-82
-63
-40
-61
-5
10
30
35
27
12
10
78
92
95
104
81
89
92
76
76
46
18
-62
-59
-84
-59
-36
-90
-96
-63
-104
-90
-71
-80
-65
-88
-73
-67
-103
-99
-61
-67
-87
-85
-59
-106
-57
15
-14
-14
25
71
41
42
95
98
99
125
173
162
135
141
142
181
217
135
187
181
211
223
206
228
214
250
257
236
204
228
234
232
250
243
267
260
198
161
216
226
228
206
187
161
109
94
63
5
-24
-11
-16
-19
-46
-15
16
6
18
38
31
47
79
91
93
119
136
109
117
143
121
148
192
250
271
286
290
290
312
335
397
399
439
431
401
474
483
477
424
408
376
364
312
287
237
149
187
151
160
150
224
182
171
255
234
244
217
207
215
219
180
167
194
111
97
119
99
134
164
187
167
170
198
206
170
161
211
234
267
239
219
232
184
185
182
150
185
180
130
133
111
174
191
234
268
247
271
237
234
211
161
159
187
206
245
221
235
224
231
206
199
217
234
186
240
227
198
237
167
138
113
87
93
43
29
63
60
53
22
43
10
-11
-5
-40
-55
-83
-76
-51
3
-11
-48
39
47
46
84
150
194
185
265
276
299
327
363
391
384
392
391
406
399
418
413
395
398
446
475
436
452
460
468
446
416
372
371
377
286
264
214
206
187
139
120
126
98
106
118
102
91
114
114
81
90
80
87
63
94
121
118
112
88
65
83
106
113
96
119
111
109
130
122
125
122
171
233
170
191
259
244
219
223
220
199
271
269
238
259
254
237
229
245
262
230
179
194
149
83
34
25
7
35
72
34
36
69
32
30
47
46
31
46
77
26
47
41
46
52
52
80
66
23
15
31
51
86
126
181
208
245
267
275
297
279
291
201
211
185
147
148
160
143
124
134
115
191
171
156
181
221
149
163
148
212
197
195
198
163
168
179
184
156
159
168
185
175
175
137
152
165
198
148
203
214
206
210
175
158
56
39
-3
11
19
-4
45
77
72
99
73
36
9
-30
-25
-23
-15
-16
-19
-26
-32
-22
-32
2
-35
25
46
58
117
118
71
77
100
69
130
105
131
153
122
100
139
119
72
106
76
44
62
122
90
82
102
93
87
86
105
53
44
31
19
17
1
18
-5
6
23
4
35
-23
-9
4
22
36
59
85
27
21
-5
32
-18
-57
-68
-49
-60
-89
-73
-58
-42
-34
-36
-71
-52
-85
-71
-28
5
39
18
2
-25
-18
-60
-36
-18
5
52
-24
-10
33
64
57
60
107
100
63
66
42
36
20
0
1
-44
-22
-42
-51
-25
-40
-62
-44
-45
-60
-62
-50
-72
-82
-76
-49
-45
-67
-56
-81
-141
-122
-143
-203
-216
-192
-147
-139
-142
-136
-113
-163
-183
-195
-173
-216
-231
-136
-177
-203
-205
-229
-235
-237
-260
-280
-217
-226
-236
-222
-219
-214
-185
-168
-196
-197
-192
-141
-121
-154
-109
-135
-125
-125
-118
-86
-107
-82
-45
-61
-75
-99
-106
-112
-184
-177
-177
-182
-204
-220
-241
-316
-276
-294
-311
-288
-341
-284
-250
-233
-217
-209
-198
-154
-140
-145
-136
-138
-142
-138
-158
-161
-159
-157
-162
-136
-153
-102
-100
-114
-97
-98
-109
-142
-161
-149
-169
-171
-178
-217
-222
-221
-218
-207
-219
-199
-222
-229
-223
-261
-179
-196
-196
-216
-232
-161
-209
-224
-213
-212
-237
-255
-250
-213
-197
-251
-185
-202
-179
-159
-147
-132
-150
-136
-158
-123
-106
-84
-67
-92
-140
-152
-124
-125
-108
-93
-54
-48
-115
-107
-130
-182
-135
-168
-170
-197
-236
-226
-237
-250
-268
-256
-276
-261
-190
-203
-257
-272
-259
-242
-269
-272
-237
-235
-241
-259
-213
-157
-145
-129
-120
-115
-89
-25
6
-19
-48
4
16
10
6
-34
-38
-46
-88
-82
-1
-49
-41
-28
-30
-63
-46
-18
-7
-8
-73
-41
-34
-41
-61
-60
-44
-32
-65
-65
-59
-86
-113
-95
-87
-96
-106
-66
-61
-28
-29
2
8
20
38
40
37
10
8
-46
16
42
-45
-48
23
-14
-22
-11
13
-23
13
20
23
82
88
85
81
56
78
116
81
62
26
-16
-33
-37
-33
-18
-63
-20
28
5
-18
-49
-35
-24
-19
-25
-17
-11
-46
-20
-8
-27
-23
29
19
26
0
13
50
85
40
76
52
15
4
-34
-27
-67
-78
-61
-30
-65
-47
-56
-27
-65
-75
-31
-64
-45
-50
-24
30
54
54
34
23
80
145
116
87
99
131
157
185
153
167
162
159
195
183
174
145
164
167
147
130
124
160
117
57
77
81
59
62
125
84
97
127
164
174
199
221
191
165
167
175
152
173
133
133
186
212
203
181
153
129
143
159
191
131
180
171
170
165
121
87
67
35
32
71
73
71
78
78
72
92
119
104
130
145
133
168
144
143
143
165
163
158
180
185
178
192
173
172
216
190
179
179
181
162
163
165
147
144
158
136
173
146
137
158
130
104
100
137
118
77
73
126
109
126
101
63
69
33
20
76
76
76
40
101
138
102
114
89
84
102
71
77
121
90
130
138
142
174
182
194
209
231
268
258
291
341
347
331
357
319
294
297
281
313
267
295
310
278
240
221
124
145
157
108
149
149
169
146
138
171
177
156
87
105
149
98
127
143
155
149
176
225
197
156
161
145
158
164
142
122
93
136
139
144
182
197
186
142
150
106
91
131
137
121
163
198
218
229
228
217
236
254
236
254
243
253
271
263
279
271
287
308
286
276
267
287
286
235
231
191
203
216
210
131
125
101
37
49
40
37
56
58
28
65
85
85
103
129
136
140
185
226
244
309
300
282
307
342
341
275
256
264
272
284
253
284
294
277
320
321
286
257
270
262
259
256
263
221
267
228
201
255
193
170
161
121
128
157
168
165
132
132
141
120
121
124
122
112
86
114
124
143
140
129
123
126
140
124
120
99
94
88
78
89
119
96
70
117
181
183
160
172
164
169
131
122
97
76
129
96
80
45
82
27
1
4
0
-22
-40
18
2
3
13
38
29
11
30
16
-7
28
41
80
71
45
60
60
35
56
93
30
20
10
28
32
20
-37
-32
0
19
34
-15
9
-8
-3
-2
15
24
57
100
74
119
115
139
128
118
117
143
132
108
116
152
145
122
96
39
48
53
47
61
33
39
64
12
-6
2
9
-1
23
18
12
12
-7
-36
-23
-11
15
34
7
47
73
25
95
82
86
139
97
164
180
178
193
177
184
152
134
129
122
95
64
49
53
35
9
50
-16
-18
-1
33
41
17
15
-33
-41
-9
27
34
22
30
9
-11
-32
-50
-48
-57
-61
-60
-45
-48
0
27
45
31
39
68
62
28
35
28
14
56
58
48
5
25
52
-10
-19
-14
-20
11
15
-3
40
42
55
27
57
72
70
86
70
66
82
103
75
56
40
1
-18
69
65
32
2
58
57
70
121
95
59
92
98
78
116
77
74
62
73
72
56
49
102
91
106
97
112
121
50
50
31
9
8
-38
-65
-24
-96
-102
-159
-94
-107
-129
-95
-109
-86
-119
-96
-122
-105
-64
-37
-14
-10
-21
11
38
8
31
33
37
59
33
45
95
101
76
108
120
122
102
110
87
42
-5
-43
-4
-38
-16
-1
-34
-18
-33
60
36
-4
39
12
11
-13
-70
-63
-49
-103
-101
-88
-79
-48
-42
-28
-53
-42
3
40
-10
-32
-32
3
6
38
23
37
53
-12
39
12
32
42
72
76
58
94
50
29
30
21
-20
-38
-53
-65
-29
-9
0
4
8
-32
-48
-76
-83
-92
-122
-99
-78
-30
-39
-55
-38
-18
3
-1
-13
-23
8
8
-5
11
31
34
64
108
114
98
79
52
44
44
57
82
40
-12
-37
-74
-57
-19
-64
-75
-127
-149
-190
-185
-209
-216
-170
-162
-167
-164
-145
-133
-126
-141
-173
-150
-161
-152
-178
-185
-135
-99
-96
-56
-44
-28
18
27
56
59
75
73
85
70
52
43
45
30
44
79
53
97
97
78
72
48
44
20
10
-3
-19
-39
-91
-99
-86
-85
-101
-103
-121
-96
-56
-93
-117
-124
-93
-87
-115
-109
-66
-29
-48
-52
-111
-151
-100
-94
-114
-130
-86
-100
-45
-16
32
75
80
140
143
205
170
128
110
110
145
106
122
139
121
101
103
98
100
64
47
9
-34
-84
-103
-54
-37
-5
-28
-38
-85
-21
-20
-61
-32
-68
-139
-164
-156
-89
-149
-96
-26
-53
-54
-63
-14
-22
-30
31
56
49
104
96
87
89
47
54
118
71
69
74
69
47
41
48
58
39
15
12
-1
-21
11
14
19
15
-26
0
-4
-20
-39
-39
-58
-29
-37
22
1
-56
-16
-27
-18
12
9
27
3
59
31
9
-3
21
22
12
34
29
41
22
29
37
49
81
58
38
92
106
76
61
60
8
-24
8
11
50
27
53
40
60
58
52
98
93
129
121
113
100
49
58
28
-12
26
16
16
29
-41
-40
-42
-53
-6
-1
-3
-2
50
29
-22
7
11
3
-24
-50
-61
-65
-92
-91
-82
-114
-64
-38
-60
-60
-66
-36
-30
-31
-39
-35
-18
-18
-22
1
19
3
51
59
5
3
-20
44
28
18
28
7
20
26
47
-15
10
-7
-47
-42
-25
26
-21
-88
-75
-75
-51
-87
-84
-59
-71
-71
-63
-73
-55
-36
2
15
54
73
51
49
58
51
65
81
76
75
78
98
36
95
117
114
66
55
105
101
101
65
40
50
20
48
41
21
-16
7
36
-37
-22
-61
-46
-25
-32
-29
-65
-6
18
-42
-44
-54
-44
-86
-84
-93
-93
-109
-80
-53
-18
-14
-7
28
-6
17
3
4
-13
24
5
45
31
45
72
13
47
43
14
36
60
55
60
17
33
-11
-30
-29
-42
-10
-31
-5
-24
-31
-38
-54
-110
-123
-121
-175
-158
-178
-194
-170
-167
-197
-180
-160
-141
-140
-119
-109
-114
-81
-50
-55
-36
21
39
84
56
104
85
43
56
103
140
158
168
168
145
121
95
67
59
7
-2
-22
-19
-52
-32
-31
-46
-44
-62
-72
-65
-88
-149
-108
-87
-61
-51
-46
-5
-3
-25
-1
25
-10
-21
-32
-43
-65
-41
-31
-41
-51
-35
-29
-13
1
55
95
83
128
139
147
117
142
160
171
179
134
145
108
110
103
48
58
12
-12
34
41
1
23
17
-8
4
-15
-24
-60
-82
-112
-120
-160
-144
-119
-130
-167
-159
-122
-121
-124
-169
-155
-141
-161
-133
-82
-92
-115
-99
-71
-49
-34
-21
-28
-33
-72
-3
-6
11
7
-26
17
-20
-23
-29
-17
6
-3
-37
-16
-28
-19
-45
10
21
-1
-32
-49
-76
-126
-95
-124
-139
-159
-185
-176
-177
-213
-216
-193
-157
-187
-183
-168
-161
-173
-146
-162
-158
-129
-168
-164
-161
-167
-117
-128
-132
-108
-105
-92
-76
-56
-42
-39
-38
-16
-26
33
56
39
17
-5
-26
-87
-65
-117
-136
-156
-172
-117
-119
-154
-201
-214
-243
-296
-278
-301
-304
-291
-307
-276
-253
-228
-206
-190
-192
-192
-182
-194
-224
-236
-176
-152
-180
-176
-132
-107
-110
-88
-63
-56
-94
-82
-24
-72
-66
-63
-135
-171
-130
-196
-233
-191
-206
-229
-281
-254
-286
-309
-257
-233
-184
-160
-195
-166
-136
-109
-114
-145
-129
-147
-140
-179
-169
-124
-115
-107
-102
-97
-110
-107
-107
-109
-109
-81
-126
-127
-132
-142
-168
-168
-154
-106
-123
-106
-122
-150
-161
-190
-174
-175
-203
-218
-171
-155
-163
-156
-110
-154
-181
-187
-173
-213
-205
-249
-239
-198
-146
-110
-186
-216
-176
-185
-140
-156
-180
-178
-189
-193
-232
-198
-233
-180
-188
-190
-129
-153
-151
-71
-92
-65
-53
-55
-85
-143
-120
-168
-139
-97
-111
-129
-155
-133
-93
-127
-144
-134
-138
-152
-123
-140
-137
-108
-116
-123
-153
-109
-104
-107
-129
-144
-126
-170
-127
-143
-177
-146
-139
-150
-154
-142
-134
-131
-154
-140
-141
-137
-104
-178
-198
-195
-181
-181
-175
-172
-174
-164
-163
-150
-186
-164
-140
-155
-178
-162
-197
-140
-128
-157
-140
-152
-107
-130
-145
-141
-151
-202
-201
-251
-219
-240
-222
-170
-240
-117
-90
-119
-143
-71
-56
-98
-114
-178
-174
-199
-164
-140
-137
-95
-98
-65
-82
-107
-51
-47
-68
-81
-58
-45
-108
-121
-95
-117
-119
-133
-186
-264
-232
-221
-187
-216
-238
-187
-180
-151
-145
-118
-154
-168
-136
-125
-129
-118
-111
-55
-57
-44
-32
-26
-17
-5
-48
-57
-68
-70
-18
-29
-56
-67
-75
-90
-99
-105
-136
-125
-118
-94
-106
-72
3
42
58
50
69
26
6
17
-7
33
4
-32
-55
-45
-51
-41
-5
-71
-71
-52
-65
-102
-47
-88
-82
-101
-121
-127
-163
-121
-165
-158
-158
-198
-237
-224
-198
-219
-168
-94
-66
-43
9
-18
-12
-5
-9
21
21
22
-19
-35
-93
-91
-67
-70
-61
-63
-21
-53
-20
-7
-11
-18
-10
-49
-84
-65
-71
-140
-129
-89
-132
-129
-114
-121
-143
-99
-106
-69
-89
-73
-30
-93
-50
-64
-97
-71
-37
-15
-45
-1
-24
-58
6
-28
-38
-1
19
51
66
63
103
136
145
116
127
140
109
37
-8
-9
-5
-22
-17
-20
44
2
-8
33
-5
12
-1
2
4
-3
10
4
0
56
72
58
66
36
11
12
-34
-58
-60
-49
-38
16
13
-31
-14
-13
17
11
55
8
-15
-5
-4
-32
-110
-76
-53
-82
-72
-62
-71
-43
-91
-98
-89
-79
-67
-64
-16
-23
3
47
71
103
162
143
134
122
115
69
37
29
8
6
36
45
27
69
32
41
75
103
77
79
59
51
25
-19
-21
-71
-87
-95
-138
-141
-121
-100
-123
-119
-54
-75
-89
-58
-81
-61
-76
-55
-35
-35
-6
7
-12
-67
21
13
-10
-25
-27
-24
-36
7
-11
-26
-5
-42
-47
-29
9
-18
-12
58
92
65
28
52
37
47
14
-33
-41
-28
-10
-4
-11
-33
-38
-63
-80
-24
-11
-36
-41
-14
-14
33
46
-30
39
36
4
-17
-41
-68
-47
-65
-62
-24
-27
-19
5
51
14
45
56
24
49
73
61
94
59
78
40
28
46
38
8
-38
-19
-41
-28
-37
-25
-8
-38
-19
-11
-42
-22
-56
-62
-71
-120
-187
-147
-158
-145
-78
-42
1
-16
20
-22
-1
-68
-68
-35
-64
-21
-2
43
62
83
52
65
64
-18
-48
-37
-95
-102
-83
-108
-73
-50
-31
-51
-86
-101
-50
-63
-112
-45
-117
-127
-107
-156
-86
-39
-57
-83
-77
-37
-5
-2
34
62
21
-20
-21
-49
-38
-9
3
-45
-30
-18
-9
-25
-61
-68
-51
-65
-66
-66
-92
-52
-69
-56
-69
-45
-55
-36
2
-17
-45
-13
3
-37
-41
-20
-83
-104
-71
-85
-113
-154
-157
-119
-170
-165
-77
-140
-110
-125
-165
-141
-149
-89
-100
-136
-120
-133
-111
-132
-114
-124
-145
-106
-66
-91
-55
-25
-51
-20
-10
-22
-20
-25
-34
-41
-40
-46
-89
-80
-122
-125
-124
-139
-157
-161
-124
-190
-178
-146
-175
-133
-139
-149
-203
-182
-162
-168
-176
-145
-150
-161
-159
-196
-118
-117
-151
-147
-156
-167
-158
-171
-156
-160
-135
-67
-87
-95
-100
-81
-94
-104
-74
-62
-22
16
-13
47
67
67
61
25
13
23
35
41
32
26
7
3
21
-13
-53
-31
-89
-128
-159
-152
-165
-164
-192
-150
-104
-171
-137
-194
-198
-175
-166
-146
-215
-168
-163
-171
-205
-147
-136
-188
-199
-135
-128
-150
-142
-165
-139
-93
-73
-138
-85
-109
-134
-145
-150
-153
-157
-163
-187
-141
-100
-129
-106
-143
-106
-129
-192
-217
-193
-191
-206
-172
-148
-167
-201
-177
-159
-155
-158
-111
-155
-149
-186
-165
-175
-225
-236
-312
-342
-320
-294
-267
-242
-276
-314
-263
-264
-286
-202
-214
-242
-266
-265
-300
-322
-297
-322
-320
-292
-251
-240
-262
-213
-185
-266
-239
-190
-158
-157
-132
-95
-122
-54
-72
-145
-132
-91
-114
-167
-182
-109
-69
-85
-86
-82
-81
-108
-129
-136
-110
-147
-173
-227
-248
-237
-269
-277
-292
-315
-335
-387
-403
-374
-392
-386
-386
-371
-340
-301
-310
-248
-283
-265
-261
-278
-263
-276
-261
-261
-210
-196
-164
-99
-119
-110
-56
-41
-25
-6
-44
-68
-83
-95
-85
-129
-114
-154
-201
-182
-248
-239
-261
-260
-275
-296
-238
-275
-241
-258
-280
-241
-282
-244
-271
-274
-256
-303
-309
-327
-278
-285
-260
-277
-263
-240
-246
-238
-200
-243
-220
-188
-243
-207
-252
-232
-196
-200
-186
