SAMPLES:	16665
BITSPERSAMPLE:	16
CHANNELS:	1
SAMPLERATE:	16000
NORMALIZED:	FALSE
34
59
69
34
17
68
61
76
75
138
147
115
170
93
122
122
97
71
51
45
105
115
114
87
106
202
195
186
107
161
186
156
178
172
188
171
169
135
140
119
131
179
110
79
76
119
176
204
177
188
198
155
158
161
165
143
175
193
201
162
175
203
199
157
152
152
147
140
121
163
144
134
167
152
164
114
96
103
79
83
128
142
135
155
125
94
54
82
64
83
87
59
90
74
83
118
148
139
142
141
210
198
196
214
183
189
199
196
231
249
150
169
132
132
132
148
112
66
52
75
93
63
65
29
-9
32
6
18
33
33
124
82
76
120
114
93
142
150
224
214
238
254
220
245
236
221
208
227
221
206
206
210
210
193
211
186
215
226
191
146
114
117
170
180
156
213
191
175
209
204
159
194
140
80
157
112
162
225
162
160
152
178
175
139
132
174
151
98
86
88
111
88
159
160
171
185
188
201
219
221
192
196
227
251
237
243
295
267
297
264
251
257
248
237
246
239
209
286
229
289
276
292
255
177
193
221
235
233
229
251
250
185
230
174
136
128
117
102
96
79
44
69
78
69
92
88
125
130
166
160
117
173
199
225
225
259
255
235
201
212
183
178
185
210
242
262
272
264
290
266
254
260
242
254
248
240
220
222
275
252
203
164
159
158
146
170
183
193
221
210
186
177
182
206
171
147
119
95
100
123
129
132
118
152
132
124
113
100
90
97
116
133
166
156
150
165
185
146
191
158
162
144
170
145
158
193
236
251
263
296
296
301
321
312
271
303
275
297
318
297
270
252
285
268
287
277
228
239
194
188
213
194
155
153
132
155
134
148
111
70
84
96
148
186
153
115
97
154
168
165
157
171
160
151
226
189
209
212
267
239
233
225
219
214
219
188
187
144
122
118
97
115
98
137
139
150
155
258
254
262
265
236
224
238
245
207
212
188
193
149
155
177
167
141
156
170
175
156
106
104
86
123
146
103
110
113
92
82
55
46
85
72
70
95
131
159
181
216
262
232
224
244
230
291
271
226
207
244
240
226
239
252
223
188
213
213
228
252
230
190
162
142
175
135
126
126
114
119
118
132
143
178
151
146
176
244
226
265
244
244
259
226
284
224
250
253
227
215
202
246
252
218
208
205
195
163
165
172
151
132
131
129
107
148
146
133
165
178
196
202
205
172
186
183
179
181
194
185
166
175
172
192
189
206
220
184
194
187
122
127
156
154
122
125
121
159
190
153
155
180
206
174
142
152
118
144
185
162
156
144
106
135
109
57
55
41
50
64
77
78
75
83
74
112
97
92
60
75
77
91
100
71
98
80
97
64
103
159
117
106
167
218
156
190
146
83
112
127
141
90
158
101
115
123
140
93
103
119
85
117
102
152
136
91
54
47
76
52
51
45
20
43
56
59
56
62
26
44
44
48
86
93
111
150
120
107
126
108
136
104
110
121
104
113
120
162
169
183
161
158
186
172
151
134
82
121
112
104
72
87
106
92
104
121
164
152
138
165
161
157
137
121
174
141
150
93
80
99
86
134
154
158
163
155
173
256
263
205
223
214
226
230
203
258
219
233
222
224
225
204
240
228
175
192
225
239
276
340
309
290
275
280
281
210
256
208
214
250
268
289
276
235
242
200
149
161
163
172
138
148
137
101
40
101
105
74
36
82
118
175
245
204
202
229
248
217
185
214
212
208
240
265
286
230
275
298
303
292
285
278
298
317
293
284
283
272
214
175
125
91
78
130
97
33
27
-18
-16
-34
-10
-40
-87
-71
-69
-92
-59
-8
-66
-69
-95
-48
-63
-53
-4
-14
6
28
36
15
52
108
127
109
137
119
155
193
185
205
205
193
157
187
150
162
124
179
225
151
201
249
234
216
209
212
196
213
154
147
151
128
124
144
147
103
110
69
94
31
24
92
86
56
51
76
71
87
106
141
143
140
153
145
166
214
194
188
191
155
223
247
251
255
311
379
314
346
371
322
347
371
341
363
346
332
300
276
290
293
215
175
218
264
249
237
158
124
128
123
95
87
45
-1
46
4
-15
-33
-41
-54
1
32
40
28
15
80
65
72
86
138
143
181
186
183
192
188
220
223
225
204
245
270
259
253
270
304
286
309
306
303
296
204
218
217
179
103
83
37
14
18
-26
-38
-27
7
18
-36
-27
13
39
14
25
42
59
67
23
77
31
56
66
52
30
-10
-4
29
31
6
43
86
105
141
163
151
178
151
153
185
181
149
136
171
200
150
163
206
147
154
132
127
80
49
34
9
2
-27
-20
-37
-95
-106
-102
-104
-72
-48
-100
-53
-38
-61
-52
-65
-32
-22
-32
-13
-4
7
-39
1
31
30
59
72
45
61
99
109
132
128
147
216
197
146
129
80
69
38
41
72
32
91
85
92
81
56
83
31
29
8
-42
-27
-7
-41
1
-13
-10
17
18
32
16
19
37
17
6
9
37
108
119
91
119
86
78
110
64
38
51
19
66
97
80
66
56
54
-18
-52
-4
-37
-46
-22
-37
-13
4
-16
29
-5
9
3
-18
35
-6
36
24
0
-1
-10
32
11
34
85
45
65
16
-14
44
-30
-62
-49
11
0
26
54
9
-28
-22
-32
-16
-11
0
14
17
44
62
130
92
123
135
125
128
139
118
56
74
32
21
-28
7
29
34
54
43
29
-16
12
-17
4
-20
-23
18
30
-37
-24
-3
4
-6
-2
12
8
2
-40
-61
-37
-58
-95
-67
-40
-51
-66
-55
-22
11
27
20
18
35
-3
-19
0
-45
-20
-22
-37
-32
-18
-11
-23
-25
-43
-35
-47
-77
-94
-68
-16
-44
-66
-68
-54
-53
-32
-72
-65
-81
-95
-75
-113
-63
-45
-40
-32
-47
-57
-48
-65
-35
-81
-65
-36
-20
24
-64
-21
-51
-52
-6
-2
24
40
66
81
108
90
139
135
124
109
119
113
104
129
83
94
59
70
30
31
47
-13
25
-18
1
7
-27
-1
-44
-78
-48
-68
-42
-68
-128
-89
-77
-81
-136
-128
-118
-139
-121
-134
-88
-107
-88
-64
-96
-23
-61
-39
-17
-48
-38
-34
-79
-84
-87
-93
-86
-70
-71
-88
-96
-63
-15
-15
56
44
40
56
27
34
10
-14
-8
-32
-49
-70
-67
-88
-118
-126
-177
-205
-184
-219
-209
-142
-126
-141
-104
-142
-228
-188
-163
-133
-166
-184
-135
-152
-125
-93
-111
-83
-31
26
-6
1
52
46
63
25
38
40
-16
-20
-15
-17
4
-4
-37
-20
-17
-63
-58
-84
-79
-97
-99
-101
-133
-107
-102
-110
-128
-109
-88
-107
-74
-84
-104
-92
-102
-99
-86
-91
-88
-44
-31
-13
-11
-26
-22
8
2
-33
-5
-24
-55
-41
-48
-45
-18
-57
-72
-96
-45
-53
-81
-110
-134
-137
-122
-141
-130
-115
-115
-101
-107
-96
-95
-68
-106
-76
-71
-38
-38
-31
-9
-23
-61
-28
-32
-69
-38
-67
-49
-72
-61
-15
-24
-37
-40
-56
-12
-29
-72
-107
-104
-69
-46
-65
-105
-80
-79
-84
-84
-79
-95
-111
-84
-44
-90
-28
-56
-48
-8
-27
-4
-31
-50
-48
-43
-35
-58
-50
-33
-29
-16
-28
19
37
56
41
0
46
71
10
8
29
26
41
63
61
39
27
-9
19
28
-14
36
-19
-4
16
-3
8
-29
-14
-54
-76
-71
-51
-72
-79
-76
-50
-55
-92
-120
-105
-128
-111
-112
-96
-117
-159
-74
-87
-51
-27
-19
-23
-18
-9
29
48
34
38
47
42
60
43
0
-17
-35
36
2
28
9
-3
19
2
5
19
35
-6
-13
-10
-28
-56
-58
-50
-80
-71
-55
-80
-36
-23
14
8
11
26
3
-8
-56
-69
-90
-84
-94
-90
-104
-97
-40
-63
-107
-96
-42
-49
-42
-7
37
22
24
18
-3
-3
-21
33
37
-15
-26
-43
-61
-29
-68
-75
-40
-48
-26
-12
-4
8
45
67
40
60
19
6
-27
-14
-39
-42
-28
-67
-58
-6
1
33
84
88
95
91
105
130
86
90
78
89
66
56
50
90
108
101
140
120
92
71
84
62
56
28
20
45
65
53
24
13
11
36
-1
-42
-50
-61
-61
-101
-85
-49
-38
-30
-24
5
-62
-86
-84
-131
-127
-124
-78
-69
-39
-12
-13
3
-18
-36
-14
13
3
23
8
52
10
-29
38
-14
-54
-24
-22
-25
-16
5
81
67
3
20
28
8
14
-11
0
44
66
57
56
23
26
87
35
42
61
42
85
73
84
81
23
4
25
63
51
51
78
75
84
55
45
46
77
48
32
-10
-28
-11
-52
-31
-40
-45
-91
-21
7
24
63
29
50
40
39
59
54
14
-2
17
-5
20
27
24
15
55
93
36
62
69
63
127
126
158
166
189
157
134
174
159
137
121
102
117
37
96
142
97
78
74
102
85
108
128
82
90
101
104
74
21
8
-3
20
43
19
29
-13
-15
3
4
-29
10
-18
-56
-29
-69
-79
-68
-62
-75
-69
-26
-12
26
26
28
48
45
115
120
154
189
210
205
210
218
172
145
158
141
130
121
59
53
38
22
28
8
42
39
-4
29
34
24
21
-72
-85
-104
-85
-122
-128
-128
-130
-105
-96
-67
-96
-68
-37
-21
-34
-10
37
50
31
42
51
37
30
38
78
73
66
85
54
83
91
75
28
5
25
10
39
33
50
43
57
15
5
18
-55
-47
11
-9
0
7
-9
24
-55
-43
-19
-46
-3
-15
-33
-72
-66
-35
-54
-59
-31
8
42
41
25
22
-3
-28
-49
-35
-51
-55
-56
-80
-96
-117
-124
-121
-96
-81
-49
-58
-55
-9
-38
-67
-28
-40
-35
-41
-55
-52
-52
-51
-38
-27
-4
24
0
-47
-22
4
6
43
33
53
63
76
95
92
100
91
78
80
53
75
59
-13
-17
-27
-35
-41
-21
-22
-43
-35
4
-2
4
-12
30
31
11
-7
-18
5
-15
-29
-23
-53
-20
-34
-28
-1
-8
42
8
-12
-5
47
23
14
9
11
25
11
40
67
39
22
53
28
17
12
-8
16
20
41
51
31
23
50
102
122
92
125
82
93
130
124
118
100
114
77
57
32
52
55
44
43
15
-7
20
18
-51
-60
-58
-61
-20
-28
-15
-44
-86
-56
-39
-26
-20
-4
13
40
41
8
41
60
25
20
-49
-14
19
-41
-6
-62
-6
-21
8
12
10
27
40
77
59
88
87
68
86
79
47
65
12
-3
-2
4
-37
-53
-55
-30
-33
-35
18
16
17
-5
8
-8
-53
-17
-9
-21
-51
-5
-30
2
16
-16
22
13
16
20
26
24
40
57
108
63
26
39
10
54
15
16
-12
-17
22
-68
-22
-57
-33
-8
-3
49
47
20
39
67
57
68
47
70
71
50
9
-25
12
-13
-31
-15
-7
-39
2
-7
-20
-45
-55
-35
-37
38
5
58
36
71
35
31
10
-28
0
-4
-55
-41
-45
-13
59
48
26
73
94
44
118
90
51
88
56
65
57
82
44
25
74
49
33
21
-39
-17
-4
-7
-48
-66
-22
-54
-74
-5
-28
-48
-14
-13
21
-11
-60
-61
-57
-49
-63
-37
-60
-32
-55
-60
-27
-44
-9
-20
57
55
49
-8
11
14
-3
-4
13
30
1
34
-2
6
40
46
20
31
70
61
21
-29
-26
-17
16
2
-13
8
-30
-27
35
-6
13
46
4
-12
7
67
29
-7
21
18
36
-19
-27
-45
-56
-44
-75
-46
-75
-19
-38
-32
27
6
22
-19
-60
-104
-140
-130
-149
-130
-95
-92
-87
-104
-85
-99
-67
-39
-9
20
-23
-37
-49
-65
-115
-96
-93
-82
-119
-147
-157
-185
-149
-158
-108
-22
9
4
16
31
25
-7
16
31
6
-14
-46
-57
-66
-63
-53
-65
-41
7
19
14
64
32
9
4
51
79
90
78
55
76
69
41
-11
-28
-10
-27
-35
-7
-50
-53
-116
-113
-112
-77
-121
-130
-100
-70
-100
-129
-110
-157
-140
-155
-164
-159
-136
-94
-135
-174
-144
-106
-135
-92
-72
-104
-104
-101
-70
-54
-82
-97
-75
-79
-34
-29
-38
-49
-57
-42
-60
-55
-56
-65
-71
-26
-30
-29
-7
-46
-67
-66
-28
-52
-39
-35
-34
17
-18
-39
-39
-68
-91
-62
-55
-64
-85
-75
-74
-64
-28
-107
-96
-72
-30
-39
-118
-120
-114
-56
-89
-92
-86
-73
-82
-114
-99
-129
-127
-116
-98
-81
-99
-116
-56
-74
-95
-115
-106
-132
-173
-131
-110
-139
-163
-146
-153
-166
-186
-188
-158
-179
-149
-154
-102
-74
-89
-54
-33
-63
-54
-82
-73
-85
-73
-48
-55
-62
13
-16
-23
27
-24
-25
-2
25
-22
-61
-73
-115
-136
-95
-76
-57
-64
-29
-56
-100
-109
-99
-81
-76
-73
-118
-76
-108
-85
-91
-84
-32
-28
-72
-74
-64
-119
-113
-119
-127
-158
-123
-107
-54
-85
-82
-56
-37
-44
-113
-96
-80
-67
-48
-18
-18
-76
-55
-28
-27
-47
-75
-80
-99
-78
-86
-116
-130
-101
-84
-102
-144
-89
-102
-190
-158
-165
-177
-149
-159
-213
-208
-164
-183
-181
-192
-187
-175
-148
-167
-203
-172
-167
-164
-156
-107
-105
-119
-79
-91
-122
-86
-75
-92
-79
-64
-46
-35
-56
0
3
-13
12
25
45
19
10
-46
-35
-73
-88
-72
-74
-42
-56
-40
-21
-1
-7
18
-5
-16
-30
-60
-25
-31
-89
-51
-69
-67
-13
-41
-16
8
-13
-14
-7
43
41
29
-18
2
35
-11
20
9
-2
36
56
45
-19
22
19
20
47
16
-16
-52
-44
-46
-60
-103
-143
-132
-107
-81
-108
-137
-128
-115
-137
-149
-156
-143
-131
-124
-68
-99
-123
-133
-79
-47
-76
-32
-47
-72
-68
-62
-29
-39
-52
-116
-86
-85
-62
-90
-118
-45
-61
-69
-67
-35
-2
-1
14
49
10
45
49
33
-8
-22
-56
-62
-68
-12
19
-58
-54
-12
3
39
59
58
79
94
73
57
83
50
23
11
32
-29
-3
-32
-44
-24
-64
-22
-31
-33
-15
0
14
-6
-9
14
37
41
64
92
77
56
104
123
79
92
121
123
163
178
140
144
136
124
111
120
106
75
84
75
14
4
-22
-80
-65
-86
-61
-94
-89
-86
-98
-53
-55
-69
-50
16
7
-25
-60
-53
-33
-63
-74
-75
-56
-67
-49
-55
-14
8
20
31
67
128
91
93
82
43
41
1
-4
20
-40
-27
-5
-6
-30
-16
-4
18
-21
-48
-19
-49
-13
-9
-15
-48
-53
-62
-61
-53
-35
-57
-44
-27
-27
5
20
22
57
62
24
56
90
60
76
69
63
71
14
35
18
7
-37
3
51
37
87
84
91
121
77
81
78
36
38
53
63
68
79
53
50
47
42
78
47
68
51
72
88
70
101
99
79
71
103
109
107
37
77
60
41
64
64
83
53
83
58
78
83
77
111
136
127
80
87
48
60
40
6
-4
-1
-5
-50
-58
-67
-32
-26
-48
-48
-39
-69
-49
-68
-70
-34
-73
-36
-95
-74
-99
-135
-102
-114
-143
-141
-89
-73
-90
-131
-96
-61
-33
-91
-82
-58
-51
-63
-66
-71
-93
-65
-33
-41
-18
-10
-34
2
-6
-21
10
31
32
39
80
45
8
75
64
36
37
47
52
38
65
106
138
145
153
158
175
192
159
115
94
86
81
50
34
14
45
42
52
86
53
60
122
110
133
110
84
40
103
121
65
60
38
51
13
20
-29
25
13
10
57
67
40
36
68
27
28
14
28
-30
-22
24
-37
-70
-44
-70
-81
-82
-64
-40
-1
10
-42
9
7
3
7
-29
-48
-77
-68
-81
-52
-29
-43
-24
-23
-32
-47
-62
-40
-66
12
26
2
29
-13
-50
-32
-54
-26
-46
24
24
-35
8
-66
-66
-66
-81
-80
-86
-84
-115
-142
-77
-99
-111
-116
-113
-76
-91
-94
-83
-98
-86
-91
-127
-178
-174
-139
-164
-150
-71
-116
-87
-79
-131
-92
-101
-113
-110
-44
-35
-86
-95
-103
-128
-99
-107
-101
-122
-106
-107
-112
-111
-114
-132
-84
-96
-111
-103
-102
-67
-120
-91
-105
-72
-71
-40
-39
-28
32
-26
9
-12
-27
2
-19
-31
-24
-41
-33
-22
-51
-75
-30
24
-7
-36
-15
-13
9
-16
-49
-49
-40
-114
-141
-93
-124
-109
-87
-86
-145
-154
-138
-151
-148
-105
-126
-101
-52
-51
-40
-23
-34
-114
-116
-117
-152
-180
-147
-123
-118
-86
-66
-16
-50
-27
-27
-46
-26
-73
-83
-87
-76
-33
-51
-79
-56
-105
-84
-89
-73
-109
-107
-107
-83
-112
-121
-78
-110
-142
-180
-123
-91
-94
-119
-118
-117
-109
-73
-40
-69
-49
-34
-35
-25
-53
-53
-70
-117
-121
-119
-138
-132
-150
-175
-158
-140
-168
-110
-99
-90
-72
-63
-46
-61
-116
-72
-83
-119
-104
-123
-117
-95
-79
-104
-100
-88
-96
-63
-63
-76
-10
3
6
34
21
11
0
25
42
21
-2
-45
-76
-49
3
-21
-27
-44
-78
-82
-74
-73
-78
-92
-114
-113
-100
-107
-52
-16
-18
-17
4
12
-30
-8
-6
-2
-8
-12
-9
-56
-81
-82
-112
-113
-76
-115
-124
-130
-139
-163
-143
-156
-137
-147
-145
-121
-165
-191
-207
-203
-195
-210
-217
-220
-177
-167
-204
-192
-196
-205
-179
-168
-132
-123
-129
-69
-68
-91
-94
-70
-59
-38
-52
-58
-31
-86
-52
-29
-99
-54
-50
-97
-141
-119
-115
-123
-98
-61
-79
-82
-75
-88
-133
-144
-132
-125
-110
-164
-122
-114
-69
-44
-66
-32
2
73
86
106
76
88
102
82
29
20
-7
-10
-1
21
19
9
20
38
39
18
60
29
10
-31
-28
-50
-147
-182
-199
-225
-264
-279
-252
-311
-307
-282
-316
-308
-275
-244
-254
-196
-161
-146
-113
-81
-90
-132
-127
-168
-127
-92
-70
-59
-63
-60
-43
0
-21
-50
-24
-87
-46
-42
-60
-23
-7
23
-27
2
-53
-67
-66
-59
-64
-101
-97
-117
-44
-41
-87
-91
-83
-52
-35
-14
2
0
-1
22
-5
46
6
1
41
44
56
4
36
68
80
60
76
100
123
101
83
43
59
65
75
60
34
79
41
-16
-22
-37
-42
-71
-58
35
45
96
69
92
92
24
36
16
-7
-1
79
64
58
75
81
83
64
22
31
57
48
18
32
41
44
10
17
52
-23
-27
-2
9
11
34
-19
-3
-30
-35
-61
-56
-33
-59
-10
-5
1
-5
-43
-88
-14
-41
-58
2
27
13
54
40
26
32
-3
54
45
35
39
62
68
49
46
84
88
52
56
75
48
54
40
-40
-49
-11
-17
-16
-37
-37
-47
-33
-17
-21
-29
-42
-86
-89
-78
-114
-102
-147
-117
-122
-172
-139
-115
-150
-98
-35
12
-29
-33
-25
-33
-20
-9
-22
-64
-82
-71
-85
-116
-113
-113
-62
-93
-53
28
10
12
3
61
42
-23
-43
-3
-41
-125
-136
-178
-210
-183
-177
-151
-74
-29
-31
-13
-20
-13
-6
-29
7
37
56
73
47
33
39
37
47
25
24
15
10
45
43
43
0
10
69
101
79
22
10
4
12
18
29
11
18
43
54
70
89
96
128
117
138
141
90
68
31
28
0
-26
-67
-53
-65
-82
-67
-62
-103
-127
-75
-38
-16
-33
-57
-72
-50
-68
-101
-109
-123
-73
-137
-86
-62
-50
-6
19
30
55
122
112
129
165
199
175
209
182
187
167
133
181
156
111
101
59
65
93
65
42
50
28
66
69
114
76
59
87
95
102
133
110
49
57
34
80
44
27
41
45
64
72
52
118
129
134
165
159
166
163
188
168
115
113
124
89
72
95
64
66
63
47
73
83
97
91
110
45
-2
45
1
-27
-38
-63
-50
-36
-94
-94
-113
-104
-133
-150
-103
-91
-109
-67
-73
-123
-61
-21
40
28
41
97
66
60
63
106
113
126
187
206
259
254
251
234
231
206
188
182
180
158
146
142
149
134
106
77
27
-16
-30
-1
-7
61
56
19
15
13
1
-36
-63
-51
-67
-44
-28
-87
-97
-91
-68
-84
-59
-9
3
54
89
140
133
143
111
118
140
117
117
77
32
54
59
22
-37
-44
-49
-91
-48
-37
-9
-30
0
-15
31
21
-5
10
-20
26
47
19
67
89
51
90
110
100
137
177
158
212
161
163
157
142
195
203
226
218
212
197
194
140
143
179
175
196
160
168
116
119
153
173
140
142
138
103
72
104
68
74
116
121
176
136
141
113
113
86
103
126
80
88
65
36
25
24
8
49
70
93
101
77
68
83
30
7
23
6
4
-33
-13
-21
-3
4
3
-7
16
60
71
96
74
10
50
41
18
45
16
36
-3
43
60
67
55
65
104
91
160
183
182
163
193
180
170
175
188
192
160
97
98
101
45
118
160
148
154
192
148
107
130
147
159
158
174
126
106
102
67
15
38
12
19
44
38
78
91
49
66
-5
-76
-42
-75
-59
-97
-64
-36
-44
-16
-4
-13
20
61
55
78
98
129
118
94
86
129
106
121
127
99
101
56
84
100
103
96
83
85
46
15
33
44
38
55
85
77
11
14
24
13
29
50
40
12
2
34
16
35
45
8
49
105
167
132
180
217
192
161
193
168
148
123
127
78
78
142
102
108
101
83
83
104
153
160
148
141
143
173
155
149
129
96
46
12
0
-17
-22
-18
0
25
47
88
81
130
161
192
182
142
166
195
167
179
180
156
152
146
157
142
128
184
195
226
271
225
263
272
305
306
297
261
223
205
192
195
170
143
108
139
107
105
92
104
110
117
96
127
189
126
94
94
70
73
32
30
-30
-7
10
-36
29
-2
71
60
86
143
168
171
151
129
154
186
154
168
111
102
76
133
85
91
110
123
202
125
150
142
192
158
111
118
115
122
138
178
128
121
87
66
57
51
71
63
44
69
47
54
88
86
61
60
55
77
80
75
86
61
65
34
98
63
49
82
47
66
42
98
99
56
28
13
35
25
43
26
57
33
85
149
74
100
85
74
102
58
98
100
97
97
95
86
75
103
64
34
41
33
-10
-13
-3
46
42
43
76
53
82
84
38
42
-3
-34
-49
-67
-46
-1
6
19
21
35
59
60
54
92
135
83
36
103
119
92
59
72
75
58
23
20
31
18
73
32
47
81
138
135
121
147
89
125
115
112
94
118
107
43
37
27
86
85
118
141
100
82
63
104
94
69
85
95
64
53
72
68
59
59
39
23
19
10
-55
-76
-46
-7
12
-34
-65
-69
-39
-60
-84
-71
-142
-165
-134
-108
-78
-105
-102
-106
-97
-100
-74
-113
-115
-92
-109
-114
-84
-78
-87
-22
-18
37
48
71
96
130
121
106
147
133
106
104
58
82
25
-25
23
57
-9
-55
-34
-27
-24
-18
2
-25
-56
-38
-40
0
-1
-20
-15
-7
-31
-13
-34
-49
-41
-42
-10
-6
28
66
63
53
20
58
93
54
56
-4
-64
-46
-23
-26
-32
-56
-88
-126
-108
-103
-118
-120
-145
-164
-184
-233
-245
-229
-211
-200
-192
-225
-211
-248
-275
-187
-219
-181
-217
-197
-162
-143
-161
-188
-115
-127
-113
-89
-64
-94
-104
-51
2
7
-19
-62
-78
-92
-89
-95
-109
-106
-77
-47
-89
-29
15
-26
-12
-9
5
-52
-62
-67
-79
-85
-89
-58
-94
-79
-72
-104
-140
-113
-94
-91
-99
-74
-11
-68
-50
-53
-66
-23
-3
-26
-27
-74
-62
-48
-80
-9
-47
-45
-23
-2
-23
-53
-38
-19
-114
-121
-70
-70
-125
-154
-152
-204
-197
-183
-217
-246
-210
-169
-148
-165
-172
-165
-169
-197
-212
-148
-150
-144
-134
-154
-159
-116
-87
-123
-115
-150
-192
-199
-155
-174
-191
-143
-108
-154
-182
-129
-114
-71
-86
-77
-128
-129
-117
-183
-145
-123
-115
-105
-101
-104
-78
-116
-137
-123
-142
-178
-154
-101
-97
-88
-94
-115
-90
-87
-89
-133
-116
-127
-192
-179
-216
-235
-238
-274
-261
-233
-254
-241
-278
-269
-261
-298
-275
-292
-251
-262
-265
-250
-238
-185
-194
-220
-149
-183
-160
-130
-127
-182
-178
-126
-134
-99
-157
-136
-152
-161
-120
-146
-175
-152
-158
-198
-161
-188
-200
-242
-252
-306
-324
-331
-344
-350
-320
-303
-307
-277
-308
-223
-252
-250
-186
-205
-175
-186
-137
-136
-162
-111
-159
-140
-184
-212
-141
-193
-155
-171
-130
-144
-168
-160
-142
-131
-128
-120
-151
-183
-130
-162
-167
-163
-142
-110
-162
-139
-218
-197
-199
-221
-208
-222
-244
-244
-286
-287
-290
-305
-256
-249
-310
-257
-249
-208
-140
-172
-177
-148
-149
-187
-188
-169
-158
-176
-176
-187
-168
-114
-137
-151
-172
-146
-157
-254
-201
-208
-164
-172
-210
-181
-191
-189
-210
-218
-197
-227
-246
-247
-225
-241
-247
-225
-182
-169
-184
-147
-139
-180
-164
-125
-111
-108
-64
-33
-22
-34
-8
9
18
19
-4
-14
-29
-40
-80
-104
-173
-137
-117
-122
-153
-144
-125
-129
-127
-142
-169
-206
-232
-241
-257
-266
-229
-224
-241
-240
-252
-264
-258
-250
-229
-177
-182
-176
-169
-183
-153
-137
-116
-93
-129
-109
-129
-122
-123
-97
-110
-85
-76
-108
-55
-86
-90
-127
-102
-64
-72
-75
-82
-88
-86
-93
-122
-142
-176
-193
-196
-184
-201
-171
-128
-165
-146
-153
-142
-141
-145
-171
-176
-176
-158
-168
-183
-182
-175
-154
-190
-198
-184
-187
-195
-186
-170
-184
-151
-126
-158
-167
-135
-63
-61
-107
-117
-98
-101
-103
-130
-109
-113
-147
-157
-187
-141
-129
-140
-133
-137
-121
-168
-170
-193
-226
-151
-136
-178
-157
-178
-160
-139
-155
-146
-117
-127
-126
-115
-159
-165
-158
-159
-152
-171
-157
-135
-94
-123
-156
-116
-99
-136
-100
-138
-181
-152
-170
-211
-220
-197
-200
-169
-201
-102
-71
-87
-54
-95
-81
-115
-90
-58
-72
-96
-76
-61
-6
50
14
16
13
55
64
9
34
34
29
28
69
72
54
26
35
36
-1
-14
-42
-36
-16
16
53
33
76
86
92
115
93
115
93
63
0
36
43
-8
5
68
43
21
63
18
61
55
88
126
56
47
53
25
45
51
70
77
50
64
62
42
34
33
60
105
96
74
86
80
63
45
56
42
-18
11
41
58
60
72
49
53
62
69
91
41
78
91
94
84
68
96
68
45
45
45
92
78
93
82
68
94
87
124
102
80
55
88
102
36
41
35
61
34
65
68
107
105
106
102
59
80
89
133
85
101
82
83
78
50
36
37
71
66
55
50
70
80
75
87
92
48
43
21
-36
-27
-26
-64
-43
-93
-49
-7
-25
29
51
146
161
150
190
203
210
240
200
217
231
166
237
244
230
209
200
189
155
139
109
115
83
144
92
122
139
151
152
144
171
150
89
72
114
51
111
122
108
81
114
103
75
99
136
120
151
184
143
171
153
166
148
109
202
208
173
168
195
179
198
160
131
109
81
98
100
106
100
158
126
164
127
119
96
55
73
-3
11
-12
1
4
0
-8
3
74
56
65
78
110
103
92
156
146
176
140
129
92
57
69
14
49
59
44
61
23
37
84
42
76
104
103
112
82
97
120
76
86
33
52
70
71
51
62
85
100
117
124
156
103
111
92
123
155
151
130
110
114
101
114
158
132
177
207
193
186
235
172
151
141
90
127
139
135
119
129
124
89
42
41
34
67
111
131
117
104
109
130
106
103
90
-3
-2
10
12
16
14
12
53
24
36
102
136
154
160
193
194
233
241
200
146
104
57
38
33
6
27
7
42
48
16
26
30
25
59
23
43
96
90
83
82
138
109
109
75
66
62
74
55
20
24
4
33
41
68
83
129
110
66
71
76
72
99
82
36
30
-7
-30
-45
-45
-44
-31
-44
-15
-12
49
91
100
121
142
127
91
163
123
126
97
40
30
51
39
76
72
70
38
76
76
72
82
129
83
61
85
41
-33
-28
-51
-82
-52
-58
-90
-99
-49
-56
-53
-43
-1
-35
-54
-19
24
0
24
29
22
44
43
69
102
82
89
56
48
66
61
56
48
74
46
-9
-20
-29
-64
-66
-71
-25
-38
-97
-97
-77
-81
-79
-68
-66
-52
5
2
43
53
35
96
78
53
62
53
2
-23
-27
-4
33
73
72
41
21
66
74
73
80
66
-31
-48
-46
-73
-100
-119
-131
-131
-92
-104
-126
-141
-175
-150
-128
-118
-137
-136
-150
-111
-103
-129
-169
-161
-181
-193
-191
-180
-142
-157
-103
-62
-66
-32
-28
-6
14
-4
-12
2
-40
-80
-83
-96
-123
-121
-120
-162
-146
-136
-139
-72
-63
-44
-70
-31
12
25
9
-15
-50
-64
-73
-99
-122
-140
-137
-159
-160
-175
-153
-163
-175
-114
-117
-126
-117
-117
-137
-130
-112
-165
-132
-163
-230
-277
-254
-265
-274
-255
-233
-233
-230
-223
-238
-165
-167
-121
-145
-116
-138
-177
-135
-185
-223
-264
-255
-283
-240
-192
-194
-224
-188
-194
-194
-154
-175
-132
-92
-171
-145
-122
-180
-187
-186
-224
-280
-303
-309
-314
-303
-313
-293
-246
-292
-263
-238
-260
-258
-301
-247
-233
-252
-243
-252
-231
-216
-235
-251
-224
-244
-229
-151
-125
-177
-152
-132
-120
-161
-144
-144
-164
-154
-169
-137
-91
-11
-68
-88
-110
-144
-177
-202
-211
-203
-247
-255
-241
-213
-218
-243
-195
-195
-172
-136
-170
-226
-217
-190
-173
-157
-145
-169
-157
-165
-140
-136
-127
-134
-169
-177
-205
-214
-233
-204
-175
-159
-104
-103
-70
-111
-117
-102
-99
-109
-163
-145
-126
-180
-183
-198
-164
-200
-219
-210
-306
-275
-211
-207
-211
-217
-245
-235
-204
-218
-188
-177
-266
-272
-249
-264
-291
-235
-234
-230
-203
-198
-158
-123
-121
-152
-124
-145
-130
-152
-158
-128
-135
-79
-128
-110
-80
-101
-110
-158
-195
-151
-117
-188
-182
-205
-236
-240
-249
-241
-260
-272
-262
-249
-267
-260
-232
-223
-229
-233
-237
-288
-265
-281
-289
-257
-268
-251
-271
-253
-259
-281
-253
-270
-265
-211
-233
-242
-251
-217
-259
-206
-258
-237
-212
-247
-251
-299
-301
-315
-316
-249
-254
-312
-253
-183
-189
-191
-226
-227
-197
-172
-159
-128
-128
-156
-107
-169
-166
-144
-93
-115
-128
-121
-94
-83
-88
-100
-155
-128
-121
-117
-121
-133
-121
-183
-147
-170
-200
-183
-136
-142
-141
-120
-136
-113
-151
-101
-78
-105
-110
-85
-72
-67
-103
-86
-47
-61
-49
-52
29
9
-12
-9
-17
35
-5
-6
-61
-32
-67
-88
-75
-102
-113
-116
-137
-209
-210
-246
-238
-228
-213
-174
-199
-206
-200
-132
-121
-144
-133
-92
-110
-99
-92
-95
-109
-74
-31
-51
-10
-46
-67
-64
-29
-45
-74
-40
-26
3
58
67
66
26
-2
-4
-27
-52
-100
-120
-130
-107
-126
-148
-171
-134
-151
-191
-97
-97
-59
-30
-11
-1
-18
-12
-9
-42
-44
-47
-68
-44
-44
-35
74
78
-96
-1
269
351
111
-105
60
347
348
107
-7
85
224
263
218
144
34
70
196
201
83
71
236
349
167
14
191
410
362
176
3
166
381
287
47
137
411
407
216
-1
130
410
473
200
-37
68
373
473
255
-33
-139
6
149
66
-213
-260
-187
-223
-328
-435
-463
-536
-585
-669
-758
-751
-712
-743
-881
-993
-1014
-878
-777
-858
-970
-958
-836
-597
-425
-433
-421
-300
38
293
345
369
558
871
1065
1195
1342
1462
1545
1743
1884
1982
2014
2111
2213
2273
2231
2233
2241
2193
2042
1957
1903
1756
1625
1447
1290
1087
951
840
646
369
106
-152
-351
-481
-722
-1060
-1345
-1504
-1686
-2047
-2345
-2546
-2724
-2947
-3157
-2827
-2391
-3193
-4347
-3866
-2087
-1498
-2980
-4203
-2967
-710
-373
-1690
-2072
-840
305
257
141
582
1068
1300
1479
1678
1940
2386
2735
2957
2815
2572
2809
3404
3697
3230
2547
2549
3165
3500
3080
2606
2595
2559
2426
2150
2036
2040
1853
1556
1134
960
1253
1611
1265
456
214
778
1080
525
112
344
503
61
-187
314
628
149
-386
-281
-39
-170
-360
-306
-387
-841
-1309
-1306
-1094
-1218
-1762
-2368
-2509
-2074
-1557
-2132
-3331
-3532
-2386
-1665
-2370
-3321
-2932
-1569
-962
-1488
-1900
-1303
-400
-30
-134
3
398
835
1175
1271
1328
1540
1859
2165
2321
2322
2344
2574
2948
2969
2505
2221
2625
3043
2858
2237
1955
2257
2462
2140
1610
1517
1609
1512
1223
919
885
1105
1100
703
467
650
947
881
504
434
714
964
949
920
1034
1101
1140
1283
1404
1339
1165
1219
1310
1173
968
926
1025
837
372
4
-27
104
-164
-852
-1528
-1668
-1602
-1881
-2523
-2549
-2291
-2859
-3913
-4043
-2868
-2083
-2998
-4428
-4106
-2298
-1373
-2181
-3010
-2460
-1232
-772
-915
-683
-56
335
280
304
895
1562
1766
1629
1578
1754
2102
2530
2893
2925
2473
2181
2594
3297
3489
2982
2355
2258
2726
3108
2892
2354
2159
2403
2383
2030
1981
2262
2221
1717
1352
1623
1976
1777
1501
1432
1345
1173
1218
1500
1437
1061
774
903
1060
940
793
588
422
363
309
141
-135
-344
-448
-812
-1317
-1544
-1510
-1737
-2330
-2913
-3121
-3276
-2843
-2318
-3371
-5051
-5077
-2926
-1553
-3140
-5617
-5004
-1942
-714
-2603
-4063
-2758
-665
-562
-1583
-1459
-92
907
435
-327
222
1703
2340
1744
1226
1571
2440
2923
3044
2940
2587
2426
2836
3564
3678
3004
2570
2970
3358
3238
2918
3043
3412
3302
2642
2286
2833
3598
3372
2245
1783
2570
3355
2899
2011
2008
2487
2289
1710
1713
2183
1993
1221
819
1118
1309
967
476
130
15
-182
-284
-424
-739
-1249
-1678
-1977
-2150
-2226
-2604
-3227
-3735
-3953
-4264
-4589
-3688
-3274
-5144
-6926
-5759
-2729
-2103
-5159
-7312
-4912
-1081
-1216
-4171
-4777
-1918
187
-926
-2067
-889
1403
1930
384
-327
1459
3459
3285
1859
1599
2786
3758
3747
3652
3792
3493
3149
3612
4597
4615
3463
3002
3738
4124
3618
3259
3616
3936
3356
2442
2463
3440
3900
2977
1697
1701
2708
3081
2294
1424
1547
1952
1548
945
1286
1823
1139
100
24
777
911
133
-404
-388
-416
-754
-954
-806
-998
-1739
-2471
-2528
-2235
-2403
-3140
-3893
-4104
-4185
-4474
-4974
-4070
-3254
-5117
-7311
-6485
-3140
-1926
-4988
-7816
-5847
-1615
-997
-4107
-5308
-2491
67
-988
-2590
-1434
1397
2018
-112
-1055
1355
3871
3334
1336
1308
3149
4041
3314
3148
4001
3936
3050
3149
4393
4813
4028
3439
3885
4250
4057
4042
4365
4385
3790
3092
3208
4047
4404
3657
2409
2105
3080
3589
2645
1650
1909
2243
1545
745
1298
1982
1107
-409
-486
527
766
-142
-1036
-976
-847
-1202
-1477
-1537
-1657
-2129
-2820
-2935
-2567
-2519
-3056
-3927
-4235
-3920
-4030
-5019
-5447
-3609
-3021
-5884
-8082
-6059
-2151
-1991
-6129
-8670
-5237
-442
-956
-5035
-5755
-1963
557
-1197
-3145
-1534
1724
2034
-836
-1827
1310
4075
2929
485
733
3002
4027
3272
2896
3644
3874
3240
3395
4436
4793
4271
4029
4347
4257
4030
4564
5277
5026
3850
2999
3681
5023
5210
3678
2225
2453
3797
3967
2587
1613
2047
2385
1415
548
1262
2044
956
-828
-972
313
629
-515
-1537
-1464
-1233
-1395
-1570
-1667
-1778
-2264
-2792
-2769
-2378
-2306
-3008
-3603
-3840
-3848
-3904
-4275
-4711
-4642
-3851
-4407
-6004
-6298
-5213
-3840
-4145
-5992
-6903
-5376
-3229
-3102
-4557
-4906
-3594
-2372
-2284
-2392
-1750
-583
-143
-939
-894
670
2160
2171
1292
1150
2120
3369
3851
3819
3693
3632
3797
4319
5205
5600
5305
4942
4757
4928
5497
6015
5858
5113
4432
4261
4788
5350
5156
3987
2793
2728
3447
3622
2817
1676
1225
1193
909
603
663
582
-281
-1251
-1367
-660
-438
-1079
-1888
-2256
-2074
-1784
-1768
-2074
-2486
-2922
-3123
-2872
-2565
-2622
-3326
-3859
-3820
-3760
-3910
-4357
-4859
-5195
-4139
-3610
-5704
-7435
-6407
-3596
-2951
-5942
-8535
-6449
-2127
-1617
-5141
-6455
-3314
-465
-1502
-3384
-2232
823
1716
-649
-1897
917
4065
3346
725
513
3053
4799
4058
3059
3746
4622
4331
3764
4746
6287
5968
3960
3614
5407
6391
5516
4438
4408
4708
4334
3967
4230
4440
3820
2411
2183
3261
3578
2367
1232
1206
1398
1078
538
438
552
-45
-1049
-1242
-349
-26
-1069
-2217
-2020
-1323
-1328
-1919
-2251
-2172
-2271
-2743
-2831
-2417
-2464
-3176
-4013
-3849
-3370
-3613
-4597
-5077
-5186
-4482
-3271
-4781
-7392
-7111
-4400
-2961
-4814
-7914
-7485
-3615
-1587
-4056
-6585
-4891
-1471
-1262
-3470
-3446
-854
1241
47
-2337
-1220
2490
3569
1286
-257
1442
3948
4100
2803
2834
3988
4348
3702
3908
5413
5640
4388
4074
4723
5234
5371
5185
4956
4580
4082
3917
4543
5078
4424
2843
2258
3231
3824
3043
1817
1395
1778
1686
723
435
1073
954
-468
-1435
-678
329
-297
-1693
-2189
-1624
-1215
-1680
-2159
-2239
-2414
-2832
-2992
-2742
-2602
-3013
-3741
-3938
-3629
-3634
-4233
-4940
-5134
-5391
-4945
-3795
-4998
-7460
-7344
-4728
-3119
-4927
-8049
-7617
-3614
-1673
-4422
-6807
-4559
-1123
-1462
-3890
-3274
-120
1531
-441
-2580
-479
3311
3579
884
55
2487
4646
4094
2793
3503
4920
4626
3573
4029
5930
6089
4402
3763
4723
5643
5328
4587
4449
4591
4114
3544
4076
4744
4177
2592
1991
3014
3652
2783
1522
1242
1604
1357
531
468
1040
635
-831
-1475
-584
256
-596
-1965
-2172
-1497
-1387
-2018
-2308
-2261
-2403
-3121
-3368
-2809
-2456
-3067
-4097
-4149
-3690
-3726
-4385
-4942
-5066
-5390
-5143
-3757
-4515
-7050
-7123
-4685
-2825
-4230
-7517
-7454
-3311
-1124
-3870
-6493
-4296
-554
-715
-3469
-3165
176
2096
208
-2255
-336
3621
3975
979
-77
2462
4839
4105
2316
2956
4792
4664
3193
3354
5336
5852
4170
3280
4290
5389
5080
4081
3984
4402
4032
3242
3393
4297
4223
2766
1766
2454
3399
3038
1863
1300
1607
1540
916
769
1215
868
-413
-1147
-537
237
-381
-1636
-2029
-1647
-1537
-1948
-2233
-2128
-2398
-3014
-3082
-2682
-2525
-3087
-3698
-3832
-3602
-3472
-3936
-4432
-4613
-4799
-4965
-3770
-3282
-5792
-7194
-5126
-2613
-2943
-6069
-7524
-4423
-987
-2110
-5583
-5278
-1468
-33
-2468
-3623
-1024
1597
1040
-1596
-1557
2023
3818
1749
-183
1255
3947
4147
2578
2461
4074
4596
3485
3120
4615
5717
4451
3316
4077
5160
4956
4070
4150
4852
4451
3233
3214
4501
4804
3273
1733
2214
3622
3533
2125
1174
1581
1963
1120
319
737
1127
182
-1192
-1314
-268
182
-1008
-2170
-2122
-1563
-1391
-1869
-2213
-2431
-2761
-2943
-2695
-2466
-2788
-3489
-3804
-3554
-3596
-3992
-4237
-4379
-4759
-5325
-4326
-3037
-4960
-6998
-5847
-3452
-2733
-4998
-7269
-5543
-1757
-1451
-4615
-5601
-2420
112
-1432
-3307
-1760
1213
1918
-433
-1578
1364
4187
2989
636
1070
3751
5006
3519
2549
3895
5200
4526
3456
4103
5607
5260
3751
3811
4714
4956
4389
3942
4260
4211
3257
2818
3642
4145
3217
1672
1533
2673
2976
1861
771
875
1395
891
-52
62
575
108
-1190
-1560
-601
17
-967
-2162
-2111
-1357
-1278
-2001
-2395
-2138
-2178
-2679
-2854
-2370
-2037
-2699
-3550
-3487
-2961
-2940
-3421
-4101
-4308
-4314
-3937
-2804
-3830
-6047
-5886
-3892
-2359
-3576
-6388
-6160
-2731
-1111
-3141
-5154
-3507
-490
-576
-2652
-2394
432
1963
382
-1614
111
3377
3484
1213
456
2677
4698
3890
2546
3338
4423
4306
3511
3704
4995
4970
3545
3216
4252
4495
3915
3403
3394
3472
2926
2551
2934
3298
2747
1541
1178
2219
2761
1691
594
576
1247
1248
289
-131
362
347
-539
-955
-382
181
-569
-1668
-1568
-784
-666
-1333
-1800
-1658
-1491
-1864
-2054
-1723
-1682
-2176
-2663
-2905
-2526
-2251
-2925
-3687
-3786
-3583
-3947
-4088
-2695
-3005
-5675
-6123
-3934
-1822
-2648
-5925
-6793
-3215
-554
-2446
-5098
-3931
-630
-266
-2290
-2483
146
2134
943
-1532
-522
3152
4109
1831
337
1985
4324
4202
2554
2754
4362
4482
2983
2687
4362
5353
3871
2369
2973
4129
4000
3008
2833
3035
2681
2102
2161
2786
2762
1784
816
1131
2153
2029
1009
478
661
753
379
111
347
414
-301
-1024
-736
90
-2
-970
-1505
-1110
-646
-784
-1236
-1345
-1323
-1556
-1758
-1605
-1310
-1447
-2070
-2496
-2226
-2005
-2105
-2570
-3059
-3342
-3386
-3429
-2999
-1958
-3364
-5653
-5058
-2663
-1560
-3423
-6014
-5415
-2131
-889
-2999
-4663
-2701
-187
-831
-2555
-1674
1071
2100
180
-1632
352
3541
3362
945
353
2329
3927
3145
1993
2708
3899
3410
2013
2329
4241
4649
2776
1657
2535
3736
3574
2376
2033
2571
2547
1681
1578
2431
2614
1523
511
995
1990
1991
1090
330
659
1070
731
401
478
609
79
-591
-486
245
343
-424
-1050
-905
-386
-265
-620
-879
-985
-1087
-1084
-1000
-887
-1121
-1543
-1778
-1710
-1581
-1676
-2043
-2383
-2669
-2938
-3150
-2668
-1382
-2671
-5477
-5054
-2338
-984
-2976
-5907
-5332
-1664
-288
-2737
-4692
-2814
36
-511
-2676
-2012
1011
2073
18
-1967
-71
3197
3182
626
-342
1646
3511
2739
1260
1969
3329
2861
1442
1702
3542
4049
2212
987
2154
3463
3054
1947
1903
2517
2310
1520
1686
2588
2731
1658
630
1210
2532
2418
1190
596
1038
1460
975
700
989
1179
412
-411
17
1032
1121
-114
-969
-463
463
437
-296
-589
-405
-329
-645
-736
-393
-323
-953
-1593
-1497
-1007
-970
-1478
-2095
-2458
-2480
-2514
-2800
-2141
-1552
-3804
-5419
-3841
-1830
-1844
-3985
-5732
-4350
-1454
-1235
-3503
-4130
-1866
-491
-1861
-2711
-924
1141
800
-1421
-1995
909
3170
1675
-584
-59
2079
2834
1743
1081
2102
2828
1953
1086
2114
3757
3426
1584
1147
2416
3333
2881
1981
2074
2394
1987
1837
2331
2725
2370
1307
964
1861
2662
2287
1263
886
1301
1590
1389
1335
1357
1049
525
384
871
1399
978
63
-102
375
776
675
263
9
-118
-258
-252
-8
73
-456
-1032
-1034
-760
-831
-1233
-1602
-2006
-2387
-2561
-2668
-2979
-2805
-2095
-3314
-5344
-4709
-2805
-2026
-3471
-5643
-5505
-2875
-1184
-2708
-4618
-3819
-1553
-1207
-2401
-2426
-733
325
-705
-2187
-1064
1644
1925
-109
-1066
499
2220
2016
790
1048
2133
2102
1156
1331
2850
3382
2118
971
1956
3297
3401
2452
1980
2463
2670
2330
2220
2872
3022
2188
1433
1883
3015
3049
1951
1240
1591
2143
1947
1520
1510
1613
1125
610
827
1526
1562
517
-213
170
980
1004
292
-208
-65
-143
-321
-174
-187
-615
-1103
-1271
-1078
-930
-1202
-1707
-2068
-2130
-2412
-2604
-2566
-2930
-3442
-2595
-2550
-4519
-4832
-3279
-2282
-3029
-4887
-5543
-3440
-1203
-2269
-4589
-4275
-1864
-1077
-2428
-2972
-1604
-101
-541
-2305
-2024
693
1543
-418
-1760
-337
1674
1733
402
294
1666
2158
1295
1053
2542
3540
2428
1172
1945
3566
3793
2839
2344
2882
3213
2853
2879
3484
3680
2818
1916
2389
3661
3786
2528
1659
2093
2868
2685
2030
1924
2091
1746
1065
1024
1516
1700
882
16
68
678
807
266
-255
-516
-572
-608
-589
-591
-988
-1620
-1813
-1532
-1431
-1709
-2153
-2566
-2667
-2518
-2840
-3281
-3146
-3379
-4022
-3112
-2470
-4477
-5498
-3882
-2469
-3011
-4864
-5794
-4022
-1483
-2157
-4859
-4755
-1919
-945
-2624
-3320
-1676
49
-352
-2069
-2086
559
1979
277
-1296
-63
2080
2348
1096
951
2304
2937
2075
1565
2956
4230
3394
1925
2423
4055
4449
3559
2919
3637
4117
3359
2851
3729
4345
3392
2150
2176
3525
4062
2944
1698
1738
2508
2555
1747
1352
1607
1386
630
396
988
1333
573
-554
-720
18
331
-66
-798
-1016
-971
-880
-939
-1094
-1043
-1367
-2009
-2007
-1456
-1484
-2008
-2433
-2546
-2597
-2511
-2585
-3013
-3358
-3483
-3776
-3210
-2429
-3971
-5519
-4561
-2874
-2775
-4394
-5738
-4534
-2066
-2047
-4120
-4750
-2632
-945
-2041
-3277
-1992
78
73
-1536
-1854
457
2220
1049
-502
312
2387
2952
1951
1585
2728
3557
3009
2530
3402
4663
4399
3147
3166
4446
4931
4213
3631
3922
4267
3744
3156
3648
4199
3522
2293
2010
2951
3394
2473
1374
1341
1799
1703
1098
727
892
713
36
-394
-75
412
-66
-1056
-1376
-809
-450
-752
-1295
-1463
-1253
-1400
-1574
-1457
-1283
-1532
-2016
-2073
-1662
-1568
-2005
-2275
-2191
-2307
-2626
-2689
-2565
-2771
-3622
-3991
-3619
-2637
-2664
-4795
-5721
-3858
-2108
-2886
-5039
-5653
-3568
-1629
-2378
-4160
-3998
-1762
-653
-1984
-2714
-910
837
178
-1300
-865
1509
2699
1402
226
1369
3224
3498
2480
2394
3662
4129
3411
2958
4016
5094
4535
3298
3341
4585
4910
4076
3407
3696
3993
3288
2568
3067
3576
2798
1467
1279
2155
2522
1624
425
240
731
782
110
-329
-219
-275
-871
-1214
-863
-490
-849
-1616
-1866
-1363
-1011
-1232
-1600
-1728
-1561
-1563
-1639
-1353
-1321
-1679
-1896
-1888
-1547
-1344
-1626
-1970
-1972
-1879
-1926
-2017
-1990
-2177
-2594
-2748
-2846
-2551
-1717
-2581
-4430
-4094
-2325
-1624
-2870
-4526
-4169
-1919
-985
-2587
-3590
-2191
-460
-699
-1973
-1574
515
1447
242
-1026
228
2697
2871
1163
723
2276
3563
3380
2459
2695
3796
3836
2981
2998
4195
4572
3567
2579
3090
4026
3858
3045
2593
2815
2876
2389
1964
2168
2180
1439
660
733
1336
1292
440
-307
-244
57
-8
-413
-578
-539
-789
-1188
-1130
-754
-661
-1103
-1636
-1563
-1019
-811
-1068
-1325
-1393
-1301
-1307
-1075
-903
-1120
-1433
-1600
-1341
-964
-1156
-1529
-1499
-1517
-1704
-1685
-1560
-1734
-2099
-2328
-2489
-2522
-2286
-1641
-2060
-3600
-3944
-2714
-1436
-1756
-3368
-4112
-2545
-621
-1070
-2455
-2270
-686
167
-578
-927
339
1750
1317
-73
220
2371
3432
2126
905
1808
3348
3608
2707
2398
3230
3660
2933
2482
3314
4088
3405
2196
2171
3027
3296
2575
1949
1881
1952
1675
1169
1367
1711
1019
23
-31
659
870
190
-630
-702
-362
-323
-605
-785
-636
-724
-1229
-1377
-904
-497
-719
-1319
-1439
-922
-440
-527
-770
-893
-834
-599
-512
-406
-298
-510
-782
-623
-431
-391
-585
-818
-878
-1002
-1104
-1187
-1218
-1331
-1676
-2018
-2201
-2087
-2161
-1881
-1725
-3008
-3810
-2763
-1329
-1346
-2755
-3891
-2885
-599
-330
-2011
-2607
-1175
326
-82
-857
-184
1326
1660
374
-36
1658
3331
2549
913
1131
2651
3458
2756
1972
2420
2947
2542
1946
2386
3195
2834
1615
1185
2091
2746
2236
1236
989
1359
1346
764
616
1103
816
-22
-441
111
795
567
-305
-811
-369
124
6
-272
-282
-227
-489
-639
-242
276
189
-438
-648
-154
334
264
-156
-295
-124
-16
66
106
239
226
-251
-443
-116
191
60
-417
-781
-805
-603
-578
-827
-1147
-1343
-1524
-1707
-1737
-1716
-2139
-2552
-1745
-1631
-3191
-3642
-2277
-1156
-1853
-3393
-3799
-1945
14
-920
-2864
-2502
-342
336
-868
-1355
-155
1202
892
-471
-293
1753
2691
1219
11
916
2401
2650
1670
1242
1973
2379
1846
1601
2317
2780
2074
1087
1268
2274
2531
1647
1035
1340
1673
1470
1112
1256
1442
991
458
479
1037
1185
648
-68
-108
382
497
269
91
48
-37
-146
-106
243
349
-39
-459
-339
145
342
31
-321
-371
-127
-92
-107
-86
-225
-416
-536
-329
-207
-351
-652
-753
-850
-835
-917
-1117
-1191
-1292
-1601
-1878
-1881
-1639
-1868
-2398
-2743
-2189
-1200
-2134
-3576
-3223
-1519
-954
-2268
-3565
-2933
-796
-343
-2047
-2769
-1280
254
-325
-1465
-923
713
1156
-82
-841
483
2128
1757
319
255
1554
2338
1837
1078
1409
2217
2095
1370
1564
2405
2494
1618
1207
1849
2320
2076
1516
1569
1771
1532
1154
1304
1765
1469
778
489
904
1433
1218
502
188
510
855
634
348
366
402
208
-124
19
357
360
-129
-540
-413
103
183
-224
-509
-493
-448
-402
-307
-306
-535
-842
-833
-728
-639
-694
-947
-1198
-1230
-1226
-1234
-1261
-1284
-1498
-1856
-1837
-1499
-1515
-1808
-2071
-2207
-2225
-1639
-1139
-2239
-3109
-2266
-1078
-1144
-2095
-2823
-2182
-453
-313
-1752
-2043
-685
291
-203
-1009
-491
829
1202
207
-545
610
1962
1541
369
315
1359
1970
1561
1008
1275
1889
1846
1322
1491
2061
2124
1614
1256
1537
1837
1857
1635
1480
1426
1330
1317
1413
1509
1210
773
627
828
1065
867
456
258
298
278
150
101
84
-56
-356
-569
-417
-160
-231
-571
-835
-682
-444
-420
-585
-769
-795
-735
-678
-732
-638
-702
-922
-981
-873
-762
-907
-994
-949
-904
-966
-989
-1002
-874
-841
-1118
-1242
-1034
-802
-999
-1195
-1190
-1204
-1355
-1380
-701
-875
-2022
-2276
-1316
-509
-898
-1972
-2362
-1144
-49
-775
-1739
-1265
-225
-175
-848
-840
46
745
228
-642
-275
1021
1418
599
-2
541
1356
1418
1011
1021
1412
1515
1038
937
1596
1842
1420
843
921
1309
1438
1311
1103
1071
944
883
904
1075
1106
684
263
283
701
819
391
-46
-128
88
209
96
26
47
-55
-238
-286
5
254
79
-278
-368
-166
157
184
-178
-388
-231
-151
-133
-3
-51
-211
-295
-207
-131
-25
-26
-270
-375
-111
33
-52
-127
-165
-237
-360
-324
-340
-438
-480
-802
-1246
-1114
-1056
-1513
-1490
-1061
-1694
-2618
-2402
-1412
-1161
-1994
-2831
-2733
-1281
-663
-1715
-2377
-1712
-867
-945
-1321
-1079
-327
41
-627
-1066
-118
979
755
-127
-161
658
1291
1142
730
787
1272
1172
865
1163
1669
1704
1187
889
1253
1712
1839
1533
1194
1238
1407
1440
1407
1502
1346
1004
913
1077
1320
1271
862
558
656
834
792
721
693
612
447
391
502
711
619
290
124
212
416
445
267
62
-73
-43
161
302
279
54
-169
-157
98
124
-20
-184
-246
-317
-453
-311
-193
-513
-924
-949
-751
-744
-877
-1049
-1299
-1351
-1441
-1743
-1609
-1606
-2155
-2130
-1527
-2002
-2706
-2400
-1843
-1719
-2127
-2614
-2686
-1623
-911
-1810
-2315
-1486
-730
-827
-1019
-841
-377
77
-170
-661
-20
998
837
153
263
917
1305
1267
1156
1231
1561
1674
1486
1696
2112
2097
1717
1626
1944
2143
2148
1993
1826
1826
1870
1889
1848
1966
1882
1548
1459
1682
1766
1651
1386
1116
1110
1137
1064
864
771
677
453
327
346
408
275
-17
-250
-171
16
-147
-362
-552
-533
-548
-604
-656
-694
-815
-937
-974
-967
-815
-819
-847
-850
-988
-881
-548
-535
-783
-842
-709
-661
-636
-611
-609
-946
-965
-741
-859
-1008
-1174
-1235
-1163
-1284
-1538
-1236
-1234
-1701
-2010
-1662
-1119
-1218
-1817
-2190
-1496
-628
-1022
-1684
-1447
-777
-479
-686
-791
-362
255
263
-149
7
755
1017
781
592
928
1447
1665
1583
1517
1741
1920
1848
1940
2188
2236
2081
1979
2016
2139
2231
2188
1994
1943
1824
1677
1736
1817
1597
1133
908
962
1137
978
553
152
163
381
359
166
32
-18
-275
-544
-539
-271
-222
-703
-1246
-1160
-631
-415
-632
-957
-1066
-842
-608
-590
-560
-470
-493
-434
-258
-5
92
62
18
-11
180
344
318
204
178
146
120
187
197
149
2
-168
-269
-282
-194
-367
-764
-979
-915
-1091
-1322
-1425
-1188
-1239
-1926
-2184
-1777
-1297
-1506
-2215
-2599
-1821
-1042
-1369
-1827
-1588
-1030
-639
-707
-788
-346
194
244
18
338
953
1165
1052
913
1210
1662
1818
1706
1681
1798
1872
1830
1876
2004
1908
1731
1737
1714
1489
1387
1449
1322
1093
811
677
805
930
665
203
51
169
320
197
-52
-272
-218
-57
-108
-231
-215
-108
-222
-308
-181
49
217
100
-117
2
307
518
462
424
428
499
666
787
791
757
829
899
821
808
929
1020
898
591
546
743
900
703
332
181
338
355
44
-272
-324
-454
-696
-782
-899
-950
-1075
-1294
-1563
-1642
-1519
-1699
-2028
-2163
-2257
-2371
-2037
-2135
-2806
-2935
-2358
-1943
-2177
-2567
-2607
-1867
-1132
-1329
-1813
-1426
-592
-245
-361
-283
137
620
880
804
867
1335
1723
1632
1537
1759
2112
2325
2344
2145
2027
2144
2245
2246
2065
1885
1829
1732
1593
1400
1373
1349
1133
938
683
578
728
782
531
229
247
446
571
483
268
206
375
533
423
310
433
578
557
486
554
765
872
776
635
678
916
954
870
788
686
651
799
834
744
665
537
474
512
611
433
96
97
253
91
-177
-254
-203
-284
-524
-663
-637
-579
-749
-960
-1138
-1210
-1116
-1104
-1448
-1558
-1457
-1614
-1659
-1666
-1817
-2000
-1911
-1934
-2309
-2235
-1705
-1761
-2469
-2576
-1825
-1325
-1653
-2056
-1808
-968
-464
-1021
-1363
-470
523
326
-276
20
919
1581
1373
884
1101
1843
2217
2038
1903
2055
2279
2414
2441
2376
2367
2430
2344
2222
2152
2150
2184
1972
1617
1444
1436
1440
1316
1017
673
647
736
664
471
212
118
177
191
103
-16
-16
50
-16
-85
-34
78
176
54
1
81
248
402
386
300
271
439
560
577
508
548
575
498
463
548
490
473
492
406
336
533
559
211
248
382
135
20
182
36
-169
-120
-168
-363
-388
-388
-482
-574
-612
-745
-725
-706
-993
-1229
-1084
-941
-1201
-1523
-1518
-1347
-1364
-1555
-1776
-1768
-1656
-1589
-1386
-1412
-1855
-1801
-1191
-889
-1067
-1357
-1307
-665
-174
-309
-568
-257
273
420
429
572
752
1020
1281
1292
1342
1515
1733
1813
1748
1692
1616
1798
1876
1700
1466
1423
1515
1448
1276
1000
923
955
874
635
457
460
495
342
132
68
198
318
225
-34
-85
71
207
114
-20
8
161
277
203
138
284
516
545
497
536
658
810
822
772
771
928
1031
971
795
804
851
817
859
747
624
701
761
568
456
350
325
333
159
-22
-99
-104
-222
-440
-593
-704
-764
-732
-855
-1128
-1220
-1064
-1007
-1144
-1283
-1527
-1436
-1185
-1414
-1649
-1527
-1484
-1557
-1543
-1625
-1743
-1589
-1417
-1519
-1757
-1558
-1036
-1187
-1659
-1627
-1127
-655
-751
-1167
-1198
-583
-53
-270
-519
-204
202
386
425
528
719
921
1053
1032
1128
1434
1566
1473
1399
1518
1624
1784
1879
1708
1518
1613
1728
1744
1650
1481
1307
1288
1391
1373
1224
1114
1014
1021
1024
937
838
811
798
602
512
606
706
584
429
334
333
466
505
378
282
330
403
345
302
393
392
398
280
264
390
414
369
283
271
279
321
234
78
38
60
37
-117
-166
-155
-280
-398
-428
-556
-622
-612
-668
-772
-856
-866
-1011
-1068
-1083
-1187
-1313
-1254
-1148
-1279
-1422
-1443
-1298
-1203
-1313
-1461
-1428
-1161
-1079
-1266
-1401
-1180
-942
-920
-1063
-1144
-948
-755
-693
-541
-559
-784
-732
-262
14
-194
-368
-313
170
686
532
154
386
895
1014
905
958
1046
1132
1211
1232
1263
1397
1522
1486
1375
1261
1294
1523
1582
1333
965
1013
1226
1235
1064
825
707
656
723
703
564
434
372
277
287
241
201
242
185
77
37
186
268
296
234
164
242
370
425
431
367
387
443
493
591
582
542
489
497
520
528
495
462
399
359
318
236
285
243
80
-97
-135
-40
-47
-121
-328
-447
-318
-256
-368
-458
-443
-435
-466
-482
-508
-475
-381
-420
-506
-460
-384
-411
-391
-287
-315
-358
-364
-371
-247
-194
-382
-479
-403
-224
-177
-459
-661
-540
-394
-532
-843
-904
-809
-665
-668
-1054
-1292
-969
-508
-639
-1104
-1171
-840
-365
-267
-614
-652
-202
249
306
319
514
567
716
942
964
1020
1212
1445
1508
1380
1388
1660
1910
1854
1501
1403
1603
1779
1674
1406
1301
1216
1224
1192
1064
864
727
664
564
488
445
403
359
183
13
104
211
236
139
113
164
243
349
389
454
364
395
484
563
708
673
624
667
726
714
750
809
678
531
482
524
596
564
452
248
100
166
297
115
-39
-99
-117
-39
-140
-275
-424
-432
-473
-584
-622
-532
-546
-617
-608
-627
-660
-579
-480
-533
-624
-599
-596
-624
-519
-445
-588
-621
-622
-596
-621
-664
-841
-964
-895
-904
-972
-1135
-1126
-1118
-972
-812
-1114
-1300
-947
-402
-395
-784
-929
-540
157
287
-104
-125
327
787
976
1009
1060
1167
1442
1711
1640
1564
1686
1846
1816
1621
1502
1693
1838
1667
1280
1102
1235
1241
1100
805
496
442
451
300
92
-108
-204
-259
-393
-529
-489
-374
-389
-573
-654
-577
-377
-309
-350
-372
-246
-17
167
194
202
340
534
672
673
710
881
1002
960
892
919
1088
1186
1107
931
928
929
904
896
793
651
571
604
606
516
472
337
249
274
227
192
112
71
-19
-81
-123
-144
-121
-145
-245
-277
-238
-273
-279
-316
-359
-390
-387
-432
-433
-403
-523
-567
-653
-694
-724
-778
-830
-904
-942
-923
-932
-1000
-1073
-1148
-1183
-1238
-1065
-865
-1084
-1225
-1006
-529
-451
-781
-889
-530
12
142
-150
-154
120
362
597
719
663
531
754
1035
1013
825
762
926
989
812
636
749
880
801
529
345
467
452
455
284
64
-18
-5
49
34
-64
-192
-157
-59
-4
-79
17
64
88
113
255
351
436
540
636
662
662
781
905
1021
1005
944
944
1088
1252
1222
1144
1150
1112
1126
1165
1110
1005
948
916
839
737
684
646
575
458
292
255
210
158
66
-25
-106
-125
-109
-144
-215
-321
-356
-368
-396
-401
-433
-439
-434
-479
-495
-530
-544
-601
-715
-713
-752
-810
-902
-960
-971
-999
-1075
-1171
-1206
-1244
-1237
-1359
-1435
-1436
-1450
-1535
-1532
-1546
-1567
-1528
-1341
-1269
-1539
-1624
-1241
-702
-716
-1056
-1120
-648
-61
22
-243
-172
153
463
654
785
687
614
842
1131
1178
1026
990
1172
1229
994
949
1082
1152
1016
749
691
772
654
544
436
232
38
1
146
47
-229
-320
-275
-228
-218
-213
-228
-255
-211
-130
-122
-90
-23
100
239
241
194
376
496
513
568
578
584
734
855
910
861
840
908
985
987
842
818
854
841
724
647
580
556
518
448
397
434
402
436
445
377
397
330
307
307
262
169
150
153
148
112
2
-25
-22
-72
-118
-266
-413
-499
-520
-603
-784
-907
-978
-1040
-1145
-1280
-1365
-1468
-1546
-1636
-1705
-1760
-1870
-1899
-1935
-1991
-1982
-1947
-2036
-2012
-1983
-1788
-1548
-1679
-1860
-1656
-1062
-762
-944
-1079
-768
-148
147
69
37
169
394
630
969
989
724
664
978
1215
1034
787
795
1012
974
751
668
766
673
455
262
114
24
-5
21
-78
-371
-578
-468
-326
-373
-555
-538
-512
-440
-425
-390
-323
-296
-204
34
130
116
209
474
608
509
537
670
925
1016
937
950
970
1015
1107
1208
1141
908
888
991
1002
848
754
721
705
647
516
457
387
343
330
271
230
124
185
218
94
-22
-68
-23
-56
-177
-218
-242
-323
-374
-389
-443
-549
-651
-703
-734
-765
-847
-954
-1025
-1160
-1214
-1259
-1271
-1303
-1361
-1450
-1495
-1504
-1536
-1525
-1557
-1554
-1532
-1421
-1360
-1396
-1349
-1299
-1266
-1254
-1168
-1142
-1115
-766
-525
-749
-946
-597
-5
78
-205
-435
-183
359
560
311
126
140
318
625
824
594
249
313
661
744
403
221
340
478
355
152
150
225
159
-11
-101
-173
-185
-54
11
-100
-297
-273
-64
-5
-120
-200
-119
-133
-100
-33
49
51
-38
8
107
197
124
176
164
112
125
313
424
357
342
307
395
417
388
361
388
412
402
476
482
451
432
443
475
469
536
560
579
599
604
680
721
769
747
730
736
726
779
859
757
685
685
689
737
686
603
592
521
425
392
315
220
47
-88
-192
-334
-388
-475
-591
-707
-759
-804
-819
-912
-994
-1009
-982
-1122
-1205
-1130
-1113
-1179
-1233
-1196
-1157
-1169
-1142
-1049
-1131
-1124
-1086
-1041
-854
-688
-803
-999
-878
-472
-266
-407
-557
-453
-97
168
168
141
186
272
513
829
932
724
597
844
1086
1004
851
803
911
939
807
773
807
793
650
635
624
539
466
504
479
301
232
163
203
133
53
-9
-69
-146
-184
-96
-64
-85
-183
-87
5
78
107
107
228
231
184
219
450
666
667
629
628
731
923
1134
1166
1091
1023
1163
1438
1499
1313
1184
1233
1356
1365
1293
1272
1210
1168
1147
1076
1045
983
862
789
688
644
580
596
549
392
325
317
296
181
124
12
-24
-95
-180
-197
-203
-236
-284
-336
-382
-358
-285
-330
-380
-445
-443
-429
-468
-431
-432
-390
-430
-433
-469
-481
-505
-488
-538
-575
-569
-609
-609
-635
-753
-824
-848
-888
-857
-786
-707
-803
-907
-788
-530
-451
-589
-692
-609
-364
-237
-210
-261
-278
-200
24
273
319
195
203
537
716
665
621
701
786
795
757
793
810
732
696
695
659
499
477
600
561
372
320
372
408
398
328
312
277
210
202
239
216
180
183
233
291
258
293
393
476
528
512
562
622
662
728
816
823
830
880
976
1017
939
955
985
1012
960
933
895
915
876
730
697
639
590
561
504
440
402
345
363
341
265
232
194
138
55
20
50
24
13
-26
9
29
24
5
-6
15
0
-67
-6
-43
-109
-167
-221
-265
-311
-310
-356
-404
-439
-489
-584
-676
-721
-773
-832
-909
-1009
-1009
-979
-1019
-1054
-1068
-1055
-1006
-1050
-1080
-1071
-1027
-1050
-999
-917
-805
-796
-799
-685
-577
-454
-425
-324
-216
-66
36
111
189
242
348
444
550
643
630
605
652
716
727
728
674
639
655
696
699
607
522
467
428
441
411
358
196
145
112
56
-10
-90
-98
-111
-144
-153
-259
-307
-192
-162
-232
-285
-199
-78
-35
-65
-9
5
95
179
139
217
235
346
475
527
495
418
482
533
613
635
661
694
659
700
652
659
674
699
691
651
592
575
590
548
581
484
428
441
407
398
333
281
199
130
108
39
6
-64
-197
-218
-253
-312
-395
-502
-620
-686
-707
-751
-793
-907
-948
-984
-1040
-1068
-1091
-1114
-1107
-1080
-1023
-1007
-992
-878
-788
-792
-794
-795
-756
-705
-771
-715
-661
-694
-693
-681
-604
-654
-653
-598
-529
-503
-519
-484
-379
-332
-313
-307
-249
-184
-153
-134
-138
-107
-52
47
94
122
107
151
321
385
419
416
441
514
513
530
507
471
449
497
495
420
350
313
334
315
277
224
199
184
245
225
193
136
123
155
129
137
128
42
3
55
56
30
-3
-18
32
87
108
67
24
49
9
50
85
79
92
113
124
69
118
211
245
259
282
276
304
331
285
316
310
266
270
256
325
318
280
185
156
156
103
71
31
-33
-157
-188
-233
-343
-407
-485
-573
-615
-592
-638
-702
-727
-745
-739
-782
-835
-846
-878
-901
-909
-945
-907
-906
-886
-883
-878
-861
-806
-791
-717
-675
-710
-603
-543
-516
-426
-401
-304
-236
-199
-133
-160
-151
-93
-114
-158
-118
-19
11
-35
-40
21
24
69
80
111
149
226
270
253
305
350
355
367
362
368
346
352
401
412
351
319
330
324
307
247
203
156
200
238
215
111
74
37
41
49
-24
-70
-103
-67
-80
-88
-136
-128
-167
-135
-100
-92
-92
-10
46
58
78
87
121
176
203
148
177
168
185
164
160
134
116
115
82
76
72
54
75
70
58
2
-14
-77
-105
-105
-194
-217
-310
-307
-346
-368
-355
-435
-453
-455
-445
-451
-458
-474
-481
-487
-499
-553
-530
-506
-570
-581
-658
-682
-681
-674
-661
-696
-712
-702
-710
-710
-709
-748
-732
-732
-719
-689
-675
-580
-533
-524
-488
-405
-360
-306
-225
-157
-119
-55
35
36
34
63
89
99
157
211
231
293
339
371
351
371
398
396
395
319
282
308
398
376
350
290
261
272
189
163
126
83
53
20
31
11
-34
-58
-63
-48
-81
-74
-48
-14
-16
-31
-8
-43
9
44
36
69
90
100
118
134
176
177
150
119
106
116
43
-9
16
20
-14
-18
5
-68
-81
-83
-94
-93
-146
-133
-116
-34
-33
-86
-85
-47
-112
-103
-71
-103
-93
-117
-80
-93
-85
-99
-61
-44
-77
-101
-90
-66
-125
-116
-94
-138
-132
-136
-132
-95
-125
-202
-144
-150
-127
-145
-228
-210
-247
-258
-266
-296
-315
-324
-301
-345
-369
-331
-322
-311
-288
-285
-265
-223
-220
-209
-190
-195
-188
-225
-223
-222
-245
-237
-233
-200
-187
-172
-144
-80
-70
-70
-98
-111
-89
-103
-115
-124
-85
-70
-122
-95
-29
-79
-73
2
-34
-54
-11
7
6
-42
20
52
5
13
10
7
3
-11
3
-15
-22
39
59
66
82
75
134
175
159
148
160
200
247
266
240
199
241
283
259
269
303
298
312
291
250
234
184
175
162
157
146
150
82
76
94
78
89
64
53
96
120
113
162
107
83
81
83
77
43
15
21
13
44
44
69
105
101
99
91
80
110
101
76
38
29
17
-73
-151
-198
-202
-240
-295
-410
-392
-398
-421
-441
-499
-460
-424
-452
-487
-400
-374
-357
-319
-325
-298
-342
-319
-268
-239
-189
-139
-107
-62
14
79
98
128
115
164
181
244
289
351
346
348
340
343
339
336
384
357
351
330
341
332
360
321
318
354
311
313
306
306
288
264
237
199
148
102
96
92
57
64
62
45
50
6
9
3
-11
-22
-21
8
-19
25
85
123
149
160
170
160
202
217
209
195
210
216
254
321
303
290
268
328
364
339
325
360
374
334
375
359
370
411
403
388
347
331
294
245
244
286
233
235
237
216
207
161
104
137
150
59
-20
-5
-35
-11
-10
-44
-81
-110
-114
-130
-108
-122
-113
-102
-56
-47
-37
-49
-18
9
52
112
150
145
105
122
99
61
33
94
142
156
145
156
165
201
185
166
171
130
112
134
127
69
117
118
74
90
58
50
77
38
39
16
24
22
27
39
-12
-4
14
-15
-4
42
30
41
36
40
66
51
33
57
70
104
129
158
211
191
163
133
226
267
248
291
346
375
366
396
450
430
422
399
394
449
464
420
393
396
370
347
321
330
279
245
231
179
176
182
165
174
177
164
208
217
148
128
106
63
109
80
60
71
53
35
51
23
19
60
58
69
102
100
96
140
117
141
139
162
127
73
80
81
81
38
99
85
100
153
146
149
125
131
166
113
125
88
79
31
-25
-30
-54
-22
-7
-55
-98
-51
-75
-94
-73
-85
-34
-45
-3
49
65
72
19
138
127
104
126
211
231
263
315
362
411
441
450
430
482
444
434
421
458
474
464
433
419
371
364
379
344
345
280
239
255
223
195
170
109
70
56
29
13
26
-11
-27
-22
-84
-84
-130
-148
-111
-101
-87
-77
-52
-18
10
-16
21
22
39
92
112
190
209
214
306
302
311
385
384
412
359
376
419
389
406
339
330
315
298
262
301
286
240
252
284
251
176
172
105
113
97
63
49
24
30
-32
-48
-32
-61
-98
-156
-134
-107
-125
-114
-102
-115
-136
-134
-133
-144
-136
-77
-79
-70
-87
-5
-14
-53
-30
-33
-12
3
-6
42
68
51
113
118
134
128
165
195
199
199
162
179
210
210
200
210
186
189
170
90
84
92
35
-43
-69
-131
-90
-166
-170
-154
-207
-158
-182
-174
-165
-193
-225
-208
-195
-243
-216
-205
-162
-146
-146
-90
-107
-88
-35
6
55
72
115
113
139
155
137
122
122
140
143
162
180
230
253
233
237
229
252
207
197
180
136
154
97
91
88
84
30
-10
6
17
-44
-40
-37
-65
-31
-68
-55
-37
-63
-57
-37
-15
-12
-1
-65
-50
-1
-24
2
13
25
67
102
99
67
124
182
153
202
188
191
222
230
209
130
117
103
108
112
105
63
62
31
17
8
-34
-49
-76
-68
-87
-92
-89
-24
-58
-66
-96
-116
-98
-103
-121
-151
-103
-74
-61
-86
-67
-60
-34
-68
-85
-76
-86
-122
-24
14
45
97
48
56
88
135
136
92
83
104
52
99
88
89
107
112
85
92
106
76
56
54
62
66
81
56
60
38
40
96
37
72
53
30
54
50
57
35
79
53
12
-18
0
21
32
60
62
96
60
87
123
134
125
212
247
220
273
228
254
277
317
350
336
356
348
330
359
385
391
393
323
304
291
296
252
219
157
113
114
89
60
18
-26
-80
-74
-110
-137
-112
-129
-151
-166
-187
-191
-221
-282
-303
-323
-316
-289
-271
-226
-215
-200
-189
-169
-152
-113
-91
-67
-74
-43
-29
3
55
75
141
145
166
140
141
174
215
216
242
258
263
281
308
312
325
333
299
274
268
257
247
256
266
251
228
219
172
159
131
119
97
75
89
82
52
39
68
34
36
69
29
71
45
72
72
70
73
80
114
123
69
71
102
48
86
105
132
148
171
167
178
235
214
205
268
269
255
247
236
217
246
237
206
179
167
158
170
167
183
166
168
226
215
215
232
199
215
163
212
206
144
153
89
139
144
125
159
180
166
225
260
313
340
336
325
332
357
308
312
300
289
318
321
266
273
301
320
348
349
341
311
320
284
305
338
307
281
299
303
291
249
263
299
242
248
252
256
273
304
255
212
202
185
194
217
179
165
171
188
172
128
160
162
164
211
201
240
244
265
207
217
219
213
282
253
255
301
272
304
320
320
298
295
282
259
249
234
239
261
313
327
338
387
384
364
407
411
407
404
429
385
415
467
441
452
470
491
479
485
531
499
552
496
489
461
447
442
437
463
460
461
441
483
463
454
456
425
425
417
371
328
388
396
403
397
381
407
386
371
380
376
367
357
330
358
368
386
307
319
318
273
252
242
248
243
194
209
197
180
214
110
85
71
65
49
66
74
62
58
106
162
164
155
156
175
177
196
225
284
319
303
324
346
378
367
373
360
403
445
446
440
475
500
514
509
496
506
492
467
463
476
455
478
442
424
424
428
410
450
450
407
422
412
391
358
315
272
280
310
235
251
198
201
217
173
127
133
195
126
157
146
167
194
193
219
247
281
256
263
308
293
267
254
265
309
323
323
277
291
270
302
291
296
320
283
320
321
344
376
357
354
353
371
405
393
379
386
321
305
254
221
241
245
254
247
282
285
277
250
269
253
237
184
185
208
229
297
259
288
302
324
325
328
277
283
295
304
280
307
303
289
286
258
309
264
231
243
228
252
214
211
194
162
263
239
243
236
207
235
211
163
193
185
175
164
125
164
180
166
165
141
117
117
90
78
65
45
16
17
-21
-78
-82
-55
-61
-92
-58
-29
-9
9
19
14
60
49
27
30
38
33
13
32
56
59
76
121
125
147
194
192
211
241
223
235
194
190
221
227
227
210
220
220
244
248
220
206
190
185
175
123
96
124
99
68
60
68
75
35
28
35
18
-25
69
23
23
16
32
103
136
134
99
116
131
121
77
79
93
89
65
15
48
55
28
67
54
22
2
41
30
27
1
27
19
-33
6
-33
-49
-65
-80
-101
-105
-100
-129
-143
-161
-194
-214
-207
-201
-197
-143
-156
-158
-196
-225
-229
-251
-209
-223
-214
-200
-217
-242
-261
-257
-237
-184
-152
-111
-138
-177
-111
-85
-134
-101
-82
-107
-84
-112
-79
-115
-105
-103
-98
-65
-64
-94
-86
-50
-64
-74
-73
-2
-16
1
18
-21
-3
37
-10
-26
-9
-20
-32
-82
-84
-86
-92
-69
-120
-143
-134
-116
-127
-93
-68
-67
-74
-98
-115
-104
-86
-64
-75
-102
-84
-47
-50
-87
-86
-110
-68
-61
-69
-111
-116
-147
-130
-105
-117
-131
-126
-160
-177
-161
-210
-208
-232
-204
-174
-193
-173
-190
-173
-198
-206
-209
-189
-177
-202
-222
-236
-244
-243
-226
-254
-255
-252
-270
-281
-238
-250
-225
-189
-205
-184
-197
-232
-212
-149
-209
-251
-221
-213
-208
-258
-250
-209
-232
-216
-160
-216
-217
-165
-189
-174
-191
-171
-132
-135
-145
-103
-100
-137
-177
-139
-139
-148
-165
-181
-123
-144
-127
-93
-115
-142
-126
-105
-151
-115
-189
-201
-103
-143
-150
-133
-187
-183
-158
-108
-74
-84
-39
-82
-64
-80
-136
-200
-238
-191
-199
-247
-219
-175
-190
-177
-173
-152
-160
-172
-197
-174
-169
-167
-204
-212
-173
-186
-224
-248
-269
-270
-282
-320
-322
-312
-260
-235
-234
-223
-234
-279
-225
-242
-266
-216
-222
-217
-214
-192
-185
-249
-243
-259
-255
-228
-241
-223
-265
-254
-260
-215
-190
-207
-205
-199
-160
-187
-170
-160
-144
-115
-188
-257
-291
-299
-294
-324
-303
-280
-255
-263
-248
-265
-273
-265
-338
-299
-312
-309
-298
-313
-284
-272
-266
-339
-328
-329
-323
-330
-295
-265
-278
-207
-213
-187
-179
-158
-168
-174
-188
-183
-200
-209
-218
-226
-224
-247
-226
-222
-162
-186
-165
-167
-222
-238
-251
-268
-227
-178
-209
-209
-192
-199
-173
-177
-233
-198
-214
-251
-193
-200
-220
-210
-197
-229
-242
-255
-278
-301
-308
-347
-372
-293
-287
-286
-277
-266
-255
-264
-236
-251
-215
-244
-233
-251
-294
-274
-296
-262
-264
-235
-209
-175
-146
-137
-118
-136
-102
-74
-62
-3
-25
-24
-18
-1
-39
-67
-104
-134
-115
-111
-128
-159
-133
-149
-118
-104
-146
-155
-128
-109
-109
-96
-124
-125
-180
-221
-270
-296
-327
-392
-393
-419
-416
-458
-463
-423
-415
-364
-358
-386
-403
-433
-393
-399
-387
-377
-387
-376
-385
-321
-323
-320
-289
-249
-300
-287
-285
-255
-164
-182
-106
-145
-95
-54
-79
-82
-135
-100
-115
-133
-167
-148
-155
-169
-190
-254
-280
-243
-275
-312
-293
-312
-303
-320
-290
-292
-284
-326
-309
-275
-302
-258
-258
-247
-269
-267
-262
-302
-279
-263
-238
-249
-246
-220
-214
-191
-193
-229
-188
-142
-174
-187
-227
-192
-252
-259
-270
-247
-238
-238
-241
-256
-249
-226
-205
-193
-183
-170
-211
-216
-191
-192
-188
-186
-168
-152
-199
-246
-231
-240
-282
-255
-221
-254
-247
-247
-213
-163
-191
-234
-171
-171
-164
-150
-143
-142
-187
-178
-191
-201
-216
-209
-212
-280
-246
-249
-263
-288
-274
-272
-292
-216
-219
-208
-214
-208
-199
-239
-239
-228
-261
-288
-286
-293
-292
-286
-298
-308
-319
-357
-312
-291
-319
-292
-264
-268
-297
-292
-340
-316
-288
-320
-297
-266
-274
-258
-239
-255
-229
-172
-168
-191
-188
-184
-233
-232
-205
-207
-197
-205
-163
-163
-163
-195
-168
-180
-192
-170
-192
-131
-97
-117
-165
-104
-142
-172
-142
-184
-176
-150
-187
-212
-179
-149
-125
-89
-131
-118
-92
-97
-115
-129
-131
-151
-148
-182
-177
-142
-149
-173
-189
-189
-108
-120
-131
-131
-141
-143
-181
-125
-141
-159
-147
-210
-255
-218
-201
-260
-230
-212
-271
-278
-286
-314
-342
-350
-326
-357
-345
-368
-359
-326
-322
-354
-393
-334
-345
-355
-313
-319
-274
-243
-238
-256
-273
-315
-279
-275
-282
-253
-195
-170
-171
-138
-144
-151
-160
-139
-124
-103
-79
-90
-30
-49
-44
-6
-32
-15
-23
-14
-27
-45
-47
-19
-37
-24
-46
-72
-52
-83
-54
-53
-14
-9
6
13
0
4
-90
-95
-103
-117
-120
-96
-84
-147
-120
-140
-117
-166
-183
-157
-122
-95
-146
-106
-146
-198
-179
-173
-128
-147
-190
-213
-222
-169
-146
-150
-131
-116
-103
-146
-120
-130
-139
-166
-122
-87
-135
-95
-110
-124
-141
-173
-154
-184
-194
-157
-156
-146
-202
-153
-115
-147
-130
-169
-123
-114
-148
-112
-150
-170
-159
-145
-144
-102
-102
-80
-70
-94
-97
-105
-74
-47
-3
-17
-24
-27
-14
-33
-20
12
-34
-31
-60
-30
-7
-9
6
-6
-5
-6
-23
-47
-90
-89
-105
-48
-18
18
39
45
23
40
51
1
35
-12
-25
-69
-35
-7
14
14
23
79
61
45
1
28
11
-22
-28
-49
-56
-43
-7
13
32
11
55
34
56
76
88
76
108
97
83
129
147
134
88
131
142
140
111
123
117
130
125
108
149
122
147
166
170
191
150
125
128
104
55
86
80
70
58
58
19
7
-5
-70
-99
-103
-141
-181
-133
-119
-125
-130
-75
-83
-138
-83
-80
-108
-90
-80
-90
-100
-127
-98
-55
-21
-3
29
56
88
124
140
197
223
233
246
237
212
266
291
238
253
233
173
195
163
181
203
153
187
138
160
115
100
132
124
108
113
140
98
92
71
18
-10
-27
6
-12
-61
-76
-79
-115
-102
-111
-131
-41
-103
-93
-67
-74
-60
-63
-67
-68
-23
-17
-84
-69
-51
-40
-24
-9
-8
-28
7
-32
-19
-10
74
101
102
113
110
130
76
69
48
91
93
101
97
59
102
74
55
49
9
19
28
-39
14
9
1
5
-9
5
20
30
2
28
18
34
21
12
42
42
30
-8
25
33
50
73
99
128
137
124
149
166
166
139
129
116
111
124
105
126
97
55
105
53
45
77
65
119
76
50
78
69
103
116
86
158
155
133
135
153
150
157
148
177
174
141
185
183
184
173
168
167
115
132
110
109
78
127
113
113
88
27
21
20
-5
-58
-65
-18
8
11
42
50
12
33
-6
-26
11
26
35
26
36
20
73
92
147
153
152
141
144
179
173
169
181
199
167
131
107
123
137
43
107
124
99
100
73
87
70
79
80
87
80
119
96
148
132
134
78
89
85
103
86
115
152
81
74
80
72
31
16
38
59
46
39
50
54
64
82
85
22
23
87
85
50
54
108
82
66
57
44
18
72
106
78
106
81
66
85
70
69
9
5
24
-15
6
16
48
59
57
60
80
136
122
144
149
170
184
149
171
185
196
166
187
200
177
159
141
160
123
86
110
117
26
-4
16
-67
-120
-119
-98
-103
-134
-96
-78
-101
-56
-46
-70
-88
-106
-105
-97
-80
-97
-79
-63
-49
-12
8
23
74
90
99
139
138
114
191
187
193
224
226
229
196
179
171
183
229
232
262
278
245
315
293
305
328
277
277
250
241
235
195
125
107
115
109
85
97
47
44
43
19
14
-19
-23
-68
5
3
-30
-15
-41
-40
-6
-75
-121
-138
-157
-162
-112
-88
-57
24
20
24
76
86
131
166
185
193
178
158
176
170
161
145
131
102
92
175
177
215
219
207
205
209
193
197
183
145
105
85
82
24
16
32
-3
-26
-17
-6
-26
-12
-3
-34
-40
19
31
-41
-26
-47
-30
-60
-55
-35
-84
-64
-33
-12
44
50
17
10
26
-21
27
50
65
102
91
76
71
131
105
78
60
63
54
61
35
74
79
63
74
83
57
53
76
63
79
61
64
80
66
79
41
-17
-24
-32
-38
-67
-94
-61
-68
-35
-44
-37
-12
-27
-64
-115
-63
-10
-39
-33
-80
-63
-85
-45
-26
-29
-10
-54
2
-20
-15
-28
-15
-16
11
61
-3
-10
19
36
32
67
75
66
101
98
76
98
129
91
117
125
68
88
126
105
110
95
103
69
94
104
67
86
82
60
76
63
3
12
8
-33
-34
-68
-79
-96
-77
-39
-63
-69
-28
-46
-111
-24
-58
-62
-124
-66
-88
-136
-73
-119
-98
-107
-98
-110
-144
-150
-179
-147
-68
-65
-38
-10
10
10
3
9
55
45
70
67
8
-24
-15
-8
-30
-50
-23
-32
-66
-42
-59
-63
-82
-116
-96
-114
-117
-147
-181
-173
-194
-200
-166
-194
-192
-168
-137
-206
-179
-149
-173
-123
-130
-117
-104
-99
-84
-34
-28
-42
-39
-15
-4
44
43
27
43
45
65
53
60
80
66
35
26
89
63
70
89
87
151
103
59
95
58
44
14
19
7
-14
-28
-72
-82
-90
-117
-82
-74
-116
-53
-36
-1
-6
-18
-14
-31
-61
4
-2
15
-10
-10
-26
-57
-55
-67
-46
-16
-35
-61
18
19
21
30
-12
14
48
17
52
67
30
-16
-13
-17
-23
-36
-67
-11
-39
-72
-69
-75
5
-56
-19
9
22
17
4
-20
-28
-11
-93
-51
-54
-75
-76
-68
-53
-102
-56
-36
-36
-8
14
-22
-15
0
-35
-1
-9
-40
-27
-42
-56
-79
-38
-35
-100
-69
-67
-98
-62
-93
-107
-73
-123
-106
-103
-83
-63
-64
-66
-61
-36
-18
0
-25
3
-11
-45
-18
-17
-53
-41
-22
-71
-42
-35
-46
-41
-20
35
24
-3
-9
-3
-19
11
5
-7
16
55
66
56
38
8
-34
-25
-9
0
38
33
11
-17
-45
-48
-59
-20
-65
-97
-104
-118
-106
-155
-114
-111
-49
-75
-64
-57
-51
-80
-89
-33
-76
-80
-81
-54
-33
29
13
2
32
19
-1
3
47
24
-13
-9
-16
-61
-63
-28
-42
-11
-37
-52
-47
-74
-70
-113
-100
-95
-109
-82
-51
-75
-72
-77
-105
-106
-80
-73
-78
-109
-69
-88
-25
-89
-36
14
-30
14
-26
6
21
-7
-14
54
62
83
122
85
94
72
89
83
91
97
103
86
63
45
4
12
22
-2
1
69
37
6
0
6
-9
6
72
82
61
25
64
75
57
46
27
43
49
17
60
62
67
57
78
94
33
69
35
-33
-19
-74
-50
-45
-34
-66
-74
-88
-126
-154
-165
-141
-191
-146
-87
-55
-106
-26
-54
-70
-54
-42
-5
-25
-22
-28
-15
0
-24
-24
-31
-21
38
39
44
57
89
102
98
104
97
61
33
37
42
10
-22
-11
-56
-37
-36
-10
27
20
-4
-41
13
-49
-126
-96
-60
-24
-29
5
-23
25
-6
7
11
-39
-57
-95
-47
-25
-29
-31
-76
-34
39
37
2
-5
-52
-61
-43
-40
-25
-4
-25
-58
-8
-12
1
69
85
84
64
125
81
58
43
42
40
2
-11
-29
16
-7
19
-19
1
9
27
50
48
47
30
9
35
31
-15
-29
-37
-32
-75
-46
-79
-102
-80
-56
-50
-62
-82
-104
-104
-72
5
-22
-10
-2
18
23
41
28
23
0
33
46
24
53
68
69
38
0
3
-1
18
68
74
95
64
69
94
110
108
116
92
37
44
19
-1
-16
-11
-41
-74
-133
-137
-102
-86
-94
-82
-72
-89
-89
-96
-85
-86
-92
-82
-82
-142
-128
-119
-129
-131
-127
-124
-143
-143
-167
-141
-98
-106
-81
-93
-126
-107
-121
-50
-60
-49
-36
-80
-46
-45
-28
-26
-54
-69
-37
-32
-65
-69
-18
19
44
60
48
37
47
66
50
72
105
72
97
110
66
110
59
-28
0
-77
-102
-113
-109
-105
-108
-132
-101
-64
-88
-91
-57
-67
-78
-86
-68
-121
-131
-97
-131
-96
-78
-48
-27
-41
-88
-51
-5
6
50
99
78
144
81
81
112
99
89
86
59
28
33
14
64
37
-7
7
11
1
12
41
12
8
-19
-56
-41
-71
-81
-50
-45
-64
-101
-39
-41
-67
-37
-89
-88
-101
-88
-88
-42
-45
-39
-26
-81
-56
-24
-28
-3
1
-12
-44
-35
-72
-85
-95
-94
-121
-108
-91
-100
-59
-81
-25
-27
-31
-24
-60
-79
-76
-95
-109
-79
-90
-58
-93
-82
-75
-110
-70
-37
-70
-88
-88
-78
-44
-63
-78
-76
-132
-154
-159
-122
-117
-127
-67
-93
-101
-114
-70
-92
-62
-64
-73
-21
0
-11
-37
-35
-68
-48
-49
-57
-48
-81
-43
-125
-114
-154
-211
-158
-135
-135
-115
-106
-115
-114
-93
-110
-95
-91
-98
-60
-63
-60
-93
-77
-90
-101
-176
-178
-179
-162
-145
-139
-95
-114
-113
-129
-138
-114
-118
-110
-126
-154
-176
-157
-154
-182
-203
-206
-208
-260
-278
-207
-234
-232
-226
-231
-210
-203
-226
-200
-227
-239
-215
-240
-233
-282
-343
-312
-286
-285
-254
-217
-201
-191
-220
-185
-168
-157
-119
-117
-105
-108
-99
-78
-62
-58
-16
-61
-80
13
-15
-56
-18
-59
-44
-43
-56
-84
-118
-158
-132
-162
-150
-97
-126
-129
-131
-139
-148
-165
-197
-159
-192
-213
-203
-206
-206
-218
-239
-287
-191
-182
-247
-230
-218
-162
-140
-148
-124
-115
-153
-114
-158
-168
-116
-183
-197
-156
-192
-126
-98
-128
-101
-127
-152
-110
-91
-126
-128
-56
-49
-93
-14
-61
-88
-69
-122
-150
-150
-100
-149
-90
-79
-101
-78
-64
-48
-54
-26
6
10
-9
17
-16
-38
-55
-164
-129
-157
-142
-139
-140
-172
-218
-206
-206
-171
-190
-159
-163
-184
-169
-175
-176
-184
-193
-170
-172
-182
-175
-143
-101
-118
-88
-64
-58
22
-1
-23
-14
-1
-4
-45
-22
-12
-31
-35
-36
-42
-26
-41
-40
-39
-45
-50
-59
-52
-130
-92
-55
-48
-65
-70
-71
-104
-157
-197
-138
-176
-214
-183
-151
-92
-71
-41
-32
-41
-41
-46
-33
21
-11
54
51
23
5
3
-41
-49
-24
-35
1
17
87
30
40
64
63
44
69
93
74
86
87
131
74
33
78
79
109
63
54
58
46
36
30
11
-31
-19
-49
-32
-83
-18
-58
-77
-71
-83
-94
-110
-91
-70
-108
-112
-92
-118
-72
-34
-7
-25
-33
-31
-49
-33
-32
-74
-48
-7
3
29
12
16
58
88
117
179
137
140
157
124
87
90
91
100
111
57
102
141
106
102
99
100
96
118
85
79
47
91
101
70
84
82
44
37
29
1
49
10
37
3
-16
38
84
65
108
127
82
89
87
109
57
22
1
35
40
67
128
63
33
72
25
74
116
93
55
109
75
43
72
53
35
43
22
7
27
65
105
59
75
122
46
35
71
12
72
81
75
93
83
116
92
46
85
62
46
44
96
90
72
136
155
143
183
179
165
145
152
135
126
141
139
164
106
128
219
174
183
212
173
145
167
180
167
201
221
194
134
129
151
125
70
81
83
85
75
44
54
86
90
50
66
46
26
-5
-16
29
-19
-38
-28
-58
-47
-36
-56
-59
-90
-87
-81
-17
-50
-36
56
45
84
109
125
123
141
177
176
198
211
216
258
259
281
315
275
275
243
204
162
115
99
64
80
26
31
16
37
65
49
33
18
33
60
-21
-23
41
46
42
22
5
50
61
81
124
116
111
133
155
135
128
134
135
121
141
165
202
177
179
123
135
134
95
104
75
58
68
55
41
47
28
4
-8
22
-14
33
35
39
72
80
68
111
112
104
129
99
80
37
49
-34
-25
-29
-37
-50
-70
-65
-72
-7
-34
11
65
31
57
50
-28
-41
0
20
26
6
53
38
51
113
123
112
148
142
113
182
209
157
128
108
122
113
103
96
85
117
130
109
113
92
112
96
132
158
100
97
120
107
73
142
68
26
32
22
32
-13
-66
-77
-55
-43
-34
-27
33
52
72
74
72
98
78
81
83
58
101
129
78
87
125
100
161
175
165
141
178
163
137
151
102
72
53
76
45
19
43
40
45
31
0
-26
-27
-88
-78
-85
-99
-42
-42
-47
-39
-37
-22
-35
-67
-51
-86
-81
-77
-77
-59
-96
-68
-24
-6
-15
-33
-3
-14
-32
-23
-16
-26
-15
-39
-7
40
81
97
110
90
61
109
35
45
69
23
41
34
-18
-46
-20
-71
-122
-83
-109
-100
-55
-110
-98
-96
-121
-114
-80
-102
-127
-105
-86
-94
-101
-116
-156
-136
-128
-127
-144
-138
-107
-69
-46
-49
-28
20
52
54
57
63
47
88
100
85
123
65
66
54
52
6
-40
-23
-72
-42
-46
-28
7
2
13
25
3
-46
2
-1
13
40
22
56
51
36
30
4
19
-9
-44
-37
-65
-84
-37
-61
-98
-82
-55
-79
-87
-92
-69
-9
-52
-62
-17
-62
-58
-29
-88
-67
-91
-93
-135
-63
-47
-26
-13
-79
-21
-49
-9
-4
3
-13
1
7
-10
-33
-22
19
-27
-65
-34
-4
-40
-36
4
1
-24
-35
-25
-30
-90
-137
-145
-121
-119
-66
-108
-86
-98
-77
-57
-63
-49
-60
-74
-70
-63
-108
-97
-58
-84
-67
-90
-77
-50
-51
-11
-11
-7
31
45
43
36
12
-9
-53
2
-8
-52
-39
-21
-17
-36
-35
22
14
-3
13
-22
5
-65
-131
-164
-148
-198
-230
-212
-201
-175
-184
-168
-164
-163
-140
-97
-111
-107
-89
-62
-33
-1
-30
-19
-29
-58
-50
-77
-121
-163
-158
-104
-70
-95
-58
-43
-51
-26
-29
-55
-68
-70
-102
-180
-173
-173
-143
-138
-107
-54
-72
-63
-106
-67
-48
-41
2
18
-4
-11
65
47
8
51
47
42
40
8
-45
-29
-76
-64
-83
-115
-85
-83
-104
-121
-68
-73
-91
-111
-75
-69
-40
-60
-39
-39
-31
-6
-63
-33
-39
-71
-65
-120
-102
-96
-142
-124
-129
-101
-60
-33
-38
-9
17
2
-33
-40
-35
-122
-113
-129
-119
-129
-122
-115
-121
-82
-89
-120
-64
-56
-68
-33
-48
-70
-58
-5
-37
-32
-32
-9
-7
32
8
3
39
78
61
25
2
-16
-21
-61
-74
-79
-75
-140
-149
-162
-161
-168
-156
-158
-122
-148
-160
-172
-165
-105
-108
-130
-133
-121
-88
-123
-93
-140
-178
-179
-169
-155
-124
-132
-150
-129
-200
-170
-134
-131
-113
-80
-94
-123
-130
-105
-160
-136
-143
-141
-107
-132
-111
-99
-135
-142
-118
-148
-134
-117
-155
-143
-179
-177
-153
-103
-98
-164
-167
-164
-146
-106
-110
-83
-97
-114
-73
-73
-70
-86
-112
-101
-125
-139
-173
-154
-164
-162
-112
-137
-120
-106
-98
-129
-112
-67
-84
-71
-91
-92
-89
-133
-130
-87
-58
-45
-56
-46
-75
-94
-47
-46
-81
-78
-154
-170
-136
-100
-145
-146
-128
-118
-167
-174
-173
-191
-156
-193
-184
-209
-218
-183
-198
-214
-222
-164
-86
-64
-85
-112
-119
-159
-153
-126
-49
-52
-90
-98
-112
-78
-124
-141
-148
-177
-168
-143
-136
-128
-140
-147
-148
-146
-68
-54
-82
-72
-85
-131
-154
-152
-162
-185
-205
-187
-213
-288
-277
-240
-253
-268
-294
-310
-290
-309
-310
-275
-264
-312
-274
-234
-220
-242
-265
-269
-264
-202
-210
-230
-215
-186
-189
-154
-159
-130
-134
-114
-83
-102
-94
-73
-63
-129
-162
-144
-138
-154
-192
-190
-210
-216
-159
-187
-138
-148
-159
-152
-115
-90
-122
-152
-189
-154
-224
-262
-275
-280
-248
-264
-242
-209
-182
-148
-160
-180
-150
-112
-90
-50
-13
-24
-10
-23
-20
7
5
-8
-22
-20
-44
-60
-102
-128
-114
-92
-111
-99
-89
-109
-140
-144
-157
-186
-199
-253
-292
-261
-246
-282
-314
-354
-327
-351
-374
-380
-371
-353
-343
-363
-348
-264
-246
-169
-177
-197
-184
-172
-141
-117
-85
-125
-97
-69
-78
-72
-51
-27
-102
-81
-78
-68
-71
-117
-127
-126
-111
-104
-57
-97
-128
-119
-103
-65
-91
-125
-137
-117
-132
-141
-110
-150
-140
-148
-172
-151
-155
-117
-133
-126
-87
-51
-61
-72
-80
-126
-83
-173
-128
-153
-210
-194
-192
-245
-281
-220
-251
-232
-302
-239
-229
-214
-243
-251
-229
-261
-253
-228
-250
-239
-175
-240
-245
-183
-196
-181
-116
-93
-52
-117
-132
-115
-96
-77
-131
-132
-154
-115
-68
-77
-60
-45
-71
-60
-73
-85
-68
-90
-68
-77
-95
-87
-116
-158
-122
-78
-79
-101
-66
-88
-82
-69
-69
-15
-36
14
9
13
