SAMPLES:	18002
BITSPERSAMPLE:	16
CHANNELS:	1
SAMPLERATE:	16000
NORMALIZED:	FALSE
404
453
425
429
416
438
471
458
480
459
429
400
410
408
372
337
280
281
268
233
222
242
172
181
168
164
174
157
130
114
78
85
49
-1
-27
-39
-72
-42
10
-16
0
15
-9
-20
-14
-13
-34
-42
-58
-38
-11
-17
2
-1
-33
-22
-8
-28
-65
-42
-41
-46
-78
-90
-88
-108
-112
-93
-100
-83
-108
-105
-82
-101
-73
-44
-56
-59
-69
-97
-91
-78
-105
-105
-117
-168
-170
-169
-176
-227
-229
-248
-251
-266
-252
-245
-271
-282
-263
-224
-262
-217
-205
-219
-232
-228
-210
-214
-197
-193
-215
-228
-219
-203
-163
-131
-110
-133
-147
-128
-137
-143
-116
-152
-139
-123
-153
-204
-188
-174
-211
-243
-258
-266
-246
-248
-246
-275
-245
-275
-284
-235
-241
-215
-193
-225
-236
-197
-179
-172
-189
-223
-187
-181
-193
-170
-177
-130
-124
-107
-130
-157
-179
-246
-226
-232
-254
-225
-253
-249
-270
-280
-277
-268
-281
-338
-304
-307
-280
-295
-357
-329
-339
-331
-292
-262
-308
-325
-328
-346
-336
-343
-309
-311
-292
-304
-304
-246
-266
-241
-245
-226
-201
-155
-197
-169
-181
-172
-164
-211
-203
-267
-224
-281
-303
-267
-312
-317
-285
-322
-385
-385
-310
-346
-339
-360
-354
-302
-343
-330
-340
-295
-255
-254
-275
-269
-291
-283
-228
-270
-262
-232
-252
-228
-264
-251
-196
-203
-204
-236
-290
-258
-248
-235
-238
-229
-268
-277
-250
-256
-235
-292
-318
-284
-332
-325
-380
-363
-365
-387
-400
-385
-357
-408
-388
-421
-414
-385
-391
-374
-392
-355
-357
-382
-372
-366
-360
-341
-348
-350
-301
-308
-288
-302
-328
-280
-293
-298
-327
-321
-303
-304
-340
-315
-363
-345
-353
-386
-354
-395
-326
-334
-299
-331
-301
-232
-264
-229
-260
-285
-272
-270
-315
-338
-347
-355
-303
-303
-341
-351
-301
-314
-295
-297
-312
-301
-291
-247
-242
-286
-257
-273
-272
-214
-230
-259
-259
-162
-159
-159
-140
-134
-160
-165
-154
-207
-193
-212
-216
-219
-208
-210
-230
-191
-261
-290
-296
-311
-303
-328
-324
-273
-244
-238
-202
-207
-198
-183
-175
-201
-193
-221
-198
-188
-232
-235
-226
-224
-218
-158
-132
-99
-58
-71
-27
-47
-14
15
3
13
-57
-38
-31
-15
-42
23
6
-38
-41
-50
6
-51
-44
-11
25
47
11
-6
-1
-82
-126
-132
-178
-196
-174
-135
-131
-145
-192
-145
-113
-84
-67
-78
-19
-17
-34
-47
-71
-98
-81
-56
-65
-69
-102
-94
-92
-111
-81
-49
-25
-22
-10
-33
-56
-65
-77
-92
-120
-126
-126
-106
-77
-48
-4
-50
-51
-45
-74
-61
-42
-22
-26
1
15
-21
14
0
-52
19
36
31
66
30
64
102
106
144
139
172
141
142
162
75
78
74
54
3
7
-4
-5
-13
-56
-60
-30
53
40
17
-17
6
-26
-60
-28
-60
-84
-43
15
40
29
50
46
66
73
74
113
204
195
194
183
148
126
121
132
105
115
63
32
25
57
41
74
67
28
43
29
36
1
-11
-3
45
0
-58
-9
-54
-71
-41
-38
9
0
-21
-18
-40
-24
-27
5
19
-24
-17
-38
-40
-40
-45
-16
9
-59
-77
-131
-76
-48
-38
-62
-61
-50
-98
-73
-130
-116
-123
-99
-133
-111
-154
-124
-128
-156
-167
-207
-168
-162
-154
-170
-147
-130
-162
-139
-94
-83
-86
-81
-74
-92
-95
-122
-127
-123
-109
-105
-149
-136
-128
-76
-42
-21
-28
-20
-23
-35
-59
-76
-86
-137
-141
-157
-176
-214
-246
-271
-290
-297
-309
-311
-259
-295
-337
-316
-301
-280
-309
-319
-337
-336
-328
-321
-331
-289
-310
-295
-260
-309
-293
-264
-254
-298
-264
-262
-266
-266
-264
-213
-216
-168
-133
-115
-113
-69
-32
-68
-44
-63
-71
-58
-30
-75
-71
-85
-163
-197
-277
-330
-340
-335
-359
-299
-295
-290
-283
-317
-279
-263
-222
-181
-204
-208
-227
-232
-302
-342
-361
-358
-344
-379
-322
-316
-337
-370
-374
-305
-300
-258
-249
-270
-289
-250
-242
-245
-254
-266
-264
-231
-189
-233
-239
-291
-332
-384
-391
-393
-432
-390
-384
-386
-383
-412
-439
-437
-454
-449
-441
-461
-402
-446
-435
-456
-469
-497
-515
-517
-480
-463
-435
-425
-414
-445
-443
-436
-455
-426
-411
-413
-396
-352
-338
-301
-316
-294
-304
-273
-275
-293
-250
-282
-288
-302
-333
-297
-280
-291
-300
-315
-318
-346
-321
-351
-352
-332
-339
-387
-434
-418
-481
-494
-529
-535
-534
-508
-457
-470
-412
-424
-415
-421
-419
-424
-432
-448
-499
-512
-499
-520
-541
-547
-574
-513
-515
-511
-479
-437
-426
-432
-455
-461
-456
-473
-486
-447
-443
-426
-419
-426
-351
-398
-392
-386
-407
-372
-374
-382
-380
-401
-354
-354
-350
-422
-472
-466
-495
-492
-539
-521
-509
-519
-507
-548
-493
-468
-499
-477
-454
-436
-406
-398
-366
-292
-256
-255
-253
-238
-262
-260
-271
-263
-270
-254
-229
-205
-172
-183
-168
-89
-84
-67
-77
-93
-108
-118
-86
-108
-112
-140
-159
-171
-174
-260
-302
-298
-322
-302
-249
-288
-275
-253
-283
-232
-179
-228
-218
-214
-297
-333
-343
-353
-396
-397
-384
-365
-310
-252
-250
-196
-153
-171
-90
-119
-82
-50
-45
-57
-61
-50
-63
-66
-80
-95
-88
-68
-79
-61
-83
-68
-107
-70
-39
-66
-58
10
26
-19
-2
-48
-120
-153
-132
-161
-182
-161
-142
-147
-143
-135
-94
-75
-121
-115
-97
-64
-56
-77
-74
-113
-107
-146
-158
-117
-97
-123
-128
-146
-125
-95
-87
-50
-70
-54
-45
-34
-54
-79
-55
-87
-110
-98
-104
-132
-106
-120
-127
-117
-133
-76
-61
-48
-11
-10
19
25
25
26
17
33
11
-43
-53
6
-59
-83
-58
-89
-83
-89
-71
-86
-105
-71
-97
-116
-139
-139
-170
-221
-190
-205
-172
-206
-191
-153
-162
-153
-163
-184
-232
-209
-239
-211
-209
-191
-194
-212
-187
-227
-275
-269
-288
-279
-270
-275
-207
-252
-264
-214
-223
-199
-172
-228
-199
-187
-220
-230
-216
-215
-215
-261
-263
-247
-312
-307
-336
-309
-281
-310
-263
-255
-282
-292
-302
-326
-335
-277
-294
-303
-272
-302
-355
-356
-363
-345
-336
-383
-342
-311
-341
-350
-340
-374
-382
-350
-367
-346
-357
-371
-335
-305
-325
-303
-324
-364
-358
-404
-412
-440
-412
-440
-461
-420
-406
-405
-456
-467
-462
-452
-485
-466
-451
-465
-468
-449
-439
-451
-453
-466
-451
-480
-416
-454
-442
-413
-432
-358
-347
-358
-319
-299
-275
-283
-289
-291
-320
-255
-250
-236
-217
-218
-209
-197
-244
-241
-235
-238
-271
-269
-274
-274
-264
-351
-355
-349
-366
-366
-406
-405
-425
-417
-427
-441
-397
-413
-428
-361
-372
-375
-382
-326
-324
-312
-267
-267
-262
-280
-281
-294
-292
-292
-283
-254
-245
-264
-214
-226
-191
-180
-192
-196
-188
-184
-181
-161
-207
-255
-216
-217
-210
-212
-197
-223
-269
-249
-229
-213
-204
-158
-157
-138
-142
-117
-101
-134
-168
-223
-182
-206
-302
-233
-233
-231
-197
-190
-170
-194
-160
-181
-161
-190
-158
-136
-171
-209
-242
-225
-246
-211
-238
-199
-175
-172
-123
-119
-75
-17
-31
-34
-19
10
12
23
27
23
36
31
30
9
-19
-29
-8
-29
-23
-57
-57
-64
-57
-49
-53
-32
-29
-76
-103
-115
-78
-88
-86
-37
-72
-56
-25
-3
-8
1
-36
-15
-7
-22
-19
13
19
62
58
60
54
20
39
11
12
61
82
83
129
142
173
207
204
191
222
215
210
163
198
210
161
145
123
72
79
99
129
134
124
138
185
213
210
262
254
273
296
296
280
307
260
242
216
180
195
186
173
178
170
158
213
160
140
181
209
248
240
263
255
271
285
234
235
221
196
192
175
155
147
135
155
189
201
169
156
223
299
281
282
257
276
284
268
307
355
318
271
272
291
306
309
346
323
339
358
331
366
365
368
330
351
400
394
372
375
381
386
390
405
385
434
393
392
413
407
423
450
450
442
492
423
440
469
472
444
466
446
463
466
454
488
457
470
523
530
497
558
541
506
466
466
420
408
389
404
434
411
443
412
424
422
464
460
455
470
487
491
488
519
450
411
440
435
408
449
425
405
433
465
476
482
485
462
497
514
548
575
521
507
509
505
495
533
529
505
528
546
549
565
574
539
533
568
619
598
603
638
564
585
564
550
554
536
537
526
511
497
443
434
441
402
429
410
428
427
451
448
485
548
543
494
522
464
418
432
391
429
451
464
420
396
410
408
429
469
412
439
483
453
497
509
501
462
445
450
401
369
361
373
335
338
356
350
325
327
330
309
355
365
375
337
313
333
292
263
288
264
284
317
287
301
327
327
322
299
270
300
273
276
269
209
216
196
166
156
153
146
116
132
120
94
114
134
149
207
236
251
275
268
254
232
256
277
232
271
233
252
265
238
266
268
279
303
271
297
294
262
244
250
302
307
303
299
254
214
213
217
203
154
190
211
200
199
169
199
234
229
218
208
238
223
224
196
203
208
230
268
278
275
235
263
275
233
239
261
296
320
360
311
350
323
329
331
253
271
219
223
249
234
280
310
323
370
304
323
300
322
371
279
308
239
249
232
232
261
202
243
223
230
242
226
200
185
227
223
226
219
247
266
261
230
193
140
188
182
159
150
119
144
162
150
135
139
149
187
217
179
166
180
161
148
140
130
148
191
146
113
106
161
146
176
185
196
137
140
138
149
153
118
113
105
94
60
73
60
9
15
22
13
-14
-53
3
-33
-39
-32
-54
-4
2
-36
-13
-13
-28
-58
-73
-102
-93
-98
-75
-35
-12
-25
-22
-29
-36
-7
-66
-67
-112
-79
-80
-112
-104
-141
-131
-143
-166
-124
-133
-111
-109
-121
-157
-137
-76
-103
-112
-39
-28
-40
-31
-1
-65
-87
-141
-153
-134
-157
-126
-196
-169
-193
-206
-160
-223
-245
-207
-229
-220
-187
-215
-213
-282
-241
-228
-280
-211
-189
-180
-155
-139
-106
-106
-105
-92
-74
-33
-93
-111
-112
-129
-104
-127
-137
-191
-211
-210
-269
-327
-288
-228
-245
-244
-245
-264
-252
-314
-330
-310
-299
-292
-291
-265
-276
-281
-278
-277
-244
-238
-253
-263
-320
-284
-261
-276
-210
-214
-179
-167
-186
-213
-200
-204
-229
-234
-266
-267
-272
-266
-258
-260
-251
-266
-274
-227
-244
-219
-203
-175
-172
-170
-168
-170
-166
-137
-159
-193
-240
-214
-197
-217
-160
-169
-195
-191
-219
-229
-222
-257
-276
-241
-214
-229
-241
-251
-238
-249
-269
-267
-298
-322
-330
-323
-359
-368
-361
-384
-369
-359
-346
-333
-365
-299
-295
-308
-250
-264
-256
-258
-289
-282
-325
-310
-260
-227
-264
-270
-256
-218
-232
-292
-302
-275
-252
-255
-224
-227
-238
-217
-221
-243
-265
-272
-271
-276
-283
-325
-312
-296
-305
-305
-294
-247
-267
-299
-322
-296
-284
-264
-239
-265
-291
-248
-261
-296
-310
-274
-267
-309
-273
-263
-281
-281
-314
-350
-357
-370
-394
-406
-422
-417
-421
-399
-374
-355
-305
-311
-334
-316
-344
-363
-373
-373
-417
-412
-369
-389
-327
-299
-312
-313
-267
-249
-229
-237
-220
-167
-209
-161
-133
-158
-157
-182
-180
-212
-223
-212
-179
-204
-155
-101
-136
-124
-154
-137
-144
-178
-221
-214
-231
-288
-310
-323
-322
-329
-320
-281
-306
-303
-312
-278
-253
-265
-253
-281
-243
-266
-221
-220
-250
-242
-215
-223
-227
-213
-246
-223
-221
-195
-200
-197
-169
-151
-108
-120
-189
-164
-165
-91
-109
-109
-123
-129
-100
-76
-99
-154
-122
-130
-117
-129
-134
-81
-74
-109
-61
-87
-96
-83
-92
-137
-211
-234
-210
-225
-209
-212
-200
-232
-247
-145
-183
-206
-180
-138
-116
-104
-92
-76
-122
-102
-87
-82
-65
-61
-59
-131
-110
-88
-20
-38
-34
5
6
43
27
99
68
-5
-1
-48
7
-34
-83
-127
-166
-160
-202
-222
-242
-253
-232
-237
-282
-276
-254
-188
-196
-171
-114
-177
-158
-93
-92
-119
-98
-103
-87
-56
-62
-86
-27
-56
-36
-56
-69
-49
-59
-21
-25
2
35
8
-12
-18
-45
-3
-31
-67
-44
-63
-82
-32
-46
-30
-13
-18
12
8
1
12
9
6
34
26
28
25
-31
-30
-45
3
26
21
22
9
44
16
73
84
49
80
70
86
61
56
73
81
72
71
96
60
61
34
18
44
60
66
73
140
187
167
189
147
102
104
117
134
103
72
13
23
33
-14
-3
-71
-56
-42
-75
-71
-79
-16
34
41
52
42
40
29
-16
17
-1
7
13
3
32
-52
-23
-7
-19
47
61
105
135
146
168
156
204
155
150
144
138
114
34
54
77
94
90
76
81
112
63
38
77
42
87
103
90
70
138
152
123
117
99
105
109
97
74
47
53
57
37
65
85
89
106
138
96
101
73
78
112
65
107
139
144
89
128
106
67
69
24
34
89
87
58
75
62
60
91
142
120
113
105
124
122
130
160
156
146
185
132
141
147
140
132
160
157
174
93
46
115
61
80
117
139
121
154
131
126
125
164
153
155
184
179
211
194
177
167
191
212
192
190
145
142
156
99
81
99
134
138
183
180
166
183
182
164
172
172
136
122
138
169
150
161
233
227
221
217
221
204
171
166
176
206
196
212
219
258
237
226
234
219
269
249
250
214
231
184
151
136
133
149
118
86
89
97
81
154
136
129
167
127
97
147
111
57
75
86
71
118
122
98
115
110
119
129
96
94
60
50
27
8
48
49
97
78
104
98
84
91
112
119
89
92
135
120
132
147
143
136
163
155
139
169
139
143
182
166
119
133
119
115
97
77
109
86
61
62
65
54
18
8
16
-32
-58
-59
-26
-33
19
24
-7
6
26
29
26
132
104
84
106
50
91
93
50
16
-26
-79
-96
-142
-113
-99
-120
-114
-154
-140
-130
-147
-130
-104
-116
-132
-127
-103
-117
-130
-136
-171
-165
-163
-160
-128
-148
-159
-172
-100
-72
-66
3
-6
12
29
-1
-41
-42
-26
-14
-28
-39
-36
-43
-24
-27
-63
-82
-97
-77
-75
-54
-6
-31
-4
-37
-14
21
24
8
-30
-25
50
-11
-48
29
19
11
15
26
35
32
73
119
120
128
106
127
142
105
96
116
56
40
36
57
37
-11
-25
-24
19
35
59
49
73
74
87
53
53
58
36
15
39
72
6
4
-7
30
11
45
81
104
103
88
98
85
126
132
146
157
140
119
122
125
136
87
86
68
128
137
117
155
121
172
157
130
120
159
171
175
190
189
156
152
124
121
159
160
150
128
84
152
168
133
139
119
147
146
162
131
93
108
92
115
104
120
106
73
71
63
61
14
41
35
15
39
80
131
99
115
154
142
171
218
205
193
191
174
145
168
200
188
182
176
178
196
194
212
208
190
241
221
248
258
263
269
302
246
214
228
241
234
210
188
200
235
182
214
156
170
202
201
212
203
205
217
150
161
221
180
192
219
205
189
233
219
207
200
209
208
159
186
180
104
128
120
149
150
142
148
98
87
74
97
120
95
123
144
182
152
160
158
81
79
60
31
54
58
53
62
110
118
134
174
182
225
167
190
186
219
233
212
242
215
244
253
238
195
173
144
144
161
166
218
152
167
200
232
236
222
256
251
223
158
140
201
180
179
174
168
139
86
136
96
90
84
87
136
130
172
191
210
217
176
197
166
153
164
192
172
104
134
111
125
108
115
132
121
131
110
113
87
121
114
198
178
130
175
156
150
117
114
65
38
51
37
44
73
103
145
164
140
164
173
234
203
189
187
178
140
91
120
107
72
89
87
98
111
115
112
125
153
174
136
128
210
136
164
182
159
159
154
116
97
82
91
162
86
102
120
175
133
124
163
94
77
79
78
52
22
-29
-39
-64
-50
13
7
19
15
69
91
153
173
172
178
198
150
112
127
109
102
52
82
81
65
111
139
101
132
130
119
184
183
182
233
180
143
202
197
171
141
132
126
97
107
106
106
142
92
130
132
209
224
255
251
216
241
209
220
190
201
204
186
197
169
175
178
171
160
184
154
187
195
202
189
155
227
229
184
156
157
135
176
186
210
229
241
217
213
190
200
197
207
165
145
209
202
209
235
206
199
223
213
235
218
223
174
161
170
129
145
147
150
161
149
175
161
177
197
202
180
176
210
219
169
180
187
199
231
211
259
241
223
261
313
306
277
309
289
305
293
316
283
264
274
270
263
254
252
266
288
288
268
296
337
330
299
313
313
320
296
293
336
281
280
282
233
237
280
252
280
288
333
321
349
438
413
402
363
335
324
270
290
289
299
271
295
234
170
192
169
226
185
216
219
248
332
353
346
379
357
347
360
306
289
296
296
276
289
324
340
343
327
341
319
326
364
354
366
359
370
354
347
348
379
370
393
376
392
381
370
410
372
408
432
355
387
354
341
354
337
381
409
370
360
398
410
405
433
452
481
446
416
435
424
403
365
405
442
436
420
398
440
451
397
366
373
375
348
360
375
371
381
393
353
367
313
321
320
371
367
369
382
389
378
368
392
427
432
377
412
414
430
420
423
446
445
437
469
423
401
444
461
483
485
462
485
424
326
395
371
371
407
379
368
392
383
337
361
385
402
379
342
326
292
330
307
304
325
296
272
247
244
267
253
223
219
224
272
285
273
238
204
152
194
238
193
152
151
163
175
159
181
199
204
197
178
194
206
265
227
256
254
208
205
171
171
144
105
145
194
140
174
155
150
196
176
160
191
193
202
148
147
145
66
66
30
41
67
59
82
37
11
-5
-27
-15
-69
-69
-31
-44
-16
-47
-49
-25
-23
-46
-83
-79
-98
-53
-23
-6
50
44
59
109
147
119
117
103
92
75
59
50
57
47
17
3
-14
-43
-103
-141
-92
-121
-121
-89
-111
-81
-95
-68
-60
-44
-96
-90
-58
-65
-80
-63
-48
-79
-72
-102
-150
-131
-150
-174
-176
-97
-89
-80
-35
-49
-33
-79
-105
-128
-69
-68
-65
-100
-142
-94
-109
-92
-125
-124
-132
-100
-124
-149
-166
-163
-117
-146
-104
-113
-108
-134
-74
-109
-148
-154
-157
-145
-199
-190
-145
-135
-135
-141
-153
-162
-151
-155
-127
-74
-65
-88
-72
-78
-82
-94
-80
-52
-96
-100
-110
-125
-128
-93
-116
-144
-139
-134
-122
-88
-125
-152
-160
-96
-85
-139
-156
-156
-141
-126
-172
-182
-121
-207
-166
-195
-210
-220
-229
-223
-265
-241
-243
-204
-195
-221
-234
-221
-180
-182
-198
-206
-142
-161
-169
-159
-202
-192
-173
-205
-176
-206
-207
-146
-161
-164
-172
-223
-269
-248
-294
-297
-296
-314
-255
-312
-301
-274
-294
-280
-311
-313
-299
-323
-313
-334
-351
-319
-324
-296
-348
-319
-260
-271
-272
-271
-235
-267
-301
-277
-285
-321
-268
-279
-300
-318
-303
-326
-327
-351
-351
-307
-322
-360
-363
-389
-395
-332
-380
-353
-364
-323
-346
-366
-326
-309
-295
-287
-323
-311
-291
-315
-296
-299
-278
-279
-257
-251
-251
-225
-215
-229
-279
-281
-291
-287
-279
-288
-288
-257
-236
-256
-265
-237
-228
-238
-286
-263
-276
-261
-244
-264
-239
-265
-298
-318
-276
-267
-311
-326
-344
-332
-365
-369
-353
-327
-311
-330
-307
-335
-319
-290
-269
-257
-231
-204
-259
-252
-330
-342
-297
-275
-212
-219
-192
-171
-191
-226
-223
-174
-204
-175
-158
-155
-185
-183
-210
-251
-168
-193
-239
-257
-209
-237
-242
-221
-271
-264
-258
-249
-216
-239
-286
-256
-242
-271
-307
-304
-296
-285
-314
-299
-296
-260
-258
-225
-213
-187
-153
-205
-158
-136
-196
-191
-169
-178
-201
-191
-185
-183
-225
-249
-233
-232
-216
-175
-155
-133
-128
-130
-154
-129
-134
-150
-109
-159
-124
-122
-119
-89
-73
-35
-53
-65
-42
-39
-24
-2
25
6
37
29
49
76
68
76
102
103
99
85
36
22
16
8
1
28
10
53
44
79
90
87
123
86
115
117
170
175
141
117
117
92
63
23
21
7
31
38
50
36
16
-17
7
33
72
130
78
109
116
185
161
140
194
150
130
137
142
161
127
157
161
145
192
211
219
261
262
218
256
262
232
278
274
245
253
256
294
250
237
210
175
189
157
169
149
142
146
133
146
127
66
82
93
103
134
136
155
112
76
107
113
146
163
160
150
164
185
200
165
195
204
191
194
178
189
164
134
59
3
54
37
28
6
-31
-37
-64
-88
-55
-20
10
26
21
18
-4
-3
-16
-35
-15
-26
-25
-14
-18
-27
-54
-84
-75
-25
0
42
65
119
75
100
82
41
32
26
7
-15
4
-12
5
-31
-11
-18
20
-2
21
49
37
32
2
-28
-26
-33
7
-17
-89
-85
-107
-157
-204
-226
-182
-173
-206
-180
-147
-157
-143
-94
-82
-71
-62
-84
-81
-85
-120
-108
-138
-92
-96
-87
-96
-127
-85
-39
-22
4
19
35
-15
-43
14
14
5
-41
-50
-33
-91
-156
-135
-132
-110
-84
-51
-36
-60
-63
-64
-54
-64
-67
-52
-119
-77
-7
-63
-20
-25
-38
-63
-29
-42
-89
-34
-56
-58
-12
-37
1
-4
-59
-53
-96
-106
-104
-116
-106
-79
-34
-23
-11
22
-14
-13
-46
-96
-89
-66
-60
-88
-101
-80
-123
-91
-36
-46
-18
-10
12
8
-43
-58
-36
16
30
-22
-28
-53
-73
-100
-117
-135
-145
-163
-212
-207
-201
-192
-192
-161
-157
-163
-141
-126
-140
-105
-114
-129
-107
-111
-94
-89
-105
-90
-81
-77
-101
-68
6
2
-16
-20
-33
-22
16
9
42
81
105
109
58
5
-25
18
1
-7
-9
-29
-10
-58
-69
-124
-93
-119
-104
-98
-116
-121
-118
-100
-154
-123
-176
-149
-130
-102
-102
-110
-109
-146
-104
-85
-68
-43
-52
-79
-32
10
11
1
-21
25
24
52
60
74
91
52
72
91
84
104
84
56
40
17
26
28
-18
-28
4
-10
-27
-77
-100
-71
-55
-61
-54
-67
-33
-22
-43
-14
17
-11
14
43
77
115
84
104
100
86
107
134
73
99
100
72
99
52
94
111
137
124
150
216
171
141
125
170
165
180
159
183
159
121
115
124
106
62
68
22
-35
-57
-58
-36
-27
-26
-2
-13
-15
-37
-61
-16
-50
-36
16
76
74
83
101
86
95
52
36
35
9
-15
21
2
26
73
56
106
94
77
50
91
97
104
134
123
157
163
161
148
160
164
154
141
95
99
119
125
148
92
105
164
171
172
147
110
102
100
93
89
70
81
77
53
60
110
111
90
132
88
62
72
120
95
136
145
116
125
88
103
102
68
97
97
71
70
84
69
102
112
57
97
87
88
100
63
30
19
30
30
32
67
35
42
64
33
30
34
15
28
42
55
115
94
45
46
-5
6
18
-24
-55
-97
-87
-91
-88
-120
-116
-132
-129
-99
-117
-127
-169
-188
-168
-153
-135
-94
-90
-101
-109
-118
-167
-194
-175
-194
-194
-186
-174
-146
-129
-111
-85
-123
-84
-98
-116
-40
-85
-101
-93
-126
-149
-130
-187
-201
-210
-216
-162
-188
-187
-174
-183
-235
-266
-229
-191
-219
-215
-178
-193
-198
-203
-188
-220
-219
-209
-243
-246
-206
-234
-210
-168
-157
-140
-150
-139
-163
-190
-119
-147
-146
-129
-149
-99
-121
-157
-138
-157
-136
-114
-120
-100
-135
-140
-155
-149
-155
-153
-182
-172
-214
-238
-223
-249
-260
-232
-243
-226
-229
-217
-213
-219
-196
-229
-230
-280
-234
-245
-265
-247
-218
-224
-205
-185
-128
-132
-154
-124
-143
-142
-146
-109
-69
-68
-64
-77
0
-36
-75
-70
-110
-118
-116
-109
-95
-115
-123
-106
-138
-109
-104
-89
-75
-101
-102
-112
-126
-81
-81
-131
-112
-84
-131
-70
-106
-136
-120
-141
-147
-229
-238
-261
-209
-222
-170
-161
-192
-117
-166
-184
-132
-124
-132
-164
-186
-121
-129
-145
-139
-171
-183
-173
-182
-135
-116
-157
-103
-94
-109
-93
-53
-75
-78
-77
-58
-8
-66
-75
-68
-97
-98
-87
-108
-107
-116
-105
-94
-85
-70
-96
-98
-78
-78
-30
-1
-17
-24
3
-7
-12
-16
-36
-25
-57
-35
-75
-28
-39
-31
-29
-47
-17
-28
-22
-57
-121
-61
-48
-117
-100
-140
-140
-147
-173
-139
-134
-178
-210
-195
-240
-210
-156
-203
-170
-199
-251
-183
-229
-205
-152
-174
-144
-154
-115
-111
-126
-130
-119
-89
-106
-44
-57
-58
-56
-69
-47
-35
-14
22
7
61
38
31
62
94
98
90
64
42
45
0
8
-43
-20
21
45
48
81
81
48
58
30
57
3
6
29
17
42
56
57
41
75
58
76
70
58
60
81
104
113
73
72
93
98
94
57
76
72
100
104
58
85
35
-21
26
-2
11
-15
-7
54
55
74
86
74
72
66
57
70
78
117
108
80
77
87
98
127
163
156
188
197
202
215
267
265
274
282
254
276
275
312
289
272
274
316
337
379
382
345
323
392
358
393
401
358
408
390
342
345
385
411
435
430
414
372
398
425
439
451
440
474
435
430
425
435
404
416
428
444
455
408
431
441
460
474
446
426
469
482
451
417
445
408
402
439
423
387
396
449
440
448
443
454
479
483
497
490
475
468
470
450
489
514
505
500
487
482
504
507
501
510
506
518
569
563
575
586
550
573
527
534
506
509
516
488
497
453
459
489
478
533
546
575
569
599
610
597
593
599
571
504
496
473
432
439
471
386
391
373
369
293
300
317
312
327
358
387
402
458
414
405
430
445
386
364
378
363
378
370
380
365
363
349
302
345
286
313
311
268
307
321
296
300
344
320
330
318
308
278
253
250
192
181
192
143
157
195
157
150
195
156
152
169
183
185
207
234
244
225
234
248
237
215
232
233
228
210
202
264
263
256
265
252
256
227
217
199
151
196
169
192
182
195
197
148
104
99
83
82
73
37
-6
-12
31
3
26
4
50
100
100
119
87
85
89
123
90
50
107
126
124
115
152
152
118
102
112
97
77
87
57
36
43
67
49
88
98
79
75
60
55
71
80
99
84
53
102
107
77
116
96
85
76
40
64
36
22
-9
-8
29
-3
10
32
10
37
47
-21
-7
3
9
-5
5
69
23
13
-36
-25
-73
-90
-75
-116
-121
-121
-134
-124
-109
-76
-47
-43
-67
-98
-65
-102
-120
-93
-60
-90
-80
-106
-130
-82
-70
-96
-76
-73
-114
-122
-139
-104
-118
-93
-67
-103
-90
-105
-99
-89
-106
-97
-58
-108
-113
-88
-100
-125
-156
-114
-94
-52
-85
-75
-117
-121
-119
-128
-75
-119
-123
-54
-77
-77
-49
-31
-58
-76
-78
-101
-90
-124
-175
-170
-168
-186
-181
-239
-232
-249
-217
-271
-226
-209
-236
-242
-227
-183
-226
-214
-202
-235
-260
-246
-232
-248
-273
-229
-241
-287
-241
-242
-244
-225
-194
-134
-141
-105
-100
-67
-72
-86
-91
-105
-125
-135
-150
-176
-171
-177
-194
-212
-181
-182
-155
-144
-126
-145
-141
-168
-150
-140
-165
-159
-163
-155
-116
-94
-129
-140
-176
-143
-145
-211
-173
-154
-188
-180
-141
-183
-152
-176
-211
-184
-239
-225
-278
-330
-306
-265
-313
-355
-308
-317
-317
-317
-304
-249
-332
-359
-351
-383
-350
-406
-415
-416
-418
-430
-397
-388
-363
-335
-344
-291
-281
-285
-269
-258
-268
-281
-264
-250
-248
-227
-198
-228
-165
-152
-175
-166
-128
-141
-141
-103
-120
-39
-57
-77
-94
-133
-120
-134
-124
-182
-139
-151
-159
-204
-204
-214
-275
-223
-148
-142
-137
-100
-95
-123
-178
-190
-229
-220
-229
-198
-201
-177
-177
-177
-155
-172
-251
-205
-231
-258
-239
-291
-276
-298
-226
-230
-215
-231
-265
-242
-273
-260
-242
-230
-179
-239
-223
-248
-278
-249
-263
-284
-291
-281
-282
-231
-227
-253
-238
-254
-234
-180
-190
-185
-208
-237
-244
-295
-264
-299
-271
-258
-277
-259
-309
-260
-212
-224
-211
-181
-213
-192
-159
-158
-115
-131
-99
-132
-171
-163
-199
-208
-233
-249
-214
-182
-196
-165
-149
-112
-82
-76
-63
-88
-124
-111
-112
-115
-164
-219
-267
-286
-301
-275
-309
-292
-257
-236
-265
-265
-241
-248
-276
-250
-254
-266
-280
-308
-215
-269
-311
-305
-288
-285
-263
-217
-239
-282
-221
-212
-182
-151
-219
-202
-247
-264
-277
-257
-228
-239
-201
-206
-227
-197
-162
-173
-143
-120
-158
-122
-132
-135
-77
-102
-115
-99
-92
-104
-120
-174
-180
-164
-164
-174
-135
-114
-168
-144
-129
-146
-128
-136
-122
-138
-144
-177
-161
-153
-127
-126
-120
-150
-206
-190
-258
-279
-284
-285
-299
-274
-264
-262
-253
-222
-168
-197
-201
-188
-210
-135
-164
-98
-118
-160
-140
-154
-192
-190
-148
-187
-209
-275
-257
-306
-261
-266
-203
-205
-285
-174
-191
-169
-133
-83
-110
-104
-89
-74
-97
-113
-81
-168
-170
-141
-145
-122
-113
-143
-86
-50
-46
-15
-28
54
28
60
107
106
75
82
59
25
92
12
24
6
44
-25
-25
-27
-87
-65
-70
-68
-50
-26
13
-1
-5
22
25
33
5
18
3
-11
25
5
-13
-1
64
105
89
98
105
74
124
122
120
107
104
106
83
58
82
82
41
57
71
28
39
33
77
126
120
117
155
118
103
181
154
143
164
170
171
172
139
150
155
166
146
183
214
266
277
271
315
286
257
210
201
202
196
188
213
215
172
214
197
202
231
239
272
232
208
248
306
269
274
310
284
296
298
299
309
238
244
245
239
263
299
318
312
351
333
368
400
386
396
422
440
396
414
401
389
408
382
385
346
251
254
298
251
218
215
247
232
269
284
363
372
372
387
402
445
425
399
316
318
278
279
240
254
286
313
268
263
249
224
235
193
201
212
248
259
287
274
295
246
285
274
266
251
216
233
274
285
243
295
250
251
270
242
237
213
211
198
216
232
251
264
271
212
197
221
235
263
285
321
236
221
164
152
136
149
126
92
128
68
101
73
59
46
71
83
116
130
105
149
169
160
226
182
112
163
105
92
114
115
131
97
66
108
42
51
29
16
41
-13
-2
-21
38
65
45
19
1
-48
-37
-7
-69
-14
6
39
69
101
74
80
62
77
106
29
69
74
61
85
97
112
85
61
79
40
34
40
36
95
92
114
138
116
94
92
100
97
91
97
95
91
28
69
43
93
93
107
126
128
137
147
143
126
151
105
134
156
113
117
117
146
138
106
78
85
59
19
52
-6
37
42
46
47
88
80
50
84
67
82
68
94
118
140
144
115
109
78
111
126
129
173
175
189
186
174
203
189
195
222
213
209
204
226
198
163
140
111
119
132
127
148
137
154
169
127
147
133
189
174
164
174
192
194
183
176
171
164
135
158
183
167
183
204
196
249
286
254
243
260
229
240
224
239
236
254
234
247
240
224
201
201
211
206
189
192
231
192
211
241
214
147
166
153
135
83
66
10
8
22
18
9
13
17
37
62
38
0
18
57
86
105
99
84
82
30
23
78
99
149
151
126
151
201
132
156
150
116
129
147
114
102
158
140
150
174
155
172
174
204
257
213
174
168
196
178
167
133
176
159
161
179
218
187
164
154
214
243
210
203
187
164
152
142
101
100
53
55
67
98
90
98
156
147
156
212
208
209
170
169
146
122
93
34
10
71
52
46
80
78
122
91
126
126
104
121
128
133
108
73
95
90
26
44
49
63
104
77
108
92
135
129
143
135
160
130
80
119
121
130
125
112
102
104
78
83
69
44
21
62
108
88
105
112
123
129
144
117
128
170
178
179
174
169
151
179
197
209
272
266
296
273
241
197
195
144
138
132
60
55
17
52
6
12
32
35
37
34
49
50
71
40
73
80
70
56
39
81
70
95
105
125
143
133
172
168
143
180
181
202
137
158
208
170
182
177
132
135
138
137
103
79
57
49
62
39
54
49
54
13
11
-12
-38
-34
-5
44
53
64
73
15
23
83
74
103
79
86
80
49
12
6
0
-15
-6
-35
-21
-45
-50
-14
-27
-42
-23
-8
22
34
60
10
-22
-12
22
18
-56
-28
-4
0
3
-18
17
-15
-10
9
49
43
38
68
63
54
99
146
149
136
128
92
138
132
51
60
13
-23
13
9
43
79
46
70
58
70
37
47
35
44
69
19
32
27
32
-29
17
35
36
95
83
109
115
135
115
124
141
101
141
146
85
86
90
112
81
71
33
26
41
22
11
-19
-21
-52
-66
-93
-44
-5
-52
-23
-32
-19
-12
-21
25
12
-5
27
25
-24
21
28
45
65
67
79
73
64
29
52
38
18
103
57
49
89
61
71
121
124
80
100
89
71
67
14
73
55
45
67
-4
-24
-21
-20
-36
4
24
31
-5
22
-25
-19
-13
-20
19
-1
-22
40
81
73
78
48
73
1
7
-14
-56
16
-35
-82
-78
-44
-49
-48
-40
-64
-4
-33
-15
14
13
26
4
33
25
28
3
4
3
-26
-35
-51
8
31
-5
23
53
32
27
-38
-56
-75
-60
-32
-19
-5
-42
-51
-35
-24
26
40
-30
-2
-9
-31
-18
-10
-52
-30
-13
8
31
16
62
95
85
85
71
19
30
38
60
88
90
64
13
-25
-15
-25
-55
-40
-14
-36
-23
-94
3
53
-8
48
16
-21
-37
-36
-37
-13
-80
-93
-24
-45
-58
-62
-40
-31
-34
9
24
48
74
58
63
18
-3
-52
-80
-52
-92
-62
-31
-48
3
12
52
24
-11
4
24
-9
-21
-13
-47
-19
-41
-6
-15
-8
-16
-31
-13
-23
20
63
93
124
118
147
156
135
174
174
103
101
100
80
129
96
91
75
100
49
15
66
101
96
62
58
-14
28
13
-36
-58
-59
-57
-54
-66
-49
-51
-36
-11
-15
14
30
44
53
48
57
38
60
55
104
65
28
43
43
71
46
73
61
71
36
39
55
38
44
47
38
30
33
40
35
53
39
74
68
32
60
85
100
84
80
46
76
60
29
27
44
1
26
55
95
95
45
67
64
98
117
145
159
172
180
118
69
79
36
31
34
4
54
66
96
103
110
99
92
95
128
142
83
64
35
16
25
-1
-34
57
54
36
63
23
27
28
8
25
18
54
52
53
74
97
111
36
38
88
63
38
10
48
17
43
67
57
61
26
43
2
31
-14
-20
-8
-16
12
11
34
-15
-3
81
61
79
44
55
13
5
71
41
70
64
92
108
108
109
92
51
68
22
-16
7
-9
-45
5
28
6
-2
-30
-45
-58
-66
-67
-12
13
-13
1
10
2
23
11
27
24
1
-2
13
7
-20
11
17
21
2
22
8
27
1
28
58
80
129
127
129
71
59
26
15
-15
-36
-20
11
-8
-10
-63
-67
-78
-77
-63
-115
-96
-96
-94
-56
-69
-70
-56
-28
-53
-48
-59
-81
-62
-71
-51
-33
-37
-120
-47
-95
-164
-116
-151
-147
-132
-146
-155
-179
-147
-116
-131
-125
-109
-119
-65
-19
-50
-71
-42
-79
-122
-136
-115
-24
-76
-44
-62
-91
-96
-101
-54
-111
-171
-127
-119
-121
-132
-115
-89
-125
-139
-164
-185
-172
-157
-120
-143
-161
-109
-159
-141
-162
-178
-164
-125
-113
-112
-54
-85
-43
13
-20
18
15
-20
-59
-21
37
40
80
70
71
34
-20
-30
-2
-12
-44
-40
-16
-12
-35
-23
-15
-34
-27
-9
25
30
7
-15
0
-17
-17
-52
-93
-76
-98
-90
-109
-104
-80
-74
-35
-6
5
-15
2
-20
-6
50
41
40
25
-1
17
13
19
30
29
-10
-66
-70
-34
-25
-44
-14
-2
12
-16
8
66
45
48
37
50
4
60
88
12
28
47
82
102
67
92
123
146
177
138
214
225
228
250
271
275
268
302
294
281
271
297
302
282
285
259
240
267
244
221
213
222
235
203
194
239
230
160
179
173
155
152
155
145
108
111
85
95
96
139
167
158
180
205
225
244
271
271
241
260
305
288
330
326
332
363
361
338
386
368
357
378
396
413
436
425
416
425
368
359
324
320
283
283
312
288
328
277
267
250
278
277
251
278
248
280
285
278
319
297
277
333
373
366
368
370
326
290
321
327
311
352
327
346
385
380
382
403
429
410
446
422
388
366
311
327
335
342
351
329
332
340
346
349
363
395
359
358
376
382
404
354
357
393
343
365
326
325
318
290
322
328
327
297
305
347
366
408
466
502
516
517
496
522
560
545
501
525
496
468
474
433
453
454
470
441
441
450
442
430
452
453
436
477
460
469
523
474
499
554
535
491
449
456
403
417
387
298
338
316
336
378
385
434
454
479
503
501
496
547
549
549
590
561
561
547
548
505
502
473
463
475
483
493
483
487
448
487
502
504
478
485
469
404
399
448
389
372
421
388
358
342
305
300
272
277
308
290
280
250
290
224
247
279
259
265
258
231
313
333
323
345
337
360
365
409
421
384
395
373
341
344
365
327
273
291
274
238
244
269
271
303
307
275
270
266
276
308
293
325
303
266
280
291
237
243
287
245
210
216
213
200
204
262
300
287
281
253
215
245
227
217
235
209
226
235
220
199
202
225
216
194
210
199
181
239
212
173
198
173
177
130
92
87
35
58
33
19
44
29
29
-29
-24
22
18
3
-27
-49
-44
-13
-32
-28
-2
9
-6
-7
6
-3
59
40
68
82
82
118
81
114
98
123
77
48
59
34
47
-5
18
3
-2
9
11
27
-36
-42
3
0
-2
21
29
-8
-18
2
4
-18
-4
-13
-26
-28
-25
-4
20
-7
-24
14
14
20
21
24
-2
14
65
66
31
41
37
28
18
8
10
-13
-76
-53
-74
-67
-10
7
15
0
41
27
-1
14
45
44
-2
19
37
38
8
-34
21
25
53
44
32
45
52
65
4
17
39
64
74
62
79
49
64
59
63
79
55
81
131
94
99
90
47
42
16
66
39
62
35
-7
-51
-41
-18
-10
10
79
58
65
125
78
79
77
127
105
110
99
62
100
90
113
100
81
88
104
142
153
114
121
86
98
158
139
186
190
168
162
196
147
139
167
193
236
141
157
143
110
96
70
87
39
54
86
123
125
167
130
116
130
100
63
67
108
118
130
121
157
136
91
92
128
95
99
75
96
145
129
134
168
197
193
179
167
196
196
182
195
203
195
232
212
227
252
228
222
223
228
244
206
199
175
213
150
110
162
140
153
161
191
235
241
233
228
205
191
176
178
179
227
239
195
212
228
215
213
215
203
248
236
248
267
242
238
234
264
233
186
221
169
159
161
124
97
73
103
101
94
42
33
-8
4
-25
-12
6
-4
21
-22
-3
-17
7
2
-74
-24
1
-40
-40
22
19
33
88
101
126
136
108
130
90
94
113
114
128
132
116
116
143
130
95
80
0
50
50
-6
25
-22
15
-29
-25
-46
-13
-24
-67
-46
-124
-132
-123
-138
-139
-199
-195
-165
-159
-171
-176
-152
-152
-125
-135
-107
-91
-41
-16
-46
-53
-18
-15
-9
-26
-75
-92
-140
-142
-107
-86
-61
-74
-82
-98
-74
-82
-98
-102
-85
-86
-78
-75
-86
-49
-33
-48
-57
-94
-72
-64
-107
-99
-118
-82
-82
-73
-84
-109
-108
-146
-139
-138
-195
-215
-174
-184
-211
-194
-206
-250
-241
-190
-221
-224
-224
-234
-230
-248
-172
-132
-140
-162
-145
-127
-156
-195
-207
-236
-214
-204
-198
-139
-173
-149
-182
-193
-153
-141
-125
-91
-83
-116
-84
-141
-134
-130
-134
-134
-147
-185
-229
-186
-171
-233
-203
-175
-176
-176
-215
-203
-210
-232
-227
-280
-288
-292
-328
-294
-295
-284
-298
-279
-227
-226
-275
-274
-244
-296
-324
-356
-368
-324
-356
-325
-385
-358
-344
-317
-290
-279
-260
-304
-294
-300
-311
-314
-359
-402
-370
-405
-404
-439
-441
-429
-412
-367
-405
-383
-409
-400
-354
-400
-414
-359
-363
-413
-447
-479
-428
-432
-458
-458
-463
-479
-514
-506
-486
-473
-422
-399
-390
-368
-320
-314
-356
-362
-365
-339
-348
-371
-348
-350
-330
-338
-320
-289
-292
-272
-303
-305
-294
-280
-265
-214
-217
-276
-284
-261
-281
-281
-289
-261
-314
-330
-290
-323
-318
-317
-336
-377
-355
-363
-354
-369
-371
-338
-355
-337
-325
-316
-351
-347
-346
-360
-320
-335
-331
-352
-314
-303
-303
-321
-320
-339
-335
-283
-308
-297
-236
-276
-252
-194
-162
-187
-183
-126
-182
-181
-140
-141
-121
-134
-120
-101
-90
-71
-117
-130
-95
-110
-174
-187
-170
-198
-198
-190
-176
-158
-155
-180
-188
-162
-194
-142
-216
-221
-179
-185
-193
-172
-138
-159
-158
-161
-185
-219
-200
-217
-202
-202
-199
-221
-223
-199
-148
-114
-120
-158
-127
-142
-159
-158
-170
-171
-125
-107
-154
-142
-166
-161
-144
-177
-200
-182
-248
-249
-231
-181
-212
-187
-206
-229
-233
-256
-225
-217
-230
-221
-204
-194
-179
-202
-208
-221
-264
-237
-242
-255
-240
-209
-179
-201
-193
-188
-171
-208
-207
-230
-266
-198
-175
-170
-216
-195
-209
-210
-240
-251
-257
-289
-235
-240
-178
-196
-202
-201
-205
-201
-189
-218
-230
-221
-332
-324
-294
-284
-285
-238
-217
-244
-225
-290
-269
-314
-339
-336
-341
-318
-294
-282
-292
-266
-290
-306
-290
-271
-295
-333
-308
-295
-300
-335
-308
-294
-314
-316
-322
-342
-382
-391
-425
-425
-348
-419
-400
-390
-397
-352
-350
-359
-382
-409
-460
-423
-422
-428
-329
-362
-351
-339
-341
-315
-283
-281
-317
-272
-230
-255
-257
-299
-285
-238
-223
-231
-250
-261
-185
-193
-202
-189
-215
-218
-219
-226
-250
-318
-318
-352
-380
-363
-431
-430
-469
-458
-444
-481
-488
-474
-451
-440
-440
-427
-425
-451
-476
-492
-490
-428
-445
-463
-470
-494
-490
-511
-467
-445
-448
-432
-386
-391
-356
-358
-359
-364
-354
-370
-388
-354
-358
-368
-405
-384
-337
-363
-377
-387
-390
-371
-360
-368
-417
-437
-421
-442
-415
-390
-419
-408
-392
-388
-421
-443
-422
-426
-430
-418
-396
-387
-300
-245
-364
-539
-566
-385
-222
-321
-586
-555
-427
-367
-384
-400
-310
-315
-368
-424
-350
-271
-357
-467
-443
-315
-367
-517
-576
-526
-441
-429
-477
-498
-490
-453
-419
-320
-231
-260
-324
-365
-277
-220
-195
-169
-153
-171
-141
-161
-217
-176
-196
-212
-269
-270
-306
-343
-334
-354
-346
-411
-435
-460
-417
-435
-560
-617
-578
-452
-384
-519
-644
-604
-496
-432
-385
-354
-407
-437
-456
-424
-329
-376
-404
-380
-335
-271
-337
-392
-418
-379
-337
-346
-364
-423
-486
-474
-477
-464
-505
-556
-606
-656
-617
-582
-621
-659
-671
-685
-686
-687
-708
-704
-705
-688
-686
-682
-671
-622
-647
-637
-654
-746
-769
-767
-764
-810
-674
-689
-683
-611
-553
-402
-309
-257
-163
24
141
194
320
463
555
631
701
694
710
741
708
776
790
771
691
616
636
622
543
477
384
258
164
30
-23
-130
-204
-218
-292
-324
-411
-501
-553
-528
-514
-541
-571
-612
-654
-646
-637
-656
-646
-688
-780
-954
-1000
-1000
-1076
-1117
-1238
-1370
-1478
-1582
-1632
-1798
-1899
-1926
-2007
-2085
-1859
-1256
-891
-1360
-2160
-1919
-448
730
549
-191
-206
545
1191
1375
1430
1614
1681
1527
1488
1655
1734
1354
873
892
1118
988
217
-530
-694
-375
-261
-629
-1258
-1631
-1714
-1692
-1532
-1367
-1249
-1379
-1537
-1372
-811
-255
-56
74
409
999
1324
1361
1504
1808
2118
2213
2294
2367
2128
1743
1602
1783
1796
1375
835
512
283
-39
-250
-402
-682
-1083
-1329
-1467
-1570
-1686
-1848
-1839
-1764
-1733
-1850
-1941
-1874
-1744
-1582
-1432
-1342
-1404
-1500
-1527
-1409
-1343
-1472
-1775
-2099
-2310
-2554
-2538
-2382
-1825
-756
-354
-1698
-3790
-3447
-107
2801
1820
-1065
-1750
167
1913
1624
1237
1768
2366
1819
1080
1451
1944
1548
574
809
1742
1671
8
-1742
-1553
-117
804
-61
-1601
-2476
-2302
-1846
-1683
-1362
-1105
-1229
-1942
-2123
-1271
-294
-227
-762
-429
764
1448
805
81
774
2450
3190
2457
1680
1685
2053
2168
2304
2406
1945
974
373
660
843
275
-419
-538
-340
-634
-1300
-1684
-1570
-1372
-1290
-1178
-1171
-1437
-1743
-1518
-877
-466
-536
-801
-769
-596
-333
-75
-9
2
-134
-231
-211
-334
-610
-833
-937
-960
-1286
-1944
-2462
-2727
-2934
-3159
-3450
-3956
-4496
-4935
-4184
-2044
-688
-2482
-5801
-5495
-814
3084
1756
-1829
-1780
1674
3744
2501
1569
2960
4497
3977
2990
3556
4249
3218
1452
1766
3513
3700
1225
-1490
-1564
25
915
-372
-2306
-3052
-2838
-2774
-3174
-3038
-2534
-2372
-2914
-3058
-2205
-1358
-1428
-1636
-346
1596
2188
1027
200
1181
2949
3858
3778
3407
2847
2248
2244
2917
3227
2389
1255
882
971
633
-229
-866
-954
-870
-1076
-1495
-2076
-2459
-2444
-2004
-1433
-1375
-1744
-1986
-1758
-1094
-494
-192
53
237
359
516
788
972
929
938
1212
1386
927
235
-145
-71
61
-218
-858
-1553
-2063
-2396
-2674
-2944
-3375
-3952
-4494
-4831
-5123
-4954
-3380
-1307
-1513
-4693
-6361
-3180
2021
3484
530
-1622
-67
2984
3891
3268
3364
4209
4395
3885
4113
4525
3886
2262
1940
3197
3878
2278
-610
-1938
-1185
370
271
-1481
-3351
-4124
-3777
-3399
-2985
-2608
-2423
-3154
-3751
-3040
-1254
128
-109
-804
-250
1633
2980
2575
1726
2083
3417
4347
4358
3692
2728
2046
2385
3346
3452
2186
500
-207
119
506
86
-841
-1571
-1796
-1678
-1509
-1553
-1906
-2096
-1699
-901
-510
-816
-1107
-797
78
819
1149
1015
643
686
1131
1785
2071
1719
1038
598
695
911
692
-108
-735
-1039
-1221
-1617
-2348
-2962
-3353
-3599
-3896
-4148
-4491
-5093
-5614
-6069
-5727
-3746
-1161
-847
-4021
-6647
-4178
1868
4917
2410
-727
57
3416
4933
4368
4255
5278
5792
4968
4727
5082
4730
3078
2136
3151
4250
3041
-292
-2451
-1985
-193
167
-1581
-3758
-4794
-4535
-3994
-3474
-3073
-3014
-3504
-3783
-2967
-1610
-664
-507
-231
921
2289
2830
2534
2325
2955
4154
4974
5099
4335
3192
2620
2991
3702
3563
2410
1036
297
176
62
-315
-907
-1431
-1741
-1852
-1905
-2008
-2213
-2176
-1735
-1187
-972
-1133
-1125
-715
10
643
1042
1150
1021
976
1286
1823
2221
2006
1485
1104
1030
1071
758
160
-443
-796
-1115
-1688
-2199
-2650
-3101
-3642
-3949
-4139
-4456
-4922
-5506
-5663
-5628
-5573
-4448
-2027
-648
-2689
-5859
-4873
682
4850
3439
-27
-71
3255
5366
4800
4236
5263
6363
5847
5146
5042
4827
3580
2525
3072
3921
3110
239
-2143
-2329
-927
-270
-1538
-3587
-4836
-4656
-4014
-3690
-3743
-3743
-3597
-3304
-2621
-1676
-1094
-1104
-685
830
2531
2912
2096
1730
2588
4086
4958
4906
4338
3503
3126
3329
3852
3768
2816
1692
1071
925
606
20
-713
-1124
-1147
-1190
-1458
-2041
-2421
-2242
-1661
-1071
-1035
-1398
-1584
-1236
-421
265
551
568
520
666
1015
1359
1436
1176
1047
1080
1069
802
306
-190
-479
-428
-420
-847
-1740
-2603
-3064
-3026
-2964
-3373
-4138
-4924
-5328
-5471
-5683
-5397
-3696
-1461
-1373
-4117
-5913
-3087
2020
3637
1166
-505
1741
4744
4598
2957
3381
5672
6696
5754
4699
4451
3943
2876
2664
3566
3738
1745
-884
-1936
-1260
-459
-959
-2502
-3747
-4075
-3777
-3795
-4171
-4080
-3314
-2533
-2243
-2253
-2089
-1542
-521
936
2255
2535
2044
1942
2804
4115
4778
4800
4411
4033
3828
3806
3760
3371
2837
2365
1964
1218
364
-216
-448
-633
-933
-1201
-1526
-2209
-2777
-2609
-1811
-1265
-1482
-2025
-2018
-1495
-806
-293
139
537
653
627
679
991
1343
1418
1313
1254
1057
606
20
-379
-537
-721
-995
-1468
-2262
-3190
-3959
-4229
-4232
-4174
-4268
-5056
-6762
-7585
-5092
-1045
-147
-4053
-7448
-5262
383
3415
2100
284
510
2106
3358
4474
5308
5231
4434
4573
6117
6680
4988
2508
2139
3667
4745
3624
908
-1299
-1961
-1011
-152
-591
-2354
-4244
-4921
-4371
-3236
-2869
-3454
-3970
-3353
-2174
-1597
-1711
-1541
-315
1210
2174
2359
2103
2040
2641
3829
4848
5118
4289
3294
3067
3489
3888
3560
2773
1931
1389
1041
633
-11
-513
-698
-626
-877
-1665
-2204
-2352
-2047
-1585
-1233
-1196
-1499
-1707
-1472
-704
60
437
353
326
622
902
1014
889
961
1174
1266
865
264
-191
-418
-511
-732
-1048
-1637
-2319
-2990
-3459
-3663
-3883
-4406
-5033
-5606
-6031
-6544
-6378
-4305
-1898
-2030
-5305
-7314
-4361
1065
3398
1495
-234
878
3118
3462
3369
4852
6775
6692
5052
4759
5406
5033
3425
3096
4394
4748
2746
-329
-1575
-1046
-196
-371
-1506
-2878
-4240
-4935
-4769
-3786
-3111
-3344
-3945
-3727
-2696
-2123
-2157
-1875
-302
1745
2684
2065
1175
1493
3058
4699
5427
5088
4028
3140
3103
3755
4212
3792
2805
1793
1127
730
368
-136
-838
-1107
-948
-955
-1670
-2652
-2947
-2266
-1337
-913
-1242
-1809
-1905
-1500
-673
211
755
679
280
168
537
1203
1589
1468
1086
787
716
542
142
-280
-500
-596
-1051
-1771
-2381
-2897
-3358
-3843
-4157
-4387
-4782
-5392
-6109
-6561
-6811
-5641
-2999
-1162
-2891
-6487
-6631
-1830
3232
3315
438
-685
1428
3803
4371
4451
4998
5647
5409
5359
5693
5325
3733
2566
3397
4614
4004
1243
-1189
-1689
-658
206
-427
-2134
-3890
-4636
-4320
-3448
-2877
-3119
-3878
-4059
-3124
-1922
-1352
-1509
-1346
-63
1720
2650
2104
1277
1671
3234
4573
4971
4413
3412
2793
2960
3616
3839
3139
2024
1262
1031
1019
599
-172
-752
-705
-435
-637
-1245
-1737
-1834
-1359
-776
-534
-773
-1175
-1126
-595
87
579
611
425
394
647
1045
1229
970
610
499
617
649
180
-556
-1046
-1108
-1168
-1586
-2185
-2746
-3341
-3778
-3914
-3959
-4220
-4632
-5007
-5725
-6793
-6371
-3224
-58
-1056
-5405
-7070
-2834
2991
3881
486
-1315
1366
4852
5029
3557
3282
4763
5730
5906
5972
5435
3678
2048
2678
4439
4677
2017
-1107
-1918
-703
318
-455
-2094
-3524
-4128
-4104
-3648
-3236
-3414
-3887
-3964
-3142
-2105
-1661
-1805
-1617
-478
1002
1902
2084
2015
2104
2609
3539
4417
4724
4279
3595
3280
3430
3689
3497
2943
2226
1674
1456
1247
764
66
-171
-97
-115
-561
-1109
-1357
-1167
-666
-356
-308
-641
-926
-640
-26
489
681
717
725
792
906
995
1099
1005
699
409
452
475
-1
-752
-1250
-1213
-1097
-1490
-2343
-3238
-3760
-3843
-3683
-3835
-4406
-5252
-5955
-6007
-5907
-5058
-3090
-1493
-2262
-5004
-5564
-2060
2450
3362
1374
300
1808
3999
4410
4311
4778
5795
6094
5824
5539
4783
3713
3149
3894
4513
3670
1347
-667
-1055
-436
17
-742
-2182
-3586
-4214
-4138
-3776
-3570
-3746
-3718
-3480
-2991
-2651
-2435
-1978
-881
750
2041
2117
1242
1155
2552
4360
5263
4955
4288
3864
3900
4177
4342
4182
3642
3015
2374
1769
1258
891
498
296
276
77
-524
-1417
-1823
-1386
-624
-337
-663
-1150
-1353
-1056
-390
303
780
944
725
524
724
1052
1369
1406
1232
1019
812
509
59
-338
-470
-438
-656
-1280
-2126
-2843
-3382
-3578
-3493
-3456
-3930
-5019
-5876
-6010
-5588
-5483
-5402
-3982
-1881
-1723
-4331
-5716
-2600
2261
3848
1816
490
1836
3994
4599
4660
5462
6399
6229
5416
5355
5383
4653
3568
3582
4153
3668
1632
-349
-804
-454
-245
-984
-2213
-3400
-4206
-4381
-4138
-3622
-3408
-3605
-3833
-3504
-2849
-2354
-1937
-1154
215
1508
2010
1766
1628
2395
3879
5094
5268
4735
4163
3953
4139
4482
4676
4214
3253
2343
1825
1776
1598
1012
259
-56
-38
-463
-1260
-1695
-1431
-929
-784
-1010
-1378
-1580
-1361
-657
106
434
392
166
206
562
973
1256
1370
1230
887
574
420
315
143
-47
-254
-541
-1151
-1992
-2634
-2851
-2821
-2881
-3275
-3986
-4773
-5075
-5002
-4961
-5297
-5868
-5299
-2982
-982
-1790
-4514
-4885
-1185
3109
3840
2021
1085
2296
4020
4754
5351
5845
5825
5211
5024
5609
5592
4262
2777
2864
3521
3057
1151
-673
-1285
-1183
-1050
-1529
-2386
-3569
-4496
-4731
-4186
-3574
-3684
-4002
-4000
-3274
-2506
-2198
-1868
-1004
328
1495
1891
1753
1899
2887
4202
4883
4757
4485
4406
4522
4571
4484
4238
3575
2837
2357
2209
1847
1180
492
82
6
-217
-821
-1421
-1539
-1290
-1165
-1255
-1435
-1515
-1384
-1007
-506
-168
-50
-18
160
436
778
1074
1210
1130
1009
899
821
739
548
399
221
-24
-593
-1340
-1929
-2186
-2291
-2390
-2765
-3462
-4209
-4799
-4812
-4491
-4521
-5100
-5886
-6019
-4442
-1786
-633
-2581
-4947
-3911
461
3791
3324
1478
1186
2873
4519
5157
5352
5313
5175
5010
5486
5699
4664
2936
2350
3240
3547
2341
213
-1245
-1635
-1305
-1101
-1584
-2848
-4125
-4524
-4153
-3512
-3330
-3542
-3720
-3254
-2289
-1673
-1448
-1222
-358
992
2108
2752
2951
3081
3227
4025
5183
5935
5660
4702
4281
4470
4700
4320
3706
3089
2585
2128
1636
1092
443
-50
-301
-313
-653
-1195
-1548
-1618
-1369
-1066
-807
-775
-917
-796
-307
283
508
495
561
1068
1651
1825
1599
1358
1519
1699
1743
1550
1272
808
370
284
247
-84
-927
-1579
-1785
-1896
-2172
-2678
-3149
-3454
-3701
-3991
-4208
-4256
-4226
-4328
-4267
-2807
-605
329
-1250
-3085
-1717
2251
5100
4492
2722
2468
3898
5412
6103
6292
5976
5513
5232
5725
6058
5117
3413
2625
3215
3515
2461
507
-849
-1237
-927
-612
-1078
-2163
-3445
-3952
-3522
-2675
-2171
-2311
-2475
-2203
-1473
-866
-344
301
1261
2256
3017
3422
3395
3580
4133
5075
5766
5845
5341
4626
4266
4247
4363
4187
3647
2779
1828
1223
921
657
173
-392
-775
-1137
-1607
-1972
-1991
-1746
-1586
-1590
-1619
-1597
-1442
-1207
-778
-258
122
387
494
673
863
1068
1258
1423
1495
1349
1033
649
422
327
230
-62
-641
-1240
-1754
-2017
-2144
-2318
-2741
-3345
-3751
-3946
-4012
-4102
-4253
-4408
-4400
-4569
-4978
-4384
-2125
31
-554
-3193
-3727
-537
3233
3869
2061
1271
2470
3802
4049
4108
4361
4473
4051
3962
4234
3616
2058
885
1273
1960
1457
-292
-1837
-2417
-2381
-2046
-2046
-2506
-3414
-4187
-4319
-3760
-3048
-2854
-2832
-2539
-1754
-1064
-894
-735
29
1526
2727
3034
2650
2524
3224
4128
4740
4771
4551
4133
3652
3408
3376
2985
2333
1839
1417
945
95
-612
-1016
-1269
-1403
-1572
-1901
-2330
-2642
-2575
-2221
-1905
-1768
-1782
-1637
-1222
-818
-595
-295
231
738
1024
1130
1183
1233
1401
1702
1850
1700
1292
799
503
485
601
196
-604
-1293
-1613
-1612
-1858
-2301
-2769
-3042
-3194
-3338
-3491
-3743
-3806
-3817
-3724
-3694
-3716
-2771
-733
570
-598
-2602
-1920
1657
4383
3754
2022
2051
3578
4475
4545
4779
5032
4754
4145
4341
4749
4053
2447
1679
2345
2692
1767
58
-956
-984
-778
-635
-890
-1581
-2446
-2782
-2517
-1812
-1330
-1197
-1063
-699
2
467
750
1152
2014
3266
4091
4121
3621
3416
4203
5367
5748
5232
4524
4143
3947
3824
3644
3095
2222
1517
1125
926
471
-424
-1119
-1239
-930
-1054
-1691
-2195
-2120
-1702
-1297
-1019
-803
-790
-865
-522
243
967
1147
1184
1463
1999
2328
2220
2088
2288
2560
2579
2256
1753
1198
854
813
780
468
-285
-969
-1259
-1387
-1726
-2259
-2650
-2847
-2937
-3069
-3244
-3414
-3491
-3567
-3591
-3542
-3615
-3764
-3034
-885
763
-270
-2766
-2812
566
3929
3973
1963
1168
2241
3559
3742
3706
3761
3672
3371
3343
3565
2851
1480
780
1517
2153
1465
-359
-1795
-1837
-1093
-439
-813
-1824
-2836
-3092
-2584
-1786
-1205
-1233
-1411
-1250
-537
8
201
507
1203
2167
2804
2778
2280
2038
2599
3513
3952
3584
2717
2001
1841
1830
1779
1479
883
107
-574
-963
-1160
-1401
-1845
-2080
-1970
-1896
-2208
-2548
-2439
-1906
-1407
-1158
-944
-882
-758
-397
161
788
1218
1262
1123
1200
1509
1869
1786
1583
1474
1296
1082
738
428
106
-190
-516
-861
-1288
-1810
-2373
-2796
-2891
-2801
-2887
-3284
-3785
-4089
-4044
-3767
-3562
-3652
-3875
-4042
-4138
-4073
-3011
-945
289
-946
-3183
-2921
377
3325
3081
1298
719
1866
3001
3190
3189
3232
3213
2978
3103
3269
2564
1108
465
1250
2021
1397
-404
-1629
-1713
-1159
-731
-916
-1520
-2274
-2603
-2303
-1563
-1039
-1078
-1284
-1012
-286
194
141
120
725
1775
2507
2624
2230
1777
1756
2483
3316
3370
2549
1589
1237
1218
1246
1031
601
-33
-569
-830
-991
-1263
-1614
-1666
-1419
-1229
-1546
-1952
-1867
-1313
-629
-229
-91
-175
-236
29
721
1501
1741
1547
1353
1448
1775
1949
1922
1811
1706
1410
1049
755
496
228
-169
-517
-885
-1296
-1782
-2247
-2565
-2616
-2594
-2802
-3170
-3399
-3458
-3422
-3398
-3315
-3252
-3328
-3515
-3643
-3448
-2176
-106
762
-746
-2721
-1885
1577
3972
3270
1712
1633
2800
3489
3536
3781
3918
3661
3187
3387
3607
2720
1280
888
1832
2240
1299
-366
-1244
-1150
-702
-236
-389
-1137
-2159
-2487
-1949
-1063
-641
-862
-1145
-838
-145
196
101
235
1005
1893
2127
1808
1594
1689
2093
2440
2626
2461
1911
1288
1020
1102
1074
719
245
-99
-490
-801
-992
-1060
-1064
-1078
-1052
-1015
-1119
-1166
-1008
-586
-54
330
511
507
587
960
1354
1796
2092
2074
1847
1527
1548
1779
2023
1891
1458
914
580
412
185
-69
-507
-943
-1362
-1759
-2110
-2419
-2631
-2739
-2885
-3113
-3344
-3456
-3573
-3551
-3381
-3169
-2966
-3067
-3281
-3290
-3005
-2533
-1352
322
936
-509
-2164
-1115
2098
4050
3115
1569
1502
2536
3062
2990
3155
3306
3048
2497
2467
2497
1632
500
516
1437
1505
293
-1287
-1758
-1283
-671
-461
-948
-1726
-2484
-2488
-1809
-967
-804
-1170
-1408
-1190
-542
-119
-24
22
390
1002
1341
1117
773
835
1260
1631
1682
1536
1132
535
325
508
850
605
-129
-602
-666
-518
-532
-674
-737
-623
-487
-593
-731
-644
-298
77
407
635
560
360
373
850
1393
1696
1554
1156
925
1012
1308
1409
1275
797
304
12
-110
-274
-657
-1149
-1500
-1607
-1776
-2238
-2744
-2900
-2941
-2862
-2925
-3098
-3254
-3378
-3344
-3092
-2682
-2571
-2734
-2850
-2722
-2374
-2116
-1937
-1065
485
1090
-250
-1663
-657
2138
3792
2889
1614
1590
2401
2751
2682
2946
3133
2707
1982
2025
2220
1695
794
589
1119
1180
300
-851
-1252
-1037
-650
-458
-690
-1151
-1717
-1853
-1435
-848
-490
-659
-873
-791
-412
-148
30
237
450
721
1055
1405
1303
872
800
1382
2070
2147
1509
854
729
1060
1394
1476
1064
461
135
252
657
742
407
180
265
555
619
639
684
828
936
1151
1452
1460
1357
1316
1471
1745
1778
1620
1490
1416
1509
1462
1276
1023
813
661
539
409
30
-394
-761
-967
-949
-950
-1123
-1357
-1618
-1693
-1617
-1565
-1536
-1505
-1321
-1108
-1024
-1003
-1036
-989
-797
-344
-131
-216
-546
-740
129
1735
2400
861
-832
-210
2333
3832
3005
1722
1441
2212
2704
2802
2820
2593
2167
1869
2352
2554
1900
796
566
1308
1817
1283
153
-463
-442
187
649
459
-207
-857
-914
-495
-25
16
-283
-539
-359
-23
171
115
39
258
748
1167
1191
942
611
839
1509
1970
1941
1614
1228
1013
1153
1538
1747
1506
1012
800
964
1096
1040
844
782
914
1051
901
634
529
616
873
981
907
542
328
372
565
724
637
444
295
224
119
53
-6
-35
-97
-240
-369
-573
-888
-1086
-987
-773
-849
-1168
-1392
-1384
-1262
-1123
-1046
-1035
-1138
-1156
-1088
-1027
-954
-933
-855
-774
-775
-927
-1128
-1188
-1148
-1172
-1264
-659
412
435
-1175
-2448
-1259
1181
2003
692
-550
-269
571
853
920
1231
1259
912
695
1128
1455
1023
445
552
1136
1043
417
-149
-157
60
190
223
-63
-561
-1043
-1064
-770
-392
-409
-748
-1065
-1231
-1011
-741
-542
-542
-534
-309
-95
-95
-155
138
637
1086
1095
837
788
961
1209
1364
1432
1510
1477
1271
1064
1107
1304
1222
995
871
846
648
288
171
373
499
262
-125
-439
-489
-415
-372
-354
-484
-598
-612
-534
-489
-517
-579
-590
-415
-332
-313
-427
-445
-199
-74
85
55
-155
-268
-213
70
255
200
76
-106
-225
-148
15
117
15
-287
-533
-608
-554
-678
-967
-1321
-1636
-1850
-2092
-2156
-1696
-790
-667
-1945
-3072
-2235
-128
934
182
-699
-481
339
815
1035
1371
1505
1380
1461
2055
2391
1907
1218
1424
2129
2366
1911
1173
817
716
912
1109
958
377
-353
-668
-650
-520
-647
-955
-1157
-1112
-1060
-1106
-1250
-1279
-877
-276
137
94
-199
-228
254
1000
1497
1593
1450
1347
1511
1838
2025
2099
2056
1926
1832
1908
1953
1689
1288
1123
1161
1077
711
228
-100
-283
-304
-327
-422
-650
-1012
-1139
-968
-793
-755
-793
-842
-703
-463
-249
19
262
528
738
849
953
1129
1392
1630
1764
1843
1739
1611
1485
1464
1581
1638
1351
795
373
220
266
90
-288
-718
-1111
-1441
-1719
-1915
-2145
-2358
-2605
-2829
-3018
-3242
-3398
-3179
-2246
-1216
-1323
-2510
-2878
-1400
556
1166
615
484
1080
1732
2097
2557
2939
2993
2888
3112
3479
3208
2416
1980
2400
2777
2366
1302
399
6
-62
8
-128
-586
-1370
-2048
-2280
-2038
-1828
-1995
-2268
-2287
-2156
-1914
-1748
-1580
-1296
-912
-498
-120
131
174
409
844
1447
1760
1807
1795
1842
1909
2055
2162
2103
1848
1494
1182
1050
840
496
193
5
-103
-343
-764
-1095
-1216
-1137
-989
-1036
-1132
-1313
-1304
-999
-599
-338
-202
-152
-56
242
557
802
942
1110
1371
1606
1626
1527
1451
1541
1687
1651
1382
1003
650
415
269
45
-331
-766
-1176
-1568
-1825
-2034
-2260
-2520
-2856
-3045
-3067
-3093
-3159
-3192
-3111
-2993
-2795
-2722
-2689
-2554
-2352
-2112
-1605
-710
126
94
-635
-702
511
1929
2220
1670
1385
1732
2095
2174
2351
2362
2003
1643
1636
1812
1500
816
338
397
370
-90
-718
-1117
-1292
-1493
-1533
-1562
-1694
-2054
-2296
-2287
-2037
-1828
-1833
-1717
-1518
-1230
-991
-763
-532
-353
-91
249
538
687
699
701
868
1123
1258
1149
950
935
1040
960
732
601
626
555
250
-17
-110
-169
-243
-337
-344
-439
-543
-500
-296
-204
-279
-285
-98
139
264
345
419
525
606
648
723
810
744
656
695
738
628
470
368
339
267
59
-141
-228
-282
-366
-457
-613
-872
-1081
-1137
-1064
-1042
-1089
-1262
-1390
-1335
-1244
-1139
-1139
-1138
-1144
-1046
-891
-718
-673
-822
-838
-670
-503
-520
-748
-934
-898
-799
-578
-162
147
-164
-929
-1064
-241
670
722
203
-70
165
424
451
542
606
586
503
485
575
473
86
-95
117
346
223
-218
-607
-635
-485
-327
-444
-656
-915
-1094
-1052
-850
-692
-737
-902
-885
-658
-500
-495
-497
-341
-34
117
147
127
89
290
594
962
987
828
633
666
944
1055
993
764
653
672
665
625
540
376
275
308
198
110
-103
-337
-339
-259
-136
-315
-522
-695
-636
-337
-80
-91
-308
-434
-394
-137
89
147
106
58
161
421
607
634
624
538
651
844
886
753
514
429
489
532
423
161
-99
-218
-308
-355
-399
-528
-825
-1122
-1246
-1190
-1125
-1174
-1356
-1473
-1516
-1581
-1535
-1557
-1493
-1512
-1586
-1551
-1479
-1506
-1572
-1362
-683
-185
-498
-1173
-1207
-367
454
466
106
53
196
320
433
643
671
437
306
501
675
323
-117
-235
66
283
50
-351
-604
-646
-556
-292
-217
-438
-777
-857
-664
-385
-252
-323
-356
-228
-110
-90
-100
-116
80
309
453
412
191
9
53
183
290
299
117
-165
-410
-412
-353
-318
-550
-711
-713
-647
-670
-808
-784
-767
-687
-596
-565
-526
-512
-325
-55
171
264
306
408
569
785
946
1082
1103
1111
1212
1289
1311
1244
1200
1183
1165
1101
957
718
560
410
311
132
-90
-385
-636
-691
-736
-782
-1027
-1277
-1420
-1342
-1219
-1163
-1206
-1289
-1245
-1134
-1046
-992
-944
-816
-750
-736
-700
-763
-670
-596
-568
-527
-530
-583
-745
-837
-812
-861
-922
-1041
-1037
-758
-584
-787
-1169
-1103
-626
-168
-235
-515
-463
-264
-93
57
211
300
234
302
569
637
447
333
515
759
722
521
373
324
259
278
364
276
-81
-427
-490
-390
-351
-562
-769
-854
-873
-860
-778
-731
-833
-909
-799
-477
-213
-298
-397
-407
-179
34
212
336
259
200
273
523
751
802
702
674
811
962
983
981
957
928
966
951
873
839
774
775
785
666
550
419
328
262
261
301
285
176
16
88
250
347
378
271
304
351
339
320
309
357
299
257
258
322
341
273
237
231
220
177
143
104
110
117
8
-116
-154
-148
-127
-180
-244
-259
-237
-354
-402
-396
-369
-421
-449
-330
-262
-367
-547
-503
-362
-309
-450
-587
-542
-485
-549
-502
-249
-59
-203
-508
-484
-186
71
150
143
213
226
213
241
359
419
387
343
327
335
244
216
284
350
300
223
198
260
290
342
396
416
387
287
343
443
476
402
335
290
351
386
325
265
179
133
134
242
245
142
52
2
164
274
198
82
62
189
277
210
200
217
221
220
351
502
499
438
550
723
805
839
788
785
859
899
928
923
884
869
907
933
943
874
752
719
718
737
614
516
438
343
274
294
273
199
128
49
90
21
-24
-48
-19
59
78
18
21
-12
-26
86
135
185
39
-41
-41
-27
-105
-266
-318
-247
-218
-344
-463
-560
-532
-609
-634
-671
-715
-769
-879
-868
-793
-829
-969
-1036
-1020
-1050
-1052
-1013
-1053
-932
-741
-523
-508
-615
-470
-155
152
311
444
519
553
612
773
980
1030
943
929
1012
1025
883
785
793
792
707
642
527
396
268
200
176
138
38
-190
-310
-370
-452
-504
-513
-528
-590
-599
-461
-372
-361
-385
-189
62
256
374
413
497
571
697
869
1059
1044
922
871
866
1006
961
909
804
686
584
470
529
430
309
166
63
38
-47
-161
-245
-252
-222
-251
-317
-369
-397
-347
-319
-162
-40
-3
-21
33
140
261
245
304
335
278
320
333
341
208
153
71
81
106
41
-75
-199
-283
-349
-358
-476
-657
-743
-778
-794
-822
-876
-858
-943
-1011
-1000
-929
-865
-906
-977
-937
-889
-833
-766
-743
-692
-681
-674
-657
-582
-526
-530
-586
-553
-503
-588
-747
-820
-735
-684
-704
-659
-602
-626
-704
-632
-425
-269
-307
-385
-288
-146
-87
-63
30
185
228
264
317
340
304
321
367
371
350
346
333
337
324
284
302
203
160
103
81
37
-71
-101
-38
66
51
-54
-183
-185
-92
29
80
-2
-141
-152
-60
106
168
84
12
55
198
299
292
162
111
146
215
262
216
165
82
65
210
307
233
118
79
164
320
345
330
245
258
328
371
433
439
391
419
451
558
574
471
417
432
536
511
389
304
224
136
73
17
-31
-128
-291
-375
-410
-409
-466
-504
-522
-567
-518
-567
-642
-661
-626
-589
-576
-553
-577
-594
-562
-492
-406
-374
-379
-299
-248
-138
-64
45
94
127
229
267
368
428
428
419
401
415
502
559
581
591
566
553
650
698
720
688
648
681
694
661
666
664
633
560
507
522
539
457
314
308
330
381
326
274
270
240
263
222
238
306
303
272
271
264
276
314
340
335
318
311
289
409
454
514
557
546
590
569
540
613
690
709
736
712
740
731
743
797
849
904
920
847
860
902
896
863
889
953
976
915
856
777
656
674
665
712
640
508
420
344
392
429
401
279
247
192
146
131
131
109
73
96
91
115
36
46
114
216
235
225
240
259
250
351
434
503
473
471
527
554
608
562
615
617
609
595
579
583
539
542
541
567
508
439
433
411
456
455
413
363
359
351
316
322
285
215
168
207
248
272
189
113
212
288
283
264
231
260
271
326
367
345
359
351
420
510
473
340
291
411
536
560
606
632
597
596
651
745
806
773
706
728
721
718
757
741
707
682
677
643
665
646
597
668
709
769
656
597
568
599
640
606
570
483
433
427
474
469
431
350
277
245
320
350
318
341
334
308
318
286
242
163
136
216
230
251
252
261
245
349
404
445
454
476
501
526
604
565
528
495
457
480
471
438
451
385
438
413
331
206
97
78
40
-47
-86
-122
-146
-123
-167
-206
-238
-288
-352
-380
-315
-307
-341
-318
-328
-254
-178
-112
-167
-202
-186
-126
-31
11
-36
-9
-21
-24
58
117
93
67
72
77
145
166
160
129
85
80
144
82
106
150
70
49
23
-37
-89
-74
-76
-80
-114
-195
-171
-206
-179
-152
-170
-163
-190
-202
-141
-199
-290
-204
-228
-229
-232
-222
-195
-188
-179
-152
-67
-92
-66
-42
-13
-28
-58
-112
-115
-122
-164
-148
-161
-166
-188
-162
-148
-199
-264
-264
-208
-185
-112
-119
-97
-130
-136
-11
24
26
-43
4
75
93
120
62
5
11
50
60
94
36
-69
-69
-54
-59
-154
-224
-248
-330
-341
-352
-440
-499
-563
-609
-588
-584
-675
-731
-725
-718
-692
-685
-707
-704
-706
-682
-633
-562
-538
-539
-516
-485
-402
-385
-349
-297
-272
-214
-144
-84
-79
-93
-135
-81
-63
-73
-70
-162
-172
-196
-238
-314
-311
-369
-462
-471
-459
-487
-544
-578
-632
-637
-676
-677
-729
-785
-737
-732
-689
-709
-767
-726
-663
-579
-573
-590
-595
-604
-509
-443
-428
-411
-419
-416
-375
-309
-257
-317
-344
-235
-175
-162
-178
-189
-197
-145
-97
-97
-96
-107
-89
-4
45
27
-13
-8
-48
-61
-29
-65
-72
-106
-151
-175
-171
-193
-240
-282
-349
-361
-397
-389
-349
-347
-366
-416
-386
-426
-344
-305
-334
-297
-298
-299
-305
-269
-220
-221
-189
-199
-181
-127
-139
-88
-100
-72
-109
-124
-144
-162
-135
-154
-178
-218
-231
-214
-187
-171
-242
-268
-216
-245
-231
-249
-276
-337
-361
-342
-341
-364
-413
-405
-431
-371
-316
-341
-338
-250
-267
-270
-224
-218
-206
-201
-158
-131
-112
-151
-154
-197
-155
-180
-207
-195
-236
-221
-246
-250
-245
-237
-204
-279
-326
-379
-439
-470
-522
-498
-500
-474
-486
-481
-422
-334
-322
-297
-262
-215
-156
-184
-146
-113
-114
-50
-28
-23
-4
-2
-16
3
17
36
3
-7
28
83
65
60
36
-18
-42
-98
-100
-100
-121
-127
-83
-111
-89
-41
-44
-39
13
50
86
127
143
133
162
200
182
148
178
175
154
145
120
151
132
133
82
84
87
108
90
61
44
-52
-44
-82
-100
-132
-167
-171
-164
-155
-219
-226
-230
-218
-207
-219
-225
-292
-241
-197
-129
-88
-142
-96
-109
-110
-55
-90
-11
-1
20
33
9
20
-31
-92
-105
-104
-125
-134
-203
-222
-270
-249
-282
-331
-363
-355
-353
-386
-365
-311
-294
-283
-274
-306
-267
-209
-155
-136
-163
-194
-131
-98
-68
-49
1
16
-1
6
3
89
62
23
10
-31
-91
-168
-187
-254
-246
-308
-314
-317
-415
-458
-440
-402
-438
-476
-454
-464
-438
-377
-364
-319
-315
-286
-242
-188
-196
-172
-128
-150
-89
-52
-27
13
49
80
86
127
93
75
67
85
80
39
38
-75
-132
-136
-134
-187
-228
-252
-312
-305
-277
-240
-291
-296
-294
-300
-282
-270
-246
-242
-264
-224
-172
-149
-118
-154
-160
-122
-92
-67
-35
-22
-44
-97
-70
-94
-96
-97
-172
-242
-283
-330
-366
-447
-519
-569
-589
-600
-591
-560
-564
-616
-605
-563
-547
-545
-501
-478
-520
-457
-414
-373
-369
-353
-298
-303
-275
-259
-243
-221
-193
-150
-118
-87
-37
-67
-119
-101
-159
-159
-182
-262
-277
-317
-373
-403
-464
-519
-509
-507
-538
-583
-654
-610
-604
-612
-571
-595
-575
-534
-568
-577
-530
-484
-444
-362
-311
-311
-275
-214
-149
-123
-59
-76
-95
-67
-42
-32
-22
-43
-36
-31
-20
-13
-17
7
-15
-27
-81
-128
-170
-239
-320
-307
-319
-365
-348
-359
-398
-386
-436
-414
-347
-385
-351
-326
-321
-323
-323
-270
-269
-300
-327
-277
-282
-294
-351
-338
-303
-308
-346
-389
-369
-407
-425
-401
-434
-503
-503
-542
-522
-519
-572
-587
-552
-579
-528
-517
-471
-360
-356
-303
-231
-168
-188
-195
-156
-72
-32
-20
-42
-38
-16
-47
36
19
-17
-26
-45
-67
-94
-126
-198
-208
-258
-262
-294
-333
-366
-459
-435
-410
-421
-429
-459
-467
-469
-449
-450
-453
-394
-393
-382
-357
-328
-232
-190
-179
-90
-73
-107
-67
-35
-81
-32
-12
34
-7
-54
-29
-39
-50
-73
-46
-97
-149
-183
-169
-229
-231
-257
-272
-261
-265
-250
-266
-236
-247
-257
-246
-245
-325
-348
-308
-318
-303
-302
-319
-307
-297
-268
-236
-239
-236
-261
-250
-253
-250
-197
-190
-235
-205
-224
-235
-233
-289
-271
-213
-249
-239
-230
-244
-160
-151
-214
-187
-160
-143
-118
-129
-128
-66
-41
-86
-159
-181
-167
-192
-200
-225
-207
-248
-257
-260
-270
-245
-278
-269
-255
-269
-270
-285
-259
-281
-260
-240
-231
-222
-199
-160
-174
-201
-170
-186
-146
-121
-83
-83
-147
-132
-93
-75
-94
-119
-126
-114
-114
-126
-115
-139
-140
-152
-148
-173
-148
-120
-213
-202
-187
-171
-155
-180
-167
-158
-176
-181
-171
-202
-181
-123
-145
-119
-82
-95
-115
-111
-111
-65
-46
-87
-74
-98
-110
-139
-132
-147
-161
-115
-184
-196
-194
-245
-307
-357
-378
-419
-402
-406
-355
-422
-415
-378
-389
-344
-315
-268
-312
-278
-208
-185
-126
-141
-151
-56
-65
-36
-36
-31
11
25
-8
-34
-31
-70
-33
-54
-105
-104
-112
-136
-155
-222
-257
-238
-220
-232
-251
-273
-275
-281
-317
-307
-255
-305
-270
-287
-301
-296
-300
-272
-277
-221
-261
-260
-233
-206
-186
-189
-212
-194
-192
-183
-206
-215
-226
-271
-232
-259
-304
-336
-283
-297
-331
-334
-310
-290
-318
-299
-285
-252
-265
-298
-313
-334
-320
-302
-278
-315
-297
-272
-279
-289
-264
-197
-217
-204
-214
-214
-182
-92
-91
-139
-111
-202
-246
-268
-270
-252
-275
-280
-296
-318
-320
-310
-302
-283
-282
-270
-236
-258
-255
-222
-197
-163
-163
-189
-216
-230
-177
-145
-182
-195
-149
-197
-185
-158
-177
-131
-185
-172
-177
-212
-217
-219
-197
-251
-284
-298
-314
-315
-323
-330
-325
-324
-317
-295
-267
-266
-250
-220
-175
-173
-209
-212
-201
-241
-215
-182
-230
-227
-208
-201
-258
-228
-223
-271
-279
-322
-320
-326
-337
-410
-447
-419
-451
-511
-566
-580
-592
-610
-592
-597
-579
-542
-511
-513
-479
-437
-438
-409
-372
-388
-358
-336
-321
-250
-258
-236
-219
-184
-141
-103
-93
-86
-81
-92
-83
-80
-31
-82
-131
-142
-177
-217
-239
-273
-298
-326
-363
-350
-368
-389
-385
-396
-379
-398
-347
-339
-298
-242
-293
-284
-253
-242
-187
-170
-153
-77
-148
-123
-119
-117
-96
-99
-147
-157
-156
-125
-122
-199
-218
-241
-230
-246
-226
-238
-236
-214
-213
-223
-200
-202
-228
-190
-234
-216
-192
-164
-154
-128
-112
-103
-89
-58
-80
-85
-93
-77
-69
-86
-94
-113
-57
-83
-117
-184
-198
-270
-325
-337
-407
-437
-425
-459
-455
-384
-446
-427
-366
-383
-345
-403
-395
-362
-320
-329
-332
-331
-343
-308
-284
-310
-366
-356
-362
-339
-324
-328
-359
-326
-307
-291
-258
-227
-225
-195
-194
-207
-169
-198
-213
-204
-183
-176
-203
-230
-158
-174
-164
-197
-184
-149
-170
-124
-106
-122
-109
-93
-80
-40
-51
-40
-91
-62
-88
-71
-45
-98
-114
-129
-63
-88
-19
-38
-79
-87
-86
-50
-35
-96
-140
-104
-129
-127
-193
-199
-178
-258
-257
-219
-203
-197
-161
-162
-121
-115
-94
-86
-83
-67
-57
25
-1
0
-26
-28
-64
-97
-69
-99
-101
-112
-100
-109
-84
-77
-96
-97
-81
-98
-129
-138
-153
-173
-183
-209
-179
-148
-167
-192
-189
-198
-181
-211
-168
-206
-214
-174
-128
-126
-143
-146
-176
-155
-117
-160
-198
-175
-100
-90
-86
-92
-88
-53
-78
-75
-55
-44
-123
-77
-45
-89
-49
-44
-58
-77
-32
13
2
4
-26
16
-28
27
-5
32
49
47
73
52
52
-4
-9
-18
6
-4
-2
-37
-9
2
39
35
29
71
80
33
62
44
29
22
18
41
38
37
41
56
33
58
41
59
121
144
133
134
111
104
98
128
138
118
123
124
107
70
54
34
69
32
39
-15
-44
-5
-49
-70
-56
-58
-103
-90
-108
-95
-36
-150
-106
-88
-116
-52
-75
-42
-49
-10
3
39
72
60
44
48
49
10
-13
-19
-8
-34
-27
-2
-20
-32
-66
-78
-88
-117
-96
-94
-116
-87
-65
-87
-114
-89
-113
-87
-26
-35
-35
-11
-28
18
-38
-33
29
16
44
52
43
52
11
38
10
7
7
31
15
3
-34
-67
-41
-30
-79
-102
-128
-172
-181
-197
-224
-221
-221
-237
-225
-241
-217
-221
-169
-123
-137
-131
-106
-143
-106
-48
-64
-37
-10
-9
13
36
3
26
-1
-1
6
-23
4
0
13
32
26
49
49
43
5
-33
-37
-55
-34
-90
-104
-112
-108
-96
-81
-72
-74
-61
-86
-65
-23
21
13
47
64
67
134
49
11
80
84
95
91
72
48
82
95
161
152
143
167
154
157
147
174
163
128
155
102
41
44
34
31
40
69
78
84
118
85
88
117
127
135
128
133
129
137
108
133
107
53
34
-28
-51
-70
-95
-100
-183
-210
-230
-259
-247
-200
-220
-279
-253
-235
-190
-132
-119
-130
-111
-111
-68
-51
22
25
46
87
103
167
159
150
186
160
155
160
160
162
157
202
213
180
148
108
83
108
118
116
89
64
77
105
6
-17
14
-12
-22
-31
16
8
26
64
61
42
48
59
32
28
58
64
108
148
154
136
117
199
207
183
192
206
220
208
184
166
185
169
201
196
146
86
124
75
38
10
42
20
-15
22
74
63
76
98
72
104
98
111
81
69
62
96
82
123
84
58
54
-4
7
74
121
131
117
69
13
-3
-41
-24
-18
-38
-43
-16
-55
-73
-90
-73
-127
-111
-99
-182
-177
-211
-175
-182
-171
-146
-129
-75
-100
-112
-5
-63
-57
-34
-69
-54
-99
-88
-122
-82
-92
-116
-114
-111
-141
-165
-176
-173
-156
-193
-231
-172
-158
-207
-162
-190
-184
-163
-157
-197
-179
-125
-127
-94
-85
-122
-138
-116
-157
-121
-126
-163
-151
-168
-112
-151
-173
-118
-120
-117
-45
-41
-44
-58
-114
-146
-160
-116
-106
-119
-148
-172
-200
-188
-150
-137
-130
-104
-149
-116
-114
-144
-133
-100
-87
-102
-68
-81
-76
-124
-97
-118
-141
-118
-128
-170
-180
-194
-237
-227
-283
-264
-274
-291
-291
-289
-262
-260
-281
-367
-370
-380
-387
-352
-325
-304
-317
-314
-292
-349
-350
-347
-310
-285
-292
-265
-219
-188
-224
-192
-189
-190
-207
-271
-347
-357
-367
-397
-427
-464
-449
-459
-492
-491
-502
-516
-535
-525
-532
-536
-496
-487
-470
-437
-472
-438
-375
-376
-389
-353
-321
-302
-293
-276
-232
-229
-166
-166
-185
-203
-205
-278
-275
-289
-293
-275
-283
-292
-341
-308
-320
-390
-406
-412
-406
-431
-432
-493
-518
-530
-586
-579
-623
-638
-625
-577
-576
-563
-555
-535
-535
-508
-447
-460
-416
-433
-377
-382
-424
-367
-399
-347
-398
-445
-405
-420
-403
-439
-441
-461
-508
-521
-492
-461
-510
-526
-536
-532
-519
-557
-556
-556
-594
-592
-547
-572
-570
-584
-627
-611
-641
-603
-550
-578
-554
-566
-500
-533
-530
-533
-548
-512
-590
-559
-597
-597
-625
-644
-623
-620
-608
-592
-568
-563
-580
-576
-543
-545
-506
-544
-492
-503
-531
-487
-483
-494
-534
-500
-489
-570
-554
-579
-575
-563
-567
-566
-558
-590
-601
-534
-560
-572
-581
-594
-592
-621
-595
-609
-641
-615
-670
-659
-626
-617
-631
-625
-666
-606
-613
-571
-536
-558
-503
-492
-469
-449
-397
-429
-412
-405
-406
-418
-400
-407
-435
-425
-481
-462
-445
-440
-512
-549
-560
-579
-566
-604
-583
-613
-643
-649
-631
-611
-579
-610
-593
-558
-559
-546
-540
-476
-488
-447
-430
-404
-413
-456
-425
-418
-356
-278
-268
-332
-290
-330
-300
-330
-356
-377
-370
-355
-376
-394
-400
-407
-406
-376
-375
-384
-390
-388
-348
-307
-357
-373
-393
-389
-414
-372
-387
-403
-407
-370
-328
-297
-225
-199
-177
-179
-140
-119
-123
-112
-121
-91
-86
-129
-123
-102
-55
-124
-115
-100
-129
-175
-213
-210
-224
-217
-198
-219
-228
-225
-234
-243
-226
-230
-204
-191
-228
-243
-259
-240
-233
-213
-238
-222
-182
-162
-195
-163
-118
-105
-73
-72
-42
-18
-27
-62
-77
-42
-76
-65
-53
-42
-47
-82
-49
-66
-48
-23
-40
-22
-11
-56
-35
-2
11
5
-7
-15
-35
11
24
4
31
20
21
39
43
51
-15
-4
-39
-25
-48
12
-40
-73
-29
-59
-8
10
55
-22
30
14
62
101
82
133
94
98
110
118
143
148
132
115
56
60
84
60
81
99
112
149
136
99
130
152
134
126
167
147
156
207
189
148
108
105
79
57
39
8
9
15
33
18
59
64
85
118
135
155
146
170
149
184
143
128
130
133
98
97
162
126
133
123
143
129
144
125
176
186
198
221
156
127
152
121
87
82
85
71
64
56
63
110
103
52
38
50
26
39
18
40
57
100
105
86
39
21
67
93
70
98
74
54
117
106
93
102
75
73
70
56
53
32
35
12
28
80
64
94
96
84
74
103
104
119
115
118
144
170
137
116
116
138
132
101
121
116
115
107
57
40
46
35
47
4
-2
-9
-9
-22
-33
-53
-92
-71
-100
-90
-65
-77
-75
-118
-124
-98
-58
-21
-25
21
7
96
150
152
152
200
241
214
218
245
278
246
226
221
202
211
186
156
153
146
88
147
108
57
71
26
31
21
7
-29
-20
-80
-69
-18
-43
-27
-10
-13
9
12
52
92
76
84
114
89
136
151
180
196
161
201
220
198
236
256
234
213
204
251
242
265
236
204
211
175
168
146
88
103
67
116
70
44
29
13
45
89
94
117
140
127
174
151
114
124
127
153
158
155
157
166
183
171
171
162
151
137
255
193
224
262
268
308
272
233
249
250
231
249
225
197
164
153
122
124
96
68
76
82
98
143
119
187
182
184
224
235
204
193
201
167
158
163
226
248
276
274
213
224
261
248
239
248
270
268
257
232
198
253
202
135
128
123
117
107
120
107
94
107
114
134
140
115
96
107
112
126
140
130
140
184
176
166
147
117
73
65
118
127
111
104
120
114
96
99
96
54
24
45
76
52
92
82
85
71
33
37
78
94
66
73
83
95
92
115
123
101
154
123
86
108
97
108
124
184
143
106
105
112
114
87
61
63
57
35
75
97
116
129
166
123
145
149
100
121
87
103
101
119
96
63
114
152
139
147
131
153
153
195
199
145
152
129
156
158
172
167
140
147
145
147
172
147
123
112
111
99
130
176
180
155
155
187
190
220
196
178
194
250
254
267
253
265
295
257
224
286
331
281
272
251
269
296
277
239
228
229
218
229
219
194
204
196
205
222
209
220
182
206
229
181
182
163
200
202
199
237
261
295
312
265
260
279
292
242
253
287
275
302
297
333
315
354
331
320
352
336
311
312
352
348
363
337
337
372
339
330
274
293
263
272
273
265
331
323
326
323
312
305
291
323
349
335
339
337
327
324
259
303
273
254
294
303
309
284
301
331
368
357
353
361
385
384
422
439
462
438
467
515
513
549
577
582
589
625
621
617
644
658
634
653
647
636
624
625
622
589
547
530
506
535
495
505
516
491
514
550
569
587
591
586
599
595
599
598
583
594
630
570
624
667
671
633
627
633
661
691
684
676
723
765
808
772
804
845
773
832
785
800
747
742
770
765
794
816
829
826
837
865
874
886
929
926
920
881
873
877
859
827
861
884
896
864
822
819
836
794
794
780
746
740
718
734
715
718
695
676
669
674
692
692
650
588
607
572
530
548
587
569
552
544
525
559
520
499
514
509
525
551
613
695
715
691
704
724
754
708
666
648
682
700
647
673
622
649
639
611
613
589
565
532
482
455
472
433
423
382
370
338
357
351
328
307
293
320
337
306
288
307
319
313
281
312
305
250
280
283
291
310
322
298
278
285
297
270
272
234
240
232
224
268
263
310
255
246
228
247
281
292
308
322
335
337
335
304
293
305
345
314
299
279
258
239
192
195
229
230
216
163
197
176
107
103
104
113
65
91
72
43
11
-24
-43
10
7
12
78
55
77
75
69
73
69
78
113
86
69
105
90
103
83
99
145
150
98
131
153
131
112
105
145
104
79
27
-6
-31
-51
-37
-65
-58
-111
-106
-73
-81
-58
-41
-51
-51
-69
-100
-135
-161
-163
-178
-225
-248
-247
-269
-269
-257
-203
-186
-220
-216
-247
-222
-204
-257
-281
-270
-246
-250
-255
-282
-253
-269
-281
-237
-275
-293
-253
-212
-207
-244
-212
-206
-194
-175
-205
-134
-146
-158
-146
-143
-157
-154
-113
-104
-112
-85
-108
-142
-171
-190
-156
-182
-222
-254
-273
-304
-353
-345
-311
-303
-311
-325
-311
-281
-327
-387
-376
-345
-348
-361
-342
-311
-301
-284
-317
-315
-294
-290
-333
-307
-297
-295
-311
-330
-304
-336
-360
-363
-356
-415
-401
-414
-453
-425
-488
-521
-528
-505
-510
-563
-554
-530
-487
-517
-564
-514
-536
-542
-551
-554
-543
-537
-517
-511
-453
-454
-492
-503
-537
-528
-483
-472
-424
-436
-470
-443
-458
-442
-501
-556
-565
-605
-613
-623
-587
-611
-579
-533
-540
-548
-556
-475
-468
-508
-479
-494
-479
-445
-479
-497
-480
-494
-518
-540
-542
-530
-546
-526
-482
-527
-538
-578
-581
-560
-607
-605
-616
-659
-656
-665
-735
-734
-744
-750
-779
-784
-741
-778
-796
-772
-788
-805
-790
-748
-762
-761
-731
-704
-669
-673
-689
-672
-689
-730
-720
-707
-720
-744
-707
-637
-657
-648
-617
-621
-672
-690
-688
-696
-727
-734
-754
-722
-748
-751
-759
-808
-763
-738
-723
-788
-752
-754
-817
-762
-756
-813
-827
-849
-862
-849
-895
-891
-859
-872
-840
-794
-824
-837
-851
-824
-824
-810
-785
-781
-740
-738
-744
-794
-775
-832
-842
-825
-868
-829
-821
-861
-895
-912
-922
-924
-918
-929
-904
-879
-892
-906
-881
-861
-903
-917
-898
-894
-886
-891
-887
-883
-874
-875
-897
-908
-940
-942
-964
-977
-1018
-983
-1040
-1044
-1034
-1051
-1032
-1007
-978
-994
-969
-989
-944
-1013
-1039
-1029
-1023
-974
-961
-936
-943
-943
-851
-872
-907
-910
-938
-912
-896
-895
-895
-882
-932
-929
-937
-953
-960
-940
-972
-1000
-983
-984
-971
-991
-975
-913
-904
-894
-928
-965
-988
-995
-997
-988
-1014
-1047
-960
-1009
-965
-951
-959
-957
-936
-927
-913
-928
-951
-970
-951
-955
-958
-965
-1000
-992
-1037
-1053
-1076
-1112
-1114
-1135
-1133
-1115
-1123
-1179
-1182
-1184
-1204
-1213
-1209
-1215
-1210
-1182
-1146
-1183
-1152
-1162
-1161
-1156
-1133
-1154
-1221
-1195
-1228
-1177
-1155
-1169
-1203
-1217
-1240
-1252
-1213
-1207
-1238
-1207
-1223
-1214
-1218
-1257
-1236
-1246
-1225
-1256
-1248
-1274
-1285
-1304
-1299
-1286
-1311
-1246
-1260
-1258
-1226
-1227
-1210
-1222
-1226
-1210
-1229
-1231
-1238
-1294
-1275
-1306
-1294
-1289
-1284
-1248
-1260
-1217
-1238
-1230
-1282
-1266
-1254
-1292
-1316
-1334
-1316
-1388
-1362
-1320
-1307
-1298
-1342
-1381
-1366
-1359
-1394
-1362
-1342
-1296
-1298
-1336
-1315
-1307
-1330
-1277
-1274
-1312
-1323
-1314
-1306
-1348
-1357
-1378
-1342
-1316
-1294
-1295
-1255
-1226
-1204
-1233
-1174
-1113
-1094
-1079
-1099
-1027
-1037
-957
-1001
-1029
-1010
-1016
-994
-1058
-1031
-1042
-1051
-1050
-1047
-1049
-1076
-1030
-1039
-1038
-994
-1002
-987
-988
-1035
-1032
-1047
-1075
-1072
-1078
-1052
-1062
-1059
-1052
-1091
-1095
-1125
-1122
-1119
-1119
-1124
-1112
-1104
-1065
-1028
-1019
-1017
-1003
-1006
-981
-980
-986
-949
-965
-953
-983
-917
-921
-966
-862
-912
-874
-937
-916
-866
-887
-886
-937
-916
-907
-952
-977
-936
-968
-981
-980
-965
-922
-872
-841
-810
-826
-811
-790
-774
-771
-777
-783
-760
-781
-783
-786
-797
-797
-789
-793
-754
-748
-706
-697
-689
-699
-693
-651
-692
-661
-665
-655
-622
-642
-628
-637
-649
-646
-672
-648
-663
-624
-601
-626
-617
-594
-549
-542
-523
-513
-532
-517
-544
-562
-505
-531
-536
-486
-557
-517
-506
-503
-513
-479
-505
-512
-491
-524
-545
-552
-554
-547
-524
-575
-546
-574
-561
-518
-564
-588
-538
-529
-549
-538
-499
-469
-498
-500
-423
-369
-350
-313
-261
-293
-308
-313
-298
-281
-232
-219
-302
-276
-246
-280
-283
-250
-256
-270
-225
-202
-233
-255
-294
-330
-273
-272
-293
-302
-314
-326
-332
-300
-283
-291
-250
-232
-200
-164
-195
-246
-236
-176
-163
-169
-202
-195
-207
-216
-208
-197
-242
-231
-270
-254
-211
-205
-147
-129
-125
-123
-75
-88
-123
-115
-122
-98
-68
-99
-77
-112
-119
-125
-131
-139
-82
-78
-85
-42
-71
-23
-15
27
40
20
25
43
34
39
18
12
14
-6
22
50
21
29
71
34
45
62
72
70
117
128
94
80
101
89
94
153
92
101
142
151
165
169
161
130
143
144
183
139
141
173
155
211
196
208
214
204
185
207
212
231
180
166
153
153
213
171
156
193
243
266
250
268
269
284
301
292
255
198
218
221
228
226
252
250
251
276
273
290
259
268
270
253
212
247
260
246
254
228
259
210
214
259
289
309
306
348
362
355
348
335
344
368
343
292
285
308
320
327
359
404
410
466
503
508
462
480
494
436
442
435
461
387
341
324
307
313
308
272
315
274
238
295
310
306
288
327
273
302
391
369
382
398
395
402
405
419
415
487
517
552
572
593
654
654
607
642
658
588
572
606
561
491
510
523
505
482
541
509
542
561
545
570
530
566
559
536
552
550
549
567
593
574
586
577
589
575
563
597
632
603
622
660
637
646
587
562
572
577
597
562
563
532
495
476
446
458
476
461
485
512
551
603
664
635
642
649
635
638
617
675
644
668
686
697
718
659
709
686
636
650
635
658
658
665
684
622
610
647
618
592
580
593
571
571
613
585
606
622
622
577
624
666
687
739
700
719
746
715
737
718
702
740
800
794
806
806
770
767
792
786
769
780
773
772
777
759
763
763
782
775
737
768
755
780
748
756
721
655
674
687
729
720
725
732
723
723
726
722
694
716
719
723
709
691
762
785
788
769
768
765
769
771
740
714
737
684
701
757
743
757
776
759
705
688
704
741
748
724
710
745
737
719
776
762
790
782
797
793
783
837
786
849
856
816
817
848
798
810
832
793
754
767
763
742
753
743
741
729
744
711
673
698
688
704
685
682
650
639
621
592
619
619
630
592
558
586
612
653
621
566
635
636
644
712
695
700
752
690
655
677
654
691
653
642
644
626
635
633
608
623
616
607
636
644
633
668
709
712
711
729
752
768
756
727
714
721
704
712
689
694
696
684
710
771
751
711
766
748
774
749
775
730
689
669
621
611
593
645
672
720
722
721
753
785
751
761
816
809
811
815
821
776
761
747
768
772
730
760
748
749
746
732
754
798
781
723
727
701
685
678
625
626
626
597
598
554
576
596
559
581
658
685
696
718
746
746
751
724
704
703
670
723
680
679
663
661
645
674
680
723
722
707
716
713
727
725
747
758
754
735
715
690
668
647
627
601
616
603
614
633
663
662
689
689
711
703
672
742
713
706
704
679
668
707
762
711
691
707
730
760
726
712
755
784
806
790
844
809
808
800
814
789
769
830
807
803
785
830
820
839
848
866
871
866
883
880
870
837
812
816
781
759
773
728
740
740
722
748
783
792
818
820
860
851
872
925
900
888
914
873
877
878
825
836
815
816
838
838
817
820
846
909
870
905
905
861
877
837
853
848
840
810
832
770
747
778
749
773
789
798
830
885
884
890
908
863
849
842
826
826
893
919
877
880
856
845
874
898
889
885
907
953
944
968
1012
978
963
974
930
943
921
980
910
896
884
888
894
881
889
835
801
742
729
724
788
806
850
873
905
907
907
904
886
876
865
873
816
834
832
820
823
814
794
784
826
818
824
850
815
774
770
711
717
739
744
758
716
758
801
778
783
792
810
888
855
814
813
810
801
810
759
758
806
780
798
790
785
786
767
788
796
833
791
774
754
775
712
703
703
711
712
699
705
680
652
642
689
693
663
689
676
672
687
681
666
617
604
588
554
558
555
490
438
460
509
493
481
528
560
531
511
543
502
493
549
589
580
560
566
522
499
466
511
490
461
481
471
449
496
505
482
493
487
506
493
491
539
520
500
489
493
458
468
454
424
398
434
491
436
448
486
486
481
522
514
521
546
526
559
537
513
487
476
429
433
470
459
446
462
534
574
566
574
609
607
584
598
624
580
562
519
496
517
498
513
520
547
555
552
551
587
635
612
600
621
573
583
590
546
580
540
570
537
552
550
500
519
534
584
579
578
589
605
578
595
610
639
640
631
654
626
567
615
618
621
641
645
710
732
722
748
774
704
744
769
811
801
798
817
785
765
768
726
703
688
705
721
672
704
675
652
649
655
632
619
624
635
681
656
638
631
626
628
618
634
626
622
621
668
664
662
650
655
661
621
597
588
571
560
500
520
518
524
547
520
605
567
576
570
572
586
534
577
556
546
560
521
533
534
554
551
569
593
602
606
627
640
605
647
668
677
709
711
757
748
709
684
697
715
695
680
666
684
657
642
656
640
646
671
657
635
651
669
676
681
723
748
701
686
697
694
684
696
658
681
644
634
691
644
701
692
714
748
709
690
659
657
662
632
611
603
614
601
599
599
594
587
579
565
555
548
564
582
545
537
547
564
553
552
553
591
622
604
570
544
534
544
605
636
645
618
618
642
648
680
687
667
674
688
681
635
651
636
650
654
692
655
635
651
598
592
561
561
537
529
554
538
553
514
493
487
464
408
408
380
408
358
396
389
418
488
416
438
458
460
414
439
445
456
464
467
461
454
467
455
476
447
446
476
429
438
368
386
423
395
412
382
415
433
398
428
389
366
371
362
374
334
340
373
424
398
396
390
391
447
403
396
437
398
403
421
433
442
362
385
379
377
425
372
365
360
374
381
386
337
360
436
408
400
361
373
347
348
374
337
302
296
298
297
334
319
333
356
331
335
291
287
313
311
298
283
281
273
300
309
273
251
244
252
199
212
180
200
237
208
228
237
251
212
169
188
198
164
177
131
143
117
117
149
140
136
83
85
102
121
157
163
174
226
222
234
270
235
292
242
233
260
241
284
262
288
270
294
283
277
301
273
283
269
262
263
272
270
263
226
214
214
237
221
174
137
90
118
134
141
100
121
98
116
135
130
169
131
141
92
98
86
76
88
73
64
79
101
77
103
137
129
89
143
122
118
108
92
75
60
58
43
71
23
10
-16
14
11
-12
5
-2
23
4
-38
-12
71
49
86
123
107
113
75
65
94
44
28
36
24
27
-3
-61
-67
-38
-16
12
-37
-8
26
1
-25
-30
13
32
14
-7
8
12
15
1
-24
25
-4
-59
-34
-37
-86
-127
-69
-80
-132
-130
-130
-123
-126
-125
-84
-49
-43
-46
-12
-42
10
26
34
54
45
77
45
75
101
128
166
128
156
152
159
220
190
208
218
204
165
198
217
143
185
193
154
113
146
131
85
62
16
70
37
23
89
47
79
44
72
75
85
71
89
103
123
138
136
211
186
177
169
189
202
195
213
197
153
217
204
176
235
177
188
215
185
158
138
117
121
125
111
87
95
84
78
137
118
134
126
165
168
149
120
83
99
170
146
169
215
209
283
247
235
231
228
214
205
258
263
255
253
243
294
279
286
225
211
200
191
208
151
146
162
152
162
196
197
197
165
182
223
197
173
184
207
184
125
142
99
120
163
137
171
165
121
130
70
83
111
108
113
113
113
128
134
107
84
76
88
5
29
72
5
-6
18
-10
47
10
24
78
71
33
68
88
105
143
146
143
109
110
142
153
133
133
100
114
83
46
40
82
85
54
95
96
80
76
99
90
90
41
13
20
-18
-25
-47
-60
-92
-104
-122
-122
-142
-114
-68
-65
-61
-63
24
-18
-30
-32
-4
27
12
35
27
27
28
6
18
48
44
91
68
65
58
76
134
106
83
67
71
58
15
-22
-34
-20
-101
-104
-121
-159
-134
-159
-124
-159
-129
-186
-145
-93
-152
-144
-192
-175
-164
-192
-183
-204
-216
-208
-197
