SAMPLES:	17869
BITSPERSAMPLE:	16
CHANNELS:	1
SAMPLERATE:	16000
NORMALIZED:	FALSE
-35
-26
-34
-67
-62
-34
-46
-29
-14
-30
-37
-77
5
-38
-35
-30
-27
12
-10
-5
-30
0
20
17
17
27
24
36
35
37
107
67
77
87
85
144
119
128
131
122
116
101
80
77
78
15
-17
31
17
46
47
69
60
39
86
77
99
112
64
74
72
79
42
69
48
46
70
64
30
-2
56
65
38
10
0
1
33
61
95
129
170
192
175
135
98
130
162
127
127
147
164
141
128
144
140
149
118
77
63
28
35
23
7
19
48
56
29
-1
12
38
58
76
52
21
23
9
41
57
40
76
79
108
101
48
54
52
78
60
64
62
63
68
65
78
50
40
36
6
19
2
9
45
81
96
124
117
93
97
132
97
115
116
108
119
55
50
74
62
103
78
57
82
76
51
83
93
120
106
65
62
77
140
97
92
114
144
119
86
97
95
75
88
99
61
39
80
40
43
45
50
56
59
47
50
0
15
40
-6
32
-28
-18
-89
-89
-32
-45
7
-26
-20
-28
10
59
61
54
51
75
111
123
121
148
142
131
157
112
172
218
182
228
212
211
206
195
198
197
180
184
156
129
145
162
156
186
141
171
114
49
35
71
83
68
93
74
106
91
127
167
202
218
257
202
192
204
213
232
219
171
178
186
172
137
127
125
149
137
102
106
111
100
125
127
100
130
85
136
76
75
131
135
133
134
118
121
141
106
78
90
112
77
72
110
141
146
174
184
187
179
142
166
169
150
138
129
109
73
81
63
46
41
102
110
82
93
71
123
127
175
164
135
193
156
191
200
193
190
170
118
111
121
112
164
94
98
126
108
118
73
106
135
143
156
109
111
134
118
126
105
100
105
106
89
83
143
131
120
141
146
139
159
152
103
60
78
98
38
36
41
23
66
57
60
77
95
41
12
-30
-4
1
6
16
42
71
68
48
26
58
-1
-8
10
21
32
60
58
94
80
61
89
80
82
83
113
114
106
131
166
172
165
160
147
138
138
157
125
111
102
112
65
144
153
110
156
118
144
136
129
89
90
73
73
89
68
73
75
68
27
29
-33
-20
10
-22
-28
-41
-61
-25
-29
-28
25
-10
-13
-5
-16
12
41
76
121
110
126
161
144
179
213
213
209
189
209
188
191
205
190
178
180
190
162
157
175
137
102
86
77
50
28
14
32
35
28
9
-23
31
15
5
-1
-26
28
53
26
24
23
22
43
79
79
97
93
109
129
151
152
186
233
191
194
156
134
169
169
193
209
184
176
143
119
110
87
109
61
42
67
123
102
77
115
87
69
80
23
36
49
86
78
54
121
84
83
116
69
73
88
82
112
122
103
154
143
139
132
127
118
63
110
103
20
57
58
56
111
115
132
99
101
82
20
31
11
-43
-31
36
73
82
99
78
49
81
68
92
74
93
133
113
129
203
205
168
238
198
203
188
191
191
125
93
97
58
56
111
78
107
142
98
79
68
45
42
-3
-43
-30
-28
-22
-42
-59
-55
-79
-79
-65
-39
-28
0
-11
30
60
25
59
59
93
119
114
161
137
158
175
196
188
181
121
57
49
36
-15
-20
-55
-39
-27
-68
-98
-119
-77
-34
-97
-150
-144
-148
-138
-132
-100
-47
10
-18
-10
-2
-2
-35
-5
21
57
48
82
42
41
63
49
57
56
68
83
115
89
42
36
13
-39
-49
-89
-80
-90
-51
-80
-108
-108
-127
-115
-120
-95
-76
-108
-28
-7
-12
46
47
96
45
61
57
24
37
23
53
41
70
53
54
86
105
167
150
113
51
37
88
60
-5
-11
-15
-56
0
-55
-73
-66
-65
-80
-128
-67
-92
-119
-81
-115
-103
-58
-58
-45
-41
-10
5
31
24
23
42
-1
59
39
21
72
88
56
38
68
80
61
43
10
-56
-59
-71
-98
-67
-91
-104
-98
-99
-65
-74
-98
-57
-91
-85
-72
-100
-49
-49
-43
-102
-89
-54
-93
-82
-88
-32
-37
1
-17
-24
10
-42
-31
-52
-21
-26
-62
-78
-98
-140
-108
-136
-120
-121
-99
-90
-183
-152
-161
-162
-153
-165
-195
-199
-174
-179
-158
-171
-181
-157
-199
-171
-132
-150
-138
-148
-133
-120
-99
-94
-41
-36
-33
-1
2
48
13
-30
-50
-84
-101
-118
-139
-137
-140
-151
-114
-161
-180
-165
-175
-173
-141
-178
-189
-135
-154
-170
-129
-200
-240
-193
-158
-152
-231
-160
-156
-116
-89
-104
-93
-102
-80
-112
-51
-87
-135
-137
-118
-97
-105
-108
-91
-88
-127
-149
-108
-142
-187
-194
-191
-207
-233
-227
-267
-241
-254
-247
-230
-217
-208
-146
-148
-143
-75
-70
-81
-92
-46
-71
-57
-6
-7
-25
-18
-24
22
4
-49
-66
-97
-71
-75
-50
-37
22
8
2
13
4
14
-27
13
24
17
9
-21
-24
-8
-40
-51
8
-32
-78
-120
-81
-75
-29
-45
-64
-9
-35
-63
-84
-79
-72
-66
-49
-71
-107
-99
-136
-129
-138
-170
-195
-204
-159
-158
-126
-143
-128
-125
-123
-109
-124
-98
-122
-111
-127
-130
-125
-118
-112
-129
-150
-140
-211
-203
-148
-173
-193
-160
-162
-162
-172
-186
-146
-156
-112
-126
-148
-121
-153
-135
-133
-162
-185
-161
-156
-163
-168
-188
-171
-119
-170
-158
-93
-103
-112
-135
-74
-60
-110
-116
-140
-133
-173
-205
-219
-190
-190
-207
-188
-126
-138
-129
-142
-115
-73
-64
-91
-109
-115
-155
-153
-178
-185
-192
-192
-190
-161
-130
-140
-102
-137
-111
-35
-46
-67
-35
-64
-39
-33
-69
-61
-40
-48
-24
9
-28
-53
-37
-40
-87
-40
-50
-70
-135
-150
-190
-210
-185
-193
-227
-234
-218
-232
-187
-214
-176
-164
-181
-158
-137
-151
-204
-156
-136
-129
-135
-150
-133
-140
-142
-140
-112
-130
-150
-131
-123
-146
-127
-129
-142
-131
-131
-152
-104
-76
-132
-123
-128
-134
-116
-125
-115
-97
-140
-187
-135
-136
-199
-209
-162
-161
-149
-144
-106
-119
-106
-63
-71
-65
-55
-50
-43
-73
-73
-67
-90
-114
-95
-109
-109
-78
-48
-43
-32
-2
-42
-57
-64
-43
-73
-94
-112
-89
-111
-99
-43
-62
-74
-25
-3
-22
-44
-58
-85
-134
-135
-176
-180
-196
-231
-205
-214
-210
-221
-187
-149
-125
-134
-103
-118
-120
-142
-102
-122
-116
-142
-176
-172
-202
-233
-186
-162
-180
-171
-123
-151
-111
-33
-74
-44
-23
-5
-35
-28
8
9
-19
-39
-48
-107
-126
-155
-158
-164
-148
-156
-161
-184
-201
-198
-192
-185
-147
-146
-205
-171
-194
-217
-236
-188
-215
-196
-161
-125
-83
-125
-102
-99
-139
-120
-104
-92
-68
-46
-29
-46
18
-46
-10
36
6
8
-23
-28
-21
-69
-70
-40
-6
4
-28
25
-29
-37
-55
-105
-191
-200
-207
-244
-203
-216
-193
-181
-164
-162
-172
-135
-147
-165
-199
-219
-204
-237
-247
-266
-235
-232
-207
-182
-142
-140
-150
-161
-130
-113
-114
-98
-121
-81
-71
-45
-12
25
45
48
19
32
31
-29
0
29
-44
-76
-25
-22
-63
-62
-29
-28
-41
-21
12
7
-11
11
57
57
27
-29
-27
-40
-49
-30
-68
-98
-80
-72
-55
-74
-14
-22
-49
-25
-12
-21
-2
29
-62
-37
-30
-61
-71
-86
-47
-19
-73
-103
-109
-103
-76
-81
-86
-74
-82
-109
-129
-123
-120
-154
-140
-164
-181
-150
-164
-217
-191
-163
-174
-197
-219
-164
-187
-148
-127
-142
-103
-86
-33
-41
12
10
2
9
30
18
-3
9
35
-8
-4
23
47
29
81
75
64
9
23
30
-54
-38
-55
-22
-64
-48
-49
-41
-55
-22
-73
-71
-19
-43
-93
-114
-75
-67
-91
-112
-80
-37
-2
-39
20
26
-13
-40
0
37
-19
-18
-14
-10
-4
54
43
60
70
74
39
16
15
38
24
-2
12
4
31
-2
4
25
23
31
2
-30
-57
-44
-48
-89
-110
-121
-58
-26
31
39
39
0
5
-1
-9
0
-61
-41
-12
20
19
-22
35
38
22
1
0
51
-2
-8
-8
-18
-24
-20
9
-10
-4
-19
-29
-62
-14
-30
-34
6
11
28
-11
63
57
54
52
20
45
36
59
78
86
109
100
115
82
83
83
56
82
94
31
38
70
4
21
48
46
2
9
0
-24
-13
2
-20
24
51
25
90
87
86
50
47
73
30
30
28
39
93
90
71
18
61
94
20
7
38
0
37
38
51
22
-12
-17
-67
-73
-82
-27
-68
-29
-37
-18
37
19
25
-24
13
29
59
70
79
137
142
130
139
174
159
117
125
79
108
94
126
127
137
121
104
146
144
108
93
94
61
32
-1
70
14
-22
26
20
29
-6
-8
-59
-47
34
-51
-56
-32
-81
-92
-56
-34
-47
-53
-51
-3
-2
-22
-34
-63
-107
-48
-73
-115
-81
-54
3
-3
32
84
104
77
81
54
62
84
41
32
9
0
-4
32
12
25
63
33
86
91
101
95
111
125
149
206
125
150
150
134
133
132
140
113
107
78
121
116
106
118
99
131
94
99
142
137
136
61
85
87
100
77
81
50
-18
-31
29
-5
-22
28
18
30
8
86
132
113
131
128
87
98
72
64
76
105
99
139
148
65
35
15
61
88
58
79
122
57
38
16
22
8
-27
12
40
-21
-6
18
-14
-38
-51
-58
-48
-19
-8
-18
47
31
56
57
29
13
0
46
34
42
48
16
96
151
166
180
181
182
170
164
107
89
58
25
21
9
32
31
-33
0
17
25
44
99
71
81
76
91
53
43
58
15
68
74
63
53
77
59
71
88
84
80
89
123
137
162
172
172
170
152
117
121
142
136
102
93
107
35
35
55
16
-1
1
5
20
-19
-60
-18
-48
-102
-90
-43
-53
-66
-52
-108
-133
-91
-127
-163
-144
-63
-94
-81
-40
-35
28
63
38
-4
37
49
73
89
115
136
113
114
106
194
163
109
166
136
131
114
113
74
90
101
108
97
78
28
30
60
27
34
6
-2
-92
-104
-106
-117
-114
-101
-92
-71
-84
-105
-46
-65
-59
-111
-109
-74
-62
-59
-57
-50
-69
-68
-58
-4
20
-10
-3
-13
26
-1
-44
-20
-33
-20
-34
-69
-33
-78
-76
-77
-91
-42
-37
-39
7
-32
-22
0
19
41
6
38
52
60
81
66
72
58
-10
28
37
21
39
43
17
22
55
24
73
38
38
66
43
96
44
50
38
30
24
22
25
103
132
94
117
50
68
86
43
5
49
68
103
61
95
102
61
56
34
82
57
38
18
-22
-70
-70
-60
-40
-39
-58
-51
-62
-60
-48
-76
-17
-35
-43
3
-5
6
1
4
-4
-10
23
-1
3
46
17
45
11
43
58
66
71
48
43
19
24
7
-33
-25
13
-20
-41
-63
-34
-55
-42
-51
-58
-31
-67
-51
-42
-26
-7
-7
10
-12
-6
32
21
-5
-35
-26
-16
-37
-13
2
-18
-9
-28
-25
-55
-49
-50
-76
-82
-79
-61
-71
-49
-47
-49
-41
-80
-43
-44
-47
-23
-38
-83
-107
-76
-109
-124
-77
-64
-82
-32
-67
-29
-24
-63
-42
-26
-17
-52
-97
-49
-48
-121
-143
-122
-213
-178
-146
-141
-90
-133
-80
-101
-94
-87
-75
-98
-144
-127
-164
-187
-150
-104
-113
-104
-87
-107
-112
-62
-74
-117
-124
-14
-67
-122
-100
-93
-75
-102
-72
-104
-107
-38
-39
-28
-29
2
20
15
44
62
57
54
82
35
42
-26
6
19
-36
-19
-42
-67
-42
20
26
0
74
63
20
-27
-9
2
-28
-14
-57
-108
-122
-120
-176
-177
-173
-151
-94
-110
-48
-30
-84
-66
-29
-12
-83
-22
-28
-23
-37
-34
-43
-68
-38
-31
-8
-42
-22
-55
-40
-31
-15
34
10
33
8
8
28
36
31
51
62
41
54
69
77
50
46
24
18
-11
-39
-67
-47
-60
-57
-85
-64
-55
-73
-81
-76
-85
-118
-100
-111
-86
-85
-58
-73
-80
-92
-76
-21
-63
-36
-62
-21
-48
-90
-22
-11
-66
-66
-20
-37
-34
-65
-99
-100
-64
-86
-124
-183
-188
-184
-214
-183
-171
-204
-179
-149
-170
-152
-111
-80
-46
5
-4
-43
-61
-1
29
79
54
54
99
81
84
79
76
85
120
123
137
135
119
130
134
109
113
25
46
50
20
-40
-29
-68
-89
-59
-36
-43
-91
-82
-139
-158
-117
-95
-71
-49
-33
-3
25
68
82
29
29
58
33
4
6
57
44
73
60
100
125
104
138
133
91
106
145
124
71
64
72
24
0
93
133
74
111
161
128
138
176
208
161
125
160
168
99
104
98
124
84
85
40
42
76
65
47
-17
21
-2
15
24
56
110
80
4
34
18
-25
-18
-39
-36
-51
-37
-20
24
-5
-8
14
-53
-22
-9
-18
12
4
6
-8
-5
20
49
38
51
68
56
53
44
48
58
112
112
122
113
94
124
130
94
64
80
79
47
68
70
28
65
113
139
114
101
95
75
62
54
59
53
5
25
67
50
63
53
39
13
16
-27
18
67
-19
-20
24
83
61
30
49
13
30
-10
12
77
64
70
50
110
132
93
70
96
92
50
61
57
87
106
109
113
114
126
91
56
45
-34
-28
-13
-38
64
94
86
46
26
15
17
6
-34
6
9
-29
-5
-69
-96
-83
-102
-49
-53
-71
-65
-27
9
42
49
79
54
68
52
80
103
85
74
26
53
12
40
38
19
-11
-5
47
7
1
-15
-34
-39
-75
-73
-34
8
1
5
29
18
-1
12
-20
-12
27
30
50
14
36
88
91
91
87
104
150
120
190
214
160
172
116
138
97
75
134
108
103
91
111
154
104
111
74
5
-6
0
26
-16
-10
-15
-55
-35
-28
-25
-18
-10
6
-21
-22
14
-6
-55
-37
-18
25
9
29
47
24
44
33
44
20
81
67
46
77
100
116
103
123
107
79
76
112
76
40
47
57
67
73
71
59
93
104
129
147
155
150
169
121
134
173
182
130
153
82
59
76
17
25
27
57
52
27
60
72
70
70
36
56
49
2
-10
-31
-51
-31
-4
-49
-36
-75
-53
-82
-85
-50
-49
-56
-81
-10
-33
-44
-34
13
47
45
87
51
35
40
77
56
-16
-13
-17
-22
1
33
79
91
80
120
157
130
108
90
51
16
16
8
22
22
24
36
34
15
27
24
47
37
46
41
25
94
63
66
82
35
87
67
58
109
95
40
24
16
24
44
7
27
13
56
10
26
19
19
12
8
8
15
16
-20
-44
-66
-62
-100
-94
-46
-50
-69
-58
-53
-31
-28
20
28
-8
50
43
2
54
76
23
84
133
68
69
68
52
48
49
41
19
7
16
55
75
18
67
83
76
68
86
64
7
30
23
-18
-21
-51
-21
-57
-75
-75
-119
-94
-56
-3
-38
-41
10
-1
-35
-53
-26
-78
-70
1
-22
28
22
56
91
95
133
98
100
173
162
181
203
190
162
145
166
152
122
94
89
79
71
55
110
75
105
56
20
30
31
5
12
11
-28
-52
-54
-84
-90
-45
-50
-40
-50
-79
-53
-57
-75
-22
-18
-25
-28
3
6
0
-9
-4
3
-10
-22
-34
21
36
11
84
84
104
129
137
127
86
128
101
79
51
61
101
54
44
51
78
70
65
77
95
144
100
85
59
77
70
27
100
27
66
66
64
96
66
65
92
88
74
117
89
115
96
121
116
111
109
90
105
119
77
24
42
36
1
10
9
-9
9
26
26
20
46
16
19
-38
-56
-65
-100
-93
-158
-129
-120
-118
-105
-99
-57
-73
-81
-41
-49
-88
-56
-42
-21
47
45
18
17
27
8
27
24
13
63
64
14
69
56
83
112
95
62
83
135
75
69
59
55
55
92
8
23
67
38
81
74
86
94
116
131
63
55
67
78
57
77
53
41
68
57
53
17
17
13
28
31
27
23
39
52
44
51
67
79
69
67
48
68
62
81
60
30
31
0
36
35
29
31
-5
-12
3
-9
-14
-34
-14
-18
-34
-29
-23
-9
16
-6
-12
-39
-53
12
-5
16
-4
-23
1
13
39
23
11
16
-2
0
8
19
72
39
69
88
148
143
117
146
144
146
104
60
54
61
64
59
23
49
74
79
25
41
63
43
46
99
82
111
95
88
78
65
72
36
59
54
71
32
-3
-8
-42
-44
-39
25
-12
-31
5
12
25
59
61
44
48
23
47
69
32
26
43
62
21
36
41
42
55
50
77
1
18
29
-1
14
-38
-28
5
-45
-29
-6
-62
-70
-89
-135
-115
-91
-87
-57
-56
-16
-18
3
-15
-19
-30
-25
-10
-35
19
25
11
-39
-87
-55
-30
-65
-42
-55
-10
-40
-38
13
-22
21
23
85
68
31
31
9
-24
-31
50
67
82
58
34
31
35
35
-4
19
37
21
15
25
51
54
-3
9
60
34
28
11
31
42
48
69
61
54
33
71
50
51
40
46
50
-33
-31
-70
-59
-27
-60
-52
-19
-32
-36
-17
-10
-16
-16
-86
-77
-45
-20
-28
-13
-7
-25
12
-12
-3
17
-17
-27
-11
3
10
1
-14
28
77
44
95
137
146
186
139
128
138
129
143
153
165
153
142
92
53
61
23
23
19
34
46
2
15
13
13
87
73
27
58
34
42
32
15
16
6
17
12
20
-3
23
71
58
20
71
73
109
84
74
60
56
94
61
50
27
55
18
-22
-38
-38
-45
-62
-94
-63
-63
-86
-97
-91
-60
-40
-32
-72
-33
-80
-104
-82
-104
-72
-54
-74
-100
-127
-88
-74
-49
-11
10
24
9
38
26
32
77
36
61
68
53
42
75
101
114
65
40
68
35
-21
-48
-11
7
0
31
20
-2
1
-15
2
5
30
30
21
-18
3
-4
11
-16
-21
-27
-54
-27
-66
-59
-101
-110
-95
-52
-60
-73
-17
-13
6
18
44
0
-17
16
14
44
56
15
29
18
-6
-54
-65
16
-55
-60
-21
-30
-36
-59
-22
-51
-59
-22
-10
-15
-58
1
8
-42
-52
-50
-59
-106
-105
-79
-45
-50
-44
-66
-83
-27
-46
-23
-56
-55
-2
-21
-26
-65
-26
-26
-27
-30
-9
-3
1
27
25
65
47
76
74
91
106
91
105
134
117
111
119
123
75
66
91
118
87
83
80
41
36
15
7
-10
-7
-14
8
8
15
-28
-30
-40
-63
-77
-67
-97
-71
-84
-83
-65
-74
-21
-66
-33
-4
-20
-34
-23
8
-27
-10
-38
-42
-1
-40
-32
-39
-67
-34
-49
-27
5
-72
-26
-26
-26
7
29
10
18
-43
-73
-57
-90
-124
-130
-128
-135
-126
-120
-129
-121
-107
-80
-32
-25
1
27
-7
-11
-33
23
5
20
47
8
8
-4
-8
29
46
-5
47
108
81
75
70
103
128
101
106
72
73
79
48
48
68
46
44
0
25
50
18
36
29
14
4
-3
-8
-31
-28
-29
-56
-44
-57
-63
-68
-76
-113
-124
-117
-139
-137
-67
-32
-38
4
-6
-32
-15
-34
-35
-12
12
-54
-66
-36
-2
13
-20
41
47
30
30
73
70
71
54
30
25
-32
-33
-45
-58
-14
-10
-32
-33
7
-19
-49
-71
-41
-42
-36
-9
-8
-11
-4
-13
-32
-19
15
40
57
55
31
2
-3
-18
-12
-27
43
68
50
83
50
13
-15
-13
-41
-50
11
18
34
44
56
110
126
144
105
45
27
51
16
14
58
65
27
45
61
11
22
3
-45
-38
-79
-105
-150
-178
-170
-176
-184
-120
-117
-104
-99
-48
-47
-122
-111
-135
-135
-135
-110
-84
-86
-98
-76
-21
22
38
73
66
113
82
90
100
124
95
118
107
52
101
89
49
52
70
64
54
18
53
82
44
32
73
92
111
143
82
80
52
18
53
26
14
-30
2
-8
-5
44
86
28
58
80
51
60
40
69
60
49
59
42
22
69
82
46
-3
16
117
85
21
47
48
69
88
44
110
102
134
100
68
88
76
69
48
50
36
41
11
13
-12
-20
-13
0
-13
-48
-74
-77
-83
-70
-81
-66
-54
-51
-20
-14
-27
15
20
40
8
3
36
59
80
20
35
12
6
22
18
53
35
74
95
103
141
143
199
188
197
164
177
190
149
196
188
218
214
233
221
242
258
262
234
202
168
139
153
115
119
105
123
100
95
66
73
80
29
53
86
31
9
8
-38
-7
-49
-13
10
7
-35
-31
-8
-10
20
42
68
90
130
108
141
110
131
128
148
127
127
160
123
123
57
99
89
57
62
52
58
51
98
87
98
127
137
125
116
91
80
41
44
84
109
136
126
126
101
106
131
116
110
96
82
127
122
150
146
137
77
77
152
138
84
64
83
115
107
67
81
96
62
100
100
91
117
129
108
108
130
143
161
174
143
127
83
43
47
61
129
83
89
73
71
72
15
10
-31
-71
-97
-132
-106
-134
-111
-111
-110
-75
-44
-81
-100
-67
-88
-90
-115
-93
-90
-84
-67
-112
-172
-187
-194
-205
-206
-215
-200
-120
-80
-60
-26
14
-2
-16
12
-51
-28
-3
-33
-82
-69
-86
-97
-75
-73
-83
-90
-49
-38
-19
8
25
14
14
16
-4
-18
-51
-64
-61
-87
-88
-107
-96
-97
-154
-127
-136
-106
-78
-58
29
-21
-20
24
31
-3
7
24
-13
-30
-5
-61
-91
-124
-63
-32
-39
6
-14
11
-24
-40
-34
-79
-88
-101
-120
-119
-82
-71
-44
-33
-8
-3
-5
19
-46
-43
-6
-13
-13
-4
-32
-34
-33
9
2
-24
-21
-22
5
-23
3
36
13
11
39
57
79
87
102
92
75
75
72
78
74
-6
-9
1
27
34
-19
11
13
47
83
81
61
47
41
23
65
1
7
54
73
44
44
-3
20
-1
-17
37
12
37
26
-10
14
-40
-66
-25
-79
-90
-95
-83
-81
-39
-48
-14
-36
-37
-66
-108
-96
-98
-74
-103
-46
-23
-33
0
8
18
3
-25
-31
19
-13
25
30
-37
-54
-27
-12
11
-52
-57
-39
-26
-55
-94
-115
-127
-100
-65
-53
-32
-23
-13
23
31
81
114
76
19
54
76
45
-26
3
-38
-61
-73
-73
-56
-85
-69
-53
-66
-102
-118
-72
-35
-91
-109
-123
-135
-101
-108
-129
-97
-24
-75
-125
-128
-102
-101
-140
-115
-98
-83
-34
32
36
65
53
-7
-4
20
-30
5
-41
-32
-73
-46
-1
-3
39
15
-24
-73
-65
-38
-62
-99
-130
-118
-145
-125
-81
-122
-110
-96
-106
-103
-31
-26
-32
-31
13
-2
34
73
69
97
59
82
96
92
76
55
52
36
22
15
43
80
74
104
85
73
36
-7
-19
-55
-49
-64
-71
-98
-59
-107
-92
-45
-27
14
-40
18
-15
29
38
9
34
37
72
69
62
78
64
45
29
6
-10
30
13
-24
20
55
74
96
85
87
58
80
80
47
58
64
-5
25
25
-15
7
12
21
2
-32
-17
4
-36
9
-54
-121
-114
-132
-129
-115
-113
-119
-108
-64
-56
-10
-29
-73
-25
-30
25
71
35
5
82
79
56
76
73
77
37
29
50
59
24
83
67
45
43
10
53
48
62
66
29
68
15
37
13
-29
-48
-40
-37
-60
-45
-24
-23
-15
25
53
52
35
56
40
-22
-39
-52
-53
-30
-31
-48
-46
-48
-43
-13
-82
-24
-2
-24
-72
-99
-109
-122
-71
-91
-98
-90
-70
-42
-94
-75
-52
-84
-83
-75
-20
-90
-41
-43
-64
-79
-65
-52
-70
-47
-87
-98
-79
-103
-54
-29
-8
1
-31
-41
-37
49
21
49
84
44
74
34
21
39
78
76
67
80
80
84
51
61
45
17
9
39
29
-16
2
4
32
17
39
14
5
-7
-64
-43
-78
-62
-52
-18
-49
-48
33
-14
0
9
20
12
-11
14
28
12
1
54
76
77
60
79
32
14
-19
4
-12
-67
-55
-69
-74
-82
-112
-55
-39
-44
-19
-49
-30
-27
25
18
-30
0
-20
-27
-7
-16
-19
28
36
-7
-44
-14
-6
-24
-38
-15
-38
-9
4
-4
18
-27
-32
-85
-134
-93
-149
-138
-151
-132
-151
-185
-127
-181
-181
-189
-133
-106
-76
-49
-1
15
-12
-4
55
58
67
76
57
24
53
48
55
90
3
-19
-10
10
14
-9
-47
2
-18
-24
-18
-56
-101
-70
-59
-91
-56
-69
-89
-91
-58
-62
-84
-123
-83
-72
-95
-75
-66
-70
-49
-70
-46
-4
-36
-37
-70
-90
-35
-45
-23
-5
-35
-25
37
-13
-28
11
-31
-22
-66
-26
6
-3
-4
23
49
67
66
55
33
61
67
49
3
39
6
39
6
-1
50
57
58
3
20
-3
0
-38
2
-7
-64
-40
-34
-22
2
-3
-18
8
39
44
42
33
-1
12
47
53
34
18
21
4
4
41
35
20
5
-18
-27
-28
-52
-62
-67
-39
-35
-48
-45
-37
-66
-54
-21
-9
-4
18
15
19
65
12
-3
19
62
73
16
14
20
35
79
75
88
128
104
60
67
30
1
-7
-3
-17
-19
-10
-72
-26
-58
-75
-85
-68
-70
-64
-47
-32
-25
-6
36
-6
43
40
51
43
110
126
107
135
92
126
112
192
155
110
91
59
79
10
7
17
19
85
78
16
2
-70
-108
-81
-81
-119
-96
-92
-84
-58
-50
-62
-65
-38
-66
-83
-59
-46
-2
0
44
50
44
16
42
33
7
1
44
50
81
128
125
156
95
54
69
61
35
7
7
1
4
38
39
29
29
-26
10
13
-26
29
35
17
-9
18
48
6
-43
-1
20
16
-12
-41
-34
-51
-43
-31
-7
4
-32
-14
3
3
-27
37
97
80
74
102
69
76
79
89
97
119
117
131
172
171
155
152
169
143
177
134
103
86
54
68
52
44
45
17
24
-11
-12
-42
-39
-15
-51
-42
-34
10
21
33
46
48
71
64
42
27
72
65
61
29
14
17
29
19
-20
12
46
-14
13
60
36
37
78
111
53
61
74
58
47
57
49
49
22
16
14
42
37
40
47
1
-5
68
49
-25
47
24
0
35
46
86
88
96
86
16
10
23
57
52
71
64
63
80
121
113
90
133
145
145
165
146
197
226
159
204
184
153
157
158
97
75
34
-1
64
43
51
101
107
117
130
81
63
50
52
43
-20
-39
-10
4
-11
-7
-46
34
29
1
-6
-37
18
38
20
21
38
92
103
84
123
144
138
116
96
103
109
126
160
157
149
152
157
176
101
121
119
66
56
45
68
29
40
54
69
60
10
-17
-82
-85
-66
-62
-34
3
19
35
57
31
25
37
36
24
45
89
86
82
80
97
52
57
39
28
-17
-43
39
17
28
51
70
89
123
103
113
101
83
115
130
113
58
67
87
81
73
80
82
32
37
18
21
24
-32
-46
-33
-60
-17
-23
-5
23
1
10
3
-10
-58
-18
-56
-47
-48
-38
-49
-54
-21
-37
11
43
64
74
88
111
90
99
91
61
112
118
104
85
127
106
69
96
56
-3
-27
39
41
9
49
102
63
71
90
51
70
34
67
114
94
102
109
97
131
122
82
81
80
90
28
13
-21
11
56
-14
-29
20
41
66
54
32
40
18
2
6
-6
20
27
52
62
85
45
58
11
-8
-17
-4
-25
-89
2
-35
-34
-41
-39
-52
-30
-60
-35
-4
-82
-88
-81
-38
-16
-15
64
34
36
63
96
87
83
129
137
129
47
78
43
36
31
40
30
9
9
33
125
95
77
111
123
50
66
105
106
101
79
113
73
97
97
99
98
105
66
35
49
86
97
83
145
78
43
12
29
28
-1
-25
-17
-29
-26
11
-4
-25
-23
-13
-19
-73
-59
-40
-24
-35
-36
-34
-74
-73
-88
-77
-88
-125
-99
-64
-94
-47
-65
-38
-65
-23
23
-36
-35
-20
-30
-11
5
-14
-8
30
64
79
63
46
79
36
52
78
69
87
85
94
70
39
48
23
6
6
83
67
58
82
98
29
-4
-1
-4
-37
-92
-108
-136
-96
-98
-105
-154
-123
-120
-138
-154
-142
-126
-104
-54
-92
-76
-93
-53
-38
0
54
51
61
27
72
86
120
180
195
195
215
230
219
215
227
273
215
182
199
142
137
127
97
81
69
54
-10
-37
-43
-89
-121
-129
-159
-142
-132
-88
-94
-115
-49
-64
-30
-30
-47
-70
-105
-63
-69
-76
-65
-78
-76
-23
44
4
18
80
99
109
84
80
97
102
71
106
53
29
38
54
86
94
63
56
88
80
74
24
75
43
6
-23
-36
-61
-79
-19
-43
8
-64
-81
-55
-46
-74
-39
-9
-56
-67
-45
-92
-132
-112
-116
-115
-40
-25
-70
3
33
-26
40
130
81
64
81
34
13
32
34
-47
-65
-49
-28
-39
-33
26
53
19
-15
-21
-66
-2
-5
-13
44
41
24
20
-34
-5
-69
-133
-63
-41
-23
31
20
2
4
7
53
44
29
81
74
90
87
99
91
67
75
30
22
20
43
41
34
45
-10
-23
-20
14
-24
-43
-60
-68
-29
-36
55
21
-29
-29
-10
22
27
-22
6
37
37
47
1
57
34
-7
-28
-18
-1
6
21
2
40
20
35
31
10
-5
-19
-29
-38
-61
-50
-74
-69
-26
-76
-48
-60
-29
-10
20
74
10
21
13
19
12
39
9
10
44
5
-3
21
22
17
6
18
38
62
63
46
74
77
134
111
85
63
99
44
61
46
12
33
7
11
23
21
14
38
3
2
36
0
-21
-19
-65
-17
5
-71
-9
-2
-14
-47
-60
-25
-46
-58
-47
-28
-48
-42
6
12
-45
-28
4
-18
-5
31
47
52
57
107
83
65
78
68
82
79
70
75
33
47
61
5
11
-10
-67
-156
-133
-105
-83
-101
-72
-34
-40
2
-9
6
-43
-77
-84
-56
-12
-63
-83
-81
-50
-84
-109
-76
-82
-97
-33
-46
-35
-63
-93
-112
-137
-129
-162
-156
-192
-234
-177
-179
-196
-128
-129
-120
-93
-67
5
17
14
41
63
22
22
34
-24
-24
0
8
69
120
66
86
91
89
42
13
21
40
13
15
42
38
15
19
-14
-54
-40
-37
4
-91
-68
-12
-60
-58
-26
-3
-15
38
60
115
147
129
131
106
88
54
69
30
-9
-8
-18
-53
-44
11
19
20
28
50
48
25
34
51
10
-13
-22
-70
-150
-148
-116
-127
-133
-96
-82
-67
-37
-52
-41
-86
-38
-34
-66
-55
-49
-12
3
0
-3
21
-29
-14
-10
-60
-83
-92
-39
-70
-66
-34
-5
-92
-56
-38
-57
-3
13
46
40
19
44
80
86
50
27
53
20
31
24
60
28
30
-7
-17
-39
-64
-85
-91
-101
-103
-74
-89
-79
-92
-79
-107
-150
-141
-171
-99
-124
-139
-131
-126
-62
-56
-85
-106
-75
-97
-123
-87
-104
-80
-92
-53
-58
-85
-47
-77
-21
-58
-2
-23
-24
-23
-41
-50
-68
-86
-70
-57
-38
-11
-26
-1
0
10
12
21
-6
-23
-68
-98
-74
-94
-109
-142
-126
-124
-169
-159
-112
-104
-64
-105
-85
-35
-79
-70
-46
-86
-83
-33
-38
-39
-27
-67
-33
-15
37
43
74
60
100
64
65
94
52
53
60
79
90
100
84
32
-32
-62
-73
-58
-69
-59
7
-59
-2
-5
-22
-17
-53
-42
-60
-65
-87
-75
-60
-76
-57
-57
-37
-57
-106
-80
-82
-31
-47
-54
-13
-11
-21
55
61
-4
-10
-46
-71
-36
-93
-93
-75
-80
-22
23
21
-8
-35
-16
-46
-49
-60
-128
-93
-63
-77
-47
-43
-23
-27
-44
-63
-48
-48
-54
-59
-97
-104
-91
-81
-76
-109
-104
-70
-43
-85
-98
-73
-44
-74
-128
-115
-127
-88
-85
-41
-2
-25
39
43
34
79
74
45
40
25
20
71
83
95
119
89
77
82
48
59
64
16
35
-16
-24
-32
-37
-83
-152
-86
-128
-98
-98
-86
-43
-52
-97
-56
-56
-161
-174
-178
-194
-172
-124
-139
-128
-135
-75
-85
-109
-71
-75
-42
-63
-88
-81
-37
-1
26
43
-11
-7
3
0
27
50
51
36
37
50
70
8
38
-8
-5
-28
-54
-31
-56
-36
-35
-92
-112
-45
-67
-67
-98
-87
-43
-62
-94
-67
-44
-64
-79
-62
-93
-97
-44
-34
-30
4
62
36
48
73
90
137
68
96
148
176
166
154
186
133
176
226
191
161
115
120
112
109
104
41
71
66
3
32
39
40
-27
2
47
27
-16
16
30
15
18
1
1
-36
11
-10
-6
-60
-49
-35
-8
-37
-54
13
16
24
91
144
73
51
28
54
83
95
60
69
89
130
67
103
114
60
58
49
29
-2
34
47
114
68
89
128
76
93
113
121
113
93
120
145
119
130
99
99
115
139
109
123
124
101
93
37
21
11
28
65
78
49
60
91
77
84
54
31
42
39
51
61
41
92
79
70
80
42
27
62
52
70
119
152
113
131
136
133
195
166
126
108
106
88
67
67
59
72
55
58
101
76
76
82
73
58
64
19
59
56
67
65
53
47
46
22
13
4
48
81
-7
27
59
59
71
89
103
90
68
98
83
88
103
88
73
68
82
96
85
93
79
77
99
137
139
111
167
140
106
58
79
37
-12
-8
-33
-37
-76
-39
-88
-117
-67
-14
-78
-64
-25
-48
-5
2
24
-34
17
39
-2
2
-3
-45
10
38
55
66
51
57
27
74
43
77
76
80
131
150
129
111
127
123
105
100
88
9
43
91
91
79
83
62
85
78
91
112
67
93
70
96
34
-3
49
-11
-5
17
-4
-5
3
-13
-32
-23
12
31
-36
-18
9
-8
2
12
27
-31
-43
-39
-31
-33
-35
-61
-25
-25
-39
13
19
39
79
27
9
18
3
30
42
58
68
48
22
62
71
2
47
43
45
83
108
106
86
115
86
166
141
95
108
92
64
39
24
53
74
17
86
63
50
37
17
-10
16
21
21
6
-20
2
-17
21
-27
-17
-23
8
-34
-31
-17
-77
-9
-3
22
-5
5
-2
-53
-48
-56
-57
-106
-94
-33
-37
14
38
34
49
59
72
71
10
17
-22
-34
-25
-9
-30
-31
40
38
59
92
121
99
77
111
88
145
165
147
158
181
198
200
175
190
152
118
137
99
115
119
122
77
67
114
81
101
123
111
40
-3
15
21
12
-8
20
-15
-38
-12
-9
-44
-60
-69
-100
-98
-12
15
-21
11
12
-19
-32
-33
-54
-11
-48
-95
-54
-70
-21
-6
-55
-41
-41
-19
-53
-58
-80
-92
-27
-17
16
24
47
51
34
23
-39
6
40
56
79
33
40
60
65
30
49
46
-2
20
22
17
83
123
112
126
151
176
127
113
92
63
85
107
81
83
82
53
90
73
72
105
117
142
187
135
110
116
86
77
67
41
46
58
62
91
85
56
75
112
96
94
135
113
101
71
80
51
1
-5
28
41
-11
-58
-115
-108
-129
-83
-100
-108
-67
-111
-88
-122
-96
-106
-66
-68
-85
-92
-88
-92
-118
-85
-145
-150
-128
-133
-121
-107
-110
-62
-39
-88
-43
-43
-19
33
-16
-24
27
32
31
30
7
34
25
46
88
50
44
83
49
48
30
53
64
22
48
37
31
68
41
60
40
40
83
69
47
53
49
98
75
42
49
7
50
40
43
8
-34
7
-49
-74
-24
-43
-62
-66
-40
-21
-65
-18
-29
-78
-50
-38
-23
-34
-32
-26
-85
-61
-30
-80
-30
-55
-41
-84
-108
-84
-99
-67
-49
-19
-2
22
-23
-35
-95
-55
-63
-107
-108
-145
-145
-176
-169
-206
-229
-224
-192
-292
-291
-229
-277
-250
-257
-235
-206
-219
-219
-281
-254
-226
-193
-142
-165
-185
-161
-167
-77
-76
-70
-14
-14
0
7
84
87
105
114
138
122
118
159
168
182
154
213
265
261
276
307
339
340
332
324
339
326
338
346
350
402
400
380
337
320
337
364
330
303
319
338
287
266
254
221
189
205
195
169
164
101
83
25
-9
-55
-61
-69
-88
-74
-88
-100
-166
-205
-198
-260
-291
-241
-286
-303
-332
-378
-398
-452
-422
-448
-469
-499
-492
-512
-546
-570
-594
-604
-607
-602
-642
-637
-613
-650
-602
-547
-602
-546
-563
-600
-590
-569
-544
-541
-504
-468
-428
-421
-455
-412
-384
-303
-275
-200
-171
-121
-79
-21
126
162
225
254
308
344
376
445
460
406
464
500
509
572
608
645
686
713
791
834
842
890
902
889
910
867
828
835
826
741
680
666
615
588
543
546
509
438
359
278
231
136
110
73
21
-56
-99
-141
-150
-204
-256
-302
-350
-342
-428
-480
-463
-481
-487
-490
-524
-495
-474
-467
-489
-528
-476
-476
-457
-412
-397
-375
-403
-399
-410
-392
-378
-404
-400
-441
-450
-493
-534
-524
-546
-586
-636
-686
-739
-731
-680
-700
-708
-759
-776
-785
-781
-717
-674
-635
-571
-514
-442
-339
-294
-233
-208
-125
-51
-5
107
161
207
251
329
387
472
544
606
615
661
683
710
761
793
825
811
841
837
853
790
797
805
783
780
737
705
703
720
721
708
671
617
536
521
488
435
359
259
214
181
175
73
18
-18
-71
-91
-132
-101
-120
-89
-122
-128
-140
-163
-172
-162
-161
-168
-128
-122
-89
-63
-62
-45
-62
-40
-16
-22
19
61
81
65
32
36
27
2
-56
-93
-58
-60
-63
-61
-87
-116
-118
-121
-148
-206
-244
-325
-333
-414
-504
-562
-645
-696
-735
-799
-836
-871
-945
-920
-918
-896
-906
-863
-861
-826
-738
-670
-601
-557
-483
-420
-317
-324
-235
-167
-164
-69
1
32
157
231
246
352
373
419
482
537
566
582
574
576
619
552
556
569
534
529
556
541
471
525
584
575
532
591
610
581
602
589
583
584
612
614
520
546
563
526
497
469
424
419
395
365
300
239
249
231
241
164
143
100
92
102
110
113
97
79
51
39
19
-5
-30
-20
-52
-13
10
-14
30
47
4
39
47
18
42
41
7
-11
-33
-37
-33
-20
-35
-88
-94
-144
-172
-211
-250
-319
-310
-333
-405
-442
-442
-489
-492
-501
-560
-623
-660
-692
-766
-830
-848
-878
-923
-927
-940
-959
-965
-927
-921
-904
-850
-756
-736
-691
-586
-508
-412
-294
-188
-80
-8
57
159
227
221
277
338
402
440
509
583
604
695
729
790
832
839
884
885
858
855
830
832
826
831
798
804
776
755
734
712
704
657
592
626
596
531
503
496
460
433
440
431
324
281
231
191
171
107
113
94
138
106
80
63
61
50
17
-10
-16
-12
-50
-77
-62
-79
-101
-130
-127
-142
-155
-118
-111
-103
-89
-61
-34
-59
-63
-37
-2
-67
-74
-85
-114
-124
-155
-149
-175
-209
-252
-241
-260
-199
-222
-289
-274
-299
-315
-353
-374
-361
-400
-366
-416
-489
-530
-590
-638
-680
-663
-661
-642
-636
-609
-557
-557
-570
-539
-508
-503
-467
-426
-368
-364
-280
-230
-200
-131
-98
-42
-1
72
71
97
158
242
230
231
257
239
281
337
384
413
453
439
455
528
554
594
603
624
639
670
698
699
682
677
650
644
625
608
653
570
532
511
479
481
459
449
412
394
390
375
326
262
175
101
2
-68
-77
-117
-175
-201
-188
-164
-197
-193
-173
-206
-222
-180
-161
-166
-138
-108
-55
-16
-36
-27
-16
1
6
13
26
39
69
67
116
129
136
178
176
181
186
170
144
91
40
25
-29
-69
-86
-150
-202
-233
-245
-299
-348
-344
-403
-461
-464
-478
-508
-563
-589
-600
-634
-658
-697
-738
-690
-684
-748
-767
-783
-748
-768
-716
-690
-641
-586
-527
-450
-382
-332
-227
-124
-100
-5
4
33
45
74
126
173
175
253
259
274
352
375
429
436
436
486
462
439
444
448
509
499
513
537
520
508
494
519
553
543
505
503
511
503
479
459
449
426
409
404
389
354
321
260
214
155
91
112
81
15
-22
-55
-59
-108
-142
-94
-119
-170
-186
-163
-198
-222
-170
-110
-115
-160
-114
-102
-64
44
115
162
115
120
172
118
127
142
145
185
140
184
125
94
125
113
77
89
-11
-28
-41
-89
-58
-145
-172
-183
-178
-236
-272
-308
-333
-354
-412
-370
-383
-392
-391
-399
-419
-426
-412
-462
-462
-504
-527
-539
-522
-470
-508
-485
-450
-451
-464
-419
-414
-391
-336
-387
-351
-298
-284
-234
-190
-116
-115
-65
-19
57
158
172
236
263
242
313
337
381
368
382
401
431
472
480
509
507
513
493
539
553
560
567
549
534
533
509
518
469
466
450
401
394
363
345
283
284
268
204
250
213
170
159
171
153
117
115
103
64
78
69
110
125
80
115
96
92
143
185
130
178
175
140
155
138
114
116
122
147
176
169
168
181
239
188
208
288
364
828
1170
516
341
1304
1697
982
244
552
991
1116
1232
670
-111
-302
283
342
-163
-423
-595
-687
-607
-489
-734
-1291
-1248
-782
-682
-825
-890
-1052
-1325
-1061
-692
-709
-871
-1091
-1125
-857
-683
-434
-386
-514
-395
-296
-212
-120
88
173
158
370
454
477
491
460
610
799
1016
1210
1123
1038
935
971
1268
1327
1420
1355
1118
1037
1145
1328
1315
1226
1145
1062
1070
1250
1627
1313
533
675
1235
1188
842
961
1093
584
432
837
592
135
293
574
447
318
63
-108
-210
-171
244
99
-338
-276
-194
-168
2
72
-426
-580
-174
-77
-35
-179
-348
-311
-158
-79
-355
-535
-395
-438
-262
-163
-471
-780
-1091
-1083
-815
-721
-923
-1069
-1052
-1333
-1383
-1392
-1782
-1845
-1639
-1636
-1961
-2188
-2368
-2602
-2308
-1815
-1637
-1931
-2421
-2463
-1979
-1455
-1091
-944
-1199
-1215
-656
-17
269
553
733
786
1224
1698
1861
1779
1752
2004
2346
2706
2809
2340
1949
1894
2197
2537
2492
2065
1353
982
964
1158
1193
849
513
154
9
-39
-195
-349
-497
-564
-393
-235
-405
-643
-712
-532
-211
162
284
89
2
146
498
944
1145
1072
900
858
1099
1326
1365
1215
1113
1131
1193
1294
1203
805
554
601
644
724
329
-278
-184
183
113
-286
-766
-1092
-956
-459
-518
-787
-1074
-1427
-1348
-1129
-992
-1120
-1275
-1249
-1439
-1457
-1198
-1335
-1509
-1522
-1590
-1649
-1705
-1882
-2134
-2065
-2063
-2258
-2610
-2976
-2920
-2200
-1866
-2432
-3071
-3406
-2633
-1580
-1452
-1845
-2134
-1699
-858
-104
118
35
179
497
1223
1870
2149
2189
1985
2125
2784
3338
3362
2989
2668
2724
3210
3504
3345
2703
1956
1799
2011
2177
1904
1209
695
439
402
432
134
-256
-527
-703
-660
-562
-651
-987
-1210
-1087
-723
-493
-627
-829
-790
-347
214
370
185
125
330
655
956
1088
1031
864
823
1113
1419
1399
1219
845
696
879
1018
984
658
180
14
189
209
-106
-502
-748
-744
-744
-945
-1182
-1433
-1599
-1538
-1393
-1539
-1863
-1962
-1984
-2055
-2038
-2133
-2370
-2493
-2442
-2634
-2852
-2726
-2867
-3308
-3637
-3283
-2185
-1900
-2938
-4110
-4359
-2866
-1107
-850
-2075
-3087
-2408
-825
555
623
-7
-218
290
1586
2503
2544
2143
1897
2398
3246
3746
3526
2902
2574
3102
3905
4061
3466
2501
1970
2349
3001
3152
2338
1188
709
979
1420
1196
557
-172
-425
-220
-29
-94
-563
-897
-932
-614
-289
-331
-652
-886
-641
-67
309
184
-202
-192
276
819
1026
695
376
478
893
1297
1338
1108
864
743
921
1177
1045
643
258
124
269
327
-17
-433
-793
-944
-805
-849
-1172
-1643
-2015
-2134
-1928
-1860
-2266
-2831
-3086
-2925
-2771
-2923
-3305
-3717
-3898
-3761
-3665
-4002
-4442
-4092
-3057
-2870
-3773
-4643
-4396
-2430
-964
-1313
-2561
-2913
-1499
324
1289
1002
499
711
1775
3261
3860
3732
3401
3312
4075
4821
5032
4612
4095
4077
4596
5020
4588
3657
2997
2976
3345
3287
2363
1183
786
1204
1437
844
-254
-1049
-994
-427
-314
-985
-1767
-1984
-1588
-1142
-1056
-1227
-1416
-1487
-1237
-697
-368
-346
-484
-505
-63
489
737
613
498
710
1066
1348
1275
1021
985
1121
1256
1181
874
597
478
467
383
208
-128
-482
-612
-715
-759
-1008
-1424
-1711
-1900
-1801
-1727
-2091
-2527
-2777
-2852
-2617
-2655
-3153
-3535
-3711
-3747
-3730
-3973
-4072
-3309
-2865
-3608
-4540
-4767
-3386
-1690
-1765
-2886
-3500
-2555
-685
480
272
-391
-244
756
2209
2880
2711
2563
2639
3325
4170
4500
4292
3960
4109
4727
5073
4678
4258
3939
3923
4229
4067
3468
2711
2455
2759
2774
2052
1094
581
691
902
566
-205
-910
-1023
-670
-663
-1054
-1457
-1593
-1494
-1280
-1148
-1109
-1178
-1263
-1143
-821
-452
-171
-281
-399
-34
373
682
738
687
687
794
921
986
901
853
955
845
694
576
387
234
124
-150
-374
-643
-965
-1048
-1264
-1544
-1835
-2112
-2249
-2391
-2685
-2853
-3000
-3262
-3502
-3664
-3842
-4067
-4052
-3356
-2670
-3255
-4472
-4884
-3622
-1669
-1197
-2362
-3506
-2920
-968
674
657
-349
-583
258
1877
2900
2857
2331
2153
2847
3740
4126
3853
3428
3471
3968
4476
4258
3639
3276
3349
3695
3708
3121
2222
1879
2315
2726
2292
1187
340
454
1244
1527
710
-354
-791
-322
371
306
-325
-996
-1006
-578
-243
-133
-406
-760
-882
-533
-41
172
-85
-438
-283
44
262
344
257
193
334
420
387
312
199
363
504
343
157
-81
-177
-53
-13
-216
-648
-1006
-1015
-936
-964
-1134
-1427
-1771
-1853
-1891
-2052
-2268
-2657
-3042
-3255
-3426
-3619
-3368
-2792
-2970
-3945
-4671
-4353
-2819
-1860
-2401
-3421
-3676
-2394
-762
-60
-523
-993
-628
495
1785
2103
1927
1770
2021
2814
3497
3675
3401
3306
3588
3996
4254
4111
3777
3388
3383
3589
3549
3152
2520
2245
2330
2340
2011
1398
879
801
1006
823
254
-192
-268
-82
-79
-197
-392
-616
-624
-487
-351
-253
-364
-510
-445
-251
17
121
-50
-140
-54
141
361
389
233
227
286
342
331
195
98
98
45
-5
-210
-448
-505
-523
-629
-703
-701
-946
-1090
-1099
-1118
-1103
-1256
-1510
-1693
-1694
-1669
-1929
-2318
-2427
-2523
-2900
-2939
-2288
-1830
-2538
-3618
-3941
-2930
-1468
-1298
-2498
-3534
-2887
-996
159
-308
-1293
-1366
-368
1186
1930
1394
863
1027
1908
2751
2913
2658
2447
2786
3238
3457
3315
3159
3176
3050
2955
2790
2712
2638
2472
2378
2152
1823
1471
1261
1289
1296
1039
477
66
53
276
334
37
-293
-374
-301
-214
-197
-208
-223
-236
-277
-304
-152
131
149
37
43
159
276
340
362
354
305
228
246
289
263
205
128
-20
-156
-241
-290
-316
-448
-678
-928
-1028
-939
-902
-1115
-1383
-1620
-1604
-1427
-1326
-1674
-2127
-2314
-2285
-2157
-2212
-2553
-2515
-1868
-1871
-2731
-3527
-3114
-1539
-896
-1765
-2921
-2940
-1506
-15
85
-857
-1257
-665
562
1455
1320
950
987
1535
2123
2431
2423
2314
2348
2604
2866
2791
2672
2697
2779
2816
2547
2236
2134
2168
2347
2338
1896
1186
878
1136
1493
1351
571
-63
-68
387
667
369
-198
-453
-280
3
14
-91
-157
-250
-215
-137
-42
172
284
130
132
262
396
466
455
498
546
503
421
452
465
458
356
216
122
44
-63
-40
-161
-394
-520
-687
-884
-878
-881
-1114
-1293
-1385
-1519
-1556
-1578
-1710
-1996
-2325
-2363
-2281
-2394
-2510
-2166
-1941
-2356
-3024
-3266
-2203
-1044
-1244
-2237
-2817
-2003
-454
228
-342
-927
-685
238
1158
1388
1175
1098
1368
1824
2204
2251
2256
2357
2498
2607
2498
2419
2489
2492
2367
2186
1859
1665
1587
1542
1616
1504
1029
539
436
753
965
611
-63
-408
-107
363
363
-163
-510
-415
-134
7
-95
-165
-189
-218
-174
64
355
457
321
149
174
334
618
726
552
406
329
282
462
568
497
332
116
-15
-46
-11
18
-74
-339
-542
-721
-790
-733
-723
-975
-1252
-1428
-1484
-1383
-1390
-1471
-1768
-2069
-2142
-2144
-2237
-2418
-2054
-1602
-1904
-2761
-3310
-2636
-1313
-932
-1944
-2963
-2483
-1009
121
-222
-1190
-1164
-242
927
1416
1090
854
1143
1702
2148
2281
2153
2114
2303
2515
2675
2507
2432
2461
2505
2393
2114
1934
1800
1752
1787
1714
1404
806
367
438
812
702
-42
-741
-837
-316
-94
-289
-702
-1027
-933
-662
-508
-441
-440
-567
-611
-444
-163
133
188
60
39
134
382
620
691
692
681
642
632
733
747
689
607
473
402
229
152
184
79
-182
-459
-578
-679
-647
-847
-1115
-1227
-1366
-1453
-1541
-1738
-1887
-2009
-2185
-2294
-2377
-2543
-2333
-1848
-1906
-2538
-3173
-2958
-1631
-832
-1503
-2589
-2615
-1314
22
88
-814
-1139
-416
706
1364
1201
989
1131
1636
2184
2322
2181
2223
2461
2696
2716
2557
2456
2670
2755
2530
2182
1958
1987
1944
1942
1836
1595
1169
771
703
904
935
491
-112
-411
-218
48
-146
-519
-760
-764
-759
-784
-653
-551
-608
-807
-875
-632
-303
-223
-292
-314
-215
66
256
365
478
579
542
599
719
854
913
792
697
692
645
565
555
428
211
-118
-333
-356
-401
-573
-839
-1161
-1336
-1388
-1562
-1582
-1650
-2125
-2548
-2630
-2569
-2682
-2623
-2210
-2465
-3254
-3706
-3387
-2162
-1349
-1956
-3040
-3084
-1692
-321
-99
-886
-1237
-490
697
1448
1314
1084
1331
1841
2281
2376
2380
2565
2848
2953
2886
2728
2759
3090
3184
2860
2334
2140
2341
2412
2170
1795
1466
1234
1037
956
864
622
185
-136
-327
-368
-325
-519
-673
-750
-836
-951
-1045
-979
-710
-631
-941
-1130
-849
-447
-201
-317
-528
-427
-167
146
359
362
358
389
520
671
707
736
791
764
722
692
591
628
668
518
178
-143
-177
-42
-191
-576
-908
-1120
-1241
-1310
-1384
-1652
-2034
-2421
-2594
-2631
-2814
-2986
-2696
-2353
-2801
-3554
-3970
-3151
-1833
-1752
-2846
-3573
-2719
-1230
-348
-672
-1398
-1280
-227
945
1272
1090
1067
1382
1913
2347
2498
2583
2700
2936
3014
2976
2941
3057
3229
3112
2726
2438
2443
2485
2431
2130
1820
1494
1198
1027
899
847
585
85
-269
-311
-283
-387
-656
-811
-905
-1045
-1183
-1139
-1010
-882
-1003
-1273
-1219
-832
-461
-454
-603
-682
-431
-202
-3
150
186
227
293
453
597
724
810
828
716
585
613
675
747
660
381
200
127
191
210
-33
-239
-412
-594
-726
-837
-1025
-1351
-1654
-1888
-1993
-2241
-2519
-2510
-2035
-1889
-2730
-3682
-3683
-2435
-1316
-1850
-3304
-3681
-2388
-745
-394
-1341
-1931
-1253
29
846
774
449
549
1160
1786
2056
2109
2211
2542
2790
2848
2816
2714
2920
3088
2917
2630
2370
2402
2553
2509
2209
1827
1521
1297
1300
1272
1003
506
-39
-134
26
-25
-412
-806
-942
-809
-878
-1110
-1248
-1145
-1027
-1109
-1301
-1264
-863
-653
-652
-762
-803
-653
-333
-91
-5
75
33
85
313
557
693
682
574
603
706
731
740
701
609
531
417
307
270
35
-119
-42
-195
-505
-741
-799
-796
-966
-1364
-1914
-2077
-2044
-2200
-2358
-2067
-1896
-2641
-3485
-3452
-2433
-1351
-1794
-3132
-3585
-2423
-889
-479
-1313
-1992
-1332
-99
679
679
348
484
1018
1566
1831
1900
2011
2202
2517
2542
2485
2530
2781
3048
2924
2553
2300
2384
2595
2645
2366
1916
1602
1338
1342
1520
1329
743
217
93
327
394
-88
-583
-718
-678
-711
-1067
-1257
-1150
-1077
-1174
-1469
-1525
-1190
-912
-1000
-1196
-1176
-1052
-806
-565
-523
-466
-524
-441
-148
174
300
266
269
258
452
564
617
595
436
422
396
402
398
341
219
63
-97
-286
-355
-500
-639
-855
-1290
-1519
-1513
-1662
-2041
-2418
-2156
-1622
-1988
-3001
-3686
-3191
-1716
-1344
-2598
-3689
-3147
-1578
-603
-947
-1960
-1903
-819
305
690
295
91
572
1170
1558
1732
1723
1838
2194
2482
2521
2378
2377
2680
2813
2582
2241
2169
2264
2413
2373
2051
1615
1184
1090
1319
1476
1055
282
-179
53
533
467
-153
-697
-738
-456
-399
-645
-843
-957
-1007
-1044
-1007
-915
-808
-850
-1003
-999
-865
-679
-479
-421
-463
-462
-446
-201
70
145
75
-4
24
156
240
337
420
275
129
106
188
256
71
-172
-207
-100
-127
-281
-465
-630
-710
-838
-1116
-1344
-1386
-1604
-1871
-2205
-2228
-1654
-1512
-2406
-3418
-3382
-2157
-1139
-1872
-3226
-3346
-1982
-583
-501
-1439
-1919
-1088
81
628
326
27
470
1082
1525
1633
1591
1732
2134
2486
2569
2402
2300
2612
2929
2711
2311
2090
2112
2328
2314
2074
1668
1326
1085
1078
1244
1149
533
-108
-209
51
159
-271
-820
-1011
-837
-725
-915
-1129
-1225
-1259
-1335
-1329
-1183
-1069
-1013
-1074
-1057
-860
-749
-535
-426
-397
-276
-255
-87
99
216
256
240
272
347
430
501
589
501
302
259
429
545
496
244
-11
-50
-2
-24
-177
-450
-655
-843
-869
-934
-1237
-1536
-1733
-1901
-2149
-2342
-2064
-1553
-2113
-3181
-3507
-2713
-1413
-1344
-2716
-3585
-2716
-1115
-439
-1139
-1931
-1493
-356
426
510
175
332
942
1449
1587
1621
1699
1956
2419
2524
2405
2263
2435
2842
2878
2547
2213
2224
2416
2383
2135
1954
1672
1196
985
1086
1026
747
261
-116
-154
-141
-321
-580
-685
-742
-890
-1172
-1170
-882
-841
-1121
-1425
-1407
-1027
-691
-713
-898
-890
-817
-607
-307
-142
-21
-73
-6
309
508
527
588
674
669
725
680
696
774
709
619
560
550
517
372
242
245
170
-45
-229
-294
-331
-406
-671
-977
-1103
-1131
-1233
-1524
-1903
-2121
-2364
-2429
-1937
-1591
-2382
-3426
-3463
-2316
-1012
-1430
-2905
-3380
-2072
-541
-250
-1165
-1836
-1178
-34
745
726
377
568
1062
1626
1863
1854
1884
2190
2599
2593
2465
2340
2609
2958
2826
2283
1974
2081
2277
2189
1811
1552
1332
962
910
959
796
434
-102
-329
-226
-337
-636
-862
-942
-1051
-1195
-1394
-1452
-1204
-1157
-1331
-1415
-1276
-1002
-790
-781
-690
-530
-436
-155
68
237
381
418
586
817
877
950
1040
1094
1195
1182
1146
1253
1316
1178
1021
992
991
885
536
299
307
256
75
-214
-508
-538
-665
-956
-1188
-1407
-1608
-1827
-2037
-2219
-2438
-2637
-2885
-2847
-2336
-2156
-2904
-3695
-3472
-2275
-1268
-1847
-3041
-3058
-1721
-409
-283
-1034
-1323
-487
528
1077
1059
846
1187
1625
2060
2232
2208
2345
2664
2941
2858
2717
2632
2879
3075
2784
2372
2151
2174
2194
2021
1751
1343
944
621
567
676
448
-141
-754
-813
-535
-647
-1158
-1461
-1342
-1216
-1277
-1480
-1410
-1179
-1061
-1186
-1313
-1157
-760
-420
-391
-403
-348
-162
187
556
754
778
732
891
1185
1333
1466
1579
1636
1574
1396
1399
1641
1609
1377
1100
926
969
906
707
453
348
129
-183
-345
-448
-583
-866
-1193
-1320
-1479
-1722
-1985
-2224
-2286
-2413
-2686
-2917
-3135
-3127
-2518
-2108
-2785
-3599
-3738
-2723
-1250
-1312
-2540
-3028
-1982
-449
119
-537
-1109
-431
655
1323
1306
1052
1317
1815
2223
2417
2398
2421
2608
2927
3088
2976
2604
2533
2795
2683
2289
1959
1826
1824
1620
1351
1118
816
342
97
214
53
-382
-941
-1142
-835
-775
-1176
-1577
-1591
-1412
-1333
-1516
-1564
-1326
-1170
-1111
-1028
-863
-641
-433
-297
-71
173
288
440
732
1020
1141
1198
1301
1516
1638
1671
1704
1760
1754
1690
1645
1671
1657
1447
1307
1237
1164
953
663
448
360
187
-139
-448
-638
-821
-1089
-1425
-1571
-1608
-1797
-2040
-2196
-2297
-2367
-2563
-2763
-2851
-2925
-3082
-3064
-2511
-2125
-2738
-3428
-3274
-2274
-1130
-1381
-2409
-2526
-1421
-246
100
-369
-575
93
954
1584
1689
1500
1704
2110
2479
2699
2591
2494
2679
3001
3015
2689
2387
2479
2714
2458
1974
1582
1483
1407
1205
1028
705
289
-169
-273
-219
-287
-756
-1444
-1578
-1244
-1166
-1484
-1763
-1737
-1484
-1363
-1428
-1392
-1173
-997
-844
-727
-613
-311
26
298
535
584
624
956
1385
1653
1613
1485
1653
1897
1991
2046
1943
1937
1871
1817
1778
1836
1717
1413
1210
1093
1099
890
537
268
176
21
-245
-449
-705
-819
-974
-1282
-1495
-1650
-1828
-1898
-2047
-2254
-2478
-2615
-2571
-2533
-2654
-2954
-3083
-3041
-2801
-2133
-2181
-2940
-3364
-2907
-1697
-907
-1560
-2525
-2229
-915
194
177
-464
-470
375
1224
1585
1415
1310
1667
2100
2432
2483
2342
2337
2591
2842
2711
2381
2165
2307
2435
2149
1669
1439
1398
1280
990
678
494
167
-227
-370
-367
-425
-794
-1384
-1436
-1177
-1115
-1380
-1558
-1545
-1404
-1188
-1189
-1036
-933
-926
-711
-427
-133
72
199
309
569
783
899
1137
1326
1511
1588
1644
1930
2043
1965
1951
2061
2072
1917
1764
1718
1728
1555
1265
1050
877
763
579
250
19
-157
-343
-514
-681
-930
-1181
-1351
-1509
-1612
-1746
-1844
-2023
-2180
-2296
-2336
-2329
-2383
-2441
-2569
-2660
-2626
-2595
-2644
-2814
-2720
-2141
-1840
-2295
-2770
-2547
-1602
-849
-1226
-1925
-1716
-699
155
254
-188
-296
386
1145
1597
1605
1392
1569
1906
2215
2385
2287
2146
2310
2498
2434
2274
2113
2131
2204
1905
1482
1208
1101
976
865
648
265
-126
-455
-394
-319
-511
-916
-1278
-1380
-1191
-1087
-1147
-1363
-1575
-1473
-1163
-855
-767
-746
-758
-499
-75
164
367
477
632
829
1006
1210
1376
1556
1762
1857
1851
1912
1910
1963
2035
1967
1787
1568
1514
1494
1409
1198
926
756
556
369
208
44
-103
-396
-664
-763
-842
-1021
-1178
-1329
-1469
-1564
-1796
-1900
-1865
-1931
-2021
-2095
-2162
-2132
-2123
-2238
-2250
-2201
-2200
-2220
-2301
-2336
-2277
-2152
-1746
-1488
-1879
-2295
-2108
-1283
-495
-695
-1317
-1262
-452
368
581
373
294
677
1295
1690
1719
1671
1823
2019
2205
2278
2178
2039
2120
2379
2304
1935
1666
1714
1778
1498
1108
876
710
468
320
229
71
-213
-642
-807
-648
-623
-889
-1245
-1185
-921
-931
-1119
-1121
-904
-752
-615
-662
-518
-149
125
273
420
500
650
949
1248
1498
1494
1456
1659
1874
1920
1893
1776
1816
1863
1709
1646
1608
1658
1535
1309
1063
958
826
579
465
302
110
-158
-410
-493
-571
-800
-1022
-1183
-1282
-1358
-1479
-1565
-1662
-1753
-1854
-1883
-1816
-1834
-1905
-1871
-1824
-1742
-1785
-1850
-1731
-1650
-1632
-1710
-1661
-1584
-1529
-1536
-1498
-1339
-1000
-777
-1063
-1294
-1063
-468
44
7
-428
-423
95
650
847
642
568
733
1106
1400
1480
1388
1346
1449
1625
1666
1520
1419
1416
1482
1407
1235
1074
1005
976
871
734
571
433
359
367
367
270
-14
-243
-225
-7
-11
-269
-462
-439
-161
10
-177
-317
-153
32
276
347
298
368
479
609
758
770
797
904
1053
1184
1123
979
1007
1167
1169
1110
1056
981
920
871
776
735
684
478
371
236
91
27
-164
-374
-458
-574
-661
-826
-981
-1069
-1129
-1229
-1299
-1308
-1400
-1359
-1283
-1214
-1249
-1327
-1365
-1266
-1095
-970
-979
-983
-912
-788
-649
-618
-686
-671
-597
-553
-508
-508
-568
-629
-616
-492
-346
-216
-382
-635
-617
-366
11
-97
-431
-555
-291
132
269
167
-58
58
364
593
701
668
671
747
853
921
997
1049
1027
1088
1130
1138
1178
1185
1287
1287
1186
1130
1054
987
968
1039
1026
860
607
437
543
642
546
271
92
45
68
54
-20
-90
-231
-384
-380
-278
-169
-207
-317
-301
-250
-155
-23
59
89
72
3
54
243
267
243
275
205
219
279
283
353
387
260
162
251
366
390
293
173
209
190
133
149
131
89
-9
-104
-126
-91
-105
-140
-177
-208
-192
-88
-79
-72
-66
-65
-18
-50
-86
-105
-87
-140
-160
-224
-277
-307
-333
-413
-528
-555
-607
-709
-886
-966
-914
-828
-804
-992
-1250
-1264
-1036
-733
-716
-1005
-1091
-888
-506
-314
-346
-373
-158
196
450
657
723
867
1078
1300
1499
1543
1634
1775
1954
2004
1968
1920
2006
2033
1923
1785
1622
1538
1452
1323
1072
820
570
301
136
41
-136
-403
-662
-823
-840
-920
-1122
-1222
-1243
-1238
-1289
-1342
-1365
-1243
-1129
-1082
-974
-917
-809
-580
-335
-143
-79
-46
190
487
707
829
880
1029
1194
1241
1282
1287
1312
1313
1268
1182
1177
1146
1028
982
884
749
570
467
434
349
224
-6
-52
-153
-213
-282
-356
-445
-519
-562
-595
-603
-616
-581
-676
-675
-669
-659
-641
-592
-552
-629
-595
-579
-574
-604
-598
-648
-752
-836
-814
-849
-891
-857
-927
-961
-853
-790
-814
-836
-719
-512
-361
-321
-314
-172
45
302
387
404
538
747
988
1104
1146
1170
1244
1373
1353
1297
1191
1126
1160
1135
1038
914
808
687
536
369
201
-14
-201
-404
-492
-610
-810
-1013
-1162
-1106
-1060
-1150
-1231
-1256
-1178
-1021
-943
-909
-949
-818
-504
-302
-177
-36
30
263
564
821
944
1027
1148
1351
1467
1515
1532
1534
1566
1529
1527
1407
1358
1243
1164
1088
884
702
616
496
374
239
66
-28
-103
-211
-250
-389
-503
-567
-606
-617
-676
-722
-731
-691
-636
-560
-533
-475
-353
-269
-235
-153
-98
-44
39
80
121
83
-5
-36
-51
-80
-116
-212
-313
-318
-321
-401
-556
-657
-640
-638
-717
-774
-775
-829
-894
-821
-724
-684
-753
-833
-686
-505
-362
-318
-294
-198
-75
44
135
239
237
287
416
455
525
483
500
541
560
586
522
451
435
396
352
299
232
213
163
170
229
175
86
5
66
170
188
139
140
248
346
386
336
321
462
562
611
636
609
622
636
708
720
592
529
590
610
617
580
494
449
390
366
427
347
276
193
127
50
-44
-117
-149
-172
-273
-286
-291
-328
-303
-245
-178
-127
-89
-66
-12
57
144
252
207
239
270
356
441
408
412
356
286
286
331
294
216
100
41
-21
-104
-246
-371
-479
-584
-753
-929
-999
-1081
-1202
-1408
-1501
-1622
-1710
-1744
-1712
-1687
-1765
-1761
-1721
-1708
-1596
-1460
-1342
-1255
-1178
-1016
-788
-537
-324
-192
-46
151
376
633
781
941
1027
1108
1242
1336
1381
1425
1452
1461
1424
1379
1397
1321
1177
1084
953
879
794
660
557
403
335
185
65
-3
-50
-238
-365
-308
-390
-393
-537
-681
-642
-523
-492
-546
-605
-618
-429
-265
-195
-179
-178
-93
14
159
242
226
212
281
356
402
455
459
503
537
534
568
679
709
737
704
660
639
628
652
643
575
488
509
485
469
422
284
257
209
176
25
-25
-87
-148
-270
-432
-489
-554
-603
-659
-795
-949
-923
-946
-1010
-1046
-1124
-1144
-1228
-1210
-1177
-1267
-1320
-1242
-1214
-1241
-1186
-1142
-1082
-956
-884
-861
-697
-553
-450
-279
-134
-27
92
202
392
554
647
748
860
1009
1110
1132
1081
1104
1162
1204
1169
1036
1006
1021
1001
911
813
732
624
563
510
382
213
69
-66
-214
-350
-477
-546
-648
-733
-784
-864
-792
-800
-792
-779
-763
-699
-594
-458
-383
-296
-238
-87
15
124
257
378
479
579
630
659
746
866
893
933
946
981
983
927
962
898
854
778
725
594
479
442
315
217
87
-27
-166
-251
-265
-334
-465
-535
-570
-600
-568
-559
-551
-512
-499
-499
-444
-386
-403
-331
-298
-282
-230
-185
-176
-91
-18
-112
-70
-92
-154
-130
-108
-118
-170
-241
-205
-170
-218
-216
-273
-260
-226
-214
-235
-274
-243
-202
-197
-235
-273
-236
-198
-192
-156
-148
-134
-91
-50
14
67
37
56
125
163
127
138
135
109
78
46
23
-16
42
26
20
23
14
13
28
4
11
61
65
98
71
174
214
201
221
263
356
400
498
536
512
501
532
569
608
603
575
524
503
533
584
560
443
428
369
332
360
266
161
135
93
8
-93
-141
-188
-246
-289
-351
-371
-377
-352
-359
-404
-400
-304
-247
-187
-97
-74
23
85
162
231
258
296
367
423
410
413
448
515
506
504
469
422
399
427
390
311
242
163
111
32
-20
-79
-140
-255
-335
-397
-465
-563
-661
-666
-719
-737
-768
-801
-742
-793
-773
-739
-727
-674
-656
-612
-575
-603
-594
-541
-423
-361
-336
-308
-259
-189
-105
-7
34
118
115
154
182
244
328
323
347
355
403
462
449
445
475
453
470
468
483
460
438
402
396
369
309
270
218
228
200
113
33
78
93
37
30
13
15
-8
-35
-56
-55
-65
-100
-138
-115
-131
-100
-115
-139
-121
-161
-98
-77
-80
-87
-68
-11
69
120
104
138
183
285
353
289
376
427
426
466
440
426
432
461
430
374
360
328
350
382
374
335
281
237
204
170
91
-10
-140
-219
-363
-402
-474
-543
-616
-688
-702
-718
-791
-838
-842
-890
-874
-897
-857
-899
-871
-787
-745
-715
-683
-628
-534
-494
-447
-434
-374
-305
-248
-200
-136
-57
71
137
169
292
345
443
451
443
466
534
551
567
587
548
518
554
553
508
478
484
502
450
374
362
331
295
300
237
211
167
149
93
26
32
16
-80
-154
-138
-162
-151
-153
-182
-177
-219
-175
-202
-196
-176
-138
-111
-68
-52
-36
-27
65
131
118
207
268
258
298
290
325
355
323
349
341
331
349
387
327
308
315
362
359
290
295
246
232
229
147
84
-1
-19
-32
-146
-244
-278
-334
-332
-395
-414
-480
-505
-520
-568
-536
-551
-551
-566
-595
-655
-645
-681
-644
-619
-582
-582
-556
-500
-459
-387
-368
-334
-251
-156
-75
25
25
33
83
146
236
264
288
287
305
392
450
469
485
524
507
477
434
423
390
360
273
209
148
140
94
2
-39
-148
-183
-203
-231
-264
-312
-307
-281
-315
-299
-234
-248
-212
-221
-231
-203
-183
-184
-99
-24
14
105
216
254
278
341
384
447
487
546
517
494
458
519
540
485
512
495
422
400
357
285
304
264
188
180
129
109
79
48
12
-48
-32
-37
-73
-98
-161
-157
-194
-165
-125
-172
-148
-180
-149
-159
-185
-195
-151
-175
-157
-110
-120
-32
-37
-57
-27
-39
-52
-25
-1
-32
-16
12
-4
-22
-35
-16
-27
-50
-38
-32
-41
-31
15
31
17
33
19
49
48
77
101
122
185
141
115
124
150
164
143
132
119
64
72
79
85
83
29
62
49
36
56
52
76
85
86
26
16
65
53
8
45
99
118
109
179
201
218
195
181
253
269
268
258
281
296
361
380
355
375
376
335
319
333
259
227
164
91
52
71
36
-34
-80
-94
-83
-114
-137
-190
-208
-189
-168
-153
-123
-101
-93
-42
-52
-61
-5
-30
-1
43
65
43
48
106
119
178
188
202
252
274
293
318
311
276
247
221
188
216
147
111
22
-5
14
-37
-56
-161
-205
-190
-242
-276
-338
-304
-299
-310
-261
-298
-277
-224
-181
-232
-203
-170
-194
-148
-88
-67
-45
42
76
102
130
168
205
279
289
300
314
302
320
369
325
317
343
349
376
386
395
363
367
362
344
299
268
262
211
174
191
125
101
103
105
65
-2
-7
-36
-96
-105
-122
-186
-187
-206
-205
-244
-269
-245
-206
-226
-241
-253
-240
-196
-138
-69
-56
-33
31
147
174
207
224
215
249
293
331
320
291
343
377
398
405
425
410
413
442
391
369
318
302
292
291
226
202
188
182
165
147
98
26
-24
-94
-105
-134
-143
-174
-144
-180
-172
-178
-179
-200
-206
-234
-256
-217
-233
-206
-252
-187
-167
-223
-143
-114
-107
-82
-20
22
67
62
122
169
191
265
245
334
400
421
423
434
432
445
434
401
422
425
403
399
373
293
259
225
237
178
119
71
-34
-65
-139
-197
-241
-232
-251
-304
-287
-344
-361
-348
-377
-395
-376
-368
-373
-349
-314
-354
-305
-269
-292
-206
-170
-105
-69
-57
-22
42
66
115
120
138
163
210
213
216
253
262
261
266
294
261
241
237
272
246
225
208
140
109
107
90
37
28
48
26
-29
-58
-58
-58
-127
-99
-129
-117
-191
-256
-201
-210
-255
-260
-255
-243
-215
-249
-260
-264
-234
-204
-203
-217
-266
-207
-185
-213
-154
-243
-267
-223
-154
-138
-97
-76
-65
-43
-38
-29
-28
7
-14
-4
-24
34
49
27
44
31
64
56
56
39
1
-46
-46
10
-33
-60
-86
-93
-64
-87
-105
-105
-131
-163
-177
-235
-255
-338
-336
-316
-389
-363
-347
-330
-314
-293
-277
-274
-259
-216
-211
-192
-157
-94
-109
-153
-139
-166
-171
-141
-120
-125
-174
-196
-160
-152
-173
-229
-212
-186
-185
-195
-159
-154
-208
-295
-307
-284
-364
-367
-332
-372
-351
-376
-440
-439
-451
-452
-434
-426
-400
-309
-300
-266
-259
-277
-258
-227
-135
-164
-181
-171
-187
-175
-178
-202
-241
-271
-337
-319
-327
-334
-372
-453
-455
-483
-499
-494
-449
-496
-489
-487
-551
-566
-556
-560
-601
-563
-582
-537
-517
-510
-480
-481
-441
-429
-414
-419
-363
-331
-287
-201
-240
-227
-220
-197
-258
-297
-301
-366
-426
-451
-431
-464
-477
-477
-527
-559
-536
-543
-622
-623
-636
-624
-649
-698
-661
-695
-684
-663
-634
-641
-675
-686
-601
-553
-569
-540
-512
-461
-435
-368
-323
-304
-336
-311
-304
-323
-328
-320
-323
-356
-286
-273
-239
-217
-241
-244
-292
-320
-358
-363
-336
-358
-357
-398
-380
-352
-354
-324
-339
-346
-380
-411
-395
-408
-436
-426
-465
-467
-496
-446
-414
-432
-449
-429
-421
-466
-466
-430
-422
-480
-453
-452
-424
-434
-391
-410
-446
-412
-412
-437
-502
-484
-505
-504
-486
-496
-436
-411
-405
-381
-455
-439
-385
-463
-481
-480
-505
-546
-561
-603
-642
-707
-678
-693
-726
-697
-740
-712
-696
-683
-673
-666
-639
-645
-637
-697
-695
-715
-676
-640
-646
-651
-667
-608
-582
-549
-528
-483
-496
-463
-382
-374
-389
-358
-316
-290
-320
-322
-295
-297
-287
-302
-278
-238
-212
-251
-236
-216
-225
-219
-205
-196
-249
-219
-283
-385
-438
-482
-510
-496
-570
-658
-617
-629
-589
-637
-742
-739
-760
-745
-749
-737
-781
-811
-782
-761
-751
-742
-757
-701
-677
-596
-589
-566
-481
-493
-430
-357
-378
-329
-296
-242
-219
-184
-156
-147
-103
-119
-140
-192
-157
-185
-144
-145
-150
-140
-175
-248
-269
-318
-384
-396
-456
-458
-482
-581
-546
-578
-632
-624
-648
-666
-703
-703
-698
-672
-706
-677
-644
-651
-570
-555
-556
-511
-471
-426
-380
-341
-282
-210
-152
-127
-82
-78
-52
-33
-26
7
58
64
6
40
89
73
100
147
114
51
19
-21
22
-32
-71
-110
-154
-187
-248
-251
-280
-288
-395
-370
-377
-424
-440
-401
-434
-453
-449
-450
-454
-476
-510
-485
-456
-448
-382
-347
-281
-262
-217
-151
-71
-84
8
78
-11
44
146
115
100
196
234
216
260
286
248
208
210
167
120
157
159
58
45
43
19
-19
-115
-170
-201
-273
-275
-300
-353
-339
-376
-420
-410
-377
-422
-409
-386
-404
-393
-395
-346
-324
-310
-234
-190
-147
-112
-93
-70
20
34
32
101
146
181
229
295
310
340
432
410
426
476
478
508
493
513
505
496
460
404
416
362
308
233
201
155
137
74
59
10
-88
-65
-108
-176
-220
-286
-310
-302
-314
-306
-306
-310
-312
-298
-327
-274
-229
-231
-172
-120
-65
-21
37
89
95
113
129
154
181
223
254
281
275
294
328
292
261
244
272
235
247
263
199
209
202
161
150
112
116
34
-17
-82
-181
-190
-207
-229
-273
-290
-281
-269
-264
-275
-268
-279
-310
-322
-327
-277
-301
-304
-294
-315
-223
-181
-135
-130
-138
-110
-77
-80
-45
30
0
13
25
64
82
102
127
206
213
202
235
216
276
267
199
201
227
242
193
157
138
127
110
58
-5
-26
-52
-86
-143
-210
-226
-254
-291
-309
-340
-388
-416
-405
-426
-458
-466
-453
-483
-479
-506
-516
-489
-458
-415
-386
-360
-294
-232
-216
-180
-163
-166
-139
-113
-75
-75
-74
-52
-8
30
44
57
64
85
16
-9
4
15
-15
-32
-26
-72
-69
-89
-162
-209
-259
-252
-270
-353
-348
-373
-407
-408
-431
-407
-443
-470
-532
-479
-446
-448
-418
-456
-418
-408
-345
-285
-279
-231
-246
-193
-180
-171
-97
-128
-48
-74
-81
-10
-3
-2
54
68
55
6
-5
68
45
13
6
-6
5
-48
-56
-56
-91
-210
-230
-209
-310
-287
-314
-361
-396
-408
-488
-495
-484
-473
-477
-548
-578
-554
-561
-548
-499
-484
-414
-389
-336
-297
-294
-271
-280
-262
-245
-193
-185
-160
-150
-108
-60
-61
-19
36
14
27
28
25
23
2
8
-29
-30
-15
-34
-46
-84
-118
-126
-131
-133
-168
-148
-187
-206
-176
-212
-246
-251
-246
-250
-287
-341
-310
-247
-312
-307
-261
-275
-257
-254
-224
-213
-209
-186
-151
-130
-72
-76
-34
-23
26
71
71
127
171
171
201
242
200
237
262
259
254
265
298
308
304
282
259
247
253
245
239
266
241
226
163
167
191
128
97
76
20
-17
-23
-6
-40
-60
-13
-39
-53
-67
-78
-77
-101
-45
-19
-23
36
58
62
94
123
70
43
46
95
111
68
66
100
120
134
153
164
127
139
169
182
215
261
248
243
281
301
294
255
240
217
200
170
89
123
104
66
33
55
59
22
83
67
91
86
128
102
161
212
183
221
207
256
274
246
225
242
248
269
242
248
255
281
306
301
344
302
299
285
276
318
233
274
316
339
330
305
341
310
355
418
421
345
338
352
364
369
406
368
370
398
411
425
429
443
417
398
377
444
422
442
455
418
387
360
336
311
306
349
293
288
247
185
251
259
255
231
243
194
225
230
254
238
202
235
208
204
203
208
189
169
146
186
146
122
145
134
139
115
138
164
145
241
258
257
324
346
339
329
323
355
435
375
330
352
337
387
394
391
372
334
364
430
421
423
376
389
443
447
435
466
481
519
566
598
562
490
541
562
523
509
493
471
490
473
508
522
468
501
522
496
499
491
497
483
504
528
514
502
507
496
487
430
418
411
434
429
402
426
410
442
438
459
373
370
378
374
363
333
406
372
402
402
344
321
354
349
360
392
332
300
288
335
362
339
341
330
332
315
322
364
323
308
320
290
292
290
291
271
296
292
262
352
373
402
448
426
399
390
378
400
448
453
460
439
472
457
489
563
509
459
541
544
532
551
523
510
456
438
426
408
392
415
406
441
435
445
429
451
491
471
391
383
436
409
456
431
415
435
422
408
410
403
373
378
395
404
392
445
383
379
395
389
400
420
455
413
360
382
414
414
423
425
450
472
488
439
418
413
406
400
406
388
341
318
339
350
327
325
308
278
267
236
229
254
261
258
262
265
265
214
231
265
250
276
273
323
283
263
286
306
341
372
409
421
432
502
517
492
537
531
511
476
495
481
494
454
452
442
365
393
409
403
394
375
326
320
295
270
244
193
231
198
157
177
230
278
282
280
283
300
306
273
288
302
294
321
352
347
315
336
385
396
446
447
451
467
479
463
479
514
474
462
447
465
462
463
441
419
422
397
393
427
418
456
398
368
378
357
365
276
312
295
220
205
236
229
199
221
179
226
174
154
106
80
83
60
61
51
102
89
110
94
133
139
141
229
225
235
268
310
325
373
400
414
429
439
438
460
447
421
427
360
450
442
385
430
421
394
398
367
330
315
282
247
273
267
283
244
219
229
183
181
221
242
242
264
301
360
344
326
327
341
374
402
365
368
388
380
400
434
428
464
469
463
523
500
483
495
488
431
446
456
386
430
418
411
443
448
438
406
416
425
350
346
309
354
370
339
331
339
316
321
316
171
142
125
124
94
87
98
99
37
43
56
79
99
105
146
128
141
191
192
130
173
171
154
179
165
177
239
281
337
392
428
448
445
455
456
498
478
513
521
489
499
510
519
524
539
487
471
450
462
447
440
453
469
426
396
377
407
387
317
285
252
268
225
237
257
276
294
308
297
323
340
309
336
332
344
316
321
268
267
325
301
322
345
325
368
379
377
389
396
407
419
447
439
444
392
404
390
343
355
316
293
213
247
285
233
210
228
184
186
197
154
154
181
163
171
146
152
147
127
134
84
59
68
98
113
112
127
141
141
153
210
242
234
311
343
342
354
338
333
351
346
300
302
307
300
324
269
315
370
312
304
308
285
288
301
308
320
324
357
332
317
272
262
300
209
174
121
150
198
186
226
256
254
265
275
240
254
238
230
237
224
221
246
220
204
214
259
265
262
293
334
351
377
357
325
315
297
286
279
261
270
277
263
290
279
194
129
98
28
25
-15
-32
-12
13
3
-56
-59
-91
-102
-100
-117
-98
-73
-64
-78
-66
-69
-38
-34
-25
-10
-19
9
36
97
87
86
126
119
120
127
174
146
165
197
180
204
187
191
210
178
164
136
196
205
201
210
161
192
166
178
151
128
138
143
106
120
129
127
162
78
81
68
47
85
77
73
70
102
140
150
169
150
146
145
116
103
168
181
179
211
209
234
210
222
237
261
264
286
314
274
302
271
290
327
300
277
280
319
277
233
231
153
147
131
136
71
76
61
22
57
49
42
6
24
23
-2
-41
-87
-104
-123
-133
-105
-169
-158
-77
-36
-29
-15
33
-8
-1
-34
-18
4
27
70
55
12
53
62
32
13
26
71
84
90
103
140
143
183
205
185
213
185
169
155
158
153
195
207
186
212
233
244
260
271
286
287
249
225
193
143
159
189
186
147
129
119
76
48
39
37
53
88
41
76
101
97
130
105
77
104
97
85
100
70
64
73
53
96
108
162
188
162
173
172
151
160
175
196
155
124
96
92
23
-23
-34
-22
-32
-99
-101
-92
-101
-85
-59
-77
-109
-52
-45
-13
-47
-48
-9
-13
24
-30
-33
-27
-7
-36
-60
-24
15
10
46
25
57
77
88
146
91
109
90
41
39
21
22
84
39
72
108
110
150
166
183
158
183
210
181
168
174
164
159
143
165
175
165
161
182
142
156
188
160
119
138
109
114
127
123
87
75
84
104
121
89
91
94
92
48
64
129
124
84
4
-15
6
40
39
48
47
-1
22
24
20
2
29
42
65
55
121
142
109
140
116
72
99
104
93
87
131
145
122
108
92
101
79
88
65
5
21
44
22
32
20
36
11
10
15
25
27
0
6
79
142
150
154
148
171
165
205
201
179
208
235
275
260
271
261
279
317
277
280
254
251
252
251
230
247
214
192
184
166
166
149
127
107
102
54
97
41
25
30
7
-6
-35
-55
-47
-34
3
35
24
73
95
112
143
139
118
132
159
183
175
199
194
178
174
151
157
128
141
146
111
103
100
115
115
55
138
116
90
121
104
113
95
59
45
70
66
43
12
28
54
-14
-27
-25
-6
-21
-24
-8
42
38
40
108
87
84
74
99
65
57
59
65
79
74
90
160
168
172
190
156
134
228
250
263
265
253
291
280
256
228
232
206
183
198
166
164
155
91
114
195
152
122
155
147
98
119
135
87
88
80
100
56
71
114
57
42
99
99
99
119
143
154
191
223
212
195
216
234
187
194
182
207
191
213
254
251
270
275
301
288
276
238
244
265
241
238
216
213
219
199
174
197
186
150
122
83
100
80
84
89
103
60
26
64
3
-30
-25
-52
-70
-101
-125
-105
-128
-125
-97
-99
-51
9
0
-21
-38
-67
-76
-108
-86
-40
-10
78
101
130
161
156
130
146
174
148
145
220
221
224
257
250
236
227
220
201
195
172
214
211
156
201
193
173
193
165
196
205
167
136
162
151
83
68
88
97
78
105
95
99
79
87
125
40
73
92
135
145
112
134
79
45
67
71
37
0
10
27
16
16
33
3
-4
67
73
29
34
48
63
74
120
143
122
152
136
86
81
118
99
87
66
81
72
14
18
47
45
61
67
50
30
34
22
-20
-14
-13
-7
-2
-19
-20
-29
-34
-18
-41
-30
-13
18
2
-32
18
-9
36
-6
7
79
102
106
162
153
189
187
193
235
220
190
179
238
258
272
317
255
288
303
275
244
246
202
219
185
130
149
162
215
149
197
202
180
171
163
129
115
94
27
42
2
-33
-45
-31
-41
-17
-25
-33
-40
-42
-53
-129
-118
-118
-86
-96
-56
-22
3
80
106
160
168
147
145
173
122
159
135
131
120
101
124
143
69
97
124
93
41
75
144
105
98
92
113
117
106
97
89
70
83
59
26
32
40
48
75
50
72
103
115
203
204
230
262
250
301
352
301
301
299
252
286
221
218
214
200
184
182
205
192
175
132
93
58
85
97
59
60
33
12
18
52
117
97
93
117
127
155
116
80
107
151
190
175
218
225
273
258
253
280
261
259
251
260
304
346
301
301
284
301
270
268
265
211
213
245
201
189
237
285
235
154
199
193
159
185
194
170
163
147
106
123
125
182
191
201
239
217
175
148
202
146
97
80
57
-3
9
55
42
20
65
23
-27
12
96
104
129
157
137
126
123
132
102
131
139
134
162
189
222
220
230
255
252
287
287
283
316
330
316
322
337
282
280
275
257
254
235
244
254
237
230
235
191
222
200
233
221
196
210
187
196
186
224
150
186
211
196
206
220
204
245
251
244
224
210
247
229
223
237
265
232
266
259
212
216
259
255
244
284
305
272
297
329
322
261
230
222
190
193
191
151
112
135
185
163
167
178
134
154
98
128
91
93
110
95
77
55
57
58
61
52
59
19
37
70
48
23
21
21
62
71
94
130
105
170
141
137
164
195
234
252
276
325
301
291
353
357
329
334
375
362
424
433
379
379
330
312
296
279
309
264
251
237
218
162
174
177
155
189
161
171
163
153
128
121
105
98
76
49
75
40
30
10
35
62
20
-1
29
57
52
69
91
54
65
119
84
81
124
114
119
123
124
103
117
107
121
168
176
216
191
189
178
189
202
205
221
203
195
207
132
160
176
111
164
176
179
123
166
159
102
127
144
140
122
94
111
109
77
52
42
44
77
61
53
85
74
113
98
92
91
51
73
132
162
206
249
275
288
328
326
302
306
267
282
272
203
226
239
176
217
243
221
169
192
235
191
161
186
205
161
147
141
165
113
78
64
18
57
72
69
61
113
106
80
140
128
164
135
92
117
139
124
178
171
86
66
80
97
61
68
69
92
86
95
102
100
76
49
67
43
68
68
34
111
114
113
113
137
189
176
194
199
241
258
239
278
255
245
267
259
238
247
258
202
248
212
184
167
144
211
171
143
133
121
120
129
65
87
110
139
155
70
95
85
78
52
61
82
47
36
70
95
108
91
93
118
110
124
144
138
108
86
99
72
64
67
60
37
44
14
41
8
-25
-60
-77
-43
-33
-22
16
-18
-2
50
52
18
35
85
47
69
83
60
29
83
74
100
127
106
108
87
91
91
70
90
92
105
111
118
73
52
23
-31
-3
-90
-97
-60
-32
-21
-18
-32
-62
-82
-153
-179
-153
-189
-227
-182
-160
-133
-129
-156
-171
-170
-153
-152
-134
-110
-105
-107
-4
17
52
96
85
74
123
138
93
116
95
83
78
90
124
122
122
198
172
169
219
199
186
139
104
99
82
104
60
39
13
56
29
-9
-2
-13
-62
-83
-32
-34
-12
27
63
9
29
6
-31
-21
-46
-46
-101
-112
-102
-102
-53
-32
14
9
2
-38
-46
9
-21
-38
-12
-4
-30
-35
1
-28
5
15
40
83
83
71
104
122
114
94
158
124
129
123
109
95
37
32
-17
-31
-51
-70
-77
-70
-64
-88
-139
-77
-58
-77
-80
-64
-120
-129
-134
-140
-124
-138
-119
-102
-109
-67
-4
5
22
31
65
38
34
94
161
201
177
180
188
217
227
204
223
238
166
190
186
195
235
184
173
173
108
34
1
-11
-31
-42
-51
-68
-101
-92
-69
-84
-25
-11
-14
-23
-45
-81
-125
-157
-166
-128
-103
-112
-79
-68
-110
-129
-51
-46
-46
4
-30
8
26
28
40
-20
36
23
-17
-22
-29
-42
-72
-70
-56
-87
-112
-93
-110
-110
-95
-130
-134
-172
-134
-129
-169
-146
-143
-165
-170
-158
-199
-174
-128
-134
-163
-142
-155
-186
-146
-140
-142
-148
-194
-190
-173
-110
-60
-32
16
8
0
23
24
-13
-2
28
8
4
-39
-31
-13
9
25
-8
-23
-46
-68
-89
-84
-71
-56
-85
-50
-53
-51
-65
-70
-21
-43
3
-38
-57
-7
-3
-8
24
13
9
-11
-51
-37
-17
-35
-67
-64
-65
-104
-101
-128
-179
-139
-161
-155
-78
-91
-114
-125
-141
-134
-146
-130
-177
-175
-168
-199
-163
-143
-89
-52
-53
-70
-31
13
6
-19
5
56
15
19
60
69
63
65
55
14
26
-20
-24
-7
-31
66
21
1
-3
-4
-1
-34
-102
-65
-71
-62
-134
-148
-84
-121
-117
-124
-108
-127
-123
-72
-69
-132
-129
-64
-59
-36
-50
-124
-66
-56
-90
-86
-73
-69
-73
-57
-41
-95
-103
-105
-114
-61
-66
-66
-81
-89
-75
-113
-133
-126
-156
-162
-172
-163
-98
-62
-82
-80
-103
-86
-99
-119
-56
-32
-60
-94
-98
-88
-117
-82
-54
-31
-30
9
54
-34
-29
-1
-34
-26
-57
-67
-2
-20
-45
-67
-83
-125
-143
-146
-198
-174
-166
-202
-168
-168
-187
-155
-167
-232
-234
-239
-233
-220
-291
-295
-283
-251
-217
-233
-257
-278
-311
-295
-234
-193
-205
-212
-203
-171
-155
-159
-194
-182
-130
-169
-115
-137
-109
-65
-85
-67
-36
-40
-14
10
10
7
19
-28
-84
-117
-112
-103
-98
-107
-152
-119
-140
-113
-113
-142
-178
-252
-298
-343
-344
-327
-333
-356
-356
-334
-373
-367
-383
-363
-369
-350
-326
-286
-233
-265
-225
-231
-201
-189
-216
-197
-201
-198
-143
-147
-115
-105
-66
-84
-86
-50
-56
-25
15
29
29
1
-35
-75
-113
-133
-177
-208
-214
-258
-273
-224
-231
-265
-234
-226
-221
-211
-187
-173
-204
-210
-170
-156
-169
-175
-156
-177
-220
-244
-207
-175
-173
-153
-102
-38
-9
-17
-20
43
19
8
27
-8
-19
-38
-23
-53
-66
-71
-73
-50
-84
-37
-63
-92
-64
-63
-101
-69
-85
-92
-63
-63
-78
-104
-94
-114
-127
-118
-88
-108
-103
-133
-109
-138
-189
-190
-157
-166
-131
-153
-157
-118
-182
-210
-194
-148
-178
-165
-198
-185
-169
-202
-197
-215
-262
-277
-235
-259
-267
-285
-306
-323
-346
-320
-324
-338
-337
-300
-287
-243
-220
-211
-223
-227
-241
-217
-217
-210
-208
-202
-143
-114
-135
-105
-78
-105
-54
-33
-11
-16
-1
-6
-22
-65
-52
-30
-61
-81
-97
-95
-120
-126
-126
-104
-154
-177
-184
-201
-191
-240
-212
-244
-254
-299
-275
-287
-317
-303
-294
-278
-303
-304
-285
-268
-318
-317
-324
-359
-332
-310
-290
-373
-326
-294
-315
-287
-280
-285
-238
-249
-285
-233
-291
-269
-261
-300
-287
-277
-326
-336
-312
-271
-253
-292
-262
-257
-312
-333
-302
-296
-341
-303
-271
-285
-267
-325
-299
-299
-278
-222
-295
-305
-322
-278
-252
-256
-250
-267
-266
-294
-229
-260
-267
-249
-263
-234
-247
-223
-255
-231
-209
-177
-183
-201
-124
-152
-127
-90
-141
-89
-100
-90
-62
-120
-146
-187
-179
-210
-235
-204
-204
-217
-234
-264
-255
-233
-236
-270
-258
-204
-225
-237
-233
-264
-238
-257
-246
-219
-216
-245
-257
-212
-165
-132
-122
-70
-96
-78
-50
-119
-152
-170
-203
-178
-162
-185
-175
-134
-154
-128
-110
-93
-83
-108
-120
-127
-140
-161
-197
-194
-192
-218
-239
-251
-237
-242
-305
-304
-288
-313
-304
-370
-327
-348
-360
-340
-372
-398
-330
-366
-348
-324
-365
-369
-375
-370
-357
-343
-360
-356
-384
-354
-362
-363
-331
-331
-324
-295
-305
-335
-296
-305
-329
-340
-365
-353
-304
-325
-348
-337
-350
-287
-344
-338
-340
-326
-319
-343
-322
-314
-277
-307
-282
-321
-309
-251
-242
-241
-270
-223
-225
-219
-194
-218
-192
-189
-231
-205
-190
-136
-165
-166
-161
-170
-188
-243
-250
-281
-304
-296
-265
-283
-301
-283
-290
-300
-275
-287
-280
-265
-257
-234
-282
-289
-243
-197
-239
-195
-201
-183
-141
-190
-160
-113
-101
-55
-41
-102
-147
-139
-196
-195
-188
-161
-191
-216
-181
-231
-252
-300
-313
-323
-325
-321
-322
-328
-327
-361
-354
-378
-352
-318
-302
-250
-296
-269
-236
-287
-279
-278
-328
-303
-300
-300
-268
-201
-146
-157
-112
-91
-81
-148
-147
-121
-146
-188
-179
-123
-134
-91
-122
-123
-174
-177
-215
-208
-188
-236
-216
-259
-221
-199
-238
-249
-246
-208
-238
-211
-258
-232
-261
-325
-251
-266
-256
-299
-276
-305
-289
-281
-340
-301
-350
-313
-279
-312
-309
-289
-301
-279
-278
-280
-254
-283
-279
-268
-242
-282
-290
-288
-281
-288
-316
-322
-312
-322
-304
-267
-320
-338
-353
-330
-330
-319
-312
-304
-299
-245
-249
-253
-229
-206
-195
-219
-188
-171
-193
-202
-189
-168
-191
-185
-174
-187
-211
-234
-196
-206
-124
-102
-78
-70
-100
-121
-96
-126
-199
-191
-167
-162
-213
-152
-145
-169
-147
-157
-163
-165
-173
-178
-155
-120
-147
-112
-149
-197
-140
-168
-192
-200
-230
-237
-274
-284
-274
-344
-393
-391
-387
-398
-367
-358
-408
-385
-386
-399
-398
-342
-347
-340
-299
-285
-267
-292
-226
-211
-220
-182
-158
-165
-150
-135
-140
-103
-87
-67
-58
-53
-35
-49
-32
-24
-29
-44
-88
-96
-104
-93
-93
-142
-138
-144
-156
-146
-153
-142
-140
-182
-197
-217
-245
-222
-185
-213
-200
-179
-181
-137
-171
-195
-185
-199
-250
-201
-170
-190
-209
-151
-110
-86
-109
-105
-93
-69
-76
-125
-107
-122
-155
-174
-148
-170
-127
-172
-189
-148
-159
-137
-140
-139
-107
-125
-157
-126
-94
-111
-103
-113
-130
-141
-112
-117
-125
-106
-199
-201
-189
-181
-148
-165
-146
-180
-190
-156
-183
-188
-186
-126
-137
-123
-120
-147
-168
-152
-178
-171
-152
-159
-173
-142
-120
-139
-140
-108
-118
-145
-175
-150
-169
-173
-148
-167
-170
-198
-179
-164
-146
-140
-161
-161
-179
-186
-211
-213
-214
-226
-220
-239
-254
-269
-258
-301
-278
-238
-212
-191
-174
-159
-205
-189
-132
-154
-201
-157
-166
-187
-198
-212
-200
-170
-175
-157
-92
-87
-62
-23
-48
-65
-76
-51
-86
-72
-51
-92
-86
-84
-107
-142
-172
-97
-105
-151
-97
-98
-154
-164
-164
-181
-144
-220
-202
-225
-230
-225
-259
-215
-244
-268
-279
-281
-282
-290
-267
-259
-242
-216
-253
-201
-173
-220
-173
-144
-128
-155
-197
-215
-244
-212
-218
-161
-121
-100
-96
-69
-119
-133
-172
-181
-216
-175
-168
-171
-172
-172
-152
-213
-216
-240
-235
-272
-280
-262
-250
-275
-232
-201
-209
-201
-201
-197
-189
-163
-156
-152
-160
-156
-142
-126
-142
-140
-161
-145
-106
-118
-99
-99
-93
-114
-128
-98
-85
-136
-130
-102
-111
-91
-107
-67
-60
-48
-74
-115
-97
-114
-84
-46
-56
-84
-103
-95
-134
-136
-161
-179
-151
-134
-116
-119
-109
-95
-147
-133
-135
-144
-129
-125
-98
-101
-69
-66
-53
-37
-45
-68
-22
-34
-24
21
8
43
30
15
23
19
3
25
0
-48
-103
-108
-112
-69
-56
-89
-106
-112
-135
-168
-177
-230
-214
-193
-210
-256
-253
-308
-315
-298
-301
-258
-263
-260
-237
-214
-223
-203
-190
-154
-135
-106
-99
-121
-95
-94
-134
-180
-176
-147
-156
-160
-180
-155
-112
-105
-142
-150
-124
-84
-93
-119
-175
-146
-122
-142
-175
-129
-115
-143
-156
-169
-168
-160
-142
-178
-161
-163
-136
-154
-159
-114
-86
-102
-105
-106
-104
-121
-111
-111
-151
-176
-215
-201
-204
-197
-222
-220
-204
-181
-211
-231
-242
-193
-183
-177
-215
-202
-147
-172
-109
-129
-129
-132
-103
-75
-88
-101
-97
-95
-144
-75
-75
-138
-109
-102
-99
-117
-149
-162
-126
-122
-131
-121
-113
-145
-204
-184
-149
-168
-152
-141
-167
-194
-148
-215
-213
-234
-234
-248
-256
-231
-243
-198
-215
-177
-183
-167
-175
-133
-142
-174
-118
-129
-91
-73
-32
-21
7
-6
-2
40
43
39
1
-33
-16
65
65
51
22
6
-34
-11
-27
-38
-59
-73
-59
-50
-41
-44
-25
-77
-46
-81
-76
-63
-93
-64
-80
-35
-94
-44
10
-22
-29
7
10
-27
-6
-70
-93
-97
-105
-101
-76
-53
-32
-37
-31
-20
-40
-27
-32
-27
-37
-55
-59
-64
-73
-33
-61
-83
-51
-38
-76
-85
-86
-58
-42
-70
-27
-20
-24
-60
-24
-43
-34
-3
6
6
-25
3
-46
-75
-59
-74
-60
-72
-79
-80
-75
-42
-8
-12
-18
15
-8
-39
-63
-86
-87
-89
-101
-82
-75
-52
-16
-42
-112
-101
-111
-103
-124
-143
-108
-156
-97
-114
-135
-117
-143
-163
-179
-154
-172
-157
-159
-205
-131
-95
-164
-153
-140
-134
-106
-71
-100
-73
-62
-79
-91
-36
-18
-40
-22
-26
14
51
68
60
68
48
7
6
-52
-73
-84
-54
-35
-98
-86
-77
-85
-68
-75
-80
-62
-124
-115
-115
-145
-149
-145
-132
-108
-62
-106
-142
-132
-107
-120
-114
-111
-97
-75
-53
-23
-6
16
38
29
36
-32
-66
-32
-53
-62
-70
-58
-42
-20
-21
-58
-39
-2
6
-12
-2
42
25
49
29
-5
22
-8
-24
-34
-89
-110
-99
-89
-122
-129
-113
-109
-116
-112
-71
-113
-112
-105
-48
-36
-61
-23
11
-42
-61
-41
-87
-112
-119
-74
-86
-84
-46
-98
-128
-101
-100
-83
-75
-72
-93
-159
-152
-139
-162
-172
-164
-190
-215
-201
-188
-177
-196
-206
-172
-154
-190
-193
-160
-177
-133
-153
-220
-218
-223
-186
-162
-135
-108
-96
-142
-165
-162
-159
-153
-172
-134
-148
-133
-86
-80
-93
-80
-98
-126
-125
-158
-214
-217
-231
-230
-175
-138
-104
-101
-86
-103
-100
-99
-154
-113
-97
-111
-166
-192
-138
-136
-123
-108
-81
-37
-65
-59
-84
-100
-67
-122
-171
-153
-225
-216
-239
-266
-274
-258
-245
-244
-225
-234
-253
-272
-260
-280
-224
-238
-243
-235
-212
-209
-219
-234
-256
-202
-242
-249
-279
-273
-255
-254
-229
-252
-284
-334
-346
-342
-368
-382
-443
-505
-511
-505
-485
-466
-465
-442
-413
-374
-367
-358
-310
-314
-294
-273
-292
-351
-335
-307
-342
-295
-331
-320
-295
-240
-180
-161
-151
-112
-35
-39
-74
-49
-46
-114
-131
-163
-146
-183
-231
-258
-218
-247
-254
-239
-272
-268
-231
-278
-304
-288
-299
-289
-343
-346
-389
-402
-432
-426
-403
-453
-398
-400
-414
-408
-398
-377
-352
-319
-299
-320
-295
-309
-333
-344
-338
-322
-318
-328
-361
-320
-371
-356
-329
-333
-357
-342
-343
-356
-355
-368
-395
-437
-461
-482
-492
-461
-450
-466
-454
-445
-468
-505
-504
-574
-553
-585
-631
-588
-541
-565
-530
-469
-484
-432
-404
-378
-402
-403
-380
-380
-384
-358
-333
-333
-345
-336
-333
-366
-369
-405
-415
-435
-422
-463
-450
-463
-481
-466
-454
-452
-432
-419
-455
-460
-451
-441
-492
-473
-483
-462
-481
-467
-453
-428
-429
-422
-437
-449
-430
-513
-521
-522
-565
-568
-615
-617
-568
-573
-538
-530
-562
-555
-496
-506
-531
-529
-509
-482
-464
-438
-410
-394
-360
-329
-291
-273
-262
-226
-181
-198
-251
-218
-185
-216
-213
-212
-189
-209
-225
-220
-185
-187
-295
-298
-291
-272
-283
-301
-297
-282
-275
-300
-306
-299
-290
-269
-278
-279
-299
-305
-338
-316
-314
-349
-312
-280
-215
-250
-232
-175
-202
-226
-182
-175
-183
-120
-89
-144
-118
-96
-94
-119
-140
-147
-150
-181
-179
-121
-153
-187
-141
-191
-170
-188
-142
-136
-159
-104
-117
-62
-125
-122
-139
-143
-179
-170
-177
-204
-163
-208
-143
-165
-168
-114
-98
-73
-65
-87
-40
-3
-4
0
32
-5
-38
-12
51
55
61
78
71
99
79
38
9
-6
35
105
95
100
93
97
133
116
129
120
67
36
63
21
5
15
44
71
100
106
114
173
138
169
157
127
110
130
167
173
211
246
249
223
232
265
255
245
235
230
203
185
144
164
203
189
222
231
203
163
195
198
143
147
132
153
149
189
237
240
265
243
272
255
211
250
272
353
358
371
385
344
376
387
415
427
411
418
435
472
483
466
414
413
