SAMPLES:	18117
BITSPERSAMPLE:	16
CHANNELS:	1
SAMPLERATE:	16000
NORMALIZED:	FALSE
-9
50
21
29
25
54
51
-15
-42
-9
6
-45
-29
-8
-45
-11
-31
-39
-66
-85
-72
-93
-126
-84
-90
-29
11
-2
-16
-75
-51
-80
-84
-119
-107
-127
-147
-155
-141
-151
-177
-162
-160
-207
-221
-188
-162
-140
-105
-108
-167
-127
-111
-66
-95
-148
-119
-146
-115
-163
-163
-94
-147
-126
-124
-163
-118
-144
-136
-99
-143
-169
-124
-107
-51
-3
-70
-32
-29
-38
-1
-15
-39
-78
-78
-73
-36
17
32
-3
26
50
47
79
77
84
100
89
123
109
80
101
113
63
92
48
37
49
16
74
62
56
39
32
24
10
-29
-32
14
-16
-40
-50
-97
-68
-115
-125
-108
-102
-84
-84
-79
-92
-105
-86
-79
-85
-84
-46
-93
-109
-86
-75
-29
-8
29
27
3
-29
-57
-65
-52
-71
-85
-75
-61
-53
-55
-38
14
19
8
36
13
-1
-44
-68
-45
-51
-38
-64
-98
-57
-39
-16
-55
-41
15
-7
28
21
63
58
37
41
48
18
50
22
-3
26
11
33
-13
27
9
62
81
86
53
21
66
49
35
20
74
-13
7
9
-41
-54
-57
-57
-84
-68
-43
21
15
-44
-40
-29
-105
-83
-65
-56
-66
-58
-58
-100
-117
-89
-122
-87
-67
-83
-75
-69
-45
-68
-62
-31
26
12
8
63
114
68
62
89
110
96
82
2
36
41
-4
31
15
7
6
61
59
67
54
96
51
15
69
41
8
0
7
33
13
9
-9
62
48
83
95
80
79
83
100
109
126
166
151
144
155
114
88
89
104
75
81
90
54
10
72
89
144
174
145
119
125
116
100
68
74
52
-13
25
27
-14
-16
-24
-62
-67
-33
-74
-68
-27
-13
2
-18
49
-10
-19
-2
-28
-27
-22
-31
-26
-27
-56
-25
-13
5
44
63
103
63
82
142
141
174
143
145
138
113
123
121
72
61
107
122
145
160
130
162
159
141
167
169
172
130
144
165
106
57
98
95
112
73
48
34
28
17
7
48
61
23
18
-14
-11
-25
-36
-41
-51
-37
-22
0
37
42
50
42
-7
-10
26
71
68
52
18
42
66
69
50
10
14
15
-38
-43
-30
-17
14
-1
1
-6
2
15
-46
-21
-38
-29
-40
-46
-19
-13
4
9
6
29
-2
1
-7
-24
1
14
52
63
25
55
45
56
97
72
119
142
136
145
137
134
145
169
161
147
156
139
128
113
92
90
89
76
98
59
68
26
56
46
4
17
1
-7
30
50
73
65
8
14
24
17
-38
-49
-56
-26
-37
-27
35
9
-13
-43
-48
-30
-15
15
-19
1
24
20
-8
-9
13
42
73
83
67
81
109
112
147
68
38
28
28
-20
-10
4
14
4
-30
-9
35
16
17
48
53
28
1
32
3
7
-50
-50
-52
-34
-32
-55
-59
-36
-1
26
56
58
20
19
16
38
58
50
64
33
5
-14
-8
-30
-20
34
1
-8
42
-14
8
37
28
14
43
36
-7
-14
-53
-68
-80
-116
-101
-75
-53
-59
-60
-52
-36
-31
-29
-7
30
-34
-12
-22
-52
-31
-58
-55
-78
-107
-87
-127
-121
-105
-140
-111
-100
-53
-87
-87
-64
-62
-33
-13
13
-36
-26
-21
-10
-11
-79
-85
-49
-102
-67
-47
-52
-32
-92
-61
-46
-23
-13
-22
16
10
15
-27
-86
-43
-79
-93
-75
-36
-49
-84
-60
-22
-45
-6
5
-22
32
24
-13
-18
-47
-52
-67
-63
-69
-84
-71
-61
-30
-49
-10
-1
-21
-1
-48
-77
-67
-129
-152
-150
-124
-129
-130
-141
-129
-155
-188
-139
-131
-92
-83
-123
-145
-113
-125
-117
-95
-129
-182
-176
-174
-218
-178
-129
-130
-155
-105
-86
-61
-68
-125
-91
-76
-97
-134
-140
-123
-114
-134
-154
-155
-143
-146
-156
-147
-158
-190
-185
-140
-174
-145
-165
-171
-195
-177
-184
-190
-162
-225
-206
-221
-223
-183
-218
-214
-215
-213
-179
-211
-219
-236
-187
-217
-222
-224
-226
-253
-267
-306
-270
-301
-305
-260
-296
-255
-265
-251
-259
-277
-238
-221
-195
-190
-190
-189
-205
-179
-139
-159
-140
-151
-151
-104
-145
-121
-161
-169
-198
-200
-120
-122
-130
-171
-133
-156
-163
-176
-217
-256
-307
-302
-340
-333
-298
-314
-322
-336
-296
-272
-271
-245
-234
-268
-248
-189
-183
-92
-114
-158
-109
-101
-86
-116
-73
-113
-152
-142
-150
-168
-126
-126
-96
-83
-117
-93
-126
-89
-136
-90
-102
-183
-114
-141
-138
-171
-182
-181
-212
-258
-292
-266
-284
-289
-301
-261
-248
-228
-231
-210
-214
-245
-252
-240
-207
-220
-232
-231
-205
-201
-222
-300
-259
-274
-312
-281
-254
-246
-225
-208
-222
-247
-274
-278
-270
-191
-172
-189
-159
-176
-164
-185
-181
-180
-183
-179
-207
-181
-213
-190
-160
-136
-160
-195
-176
-175
-175
-223
-270
-259
-317
-311
-303
-355
-375
-406
-367
-357
-357
-360
-352
-356
-362
-391
-337
-350
-364
-365
-323
-287
-312
-319
-340
-302
-261
-253
-250
-246
-217
-203
-206
-204
-160
-135
-118
-118
-170
-135
-131
-103
-153
-184
-134
-110
-120
-201
-203
-213
-211
-195
-194
-230
-265
-210
-227
-233
-186
-165
-191
-204
-175
-200
-212
-176
-156
-224
-187
-167
-147
-165
-159
-135
-110
-50
-67
-38
-23
-15
-8
-28
-16
-39
-35
-42
-71
-120
-165
-172
-173
-213
-231
-194
-191
-233
-226
-177
-192
-211
-188
-159
-165
-170
-188
-134
-124
-109
-131
-167
-137
-206
-165
-140
-122
-116
-158
-105
-60
-41
-36
-34
-39
-8
-16
6
16
-58
-6
-22
-48
-13
-35
-12
-29
-41
-17
-51
-85
-67
-106
-98
-46
-51
-18
-14
-41
-30
-51
-49
-71
-86
-57
-82
-87
-102
-105
-117
-92
-55
-88
-44
-23
-21
7
-18
-38
-44
11
37
27
51
4
-22
0
-19
-35
-49
-20
-82
-101
-72
-69
-66
-52
-31
-1
-39
-46
-28
-26
22
69
48
38
88
149
156
93
137
67
81
111
71
95
114
129
143
103
75
53
94
45
36
76
52
111
132
115
125
130
123
119
96
119
98
151
127
111
138
129
133
136
118
129
184
172
171
170
220
232
198
227
262
315
322
300
334
354
309
353
314
290
316
301
284
275
294
271
250
230
210
236
277
209
168
197
195
220
232
254
240
268
280
291
270
275
345
323
321
308
368
312
326
331
320
325
311
374
350
384
402
384
386
379
366
425
453
421
384
324
344
337
317
284
379
368
383
405
402
460
455
508
490
526
499
469
500
516
497
512
541
515
508
540
511
441
482
449
437
444
451
493
515
537
542
509
525
550
518
471
467
446
380
432
397
376
415
406
436
409
405
412
414
413
431
454
455
388
372
392
374
393
360
342
365
368
402
411
393
343
390
359
346
348
364
393
362
362
339
373
400
407
402
376
374
372
339
348
331
316
330
319
328
326
319
304
338
317
295
253
239
271
273
207
183
208
202
208
195
179
204
196
173
192
136
113
144
116
106
136
113
130
108
102
65
63
65
42
39
40
26
18
38
-11
-25
-42
-32
-11
-69
-84
-80
-124
-90
-73
-74
-123
-105
-60
-50
-55
-39
-42
-58
-8
-50
-58
-44
-65
-14
-49
-29
-40
-66
-45
-69
-49
-56
-49
-13
3
49
52
24
13
61
24
12
21
7
-21
-37
-16
-80
-108
-142
-52
-75
-43
-31
-20
-14
-63
-34
-107
-101
-51
-49
-86
-111
-117
-141
-99
-95
-94
-24
-37
-45
-65
-117
-105
-93
-78
-64
-21
-19
-38
-73
-91
-88
-104
-110
-104
-96
-50
-58
-74
-56
8
-6
-40
-13
4
38
28
23
37
24
-37
-40
3
-32
-69
-62
-68
-55
-57
-84
-67
-52
-93
-93
-91
-70
-53
-79
-141
-164
-125
-116
-140
-141
-145
-115
-79
-95
-84
-51
-58
-19
-15
12
-25
-35
-1
-14
-54
-105
-49
-23
-61
-21
-20
-8
-36
-97
-101
-101
-109
-110
-120
-79
-99
-94
1
-14
-19
-37
-79
-81
-46
-97
-105
-87
-124
-124
-128
-98
-82
-60
-115
-144
-160
-147
-97
-122
-130
-101
-174
-123
-95
-126
-124
-87
-23
-51
-40
-69
-44
-60
-88
-74
-34
-71
-50
-72
-106
-74
-144
-153
-115
-90
-116
-88
-109
-90
-172
-158
-149
-211
-200
-251
-252
-240
-238
-227
-227
-212
-173
-181
-175
-149
-108
-150
-90
-115
-112
-155
-139
-108
-111
-124
-173
-142
-165
-139
-134
-116
-104
-153
-159
-198
-158
-196
-171
-131
-151
-108
-127
-107
-108
-119
-136
-102
-108
-135
-124
-169
-229
-228
-163
-124
-140
-126
-137
-98
-118
-168
-133
-147
-155
-170
-162
-129
-136
-120
-88
-78
-40
-18
-55
-51
-35
-47
-61
-63
-71
-122
-91
-101
-74
-112
-173
-150
-108
-138
-118
-125
-133
-46
-89
-94
-178
-129
-96
-125
-122
-108
-88
-124
-132
-107
-26
-92
-124
-96
-130
-154
-167
-120
-131
-183
-161
-158
-163
-164
-158
-143
-105
-72
-56
-55
-60
-8
1
-66
-28
-42
-42
14
-3
27
13
15
32
44
67
38
-4
-11
-23
-17
-20
-42
-36
-19
-52
-38
-32
-73
-65
-104
-88
-92
-105
-57
-52
-27
-16
59
64
86
77
52
-12
-6
-2
-7
39
30
36
-34
-57
-51
-45
-67
-56
-32
-17
33
61
36
54
64
46
66
29
18
17
-12
10
-26
33
11
17
47
121
155
143
166
122
169
212
168
183
194
188
175
138
158
140
168
125
129
115
146
181
197
220
173
166
158
168
199
214
175
221
212
175
223
263
248
264
249
197
237
219
219
187
174
182
214
186
151
147
133
126
124
145
143
154
143
145
127
143
138
190
209
187
172
162
123
151
162
158
127
150
177
151
179
152
177
202
200
230
249
188
185
230
245
237
252
209
167
155
157
168
124
87
70
87
70
90
126
145
124
105
181
167
217
220
199
212
165
183
138
163
185
151
207
222
198
231
262
273
271
273
306
305
272
263
256
208
194
113
77
24
-22
13
-14
4
10
32
26
18
22
3
4
-15
-10
-20
5
19
1
15
-4
17
35
23
59
72
48
54
85
64
83
99
127
138
164
137
95
91
104
124
53
32
44
-4
3
-2
-7
23
7
-27
-36
17
-12
-53
-25
-35
-31
-28
-59
-88
-85
-83
-112
-127
-111
-86
-85
-65
-55
-63
-40
-19
-20
-35
-57
-76
-39
-71
-103
-102
-66
-100
-118
-114
-144
-160
-198
-190
-220
-241
-236
-255
-201
-194
-174
-164
-188
-171
-214
-187
-201
-206
-250
-269
-270
-272
-218
-206
-207
-189
-143
-123
-130
-165
-182
-185
-205
-186
-207
-256
-237
-278
-275
-256
-301
-302
-329
-346
-337
-322
-302
-259
-270
-274
-268
-292
-316
-299
-321
-368
-348
-360
-365
-374
-341
-358
-373
-370
-424
-417
-391
-353
-357
-327
-307
-296
-278
-318
-325
-355
-410
-411
-443
-476
-449
-425
-478
-453
-478
-479
-416
-483
-443
-467
-436
-440
-433
-442
-470
-434
-466
-486
-538
-531
-529
-538
-510
-505
-467
-455
-453
-414
-343
-389
-404
-401
-431
-365
-392
-388
-383
-437
-400
-397
-415
-376
-407
-367
-397
-414
-384
-411
-371
-370
-354
-375
-436
-397
-404
-427
-429
-462
-421
-438
-457
-507
-516
-478
-439
-431
-388
-356
-318
-292
-336
-288
-335
-353
-392
-421
-404
-439
-456
-422
-448
-424
-402
-420
-362
-302
-339
-315
-273
-326
-349
-288
-274
-261
-232
-262
-273
-243
-277
-304
-301
-246
-205
-216
-200
-229
-234
-258
-260
-255
-281
-234
-216
-241
-234
-223
-234
-195
-195
-208
-163
-167
-145
-128
-116
-87
-84
-75
-52
-80
-143
-91
-94
-141
-121
-168
-113
-76
-69
-19
-8
2
18
3
20
50
40
59
97
90
64
78
45
94
82
87
57
62
101
62
79
63
116
130
112
118
136
149
165
145
164
148
202
190
147
189
179
186
174
157
123
136
132
159
194
159
173
142
98
140
127
119
122
119
127
158
146
194
185
165
179
170
179
197
188
168
207
170
164
178
229
250
272
237
237
199
161
161
144
166
183
163
122
143
130
88
106
94
77
4
-48
-11
23
-3
-1
-6
-35
-39
-90
-96
-82
-96
-171
-164
-121
-126
-112
-130
-141
-160
-131
-146
-149
-153
-170
-200
-183
-203
-177
-166
-191
-160
-222
-187
-158
-177
-186
-172
-142
-112
-126
-201
-169
-136
-171
-177
-247
-288
-237
-286
-260
-284
-316
-305
-312
-317
-328
-291
-308
-299
-303
-249
-252
-247
-258
-249
-195
-174
-123
-140
-168
-137
-164
-183
-184
-210
-201
-221
-198
-215
-195
-181
-208
-147
-88
-93
-94
-113
-105
-101
-98
-88
-109
-72
-91
-116
-122
-152
-158
-123
-144
-112
-123
-129
-114
-110
-114
-124
-97
-99
-115
-128
-143
-169
-180
-198
-165
-159
-161
-137
-115
-90
-117
-123
-125
-105
-29
-5
2
13
11
-10
28
35
38
32
-7
11
21
57
83
113
127
103
99
102
93
133
135
138
165
216
226
217
206
165
149
133
94
104
95
103
107
107
144
188
187
185
168
144
154
148
131
176
182
211
197
187
181
157
177
179
190
188
243
261
254
265
313
272
278
277
227
230
211
270
212
226
266
213
300
294
307
301
342
385
389
364
349
351
357
402
401
442
467
454
488
524
467
464
453
444
477
437
468
518
487
524
475
471
436
446
455
374
349
355
309
300
332
277
354
408
384
419
404
369
369
332
337
334
369
343
286
278
282
271
250
264
255
297
297
309
300
325
354
306
309
267
267
233
194
228
190
129
118
114
104
88
77
65
67
65
128
133
93
119
116
98
103
98
34
46
48
-4
-33
-1
31
41
76
55
99
95
86
132
114
116
194
177
158
159
167
172
128
80
136
107
60
78
87
136
135
167
134
180
180
223
203
175
180
118
128
100
68
43
43
61
19
102
78
99
98
101
129
124
115
109
135
151
202
147
162
156
165
187
196
183
192
187
196
230
227
249
252
257
263
280
226
255
262
250
263
206
254
296
320
326
382
398
413
435
405
477
438
369
385
396
437
403
353
361
400
378
440
465
440
458
460
463
459
474
484
474
464
512
530
566
517
545
530
494
533
534
540
564
573
574
591
644
630
658
691
663
676
649
655
643
646
655
642
616
562
518
559
557
525
538
564
562
513
523
496
488
472
470
513
458
485
461
439
471
433
400
406
401
449
464
472
468
434
454
445
478
447
432
431
350
362
387
382
419
359
327
338
347
327
320
376
303
355
322
359
325
272
285
293
288
282
302
215
260
246
217
207
202
178
185
214
167
120
156
167
141
160
132
72
84
67
73
42
8
34
42
14
14
-14
21
41
-10
-14
-40
-35
-97
-89
-116
-102
-100
-137
-142
-146
-146
-163
-194
-171
-192
-205
-160
-205
-203
-264
-256
-270
-279
-309
-311
-300
-291
-236
-242
-201
-164
-172
-182
-166
-184
-230
-222
-241
-280
-294
-259
-284
-255
-278
-299
-338
-382
-449
-415
-362
-402
-418
-438
-404
-368
-338
-404
-392
-391
-422
-420
-399
-427
-455
-431
-408
-379
-385
-362
-333
-306
-327
-292
-282
-291
-279
-326
-353
-380
-348
-371
-391
-337
-314
-342
-375
-410
-440
-441
-455
-473
-488
-515
-470
-448
-450
-429
-447
-436
-448
-446
-476
-458
-446
-463
-458
-437
-428
-430
-422
-402
-449
-428
-417
-377
-321
-305
-281
-288
-288
-300
-291
-249
-236
-250
-257
-243
-246
-271
-258
-235
-210
-238
-210
-195
-171
-173
-156
-136
-170
-174
-161
-153
-166
-147
-94
-128
-173
-187
-178
-176
-114
-82
-97
-48
-14
-1
11
12
32
48
28
14
25
35
12
78
113
111
105
116
134
132
123
101
153
204
175
192
223
227
235
195
256
265
234
286
308
308
309
289
289
321
388
381
431
439
411
431
428
399
352
333
315
359
301
342
407
415
459
466
508
506
522
535
538
536
565
587
586
605
649
637
624
668
652
682
695
696
693
695
700
739
744
731
717
741
754
721
699
709
667
682
685
678
707
659
699
738
735
734
760
773
809
845
860
864
880
884
876
911
835
830
830
765
794
764
789
759
761
765
777
782
752
773
709
707
722
682
673
676
670
647
663
631
641
658
644
613
617
587
567
546
492
475
506
533
458
489
473
451
393
414
363
308
337
328
323
271
315
272
288
251
219
202
158
156
137
176
122
148
128
119
84
52
71
20
26
39
-43
-54
-77
-103
-118
-123
-99
-145
-136
-201
-244
-235
-284
-280
-293
-327
-327
-380
-389
-401
-424
-461
-448
-460
-490
-472
-525
-550
-542
-551
-557
-580
-642
-667
-668
-668
-688
-733
-743
-802
-817
-830
-848
-837
-916
-968
-990
-1013
-974
-999
-1040
-1018
-1004
-1010
-1001
-999
-966
-949
-959
-996
-1010
-1038
-1036
-1062
-1071
-1077
-1072
-1038
-1063
-1069
-1063
-1092
-1079
-1050
-1058
-1055
-1046
-1014
-1041
-1063
-1047
-1034
-1082
-1112
-1151
-1202
-1218
-1229
-1247
-1278
-1317
-1310
-1356
-1354
-1345
-1367
-1293
-1296
-1271
-1278
-1272
-1286
-1311
-1340
-1348
-1371
-1383
-1381
-1373
-1337
-1324
-1292
-1271
-1249
-1218
-1213
-1247
-1205
-1225
-1230
-1207
-1211
-1170
-1159
-1143
-1171
-1137
-1125
-1175
-1158
-1155
-1134
-1165
-1165
-1151
-1100
-1126
-1122
-1101
-1059
-1039
-1053
-1023
-1008
-983
-961
-1003
-974
-958
-940
-942
-928
-906
-928
-904
-882
-872
-878
-829
-829
-805
-761
-706
-690
-660
-569
-604
-552
-525
-534
-575
-543
-515
-550
-481
-476
-460
-427
-386
-312
-243
-258
-232
-237
-253
-206
-219
-185
-156
-194
-202
-194
-193
-157
-182
-172
-145
-166
-148
-149
-71
-48
-18
8
28
59
45
69
69
52
69
102
123
134
188
247
307
286
302
352
378
381
394
428
449
479
449
465
496
502
467
468
447
445
481
505
481
483
513
515
541
555
609
610
634
686
693
682
706
811
779
756
751
732
784
797
841
855
817
786
795
794
817
863
879
891
857
807
794
769
754
783
790
735
754
730
734
757
742
694
706
665
626
609
598
591
508
502
480
476
476
480
437
352
352
311
322
306
303
308
294
268
229
238
153
151
68
13
-31
-31
-54
-103
-96
-104
-131
-160
-73
-121
-138
-155
-154
-136
-143
-163
-157
-170
-226
-285
-278
-343
-361
-340
-371
-373
-377
-433
-460
-453
-466
-505
-528
-525
-552
-574
-610
-615
-619
-658
-666
-691
-691
-704
-661
-683
-672
-651
-682
-665
-618
-644
-644
-570
-592
-587
-598
-597
-599
-581
-582
-579
-579
-621
-659
-659
-654
-634
-635
-582
-536
-547
-519
-536
-478
-422
-418
-395
-365
-317
-314
-332
-293
-280
-278
-260
-229
-208
-141
-79
-30
14
55
134
183
203
228
270
322
364
344
376
430
470
523
572
594
657
680
716
780
819
863
903
875
891
982
983
1005
1049
1063
1060
1080
1073
1150
1157
1236
1284
1265
1330
1356
1391
1401
1408
1472
1486
1459
1513
1497
1521
1518
1507
1551
1545
1547
1526
1515
1516
1558
1520
1501
1498
1473
1500
1444
1479
1448
1446
1420
1395
1362
1360
1378
1327
1324
1287
1268
1247
1298
1291
1287
1298
1274
1232
1183
1213
1221
1189
1166
1166
1189
1194
1196
1139
1129
1142
1068
1039
1054
976
961
970
895
870
871
868
828
827
830
833
808
785
767
762
743
766
754
725
752
717
700
695
694
616
549
533
521
499
479
424
389
343
334
344
336
294
310
309
256
276
227
190
152
98
100
83
56
18
13
13
-11
-42
-37
-70
-113
-96
-128
-101
-95
-135
-149
-215
-227
-208
-253
-273
-244
-248
-293
-345
-383
-366
-387
-426
-419
-433
-389
-408
-400
-464
-435
-416
-428
-457
-492
-513
-513
-533
-551
-586
-608
-602
-590
-581
-611
-626
-624
-612
-652
-586
-585
-590
-594
-595
-615
-680
-649
-668
-733
-761
-751
-745
-764
-764
-734
-770
-724
-706
-694
-658
-663
-633
-673
-666
-683
-690
-751
-782
-799
-820
-808
-820
-790
-804
-756
-712
-697
-669
-680
-718
-693
-698
-690
-673
-673
-656
-655
-676
-690
-627
-621
-587
-596
-547
-486
-482
-454
-407
-434
-409
-380
-380
-370
-345
-320
-306
-317
-324
-283
-314
-248
-228
-166
-107
-84
-107
-112
-105
-49
-30
-32
-6
7
63
68
113
99
124
146
140
90
141
184
199
222
255
278
253
322
336
370
337
338
393
353
365
417
417
427
481
493
487
446
471
447
504
526
510
568
586
615
607
671
679
698
648
681
680
720
745
714
672
635
684
654
663
652
657
658
671
701
669
638
620
598
578
555
557
548
583
588
593
602
580
608
563
565
581
572
530
503
465
459
456
455
471
423
441
402
393
324
298
302
293
295
350
363
346
328
307
338
288
340
309
276
292
207
183
146
106
127
86
73
76
101
107
83
5
-10
-29
-16
-12
-52
-78
-99
-113
-145
-157
-167
-205
-231
-205
-243
-263
-283
-295
-351
-355
-378
-377
-358
-378
-406
-414
-406
-503
-509
-531
-528
-521
-518
-572
-591
-583
-588
-597
-589
-621
-638
-656
-633
-653
-660
-668
-690
-740
-757
-740
-736
-718
-794
-787
-775
-820
-847
-785
-788
-849
-840
-843
-837
-839
-850
-808
-853
-827
-808
-871
-858
-855
-918
-889
-906
-887
-858
-846
-818
-847
-793
-821
-822
-804
-880
-903
-894
-893
-890
-913
-903
-877
-882
-942
-933
-935
-941
-957
-958
-938
-986
-964
-973
-993
-961
-937
-937
-968
-970
-978
-990
-955
-957
-983
-959
-966
-932
-934
-935
-907
-903
-856
-854
-865
-903
-900
-914
-904
-899
-890
-833
-836
-829
-800
-767
-783
-795
-770
-780
-764
-696
-684
-665
-668
-658
-666
-723
-686
-668
-685
-650
-687
-647
-606
-624
-590
-592
-596
-617
-581
-595
-526
-565
-557
-564
-549
-493
-465
-426
-427
-444
-478
-435
-407
-382
-357
-335
-382
-363
-382
-362
-347
-376
-364
-346
-358
-330
-292
-280
-241
-240
-250
-254
-240
-227
-211
-206
-208
-201
-178
-146
-98
-81
-75
-34
-24
-75
-51
12
-42
39
25
31
85
87
114
127
139
133
156
164
159
145
176
195
255
268
281
260
289
326
263
306
265
291
285
292
306
251
299
313
323
327
343
359
335
348
364
424
447
424
454
439
473
493
437
378
438
420
393
396
412
471
453
461
451
454
482
476
467
468
415
404
411
427
396
384
378
357
287
276
279
262
223
213
188
151
185
170
202
130
102
81
79
70
45
26
18
40
-9
-4
31
30
19
11
-9
2
8
-30
-21
-39
2
-20
-27
-34
-41
1
-30
-11
-8
-20
-35
-102
-77
-96
-115
-83
-115
-158
-144
-133
-175
-177
-193
-215
-220
-232
-248
-277
-277
-242
-245
-234
-216
-200
-200
-226
-230
-263
-302
-318
-357
-330
-297
-365
-334
-294
-292
-258
-278
-256
-231
-270
-199
-211
-169
-180
-180
-168
-157
-150
-221
-185
-211
-226
-211
-177
-231
-189
-219
-224
-199
-240
-251
-285
-270
-289
-312
-284
-276
-274
-268
-254
-225
-256
-213
-263
-242
-149
-179
-195
-224
-232
-230
-206
-209
-209
-198
-175
-127
-144
-157
-179
-177
-176
-183
-172
-66
-55
-40
-57
-62
-55
-29
5
-38
-84
-71
-91
-119
-130
-140
-150
-143
-127
-109
-108
-99
-56
-77
-67
-80
-108
-129
-117
-101
-119
-124
-81
-152
-139
-132
-117
-94
-111
-50
-30
-22
-44
31
67
48
73
101
102
55
72
144
120
137
166
128
117
115
122
145
116
131
129
140
197
224
206
239
243
231
220
245
225
214
220
203
209
239
248
233
270
279
276
241
281
261
250
250
298
325
290
262
267
277
257
226
247
254
229
254
294
276
310
270
232
242
222
183
183
187
165
230
212
168
150
154
144
135
111
114
88
54
86
113
84
24
2
-15
-31
-65
-79
-111
-173
-167
-202
-179
-198
-222
-171
-212
-217
-202
-193
-229
-235
-189
-228
-261
-266
-260
-245
-237
-250
-243
-248
-299
-358
-391
-379
-471
-465
-451
-439
-418
-440
-439
-453
-441
-494
-495
-525
-574
-561
-581
-586
-558
-565
-589
-583
-583
-600
-594
-610
-614
-637
-664
-691
-709
-639
-724
-736
-730
-733
-743
-734
-760
-766
-772
-810
-848
-882
-882
-913
-872
-880
-888
-867
-914
-925
-940
-967
-972
-967
-965
-991
-1014
-1056
-1018
-1034
-1034
-1027
-1055
-1019
-971
-1035
-1090
-1058
-1096
-1071
-1119
-1110
-1099
-1124
-1071
-1052
-1051
-1056
-1123
-1128
-1120
-1146
-1105
-1101
-1107
-1077
-1098
-1094
-1091
-1093
-1103
-1101
-1070
-1134
-1101
-1134
-1136
-1070
-1067
-1078
-1084
-1091
-1116
-1152
-1121
-1111
-1102
-1105
-1098
-1080
-1119
-1044
-1014
-992
-1020
-1030
-964
-982
-972
-955
-941
-901
-908
-875
-871
-897
-871
-870
-881
-891
-935
-905
-905
-886
-885
-859
-825
-818
-766
-715
-687
-750
-781
-805
-774
-787
-782
-772
-746
-728
-711
-695
-697
-674
-622
-599
-590
-548
-536
-493
-482
-477
-465
-485
-460
-404
-411
-395
-324
-322
-317
-276
-242
-194
-168
-78
-81
-39
29
18
67
43
0
26
40
51
40
103
184
131
159
191
166
219
205
227
225
238
294
331
366
412
422
438
440
455
475
450
482
536
529
538
546
531
544
562
598
566
522
614
646
640
680
682
688
715
733
753
715
711
716
702
734
707
713
703
710
703
692
691
646
617
594
567
559
569
576
545
537
540
512
493
465
486
474
445
382
425
414
382
354
320
362
305
224
221
212
182
162
184
191
192
157
117
81
52
45
47
2
-3
-4
-51
-15
-7
-33
-76
-58
-106
-102
-120
-157
-153
-166
-165
-170
-141
-203
-250
-267
-295
-329
-339
-349
-376
-350
-377
-366
-360
-352
-330
-366
-402
-427
-421
-433
-413
-422
-381
-400
-447
-397
-349
-372
-394
-365
-396
-374
-411
-407
-390
-423
-388
-379
-420
-374
-430
-451
-438
-448
-436
-423
-387
-384
-359
-343
-345
-380
-369
-327
-264
-262
-233
-236
-215
-182
-204
-238
-224
-184
-210
-227
-191
-200
-258
-204
-194
-211
-176
-197
-141
-111
-134
-91
-103
-108
-62
-34
-60
-53
-42
-55
-10
0
4
-16
43
55
34
49
78
64
62
143
169
189
239
255
298
287
266
327
383
410
377
350
351
404
451
438
471
495
506
527
533
542
551
620
674
677
732
735
745
788
771
742
715
709
747
756
722
713
742
758
741
719
705
709
704
745
743
743
764
816
772
741
777
813
785
722
698
741
676
654
703
660
647
674
688
688
742
731
759
740
709
736
685
693
685
710
661
688
661
614
625
624
596
603
626
605
580
548
554
560
548
556
529
488
480
443
459
437
388
358
372
449
416
387
394
389
415
445
428
433
459
480
533
460
420
428
394
389
350
328
345
315
320
311
303
326
303
321
316
291
262
222
237
216
251
210
171
164
162
182
204
147
85
89
73
84
65
73
52
25
18
3
30
32
-11
-1
-19
4
1
-27
-6
-43
-72
-45
-24
-43
-54
-41
-42
-1
-34
-88
-24
-22
-23
-67
-71
-108
-140
-158
-191
-165
-186
-208
-221
-200
-250
-269
-242
-262
-246
-241
-251
-270
-278
-304
-304
-271
-257
-283
-289
-264
-294
-348
-416
-432
-443
-454
-469
-411
-416
-416
-366
-409
-403
-390
-415
-372
-373
-417
-412
-414
-429
-410
-463
-449
-452
-472
-483
-500
-466
-486
-467
-401
-430
-433
-418
-430
-385
-398
-417
-389
-373
-419
-378
-400
-418
-401
-393
-353
-349
-326
-307
-343
-309
-293
-315
-316
-305
-288
-276
-277
-283
-198
-211
-217
-234
-228
-214
-231
-206
-216
-236
-148
-97
-58
-73
-116
-85
-12
17
37
80
81
108
99
167
230
260
324
352
322
346
357
442
460
484
482
488
509
483
457
469
525
465
452
524
487
549
568
573
623
616
644
661
678
673
717
771
803
833
834
819
881
911
918
933
978
1048
1059
1101
1069
1158
1146
1140
1242
1219
1223
1229
1235
1255
1228
1197
1212
1217
1230
1217
1194
1192
1199
1181
1185
1232
1262
1259
1275
1310
1262
1260
1261
1236
1269
1228
1204
1215
1237
1213
1260
1276
1268
1270
1234
1295
1227
1204
1211
1219
1222
1175
1118
1156
1173
1073
1056
1016
998
991
909
928
929
927
904
927
939
887
830
805
774
766
736
721
735
673
695
655
632
644
671
628
587
599
598
534
509
512
504
473
460
481
430
406
361
323
341
296
291
284
256
211
184
222
192
174
102
100
78
48
32
22
2
-65
-75
-87
-97
-130
-145
-144
-124
-145
-185
-215
-187
-199
-196
-254
-233
-238
-275
-298
-350
-319
-359
-426
-413
-509
-535
-530
-532
-528
-497
-467
-522
-466
-487
-487
-533
-470
-536
-585
-556
-525
-525
-548
-532
-539
-554
-591
-562
-581
-560
-568
-601
-584
-570
-525
-522
-543
-511
-513
-544
-570
-589
-557
-608
-651
-666
-705
-719
-688
-694
-636
-600
-614
-618
-587
-632
-666
-638
-588
-591
-614
-575
-618
-579
-623
-655
-606
-603
-608
-618
-579
-543
-587
-633
-541
-536
-555
-577
-601
-553
-581
-576
-566
-606
-581
-610
-567
-554
-567
-594
-588
-513
-534
-494
-513
-460
-391
-452
-442
-414
-418
-417
-439
-444
-412
-391
-389
-401
-372
-379
-412
-447
-397
-365
-316
-358
-352
-313
-287
-316
-330
-274
-333
-386
-387
-372
-411
-430
-460
-493
-486
-457
-444
-463
-425
-416
-374
-361
-370
-316
-332
-395
-390
-406
-426
-485
-521
-487
-511
-516
-487
-471
-461
-400
-415
-393
-397
-355
-381
-421
-444
-416
-410
-464
-428
-430
-396
-454
-481
-487
-493
-500
-542
-544
-530
-509
-475
-454
-421
-402
-438
-451
-497
-553
-532
-547
-564
-544
-551
-490
-520
-550
-489
-493
-476
-531
-535
-500
-478
-478
-474
-428
-449
-444
-442
-447
-465
-489
-499
-460
-456
-469
-444
-421
-408
-436
-451
-392
-405
-407
-427
-416
-364
-400
-410
-415
-340
-335
-356
-372
-350
-324
-305
-271
-271
-251
-281
-257
-259
-239
-228
-241
-268
-235
-188
-168
-104
-71
-61
-27
-24
-11
12
49
151
134
151
164
186
225
238
303
299
311
352
348
424
443
485
539
606
613
633
702
726
778
842
867
927
1013
1035
1046
1063
1098
1139
1158
1129
1166
1225
1237
1226
1226
1220
1285
1282
1299
1308
1305
1303
1265
1269
1279
1263
1253
1243
1278
1271
1274
1301
1249
1221
1222
1207
1193
1140
1123
1129
1072
1069
1060
1038
995
923
948
936
897
927
946
918
900
916
919
914
903
861
847
817
738
734
716
657
696
652
629
603
593
658
611
584
536
515
510
511
498
480
446
396
408
368
378
314
301
316
225
257
262
257
183
168
189
189
144
71
98
72
34
-8
-32
-68
-50
-104
-134
-192
-197
-230
-231
-274
-346
-350
-405
-380
-425
-406
-384
-416
-451
-454
-443
-474
-539
-554
-564
-578
-552
-627
-664
-681
-703
-693
-676
-740
-765
-795
-743
-734
-775
-777
-811
-770
-793
-787
-830
-825
-853
-811
-830
-829
-831
-794
-765
-833
-813
-798
-787
-850
-803
-744
-789
-750
-747
-722
-711
-744
-757
-766
-729
-780
-796
-800
-824
-804
-753
-758
-753
-750
-739
-696
-685
-717
-740
-677
-667
-687
-712
-662
-675
-660
-662
-693
-626
-630
-589
-606
-613
-623
-621
-589
-573
-594
-570
-559
-542
-521
-482
-495
-528
-489
-514
-524
-568
-492
-495
-515
-489
-501
-458
-451
-428
-452
-478
-531
-527
-554
-551
-482
-441
-422
-415
-420
-381
-409
-415
-374
-423
-388
-384
-367
-338
-312
-324
-340
-321
-365
-359
-324
-337
-324
-276
-239
-234
-210
-210
-202
-237
-267
-274
-266
-244
-271
-322
-258
-265
-237
-191
-199
-156
-159
-140
-105
-64
-136
-191
-169
-148
-190
-204
-185
-191
-232
-245
-202
-195
-178
-173
-107
-110
-63
-41
-62
-35
-47
-15
-51
-68
-72
-53
-43
-105
-122
-114
-131
-120
-111
-133
-60
-68
-74
-57
-105
-86
-114
-136
-170
-180
-237
-279
-288
-319
-313
-332
-297
-303
-290
-322
-317
-351
-320
-317
-359
-333
-376
-327
-330
-328
-327
-318
-275
-307
-413
-438
-447
-482
-504
-537
-517
-507
-515
-572
-554
-572
-578
-557
-520
-532
-540
-531
-607
-614
-623
-601
-637
-677
-688
-672
-672
-649
-681
-703
-697
-696
-715
-667
-635
-665
-637
-654
-604
-638
-627
-587
-583
-595
-575
-578
-619
-570
-587
-584
-609
-608
-602
-599
-547
-538
-533
-495
-505
-488
-455
-449
-445
-422
-400
-412
-350
-379
-427
-358
-358
-369
-374
-436
-432
-429
-409
-392
-404
-381
-385
-361
-368
-364
-364
-326
-274
-264
-276
-289
-275
-243
-240
-234
-250
-218
-170
-238
-237
-239
-223
-237
-279
-244
-236
-250
-265
-274
-285
-216
-233
-251
-241
-260
-272
-257
-257
-319
-293
-323
-361
-417
-408
-379
-397
-416
-390
-394
-385
-347
-357
-338
-356
-377
-348
-354
-369
-316
-334
-340
-349
-348
-319
-298
-289
-308
-290
-267
-309
-298
-291
-279
-253
-288
-252
-288
-256
-254
-256
-252
-279
-270
-321
-312
-347
-366
-335
-309
-245
-213
-210
-199
-179
-214
-218
-202
-197
-183
-198
-191
-179
-137
-57
-83
-98
-66
-47
-52
4
-18
-33
32
45
6
-9
25
47
16
32
62
45
65
54
39
112
127
143
216
241
261
320
288
282
301
330
387
385
391
438
459
484
444
427
490
496
515
481
485
530
539
553
538
571
546
502
513
501
457
460
461
489
482
511
530
556
522
456
519
529
513
505
533
538
589
545
548
544
534
594
554
574
607
583
621
614
621
604
638
645
635
671
671
682
667
677
665
675
650
625
661
663
665
704
739
776
789
790
830
836
796
808
804
810
786
793
795
836
878
845
842
877
916
865
875
940
998
962
986
1001
998
1009
1003
965
938
942
913
888
916
916
904
959
984
1002
1007
1035
1073
1033
993
1039
1031
1056
1056
1013
1037
1029
966
960
958
923
890
856
873
829
851
852
825
793
778
704
674
644
604
587
561
534
466
496
449
444
406
396
393
411
423
408
385
353
415
412
404
375
367
315
292
308
278
277
272
250
229
244
212
209
196
179
167
165
141
115
80
8
-13
-17
-46
16
-12
-73
-141
-139
-143
-148
-97
-74
-48
-47
-23
-63
-40
-24
8
-90
-168
-133
-131
-165
-231
-255
-205
-248
-265
-222
-267
-273
-243
-321
-301
-280
-315
-307
-371
-324
-335
-336
-328
-360
-402
-360
-431
-450
-382
-424
-425
-427
-433
-434
-429
-396
-362
-379
-358
-357
-355
-358
-352
-372
-377
-398
-364
-386
-416
-439
-430
-331
-372
-343
-298
-293
-303
-248
-263
-228
-195
-221
-176
-163
-208
-158
-183
-203
-217
-249
-218
-199
-168
-110
-87
-48
11
-13
13
36
46
71
65
98
139
111
128
112
113
132
104
127
178
181
233
262
285
380
386
403
450
456
470
406
455
446
417
465
446
453
488
476
501
505
489
545
546
541
577
589
527
581
597
592
592
574
579
604
568
548
565
600
596
626
661
649
688
693
700
714
768
777
737
732
719
691
708
719
719
757
745
739
724
762
795
710
777
801
803
835
773
780
744
750
733
673
724
747
723
672
636
688
674
700
689
688
747
739
740
743
743
750
757
754
751
760
769
806
845
876
887
893
899
945
949
941
986
990
939
952
1017
964
969
999
1034
1046
1053
1073
1047
1055
1046
1002
993
989
945
956
960
930
864
876
893
852
874
849
859
825
856
886
870
828
790
818
807
823
756
782
772
767
776
785
823
822
795
829
850
814
802
827
876
906
961
955
927
919
920
915
885
891
898
886
907
936
953
968
978
951
945
905
908
961
907
880
884
869
860
810
824
896
804
847
834
784
796
801
849
798
799
814
775
722
722
722
698
650
638
681
657
618
639
642
608
558
565
554
554
544
526
543
549
537
506
453
422
421
431
413
409
404
349
390
343
391
440
439
474
455
411
358
318
315
300
266
234
263
243
232
224
193
213
144
162
168
161
165
118
74
76
67
48
-4
-38
-79
-117
-83
-115
-132
-143
-113
-105
-93
-84
-48
-53
-72
-81
-106
-120
-138
-106
-142
-161
-157
-142
-99
-91
-102
-108
-131
-177
-166
-196
-251
-255
-280
-342
-312
-340
-349
-358
-403
-426
-458
-468
-528
-556
-581
-597
-554
-580
-583
-579
-559
-485
-525
-531
-536
-512
-497
-555
-515
-530
-579
-550
-576
-550
-573
-556
-505
-547
-525
-549
-539
-559
-559
-538
-595
-549
-586
-585
-564
-575
-560
-579
-537
-523
-557
-559
-551
-566
-584
-545
-529
-557
-533
-542
-502
-505
-540
-504
-526
-549
-519
-536
-542
-551
-480
-466
-481
-482
-486
-498
-508
-520
-546
-528
-515
-511
-485
-516
-497
-485
-459
-509
-506
-526
-537
-508
-469
-488
-485
-475
-498
-443
-473
-507
-483
-446
-457
-394
-384
-392
-400
-400
-398
-429
-391
-364
-359
-345
-331
-343
-325
-310
-317
-319
-335
-324
-349
-326
-319
-324
-319
-311
-275
-293
-266
-248
-249
-231
-282
-266
-268
-246
-220
-238
-250
-240
-253
-256
-225
-182
-179
-147
-119
-77
-46
-54
-28
-31
2
36
6
49
65
100
113
78
109
88
86
50
46
72
58
86
137
146
173
152
188
168
120
142
139
165
66
48
74
59
49
43
73
32
25
0
53
79
56
77
111
118
83
83
101
94
93
117
167
221
255
240
216
231
224
224
174
185
171
144
135
134
117
118
126
137
152
125
163
139
110
119
69
37
30
12
42
39
-3
11
14
65
74
61
41
79
94
59
65
77
58
31
29
-11
4
-37
-14
-5
-91
-110
-98
-76
-106
-100
-114
-147
-141
-158
-143
-121
-141
-215
-227
-218
-260
-252
-275
-269
-270
-289
-299
-302
-278
-348
-315
-311
-329
-339
-365
-420
-436
-446
-455
-467
-484
-468
-508
-493
-523
-578
-610
-613
-621
-668
-711
-691
-670
-672
-670
-697
-743
-710
-717
-766
-749
-717
-646
-653
-638
-653
-643
-621
-658
-648
-662
-697
-665
-665
-664
-698
-762
-720
-769
-787
-777
-748
-700
-713
-722
-752
-723
-772
-781
-786
-820
-882
-870
-871
-854
-840
-893
-898
-889
-938
-959
-931
-923
-899
-891
-858
-842
-859
-861
-840
-840
-834
-812
-740
-754
-747
-784
-781
-719
-730
-718
-714
-691
-683
-698
-699
-680
-684
-690
-758
-708
-684
-709
-745
-691
-659
-693
-764
-796
-770
-744
-722
-751
-724
-726
-754
-723
-693
-727
-707
-747
-712
-681
-660
-641
-604
-600
-610
-590
-574
-558
-587
-636
-629
-605
-641
-556
-527
-534
-511
-453
-452
-494
-485
-479
-494
-500
-452
-474
-483
-440
-493
-477
-466
-459
-461
-484
-441
-413
-361
-370
-347
-368
-319
-340
-381
-350
-351
-301
-313
-281
-288
-326
-299
-288
-289
-289
-287
-272
-274
-251
-232
-217
-233
-209
-161
-192
-195
-163
-176
-195
-139
-125
-97
-94
-121
-86
-35
-57
-50
-57
-17
36
33
57
18
-5
8
38
64
84
85
118
115
108
111
138
139
107
120
136
146
126
110
76
76
78
86
60
89
110
77
97
73
79
105
92
78
85
100
111
118
151
93
69
91
89
113
127
143
174
165
172
121
148
175
167
152
153
159
85
134
85
71
94
74
68
71
130
156
181
188
167
179
196
130
178
157
164
164
101
82
101
74
23
14
22
37
-3
24
35
26
-9
21
-6
6
45
15
17
-21
-60
-73
-89
-112
-106
-137
-64
-67
-55
-61
-53
-50
-68
-98
-84
-70
-100
-107
-103
-106
-155
-152
-169
-149
-195
-182
-141
-162
-181
-194
-196
-178
-216
-251
-255
-283
-279
-320
-316
-292
-268
-284
-297
-294
-306
-297
-267
-289
-265
-305
-324
-305
-325
-285
-300
-286
-245
-232
-182
-177
-174
-116
-98
-133
-127
-122
-118
-75
-119
-73
-59
-122
-145
-196
-158
-148
-199
-168
-159
-170
-182
-178
-192
-194
-232
-246
-163
-207
-218
-246
-263
-239
-271
-241
-273
-290
-337
-336
-308
-274
-288
-279
-272
-274
-278
-310
-272
-270
-271
-261
-219
-215
-257
-244
-206
-165
-167
-106
-156
-172
-118
-109
-102
-97
-91
-116
-113
-121
-118
-153
-154
-89
-73
-107
-76
-72
-65
-74
-74
-46
1
43
40
8
-22
26
14
21
-1
-18
1
-35
-92
-75
-32
-96
-113
-86
-96
-89
-80
-108
-114
-124
-135
-117
-122
-103
-137
-126
-135
-81
-96
-108
-112
-111
-43
-96
-90
-53
-58
-46
-40
-38
-53
-43
-5
-46
-84
-78
-91
-140
-153
-158
-172
-162
-172
-188
-161
-162
-155
-171
-133
-166
-167
-197
-172
-195
-238
-215
-235
-191
-234
-240
-240
-228
-241
-267
-251
-244
-207
-238
-253
-227
-240
-214
-206
-190
-185
-186
-139
-118
-95
-54
-76
-77
-86
-76
-52
-44
-50
-68
-81
-87
-118
-130
-134
-148
-183
-198
-197
-172
-210
-258
-220
-184
-170
-133
-94
-85
-103
-89
-98
-90
-106
-122
-111
-90
-160
-145
-113
-148
-156
-165
-168
-143
-99
-160
-151
-169
-142
-103
-98
-55
-37
-77
-72
-103
-88
-46
-72
-49
-74
-93
-69
-54
-89
-103
-95
-126
-94
-96
-90
-39
-2
10
34
24
37
38
11
-1
-42
-19
-64
-98
-100
-90
-97
-90
-124
-127
-136
-88
-50
-77
-30
-28
44
83
79
140
161
138
126
73
60
93
100
130
156
125
101
90
160
206
216
207
167
165
143
141
119
147
168
159
147
181
151
96
117
155
107
93
69
91
81
84
60
38
88
49
57
122
195
198
151
158
160
133
165
163
155
151
133
168
153
102
135
142
135
181
122
117
147
130
151
172
222
181
203
188
220
223
187
220
182
165
162
152
136
120
99
113
117
110
147
182
189
201
174
179
164
150
180
190
204
179
167
159
161
138
139
163
192
160
150
112
82
102
67
78
102
74
90
106
130
142
103
127
142
132
131
131
133
172
190
177
191
240
238
235
239
190
184
193
195
223
215
210
209
240
246
252
197
199
216
177
179
195
196
210
243
246
269
233
250
282
254
270
235
246
264
277
319
289
312
275
296
312
295
305
346
349
338
344
346
353
324
350
315
356
375
375
390
439
430
437
477
387
337
286
321
291
271
246
306
282
282
320
301
297
302
314
273
304
277
328
347
413
439
414
460
431
420
349
329
377
384
375
407
447
447
517
552
544
588
562
537
653
841
929
650
321
492
1019
1286
889
499
692
1023
961
690
812
1111
1155
927
789
950
971
770
723
911
1035
811
544
480
589
646
674
711
680
523
398
586
812
772
572
565
667
675
568
541
611
655
664
677
664
622
499
496
616
668
675
552
460
467
510
586
657
608
559
544
502
463
399
405
346
297
264
263
234
120
125
115
148
123
60
71
88
20
-62
22
86
97
117
62
87
176
289
373
476
552
587
637
793
1020
1116
1144
1173
1259
1408
1444
1427
1471
1550
1604
1586
1623
1559
1475
1427
1410
1384
1349
1248
1123
1054
1045
1009
929
841
761
707
710
702
644
640
570
556
521
492
516
496
522
495
520
506
494
492
427
441
452
425
355
287
184
143
69
-92
-162
-228
-348
-443
-532
-634
-722
-890
-930
-933
-1035
-1091
-1141
-1225
-1293
-1390
-1455
-1386
-914
-155
164
-448
-1322
-1002
557
1872
1687
716
453
1150
1862
1952
1926
2058
2169
1925
1755
1909
2032
1622
974
791
1123
1318
766
-209
-721
-526
-70
-93
-595
-1129
-1420
-1403
-1228
-959
-649
-489
-628
-739
-484
-21
345
605
910
1270
1372
1325
1406
1780
2096
2170
2162
2273
2341
2061
1743
1648
1780
1880
1685
1306
876
561
421
345
359
227
-103
-390
-510
-516
-532
-610
-644
-596
-624
-601
-606
-623
-554
-424
-256
-172
-214
-337
-413
-337
-241
-223
-264
-485
-720
-890
-1025
-1116
-1275
-1590
-1870
-2097
-2322
-2558
-2560
-1652
-311
-283
-2274
-3946
-2619
828
2577
939
-1185
-908
1073
2184
1935
1807
2350
2630
2151
2002
2544
2791
1922
890
1104
2155
2443
983
-921
-1346
-312
646
236
-1158
-2160
-2319
-2139
-1973
-1611
-1287
-1491
-2235
-2631
-1883
-896
-663
-1151
-1109
-102
769
660
-31
-36
859
1728
2030
1911
1694
1221
1020
1472
2108
2138
1293
543
503
838
628
123
-222
-316
-437
-698
-815
-1022
-1274
-1395
-1144
-727
-774
-1235
-1488
-1280
-809
-368
-252
-350
-493
-583
-344
-32
120
2
-272
-349
-335
-317
-489
-734
-860
-988
-1087
-1331
-1635
-1967
-2300
-2535
-2614
-2681
-3047
-3503
-3874
-4019
-3858
-2745
-978
-456
-2483
-4861
-3762
521
3344
1950
-795
-948
1274
2911
2737
2510
3016
3401
2871
2418
2908
3156
2184
806
845
1996
2280
819
-1511
-2427
-1481
-205
-395
-1945
-3242
-3594
-3291
-3068
-2648
-2108
-2012
-2684
-3136
-2266
-1022
-523
-914
-830
340
1316
1248
654
779
1660
2580
3112
3219
2753
1826
1467
2124
3034
3037
2038
961
568
636
607
435
89
-204
-446
-649
-748
-978
-1179
-1155
-848
-447
-352
-558
-829
-677
-178
434
851
680
389
263
558
1001
1186
995
681
644
641
515
219
-132
-339
-421
-577
-960
-1588
-2229
-2661
-2591
-2482
-2802
-3482
-4119
-4373
-4323
-3414
-1510
-276
-1786
-4621
-4753
-762
3218
2997
153
-909
1146
3445
3641
3086
3434
4181
4156
3787
4068
4334
3453
1949
1734
2944
3611
2360
-207
-1679
-1156
232
370
-1021
-2576
-3222
-3032
-2928
-2550
-2079
-1889
-2456
-3042
-2498
-1298
-628
-882
-856
307
1508
1599
1055
1213
2107
3011
3574
3915
3913
3050
2155
2393
3527
3935
3011
1837
1291
1218
1101
881
626
260
-124
-409
-451
-662
-1140
-1351
-1023
-419
-333
-730
-1089
-1055
-638
-84
486
707
369
-38
74
699
1231
1090
675
415
422
489
291
-89
-448
-538
-664
-1000
-1496
-2087
-2653
-2912
-2771
-2801
-3271
-3993
-4519
-4686
-4257
-2795
-1020
-966
-3137
-4871
-3146
849
3095
1922
58
344
2205
3584
3953
4065
4028
3740
3858
4842
5307
3917
1887
1444
2664
3527
2716
751
-916
-1457
-998
-349
-574
-1863
-3311
-3870
-3427
-2734
-2462
-2594
-3001
-3183
-2694
-1696
-994
-1007
-1022
-236
1005
1669
1667
1691
2156
2802
3497
4138
4147
3494
2950
3138
3597
3469
2857
2084
1502
1208
1051
984
574
-6
-470
-524
-515
-733
-1175
-1533
-1256
-903
-754
-946
-1118
-967
-637
-245
170
360
224
71
214
642
1041
1037
874
795
642
290
74
286
557
79
-1012
-1706
-1669
-1572
-2082
-2702
-3019
-3168
-3558
-4262
-4775
-4919
-4600
-3298
-1664
-1464
-3322
-5022
-3718
-182
2306
1918
505
297
1445
2793
3671
4104
4117
4028
4191
4673
4781
3965
2855
2494
2984
3359
2797
1241
-362
-1168
-927
-230
-466
-1610
-3084
-3878
-3800
-3322
-2936
-2965
-3232
-3563
-3358
-2693
-2123
-1896
-1689
-985
122
893
927
1015
1393
2082
2857
3515
3864
3715
3237
3019
3198
3444
3492
3122
2489
1790
1431
1398
1184
718
121
-309
-451
-655
-946
-1267
-1399
-1194
-973
-968
-1093
-1215
-1145
-815
-340
31
180
149
58
240
664
1008
1059
787
572
582
627
402
97
-112
-296
-593
-1098
-1605
-2071
-2512
-2824
-3036
-3222
-3720
-4395
-5016
-5297
-5403
-5341
-4198
-2209
-1569
-3644
-5792
-4546
-435
2301
1677
111
144
1571
2760
3274
3858
4490
4599
4283
4358
4598
4110
3029
2415
2811
3269
2793
1231
-410
-1260
-1109
-640
-837
-1806
-3041
-3803
-4091
-3851
-3337
-3023
-3109
-3506
-3404
-2935
-2405
-2028
-1592
-709
216
734
833
931
1319
1944
2818
3731
4054
3619
3032
2975
3436
3637
3411
3035
2444
1956
1512
1221
884
422
148
50
-258
-822
-1255
-1400
-1300
-1167
-1038
-1040
-1133
-1215
-1068
-722
-264
1
5
41
188
421
557
606
596
621
640
591
334
35
-195
-301
-399
-692
-1217
-1853
-2434
-2711
-2745
-2986
-3565
-4129
-4485
-4764
-5023
-5364
-5714
-5051
-2947
-1176
-2159
-4957
-5566
-2156
1995
3074
1501
304
927
2252
3365
4376
5143
4970
4148
4051
4849
4987
3665
2259
2272
3166
3300
1977
69
-1297
-1580
-1009
-469
-930
-2428
-3937
-4505
-3984
-3189
-2767
-2915
-3407
-3526
-2972
-2173
-1640
-1386
-960
-28
996
1576
1656
1662
2040
2952
3963
4590
4472
3744
3153
3194
3661
3864
3494
2763
2073
1592
1244
913
633
295
-54
-336
-598
-940
-1262
-1461
-1331
-909
-629
-759
-1141
-1106
-710
-240
12
133
168
256
496
663
715
671
660
777
819
721
382
2
-249
-435
-623
-931
-1351
-1954
-2613
-3008
-3187
-3426
-3787
-4320
-4869
-5304
-5646
-5419
-3980
-1911
-1278
-3145
-5058
-3965
-246
2599
2611
1289
953
1948
3081
3999
4716
5128
5022
4704
4850
5018
4460
3299
2668
3088
3582
3040
1468
-249
-1188
-1026
-557
-635
-1577
-2899
-3867
-4203
-3816
-3250
-3070
-3239
-3533
-3293
-2629
-2200
-1944
-1464
-557
576
1396
1749
1788
1799
2306
3497
4764
5107
4384
3495
3195
3553
3918
3930
3490
2717
1968
1446
1241
1012
612
246
52
-216
-736
-1329
-1657
-1480
-1121
-803
-800
-1166
-1444
-1331
-751
-133
144
117
51
338
704
795
724
640
790
986
1066
807
229
-351
-502
-359
-417
-940
-1863
-2573
-3000
-3104
-3150
-3469
-4173
-5003
-5512
-5576
-5496
-4864
-3251
-1796
-2443
-4673
-5059
-2212
1352
2377
1207
572
1524
2747
3303
3879
4757
5333
5022
4730
4929
4845
3873
2850
2973
3547
3250
1858
176
-865
-1083
-955
-945
-1496
-2619
-3682
-4319
-4453
-3936
-3488
-3422
-3626
-3690
-3277
-2860
-2538
-2087
-1173
-104
782
1211
1262
1429
1893
2933
4174
4911
4632
3782
3310
3518
4054
4233
3996
3293
2417
1812
1473
1223
811
424
83
-118
-503
-1131
-1645
-1751
-1406
-1057
-1020
-1370
-1814
-1836
-1422
-810
-351
-213
-333
-368
-72
427
667
590
401
441
662
687
334
-319
-677
-684
-659
-984
-1701
-2396
-2915
-3220
-3339
-3507
-3981
-4769
-5451
-5694
-5752
-5442
-4067
-2330
-2053
-3913
-5389
-3722
-52
2151
1572
441
712
1937
2859
3498
4265
4871
4857
4491
4673
4867
4226
3017
2500
3115
3396
2445
663
-686
-1253
-1188
-1090
-1331
-2159
-3351
-4272
-4573
-4146
-3538
-3271
-3525
-3667
-3345
-2778
-2362
-2009
-1344
-198
885
1394
1459
1562
2025
2921
3984
4750
4966
4513
3920
3682
4034
4438
4284
3686
2965
2419
1896
1384
902
520
348
-45
-578
-1147
-1600
-1825
-1812
-1518
-1278
-1393
-1818
-1994
-1603
-929
-502
-389
-292
-242
-58
255
523
640
576
580
687
713
516
97
-252
-411
-476
-612
-1076
-1775
-2426
-2833
-2989
-3166
-3687
-4357
-4931
-5209
-5493
-5847
-5257
-3374
-1674
-2380
-4692
-5179
-2449
1165
2390
1507
859
1388
2457
3318
4230
4994
5153
4735
4689
5137
5011
3925
2755
2738
3390
3383
2171
396
-886
-1332
-1045
-811
-1183
-2352
-3665
-4445
-4401
-3722
-3216
-3239
-3697
-3778
-3303
-2648
-2168
-1808
-1142
-145
895
1446
1593
1815
2303
3070
4037
4818
5044
4559
3895
3665
3999
4286
4093
3385
2535
1905
1473
1104
676
344
-7
-405
-891
-1282
-1585
-1848
-1905
-1656
-1339
-1372
-1649
-1783
-1495
-918
-479
-299
-239
-175
82
366
528
661
624
635
684
721
582
228
-177
-375
-413
-631
-1138
-1808
-2412
-2749
-2905
-3146
-3627
-4197
-4728
-5141
-5344
-5570
-4983
-3136
-1574
-2251
-4501
-4959
-2290
1303
2513
1557
718
1249
2472
3366
4151
4722
4929
4653
4606
4936
4750
3675
2567
2608
3304
3259
1914
134
-1103
-1427
-1129
-924
-1340
-2546
-3809
-4515
-4404
-3689
-3275
-3439
-3745
-3663
-3037
-2444
-2182
-1943
-1161
54
1163
1675
1677
1759
2271
3218
4258
4982
4905
4170
3513
3636
4185
4306
3753
2980
2344
1943
1592
1061
535
206
-42
-302
-702
-1204
-1641
-1911
-1843
-1486
-1219
-1392
-1772
-1906
-1544
-951
-461
-282
-250
-156
152
440
630
651
665
883
990
933
602
123
-188
-220
-146
-463
-1159
-1972
-2557
-2668
-2723
-3014
-3543
-4179
-4712
-5109
-5256
-5368
-5308
-4207
-2199
-1391
-3110
-5173
-4110
-312
2537
2340
902
706
1748
2755
3471
4292
4844
4646
4065
4153
4566
4091
2775
2063
2581
3036
2308
564
-973
-1647
-1511
-1089
-1082
-1936
-3362
-4300
-4462
-3858
-3184
-3016
-3293
-3407
-3071
-2527
-2066
-1723
-1034
40
1057
1670
1806
1847
2109
2772
3867
4785
5139
4593
3576
3125
3488
4134
4059
3331
2381
1564
987
676
525
219
-278
-761
-1046
-1416
-1859
-2217
-2230
-1843
-1375
-1302
-1740
-2003
-1807
-1302
-727
-335
-112
-160
-185
18
274
466
633
802
880
819
547
132
-212
-234
-211
-380
-913
-1621
-2153
-2462
-2652
-2913
-3359
-3888
-4391
-4721
-4999
-5338
-5663
-5539
-4239
-2181
-1485
-3306
-5240
-4185
-385
2393
2187
791
440
1462
2643
3594
4349
4580
4132
3687
4039
4515
3999
2626
1781
2192
2727
2223
615
-995
-1764
-1590
-1055
-1062
-1890
-3194
-4044
-4174
-3656
-3064
-2836
-2977
-3169
-2923
-2318
-1692
-1309
-946
-163
906
1741
2030
1955
1915
2375
3453
4470
4826
4220
3252
2705
2958
3597
3691
2984
1840
988
617
564
332
-244
-887
-1267
-1318
-1566
-1898
-2216
-2378
-2191
-1830
-1528
-1588
-1843
-1893
-1503
-865
-314
-33
33
17
124
347
549
710
879
893
746
496
297
63
-214
-435
-637
-975
-1453
-1975
-2380
-2686
-2978
-3404
-3773
-4044
-4332
-4636
-5011
-5120
-5279
-4945
-3393
-1373
-1334
-3607
-4886
-2674
1253
3084
2016
696
900
2139
3236
4072
4547
4366
3723
3531
4244
4494
3461
1915
1477
2123
2436
1564
-94
-1490
-2077
-1703
-1200
-1339
-2325
-3631
-4310
-4124
-3311
-2601
-2576
-3002
-3199
-2564
-1602
-1020
-876
-564
383
1461
2142
2213
2150
2324
2912
3839
4556
4592
3853
3062
2934
3340
3559
3080
2179
1324
872
624
345
-28
-569
-1039
-1358
-1380
-1433
-1637
-1985
-2090
-1716
-1267
-1089
-1309
-1394
-1163
-778
-431
39
442
533
500
576
931
1233
1323
1227
1069
1006
964
775
426
24
-304
-540
-831
-1186
-1644
-2194
-2705
-3113
-3282
-3417
-3767
-4252
-4558
-4582
-4600
-4842
-5154
-4571
-2703
-1004
-1512
-3597
-4154
-1619
1759
2854
1781
842
1399
2639
3391
3776
4086
4191
3846
3700
4056
3974
2900
1665
1658
2366
2430
1195
-505
-1502
-1670
-1314
-1072
-1458
-2339
-3242
-3708
-3530
-2882
-2372
-2256
-2274
-2057
-1546
-1082
-774
-392
317
1240
2007
2207
2020
1951
2318
3053
3706
4028
3922
3352
2752
2518
2509
2555
2258
1757
1169
545
54
-373
-799
-1076
-1018
-873
-1141
-1790
-2198
-2100
-1690
-1348
-1077
-931
-999
-1090
-949
-444
197
619
762
778
845
926
1046
1138
1385
1480
1387
1078
575
231
0
-104
-257
-597
-1090
-1599
-2168
-2642
-2792
-2834
-3010
-3367
-3692
-3915
-4124
-4404
-4473
-4372
-4310
-4378
-3889
-2200
-568
-1027
-3160
-3676
-999
2480
3332
1823
716
1458
2925
3739
4058
4100
3826
3357
3418
4079
4068
2805
1284
1170
2004
2203
1032
-789
-1879
-1876
-1295
-970
-1321
-2360
-3372
-3692
-3031
-2023
-1508
-1775
-2332
-2251
-1383
-538
-201
-167
140
900
1677
2038
1969
1834
1877
2382
3081
3602
3377
2582
1890
1819
2144
2146
1690
992
320
-129
-279
-306
-694
-1176
-1387
-1266
-1136
-1342
-1682
-1770
-1396
-861
-493
-448
-582
-577
-294
296
939
1213
1047
782
933
1419
1676
1574
1262
1024
1022
963
746
370
-83
-356
-507
-592
-975
-1650
-2349
-2650
-2430
-2254
-2521
-3189
-3730
-3826
-3621
-3528
-3559
-3771
-4105
-4326
-4326
-3327
-1395
7
-836
-2918
-3014
-210
2850
3277
1889
1142
1898
3023
3516
3688
3833
3737
3369
3469
3877
3493
2109
849
1028
1907
1922
760
-799
-1651
-1684
-1228
-842
-1066
-1800
-2621
-2924
-2569
-1888
-1532
-1558
-1605
-1312
-801
-464
-408
-293
307
1094
1595
1619
1498
1474
1646
2025
2483
2776
2578
1980
1524
1475
1656
1464
1031
561
206
20
-240
-456
-625
-611
-639
-669
-692
-769
-780
-619
-285
126
416
248
93
265
815
1285
1299
1237
1230
1433
1640
1631
1457
1145
888
868
930
808
446
-67
-489
-623
-612
-820
-1313
-1847
-2221
-2263
-2230
-2339
-2706
-3040
-3142
-3070
-2984
-3038
-3187
-3312
-3323
-3097
-2849
-2920
-3221
-2549
-583
991
256
-1938
-2226
296
3162
3631
2368
1549
1954
2701
3155
3602
3787
3494
2839
2771
3354
3229
2066
920
961
1609
1712
826
-411
-1210
-1306
-840
-445
-484
-1099
-1958
-2373
-2024
-1283
-731
-840
-1229
-1184
-742
-357
-254
-269
25
566
923
953
781
726
857
1172
1662
1983
1917
1341
668
535
944
1321
1117
625
250
154
181
208
123
146
351
461
336
179
156
200
468
799
1048
990
901
923
979
1072
1236
1454
1524
1405
1027
794
736
838
961
845
526
87
-325
-531
-603
-583
-689
-1020
-1349
-1570
-1740
-1880
-2005
-2023
-1875
-1836
-1917
-2210
-2387
-2290
-2076
-1741
-1527
-1658
-2034
-2263
-2112
-1837
-1745
-1126
326
1153
61
-1826
-1626
987
3198
3036
1544
977
1473
2081
2250
2540
2877
2860
2374
2240
2509
2225
1299
688
1193
1850
1578
460
-555
-857
-485
27
188
-240
-1069
-1786
-1933
-1438
-808
-692
-1137
-1548
-1499
-1024
-808
-861
-867
-518
143
556
339
-53
-87
401
1025
1404
1581
1400
951
641
989
1788
2192
1818
1183
807
900
1143
1385
1382
1155
980
888
897
892
737
425
395
753
1105
933
373
45
181
636
895
867
451
-32
-178
7
214
294
95
-247
-408
-371
-309
-468
-683
-703
-586
-554
-675
-860
-955
-986
-757
-611
-594
-772
-969
-975
-846
-573
-473
-569
-773
-1008
-1175
-1188
-1069
-1133
-1497
-1936
-1995
-1052
364
690
-806
-2419
-1789
712
2427
1778
355
30
848
1722
2123
2381
2327
1966
1836
2470
3054
2691
1522
856
1492
2299
2262
1156
24
-423
-204
327
425
-142
-1209
-2007
-1970
-1399
-945
-1096
-1534
-1866
-1658
-1183
-833
-809
-767
-509
-32
506
678
611
674
1078
1855
2459
2542
2261
2039
2214
2612
2934
2956
2771
2506
2304
2164
1974
1874
1760
1563
1317
1095
884
528
178
84
254
369
163
-164
-450
-438
-267
-169
-77
-29
-40
-64
2
186
316
320
360
620
851
931
843
800
1072
1336
1490
1448
1354
1339
1270
1137
1047
1038
974
823
659
605
472
113
-210
-396
-377
-475
-770
-1183
-1501
-1719
-1928
-2078
-2265
-2348
-1724
-413
56
-1142
-2527
-1836
715
2495
2214
1215
1134
1934
2610
3115
3643
3918
3714
3424
3719
4051
3706
2814
2383
2775
3179
2824
1712
639
145
263
621
685
85
-904
-1690
-1867
-1413
-844
-784
-1192
-1483
-1311
-831
-368
-148
129
641
1204
1690
1789
1859
2037
2502
3191
3685
3881
3647
3274
3088
3223
3508
3591
3265
2700
2182
1950
1790
1412
966
776
689
461
45
-337
-514
-471
-464
-529
-590
-749
-725
-469
-123
132
257
399
594
854
1216
1528
1776
1919
2154
2405
2504
2459
2403
2499
2668
2651
2398
2040
1761
1577
1381
1150
793
337
-164
-486
-668
-1013
-1445
-1955
-2288
-2481
-2632
-2745
-2960
-3191
-3421
-3473
-3363
-3224
-3268
-3453
-3484
-2908
-1505
-295
-511
-1917
-2309
-587
1656
2455
1721
1052
1265
1996
2443
2748
2937
2630
2096
1992
2362
2366
1455
306
39
456
542
-129
-1129
-1832
-2154
-2077
-1777
-1782
-2334
-3174
-3552
-3259
-2609
-2181
-2220
-2343
-2164
-1682
-1202
-750
-470
-182
301
806
1157
1173
1066
1191
1651
2128
2133
1850
1500
1222
1173
1126
1030
749
402
13
-270
-562
-831
-960
-1070
-1071
-1134
-1284
-1394
-1349
-1259
-1053
-804
-548
-237
-15
183
476
729
1099
1429
1678
1826
1810
1905
2005
2123
2168
2172
2045
1771
1542
1335
1165
957
732
430
40
-355
-757
-1033
-1234
-1476
-1738
-1872
-1948
-2101
-2306
-2426
-2363
-2231
-2108
-2107
-2107
-1957
-1789
-1721
-1594
-1328
-988
-754
-738
-745
-687
-572
-144
840
1752
1523
171
-560
628
2436
2899
2009
1258
1394
1804
1841
1779
1900
1861
1535
1341
1496
1466
804
41
-2
661
913
282
-589
-1032
-853
-524
-279
-317
-675
-1084
-1213
-899
-510
-352
-340
-398
-315
-119
36
39
64
362
744
999
1007
890
803
799
973
1309
1548
1439
1187
902
826
1007
1186
1183
889
561
462
694
871
786
495
497
650
717
671
649
652
567
674
827
997
905
648
586
719
859
808
671
569
529
536
569
496
333
226
213
201
114
30
-118
-219
-232
-229
-242
-401
-620
-693
-598
-458
-481
-647
-782
-761
-637
-643
-686
-743
-813
-823
-765
-663
-717
-924
-1177
-1193
-1018
-888
-1032
-1319
-1492
-1558
-1519
-1416
-683
166
121
-1085
-1902
-890
919
1607
879
205
353
913
1212
1386
1602
1580
1333
1222
1614
1789
1234
402
340
973
1298
821
-58
-630
-803
-503
-159
-112
-504
-1178
-1515
-1269
-787
-508
-593
-761
-627
-343
-127
-82
-18
253
707
1153
1468
1563
1284
1096
1375
2042
2469
2363
1906
1530
1354
1403
1447
1287
983
611
427
253
28
-284
-565
-609
-615
-794
-1148
-1457
-1512
-1422
-1182
-935
-884
-1048
-1110
-860
-390
54
266
304
406
595
865
1038
1077
1069
1188
1366
1456
1300
1104
889
800
805
663
424
90
-270
-536
-663
-791
-982
-1306
-1691
-1885
-1876
-1941
-2049
-2184
-2229
-2228
-2244
-2151
-2059
-2017
-2041
-1931
-1772
-1703
-1616
-1610
-1491
-1377
-1279
-1320
-1291
-769
-35
239
-448
-1201
-862
455
1244
903
284
182
444
576
564
745
830
589
293
491
763
416
-269
-576
-158
162
40
-453
-806
-847
-732
-492
-270
-214
-477
-806
-832
-487
-118
-70
-197
-188
-48
119
84
11
40
205
416
663
715
415
32
-83
311
824
901
466
-66
-285
-191
82
214
-39
-318
-421
-343
-211
-199
-203
-152
30
263
418
407
421
507
779
1219
1561
1595
1365
1274
1383
1612
1846
1982
1825
1591
1353
1336
1431
1359
1172
923
827
735
523
173
-150
-267
-264
-354
-513
-711
-990
-1165
-1173
-1003
-891
-994
-1228
-1291
-1213
-1063
-873
-761
-659
-579
-543
-500
-495
-413
-426
-364
-236
-164
-247
-488
-608
-575
-500
-628
-823
-723
-203
303
1
-924
-1131
-130
1026
1156
461
152
429
817
1093
1366
1591
1542
1272
1318
1705
1754
1371
1044
1146
1407
1422
1062
578
237
21
119
355
298
-103
-704
-956
-841
-505
-368
-489
-623
-679
-576
-431
-291
-143
103
295
389
514
739
1033
1038
995
1154
1523
1823
1693
1424
1351
1510
1688
1757
1646
1379
1103
994
1133
1255
1085
834
610
531
558
572
549
431
460
545
587
461
359
318
557
773
883
918
793
695
751
938
1105
1065
876
838
834
772
668
575
512
517
421
282
98
-150
-224
-253
-223
-244
-398
-578
-674
-653
-560
-460
-467
-474
-561
-598
-508
-433
-395
-412
-408
-298
-246
-277
-310
-387
-440
-315
-194
-279
-553
-805
-785
-283
351
402
-313
-1048
-765
193
854
578
-28
-251
-122
95
250
308
207
30
4
334
545
302
-139
-194
320
695
708
358
62
26
321
679
801
591
232
165
333
574
637
535
411
460
623
746
696
443
435
587
852
1034
842
490
231
248
492
773
796
498
188
49
158
367
398
302
133
109
290
502
468
262
222
489
768
882
711
549
534
692
970
1083
987
752
606
669
872
962
819
564
467
504
472
347
150
15
71
119
84
-51
-308
-427
-348
-183
-132
-314
-537
-593
-398
-213
-106
-206
-309
-308
-227
-1
33
-91
-275
-367
-279
-147
-185
-489
-762
-901
-900
-872
-996
-1322
-1583
-1778
-1799
-1803
-1842
-2045
-2355
-2505
-2533
-2413
-2342
-2269
-1964
-1500
-1479
-1908
-2009
-1313
-369
5
-200
-267
97
441
524
694
1048
1260
1195
1115
1261
1250
940
613
612
822
674
221
-164
-332
-451
-538
-562
-541
-767
-1216
-1494
-1487
-1367
-1283
-1277
-1352
-1384
-1350
-1298
-1220
-1051
-895
-608
-308
-201
-209
-210
9
333
627
706
724
669
610
659
659
749
695
504
337
246
249
81
-93
-235
-183
-176
-274
-456
-543
-613
-622
-526
-480
-469
-487
-481
-485
-431
-375
-191
-52
-59
-139
-111
-62
6
-6
59
113
56
-21
-185
-193
-103
-125
-264
-355
-487
-611
-704
-673
-722
-867
-1045
-1145
-1106
-1144
-1303
-1480
-1508
-1528
-1567
-1587
-1605
-1559
-1533
-1592
-1537
-1399
-1313
-1348
-1384
-1358
-1136
-944
-954
-1062
-1137
-1036
-954
-934
-998
-1007
-1089
-1181
-944
-526
-323
-790
-1336
-1083
-275
131
-54
-383
-396
-109
57
131
300
344
247
263
558
814
665
306
197
433
682
665
459
317
156
131
298
369
248
-35
-303
-303
-152
-138
-242
-442
-502
-470
-342
-225
-146
-148
-259
-267
-58
166
96
-66
28
305
507
537
508
430
339
392
609
740
665
431
276
328
375
340
246
182
170
84
-14
10
5
-69
-97
-49
14
42
-56
-40
56
181
231
264
242
267
351
434
569
604
654
640
684
685
654
680
603
557
490
389
282
168
16
-131
-152
-256
-495
-698
-906
-955
-943
-1001
-1149
-1283
-1310
-1369
-1376
-1385
-1398
-1382
-1399
-1344
-1252
-1204
-1240
-1179
-1047
-941
-891
-917
-821
-745
-662
-597
-548
-504
-426
-400
-401
-444
-429
-186
122
216
-50
-262
-160
335
641
515
319
379
440
470
586
714
649
433
407
541
611
374
75
50
176
233
147
-57
-248
-425
-465
-390
-291
-355
-578
-730
-680
-584
-625
-765
-753
-601
-460
-408
-537
-683
-582
-205
16
45
-91
-243
-204
-14
168
142
36
17
145
206
209
84
-29
-31
132
310
325
210
17
-36
29
198
343
302
156
54
109
221
207
179
118
164
243
154
39
-78
-74
-29
37
53
-82
-364
-529
-546
-490
-443
-579
-719
-846
-891
-921
-861
-844
-895
-902
-872
-802
-833
-878
-806
-606
-447
-356
-428
-499
-490
-450
-384
-264
-170
-176
-252
-292
-265
-174
-201
-259
-304
-296
-263
-304
-347
-480
-538
-507
-481
-507
-521
-637
-708
-678
-690
-678
-638
-696
-769
-703
-549
-257
-286
-501
-451
-123
191
248
177
187
329
420
445
536
531
469
347
313
420
414
204
103
160
221
211
124
102
98
33
-16
21
63
-24
-113
-72
55
189
211
216
173
214
310
446
506
578
646
691
753
768
771
740
783
859
868
770
676
632
628
534
525
505
407
271
163
164
140
142
92
78
133
137
92
94
138
217
241
264
388
414
423
503
603
719
784
803
736
714
763
779
825
830
733
584
510
502
511
409
231
179
140
13
-69
-85
-151
-197
-275
-306
-291
-349
-402
-484
-434
-388
-421
-442
-459
-439
-386
-365
-288
-226
-195
-174
-119
-43
-57
-78
-34
14
22
-41
-53
-11
-38
-75
-104
16
43
-15
-22
-22
71
149
111
85
118
172
263
301
353
414
327
241
357
500
434
312
370
483
486
499
497
444
406
366
445
520
491
341
255
310
338
334
196
135
104
85
192
269
315
182
63
214
478
534
478
484
520
627
745
753
816
825
817
899
1028
1106
1000
853
874
1054
1115
1069
949
877
874
869
862
802
747
615
587
614
596
475
327
338
398
478
439
363
298
266
317
392
437
303
161
83
155
181
171
121
56
55
-28
-39
-54
-180
-275
-212
-178
-156
-245
-380
-425
-366
-244
-254
-282
-255
-266
-256
-231
-105
-80
-104
-54
43
65
10
42
92
206
230
190
138
112
105
68
51
41
27
-37
-109
-140
-209
-256
-295
-312
-341
-372
-451
-495
-527
-582
-632
-580
-559
-649
-660
-653
-593
-543
-501
-448
-443
-377
-301
-211
-139
-53
6
48
140
227
293
340
411
489
536
640
694
724
698
738
829
863
870
820
753
713
694
652
603
470
357
285
213
179
171
141
130
104
38
31
44
83
46
-10
8
-13
9
68
47
75
100
151
215
255
219
211
211
222
308
292
320
265
209
213
259
245
202
137
93
84
47
-7
-23
-68
-103
-85
-79
-157
-192
-175
-143
-145
-197
-168
-193
-230
-220
-203
-193
-181
-137
-141
-170
-132
-111
-119
-120
-157
-149
-145
-197
-239
-223
-297
-339
-363
-399
-400
-425
-493
-537
-546
-576
-548
-582
-636
-633
-610
-593
-634
-655
-606
-575
-533
-497
-442
-426
-372
-332
-283
-215
-151
-72
-45
17
14
22
131
213
233
238
233
239
296
323
374
410
482
503
464
506
505
507
509
495
512
454
413
442
379
341
356
385
438
392
332
343
380
432
398
413
391
400
434
433
494
490
486
523
523
532
551
617
667
737
791
847
882
880
875
887
956
1016
1032
965
950
914
958
954
892
830
770
716
684
656
579
525
472
443
387
383
381
311
252
274
272
224
224
219
204
243
282
333
256
234
254
240
312
312
345
332
328
352
296
262
277
249
265
182
118
170
170
99
42
66
118
110
91
84
68
21
26
63
115
36
27
49
54
88
37
52
50
32
26
12
18
7
-2
-29
42
84
7
-58
-94
-109
-137
-110
-158
-209
-224
-262
-272
-280
-263
-237
-270
-269
-254
-243
-172
-121
-62
-54
-39
54
182
201
177
243
358
512
607
671
657
674
687
741
846
854
836
797
852
915
898
832
785
727
692
677
630
530
466
364
261
254
214
199
112
46
46
44
14
-67
-80
-63
-15
-14
-21
-44
-70
-15
47
97
116
120
112
92
176
216
225
242
203
217
245
233
165
113
54
-8
-17
-48
-78
-125
-157
-155
-128
-153
-172
-202
-267
-219
-219
-273
-276
-257
-266
-191
-171
-126
-87
-116
-107
-102
-25
36
-4
-16
9
-2
23
11
-13
-100
-185
-249
-285
-310
-370
-436
-503
-498
-526
-594
-587
-610
-633
-676
-614
-617
-613
-615
-654
-665
-637
-541
-524
-533
-458
-415
-332
-239
-208
-117
-39
-22
-33
45
82
77
135
163
172
208
205
181
237
237
268
260
283
242
208
269
287
289
226
244
254
266
261
222
199
200
218
201
189
191
178
145
173
171
181
209
226
208
192
184
225
274
260
192
262
298
308
298
261
273
304
337
312
298
337
342
348
355
352
339
356
402
384
393
371
395
393
346
390
432
396
414
407
444
448
454
444
420
448
494
513
503
535
517
558
500
490
461
382
401
410
388
347
318
319
274
288
343
323
270
251
264
289
350
355
307
254
262
296
325
336
328
344
426
438
483
513
509
530
540
582
601
585
554
540
512
526
551
583
522
526
530
520
541
534
519
500
537
580
597
585
595
600
639
685
671
663
645
638
635
612
560
605
580
590
598
571
536
506
503
479
518
467
425
388
381
406
440
395
386
375
360
385
464
453
447
433
464
525
564
611
579
558
596
666
635
633
640
577
546
608
634
648
623
564
560
583
602
521
464
486
496
504
503
464
400
352
347
313
275
281
277
247
297
299
326
356
360
349
388
356
299
332
327
337
373
414
367
323
320
275
259
297
299
255
227
190
227
209
203
222
168
110
123
158
119
87
17
15
78
106
144
81
73
124
84
132
173
135
169
177
164
224
188
161
151
128
148
108
61
55
74
51
35
13
-4
-20
-101
-150
-173
-195
-205
-218
-184
-200
-202
-200
-216
-211
-209
-202
-255
-203
-206
-209
-173
-156
-125
-74
-63
-38
-37
-22
-6
-23
-40
-63
-38
-20
-20
-22
-81
-105
-135
-194
-219
-260
-275
-253
-307
-317
-371
-387
-378
-413
-400
-428
-495
-531
-500
-491
-468
-507
-524
-475
-452
-430
-431
-392
-347
-344
-316
-284
-245
-242
-205
-214
-191
-221
-222
-203
-278
-268
-251
-307
-308
-305
-355
-392
-415
-471
-454
-453
-463
-536
-570
-585
-581
-490
-497
-414
-386
-366
-330
-322
-287
-257
-260
-219
-214
-175
-136
-136
-146
-154
-156
-157
-168
-180
-173
-179
-221
-205
-192
-206
-270
-334
-327
-327
-373
-410
-408
-495
-490
-478
-475
-510
-557
-538
-528
-437
-415
-433
-456
-405
-330
-274
-230
-225
-217
-198
-170
-164
-126
-168
-220
-266
-279
-252
-254
-247
-223
-260
-243
-261
-218
-227
-240
-263
-282
-270
-255
-268
-231
-212
-220
-221
-201
-161
-177
-193
-234
-221
-176
-158
-128
-54
-61
-49
-37
-102
-69
-82
-83
-73
-41
9
3
-36
-136
-162
-144
-164
-190
-183
-227
-264
-316
-303
-266
-242
-255
-279
-235
-199
-143
-120
-114
-71
-74
17
76
93
123
146
202
215
216
233
205
193
237
246
276
268
204
147
119
139
104
-3
-73
-84
-125
-219
-203
-187
-201
-197
-203
-224
-249
-216
-220
-183
-145
-104
-44
-50
-17
10
47
74
112
153
204
211
200
224
243
288
269
272
236
237
178
150
94
89
55
25
29
9
18
-14
84
94
50
33
34
34
102
139
111
147
128
164
189
218
202
198
181
237
253
315
296
213
297
265
265
260
192
150
165
127
134
87
1
-29
-82
-90
-73
-95
-89
-97
-73
-61
-41
-16
-21
31
-29
-99
-79
-96
-82
-70
-35
-34
17
33
41
66
70
89
118
157
178
189
151
126
79
102
56
35
44
19
35
46
44
40
55
44
5
26
32
-14
16
25
31
60
50
94
117
100
82
71
70
119
119
122
111
122
188
170
168
203
146
123
89
121
139
130
96
70
112
129
199
82
46
54
83
54
24
22
27
46
44
21
66
91
152
184
134
163
96
109
115
103
142
111
137
169
156
151
136
87
62
30
4
15
-11
-21
-73
-82
-78
-99
-186
-172
-207
-242
-205
-229
-223
-262
-280
-280
-288
-278
-273
-299
-324
-367
-367
-377
-367
-367
-433
-442
-399
-388
-365
-334
-337
-325
-312
-400
-418
-373
-364
-356
-427
-428
-471
-518
-524
-505
-475
-459
-457
-467
-429
-418
-453
-392
-351
-383
-346
-318
-333
-355
-359
-340
-305
-268
-244
-284
-313
-295
-296
-281
-306
-334
-386
-387
-366
-409
-388
-422
-438
-435
-458
-413
-447
-472
-509
-554
-571
-555
-566
-547
-481
-502
-499
-522
-496
-499
-534
-495
-470
-446
-461
-365
-346
-361
-394
-444
-383
-408
-408
-455
-426
-461
-484
-479
-434
-442
-449
-454
-503
-482
-527
-520
-531
-542
-515
-512
-536
-556
-588
-598
-573
-635
-643
-618
-651
-631
-598
-534
-514
-453
-524
-571
-568
-593
-605
-585
-585
-610
-601
-585
-563
-585
-607
-604
-628
-615
-563
-608
-639
-644
-616
-647
-647
-619
-612
-620
-666
-654
-595
-562
-608
-587
-603
-537
-503
-484
-468
-441
-472
-476
-392
-405
-432
-457
-473
-496
-537
-571
-552
-622
-659
-703
-690
-615
-578
-586
-625
-605
-613
-586
-588
-560
-554
-534
-545
-554
-486
-488
-478
-412
-340
-350
-378
-398
-370
-308
-260
-273
-300
-269
-244
-223
-225
-230
-266
-305
-352
-328
-365
-399
-442
-500
-507
-518
-569
-562
-548
-590
-574
-562
-522
-564
-567
-558
-557
-516
-483
-461
-423
-366
-361
-341
-293
-248
-235
-231
-263
-225
-244
-252
-191
-170
-161
-163
-189
-191
-163
-160
-217
-249
-285
-303
-246
-288
-284
-293
-261
-268
-287
-282
-359
-326
-296
-278
-326
-353
-352
-338
-325
-307
-258
-239
-194
-151
-163
-151
-128
-158
-139
-125
-188
-151
-125
-186
-205
-278
-262
-282
-270
-324
-368
-366
-426
-423
-419
-438
-468
-432
-453
-438
-444
-468
-477
-478
-445
-461
-413
-406
-313
-281
-328
-283
-255
-236
-234
-192
-179
-161
-155
-193
-177
-167
-177
-155
-194
-200
-213
-187
-252
-335
-336
-361
-393
-432
-363
-377
-399
-413
-421
-448
-467
-434
-426
-452
-410
-378
-327
-301
-241
-200
-216
-148
-124
-137
-155
-165
-161
-179
-160
-139
-169
-166
-177
-165
-113
-150
-174
-208
-229
-215
-204
-235
-260
-224
-222
-210
-172
-211
-203
-216
-186
-134
-171
-134
-127
-111
-132
-133
-123
-142
-111
-133
-134
-86
-80
-84
-107
-100
-113
-135
-165
-206
-249
-254
-268
-257
-291
-340
-331
-350
-380
-439
-458
-459
-478
-422
-445
-506
-440
-451
-447
-479
-447
-436
-468
-408
-449
-438
-430
-368
-331
-301
-233
-225
-192
-155
-144
-176
-195
-224
-169
-168
-212
-243
-246
-279
-294
-305
-353
-317
-349
-363
-430
-440
-419
-498
-445
-417
-411
-455
-462
-438
-422
-356
-384
-414
-400
-399
-343
-357
-417
-401
-435
-376
-378
-355
-406
-436
-409
-411
-346
-352
-358
-360
-382
-377
-390
-383
-449
-465
-461
-465
-423
-449
-406
-422
-388
-350
-369
-377
-370
-342
-334
-297
-324
-344
-317
-300
-265
-249
-217
-201
-241
-183
-146
-181
-152
-190
-195
-194
-252
-220
-249
-269
-256
-291
-289
-311
-337
-325
-329
-334
-328
-299
-312
-330
-298
-285
-286
-304
-360
-333
-345
-366
-354
-381
-380
-394
-406
-403
-344
-368
-319
-306
-330
-337
-350
-305
-360
-395
-425
-433
-407
-423
-458
-480
-497
-494
-451
-439
-455
-424
-394
-379
-352
-348
-359
-353
-397
-367
-394
-443
-420
-421
-398
-358
-326
-315
-297
-307
-275
-297
-273
-255
-282
-261
-258
-234
-260
-227
-203
-249
-267
-288
-308
-294
-315
-299
-290
-276
-233
-225
-160
-116
-62
-50
-107
-60
-97
-94
-66
-101
-91
-65
-56
-51
-19
1
-10
-37
-80
-90
-85
-129
-121
-126
-132
-100
-74
-126
-201
-226
-158
-144
-148
-180
-198
-151
-110
-105
-134
-159
-125
-42
-114
-107
-80
-64
-40
-34
7
-3
-7
-18
-73
-68
-85
-48
-38
-62
-58
-82
-75
-88
-125
-106
-121
-125
-105
-123
-150
-161
-168
-163
-131
-148
-184
-264
-240
-204
-196
-179
-216
-201
-178
-217
-189
-151
-192
-196
-168
-153
-190
-222
-188
-215
-260
-204
-204
-125
-185
-183
-162
-156
-161
-178
-133
-142
-104
-182
-126
-112
-110
-102
-105
-42
-78
-123
-69
-42
13
36
0
51
53
75
58
73
25
-45
-51
-47
-11
-30
-74
-136
-122
-115
-134
-160
-227
-234
-181
-161
-202
-201
-242
-246
-248
-233
-244
-267
-253
-289
-235
-249
-237
-228
-216
-164
-110
-63
-83
-78
-40
29
33
49
89
103
157
182
198
164
127
113
86
75
26
38
-10
-24
-39
-11
-29
-52
-11
-44
5
6
10
-15
13
2
-65
-46
21
-16
-4
-10
-15
67
72
67
68
118
102
85
149
161
137
119
159
132
79
73
101
88
67
129
83
78
123
175
181
149
131
103
66
115
95
91
100
68
92
96
111
129
151
220
204
214
265
191
252
236
235
252
246
224
207
212
208
184
162
186
147
170
163
104
111
73
62
89
114
94
69
63
27
31
16
14
18
-31
-41
5
1
33
9
3
45
35
39
79
85
78
54
31
63
117
58
50
63
87
96
91
115
150
147
115
186
158
119
136
118
156
128
141
173
127
167
176
200
189
202
216
210
234
185
204
187
186
260
202
183
172
134
148
157
105
127
136
92
117
65
57
73
48
29
51
52
56
57
41
102
86
76
75
43
83
114
143
126
144
139
114
146
106
98
77
121
137
148
139
87
99
122
120
121
104
126
70
16
0
12
-22
-42
-24
-43
-1
-7
-13
-13
-33
-37
-18
-24
-10
-15
14
-1
30
59
66
56
42
60
22
45
44
69
65
52
100
76
98
78
29
42
23
41
29
54
62
85
131
137
118
130
96
122
118
111
110
99
75
51
65
-11
1
1
20
63
69
43
74
56
74
93
86
68
23
58
4
-28
-19
-2
10
0
-77
-61
-28
-101
-78
-93
-60
-93
-71
-26
-87
-67
-76
-65
-45
-26
-50
-3
42
50
1
-14
4
46
83
72
59
84
77
72
67
88
108
89
99
92
111
125
127
133
113
110
101
104
75
34
36
20
-27
-24
-66
-29
-28
-44
11
15
-103
-136
-90
-153
-156
-141
-161
-159
-174
-196
-184
-190
-141
-124
-161
-163
-170
-162
-173
-150
-161
-171
-148
-153
-146
-106
-121
-117
-74
-39
-39
-6
-32
-35
25
15
41
-7
3
-30
-9
-28
-38
-29
-83
-30
-78
-92
-46
-23
-31
-23
19
-10
-20
-19
-33
-30
-72
-75
-74
-121
-140
-98
-89
-110
-130
-133
-92
-92
-102
-90
-91
-75
-64
-95
-90
-65
-85
-70
-74
-97
-72
-95
-79
-56
-52
-48
-87
-16
-15
-20
-23
-63
-60
-81
-77
-90
-101
-119
-92
-96
-74
-73
-63
-7
-2
10
26
-24
-30
-11
-33
-2
-8
10
21
38
45
-2
-8
-2
1
-33
-28
-24
-26
-10
-20
-13
-38
-11
-16
-102
-111
-143
-177
-194
-241
-199
-209
-160
-168
-260
-237
-228
-224
-167
-167
-186
-185
-213
-194
-206
-214
-171
-193
-228
-130
-155
-143
-132
-162
-123
-154
-103
-55
-7
0
0
6
-41
-7
-8
-24
-15
-15
0
-43
-50
-66
-72
-114
-170
-159
-148
-92
-117
-129
-127
-119
-113
-103
-82
-109
-91
-85
-49
-24
-44
-70
-69
-20
-37
-35
-71
-121
-106
-116
-91
-80
-74
-72
-104
-154
-170
-168
-172
-189
-228
-214
-224
-190
-160
-167
-196
-231
-230
-223
-188
-185
-176
-135
-114
-109
-109
-76
-78
-21
-8
-20
17
22
29
-15
22
12
-20
-48
-89
-67
-55
-49
-57
-55
-47
-86
-110
-129
-112
-144
-235
-187
-283
-257
-212
-241
-228
-254
-263
-320
-283
-271
-295
-250
-253
-198
-196
-204
-191
-185
-173
-195
-198
-221
-200
-161
-157
-171
-136
-155
-111
-126
-88
-110
-144
-123
-175
-139
-151
-161
-153
-165
-176
-165
-134
-110
-99
-177
-211
-175
-193
-198
-191
-207
-218
-217
-207
-172
-185
-197
-221
-200
-254
-252
-269
-242
-276
-283
-258
-266
-235
-229
-242
-257
-223
-296
-256
-258
-286
-258
-234
-222
-184
-175
-208
-242
-264
-256
-221
-241
-216
-164
-189
-155
-159
-166
-123
-145
-162
-197
-213
-162
-152
-115
-81
-83
-108
-126
-132
-182
-151
-195
-227
-171
-190
-176
-186
-215
-236
-287
-298
-314
-312
-374
-395
-375
-365
-404
-383
-383
-405
-409
-462
-426
-465
-407
-415
-405
-379
-368
-373
-328
-287
-284
-322
-333
-321
-371
-299
-341
-355
-361
-366
-390
-417
-389
-370
-380
-366
-353
-403
-416
-404
-401
-362
-436
-449
-435
-444
-442
-475
-479
-436
-421
-402
-410
-449
-399
-391
-373
-384
-418
-380
-343
-345
-335
-315
-298
-248
-222
-233
-243
-276
-290
-225
-274
-310
-271
-284
-297
-320
-337
-295
-314
-314
-285
-333
-313
-310
-350
-311
-282
-306
-259
-266
-266
-265
-220
-189
-213
-216
-206
-230
-227
-224
-251
-239
-254
-256
-263
-293
-321
-371
-400
-419
-402
-441
-473
-486
-502
-530
-559
-530
-557
-529
-535
-499
-518
-513
-549
-565
-545
-499
-476
-496
-459
-446
-463
-483
-440
-421
-433
-440
-465
-469
-448
-432
-430
-383
-346
-341
-334
-297
-310
-351
-366
-384
-399
-381
-385
-398
-392
-410
-400
-388
-417
-417
-419
-429
-371
-374
-353
-344
-290
-314
-282
-293
-331
-303
-320
-327
-336
-315
-353
-370
-391
-392
-417
-395
-429
-502
-508
-532
-543
-574
-524
-532
-546
-495
-525
-563
-530
-581
-577
-553
-558
-533
-497
-485
-464
-398
-376
-389
-377
-374
-335
-299
-298
-307
-299
-303
-342
-327
-270
-278
-266
-316
-325
-288
-332
-356
-366
-342
-386
-341
-353
-321
-294
-290
-235
-217
-239
-244
-250
-230
-243
-239
-209
-228
-250
-244
-224
-275
-234
-267
-264
-223
-234
-338
-289
-293
-317
-289
-301
-282
-294
-332
-306
-278
-302
-342
-383
-422
-415
-412
-444
-489
-503
-454
-434
-395
-398
-387
-360
-353
-351
-344
-327
-333
-327
-352
-335
-338
-325
-320
-342
-308
-302
-304
-270
-297
-289
-260
-321
-320
-308
-318
-321
-323
-352
-338
-343
-353
-394
-373
-374
-385
-350
-348
-369
-337
-318
-346
-320
-311
-306
-330
-304
-307
-293
-260
-263
-272
-254
-253
-193
-163
-150
-138
-161
-141
-153
-139
-165
-152
-156
-133
-162
-156
-136
-141
-83
-142
-128
-193
-239
-236
-222
-215
-238
-222
-261
-227
-203
-183
-167
-203
-229
-241
-218
-227
-203
-212
-254
-260
-277
-295
-284
-331
-312
-313
-304
-280
-312
-324
-304
-272
-260
-223
-201
-202
-184
-187
-156
-147
-160
-176
-156
-158
-129
-125
-141
-121
-136
-124
-140
-121
-133
-77
-102
-109
-89
-29
-21
-11
-65
-84
-102
-155
-132
-174
-184
-222
-239
-212
-216
-179
-151
-157
-130
-123
-115
-129
-142
-114
-93
-117
-147
-150
-204
-150
-120
-114
-28
-16
32
32
22
39
23
11
12
8
-20
-12
17
26
12
38
8
7
54
48
29
1
0
-23
21
-9
-11
8
-4
28
-65
-104
-88
-100
-91
-89
-86
-107
-79
-69
-79
-57
-32
-40
-42
-25
-34
-52
-41
-27
31
2
-55
-20
13
13
-50
30
37
44
80
47
88
107
97
40
98
101
100
147
163
156
134
173
203
216
163
152
131
126
101
121
108
133
117
110
80
43
40
-27
-31
-26
-41
-83
-75
-83
-78
-123
-116
-75
-56
-43
-57
5
14
23
33
96
109
124
148
135
138
141
136
168
145
156
165
160
196
214
204
195
207
202
252
274
242
253
217
178
146
116
90
150
163
172
196
224
215
214
252
214
214
199
164
161
129
105
93
80
53
48
59
56
90
79
89
84
140
143
150
207
218
217
226
184
162
155
121
132
158
153
163
178
182
195
188
192
219
249
298
273
352
360
359
375
374
346
346
351
350
302
278
249
203
186
190
170
141
165
104
110
129
146
120
78
129
105
95
108
109
119
152
162
149
164
211
175
203
193
232
238
266
293
271
262
270
301
280
323
331
331
276
305
339
335
322
321
309
253
257
231
240
201
216
209
216
208
172
232
203
212
173
152
134
122
115
115
100
85
93
116
122
144
163
145
172
215
174
214
226
253
249
218
218
231
228
134
208
199
137
137
150
177
189
189
215
185
223
210
222
246
231
245
182
184
145
168
217
220
253
252
266
279
264
273
277
266
251
224
187
180
130
107
142
94
112
118
68
104
99
66
77
97
131
118
126
127
129
107
78
92
73
102
129
175
219
240
204
192
240
295
286
276
290
298
324
287
291
329
313
292
273
255
235
237
252
174
170
154
145
97
73
53
54
76
84
55
61
54
51
19
31
81
72
65
34
30
-21
-39
-3
23
55
50
89
96
83
74
64
97
77
125
131
139
149
159
182
184
190
217
242
232
222
211
191
223
225
284
289
299
278
260
272
257
195
165
211
227
227
243
264
178
171
215
192
171
157
156
163
134
171
117
97
113
137
126
99
183
176
167
188
154
147
205
178
184
234
177
174
188
147
231
211
188
198
209
191
247
249
267
263
292
335
342
330
270
258
208
199
163
113
135
145
157
119
137
124
131
147
130
120
128
146
149
156
183
157
129
117
164
175
188
177
157
179
176
212
196
230
212
262
251
287
206
247
261
248
272
251
273
231
209
199
215
244
228
211
235
174
156
153
161
187
209
176
153
146
128
143
156
192
212
162
193
173
174
211
206
203
204
240
178
176
198
162
179
210
187
195
182
177
155
118
130
102
106
106
99
122
107
113
142
134
113
134
155
154
85
107
118
167
195
191
196
157
171
150
158
150
117
139
198
243
208
213
209
202
230
219
242
239
250
248
277
256
244
274
281
281
314
297
298
274
258
312
242
279
277
255
264
213
244
254
228
263
216
263
292
261
271
222
269
224
203
217
199
203
165
159
159
157
191
209
216
195
160
181
165
172
178
164
174
196
240
230
236
279
296
276
238
264
241
253
268
245
248
271
270
257
218
207
229
190
184
173
196
219
206
221
264
231
251
242
205
198
253
265
251
259
236
207
234
262
253
262
261
287
253
245
273
306
270
222
208
228
205
219
218
158
163
176
197
154
81
122
130
113
103
84
86
141
136
147
148
126
166
165
164
135
143
169
184
208
282
272
251
308
307
288
286
295
296
272
301
278
308
315
317
351
320
335
346
327
357
367
325
297
318
339
308
281
288
275
262
302
248
268
272
232
253
267
236
248
284
250
245
275
239
305
318
280
302
311
277
255
230
196
190
192
208
204
242
288
313
318
292
273
254
243
234
221
231
199
200
228
229
243
252
233
227
249
268
249
289
314
282
283
274
273
249
252
263
225
257
243
217
278
290
300
340
331
328
349
364
382
372
397
418
377
346
399
370
343
357
394
402
400
424
412
408
404
446
425
473
438
435
402
386
364
294
349
329
319
277
306
320
344
306
306
331
329
355
315
298
287
338
290
326
323
294
310
310
322
318
307
242
250
272
285
274
275
336
341
366
338
276
323
268
260
301
278
290
321
311
290
289
306
250
280
261
249
266
279
310
262
254
223
165
213
256
274
276
286
313
332
350
325
320
321
352
417
374
346
336
311
282
316
336
299
299
324
339
322
334
328
306
303
287
325
320
352
369
340
357
285
263
275
267
281
242
213
227
227
285
293
281
289
279
259
225
237
228
217
214
227
278
313
306
296
279
279
269
282
286
314
294
293
303
305
322
323
322
301
297
319
286
280
275
254
258
270
300
302
320
355
330
321
315
255
242
288
274
228
219
199
195
209
237
227
241
271
266
332
384
359
384
393
379
367
434
366
341
360
333
388
362
323
302
285
258
229
227
261
264
234
256
289
222
249
223
205
196
122
112
60
61
51
-5
0
12
24
6
13
-9
-34
19
9
2
41
44
67
80
121
125
157
161
143
183
168
217
237
263
276
253
309
350
351
364
366
304
298
312
337
280
304
296
252
275
242
221
215
206
182
172
154
166
192
151
174
206
204
196
197
149
126
137
99
109
49
68
88
88
87
115
91
10
40
48
77
148
172
170
158
175
203
223
163
140
144
84
108
140
132
133
114
110
82
80
84
58
56
40
-11
-15
26
2
14
-16
-24
-7
-60
41
46
4
10
26
27
54
72
70
71
118
32
65
71
12
61
36
25
31
68
62
95
66
66
101
74
31
78
102
145
152
152
132
128
129
53
93
100
78
79
56
64
92
60
91
90
69
51
28
70
69
61
81
75
32
51
39
44
-3
-6
44
20
-6
9
33
-32
-16
-16
-57
-44
-57
-32
-30
-65
-82
-73
-39
-23
51
51
23
38
18
49
70
36
34
55
70
97
120
79
50
37
45
31
60
55
56
68
53
48
61
54
91
95
105
127
143
136
104
79
68
61
18
28
10
39
27
9
23
19
-20
-54
-38
-38
-52
-43
-48
-19
-31
10
20
-16
-12
-8
38
26
31
47
40
43
65
50
28
62
35
46
50
61
26
41
36
36
46
5
40
12
18
21
1
7
-12
-11
-39
-38
-71
-65
-58
-53
-109
-124
-94
-81
-107
-130
-116
-156
-147
-145
-106
-122
-84
-60
-38
-7
-18
30
63
93
131
128
160
177
174
205
211
239
243
228
226
210
195
217
240
245
217
200
175
141
176
194
226
169
123
182
175
211
174
90
77
65
52
2
-17
-8
-24
-3
-38
-65
-70
-69
-41
-74
-124
-92
-70
-43
-27
-42
-29
-17
-27
-20
-22
-38
0
1
13
23
44
24
-14
10
33
31
27
34
8
47
51
14
46
51
55
68
44
60
32
5
16
22
7
2
8
-49
-33
5
26
25
25
-13
-11
-23
10
49
15
5
-2
44
41
30
47
47
57
86
41
63
69
51
48
22
80
45
50
44
61
97
77
69
64
65
69
20
4
11
12
16
-2
20
18
23
-11
5
-9
9
21
13
21
-14
6
-40
-53
-71
-22
-18
-26
-28
-31
-54
-69
-7
-35
-48
-38
-57
-36
-54
-23
-13
34
-3
27
24
37
61
47
72
51
89
59
106
109
107
130
57
86
60
80
111
55
77
83
39
42
8
-6
-6
-1
-32
-33
-13
-51
-24
-50
-1
23
10
34
31
57
26
14
-14
-6
8
-17
-5
-53
-71
-57
-39
26
37
36
78
82
133
154
160
176
157
195
227
222
234
198
189
188
147
143
123
89
151
158
148
180
185
175
172
164
175
189
118
123
165
91
116
53
6
33
17
31
36
74
109
75
85
43
24
31
56
45
55
93
65
49
13
54
8
-15
60
4
35
34
33
59
81
79
64
70
82
135
126
148
146
201
146
172
134
83
88
45
105
57
90
67
68
86
69
94
70
56
59
39
41
68
37
59
68
85
77
33
58
24
0
34
45
54
77
88
64
87
112
118
138
163
153
89
122
123
137
93
104
133
154
163
170
211
177
161
153
172
189
186
202
174
121
170
175
158
153
130
122
88
94
94
51
60
78
94
96
63
72
84
66
-2
-9
-8
-47
-27
-53
-32
-11
24
69
61
50
68
99
83
83
87
91
107
122
154
169
169
163
160
128
138
118
124
157
168
169
172
170
139
197
225
213
219
193
213
162
120
120
82
89
86
56
1
10
-20
-73
-70
-53
-98
-64
-16
-22
0
-17
0
-36
-61
-30
-11
-41
-33
-43
-36
-27
-35
-24
0
-28
-6
54
32
31
68
81
81
71
89
91
79
35
73
84
69
99
63
42
9
-9
13
-4
-2
25
43
26
12
4
-32
-60
-58
-67
-70
-98
-76
-75
-127
-81
-120
-115
-92
-43
-25
-10
61
78
31
-4
32
34
0
32
57
68
57
51
51
49
52
97
123
81
103
112
118
179
181
165
169
140
142
118
117
146
115
61
68
25
27
39
14
31
7
39
67
50
58
41
41
30
63
73
13
-5
-34
-40
-41
-47
-43
-57
-54
-62
-43
-19
-32
-49
-24
29
-10
22
46
99
87
82
104
17
24
-13
-6
-6
7
14
39
16
11
-11
3
46
42
11
-21
-30
-106
-89
-89
-84
-92
-84
-67
-66
-99
-51
-50
-73
-54
-83
-100
-114
-93
-53
-33
-29
28
4
16
14
0
35
24
22
7
-7
8
31
41
65
61
72
79
86
57
3
17
47
23
9
26
62
62
47
48
61
58
68
12
15
43
32
9
15
10
59
31
-25
-27
-44
-45
-31
-34
-44
-37
-62
8
3
-19
-43
-48
-9
-17
-13
-59
-37
-65
-40
-31
-101
-84
-57
-80
-60
-41
-40
-28
-4
54
39
18
12
-21
-50
-43
-51
-70
-83
-75
-62
-26
-46
-84
-52
-75
-77
-54
-71
-40
-49
-47
28
19
30
55
16
40
70
66
8
17
42
13
4
-41
-71
-35
-25
-81
-52
-56
-11
26
-4
-38
-31
-7
-11
20
10
8
-20
-4
26
75
61
31
2
-40
-21
-27
-79
-113
-103
-113
-143
-95
-88
-84
-84
-78
-56
-60
-66
-72
-64
-42
-19
-12
23
24
11
6
3
25
34
59
55
26
70
32
44
47
33
57
57
46
54
39
-14
36
48
33
49
45
43
92
39
2
24
19
-3
-12
18
-4
34
27
-61
-35
-33
-60
-10
-6
-37
-23
7
21
21
1
10
16
5
-15
-51
-22
-9
-36
-86
-16
-25
-73
-10
-23
-17
-39
0
-35
-41
-66
-57
-13
-31
-70
-62
-74
-77
-25
-35
-53
-53
-19
-34
-31
-70
-35
-45
-61
-74
-95
-34
-30
-12
13
-67
-68
-57
-84
-54
-60
-78
-77
-41
-30
-35
-61
-65
-93
-57
-87
-73
-89
-37
36
-12
10
-40
-58
-27
-31
-27
-39
-37
8
-21
45
47
60
84
72
77
61
94
92
88
78
99
100
121
156
84
88
94
74
70
56
47
-6
53
39
100
64
4
48
29
25
-36
-11
-1
-39
2
18
26
22
18
-6
0
75
28
38
51
44
45
42
29
32
16
-11
26
56
33
59
38
-10
28
13
8
14
-14
-10
-22
-36
-13
-27
3
2
42
78
36
89
76
43
86
48
91
103
81
155
123
89
78
48
51
38
44
23
56
73
34
75
111
127
156
137
136
128
84
49
101
49
48
38
39
56
7
13
-25
-31
-32
-26
-57
-46
-21
3
-22
-49
-74
-58
-14
-33
-48
-85
-49
-57
-59
-51
7
64
70
52
55
63
62
39
20
7
-10
16
3
-9
-62
-41
15
20
24
12
11
35
77
80
81
104
131
157
170
233
200
204
166
141
166
160
161
118
173
201
192
184
135
71
73
132
126
141
100
71
61
58
51
78
104
32
16
46
13
5
-5
-2
38
19
42
31
37
51
49
48
97
155
165
150
160
124
142
104
61
95
98
99
143
188
154
82
89
143
78
126
136
119
120
85
58
18
9
9
44
25
11
60
57
61
63
75
94
78
121
117
98
113
125
97
103
103
85
62
77
92
114
166
176
231
244
239
237
238
221
225
234
229
240
200
208
185
152
77
-17
15
-10
4
67
45
68
57
4
12
-33
-40
-62
-87
-43
-82
-91
-81
-93
-72
-77
-72
-84
-77
-82
-18
27
52
69
97
53
110
179
101
156
133
103
107
142
173
185
126
134
104
46
47
78
83
52
47
31
43
-4
-33
-7
-10
4
50
10
26
11
-4
30
55
46
73
58
36
44
-4
58
29
45
30
-10
18
-12
2
-18
45
82
70
82
80
65
79
43
64
81
67
57
57
79
56
117
99
136
139
115
90
71
80
73
77
94
95
112
109
81
87
39
29
-12
25
38
8
39
49
132
161
163
178
136
144
78
83
69
36
46
-19
9
-22
-64
23
16
4
44
40
53
69
88
110
161
175
175
140
120
93
135
102
111
117
94
127
90
116
117
105
99
106
116
128
94
82
58
73
48
39
30
43
33
48
33
-23
-4
8
-23
-28
-45
-61
-18
-40
-17
-42
-47
-37
-32
-88
-122
-84
-114
-72
-7
30
9
1
19
-43
-4
-10
8
26
-1
14
-29
3
14
16
1
10
53
32
42
97
87
125
114
101
146
154
127
96
104
64
85
100
49
72
85
74
61
44
57
45
86
97
59
52
8
30
36
-13
10
31
39
10
7
10
25
-26
7
42
64
55
56
90
67
75
76
82
62
9
4
27
42
63
123
119
109
103
133
117
98
117
62
86
56
68
50
23
73
70
34
24
22
12
-21
-25
-4
-10
