SAMPLES:	17796
BITSPERSAMPLE:	16
CHANNELS:	1
SAMPLERATE:	16000
NORMALIZED:	FALSE
-16
40
86
99
39
81
71
55
63
-8
5
-32
-47
-11
6
32
-3
27
33
-12
11
5
12
-8
-3
32
44
55
28
12
41
8
15
-12
-1
-11
-53
-33
-24
-60
-38
-34
-79
-38
-42
-31
-14
-12
24
7
-31
-2
16
-17
-18
-6
33
-31
-32
-51
-36
-10
-63
-1
-16
5
24
-6
72
38
-41
-28
-56
-52
-103
-99
-88
-82
-66
-74
-89
-60
-54
-62
-43
-22
-15
-36
-31
-17
-19
21
41
51
80
78
81
73
105
104
94
130
155
148
156
152
134
142
165
107
70
116
102
64
113
102
38
77
91
99
137
138
144
132
77
109
79
58
60
89
52
30
34
59
83
71
89
71
62
45
32
83
64
8
19
21
31
33
9
67
82
53
77
69
50
36
58
42
26
65
86
91
143
112
83
139
117
89
59
51
4
-31
-36
-64
-19
-27
-72
-43
-6
-15
-51
-75
-60
-74
-86
-76
-82
-85
-92
-21
-13
-36
-34
-5
1
31
25
54
108
93
124
124
160
148
141
182
141
207
179
169
157
156
226
189
158
143
135
132
142
144
120
99
116
130
166
149
102
100
132
67
89
94
53
49
13
68
23
-9
4
11
44
58
45
29
37
51
9
-10
-14
-32
-15
-17
-16
-9
4
32
30
20
43
56
34
80
42
40
9
2
-32
-50
-6
-21
1
-16
-7
-16
47
62
21
-9
1
-20
28
49
87
69
100
91
85
99
55
92
96
119
134
115
112
91
73
94
43
68
107
47
13
-14
-31
12
-17
-31
-5
18
24
26
-1
-6
7
44
43
8
-14
25
-13
-3
3
-10
29
45
64
36
25
52
43
32
40
-30
9
11
-11
39
48
58
86
74
85
92
74
79
108
63
49
44
54
71
61
57
31
19
29
14
-25
3
17
30
52
34
41
71
29
18
20
-4
-26
-13
-19
-73
-29
-30
-62
-12
21
21
18
25
-20
-6
13
-6
-22
10
26
23
32
65
70
88
74
75
61
57
94
72
71
79
54
26
7
-8
-29
-30
-37
-3
30
-11
-6
35
28
54
57
14
35
27
-45
-44
-19
-82
-84
-65
-67
-41
-19
1
-17
13
46
24
47
31
67
18
24
73
87
61
74
92
35
79
82
81
123
140
64
68
119
70
25
23
16
58
50
23
-5
-46
-26
-22
-55
-56
-52
-32
-36
-46
-18
-17
-33
-37
-42
-83
-3
24
28
39
21
36
45
38
59
62
68
53
46
45
16
3
-3
48
-10
25
30
15
-1
-22
-36
4
-8
8
11
-36
-38
-77
-75
-142
-138
-121
-146
-119
-62
-65
-51
-68
-58
-58
-54
-78
-66
-74
-102
-103
-92
-71
-113
-92
-85
-53
-53
-66
0
16
10
5
-4
3
-15
28
-16
-4
-64
-83
-79
-93
-98
-45
-41
-60
-17
-11
-48
-111
-93
-62
3
-61
-87
-95
-60
2
-17
-12
-39
-23
-18
8
9
1
47
64
79
85
73
67
39
-31
-8
11
-49
-51
-23
-46
-108
-137
-161
-170
-215
-244
-163
-99
-136
-172
-114
-81
-124
-124
-140
-134
-109
-132
-145
-177
-150
-110
-81
-104
-78
-35
-39
-35
-35
-19
-62
-45
-7
0
-27
-35
-48
-54
-85
-104
-111
-127
-98
-97
-131
-85
-80
-143
-140
-190
-223
-218
-215
-168
-177
-225
-226
-193
-163
-200
-157
-129
-158
-152
-122
-133
-159
-138
-98
-64
-81
-99
-77
-129
-148
-73
-75
-112
-103
-66
-44
-33
-36
-35
-56
-27
-38
-49
-56
-93
-90
-85
-89
-73
-92
-106
-81
-94
-119
-131
-132
-142
-145
-116
-106
-100
-89
-90
-72
-60
-62
-92
-103
-100
-98
-93
-93
-70
-75
-50
-65
-44
-33
-80
-46
-50
-68
-47
-35
-52
-43
-52
-34
-36
-29
-21
-11
46
12
-7
19
59
48
67
92
140
116
83
68
37
23
-25
-35
-26
-22
-58
-16
-75
-83
-78
-87
-48
-53
-2
7
58
59
48
67
23
-26
-4
18
7
-9
-18
-3
-38
6
-24
-60
-30
-46
-40
-5
6
-1
45
45
62
81
68
78
52
11
-40
-33
-55
-90
-81
-85
-121
-132
-133
-220
-173
-143
-151
-159
-161
-149
-162
-144
-162
-165
-181
-174
-177
-186
-187
-167
-151
-133
-167
-119
-127
-77
-44
-49
-54
-60
-83
-40
-45
-48
-78
-99
-92
-68
-47
-132
-111
-110
-22
-28
-4
-23
3
4
-3
50
54
93
75
48
31
-14
-56
-46
-86
-62
-10
-20
-23
-2
-7
0
-21
0
2
-55
-60
-77
-91
-97
-90
-166
-214
-155
-192
-213
-179
-157
-105
-145
-148
-201
-165
-106
-146
-157
-192
-176
-182
-143
-119
-115
-122
-119
-119
-166
-131
-90
-98
-89
-101
-62
2
5
49
26
10
20
-2
1
-26
-36
-46
-116
-85
-84
-126
-70
-93
-86
-81
-85
-67
-73
-71
-77
-45
-39
-50
-22
-11
-31
-54
-38
-4
-29
-28
18
-50
-9
41
47
43
40
18
3
-41
-64
-44
-100
-149
-139
-138
-104
-125
-116
-93
-81
-98
-86
-35
-13
27
25
13
1
43
47
66
90
67
80
122
115
117
108
91
108
58
92
104
77
59
30
20
2
-27
-11
-23
-54
-97
-67
-61
-66
-79
-56
-73
-135
-64
-31
-21
-17
11
16
25
69
76
69
71
41
-6
32
44
25
51
44
28
39
44
55
56
72
60
-5
7
-42
-130
-93
-77
-124
-66
-18
-32
5
-24
-28
20
-9
-63
-19
-40
5
3
-22
-26
-17
-44
-59
-11
-25
-32
-72
-33
-37
6
15
5
-25
-33
36
-12
53
24
6
24
15
55
37
71
95
72
64
20
-27
-50
-22
-35
-63
-17
-4
9
2
-4
1
21
18
10
-26
37
-5
3
4
-25
30
45
43
42
32
64
-15
-55
-62
-87
-75
-79
-62
-57
18
27
40
12
15
-14
-11
36
20
7
-33
0
42
40
50
51
23
40
36
43
8
-15
21
-45
-35
2
-60
-72
-63
1
-61
-62
-94
-109
-97
-116
-36
-58
-50
-34
-30
-14
-8
-30
-28
-7
39
58
21
16
60
110
122
95
103
89
67
74
79
18
-25
6
-42
-54
-70
-60
-74
-40
-39
-36
-42
-66
-60
-61
-38
-3
32
-4
4
-2
-26
-44
-40
-26
13
18
22
14
0
1
22
-2
5
17
17
63
61
44
15
51
23
-34
-64
-92
-90
-80
-65
-57
-34
-35
-72
-73
-90
-45
-79
-93
-45
-57
-38
-22
-20
-70
-77
-70
-72
-48
-65
-73
-84
-61
-42
-24
-25
-1
21
13
-8
-2
66
29
60
70
55
112
95
117
104
59
27
43
84
52
62
15
9
11
-35
-61
-53
-14
-15
-11
-18
-49
-25
-47
-64
-58
-86
-85
-58
-78
-122
-120
-61
-96
-114
-96
-126
-96
-73
-93
-98
-119
-119
-48
-69
-56
-60
-69
-83
-86
-71
-65
-34
-69
-51
-37
-81
-66
-76
-73
-83
-93
-81
-149
-109
-83
-68
-125
-116
-123
-146
-92
-125
-76
-42
-35
-33
-8
-68
-51
-91
-88
-120
-119
-112
-130
-84
-148
-137
-157
-132
-134
-117
-126
-115
-106
-71
-64
-60
-52
-48
-16
17
-23
-10
2
-43
-43
-50
-77
-84
-86
-63
-63
-98
-62
-16
-13
-50
-77
-68
-50
-44
-35
-115
-129
-112
-125
-100
-56
-54
-69
-54
-31
-66
-57
-75
-92
-69
-8
7
-10
-61
-45
-64
-88
-79
-154
-123
-161
-154
-135
-128
-118
-93
-86
-82
-97
-116
-104
-77
-85
-113
-105
-129
-113
-103
-109
-108
-75
-73
-68
-58
-13
-6
-10
9
-2
-5
-11
-104
-108
-84
-30
-25
-22
0
-19
16
-6
-21
-39
-83
-108
-148
-189
-142
-128
-120
-124
-139
-100
-78
-58
-65
-50
-51
-63
-82
-116
-105
-113
-134
-109
-124
-94
-81
-125
-102
-130
-133
-132
-126
-81
-106
-134
-120
-110
-129
-127
-102
-93
-84
-115
-114
-109
-131
-104
-131
-120
-122
-120
-141
-119
-110
-155
-123
-193
-151
-124
-110
-125
-101
-62
-60
-55
-88
-76
-123
-112
-113
-137
-142
-116
-54
-91
-84
-49
-73
-71
-89
-92
-82
-112
-107
-62
-64
-78
-79
-73
-74
-86
-127
-115
-131
-140
-172
-158
-156
-207
-174
-156
-137
-138
-126
-135
-143
-137
-144
-127
-147
-90
-90
-113
-116
-133
-137
-134
-160
-212
-180
-201
-198
-197
-182
-214
-235
-224
-223
-192
-190
-178
-169
-206
-176
-172
-188
-196
-199
-217
-230
-192
-161
-120
-104
-125
-129
-151
-186
-128
-168
-157
-111
-121
-115
-65
-45
-78
-17
7
9
5
-36
-95
-117
-66
-31
-50
-68
-43
-32
-23
-22
-25
-25
-8
-5
-70
-74
-51
-88
-61
-60
-93
-45
-75
-83
-62
-57
-54
-31
9
-19
-62
-68
-26
-25
-43
-66
-65
-60
-71
-49
-72
-111
-132
-161
-214
-247
-256
-271
-236
-209
-210
-175
-147
-163
-135
-117
-164
-150
-116
-150
-145
-118
-149
-172
-165
-150
-117
-111
-87
-56
-58
-45
-97
-80
-103
-117
-147
-124
-156
-144
-115
-106
-104
-86
-105
-95
-99
-88
-78
-101
-94
-97
-94
-67
-40
-92
-90
-81
-78
-112
-67
-73
-62
-11
-32
23
-13
-38
-11
-32
-9
-38
-35
-57
-26
-1
15
-7
-61
-76
-122
-126
-120
-105
-143
-131
-112
-94
-101
-89
-88
-103
-68
-88
-103
-47
-115
-149
-109
-128
-136
-123
-104
-124
-134
-169
-173
-126
-148
-169
-131
-133
-147
-111
-74
-63
-34
48
62
24
26
-5
-85
-88
-103
-63
-30
-23
-4
23
51
-3
35
-14
20
-7
56
61
16
20
-19
10
-30
-6
-16
2
1
18
77
44
49
13
-28
-20
-29
-55
-45
-40
-38
-3
-47
17
49
-7
-23
-36
-28
-16
58
50
32
18
9
-10
-33
-33
-49
-46
-20
-11
-45
-22
19
-33
-12
-5
22
28
55
45
39
47
-14
-13
0
-26
12
0
-41
18
-4
-28
-49
-31
-44
-86
-45
-82
-97
-48
-36
-50
-30
-13
-12
-15
-52
-38
31
41
19
17
-6
-39
-49
-34
-39
-38
-10
-40
-12
26
36
37
33
12
4
46
66
71
75
87
42
2
-26
-13
-16
8
9
34
73
34
-10
-28
-42
-100
-89
-38
-44
-73
-57
-31
-44
-73
-89
-62
-71
-40
-42
-60
-104
-120
-99
-88
-62
-77
-91
-61
-62
-59
-33
-73
-53
-52
-83
-106
-58
-86
-106
-76
-73
-98
-136
-108
-66
-99
-102
-85
-114
-91
-130
-109
-105
-123
-109
-64
-48
-7
-18
-52
16
-37
-22
-8
-10
-37
-26
-16
-53
-65
-63
-102
-62
-33
0
45
86
99
145
103
91
114
92
92
50
13
-18
-29
-59
-35
-22
-10
-45
-41
-67
-60
-78
-153
-145
-137
-150
-171
-197
-177
-179
-198
-177
-173
-200
-204
-168
-182
-167
-103
-91
-98
-94
-106
-87
-90
-114
-69
-62
-47
-20
5
27
90
67
91
86
83
117
111
82
36
45
13
13
-30
-40
-64
-28
-23
-25
-38
-57
-71
-96
-85
-151
-124
-123
-67
-62
-101
-76
-107
-90
-116
-118
-93
-68
-35
-20
34
-1
59
40
23
74
49
20
50
41
64
122
77
119
139
116
60
55
33
21
-40
-36
-27
-57
-37
-39
-69
-85
-50
-81
-58
-82
-134
-100
-73
-111
-130
-125
-125
-85
-66
-45
-11
-1
-11
14
-27
-14
-12
-10
5
3
35
50
55
-30
-4
-5
-19
-30
-41
-54
-46
-54
-49
-38
-27
-21
-13
-19
-46
-43
-70
-78
-3
28
27
27
45
13
-12
-12
-25
-18
-54
-33
10
-3
-3
30
67
44
10
74
52
73
66
51
8
36
65
3
-10
-19
8
-12
-61
-43
-65
-43
-52
-84
-42
-64
-54
-40
-63
-55
-36
-69
-72
-55
-57
-22
-7
25
31
40
83
129
137
127
121
157
124
139
169
156
198
152
131
97
100
101
102
116
66
91
104
85
79
72
94
71
49
73
61
2
-20
-71
-86
-86
-101
-122
-106
-22
-57
-19
-23
-4
-50
-56
-76
-88
-43
-42
0
4
35
19
18
34
5
27
59
50
56
79
93
91
96
110
93
117
150
117
85
85
63
44
61
87
45
50
69
71
102
81
55
70
72
125
128
100
65
42
51
46
49
45
67
90
69
96
103
128
136
57
97
49
46
43
51
36
53
75
20
87
78
80
100
92
83
46
82
76
54
99
135
87
116
133
125
118
91
140
128
99
39
7
30
26
25
105
95
106
99
85
107
83
18
3
-5
-40
-35
-65
-76
-77
-113
-107
-94
-62
8
-18
20
34
6
88
62
75
71
62
106
130
119
121
104
149
159
144
195
165
150
163
177
124
153
104
95
110
95
87
60
70
68
103
86
89
94
99
117
94
116
123
114
155
132
126
153
161
105
57
116
92
119
133
103
156
198
162
167
176
249
207
190
232
219
233
176
180
132
152
137
126
153
180
176
118
155
111
104
171
188
185
178
154
134
99
77
73
36
24
62
10
17
31
-2
28
35
72
91
151
154
103
168
211
261
262
223
258
258
295
276
245
277
285
275
261
283
284
282
296
262
272
327
310
241
241
203
182
177
193
180
185
202
205
214
174
136
110
164
134
144
120
118
106
86
122
99
148
159
184
206
226
247
237
233
211
185
251
243
240
229
254
256
235
247
216
177
198
257
216
261
274
249
290
233
238
262
239
259
256
215
224
209
195
222
195
221
254
278
344
324
305
292
270
270
292
290
299
287
288
318
325
362
356
343
353
346
301
310
310
287
270
264
289
285
310
317
257
212
204
173
187
160
116
139
141
158
146
161
199
256
256
240
256
277
271
187
178
148
118
126
142
165
160
217
213
211
252
244
263
259
254
293
261
282
272
244
281
290
304
222
219
237
183
185
148
104
143
183
163
143
142
126
107
113
98
117
149
152
152
117
146
149
157
171
161
209
227
248
189
261
322
269
295
294
309
328
305
356
314
312
321
310
335
323
279
291
306
330
293
300
297
290
295
285
301
244
273
254
282
242
215
214
198
174
171
206
183
203
185
166
162
139
165
212
174
159
173
151
135
134
151
126
149
173
168
136
165
240
220
221
250
265
255
269
215
218
259
222
220
264
304
293
287
290
327
339
320
304
308
276
273
247
233
241
263
256
205
205
203
217
217
265
239
237
204
168
174
187
162
123
139
73
179
225
143
168
180
219
221
244
221
257
289
288
331
304
333
267
246
254
215
241
226
242
204
204
235
190
200
210
185
178
201
202
187
151
135
92
120
114
116
128
78
77
20
36
26
21
37
53
85
55
73
90
77
108
163
191
212
252
257
259
298
250
285
283
295
277
288
286
292
334
259
250
227
262
271
300
283
305
259
223
196
162
188
225
180
139
141
131
140
94
90
81
88
98
54
31
14
2
19
31
0
5
16
-10
-20
-14
9
-27
-23
7
-29
-33
-23
-14
-52
-9
37
60
103
80
95
81
84
74
62
47
79
78
97
82
71
76
86
74
82
97
-2
18
15
16
-10
-30
-82
-30
-44
-19
20
-10
-14
-7
-2
-57
-27
-11
-36
-57
-62
-47
-14
39
29
67
108
84
108
85
102
135
133
132
123
146
129
131
89
66
23
13
45
16
58
48
100
98
97
76
88
73
83
41
3
62
20
-36
-18
-14
-12
-28
-17
33
-15
-20
-12
-10
-33
-42
-97
-11
26
37
75
46
10
-21
-28
-48
-38
-67
-34
-25
-73
-76
-86
-64
-54
-13
14
-43
56
84
50
37
20
-18
-7
-2
-36
-21
-24
-16
43
27
8
29
113
104
51
78
3
51
62
58
83
14
12
53
43
66
28
-1
-28
-36
32
40
27
27
30
22
78
73
62
69
40
49
48
54
25
36
-17
-40
-31
-59
-4
-2
24
66
92
82
91
31
29
24
-37
-66
-73
-39
-69
-70
-65
-44
-32
37
13
3
14
-41
7
16
15
32
58
74
36
35
25
73
104
75
118
104
90
115
69
79
88
88
58
89
125
119
99
70
81
47
81
21
-4
-11
-22
-23
26
74
14
11
24
25
11
39
-2
-36
-27
-19
-68
-59
-16
-22
-27
-55
-80
-73
-99
-91
-97
-68
-71
-68
-32
-27
-19
-28
-22
-11
-31
-34
-37
-40
-13
-26
-13
-42
2
1
37
81
68
38
6
-35
-59
-66
-48
-33
-2
29
16
-2
14
-13
-1
-13
-17
-20
2
7
26
48
51
50
47
8
29
50
60
70
10
56
45
31
57
40
47
98
99
60
68
67
42
17
17
-1
-14
11
-6
17
26
24
42
11
14
-9
-10
-13
-40
-2
30
37
34
61
82
123
61
27
17
19
25
-27
-7
4
-26
-54
-70
-10
-11
-17
2
-50
-67
-90
-133
-160
-169
-158
-83
-85
-18
-24
-19
-17
-18
18
-21
8
-5
-12
26
8
40
62
57
60
65
33
40
90
101
92
89
101
69
49
109
117
122
120
93
122
103
57
7
28
23
-6
44
46
25
43
10
-21
9
0
-7
-9
-2
-31
-50
-72
-67
15
6
19
2
-13
-27
0
-6
-19
-5
-25
38
48
95
119
87
119
123
94
66
64
21
18
21
26
101
68
67
122
138
158
154
123
85
113
102
106
116
81
38
107
68
16
104
127
113
78
93
100
70
120
155
162
158
194
207
179
199
159
139
94
103
134
154
107
101
142
106
165
157
158
158
132
183
170
177
179
180
195
148
149
148
98
123
123
50
33
48
49
55
63
126
84
116
141
129
106
103
111
113
182
159
155
203
180
111
120
118
88
112
103
128
111
87
59
91
100
84
115
96
141
154
165
181
183
177
181
175
198
194
191
150
137
122
89
76
64
53
2
9
38
49
43
37
17
52
64
75
109
98
83
100
75
55
56
42
21
31
57
30
48
14
26
30
49
66
52
64
73
64
39
49
26
5
-8
-18
-45
-28
-32
-32
-5
-11
-23
-35
-80
-83
-71
-19
-11
-38
-30
-108
-79
-52
-74
-47
-19
-27
-5
-3
43
33
-22
-29
-40
-94
-117
-86
-73
-66
-94
-68
-79
-109
-78
-69
-75
-64
-60
-34
-15
-7
-7
-17
32
7
6
-25
-60
-4
-8
-35
-26
-3
32
19
6
1
-34
-59
-21
-6
34
66
53
58
68
63
76
23
-25
-64
-135
-148
-154
-122
-114
-145
-107
-106
-141
-136
-130
-107
-91
-76
-30
-19
-42
-55
-14
-56
-84
-121
-153
-173
-161
-154
-86
-93
-88
-40
-36
2
40
9
46
51
47
94
50
8
8
31
-23
-5
-7
12
-24
-13
15
-24
-29
-51
-84
-107
-91
-128
-108
-132
-170
-162
-165
-195
-224
-205
-244
-173
-151
-144
-95
-81
-18
-3
9
-60
-84
-74
-112
-120
-113
-130
-118
-107
-98
-50
-28
-19
-10
-7
-23
35
20
-22
-24
-42
-59
-82
-92
-127
-177
-139
-163
-212
-193
-215
-223
-249
-266
-209
-207
-207
-171
-172
-159
-148
-112
-133
-162
-150
-173
-147
-146
-104
-92
-107
-109
-123
-98
-97
-120
-68
-27
-68
-103
-105
-117
-110
-125
-167
-170
-166
-139
-153
-100
-75
-83
-99
-93
-124
-118
-72
-104
-128
-144
-171
-212
-197
-217
-219
-234
-248
-207
-256
-255
-241
-222
-239
-242
-211
-251
-276
-248
-240
-247
-237
-267
-235
-187
-205
-212
-133
-127
-114
-108
-111
-56
-58
-45
-77
-69
-93
-116
-123
-131
-96
-89
-147
-165
-139
-148
-127
-167
-163
-186
-188
-221
-185
-227
-240
-224
-266
-246
-222
-244
-264
-253
-252
-258
-235
-229
-173
-167
-187
-172
-161
-175
-203
-154
-131
-101
-60
-77
-77
-59
-11
65
61
24
15
-8
-17
0
-8
-11
-47
-52
-34
-69
-51
-46
-45
-59
-72
-72
-99
-126
-178
-174
-167
-160
-171
-188
-194
-251
-246
-262
-273
-224
-248
-253
-245
-210
-183
-147
-152
-111
-106
-120
-100
-81
-13
16
38
24
53
50
9
11
25
27
2
-36
6
4
-29
-53
-52
-91
-144
-123
-135
-116
-156
-208
-215
-242
-205
-222
-195
-190
-179
-165
-223
-249
-239
-238
-256
-233
-171
-137
-131
-107
-121
-97
-84
-120
-148
-132
-137
-157
-148
-73
-91
-75
-2
-5
-3
11
-10
15
-19
-16
-28
-44
-37
-80
-55
-49
-60
-47
-72
-45
-37
-99
-162
-147
-143
-169
-183
-209
-221
-229
-179
-190
-224
-190
-173
-231
-197
-222
-232
-240
-279
-251
-256
-265
-267
-238
-206
-208
-230
-179
-164
-167
-115
-92
-59
-36
-55
-40
-16
39
36
64
123
81
109
127
118
134
96
93
82
126
136
78
118
121
106
155
126
121
82
71
70
20
14
-15
-8
-13
-54
-17
-12
-11
-48
-64
-50
-117
-97
-107
-104
-111
-162
-160
-171
-169
-156
-157
-140
-152
-123
-109
-63
-16
-11
10
-43
0
-25
-38
-3
-17
-35
-35
13
-38
-11
9
23
65
97
126
142
163
164
136
98
145
119
69
69
103
95
40
-9
6
-24
-51
-71
-70
-34
-41
-38
-55
-46
-17
-36
-75
-58
11
-20
-9
49
67
101
129
157
135
148
177
148
156
214
193
178
151
181
160
154
153
149
194
130
167
140
136
138
117
103
56
88
129
112
40
20
8
-25
-15
-21
-36
1
-19
-41
-56
-86
-125
-151
-120
-168
-151
-134
-139
-148
-171
-184
-154
-119
-132
-74
-72
-58
-44
-71
-45
-50
-36
-52
9
64
68
92
52
83
107
66
30
12
39
81
82
81
73
77
22
21
61
37
29
-24
-8
-28
-41
-63
-61
-36
-64
-22
-29
-16
-5
-70
-72
-100
-99
-80
-71
-93
-74
-68
-60
6
4
0
23
66
23
34
64
49
47
66
51
30
23
-11
-20
-13
-20
-27
21
-28
-74
-62
-83
-80
-54
-37
-20
-35
-2
-11
-87
-74
-88
-81
-120
-183
-224
-188
-225
-264
-234
-231
-180
-151
-74
-19
47
65
45
69
48
30
43
25
41
93
95
103
133
135
127
115
131
137
98
148
161
165
160
170
201
153
104
124
42
24
30
27
25
22
-44
-66
-33
-54
-65
-38
-24
-24
-53
-106
-73
-122
-147
-193
-183
-151
-99
-58
-13
1
-8
50
66
93
55
26
8
9
-21
-92
-96
-133
-144
-89
-23
-28
24
12
22
48
14
38
79
124
208
228
223
213
208
193
125
81
83
55
59
103
114
144
108
140
184
230
206
229
253
237
260
222
165
183
203
194
198
228
233
124
154
116
131
130
167
192
140
145
144
162
140
167
126
103
84
50
64
55
26
19
43
103
108
127
164
194
164
168
129
123
141
137
145
165
114
115
147
113
120
90
86
116
109
90
85
76
100
75
85
112
123
114
78
83
94
58
30
-26
2
19
-19
6
-35
12
38
46
4
-25
18
31
49
48
20
24
36
44
74
103
98
130
108
113
188
181
217
197
223
210
176
140
145
219
188
173
155
186
209
181
215
241
198
185
177
189
192
162
192
155
108
150
124
77
70
97
108
58
83
74
78
76
109
117
127
113
83
73
28
6
-16
15
24
103
103
145
180
190
250
288
249
282
235
267
295
262
227
158
136
123
143
115
141
166
145
135
199
216
221
198
193
253
250
197
201
217
204
197
177
210
207
206
225
187
212
268
272
279
303
277
293
295
273
220
236
236
224
290
311
285
295
314
318
345
335
309
302
374
283
237
268
276
272
242
218
205
200
185
213
217
204
225
266
228
213
187
181
203
188
212
246
286
279
243
261
251
287
293
303
357
288
324
328
320
331
334
313
294
308
280
313
308
270
259
279
287
278
265
346
356
341
347
310
303
314
260
256
263
263
279
236
240
274
304
272
280
323
317
327
306
300
285
250
228
213
218
202
223
214
201
229
180
185
172
160
175
233
231
217
263
260
296
290
243
235
227
232
242
276
236
250
250
218
191
199
197
207
231
154
215
192
180
217
193
187
154
92
107
84
82
144
132
151
192
162
183
204
181
213
225
184
224
207
241
289
261
294
291
348
308
281
259
241
234
205
197
191
218
240
196
155
140
163
139
143
217
213
157
204
178
138
152
139
138
129
130
125
126
173
154
146
185
172
170
186
219
228
193
153
147
149
171
172
204
195
182
177
180
114
119
86
61
110
98
103
106
104
92
86
147
110
84
109
94
98
74
131
105
133
101
94
142
150
128
102
94
82
111
80
94
78
100
107
104
131
137
147
134
128
103
57
92
64
51
37
50
2
-26
28
15
24
-4
54
57
63
72
59
62
51
48
17
24
3
-26
-11
-39
2
-17
-57
-48
-118
-134
-117
-176
-139
-95
-140
-115
-86
-85
-126
-113
-113
-109
-78
-76
-69
-88
-117
-70
-35
-105
-85
-94
-120
-111
-173
-131
-134
-159
-95
-44
6
-80
-87
-76
-89
-96
-130
-137
-133
-91
-42
-66
-61
-30
-50
-84
-61
-57
-121
-123
-107
-114
-78
-59
-36
-26
-72
-112
-102
-144
-157
-175
-226
-221
-179
-193
-163
-155
-180
-150
-156
-152
-167
-192
-208
-232
-207
-179
-180
-158
-110
-107
-118
-93
-55
-48
-39
-53
-63
-107
-74
-25
-71
-43
-10
36
-7
12
44
-47
-61
-43
-99
-141
-181
-156
-177
-157
-166
-178
-173
-197
-204
-214
-194
-187
-181
-238
-184
-187
-236
-234
-238
-265
-235
-237
-249
-230
-219
-197
-211
-204
-199
-150
-155
-75
-100
-108
-90
-107
-127
-147
-144
-158
-125
-118
-75
-130
-119
-121
-143
-116
-157
-168
-155
-188
-186
-200
-164
-188
-182
-151
-178
-213
-178
-226
-250
-213
-249
-262
-309
-315
-307
-291
-278
-305
-295
-268
-286
-276
-301
-316
-330
-299
-293
-219
-210
-254
-239
-252
-247
-265
-241
-280
-272
-232
-213
-186
-206
-174
-182
-159
-153
-180
-163
-214
-236
-290
-276
-273
-271
-265
-227
-247
-268
-288
-297
-284
-284
-272
-287
-290
-309
-310
-274
-286
-333
-317
-374
-368
-334
-318
-300
-333
-337
-316
-293
-306
-252
-242
-281
-278
-257
-256
-250
-246
-258
-261
-257
-223
-250
-282
-210
-262
-291
-292
-319
-365
-347
-324
-369
-393
-415
-409
-446
-465
-458
-441
-460
-465
-466
-434
-465
-411
-381
-393
-392
-369
-342
-341
-326
-361
-342
-366
-353
-320
-320
-274
-304
-312
-288
-254
-246
-269
-256
-248
-303
-377
-401
-422
-366
-388
-393
-356
-368
-361
-376
-383
-402
-435
-386
-357
-378
-392
-382
-383
-385
-368
-360
-334
-337
-351
-284
-267
-298
-265
-276
-258
-257
-232
-236
-219
-182
-225
-233
-189
-186
-211
-245
-261
-254
-202
-220
-241
-245
-255
-309
-304
-261
-308
-321
-312
-317
-341
-342
-363
-355
-389
-378
-375
-359
-371
-362
-302
-317
-282
-280
-304
-250
-268
-277
-278
-293
-311
-323
-304
-309
-309
-308
-275
-224
-226
-165
-175
-159
-165
-170
-173
-197
-175
-156
-160
-202
-197
-242
-184
-195
-185
-211
-266
-247
-246
-241
-249
-270
-262
-238
-261
-233
-256
-323
-321
-339
-362
-352
-370
-454
-475
-477
-473
-446
-428
-374
-398
-396
-358
-386
-356
-331
-329
-357
-315
-333
-343
-359
-356
-341
-318
-266
-259
-245
-251
-191
-205
-184
-190
-145
-128
-130
-152
-189
-150
-223
-217
-230
-262
-241
-265
-275
-286
-296
-345
-375
-380
-346
-302
-292
-311
-347
-328
-347
-305
-302
-299
-315
-354
-356
-391
-403
-375
-383
-395
-397
-395
-422
-386
-368
-387
-316
-262
-264
-217
-183
-173
-111
-130
-124
-126
-145
-120
-121
-156
-122
-153
-143
-102
-132
-119
-182
-148
-154
-134
-120
-148
-115
-158
-168
-145
-122
-149
-159
-201
-219
-199
-262
-284
-271
-269
-225
-239
-198
-186
-182
-124
-100
-84
-90
-90
-103
-106
-112
-113
-120
-77
-101
-159
-133
-142
-145
-120
-98
-140
-119
-194
-155
-174
-221
-214
-252
-210
-246
-276
-286
-234
-259
-279
-218
-210
-197
-147
-203
-190
-188
-174
-163
-168
-184
-197
-177
-114
-108
-139
-120
-136
-139
-154
-167
-119
-100
-146
-95
-93
-133
-109
-142
-149
-148
-183
-179
-243
-239
-211
-152
-122
-99
-82
-95
-88
-86
-115
-135
-93
-89
-65
-86
-108
-27
-29
-30
30
35
49
81
140
100
77
82
140
150
155
138
109
90
113
147
151
171
156
151
69
90
14
11
4
15
37
22
25
-31
-26
-50
-146
-180
-120
-182
-205
-158
-181
-148
-122
-83
-75
-54
-34
-55
-65
-40
-92
-92
-127
-87
-97
-102
-47
-127
-76
-30
-51
-56
-29
13
3
9
-40
-76
-92
-76
-107
-137
-134
-181
-144
-163
-210
-182
-241
-247
-230
-253
-238
-265
-222
-234
-235
-218
-159
-157
-158
-164
-180
-128
-84
-55
-6
-11
14
46
32
57
47
94
145
169
201
178
190
264
226
231
258
224
179
231
207
181
212
200
223
226
228
177
162
120
121
153
115
78
103
104
42
33
40
5
-33
-53
-19
-79
-121
-60
-41
-64
-94
-90
-73
-64
-66
-72
-107
-97
-80
-95
-117
-117
-125
-115
-53
-56
-74
-139
-155
-149
-135
-157
-162
-185
-167
-145
-132
-117
-159
-149
-141
-153
-184
-188
-211
-240
-246
-204
-174
-184
-168
-163
-176
-216
-187
-218
-171
-140
-122
-109
-96
-28
17
1
25
107
140
132
80
99
173
183
166
156
197
192
186
190
183
198
178
198
177
221
216
197
194
208
199
216
232
232
230
212
246
203
215
226
232
200
230
238
241
260
240
301
250
259
249
240
242
241
270
239
246
260
235
211
176
148
137
130
126
98
58
0
9
46
34
53
47
35
-26
-68
-86
-130
-134
-167
-159
-180
-183
-175
-226
-227
-208
-226
-200
-184
-186
-187
-211
-219
-147
-147
-191
-191
-224
-251
-243
-235
-242
-247
-277
-252
-204
-220
-199
-197
-207
-184
-163
-187
-153
-151
-162
-87
-52
-24
-45
-47
-61
-44
-63
-62
-58
-44
-72
-79
-30
2
-5
-9
-14
2
59
46
111
162
198
229
268
302
279
340
355
380
435
432
439
438
457
477
414
388
406
421
405
385
361
335
286
241
281
208
193
162
170
113
83
98
85
97
36
-3
-22
-35
-87
-87
-91
-65
-107
-113
-91
-54
-70
-92
-79
-80
-69
-64
-76
-19
-19
-32
-42
-76
-27
-35
-96
-106
-109
-67
-117
-139
-131
-174
-144
-174
-190
-196
-196
-237
-224
-218
-243
-240
-297
-263
-294
-306
-270
-265
-271
-217
-277
-241
-248
-244
-193
-222
-236
-220
-239
-281
-228
-240
-226
-198
-166
-120
-103
-61
-34
-5
72
98
210
260
276
293
290
304
291
287
311
337
343
385
404
418
448
463
472
491
526
558
593
572
589
630
608
616
638
577
586
597
531
524
511
462
475
424
414
340
290
269
251
276
173
177
48
19
-16
-11
-28
-80
-114
-142
-122
-172
-193
-248
-273
-294
-357
-374
-384
-417
-434
-480
-477
-439
-412
-398
-408
-397
-412
-398
-353
-372
-379
-332
-349
-301
-311
-342
-342
-338
-311
-301
-336
-373
-404
-430
-382
-393
-363
-374
-378
-336
-383
-389
-394
-455
-412
-347
-395
-308
-278
-292
-285
-268
-242
-216
-233
-210
-193
-180
-140
-64
-22
43
110
119
213
251
316
361
420
452
493
571
637
647
725
787
802
808
840
840
841
850
867
887
864
847
873
847
824
806
735
694
665
602
533
506
459
401
358
308
245
221
182
88
46
3
-76
-137
-144
-195
-262
-266
-299
-267
-243
-235
-230
-267
-284
-305
-343
-358
-395
-425
-454
-452
-414
-398
-363
-376
-373
-326
-374
-345
-368
-389
-418
-400
-431
-428
-396
-409
-361
-407
-409
-403
-453
-462
-460
-501
-518
-512
-476
-465
-445
-477
-475
-493
-465
-495
-566
-510
-469
-477
-427
-348
-313
-275
-221
-154
-76
-65
-29
-44
-5
5
36
73
121
200
256
310
361
395
437
468
490
545
527
564
568
586
622
595
604
665
652
668
641
667
645
627
589
565
526
503
509
524
529
519
511
475
422
369
313
288
200
119
100
46
68
5
-20
-23
-50
-65
-67
-138
-194
-174
-168
-225
-215
-228
-228
-190
-257
-230
-244
-277
-273
-246
-223
-290
-338
-321
-314
-292
-261
-309
-341
-288
-260
-262
-325
-394
-400
-377
-381
-405
-406
-424
-446
-466
-437
-445
-438
-490
-472
-455
-526
-574
-618
-645
-656
-606
-627
-610
-551
-541
-545
-518
-516
-502
-493
-448
-381
-368
-321
-246
-219
-190
-137
-112
-48
8
77
92
85
122
117
159
254
270
312
339
354
363
372
377
336
418
422
433
425
407
446
472
491
494
504
528
517
516
546
525
510
562
552
544
546
519
458
416
432
381
395
360
325
289
304
299
283
292
241
240
203
133
99
102
49
0
-72
-46
-67
-147
-179
-200
-216
-221
-251
-241
-212
-230
-212
-188
-197
-238
-270
-337
-342
-346
-350
-346
-354
-348
-325
-291
-297
-305
-322
-316
-307
-274
-282
-326
-321
-356
-351
-411
-429
-481
-501
-554
-588
-560
-595
-577
-633
-583
-579
-560
-560
-566
-488
-487
-458
-437
-415
-454
-418
-318
-283
-250
-181
-149
-84
-15
18
76
144
199
190
245
322
381
428
439
445
431
513
517
505
507
541
542
537
570
603
636
580
629
628
623
605
587
601
578
564
579
583
562
549
527
523
497
483
453
455
484
468
410
399
369
332
334
260
282
230
197
153
27
4
48
4
-49
-68
-117
-119
-129
-191
-220
-235
-243
-233
-228
-239
-268
-264
-253
-287
-304
-335
-347
-342
-362
-368
-362
-334
-325
-318
-304
-299
-295
-301
-284
-278
-284
-291
-247
-255
-273
-256
-296
-279
-275
-333
-333
-313
-354
-349
-389
-344
-301
-298
-301
-247
-244
-247
-238
-222
-182
-160
-159
-111
-122
-61
24
66
106
67
104
98
140
159
130
168
188
218
251
373
432
432
484
485
502
533
549
506
487
543
527
582
638
596
596
607
602
626
649
656
633
640
635
648
675
659
679
625
558
521
492
450
447
428
346
330
340
317
239
218
234
191
96
53
96
57
51
48
-1
4
-16
-45
-119
-104
-98
-146
-181
-237
-225
-251
-206
-211
-221
-195
-221
-216
-249
-265
-260
-237
-275
-242
-186
-189
-153
-85
-73
-94
-52
-40
-48
-28
-59
-93
-63
-69
-95
-138
-127
-168
-136
-176
-243
-239
-288
-305
-299
-287
-330
-372
-378
-321
-320
-297
-268
-271
-240
-245
-179
-174
-157
-100
-72
-87
-104
-50
-9
-15
-5
80
136
214
254
313
346
342
379
431
445
357
394
425
377
396
412
420
400
490
494
487
461
466
463
407
452
436
474
433
465
468
426
444
436
411
364
334
328
277
280
305
300
226
207
206
161
171
107
73
32
7
19
-38
-30
26
-14
-27
-28
-33
-21
-31
-82
-90
-115
-71
-115
-146
-70
-40
-26
-82
-65
-110
-96
-122
-179
-186
-199
-184
-150
-128
-100
-101
-156
-148
-135
-119
-157
-181
-173
-166
-162
-157
-174
-210
-208
-222
-171
-204
-195
-232
-263
-264
-241
-222
-192
-197
-210
-252
-233
-225
-225
-179
-217
-231
-243
-219
-190
-192
-173
-147
-112
-24
43
69
96
120
153
105
131
224
232
287
353
385
368
311
307
296
358
328
331
388
479
504
453
430
474
503
551
583
535
536
507
461
445
477
441
457
417
484
438
325
335
286
252
199
285
211
206
154
117
21
0
82
49
68
65
30
-17
-18
-1
-73
-90
-34
-48
-116
-78
-62
-137
-180
-146
-201
-247
-203
-237
-252
-225
-221
-223
-200
-166
-177
-194
-196
-194
-204
-192
-130
-210
-189
-147
-219
-253
-208
-264
-257
-182
-158
-210
-173
-55
-151
-183
-178
-174
-209
-259
-287
-251
-295
-223
-219
-256
-248
-232
-193
-233
-264
-269
-160
-120
-126
-138
-87
-47
-62
-52
-32
-12
57
143
118
108
227
241
183
221
330
299
349
337
360
269
288
298
260
328
441
345
247
357
456
368
262
449
473
291
306
467
186
280
472
212
245
358
249
204
316
237
79
72
345
211
-25
177
92
-71
67
69
-147
-27
-5
-213
-112
-81
-217
-146
-85
-153
-170
-40
-100
-310
-140
-98
-244
-164
-98
-118
-180
-241
-211
-152
-250
-99
-208
-148
-7
-153
-81
136
-15
-47
41
-121
54
-66
-166
-9
-46
-49
-57
-60
42
2
-242
-84
111
-106
-41
121
40
-28
38
-115
-26
23
-285
-56
14
-327
-220
-134
-98
-63
-115
-147
22
-58
-97
38
9
47
-101
-4
122
144
41
254
18
16
342
368
232
237
251
288
517
262
307
422
195
109
248
356
174
37
131
278
426
206
-93
307
195
183
487
128
322
568
208
262
576
35
-216
269
283
-179
202
201
-185
108
394
26
-412
213
-32
-172
255
121
-408
154
275
-238
-9
-35
-438
-204
291
-226
-320
272
-229
-185
328
327
-424
-120
241
-341
-216
196
-181
-376
-88
-21
15
-45
-426
-481
67
44
-108
37
-316
-132
-44
147
319
-588
-410
315
25
-276
-175
-154
-147
-242
-70
349
-115
-350
-222
215
175
-224
-224
-76
-362
-123
125
-556
-177
175
-442
-209
311
-277
-231
87
-188
-7
80
-485
-53
295
233
-180
-64
259
78
-24
260
487
43
58
301
664
186
-104
220
525
515
205
253
460
208
276
571
283
-1
251
-70
409
651
-294
-385
709
444
-53
247
268
156
-152
431
191
-232
-138
14
-156
481
-21
-849
-67
201
-237
-759
235
-324
-990
142
270
-585
-476
-36
-528
-222
140
-119
-758
-33
139
-220
-73
-126
-261
-11
94
-264
-73
150
-526
-40
177
168
70
-485
47
3
-88
-60
-256
-107
-94
-279
-203
309
-248
-705
-288
483
-45
-402
-175
-134
8
-114
-152
-171
-334
-401
154
-137
-173
-158
-674
157
234
18
-125
-336
-5
139
-213
202
-10
-427
281
718
26
204
174
-329
581
584
65
49
-14
50
692
534
-276
-73
378
573
297
525
106
213
288
195
957
192
-411
-89
749
823
-279
-612
-116
200
74
266
-418
-225
-491
463
364
94
-530
-495
437
615
-89
-612
28
145
-237
365
55
-376
-81
94
271
122
-217
-301
-72
334
159
-143
-102
74
-13
-216
299
128
-712
248
-142
52
-106
-158
-347
0
272
-118
-489
-162
274
-532
132
-343
-152
-592
224
89
-363
15
263
-588
-115
595
-110
-498
-48
288
-339
35
223
-99
-212
397
10
-226
-215
368
-317
-254
380
-212
-324
-80
102
22
-48
114
-217
-122
431
79
-224
292
5
134
173
81
167
-27
112
-234
172
326
-323
-178
757
-47
-200
475
36
259
302
-120
572
569
-357
224
415
-49
4
224
85
59
-10
291
-97
396
57
-744
601
362
-676
9
641
-455
40
-36
-120
-200
-122
100
-282
-494
283
-87
-658
-145
-241
-500
147
-404
-514
59
181
-514
-512
263
-460
-96
-80
-222
-218
220
-473
-341
551
-543
-198
183
-385
254
186
-656
198
-195
-283
435
-234
-407
-54
119
-22
-202
-333
71
-58
-493
256
-455
-129
123
-474
-11
386
-613
-453
382
-428
-661
459
-104
-618
279
99
-22
-318
-190
139
-176
107
-115
-114
181
312
-372
169
397
-226
-267
396
399
167
-281
183
363
466
287
93
524
146
356
834
225
-154
765
489
-57
503
76
5
308
48
232
67
269
-20
-592
480
269
-353
-138
-286
-286
212
262
-601
-497
209
-5
-930
6
-232
-707
98
144
-1102
-111
485
-1001
-372
155
22
-642
-344
-380
-227
-11
-257
-415
-70
82
-424
-537
-76
-96
15
-205
-456
-250
-282
-113
237
-314
-475
-36
105
-576
-67
458
-393
-605
632
50
-701
-215
98
8
35
-12
-276
-139
-35
-104
110
137
-251
-94
174
74
-355
125
209
138
118
-82
95
159
308
502
127
229
296
367
453
164
350
667
300
427
532
391
439
797
667
221
631
698
410
627
242
217
1196
488
-66
303
430
68
30
255
907
391
-55
132
127
445
-78
-629
261
260
-242
-443
77
280
-407
-921
343
368
-1008
-456
250
215
-749
-566
603
-94
-866
-431
406
-733
-398
123
-497
-537
-89
2
-118
-781
-652
-477
-636
88
-651
-608
-121
-239
-694
-327
-419
-956
-529
-64
-276
-596
-721
-723
-449
-470
-349
-218
-409
-694
-369
-25
-544
-793
-200
18
-50
-349
-476
-91
14
-86
-23
273
102
-140
54
699
439
152
644
991
592
427
756
845
888
851
1152
1534
814
693
1204
1613
944
671
1133
1329
1221
1029
1143
991
720
898
850
396
292
776
877
318
299
296
38
10
301
34
-29
-337
-14
618
-415
-835
-258
99
-331
-304
-313
-661
-662
165
-91
-965
-543
-853
-382
-117
-773
-1253
-665
186
-298
-1073
-668
-584
-384
-570
-556
-928
-1000
-731
-744
-389
-564
-1265
-1326
-465
-630
-1242
-1370
-949
-761
-1028
-856
-1162
-1330
-1188
-580
-625
-896
-880
-961
-789
-396
-307
-607
-636
-378
-87
122
62
31
-12
476
864
773
719
636
863
1463
1710
1570
1311
1262
1676
2006
1810
1762
1722
1739
1938
2023
1967
1738
1557
1639
2069
2123
1361
1204
1509
1337
1430
1044
1116
985
690
779
389
514
804
128
-336
698
133
-649
40
197
-362
-779
-304
-177
-294
-740
-692
-549
-413
-739
-1305
-642
-593
-996
-1049
-256
-607
-1521
-1192
-832
-677
-930
-961
-1097
-1061
-762
-1007
-1034
-749
-1116
-1319
-896
-880
-1605
-1626
-1107
-1407
-1674
-1186
-1682
-2113
-1409
-1200
-1659
-1715
-1612
-1577
-1154
-889
-1222
-1135
-758
-565
-611
-356
-149
-319
-64
612
651
388
758
971
1094
1370
1653
1663
1505
1797
2191
2300
2095
2010
2177
2358
2402
2233
2172
2369
2199
1920
1864
1921
1727
1600
1797
1847
1510
1300
1343
1520
1251
798
594
668
895
831
523
218
95
290
469
47
-235
-35
18
77
38
-231
-522
-487
-71
-198
-597
-741
-896
-449
-86
-406
-1062
-1212
-707
-440
-663
-1000
-953
-1425
-1343
-373
-663
-1695
-1996
-1350
-1008
-1291
-1903
-2219
-1999
-1546
-1842
-2122
-1911
-2532
-3007
-2341
-1821
-1789
-2185
-2714
-2662
-1623
-1125
-1447
-1990
-1819
-1070
-614
-352
-722
-813
-318
596
817
578
525
794
1439
1789
1810
1780
2058
2211
2295
2554
2649
2451
2195
2559
3011
2935
2391
1910
2282
2628
2457
1937
1742
1810
2029
1941
1572
1401
1197
1103
1166
1176
975
646
593
791
597
178
334
550
429
100
234
305
41
-29
129
343
48
-94
4
39
125
5
67
-107
-369
-223
-237
-227
-244
-544
-502
-277
-576
-1190
-1290
-849
-666
-1268
-1569
-1460
-1604
-1609
-1740
-1856
-2043
-2279
-2116
-1927
-2402
-2968
-3061
-2751
-2441
-2180
-2284
-2644
-3084
-3030
-1931
-1351
-1902
-2399
-2324
-1533
-746
-813
-1204
-928
-64
573
636
575
689
1025
1657
2242
2212
2200
2354
2600
3063
3309
3055
2775
2891
3217
3471
3368
3005
2617
2472
2870
3144
2634
2127
1863
2087
2179
1754
1186
1021
1208
1245
1145
849
534
349
400
557
492
200
23
41
361
538
236
4
33
236
266
192
-7
-55
156
360
372
251
-213
-220
-37
162
-17
-200
-274
-348
-266
-153
-598
-1176
-904
-850
-1175
-1417
-1327
-1493
-1739
-1873
-1889
-1987
-2416
-2745
-2707
-2908
-3302
-3545
-3316
-2720
-2631
-2980
-3448
-3664
-3020
-2226
-2258
-2651
-2752
-2101
-1317
-1038
-1109
-928
-468
142
676
637
1064
1526
1810
2203
2468
2573
2670
2947
3149
3218
3262
3244
3178
3317
3546
3340
3040
2908
2862
2828
2841
2585
2313
2174
2135
2013
1625
1396
1180
1076
1079
921
761
727
616
355
249
286
321
299
104
-50
61
103
49
154
105
152
305
143
116
160
118
121
126
128
-102
-165
-176
-371
-322
-280
-581
-877
-682
-679
-1005
-1046
-1439
-1723
-1604
-1572
-2070
-2518
-2590
-2537
-2603
-2888
-3335
-3520
-3593
-3729
-3280
-2834
-2995
-3783
-4198
-3283
-2213
-2161
-2802
-2889
-2232
-1397
-984
-1186
-1162
-692
19
471
739
1010
1281
1687
2327
2697
2737
2785
3029
3449
3578
3667
3701
3567
3559
3622
3743
3685
3230
2746
2940
3224
2909
2404
2010
2066
2125
1657
1266
1111
950
762
776
731
468
191
75
167
225
30
-208
-383
-337
-120
-118
-131
-168
-185
-1
246
79
-58
-31
70
266
65
-146
-113
-82
-148
-89
-366
-719
-917
-702
-550
-888
-1229
-1563
-1593
-1470
-1620
-2040
-2468
-2684
-2629
-2595
-3110
-3549
-3635
-3914
-3590
-2980
-2974
-3584
-4159
-3967
-2971
-2208
-2353
-3040
-3041
-2066
-1117
-911
-1130
-955
-331
458
814
947
1271
1685
2234
2734
3017
3053
3055
3485
3866
4096
3952
3825
3778
3939
4297
4159
3622
3201
3168
3398
3372
2891
2219
2000
2156
2030
1459
981
875
834
762
521
194
-38
-118
-147
-95
-126
-231
-439
-475
-288
-161
-172
-310
-290
-182
40
89
-39
-146
-113
110
265
-21
-302
-192
-58
-21
-134
-495
-710
-669
-807
-929
-1095
-1348
-1766
-1842
-1748
-2104
-2538
-2903
-3062
-3021
-3122
-3545
-3998
-4265
-3944
-3244
-3120
-3782
-4620
-4357
-3116
-2279
-2667
-3293
-3119
-2119
-1256
-986
-1007
-776
-306
449
1162
1451
1573
1900
2596
3209
3335
3302
3412
3905
4364
4542
4482
4251
4078
4177
4435
4327
3783
3306
3206
3357
3210
2793
2420
2177
2017
1759
1388
1110
773
561
556
441
98
-143
-194
-266
-184
-222
-441
-594
-631
-494
-339
-323
-386
-480
-414
-123
-43
-146
-123
-15
150
104
-115
-245
-185
-121
-254
-389
-541
-717
-839
-804
-821
-987
-1393
-1840
-1993
-1842
-1962
-2346
-2788
-3053
-3184
-3287
-3461
-3876
-4417
-4100
-3333
-3160
-3773
-4607
-4435
-3278
-2374
-2706
-3384
-3140
-2172
-1236
-991
-1044
-753
-125
568
1146
1520
1782
2083
2652
3273
3508
3515
3598
4051
4526
4717
4468
4175
4243
4397
4601
4516
3964
3426
3218
3434
3436
2956
2512
2321
2163
1928
1510
1064
767
680
517
192
12
-166
-472
-551
-483
-534
-736
-866
-810
-720
-685
-639
-646
-670
-546
-414
-280
-171
-222
-174
-18
36
-158
-185
-124
-165
-195
-278
-369
-566
-640
-716
-873
-1119
-1372
-1518
-1717
-1882
-2185
-2569
-2797
-3042
-3286
-3559
-3919
-4249
-4359
-3837
-3339
-3650
-4345
-4675
-3876
-2721
-2441
-3076
-3480
-2683
-1440
-985
-1189
-945
-217
471
895
1267
1599
2085
2640
3132
3427
3576
3589
3966
4568
4770
4518
4354
4490
4583
4585
4554
4340
3929
3453
3331
3432
3278
2721
2218
2152
2027
1540
1153
1007
846
625
279
14
-93
-170
-220
-310
-462
-591
-736
-801
-687
-628
-736
-783
-634
-557
-534
-517
-390
-251
-174
-197
-145
-194
-320
-254
-67
-144
-401
-591
-515
-467
-686
-906
-1021
-1169
-1437
-1670
-1786
-1999
-2380
-2756
-2801
-2972
-3297
-3731
-3958
-4073
-4094
-3734
-3444
-3812
-4518
-4629
-3676
-2679
-2833
-3474
-3379
-2409
-1465
-1256
-1352
-917
-226
416
799
1194
1667
2147
2631
3255
3520
3532
3679
4229
4720
4801
4631
4503
4579
4709
4717
4700
4386
3953
3606
3559
3613
3286
2771
2435
2348
2079
1540
1216
1053
831
511
197
-10
-103
-270
-436
-510
-599
-826
-885
-832
-731
-869
-953
-819
-817
-807
-697
-550
-428
-396
-332
-257
-201
-251
-281
-175
-171
-279
-437
-529
-536
-542
-657
-821
-1011
-1166
-1358
-1561
-1745
-1987
-2263
-2530
-2776
-2988
-3345
-3700
-4041
-4148
-3645
-3307
-3529
-4321
-4732
-3949
-2747
-2531
-3341
-3868
-2913
-1652
-1224
-1411
-1344
-604
237
670
907
1296
1849
2379
2791
3075
3211
3318
3805
4280
4465
4376
4178
4219
4431
4566
4537
4219
3788
3514
3373
3405
3306
2916
2349
2134
2049
1704
1319
1042
934
650
347
140
72
-15
-196
-398
-471
-486
-618
-694
-652
-630
-640
-683
-633
-608
-480
-390
-391
-385
-338
-235
-176
-173
-166
-192
-250
-176
-234
-329
-425
-488
-630
-678
-852
-1039
-1213
-1517
-1740
-1967
-2152
-2336
-2581
-2905
-3190
-3500
-3842
-4060
-3737
-3437
-3596
-4171
-4683
-4270
-3206
-2776
-3234
-3687
-3133
-2093
-1429
-1421
-1462
-910
-147
445
641
937
1552
2187
2668
2974
3120
3317
3679
4156
4379
4322
4170
4209
4406
4438
4401
4224
4087
3875
3653
3499
3375
3112
2823
2520
2220
1832
1478
1275
1112
858
382
95
100
65
-155
-384
-529
-550
-585
-733
-798
-718
-609
-615
-668
-612
-504
-382
-406
-293
-286
-270
-180
-148
-154
-205
-193
-124
-63
-126
-237
-362
-359
-454
-726
-905
-1062
-1250
-1555
-1731
-1952
-2243
-2512
-2714
-2935
-3311
-3621
-3851
-3586
-3069
-3204
-3915
-4515
-4098
-3053
-2595
-3120
-3731
-3304
-2092
-1387
-1588
-1850
-1201
-228
317
407
567
1183
1909
2411
2653
2713
2907
3416
3909
4087
3938
3813
3987
4239
4349
4240
3969
3796
3711
3639
3500
3200
2821
2553
2433
2246
1857
1428
1214
1076
904
541
241
97
23
-101
-325
-458
-532
-541
-548
-597
-631
-582
-531
-494
-463
-416
-291
-268
-253
-173
-75
57
63
29
94
175
222
143
106
50
-117
-302
-384
-485
-719
-966
-1150
-1260
-1455
-1709
-2002
-2236
-2401
-2601
-2997
-3373
-3723
-3781
-3323
-3110
-3476
-4216
-4390
-3620
-2709
-2731
-3297
-3444
-2610
-1673
-1413
-1681
-1411
-607
47
362
504
939
1580
2156
2486
2612
2733
3059
3616
4023
3984
3853
3903
4163
4364
4272
4032
3836
3711
3580
3558
3410
3074
2699
2447
2394
2158
1661
1242
1117
1091
799
399
142
144
39
-253
-419
-516
-559
-581
-572
-522
-589
-651
-547
-424
-401
-441
-495
-401
-219
-211
-121
-44
-86
-63
-5
85
54
-93
-78
-64
-155
-344
-486
-566
-675
-935
-1269
-1415
-1481
-1624
-1904
-2166
-2415
-2660
-2870
-3022
-3328
-3514
-3132
-2868
-3093
-3772
-4000
-3320
-2428
-2482
-3068
-3121
-2388
-1565
-1359
-1385
-1072
-419
150
375
659
1105
1557
1940
2282
2467
2549
2785
3321
3685
3648
3485
3567
3723
3821
3811
3650
3541
3324
3153
3073
2993
2797
2480
2237
2075
1859
1505
1199
1049
946
687
286
68
59
-3
-157
-351
-453
-377
-443
-527
-486
-526
-507
-475
-438
-305
-181
-274
-203
-103
4
20
-13
19
136
199
192
189
128
122
123
66
-196
-339
-384
-418
-610
-923
-1166
-1244
-1391
-1651
-1910
-2143
-2302
-2602
-2837
-2987
-3207
-3333
-3068
-2918
-3160
-3691
-3848
-3278
-2578
-2570
-3020
-3010
-2389
-1623
-1253
-1335
-1147
-633
-62
291
559
924
1339
1731
1991
2127
2246
2601
3060
3297
3228
3088
3133
3310
3496
3502
3337
3102
2782
2621
2626
2692
2490
2038
1698
1562
1542
1269
953
782
697
465
60
-176
-124
-97
-312
-565
-704
-675
-607
-595
-584
-579
-630
-625
-550
-489
-527
-411
-249
-150
-212
-274
-112
69
144
131
93
119
76
44
108
95
-96
-291
-328
-352
-465
-732
-955
-1126
-1232
-1447
-1775
-1984
-2081
-2258
-2482
-2760
-3018
-3195
-2982
-2633
-2726
-3187
-3629
-3351
-2508
-2203
-2675
-2981
-2570
-1722
-1252
-1367
-1447
-988
-218
215
269
448
909
1499
1824
1803
1784
2101
2600
3010
2965
2728
2722
2865
3101
3149
2952
2653
2460
2417
2380
2327
2155
1823
1577
1439
1241
947
767
718
580
248
-154
-329
-176
-82
-318
-666
-850
-738
-599
-664
-664
-705
-702
-665
-713
-700
-522
-242
-155
-281
-361
-128
133
253
220
168
194
222
255
248
272
227
103
3
-120
-190
-235
-346
-518
-727
-969
-1102
-1235
-1407
-1588
-1896
-2121
-2319
-2434
-2596
-2792
-2987
-2908
-2584
-2618
-3033
-3459
-3287
-2519
-2119
-2482
-2888
-2588
-1775
-1220
-1267
-1420
-1088
-420
33
142
299
686
1132
1473
1616
1739
1909
2269
2618
2710
2605
2515
2699
2936
2952
2791
2657
2596
2438
2358
2211
2056
1922
1561
1333
1238
1075
866
609
412
297
29
-171
-180
-170
-306
-611
-811
-779
-654
-761
-942
-934
-841
-758
-748
-675
-550
-451
-388
-262
-106
56
131
197
295
252
267
347
394
302
178
181
147
119
32
-59
-148
-282
-471
-667
-809
-900
-1080
-1332
-1553
-1756
-1920
-2056
-2205
-2529
-2806
-3043
-3030
-2628
-2457
-2778
-3303
-3345
-2775
-2198
-2248
-2642
-2639
-1991
-1314
-1161
-1322
-1147
-585
-102
51
70
287
854
1277
1398
1381
1584
1986
2384
2553
2492
2444
2537
2811
2916
2747
2492
2394
2333
2259
2184
1991
1852
1631
1341
1142
1045
931
673
389
202
42
-94
-149
-172
-329
-576
-767
-784
-643
-710
-848
-897
-821
-743
-643
-527
-388
-249
-263
-213
-85
54
170
285
361
421
406
361
473
522
463
417
386
323
217
112
20
-62
-279
-488
-647
-807
-932
-1086
-1261
-1477
-1683
-1862
-2067
-2258
-2489
-2673
-2811
-3009
-2850
-2529
-2533
-2923
-3315
-3020
-2265
-2041
-2514
-2827
-2411
-1586
-1185
-1367
-1359
-945
-409
-142
-47
109
632
1072
1216
1330
1434
1734
2211
2507
2434
2169
2165
2560
2775
2716
2543
2371
2234
2204
2165
2048
1907
1658
1442
1246
1176
1011
739
540
469
317
-28
-187
-206
-187
-275
-529
-691
-659
-615
-495
-496
-539
-517
-385
-312
-258
-93
-42
71
102
138
203
299
389
423
447
384
453
562
504
384
331
238
167
51
-49
-239
-362
-451
-599
-788
-1007
-1201
-1324
-1420
-1584
-1757
-1955
-2094
-2285
-2526
-2650
-2803
-2856
-2558
-2389
-2533
-2965
-3113
-2535
-1808
-1833
-2331
-2471
-1837
-1079
-921
-1200
-1093
-486
0
179
272
487
923
1333
1470
1547
1702
2016
2383
2498
2345
2215
2346
2596
2689
2552
2395
2271
2147
1982
1959
1928
1731
1405
1064
1039
980
780
501
226
143
84
-112
-269
-240
-259
-329
-486
-546
-493
-396
-388
-348
-397
-417
-249
-85
51
56
55
129
288
448
515
571
591
590
590
571
601
582
548
465
422
263
153
-3
-111
-248
-470
-550
-680
-886
-982
-1101
-1250
-1448
-1643
-1859
-1985
-2030
-2201
-2431
-2600
-2642
-2715
-2559
-2278
-2293
-2622
-2947
-2632
-1939
-1676
-2035
-2329
-1831
-1096
-710
-872
-973
-459
51
238
176
339
814
1205
1339
1314
1380
1579
1925
2157
2098
1877
1842
2043
2213
2154
1917
1741
1678
1605
1548
1523
1385
1232
1142
1060
915
673
593
610
396
157
-30
58
222
146
-92
-322
-286
-104
-30
-127
-216
-197
-60
57
118
172
313
418
387
348
350
470
535
454
309
220
241
239
241
190
74
-78
-151
-112
9
-116
-304
-465
-593
-596
-755
-902
-1046
-1128
-1253
-1390
-1502
-1592
-1627
-1717
-1897
-2023
-2107
-2054
-2142
-2265
-2083
-1850
-1786
-2079
-2236
-1859
-1191
-1104
-1553
-1732
-1199
-572
-502
-864
-817
-378
45
160
154
367
698
1011
1061
1065
1178
1418
1605
1593
1524
1433
1508
1660
1660
1531
1461
1400
1363
1371
1353
1375
1299
1102
1074
1147
1028
782
721
783
796
498
200
286
596
617
276
110
113
307
411
269
165
181
271
257
263
249
288
305
299
282
141
187
312
295
184
69
92
166
153
83
53
-9
-146
-151
-200
-200
-365
-497
-532
-579
-705
-891
-992
-1064
-1060
-1099
-1144
-1226
-1308
-1384
-1426
-1445
-1501
-1653
-1821
-1844
-1801
-1614
-1448
-1587
-1955
-2169
-1842
-1283
-1236
-1682
-1902
-1419
-864
-772
-1070
-1071
-631
-214
-172
-297
-206
169
421
485
481
463
735
1142
1361
1238
1184
1330
1588
1765
1745
1690
1686
1720
1641
1697
1763
1752
1616
1475
1471
1481
1434
1251
1192
1177
1027
782
689
814
783
621
352
266
313
256
145
-9
-83
-128
-216
-275
-278
-269
-251
-299
-348
-311
-227
-92
-56
-57
-47
-70
23
77
79
121
119
174
181
178
233
277
279
178
118
124
139
126
95
22
-97
-241
-264
-287
-481
-679
-823
-898
-1005
-1116
-1268
-1454
-1542
-1732
-1658
-1518
-1598
-1995
-2293
-2118
-1610
-1509
-1985
-2348
-2077
-1549
-1372
-1681
-1798
-1391
-899
-685
-741
-624
-183
195
428
503
603
855
1204
1538
1545
1448
1578
1919
2180
2202
2069
2022
2134
2271
2286
2210
2090
1947
1857
1856
1737
1568
1423
1278
1095
893
597
436
377
266
-48
-346
-407
-333
-330
-546
-756
-781
-754
-774
-811
-855
-764
-674
-732
-714
-647
-459
-227
-150
-66
37
173
404
567
617
568
579
757
839
823
866
905
898
819
788
765
682
599
494
341
167
-6
-119
-131
-297
-572
-797
-948
-1052
-1245
-1415
-1707
-1910
-2113
-2285
-2515
-2618
-2400
-2226
-2424
-2845
-2988
-2487
-1833
-1952
-2463
-2561
-1859
-1146
-1066
-1443
-1386
-796
-265
-187
-162
153
676
1013
1084
1173
1370
1717
2116
2261
2130
2074
2230
2526
2586
2410
2264
2172
2121
2088
1984
1881
1695
1456
1276
1179
1103
890
747
611
389
115
-106
-109
-25
-191
-522
-713
-690
-616
-574
-685
-781
-674
-594
-457
-422
-269
-124
29
141
151
303
549
767
806
825
910
1114
1240
1299
1317
1312
1289
1305
1319
1279
1270
1173
1022
865
805
758
579
349
167
67
-76
-211
-436
-634
-681
-894
-1175
-1399
-1448
-1518
-1689
-1940
-2071
-2076
-2136
-2238
-2376
-2492
-2401
-2060
-1886
-2177
-2527
-2435
-1785
-1336
-1652
-2018
-1839
-1103
-661
-763
-952
-640
-56
194
223
301
651
1080
1225
1232
1226
1456
1788
2100
2063
1834
1815
2072
2322
2170
1925
1865
1864
1846
1753
1678
1662
1593
1497
1292
1135
985
835
767
644
417
151
61
130
110
-28
-289
-308
-195
-162
-231
-221
-138
-92
-79
-69
4
163
293
360
375
399
528
660
752
742
774
811
883
912
942
942
954
940
868
912
872
824
703
619
606
484
330
167
135
101
-52
-343
-514
-529
-588
-714
-939
-1087
-1154
-1207
-1383
-1528
-1565
-1628
-1700
-1866
-1977
-2021
-2079
-2149
-2267
-2075
-1834
-1950
-2333
-2404
-1897
-1425
-1567
-1953
-1896
-1166
-633
-752
-1000
-704
-113
105
71
140
499
885
989
1022
1124
1374
1669
1957
2055
1933
1902
2113
2446
2378
2134
2019
2046
2072
2000
1902
1794
1631
1492
1340
1264
1126
903
747
652
508
276
83
217
323
72
-166
-161
6
39
-71
-202
-167
-111
-134
-132
-80
30
93
165
228
244
326
496
667
697
649
684
812
918
863
833
849
895
881
862
820
763
715
677
606
431
306
213
231
120
-81
-280
-336
-357
-542
-784
-967
-1015
-1131
-1349
-1486
-1532
-1685
-1762
-1811
-1931
-1981
-2063
-2091
-2215
-2280
-2372
-2240
-1826
-1929
-2235
-2401
-1959
-1375
-1345
-1759
-1784
-1219
-629
-552
-770
-669
-104
266
307
287
534
1007
1283
1425
1437
1503
1717
2011
2178
2005
1879
1937
2195
2219
1975
1812
1868
1893
1742
1523
1466
1505
1355
1103
937
833
657
526
431
309
151
7
-2
77
-82
-275
-357
-267
-172
-206
-267
-262
-117
-1
0
39
135
239
349
405
441
486
608
739
813
774
765
843
900
920
863
806
802
821
783
682
605
477
393
258
145
42
-149
-294
-457
-499
-631
-736
-859
-1002
-1081
-1180
-1283
-1521
-1558
-1539
-1627
-1696
-1724
-1741
-1830
-1891
-1869
-1947
-1986
-1971
-1977
-1945
-2015
-1808
-1558
-1548
-1801
-1860
-1499
-982
-925
-1198
-1183
-768
-280
-256
-427
-268
100
390
496
480
633
899
1202
1267
1232
1279
1495
1749
1899
1732
1554
1670
1820
1779
1629
1486
1521
1451
1287
1180
1243
1172
949
785
750
768
577
422
358
322
207
28
98
202
149
-11
28
102
153
186
153
237
320
300
295
380
399
426
489
507
475
490
576
691
661
543
499
541
530
493
442
459
460
359
327
323
294
90
-56
-149
-244
-394
-560
-619
-687
-783
-862
-927
-946
-1014
-1044
-1109
-1192
-1194
-1274
-1260
-1276
-1364
-1424
-1469
-1467
-1554
-1654
-1673
-1600
-1588
-1686
-1732
-1740
-1705
-1534
-1361
-1384
-1543
-1643
-1387
-979
-940
-1124
-1127
-735
-436
-425
-515
-345
65
236
202
235
454
744
852
883
946
1021
1174
1375
1498
1402
1411
1484
1633
1641
1539
1443
1462
1510
1390
1310
1351
1210
1035
952
902
870
633
473
521
470
326
155
148
271
218
-17
-59
73
148
98
10
38
134
114
115
174
195
182
210
283
258
201
237
360
391
342
330
357
386
427
442
399
388
318
286
360
290
169
109
91
51
-134
-238
-280
-315
-427
-599
-776
-813
-840
-970
-1051
-1162
-1207
-1251
-1330
-1352
-1376
-1405
-1457
-1546
-1592
-1623
-1634
-1702
-1733
-1842
-1824
-1739
-1724
-1669
-1601
-1329
-1209
-1260
-1340
-1221
-820
-588
-683
-845
-735
-323
-65
-51
-84
152
428
563
571
601
838
1061
1069
1028
1089
1227
1381
1463
1492
1420
1383
1465
1526
1402
1272
1157
1078
1044
996
966
957
904
821
757
729
764
678
564
505
430
345
270
259
275
257
155
145
227
202
172
167
228
219
186
174
217
279
257
180
170
231
316
329
365
316
277
341
318
327
289
229
228
182
176
127
35
-8
-103
-210
-333
-371
-428
-489
-561
-654
-720
-764
-789
-792
-815
-921
-942
-963
-961
-968
-1010
-999
-1004
-1002
-1009
-1043
-1048
-1070
-1083
-1011
-958
-959
-973
-970
-898
-883
-936
-947
-882
-753
-670
-759
-872
-837
-649
-509
-576
-643
-584
-307
-162
-194
-215
-110
102
202
195
191
389
619
707
746
727
859
1029
1113
1086
1014
1061
1253
1330
1293
1279
1280
1383
1374
1307
1219
1234
1217
1120
1038
959
961
877
785
650
559
483
398
476
426
314
185
177
195
139
45
-21
-25
-64
-121
-201
-186
-75
-22
-138
-212
-207
-175
-102
-66
-85
-122
-111
3
131
107
35
68
143
142
146
102
158
207
187
113
109
141
179
148
133
94
-7
1
0
-45
-138
-215
-283
-278
-298
-360
-371
-337
-343
-455
-511
-495
-474
-501
-575
-624
-613
-645
-687
-752
-754
-731
-757
-811
-901
-912
-910
-824
-756
-797
-831
-808
-760
-628
-600
-639
-579
-424
-253
-214
-154
-36
127
258
369
490
635
752
942
1042
1104
1182
1253
1380
1422
1419
1409
1535
1530
1491
1457
1463
1463
1415
1336
1330
1293
1096
952
823
818
708
537
375
277
167
65
4
-56
-107
-202
-284
-295
-300
-325
-344
-389
-326
-346
-376
-297
-280
-249
-203
-135
-102
-100
0
141
222
277
302
383
471
476
511
560
627
673
621
613
590
574
597
557
506
449
442
376
330
208
108
0
-114
-133
-199
-274
-366
-426
-467
-523
-578
-642
-691
-666
-751
-747
-740
-756
-716
-790
-809
-729
-667
-655
-652
-633
-617
-603
-584
-512
-499
-452
-429
-477
-418
-311
-299
-296
-264
-154
-54
-91
-69
-17
135
187
151
211
290
401
460
478
496
582
671
768
808
813
823
834
877
822
763
704
721
788
661
586
543
553
594
519
431
379
323
326
238
183
155
123
118
123
101
108
93
92
159
114
171
211
273
246
221
164
157
251
248
255
317
341
365
403
447
481
478
470
474
535
492
411
383
392
421
325
247
220
236
220
151
38
-41
-42
-70
-79
-164
-229
-252
-266
-255
-301
-348
-309
-309
-365
-429
-396
-367
-375
-324
-292
-255
-240
-225
-226
-219
-191
-223
-238
-189
-235
-198
-199
-173
-230
-305
-310
-266
-316
-416
-508
-543
-542
-539
-543
-610
-669
-709
-636
-577
-576
-586
-629
-560
-568
-638
-607
-568
-488
-442
-395
-312
-224
-150
-49
40
78
112
195
303
297
316
362
379
479
554
559
587
622
666
730
696
682
711
768
743
660
624
632
623
546
573
533
466
477
496
479
365
322
346
355
323
270
245
285
287
205
182
162
169
155
94
75
85
67
47
24
-36
-80
-144
-133
-141
-157
-153
-132
-109
-113
-116
-96
-60
-37
-44
-48
-73
-58
-36
-24
-52
-72
-72
-78
-87
-57
-48
-50
3
-32
-70
-121
-142
-144
-169
-223
-269
-315
-315
-356
-422
-432
-477
-577
-609
-625
-712
-744
-835
-849
-897
-910
-909
-939
-982
-1005
-1013
-1054
-1051
-1019
-979
-984
-982
-924
-850
-738
-680
-641
-518
-401
-307
-248
-143
-66
74
127
197
285
384
479
581
714
769
831
875
1003
936
931
985
1028
1059
953
855
863
906
875
790
699
658
559
520
480
379
320
266
219
215
57
-23
-11
-2
-48
-191
-265
-290
-223
-229
-235
-242
-217
-119
-135
-110
-56
-27
11
-18
-18
-50
-66
30
72
-18
-61
19
47
17
12
22
42
47
1
-37
-28
-48
-62
-78
-172
-147
-216
-242
-302
-298
-364
-439
-417
-494
-513
-538
-593
-658
-642
-718
-738
-770
-784
-791
-840
-866
-877
-903
-948
-992
-1024
-1024
-1011
-961
-1000
-973
-907
-861
-834
-787
-717
-683
-657
-566
-510
-448
-393
-361
-297
-226
-157
-33
4
60
103
176
240
307
331
355
402
422
477
507
561
534
526
528
557
550
532
525
598
585
510
499
461
467
407
329
280
220
199
206
159
109
79
120
111
58
37
22
27
12
-19
-49
-76
-109
-130
-138
-136
-149
-206
-141
-78
-156
-141
-191
-175
-89
-93
-129
-169
-112
-179
-204
-224
-216
-248
-300
-320
-315
-352
-427
-444
-423
-413
-479
-464
-491
-518
-524
-485
-528
-484
-490
-574
-597
-616
-580
-591
-577
-579
-532
-555
-515
-457
-417
-464
-477
-448
-465
-433
-410
-380
-338
-344
-332
-345
-374
-365
-385
-384
-397
-425
-380
-335
-340
-316
-330
-378
-342
-331
-342
-365
-306
-263
-305
-254
-224
-221
-211
-230
-160
-169
-187
-129
-90
-45
-7
43
75
112
102
125
194
268
293
266
295
299
304
322
346
291
331
348
326
308
288
261
288
297
199
176
139
130
70
55
14
-23
-33
-68
-82
-98
-122
-113
-128
-202
-175
-164
-181
-211
-181
-198
-242
-239
-262
-224
-229
-290
-298
-318
-356
-314
-340
-336
-306
-300
-289
-253
-244
-277
-262
-264
-249
-248
-250
-245
-182
-198
-268
-221
-220
-238
-189
-208
-182
-169
-175
-176
-186
-146
-132
-147
-140
-143
-137
-85
-133
-156
-139
-116
-161
-211
-247
-259
-297
-297
-326
-358
-356
-314
-303
-306
-323
-349
-320
-322
-273
-328
-285
-268
-213
-227
-270
-222
-215
-148
-127
-57
-52
-6
5
34
101
69
50
109
151
174
208
193
243
198
236
259
247
278
278
310
271
278
239
255
263
187
171
198
185
197
129
127
146
85
99
35
52
104
89
48
32
38
-4
-70
-51
-94
-96
-69
-94
-124
-115
-90
-77
-110
-64
-22
2
42
88
131
43
92
68
106
140
106
66
90
81
93
118
110
133
141
171
109
111
124
85
78
57
26
5
35
1
-32
-79
-121
-168
-175
-195
-202
-229
-256
-239
-229
-266
-267
-265
-262
-243
-271
-270
-308
-266
-322
-374
-357
-333
-313
-303
-308
-305
-297
-260
-246
-202
-168
-161
-88
-72
-46
-16
7
45
98
89
130
165
204
228
225
217
252
327
359
351
322
355
359
322
282
269
247
225
237
248
222
230
181
160
128
106
81
16
25
-6
-55
-70
-67
-99
-85
-41
-71
-100
-80
-32
-71
-57
-46
-76
-35
-44
-58
-22
11
35
64
74
123
92
110
103
102
136
124
126
135
200
220
184
184
256
270
233
220
215
140
147
117
64
86
65
48
34
53
-2
-65
-93
-91
-131
-129
-165
-156
-146
-160
-157
-174
-173
-174
-157
-191
-225
-224
-142
-151
-165
-137
-144
-111
-45
-84
-80
-44
-26
-46
-38
11
-17
-7
18
-37
-9
8
-17
-46
-61
-44
-50
-12
-31
2
-8
-52
-34
-56
-64
-53
-54
-61
-105
-118
-20
-61
-59
-6
-10
-27
13
17
80
82
93
95
72
99
88
123
78
132
95
132
158
114
85
94
128
162
219
151
151
166
205
236
146
128
142
110
59
52
23
87
89
101
87
101
99
99
180
177
232
169
190
217
232
194
207
201
176
175
145
169
146
162
152
135
45
43
37
36
44
-33
-10
-10
-18
-67
-82
-56
-71
-70
-154
-165
-152
-159
-166
-195
-200
-206
-197
-231
-254
-257
-253
-210
-179
-188
-201
-222
-152
-175
-149
-181
-232
-202
-208
-190
-199
-167
-188
-88
-63
-62
-26
-79
-47
-57
-42
-13
22
78
111
96
116
111
105
129
159
228
243
198
229
276
307
305
264
239
227
210
185
120
113
99
96
128
152
173
142
157
135
150
117
77
89
66
35
35
24
-31
-15
-34
-16
16
-51
-36
-21
-6
13
46
32
-2
-7
-11
-10
14
40
24
25
47
24
37
93
149
152
77
97
129
126
128
122
52
53
36
3
54
70
135
130
111
139
115
79
89
61
3
-55
-30
-18
-41
-28
-66
-79
-92
-58
-65
-94
-38
-14
-33
-11
-44
-76
-50
-37
-53
-83
-73
-55
-83
-66
-40
-10
-8
-2
17
43
78
52
83
91
140
143
149
121
106
115
90
74
83
104
57
128
147
134
133
148
121
64
61
100
98
75
72
90
110
77
126
102
87
122
140
122
101
82
33
91
72
48
34
12
-3
27
34
20
-12
-9
53
56
39
54
75
88
104
137
130
103
76
91
95
72
65
62
61
83
111
132
125
143
202
190
246
227
184
188
184
198
183
160
168
137
144
138
121
117
131
119
37
55
62
55
87
65
44
129
110
111
78
68
23
13
29
-16
-41
-58
-42
-21
-4
-35
10
-12
-21
-39
-18
-59
-140
-155
-205
-201
-231
-263
-234
-236
-176
-139
-142
-133
-100
-56
-84
-20
-3
30
27
26
17
41
23
54
28
49
126
183
168
183
196
235
290
294
326
314
322
324
261
215
196
132
122
100
76
37
27
59
48
40
75
94
87
90
89
79
64
51
28
1
-28
-12
50
101
43
5
46
53
-21
78
94
88
111
102
130
69
47
18
54
49
41
69
46
43
89
62
56
74
67
118
99
136
146
160
134
150
130
80
61
16
11
-13
-6
9
12
-10
-15
-35
10
-36
-54
-76
-124
-123
-143
-148
-108
-88
-103
-83
-94
-102
-69
-70
-59
-84
-101
-47
-51
-32
-2
-28
25
18
-6
12
55
45
74
68
56
103
132
147
130
142
116
87
57
65
74
104
88
105
131
122
101
68
65
46
50
10
-1
-82
-67
-57
-85
-10
-18
-2
2
26
-1
23
27
22
60
49
32
-10
-23
-39
-65
-71
-65
-46
-22
-31
-40
-39
-73
-36
-47
-43
-28
-21
-13
-8
19
-1
26
50
-6
-33
-6
-47
-56
-41
-71
-98
-69
-2
-27
-68
-10
19
-19
24
2
10
63
49
24
19
0
-55
-116
-158
-128
-113
-107
-79
-73
-110
-84
-93
-127
-115
-127
-129
-137
-78
-41
-49
-30
-88
-83
-67
-75
-63
-93
-71
-56
-58
-76
-105
-95
-96
-73
-127
-91
-80
-107
-105
-131
-125
-88
-99
-118
-121
-72
-56
-112
-64
-95
-75
-45
-57
-47
-81
-82
-80
-43
-69
-92
-159
-142
-104
-73
-56
-51
-113
-92
-37
-85
-49
-32
6
53
88
107
105
113
85
79
111
107
123
148
156
148
160
157
165
141
160
133
183
191
146
171
160
128
91
58
7
-16
-66
-59
-49
-106
-109
-108
-159
-129
-127
-159
-196
-201
-209
-218
-246
-267
-206
-242
-206
-225
-162
-133
-163
-104
-135
-133
-114
-109
-127
-181
-197
-182
-154
-78
-80
-75
-70
-38
-7
-14
-7
-34
-5
20
16
8
22
52
52
28
44
43
42
-7
-3
-16
-17
-12
-36
13
31
34
30
-11
-60
-79
-161
-162
-130
-107
-133
-167
-135
-113
-67
-70
-73
-72
-43
-6
-37
-23
-8
6
36
45
92
85
116
152
109
122
145
157
145
158
157
147
162
166
143
166
149
114
118
74
37
65
29
-15
-2
-32
-11
-21
-63
-37
-45
-87
-45
-66
-84
-112
-124
-181
-184
-166
-187
-172
-157
-129
-99
-121
-92
-79
-83
-66
-84
-79
-77
-15
-26
-21
23
-25
-59
-60
-15
-33
-33
28
66
94
109
113
143
142
130
182
139
142
110
114
105
99
110
49
42
-14
-8
-12
-86
-79
-83
-161
-153
-222
-204
-232
-209
-204
-209
-218
-231
-181
-171
-136
-99
-87
-83
-50
-40
-28
-36
-23
9
30
43
52
87
114
162
157
188
225
244
255
248
231
186
151
184
125
129
125
112
131
77
111
62
65
19
-28
-40
-59
-67
-36
-54
-94
-80
-93
-95
-126
-128
-155
-107
-143
-139
-101
-77
-52
-103
-80
-73
-69
-32
-18
-18
50
52
67
57
59
113
72
87
101
103
112
97
94
58
38
66
76
90
97
162
137
76
78
35
36
-6
-2
-12
-34
-52
-141
-151
-188
-169
-185
-150
-154
-152
-167
-212
-227
-227
-212
-186
-190
-176
-132
-116
-99
-132
-94
-127
-134
-66
-12
44
81
61
94
106
161
150
134
118
138
243
202
213
236
208
259
196
250
283
247
253
239
244
204
213
164
147
106
76
79
35
26
-22
11
49
7
-6
-2
2
-27
-71
-72
-92
-92
-71
-81
-98
-132
-117
-142
-107
-85
-50
-32
-20
16
69
84
66
115
138
145
167
200
219
200
178
212
236
271
264
287
312
308
342
325
320
330
291
272
238
245
196
186
191
147
66
68
107
54
11
14
-56
-128
-109
-121
-103
-83
-61
-69
-101
-99
-82
-43
-73
-78
-29
-96
-88
-77
-74
-41
-30
48
79
113
101
139
182
168
182
231
211
173
194
205
234
204
186
197
217
182
169
166
126
94
108
118
73
47
55
33
20
-9
41
43
-6
5
-10
14
25
-2
-55
-42
-40
-51
-54
-102
-125
-126
-124
-63
-37
-27
18
36
83
45
116
95
56
119
127
130
132
144
139
186
151
175
156
197
187
185
198
212
228
218
233
226
223
216
218
227
174
135
142
94
63
46
40
20
53
41
47
61
38
20
40
59
30
36
36
64
51
2
2
13
8
58
82
107
112
127
111
96
166
141
181
214
217
202
216
182
208
189
146
163
109
115
136
121
65
75
102
142
144
145
115
127
96
135
107
123
128
67
86
84
84
72
102
133
135
136
115
97
94
89
72
45
38
33
2
13
0
7
61
32
56
62
103
57
40
65
93
124
87
103
99
126
139
107
164
166
169
156
136
185
156
90
135
130
103
92
89
58
38
47
26
1
35
76
9
26
-6
-41
-32
-40
0
34
27
15
-21
-5
-20
-57
-9
63
55
60
91
141
159
153
167
140
108
135
148
167
151
108
102
73
50
38
27
55
75
95
161
135
153
121
101
67
28
47
48
21
12
15
23
24
-7
70
62
41
79
115
154
120
149
142
117
113
63
72
75
100
70
6
14
18
4
-47
-12
-10
-59
-43
-68
-76
-85
-121
-112
-138
-164
-186
-213
-230
-250
-256
-213
-236
-218
-137
-133
-132
-146
-144
-140
-169
-131
-110
-124
-123
-139
-130
-68
-55
-10
13
0
0
52
55
69
77
31
104
89
49
50
63
36
52
83
65
89
132
117
53
43
20
-21
-24
-64
-80
-80
-71
-72
-89
-55
-26
-85
-67
-54
-99
-89
-124
-69
-100
-128
-27
-17
-15
26
27
5
48
46
37
39
27
58
70
82
50
24
11
30
37
20
25
32
6
-28
-47
-74
-24
-74
-66
-76
-122
-135
-124
-140
-178
-219
-265
-259
-278
-256
-239
-244
-292
-267
-288
-321
-326
-310
-305
-258
-257
-269
-233
-182
-166
-216
-160
-147
-142
-72
-63
-88
-57
-25
2
-25
-19
-20
-54
17
7
23
45
34
9
31
55
43
42
14
36
27
34
16
6
-18
-36
-42
-53
-6
-11
-1
-23
-3
-6
-4
15
-16
-12
-9
-33
-28
-47
-76
-71
-23
-28
-17
-4
-24
-4
-50
-76
-105
-90
-93
-79
-84
-93
-97
-154
-137
-168
-141
-148
-157
-170
-205
-166
-212
-213
-215
-237
-220
-184
-206
-175
-185
-165
-152
-172
-159
-204
-262
-236
-196
-228
-177
-171
-123
-124
-152
-153
-111
-64
-63
-72
-24
0
23
69
64
9
-4
-28
-54
-40
-105
-89
-81
-47
-51
-90
-62
-38
-53
-71
-62
-93
-95
-117
-199
-170
-199
-203
-193
-210
-225
-230
-231
-194
-195
-198
-190
-126
-115
-100
-59
-76
-94
-144
-152
-135
-143
-162
-98
-70
-46
-24
-48
-59
-32
-34
-34
-36
-8
37
-2
-42
-60
-78
-134
-167
-141
-145
-121
-132
-108
-123
-90
-82
-106
-127
-164
-159
-187
-210
-198
-187
-214
-239
-209
-197
-244
-256
-243
-280
-226
-284
-260
-148
-109
-97
-110
-51
-43
9
10
11
20
82
35
-29
-9
-68
-101
-38
-83
-117
-113
-102
-59
-60
-57
-24
-54
-85
-72
-78
-47
-60
-24
-70
-79
-127
-143
-146
-209
-173
-212
-174
-131
-138
-124
-90
-71
-95
-88
-103
-144
-122
-113
-126
-135
-172
-138
-171
-179
-133
-147
-114
-141
-162
-112
-126
-132
-79
-109
-135
-71
-78
-82
-113
-158
-195
-193
-202
-231
-191
-127
-95
-117
-77
-71
-72
-14
-78
-103
-26
-72
-107
-98
-110
-83
-49
-65
-30
-10
-21
1
3
-23
6
-62
-64
-78
-132
-87
-88
-100
-134
-139
-140
-107
-130
-126
-140
-210
-218
-200
-184
-198
-214
-252
-263
-230
-215
-234
-259
-229
-219
-243
-247
-231
-172
-158
-155
-106
-88
-68
-20
-51
-48
-15
-35
-11
20
-9
-5
-5
-29
24
16
46
7
-7
52
56
87
67
90
66
75
25
52
54
64
65
30
45
31
29
-1
-22
-32
-44
8
-2
-39
-17
-16
-15
-9
-60
-50
-53
-105
-75
-119
-109
-92
-67
-102
-111
-109
-93
-68
-90
-41
-34
-15
-10
-58
-37
-71
-37
-56
-58
-70
-78
-9
23
5
-8
0
17
23
-34
-26
5
13
-23
-13
-14
21
-63
-72
-60
-127
-105
-77
-122
-135
-89
-92
-58
-86
-48
-74
-94
-85
-123
-90
-84
-105
-110
-109
-102
-75
-51
-44
13
-22
-18
9
-78
-29
-20
-17
-37
-5
-19
-40
12
12
77
61
64
77
58
52
5
-13
24
46
58
53
65
89
57
70
82
84
120
63
44
20
-16
0
15
3
-22
-4
-33
-34
-17
-65
-68
-48
-89
-75
-50
-34
-46
-39
-52
-107
-86
-99
-109
-139
-137
-154
-134
-167
-152
-172
-191
-165
-203
-173
-146
-137
-124
-129
-97
-76
-87
-48
-80
-58
-45
-26
-32
-12
63
-10
-36
-67
-104
-93
-108
-98
-68
-85
-83
-64
-46
-92
-90
-75
-110
-98
-46
-59
-72
10
-25
-29
-14
-32
-85
-80
-101
-154
-105
-106
-63
-31
41
45
46
60
61
58
53
53
53
67
76
65
61
27
19
42
15
42
4
-10
-28
-69
-97
-108
-131
-125
-97
-87
-42
-26
45
48
60
71
34
52
90
61
41
83
27
51
-14
-28
38
-8
-61
-56
20
-9
24
-10
-10
8
-1
-15
-67
-54
-77
-79
-86
-58
-26
-47
-60
-65
-43
-42
-44
-76
-47
24
2
30
50
39
16
22
15
0
-22
-32
-63
-95
-87
-53
-56
-36
-23
-65
-8
-25
-22
-16
-59
-45
-73
-51
-11
-39
-64
-37
-61
-37
-29
-55
-51
-17
-11
16
24
29
2
0
15
50
40
51
31
-30
-21
-42
-31
-48
-39
-60
-4
-31
-17
-39
-73
10
-19
-43
-7
20
-13
-11
-12
-46
-30
15
-12
-40
-17
-25
-69
-45
-79
-82
-35
-43
-13
-39
-9
-7
-1
-15
-69
-88
-116
-87
-100
-131
-92
-38
-65
-127
-108
-94
-125
-105
-134
-162
-106
-93
-97
-51
-12
16
63
67
54
71
60
14
35
4
-6
54
18
9
40
42
74
33
22
8
-12
4
-22
5
-13
24
44
6
-24
15
34
5
13
23
-41
-50
-15
-21
-27
-18
-4
-29
-42
-41
-57
-93
-76
-90
-48
-56
-15
-5
-2
-19
-35
-1
-3
58
54
63
66
113
70
35
82
74
52
95
82
88
106
44
86
109
111
105
104
120
100
112
80
111
85
91
88
55
41
-11
-14
-45
-70
-98
-111
-58
-67
-53
-57
-112
-73
-43
-33
-6
-2
-46
-70
-56
-45
-43
-69
-61
-70
-69
-55
-37
-36
-1
13
1
38
61
66
65
9
71
81
22
59
84
109
73
60
37
-2
50
54
69
60
40
47
65
86
65
38
66
49
48
49
59
58
51
54
-8
24
30
32
35
82
71
63
79
26
14
53
80
90
83
119
74
40
21
16
19
-8
-20
13
25
12
-32
18
54
57
81
87
110
116
113
72
9
35
26
11
29
17
16
35
-8
-8
-29
-41
-18
-28
11
-23
-68
-25
-11
2
-43
-66
-85
-133
-117
-118
-104
-132
-112
-87
-47
-7
41
71
80
96
105
130
137
179
145
151
175
146
191
179
196
173
133
163
146
97
135
138
120
115
131
111
113
127
137
113
96
162
89
76
89
67
34
9
-24
-3
64
21
8
37
61
110
94
113
138
153
174
143
165
151
173
155
167
139
90
84
95
143
115
101
104
103
118
124
86
116
123
94
72
77
113
130
107
113
88
45
8
1
-6
4
48
24
4
13
-31
31
69
40
67
5
24
47
51
84
38
30
4
-27
-5
4
1
-20
1
16
19
10
-24
-6
59
48
8
-8
1
5
-36
-47
-56
-50
-69
-110
-97
-134
-137
-103
-110
-43
-80
-67
-15
-14
58
69
117
128
135
80
130
154
131
166
194
193
143
161
172
225
163
135
75
107
150
128
122
112
103
108
128
125
110
46
10
74
53
7
-25
-51
-3
-18
6
-35
-54
-16
-20
-37
-9
-8
-18
4
9
5
47
81
100
99
117
99
97
57
60
104
58
61
44
76
88
94
67
67
95
80
117
101
70
94
61
26
74
-7
-10
-25
-46
-26
-24
25
-44
-58
-41
-70
-46
-49
-75
-75
-110
-97
-95
-66
-50
-2
32
11
19
-5
36
14
74
77
95
156
176
171
183
202
185
179
208
236
218
206
160
133
169
148
130
154
190
221
123
108
147
142
143
137
126
112
91
82
55
90
97
125
160
128
123
148
143
118
120
84
92
79
76
100
130
118
101
139
116
143
148
120
100
46
63
41
2
0
-68
-19
2
15
19
3
13
16
26
16
11
47
34
42
59
78
25
45
15
-36
33
19
48
43
33
64
67
-12
21
56
12
-23
54
7
-5
41
38
46
47
52
25
65
58
68
45
95
81
49
84
52
75
37
-13
33
86
36
64
29
86
68
46
70
27
61
52
59
56
89
120
93
86
71
127
93
81
71
55
50
92
81
61
63
48
32
35
75
71
65
90
92
75
40
19
11
15
-4
-1
21
-9
-34
-70
-58
-42
-19
-2
31
18
19
23
20
3
-46
-79
-134
-132
-80
-118
-94
-51
-51
-70
-89
-130
-102
-93
-105
-90
-96
-120
-141
-109
-127
-116
-119
-69
-75
-55
-20
-28
-77
-50
-21
-56
-2
-39
6
24
-41
-1
33
66
68
31
34
69
74
68
79
62
33
9
24
33
47
52
83
43
46
63
42
48
63
72
97
113
80
122
100
62
73
65
104
2
-17
-3
-10
7
-9
13
60
75
56
37
79
46
39
56
58
78
62
49
-3
6
-26
-23
-47
-46
-70
-111
-68
-12
-16
27
42
2
53
44
88
69
60
35
14
30
31
13
-37
-9
-54
-53
-17
-55
-50
-42
-38
1
23
69
98
4
9
14
-19
29
50
6
7
14
47
82
121
124
94
65
65
102
127
127
129
123
89
98
84
102
73
16
13
29
66
80
78
53
71
118
72
38
17
-5
-13
5
50
41
31
3
-3
-2
-27
22
36
16
-8
12
15
16
70
25
50
27
22
39
21
34
-12
2
-18
-16
4
-22
-26
-10
-59
-51
4
-14
-25
1
-10
-55
-41
-26
-26
-4
7
19
46
14
-35
-48
-32
4
-36
-62
-60
-68
-76
-76
-38
-16
-4
27
43
15
-1
8
14
26
120
95
111
127
100
65
72
80
82
50
16
-20
-5
-2
-20
-44
-24
15
21
57
61
49
28
0
-37
-54
-47
-112
-153
-146
-166
-149
-170
-186
-198
-208
-241
-203
-201
-214
-190
-160
-113
-127
-29
-38
-61
-42
-40
-24
-25
-25
-22
55
64
72
107
99
92
122
123
73
34
7
-2
16
8
-10
30
9
9
28
36
29
23
12
-66
-41
-46
-83
-101
-169
-218
-213
-175
-162
-102
-102
-101
-110
-95
-82
-108
-98
-87
-112
-90
-28
-39
-7
-34
-3
-24
-72
-26
-40
-11
-29
-25
16
11
2
27
26
24
-18
-26
12
-49
-43
-43
-33
-32
11
31
26
47
59
72
83
77
40
-10
31
53
22
81
99
160
149
124
123
114
58
37
47
-8
45
123
82
103
100
83
93
50
75
66
52
51
25
66
121
95
105
128
101
68
93
117
89
98
47
27
47
25
48
45
-1
-28
6
0
-28
-50
-19
-15
-2
-9
34
-27
-42
-23
-48
-36
-110
-89
-86
-84
-84
-91
-75
-55
-34
-76
-70
-53
-67
-8
-14
-16
-11
5
-14
-60
-65
-108
-128
-77
-85
-92
-22
-8
-26
-12
-33
-51
-32
-19
-28
-9
24
9
42
72
77
92
63
35
12
18
12
-17
5
74
38
25
33
24
21
41
50
69
55
49
99
102
75
59
93
78
58
23
29
4
23
7
-27
-14
-22
-66
-72
-109
-115
-82
-55
12
-26
8
45
55
27
15
7
16
46
17
17
8
47
84
102
113
134
96
108
47
24
-25
-80
-55
-59
-68
-37
-39
-52
-63
-46
-15
-58
-63
-105
-129
-139
-132
-178
-195
-121
-71
-60
-26
-40
-12
64
38
17
34
50
76
65
76
96
67
114
104
144
185
189
197
148
155
162
176
200
153
110
104
90
86
83
62
112
31
20
39
-5
-60
-36
-16
-22
-46
-101
-58
-83
-46
-82
-61
-66
-88
-91
-99
-88
-46
-17
-52
-24
9
48
52
83
37
71
114
101
113
109
82
61
85
103
146
180
139
163
167
138
90
95
31
28
50
-4
30
-6
30
2
-14
-18
-33
-75
-97
-75
-115
-117
-162
-155
-146
-179
-113
-42
-82
-63
-37
-33
-15
44
50
37
64
54
32
49
32
34
45
51
54
55
91
117
135
118
108
130
139
109
124
129
135
132
121
81
85
30
3
4
-29
-47
-62
-44
-56
-11
25
37
90
83
99
142
121
139
112
115
123
161
115
90
136
103
40
62
110
77
55
62
50
48
105
117
125
144
167
149
170
189
122
93
55
9
7
-41
-76
-53
-19
2
6
2
23
16
63
117
91
119
96
90
72
57
29
60
37
1
61
56
35
21
46
33
-25
-8
2
24
-17
26
70
70
80
16
-10
-36
-63
-48
-92
-66
-29
-56
-36
-94
-31
-3
1
85
72
91
99
92
83
98
135
86
42
58
49
11
8
30
61
34
12
14
26
17
65
53
-3
38
16
36
24
7
-13
-58
-60
-50
-47
-25
-35
-48
-73
-45
-15
-45
-26
14
3
-23
4
17
13
17
-21
0
23
54
55
52
60
18
-11
-10
44
72
52
61
53
106
145
74
51
48
64
42
86
49
44
59
45
15
-36
-98
-137
-144
-138
-160
-164
-169
-162
-161
-169
-162
-117
-127
-168
-165
-174
-175
-149
-140
-129
-68
-82
-56
-20
-28
-45
3
-1
11
7
11
33
0
54
68
102
83
103
107
87
79
54
49
21
-3
-12
-21
19
-4
-42
-79
-116
-117
-116
-144
-121
-94
-60
-76
-97
-74
-45
-29
-71
-82
-102
-136
-160
-129
-163
-147
-159
-152
-103
-49
12
10
56
33
13
35
20
25
16
-17
-33
-35
-25
-10
-14
16
17
12
13
28
11
2
51
45
81
47
74
145
141
99
73
40
40
41
-14
38
5
-24
-25
-15
-35
-93
-87
-130
-173
-190
-169
-183
-206
-193
-193
-188
-182
-166
-138
-73
-88
-80
-65
-68
-64
-62
-84
-93
-80
-43
-13
-21
4
-40
-62
-35
-12
22
-9
-44
-15
-18
6
54
67
99
87
67
58
45
-5
11
10
34
38
-5
-53
-78
-49
-57
-76
-81
-71
-53
-71
-51
-61
-100
-113
-66
-88
-82
-65
-105
-107
-146
-104
-122
-125
-133
-105
-88
-77
-5
-15
7
1
21
33
36
-11
-4
6
24
29
54
72
73
141
118
117
117
89
80
83
77
124
106
95
93
66
67
34
13
-2
-42
-55
-71
-81
-102
-111
-141
-97
-78
-56
-78
-76
-51
-85
-106
-97
-93
-105
-122
-138
-123
-152
-127
-110
-121
-70
-56
-67
-41
27
17
32
26
65
37
-6
29
-32
-58
-80
-86
-71
-55
-75
-152
-113
-78
-74
-75
-59
-12
-24
8
-10
-26
-2
-39
-12
-48
-101
-85
-117
-34
-44
-88
-86
-142
-95
-85
-75
-93
-39
-60
-39
-17
-18
34
-10
-1
-3
33
-14
-8
-33
-56
-103
-82
-67
-103
-120
-99
-34
-24
-22
-15
4
-5
-40
-78
-79
-72
-45
-34
-26
19
24
61
42
-15
-20
4
-9
16
14
-21
-3
-6
-21
-28
-70
-53
-47
-81
-65
-73
-104
-113
-100
-87
-111
-117
-102
-122
-83
-83
-61
-9
-22
-56
-56
-108
-69
-43
-27
7
48
20
38
52
60
15
62
57
-1
39
21
2
20
57
48
-7
-26
-15
-6
-25
-41
-9
-37
-82
-106
-64
-4
-36
-70
14
0
-19
-39
-58
-55
-72
-39
-47
-55
-37
-11
-11
-30
-12
-42
-74
-33
-20
-6
-29
-15
4
46
15
9
72
38
31
-36
-42
-73
-53
-16
-54
11
8
-13
-20
-50
-49
-50
-55
-33
-72
-71
-7
5
32
53
42
40
47
62
74
38
88
37
2
28
53
116
20
21
50
22
44
25
6
10
21
41
-5
-24
-25
-15
4
32
27
35
0
0
5
-15
-12
-11
3
10
-37
-43
-17
19
36
61
25
80
121
95
136
146
130
131
125
145
139
139
209
144
103
106
72
46
50
76
54
57
79
77
76
61
16
50
72
7
-77
-53
-58
-57
-68
-82
-79
-53
-85
-131
-33
-25
-23
-4
-32
12
6
-14
41
68
29
-1
37
72
52
43
135
139
133
213
160
129
121
101
126
119
107
88
79
57
25
84
21
11
-58
-115
-81
-102
-113
-107
-41
-67
-88
-44
-3
-44
-74
-116
-149
-113
-119
-129
-139
-182
-179
-110
-54
-30
-7
-57
-59
-22
-11
5
30
43
82
74
78
90
74
48
24
68
32
-11
-4
-21
6
3
-20
-5
27
56
45
12
-13
-14
-15
-51
-68
-109
-104
-106
-167
-146
-139
-72
-59
-102
-58
-59
-13
-10
4
37
79
124
127
110
61
116
145
103
81
42
53
35
45
67
57
80
105
64
54
100
104
76
75
103
75
73
104
66
30
26
21
29
12
14
-39
-27
-48
-73
-35
-38
-38
-38
-38
-21
-47
-48
-62
-57
-82
-51
-34
-67
-32
3
42
-5
67
63
90
90
46
71
66
68
75
70
57
56
98
132
131
131
151
175
171
222
214
214
213
226
225
189
107
187
168
140
159
87
101
78
55
41
54
27
12
37
57
42
19
68
14
56
72
18
14
21
2
21
25
15
34
30
3
24
14
33
-1
11
69
6
29
17
-6
-34
-15
-23
-28
-56
-66
-46
-52
-21
-53
-76
-81
-91
-95
-76
-44
-50
-51
-83
-21
-4
-19
11
30
28
6
-6
-20
-40
-38
-2
-34
-9
24
41
7
35
28
4
61
51
42
46
24
43
46
17
22
31
16
19
56
136
147
124
110
101
108
113
62
62
39
20
34
0
13
37
57
63
106
104
128
154
107
175
149
95
111
95
60
77
75
68
71
82
72
78
107
51
79
75
81
70
31
32
12
-1
-17
-8
-43
-42
-87
-82
-56
-38
12
21
15
62
77
32
57
65
97
107
97
85
116
70
24
68
48
11
33
28
2
23
59
2
-3
43
39
47
72
56
85
129
129
206
182
142
158
106
82
23
-28
-8
7
24
3
35
24
38
62
51
52
-2
-18
0
18
7
-22
-11
-56
-30
-77
-100
-151
-149
-92
-114
-84
-46
-60
-98
-54
-100
-83
-86
-67
-53
-27
54
15
18
9
-16
36
53
-15
-18
8
-25
-18
-57
-48
-38
-55
-17
-22
9
-10
30
16
-15
7
-15
11
-20
-28
-34
-35
-48
-42
-58
-47
-51
-76
-93
-100
-73
-55
-26
4
-1
22
19
52
30
16
36
3
8
-30
-37
-39
-26
-21
6
17
1
-8
-48
-2
-11
33
76
55
93
28
59
22
72
43
35
61
43
79
58
48
-7
-51
-32
-16
-68
-24
-38
-26
-26
-34
13
-34
-17
-45
-51
-71
-14
-14
-24
-47
-59
-68
-102
-100
-122
-109
-112
-122
-88
-56
-86
-74
-69
-62
-40
-12
15
-7
-5
19
12
34
39
37
66
68
-2
3
-22
34
31
-29
-1
-24
-12
10
6
15
50
38
33
32
40
-28
-37
-65
-113
-82
-28
-32
-73
-29
17
8
11
-7
-38
-42
-39
-64
-35
-30
-48
-85
-101
-32
-28
-65
-42
-36
-47
-29
-30
-36
-21
-9
-33
-71
-17
-26
9
-20
4
17
-55
-41
-29
-51
-20
-26
-47
-17
-73
-73
-71
-44
-44
-1
-10
-61
-62
-68
-72
-84
-121
-181
-164
-164
-115
-104
-67
-51
-104
-64
-79
-74
-105
-50
-96
-126
-76
-115
-119
-66
-31
-61
7
-6
-67
-25
-55
-90
-103
-129
-134
-129
-91
-88
-109
-133
-113
-81
-123
-157
-130
-109
-25
-29
-23
-10
-34
-16
-68
-98
-138
-197
-197
-205
-181
-206
-217
-230
-188
-146
-162
-129
-152
-157
-138
-120
-122
-115
-91
-94
-123
-106
-130
-223
-180
-155
-187
-215
-221
-169
-171
-136
-124
-67
-66
-61
-44
-49
-52
-80
-42
-44
-74
-38
-27
-79
-75
-113
-120
-129
-136
-120
-103
-60
-82
-78
-105
-60
-52
-75
-90
-103
-145
-167
-177
-193
-174
-152
-204
-229
-210
-225
-209
-215
-218
-258
-249
-188
-208
-190
-154
-163
-120
-148
-150
-122
-178
-158
-154
-142
-124
-157
-151
-128
-131
-126
-141
-138
-133
-143
-160
-164
-148
-136
-122
-112
-123
-137
-130
-114
-124
-149
-132
-119
-110
-118
-158
-135
-113
-147
-128
-131
-135
-113
-89
-95
-140
-117
-167
-219
-255
-217
-259
-253
-273
-275
-255
-273
-264
-244
-195
-226
-211
-175
-196
-236
-238
-233
-238
-245
-263
-295
-274
-285
-252
-203
-195
-196
-197
-133
-135
-121
-100
-76
-146
-106
-98
-126
-97
-132
-172
-187
-152
-125
-145
-190
-182
-193
-196
-174
-133
-134
-115
-112
-150
-164
-160
-184
-172
-226
-272
-251
-240
-212
-211
-219
-183
-173
-252
-239
-220
-136
-122
-132
-89
-131
-66
-48
-54
-113
-113
-88
-130
-154
-162
-99
-140
-182
-180
-161
-205
-261
-292
-271
-239
-258
-247
-248
-298
-270
-229
-236
-251
-204
-214
-258
-281
-263
-229
-171
-165
-169
-183
-200
-222
-250
-237
-270
-252
-206
-132
-126
-52
-38
-54
-78
-100
-108
-183
-179
-160
-197
-206
-225
-210
-192
-243
-235
-270
-258
-268
-284
-247
-247
-216
-229
-179
-169
-169
-145
-164
-195
-175
-185
-220
-228
-251
-224
-224
-197
-201
-210
-202
-238
-214
-186
-188
-165
-216
-226
-192
-173
-174
-181
-167
-175
-136
-132
-139
-116
-147
-155
-135
-180
-227
-240
-207
-211
-198
-167
-142
-129
-174
-177
-220
-191
-162
-164
-174
-150
-151
-183
-188
-165
-164
-197
-176
-159
-141
-128
-150
-133
-165
-119
-134
-152
-170
-197
-197
-179
-223
-252
-238
-259
-216
-205
-233
-179
-210
-224
-227
-210
-169
-192
-184
-181
-148
-169
-134
-118
-116
-99
-145
-117
-116
-144
-126
-112
-86
-103
-83
-59
-60
-21
16
5
11
-24
-11
-67
-76
-77
-100
-86
-78
-52
-94
-112
-105
-113
-90
-88
-75
-52
-55
-86
-95
-125
-160
-104
-103
-96
-116
-153
-173
-226
-210
-169
-115
-118
-107
-48
-63
-60
-82
-59
-39
-20
0
18
-18
-57
-68
-102
-65
-45
-69
-116
-107
-86
-90
-98
-100
-125
-117
-95
-75
-67
-78
-105
-55
-94
-123
-83
-104
-87
-78
-50
-79
-67
-40
-38
-80
-48
-55
-72
-42
-42
4
13
-46
50
95
63
103
53
57
15
58
25
30
7
27
22
21
60
1
24
59
64
39
39
-24
-56
-36
-38
-6
6
6
-14
-43
-69
-89
-100
-106
-113
-140
-122
-120
-159
-84
-87
-94
-71
-46
-70
-17
-4
-35
14
14
21
48
44
69
26
27
50
62
82
51
69
14
8
7
