SAMPLES:	17199
BITSPERSAMPLE:	16
CHANNELS:	1
SAMPLERATE:	16000
NORMALIZED:	FALSE
2
-8
33
-5
12
-1
2
4
-3
10
4
0
56
72
58
66
36
11
12
-34
-58
-60
-49
-38
16
13
-31
-14
-13
17
11
55
8
-15
-5
-4
-32
-110
-76
-53
-82
-72
-62
-71
-43
-91
-98
-89
-79
-67
-64
-16
-23
3
47
71
103
162
143
134
122
115
69
37
29
8
6
36
45
27
69
32
41
75
103
77
79
59
51
25
-19
-21
-71
-87
-95
-138
-141
-121
-100
-123
-119
-54
-75
-89
-58
-81
-61
-76
-55
-35
-35
-6
7
-12
-67
21
13
-10
-25
-27
-24
-36
7
-11
-26
-5
-42
-47
-29
9
-18
-12
58
92
65
28
52
37
47
14
-33
-41
-28
-10
-4
-11
-33
-38
-63
-80
-24
-11
-36
-41
-14
-14
33
46
-30
39
36
4
-17
-41
-68
-47
-65
-62
-24
-27
-19
5
51
14
45
56
24
49
73
61
94
59
78
40
28
46
38
8
-38
-19
-41
-28
-37
-25
-8
-38
-19
-11
-42
-22
-56
-62
-71
-120
-187
-147
-158
-145
-78
-42
1
-16
20
-22
-1
-68
-68
-35
-64
-21
-2
43
62
83
52
65
64
-18
-48
-37
-95
-102
-83
-108
-73
-50
-31
-51
-86
-101
-50
-63
-112
-45
-117
-127
-107
-156
-86
-39
-57
-83
-77
-37
-5
-2
34
62
21
-20
-21
-49
-38
-9
3
-45
-30
-18
-9
-25
-61
-68
-51
-65
-66
-66
-92
-52
-69
-56
-69
-45
-55
-36
2
-17
-45
-13
3
-37
-41
-20
-83
-104
-71
-85
-113
-154
-157
-119
-170
-165
-77
-140
-110
-125
-165
-141
-149
-89
-100
-136
-120
-133
-111
-132
-114
-124
-145
-106
-66
-91
-55
-25
-51
-20
-10
-22
-20
-25
-34
-41
-40
-46
-89
-80
-122
-125
-124
-139
-157
-161
-124
-190
-178
-146
-175
-133
-139
-149
-203
-182
-162
-168
-176
-145
-150
-161
-159
-196
-118
-117
-151
-147
-156
-167
-158
-171
-156
-160
-135
-67
-87
-95
-100
-81
-94
-104
-74
-62
-22
16
-13
47
67
67
61
25
13
23
35
41
32
26
7
3
21
-13
-53
-31
-89
-128
-159
-152
-165
-164
-192
-150
-104
-171
-137
-194
-198
-175
-166
-146
-215
-168
-163
-171
-205
-147
-136
-188
-199
-135
-128
-150
-142
-165
-139
-93
-73
-138
-85
-109
-134
-145
-150
-153
-157
-163
-187
-141
-100
-129
-106
-143
-106
-129
-192
-217
-193
-191
-206
-172
-148
-167
-201
-177
-159
-155
-158
-111
-155
-149
-186
-165
-175
-225
-236
-312
-342
-320
-294
-267
-242
-276
-314
-263
-264
-286
-202
-214
-242
-266
-265
-300
-322
-297
-322
-320
-292
-251
-240
-262
-213
-185
-266
-239
-190
-158
-157
-132
-95
-122
-54
-72
-145
-132
-91
-114
-167
-182
-109
-69
-85
-86
-82
-81
-108
-129
-136
-110
-147
-173
-227
-248
-237
-269
-277
-292
-315
-335
-387
-403
-374
-392
-386
-386
-371
-340
-301
-310
-248
-283
-265
-261
-278
-263
-276
-261
-261
-210
-196
-164
-99
-119
-110
-56
-41
-25
-6
-44
-68
-83
-95
-85
-129
-114
-154
-201
-182
-248
-239
-261
-260
-275
-296
-238
-275
-241
-258
-280
-241
-282
-244
-271
-274
-256
-303
-309
-327
-278
-285
-260
-277
-263
-240
-246
-238
-200
-243
-220
-188
-243
-207
-252
-232
-196
-200
-186
-163
-163
-181
-177
-195
-199
-184
-140
-123
-99
-93
-106
-134
-156
-157
-184
-203
-247
-240
-212
-241
-211
-150
-183
-151
-126
-125
-110
-147
-160
-173
-170
-183
-149
-169
-172
-170
-176
-199
-222
-169
-150
-161
-94
-91
-101
-18
7
11
36
112
125
72
74
108
43
-10
-2
-19
-38
13
48
-1
-24
-37
-65
-6
-48
-38
-34
-13
1
-58
-20
-20
-65
-61
-33
-85
-178
-144
-148
-88
-79
-78
-62
-12
22
30
55
55
96
76
110
120
131
63
112
112
85
92
52
58
126
108
54
131
126
133
120
117
128
71
59
109
56
48
119
79
65
41
22
37
38
0
35
68
87
109
91
78
80
78
3
20
58
2
-8
1
53
87
93
127
162
120
96
135
116
108
97
80
97
64
87
93
97
83
64
42
41
67
8
19
37
4
22
34
85
117
147
131
137
148
127
132
89
54
49
37
27
52
16
41
112
137
150
198
177
182
186
157
160
70
102
134
123
113
124
103
60
85
60
75
73
78
88
82
45
1
-24
18
42
-1
8
-4
-16
-6
30
33
69
50
84
104
146
200
163
176
166
224
204
213
214
228
214
201
243
226
186
153
167
112
103
67
53
76
45
46
34
47
0
3
29
22
-48
-57
-71
-52
-70
-72
-22
-29
-18
-10
-63
-66
-51
-109
-29
-30
-29
9
48
59
83
82
54
36
42
73
58
72
58
61
48
19
52
85
77
87
94
101
116
60
91
100
48
53
25
34
27
18
-28
-33
-38
-67
-35
-77
-65
-49
-62
-106
-70
-32
-45
0
-12
-21
10
17
-1
8
47
67
39
61
45
14
70
110
91
71
91
121
109
132
193
153
156
183
172
118
102
118
112
100
103
57
62
29
50
52
29
58
82
-31
-31
-11
-36
-51
-80
-80
-90
-114
-146
-105
-108
-67
-60
-33
-8
-26
-32
-18
15
55
4
6
33
35
35
1
28
24
65
-7
43
79
95
143
114
145
151
123
73
79
78
56
49
22
22
39
50
62
73
102
63
99
57
36
-1
7
1
8
34
30
57
66
84
90
96
55
65
47
36
104
93
60
45
23
63
99
91
97
114
133
118
114
126
126
61
42
72
72
68
110
118
107
107
95
90
80
121
135
63
49
71
67
63
58
80
99
149
120
90
128
146
163
170
142
119
96
42
10
-46
-43
-86
-46
10
33
10
-34
-50
-58
-4
-24
-46
-33
-8
14
37
34
70
47
59
24
27
40
32
72
74
52
61
134
185
195
173
202
196
184
193
147
147
104
63
140
129
127
129
106
80
93
101
0
-35
-44
-56
-62
-74
-28
-3
-30
-28
-31
-90
-108
-86
-87
-74
-94
-61
-125
-110
-72
-93
-97
-81
-81
-56
-55
-58
-22
-39
-32
3
16
48
57
66
67
47
51
108
121
152
129
88
105
51
18
-4
22
12
-22
-9
-13
-9
-50
-98
-54
-52
-69
-43
-24
-56
-31
-24
-26
-23
5
45
32
10
18
31
-16
39
24
47
68
6
58
61
97
74
97
120
141
142
122
128
182
153
97
129
147
170
145
187
186
141
157
160
128
115
133
100
132
116
77
120
154
161
76
106
172
97
48
44
90
126
78
55
106
110
135
152
150
132
128
120
105
112
111
141
112
139
171
179
172
189
266
270
246
216
228
243
174
183
225
162
240
244
236
247
257
299
257
271
313
286
271
288
268
259
291
298
280
283
237
240
204
216
197
166
206
256
241
266
235
220
252
194
216
219
217
237
225
245
282
233
234
210
179
166
184
233
223
258
304
332
341
373
350
272
313
294
291
278
288
341
269
259
256
291
242
230
208
171
191
180
213
147
173
144
133
116
70
120
81
70
123
75
81
107
120
109
142
189
184
174
167
214
265
226
207
207
219
259
241
259
249
268
242
195
235
209
169
180
198
198
177
173
200
199
248
257
245
267
241
247
251
229
249
258
266
253
237
276
231
283
274
258
216
207
194
200
223
160
227
229
197
251
203
210
196
186
171
115
144
179
201
162
161
139
165
179
127
122
154
154
166
146
158
183
199
229
263
267
312
294
221
199
163
149
153
173
110
138
119
94
105
142
124
115
100
123
94
99
165
146
146
169
210
191
223
197
213
200
194
172
174
167
128
113
139
172
198
207
200
203
239
217
204
217
202
241
242
234
249
212
218
234
230
212
217
193
206
194
169
179
164
164
155
161
130
161
157
153
139
80
78
92
41
84
24
44
84
76
73
22
44
34
39
40
60
72
64
38
28
8
34
53
43
33
44
39
100
114
111
122
173
172
165
151
97
131
125
112
81
114
90
10
3
17
44
11
9
52
60
118
95
97
96
49
39
32
46
9
-11
6
-50
-6
62
-22
19
7
10
39
17
33
62
63
47
71
87
73
82
105
39
52
37
18
49
24
-16
-80
-9
-41
-89
-45
-56
-106
-89
-48
-15
2
-52
-77
-49
-9
-32
-42
-104
-55
-82
-110
-40
-45
-56
-102
-109
-54
-65
-84
-84
-78
-89
-92
-66
-79
-89
-52
-12
-26
25
-31
-11
2
-71
-68
-70
-48
-74
-33
-38
-20
9
26
41
21
-7
16
17
-31
-58
-103
-120
-137
-137
-104
-141
-162
-193
-132
-136
-212
-186
-142
-146
-179
-146
-172
-144
-151
-142
-108
-140
-171
-118
-118
-155
-154
-164
-182
-140
-173
-186
-172
-163
-171
-130
-127
-143
-166
-202
-178
-214
-214
-244
-268
-253
-245
-215
-189
-218
-221
-184
-243
-282
-279
-281
-258
-296
-316
-300
-308
-319
-296
-304
-326
-323
-293
-277
-254
-230
-250
-220
-228
-269
-292
-270
-298
-328
-346
-356
-332
-347
-319
-260
-276
-244
-198
-202
-169
-194
-171
-183
-207
-148
-199
-215
-196
-236
-266
-285
-277
-292
-306
-345
-339
-269
-286
-279
-206
-180
-239
-264
-214
-245
-244
-263
-282
-283
-309
-292
-293
-266
-236
-201
-209
-201
-196
-201
-225
-232
-191
-220
-236
-228
-258
-235
-265
-262
-264
-287
-291
-345
-354
-327
-331
-320
-313
-328
-305
-299
-251
-266
-214
-176
-193
-223
-241
-220
-212
-181
-200
-180
-158
-164
-84
-97
-91
-41
-51
-54
-57
-94
-87
-82
-69
-93
-136
-116
-102
-132
-136
-112
-117
-134
-151
-114
-167
-124
-131
-160
-126
-130
-117
-105
-134
-134
-144
-111
-162
-148
-106
-79
-80
-136
-90
-138
-87
-80
-102
-77
-114
-119
-87
-93
-133
-127
-129
-145
-157
-214
-171
-173
-221
-264
-190
-167
-170
-136
-117
-106
-102
-100
-116
-88
-70
-78
-88
-88
-127
-96
-112
-96
-47
-63
-84
-84
-31
-15
-16
-37
-71
-96
-102
-102
-119
-107
-123
-148
-137
-96
-65
-108
-122
-113
-88
-81
-98
-41
-19
-27
-16
2
-38
-57
-15
-20
-10
9
39
-11
-18
-9
5
-16
44
33
23
16
6
45
8
65
95
126
122
101
130
124
133
94
13
34
4
12
30
6
22
-25
-37
-9
-22
-10
-18
-10
6
-8
48
23
-6
26
-6
-2
-10
23
95
76
89
116
177
222
186
206
233
250
273
291
280
244
253
213
249
240
252
227
227
242
202
219
228
224
206
223
240
257
251
203
187
176
186
188
171
162
168
158
202
239
253
232
231
270
210
199
227
276
303
269
259
257
271
275
238
259
236
252
247
266
282
271
259
275
332
275
284
294
317
263
269
247
241
255
211
228
239
248
229
217
255
242
235
224
196
176
192
172
122
115
129
133
92
77
82
76
54
-4
87
107
72
87
82
97
125
151
171
181
207
185
199
177
204
192
183
175
186
177
195
211
114
120
108
137
147
91
134
142
138
138
151
186
158
203
195
160
149
138
109
41
64
86
94
80
3
24
20
31
45
68
74
110
126
112
134
133
115
117
127
148
126
135
117
58
46
58
53
66
73
101
130
124
159
174
145
129
164
169
192
202
234
244
212
201
164
127
111
104
115
47
60
37
29
9
-14
20
81
34
37
67
-6
48
83
94
67
48
76
88
89
121
124
110
84
104
125
162
212
174
156
170
185
208
187
173
200
196
208
231
200
155
135
190
221
189
196
166
110
105
129
101
81
88
104
105
109
140
75
62
133
136
123
201
212
199
214
195
217
196
154
140
99
28
51
7
14
72
64
51
57
109
82
93
101
157
160
164
153
171
223
207
236
215
237
231
225
212
283
355
356
337
338
361
336
357
289
297
304
329
355
348
325
255
279
238
275
252
230
245
213
200
105
134
124
108
156
173
157
137
190
196
200
200
229
217
263
270
230
180
195
257
249
247
253
257
240
203
262
240
203
229
217
245
280
288
284
290
300
270
300
287
273
251
264
250
193
198
193
225
256
278
222
212
197
176
201
180
136
137
120
140
142
117
70
103
90
64
25
45
72
71
102
138
149
146
133
93
92
55
77
86
112
179
189
230
315
265
254
286
275
275
300
292
277
208
232
213
139
202
236
206
187
196
142
159
163
127
119
115
150
89
31
90
89
58
66
149
125
124
149
138
120
120
181
187
173
166
197
187
148
153
140
116
92
71
60
28
31
47
33
52
82
103
98
83
71
100
112
99
96
84
64
99
79
72
81
116
156
125
123
164
146
136
133
93
82
71
35
39
45
-38
-16
-26
-44
-30
-44
-69
-99
-33
-7
-48
20
29
16
-37
-50
-11
-15
-31
-57
-67
-80
-63
-76
-75
-83
-50
-24
-75
-38
-40
-20
-6
2
6
3
-7
7
-12
-2
-62
-71
-82
-89
-60
-93
-81
-63
-65
-67
-58
-62
-32
-36
-100
-114
-129
-166
-153
-155
-172
-142
-150
-184
-183
-174
-172
-162
-111
-65
-110
-100
-56
-35
-44
-38
-17
-41
-63
-54
-51
-88
-109
-111
-138
-135
-116
-134
-134
-120
-126
-101
-98
-154
-249
-254
-234
-299
-321
-388
-338
-379
-368
-358
-370
-335
-338
-323
-371
-376
-395
-430
-426
-408
-379
-325
-308
-294
-245
-289
-295
-286
-343
-337
-329
-310
-302
-302
-328
-321
-294
-325
-336
-355
-336
-342
-409
-440
-393
-450
-408
-384
-387
-395
-410
-398
-437
-391
-410
-409
-448
-415
-390
-404
-400
-383
-363
-382
-435
-421
-446
-454
-450
-496
-471
-470
-459
-426
-449
-495
-467
-457
-442
-453
-428
-463
-457
-415
-430
-442
-451
-465
-444
-397
-428
-419
-374
-339
-293
-272
-261
-237
-233
-247
-312
-355
-344
-381
-445
-420
-452
-416
-369
-351
-353
-377
-414
-465
-443
-454
-476
-523
-507
-507
-454
-424
-449
-437
-390
-366
-387
-355
-327
-313
-325
-306
-277
-265
-319
-283
-281
-282
-252
-257
-223
-236
-238
-276
-292
-264
-269
-277
-290
-342
-346
-364
-398
-389
-412
-431
-460
-447
-429
-469
-496
-490
-495
-484
-506
-515
-524
-561
-519
-499
-488
-489
-509
-477
-506
-475
-421
-437
-413
-409
-384
-381
-404
-399
-306
-266
-247
-183
-171
-143
-152
-164
-140
-138
-104
-115
-163
-167
-178
-203
-191
-186
-223
-290
-264
-218
-207
-182
-157
-142
-134
-145
-158
-127
-194
-260
-229
-244
-231
-307
-298
-243
-292
-312
-299
-260
-237
-229
-244
-225
-218
-204
-200
-214
-143
-158
-183
-171
-121
-110
-125
-139
-133
-158
-205
-229
-227
-182
-246
-213
-203
-215
-229
-223
-254
-281
-258
-260
-241
-236
-270
-233
-196
-192
-195
-197
-204
-255
-311
-230
-200
-187
-187
-189
-145
-181
-200
-208
-178
-172
-170
-142
-175
-164
-154
-139
-144
-133
-141
-128
-105
-142
-107
-83
-47
-19
-42
-50
-106
-97
-111
-88
-103
-114
-79
-89
-64
-66
-27
-50
-51
-13
-48
-60
-37
-61
-92
-93
-88
-89
-49
-86
-88
-55
-57
-65
-5
-19
-61
-42
8
8
28
26
40
23
-18
-13
-63
-61
-72
-94
-119
-89
-103
-56
-63
-73
-66
-73
-50
-60
-7
-36
-25
-14
-24
34
-13
12
19
50
31
-32
10
8
-32
-27
64
88
58
66
105
79
55
84
151
123
125
186
141
147
186
207
198
181
191
105
123
98
62
51
44
107
102
60
73
98
75
143
161
138
191
177
171
160
125
155
130
122
99
119
62
63
92
93
59
20
77
39
34
42
20
39
38
47
79
75
62
2
3
-17
8
0
-8
-7
-26
-5
-18
16
65
64
50
77
52
97
106
96
110
92
110
164
160
174
165
179
156
137
173
161
163
141
121
168
197
162
156
183
185
161
150
177
201
225
219
212
211
254
297
270
247
209
210
207
206
199
185
177
156
136
182
168
160
158
173
133
147
157
113
182
117
85
125
112
94
114
148
115
67
72
104
96
86
67
70
93
87
115
114
105
124
155
157
119
146
138
141
93
91
98
74
92
126
94
108
144
124
162
139
123
84
123
145
108
96
115
116
13
-22
11
25
16
18
29
67
65
25
40
75
74
107
65
81
68
47
40
14
69
14
-30
-10
-43
-53
-36
-24
-43
-65
-18
5
71
73
81
48
68
89
36
20
48
54
61
48
45
60
45
69
59
59
25
84
111
105
120
139
102
88
115
97
62
49
66
70
44
41
37
26
34
59
83
86
78
42
9
-11
-7
15
-44
-33
-34
-63
-116
-117
-69
-123
-139
-100
-96
-132
-46
-59
-29
3
-5
17
12
21
-15
-42
-53
-28
-14
-64
-29
14
32
33
64
93
93
136
116
86
65
35
9
-7
16
9
-47
-77
-62
-103
-122
-101
-97
-125
-179
-178
-155
-163
-96
-83
-147
-130
-133
-111
-129
-147
-121
-150
-135
-137
-129
-120
-127
-104
-131
-134
-60
-83
-62
-19
-1
-38
-6
-3
-38
-68
-74
-104
-129
-91
-115
-99
-85
-47
-77
-94
-111
-98
-140
-158
-122
-153
-83
-105
-106
-59
-116
-91
-102
-133
-130
-69
-72
-30
-33
-84
-61
-106
-72
-96
-88
-65
-68
-72
-70
-93
-77
-35
-50
-33
-51
-20
12
-37
-11
-35
-60
-73
-55
-77
-122
-90
-98
-136
-153
-117
-153
-150
-147
-154
-166
-173
-157
-179
-208
-167
-144
-121
-86
-123
-118
-117
-134
-75
-65
-86
-46
-77
-76
-70
-28
4
46
76
92
73
90
146
138
159
153
138
157
151
87
102
56
35
8
-5
36
-35
5
11
10
36
-15
19
15
25
3
-2
41
57
12
23
37
-2
1
11
34
57
45
25
75
71
85
60
64
90
105
91
98
147
139
106
68
71
124
120
95
133
73
81
109
114
101
131
110
84
108
131
148
130
115
137
159
139
170
188
189
207
208
194
196
225
238
195
201
206
203
209
217
182
195
200
239
218
202
242
215
207
166
168
166
194
261
253
258
248
267
285
257
237
238
244
226
256
285
244
240
287
254
269
277
265
218
222
225
223
232
228
241
223
232
224
259
208
213
258
238
261
291
242
273
279
302
298
278
323
282
291
254
202
215
257
228
255
291
332
340
288
303
338
304
337
331
294
305
333
343
325
392
395
382
380
383
363
360
402
391
393
383
411
423
438
425
429
437
440
410
438
397
383
390
374
373
401
434
410
399
385
381
387
364
374
382
377
344
363
329
309
327
295
322
333
338
368
369
290
273
292
285
269
274
318
310
324
325
309
288
281
253
258
278
246
272
308
345
329
321
283
245
250
244
250
224
201
210
182
207
222
244
252
221
283
239
250
215
217
192
184
178
130
138
73
47
40
54
57
37
61
75
81
103
115
114
123
139
104
149
132
132
165
143
144
133
162
162
180
188
183
165
182
153
136
142
87
62
-35
-43
-87
-112
-161
-179
-151
-199
-196
-179
-153
-162
-121
-144
-109
-80
-146
-110
-133
-110
-159
-141
-100
-128
-117
-83
-71
-91
-99
-39
24
49
25
11
24
20
-7
-76
-101
-129
-129
-118
-137
-176
-157
-191
-150
-160
-162
-163
-170
-139
-127
-153
-128
-124
-145
-68
-132
-137
-132
-108
-117
-102
-102
-68
-64
-55
-45
-76
11
0
13
47
65
72
77
81
90
68
55
28
38
-3
-1
-61
-88
-60
-54
-38
9
-18
-45
-36
-61
-84
-157
-158
-182
-210
-232
-199
-145
-106
-99
-93
-97
-131
-91
-51
-93
-65
8
13
-14
2
-21
35
65
40
101
76
103
151
188
194
149
162
143
117
108
126
126
122
118
124
112
127
84
25
51
49
29
2
-11
39
18
12
36
12
-4
-14
-28
-18
15
-27
-10
-19
-10
8
30
59
10
-9
-42
-39
-72
-69
-25
-59
-39
-34
-7
-4
7
22
4
-39
-38
-62
-81
-53
-100
-112
-93
-92
-88
-79
-91
-16
1
16
33
35
122
97
88
93
102
106
78
84
60
65
-6
-36
-7
-32
-51
-55
9
19
-45
-34
-14
-17
-8
-72
-80
-54
-45
-96
-108
-123
-114
-118
-110
-119
-110
-91
-38
23
37
44
88
99
111
126
70
70
90
113
67
55
83
78
96
88
69
73
69
54
11
33
52
34
51
24
-12
-21
-37
-55
-74
-128
-126
-81
-118
-84
-95
-89
-144
-155
-74
-115
-97
-80
-26
-52
-69
-40
-50
-90
-55
-44
-30
-4
-4
52
54
90
59
38
23
43
59
54
51
64
89
110
85
160
126
41
25
-8
-23
-25
-35
-9
22
38
65
21
21
25
-41
-49
-27
-50
-27
-28
-49
-25
-18
-55
-32
5
77
74
73
113
79
70
92
124
111
74
74
119
111
126
136
178
162
136
90
71
130
120
104
93
92
78
38
77
106
96
109
110
134
101
109
125
84
61
70
12
-20
-15
-46
-83
-113
-60
-17
-29
-57
-103
-103
-65
-52
-29
-22
-32
-40
-19
57
49
83
139
142
213
199
168
126
127
170
136
187
197
187
234
263
280
312
318
326
332
335
338
302
275
280
246
237
266
213
185
187
173
165
117
140
127
151
141
113
126
124
147
142
154
167
155
167
153
152
170
153
170
140
126
133
108
84
142
82
105
154
105
137
143
113
130
154
175
165
183
170
122
145
159
90
63
136
132
137
102
110
137
96
63
108
126
175
163
106
164
188
178
195
202
208
212
231
203
237
241
216
201
169
166
119
89
86
68
129
85
97
79
62
50
67
93
57
41
44
63
32
32
39
0
17
23
7
-7
48
13
-17
10
-17
-79
-66
-65
-95
-122
-113
-110
-110
-109
-77
-66
-127
-93
-79
-76
-58
-52
-61
-78
-39
-32
15
38
-13
-14
-3
0
-7
-34
-65
-33
-92
-72
-102
-153
-129
-123
-132
-122
-109
-149
-120
-153
-168
-212
-221
-169
-158
-136
-164
-125
-92
-99
-83
-151
-164
-155
-139
-135
-105
-46
14
5
16
55
51
60
54
87
23
-1
13
19
-26
-29
29
-22
-43
-67
-48
-56
-61
-122
-161
-93
-132
-105
-105
-99
-110
-139
-142
-153
-207
-166
-181
-221
-178
-152
-162
-183
-147
-190
-193
-162
-119
-95
-103
-43
-34
-22
18
19
-26
-1
18
-10
2
-24
-26
-43
-20
26
-22
-38
-57
-61
-117
-113
-108
-125
-130
-157
-112
-149
-193
-178
-162
-157
-105
-71
-92
-101
-93
-89
-86
-76
-118
-155
-107
-126
-119
-65
-114
-94
-61
-35
12
5
28
12
-3
-31
-17
-21
4
-62
-94
-58
-36
-61
-85
-99
-125
-130
-167
-182
-152
-148
-156
-142
-153
-147
-134
-130
-152
-169
-163
-183
-186
-197
-213
-188
-165
-175
-186
-203
-184
-221
-233
-196
-143
-113
-151
-132
-121
-104
-105
-75
-134
-89
-80
-122
-114
-133
-96
-105
-118
-63
-63
-83
-111
-64
-58
-29
2
56
10
12
2
-6
-13
-49
-55
-127
-102
-139
-167
-147
-177
-237
-213
-199
-209
-210
-197
-201
-230
-234
-258
-273
-291
-299
-300
-231
-242
-220
-217
-200
-162
-152
-86
-71
-95
-63
-60
-124
-105
-98
-86
-112
-89
-95
-108
-152
-125
-116
-138
-192
-198
-168
-165
-132
-154
-149
-195
-200
-202
-184
-213
-207
-287
-246
-236
-240
-234
-227
-237
-224
-163
-188
-170
-157
-103
-102
-81
-35
-77
-120
-111
-99
-100
-86
-48
-18
18
-13
-18
-2
-14
-42
-5
-9
-42
-86
-103
-102
-110
-50
-42
-11
-3
-42
-97
-144
-162
-201
-175
-154
-133
-139
-192
-223
-248
-232
-258
-237
-210
-231
-209
-190
-129
-136
-133
-136
-125
-140
-109
-71
-133
-99
-125
-106
-62
-79
-44
-38
-53
-33
-16
-19
-43
0
3
-37
-38
26
8
46
50
26
26
14
0
-31
-47
-74
-58
-60
-15
-47
-69
-96
-109
-79
-78
-30
-82
-45
-37
-83
-51
-64
-41
-45
-64
-64
-29
-66
-65
-39
-65
-75
-68
-55
-53
-3
-15
-43
-28
8
-14
-51
1
-13
0
-9
-1
-10
-30
-21
-8
-39
-48
2
3
2
30
51
55
50
28
71
43
54
75
90
104
96
127
81
122
134
61
55
42
48
41
36
27
-24
-26
-41
-20
2
-3
48
55
44
65
80
99
101
109
110
141
107
111
104
80
85
105
110
70
97
128
169
155
117
135
74
95
144
125
117
146
133
73
14
-17
7
6
3
45
36
58
78
48
3
21
57
-42
-42
-71
-35
10
-24
9
-1
38
67
76
35
99
51
85
126
97
101
87
91
74
116
97
110
114
99
106
114
86
40
35
70
67
95
88
44
44
59
59
44
19
29
45
9
19
46
18
6
47
80
0
8
62
19
-14
39
87
65
41
44
52
26
52
66
38
45
74
82
53
127
93
80
132
161
183
159
168
141
156
143
112
131
170
102
79
90
40
57
66
103
78
112
93
130
132
121
146
146
156
146
128
133
113
110
106
81
102
75
107
93
90
49
82
78
96
74
127
150
103
131
132
148
123
125
101
118
137
127
187
160
155
161
132
187
176
175
211
241
244
231
255
288
291
273
272
223
221
193
204
198
131
119
98
126
110
113
117
140
164
135
212
198
154
165
181
178
166
182
170
184
142
163
175
168
159
132
161
86
127
126
109
120
105
141
140
141
135
140
102
15
55
101
122
109
157
162
139
126
111
123
98
184
186
138
154
215
171
138
178
158
143
151
160
135
160
135
137
142
144
174
165
165
150
119
81
73
53
25
14
-22
-40
-52
-42
-55
-56
9
2
-10
15
59
64
32
51
77
52
39
27
65
115
107
91
46
58
108
162
144
148
184
174
172
150
142
94
20
39
22
-13
-11
-31
-2
-13
-79
-70
-13
-59
-74
-57
-58
-42
-48
-35
-41
-46
-53
-59
-51
-34
-48
-40
-51
-84
-31
-36
-61
-18
-7
12
55
55
80
108
96
77
69
76
21
7
16
30
47
13
96
86
51
65
37
11
0
52
66
89
70
56
63
70
33
50
34
35
35
3
-4
20
30
15
36
7
103
67
46
122
87
59
23
-6
-6
25
43
48
36
30
81
57
20
72
73
54
38
20
44
38
45
74
22
47
98
35
69
71
59
88
58
46
13
12
48
14
19
21
12
-22
-51
-6
33
1
-4
21
2
-11
30
20
-18
3
-17
-4
7
-3
-5
34
20
33
65
47
33
68
55
45
26
-25
2
-74
-18
-45
-60
-7
29
12
-9
19
-18
13
37
43
35
51
92
75
28
21
27
80
45
21
21
30
13
39
33
25
63
27
-26
-2
50
23
-5
20
36
-8
4
20
43
51
32
56
42
45
42
-12
-5
7
6
-12
-30
-71
-67
-98
-93
-77
-109
-137
-118
-137
-164
-166
-177
-144
-138
-102
-59
-49
-29
-21
-22
-40
-49
-55
-79
-87
-43
-21
-46
-13
-32
-10
36
54
14
29
38
44
41
18
13
11
8
-17
-73
-51
-53
-91
-84
-55
-73
-93
-63
-46
-45
-80
-77
-93
-118
-98
-76
-73
-84
-50
-48
-34
-48
-56
-64
-107
-73
-45
-78
-63
-119
-111
-66
-60
-76
-107
-82
-93
-89
-69
-39
-78
-101
-146
-87
-104
-112
-60
-124
-167
-86
-54
-107
-103
-114
-51
-68
-88
-54
-102
-145
-82
-34
-88
-70
-71
-15
-23
-31
-15
-23
-43
-12
-23
-56
-37
-15
-10
-37
16
-5
-59
-31
-24
-47
-37
-48
-33
-4
15
21
31
64
48
31
59
52
17
34
20
59
32
34
49
58
67
75
30
43
45
-8
6
-8
-7
10
-4
26
47
18
42
-4
21
-24
-38
4
-26
5
-6
-46
1
-34
-23
9
1
-40
2
30
9
-3
44
15
29
83
49
91
83
101
141
138
124
99
23
11
-42
-8
18
55
58
47
22
-16
56
13
7
-6
2
12
20
32
28
41
16
74
31
14
36
34
8
8
17
20
73
42
55
62
78
93
63
18
31
80
55
24
18
16
8
41
16
25
77
56
20
38
29
61
37
-20
-29
-40
-35
-11
10
19
42
28
6
52
113
101
55
103
125
106
155
110
144
127
115
150
112
117
130
84
62
59
32
12
4
-3
-1
16
11
-69
-88
-61
-84
-72
-91
-86
-22
-78
-51
-22
-10
19
17
59
46
18
-16
-33
-23
-19
-1
27
53
30
89
155
157
150
129
160
134
105
113
116
62
23
-2
6
8
19
48
69
30
14
62
69
50
32
61
52
57
103
53
37
27
27
24
40
63
102
96
77
44
104
67
108
119
90
68
61
158
127
110
167
177
143
131
104
100
83
73
87
87
87
115
139
134
161
154
170
170
144
103
152
151
76
71
69
70
15
12
21
68
66
76
49
31
35
49
43
25
38
104
112
119
135
114
119
107
145
122
64
105
132
107
135
164
192
184
254
229
184
185
206
188
203
247
230
233
239
290
206
238
247
195
151
160
163
143
173
127
156
103
69
134
67
30
48
5
16
-2
-23
-62
-41
-50
-30
29
56
56
55
69
45
4
20
53
39
45
53
17
31
-1
26
61
78
135
208
206
212
196
192
203
202
220
150
146
134
121
123
119
106
56
88
112
104
113
145
121
112
131
102
92
63
66
27
6
-16
-42
-47
-8
21
13
0
-9
-47
-14
5
-6
-3
-6
52
148
142
173
175
137
205
178
155
99
60
63
11
59
72
37
64
44
74
93
115
105
45
52
46
52
68
67
53
59
74
99
94
69
93
65
66
44
54
75
92
125
102
78
99
109
138
124
117
107
82
102
96
63
46
37
51
70
91
81
125
136
94
122
141
132
144
129
99
151
142
189
186
213
253
237
253
218
253
264
261
232
243
192
211
271
207
194
149
175
162
115
147
120
120
82
76
87
115
99
117
149
117
131
143
165
208
218
198
191
198
190
254
257
227
242
289
338
307
346
289
304
333
326
327
289
321
329
348
310
261
273
252
290
259
246
203
184
197
191
217
238
204
226
276
239
200
224
279
251
234
251
271
279
221
165
129
189
148
138
225
184
203
228
192
248
236
283
317
281
341
356
357
332
301
288
285
299
244
246
271
234
200
224
254
239
232
247
240
275
264
219
263
221
250
276
217
265
278
275
290
296
296
254
198
222
218
223
201
198
206
183
172
146
173
168
158
199
211
172
178
174
201
195
198
234
211
198
181
230
190
170
149
86
112
92
113
160
135
155
208
230
217
216
190
202
233
186
230
172
156
113
94
74
14
23
43
31
8
37
27
4
2
10
-35
-5
48
21
-41
-2
-9
-48
-31
2
19
54
59
73
129
120
133
116
164
180
179
175
145
162
143
142
165
161
130
129
109
75
45
37
37
19
28
21
66
52
63
103
83
50
34
50
49
24
58
32
43
64
45
34
50
59
79
57
34
78
82
66
59
46
7
68
65
82
47
43
108
89
66
88
158
145
134
123
112
152
158
145
194
184
153
175
194
208
187
159
128
104
81
49
44
16
44
19
-28
-31
-31
-8
-26
0
-20
-35
-31
-38
-21
-24
-2
16
15
23
4
15
12
30
56
69
52
48
16
24
65
27
64
80
74
113
147
139
123
120
132
103
29
46
21
36
31
36
30
26
23
10
57
65
43
33
17
77
113
102
136
145
154
178
161
154
165
113
119
92
123
95
141
91
85
109
97
164
126
135
167
154
106
79
98
107
108
93
101
37
15
86
51
79
84
55
75
89
94
141
144
84
101
106
138
168
143
117
93
100
40
52
41
45
89
94
108
102
148
104
90
114
111
50
38
8
41
50
59
65
91
131
110
185
163
154
176
124
130
153
173
206
168
180
203
198
176
161
185
155
160
162
142
93
72
65
89
141
87
109
84
52
117
105
50
16
15
49
65
20
26
36
33
112
153
92
115
103
114
132
87
53
60
61
65
113
142
121
110
137
131
168
155
150
161
137
112
78
82
97
96
85
89
78
81
63
117
129
131
100
69
139
146
128
127
116
139
154
155
140
139
184
134
154
167
185
150
167
186
197
202
187
179
110
87
83
80
23
55
-2
-43
-60
-56
-5
-42
9
-13
-32
-7
4
26
32
-5
-40
-3
-16
-29
-17
-14
52
51
14
35
72
32
135
154
177
189
177
236
255
263
225
192
196
263
196
172
144
149
108
105
156
152
166
119
52
14
12
-27
-29
-37
-123
-72
-44
-105
-82
-99
-129
-136
-151
-140
-178
-155
-124
-82
-109
-139
-77
-57
-49
-67
-94
-61
-24
-41
-65
0
-10
42
86
31
72
66
92
76
45
91
58
90
109
90
105
154
107
107
140
118
80
97
95
119
120
77
113
135
145
132
75
47
38
-22
23
27
4
15
-25
-24
-13
-31
-47
-65
-47
-23
-41
-71
-80
-51
-51
-65
-35
-12
0
8
3
36
-23
-26
26
-29
-15
22
74
32
16
63
83
83
105
88
107
101
91
90
95
86
82
89
50
57
53
13
21
43
20
8
30
-12
3
-25
-30
-30
-27
-37
-31
-23
-33
-1
-30
-50
-32
-25
-41
-66
-61
-39
-89
-56
-64
-82
-65
-58
-52
-106
-86
-107
-120
-127
-72
-59
-51
-37
-50
-99
-81
-39
-2
-10
-32
55
34
-4
-49
-23
-42
-20
-53
-106
-78
-71
-48
-62
-65
-71
-32
-5
17
-17
-34
-34
-22
-11
-9
-14
-7
-18
-10
-33
-75
-137
-156
-122
-140
-162
-141
-107
-99
-52
-6
-79
-89
-17
-31
-59
-38
-32
10
15
-21
-45
-86
-93
-111
-120
-136
-51
-3
14
7
13
13
-26
-6
10
-37
-50
-80
-80
-74
-94
-132
-173
-177
-186
-190
-209
-196
-196
-191
-212
-233
-258
-252
-255
-244
-216
-224
-197
-207
-167
-156
-142
-186
-195
-184
-155
-121
-86
-68
-96
-45
-45
-14
41
2
-12
1
-21
-64
-44
-20
-31
4
29
5
24
107
77
75
63
52
40
51
21
30
53
58
55
23
19
20
-8
17
-40
-84
-74
-102
-94
-88
-111
-196
-194
-201
-228
-206
-202
-188
-199
-255
-213
-181
-161
-106
-97
-85
-93
-51
-80
-87
-60
-76
-58
-118
-118
-81
-57
-104
-64
-40
-39
-16
23
9
19
15
2
23
10
0
-54
-33
-60
-77
-43
-38
-31
-40
-41
-60
-111
-151
-112
-99
-95
-117
-71
-43
-78
-23
-43
-16
-18
2
22
20
-8
-39
-51
-54
-67
-92
-40
-22
-32
-58
-79
-74
-71
-88
-84
-111
-108
-76
-105
-151
-100
-59
-94
-125
-113
-84
-104
-98
-94
-113
-80
-85
-112
-51
-57
-80
-77
-39
-61
-53
-1
-75
-54
-15
-53
-74
-57
-76
-123
-96
-92
-91
-93
-97
-64
-87
-80
-52
-83
-69
-67
-101
-78
-80
-39
-70
-36
-16
-46
21
10
24
1
-23
-16
-46
-69
-54
-85
-109
-100
-121
-89
-34
-30
-71
-82
-54
-53
-46
-76
-27
-24
-7
-18
-32
-40
-50
-52
-97
-118
-82
-78
-80
-60
-59
-43
-30
2
4
14
-19
-15
14
-4
-54
-59
-80
-79
-66
-82
-48
-88
-102
-69
-110
-107
-80
-118
-93
-41
-47
-79
-102
-73
-11
-3
-67
-66
-71
-79
-49
-62
-56
-21
-12
20
7
10
36
58
101
33
24
6
-31
5
-14
-68
-38
2
-12
1
14
17
12
23
57
24
31
3
2
46
49
65
2
6
18
53
50
38
63
52
67
48
51
29
26
54
-25
-24
-73
-35
13
-57
-25
-10
-40
-50
15
-2
-30
-17
-8
-84
-81
-145
-131
-96
-101
-63
-30
-63
-99
-89
-112
-117
-95
-118
-148
-119
-124
-105
-80
-55
-64
-118
-99
-72
-65
-76
-110
-72
-74
-63
-71
-73
-21
5
33
39
63
87
-5
23
28
-26
-39
-77
-46
-36
-63
-68
-49
-46
-8
-30
-32
-20
-51
-72
-54
-2
-19
22
18
65
61
70
63
14
-28
26
30
-7
9
-27
10
11
-8
31
32
14
9
31
-15
-49
-51
-87
-103
-79
-110
-110
-76
-96
-94
-73
-104
-125
-132
-142
-134
-183
-201
-178
-169
-167
-159
-80
-64
-53
-79
-50
-21
-29
-30
-56
-9
-24
-41
-42
-19
11
-5
-4
2
-29
-1
9
22
-15
-59
-57
-62
-16
9
15
17
-22
-43
-65
-21
-55
-115
-47
-59
-86
-79
-32
-7
-26
-48
-100
-42
-54
-82
-83
-53
-1
-46
-43
-44
-11
-1
-50
-51
-48
-63
-32
-50
-90
-113
-101
-112
-105
-107
-116
-99
-111
-49
-57
-89
-45
-41
-84
-24
32
10
0
-32
-21
-43
-14
-37
-33
-23
-21
4
9
2
-4
51
97
198
331
510
1051
1101
-322
-670
939
1417
310
-72
581
964
962
328
-267
-208
404
1434
1232
-157
-548
185
533
372
291
131
326
546
-47
-446
-395
-531
-392
-12
79
-262
-709
-966
-904
-517
-230
96
-101
-583
-235
270
-125
-623
-269
315
649
600
321
134
-11
197
485
238
-13
317
300
-283
-298
-57
-164
-253
-57
12
-225
-477
-455
-422
-375
-221
63
-60
-361
-326
-362
-389
-199
-50
-161
196
100
-328
-282
-72
-83
-140
201
220
3
-179
-291
-151
-97
18
120
-212
-182
83
-128
-368
-198
-63
95
300
-9
-112
-189
-501
-55
377
171
-72
-224
-138
18
3
-199
-195
-31
-134
280
371
-143
-376
-167
103
243
198
-255
-462
80
142
-92
-108
-107
-62
-184
-170
-155
-236
-354
-374
-250
-403
-747
-760
-713
-885
-1047
-818
-606
-933
-1245
-1103
-883
-964
-1019
-905
-793
-674
-676
-683
-708
-604
-434
-468
-406
-228
-80
-163
-234
-133
82
369
354
123
217
420
449
435
511
527
371
437
548
456
315
235
350
536
494
367
389
382
337
473
603
597
514
512
552
609
604
466
579
621
511
590
641
610
501
625
729
560
518
497
560
450
270
294
174
-7
-131
-150
-40
-174
-428
-567
-634
-564
-548
-842
-980
-945
-1088
-1277
-1194
-1430
-1637
-1391
-1373
-1530
-1800
-1929
-1967
-1875
-1774
-1852
-2024
-1973
-1897
-1992
-1965
-1930
-1924
-1868
-1851
-1680
-1143
-1116
-1746
-1983
-1517
-606
-46
-329
-789
-555
98
583
817
777
763
1015
1402
1779
1902
1466
1315
1717
2172
2297
1987
1550
1289
1469
1792
1949
1706
1112
879
854
888
966
779
570
386
357
466
348
95
12
153
324
394
267
71
56
254
581
784
716
502
358
489
713
823
819
768
688
615
584
540
388
228
124
79
-13
-266
-479
-686
-874
-1005
-1176
-1416
-1768
-1942
-2021
-2096
-2152
-2390
-2574
-2753
-2856
-2868
-2954
-2999
-3040
-3103
-3323
-3500
-3465
-3530
-3173
-2139
-2012
-2880
-3536
-3065
-1531
-471
-787
-1407
-1075
-79
766
1095
1050
1213
1691
2250
2941
3063
2449
2155
2704
3672
4074
3534
2618
2245
2619
3210
3486
2968
2066
1506
1444
1729
1710
1062
437
255
458
512
106
-448
-714
-473
-133
-88
-385
-792
-887
-528
157
531
292
-10
39
558
1095
1271
1182
1083
1192
1448
1674
1603
1344
1265
1338
1523
1382
951
558
355
424
434
108
-429
-1017
-1241
-1188
-1255
-1549
-2082
-2588
-2816
-2814
-2758
-3036
-3517
-3793
-3754
-3619
-3702
-3941
-4216
-4106
-3963
-4073
-4215
-3648
-2403
-2550
-3733
-4121
-3032
-1024
-210
-983
-1627
-851
721
1777
1847
1501
1759
2574
3391
4059
3829
3131
3150
3998
4908
4921
4028
3106
3096
3789
4194
3967
3056
2114
1789
1872
2174
1753
786
404
517
568
183
-409
-839
-692
-324
-346
-619
-995
-1079
-676
-269
4
-55
-257
-130
183
523
640
730
720
825
1098
1105
1198
1201
1193
1240
1208
1058
831
598
485
446
294
36
-409
-919
-1123
-1168
-1401
-1717
-2145
-2456
-2580
-2631
-2884
-3150
-3324
-3393
-3464
-3574
-3863
-4060
-4047
-4002
-3995
-4243
-4604
-4282
-2816
-2117
-3333
-4624
-4172
-1784
151
-352
-1858
-1809
16
1662
2173
1714
1540
2309
3449
4499
4619
3728
3265
3998
5301
5835
4913
3672
3430
4114
4772
4730
3876
2693
2136
2245
2587
2449
1439
457
309
652
680
-31
-950
-1092
-623
-429
-683
-1230
-1458
-1162
-600
-312
-413
-679
-798
-318
309
662
677
509
533
859
1213
1430
1398
1243
1137
1190
1293
1252
1021
681
726
785
472
81
-460
-712
-665
-829
-1201
-1779
-2141
-2402
-2579
-2774
-3007
-3194
-3474
-3618
-3883
-4101
-4203
-4218
-4227
-4441
-4724
-4962
-4200
-2822
-2704
-3918
-4723
-3797
-1344
45
-883
-2169
-1483
593
2115
2188
1561
1838
2845
3886
4757
4579
3932
3924
4769
5797
5838
4881
3988
4192
4840
5111
4890
3841
2790
2441
2609
3024
2508
1234
396
549
1031
771
-315
-1065
-852
-404
-512
-1053
-1585
-1528
-1001
-625
-617
-876
-1039
-791
-284
146
265
188
145
316
747
1009
1172
1052
896
1027
1180
1180
978
781
730
783
629
75
-487
-695
-680
-712
-1178
-1740
-2151
-2351
-2510
-2736
-2974
-3240
-3588
-3812
-3867
-3995
-4205
-4465
-4461
-4518
-4703
-4945
-4460
-3261
-3160
-4157
-4819
-3967
-1725
-552
-1336
-2314
-1600
219
1478
1676
1353
1680
2714
3651
4394
4112
3698
4072
4874
5581
5350
4647
4215
4439
4857
4818
4572
3871
3028
2532
2477
2690
2228
1223
459
309
435
5
-671
-1053
-1010
-1003
-1388
-1723
-1809
-1661
-1564
-1598
-1544
-1497
-1406
-1235
-929
-539
-254
-107
-115
-38
263
682
976
908
873
967
1041
1075
824
809
920
781
426
-19
-275
-409
-481
-724
-1216
-1695
-2007
-2150
-2435
-2811
-3109
-3353
-3641
-3917
-4300
-4542
-4666
-4756
-4879
-4982
-5209
-5603
-5329
-4001
-3318
-4244
-5360
-5037
-2970
-1122
-1392
-2700
-2486
-630
1120
1587
1017
1111
2313
3467
4204
4075
3642
4030
4922
5614
5578
4915
4419
4636
5079
5184
4775
4066
3427
3012
2793
2684
2310
1572
914
606
391
20
-595
-968
-956
-1135
-1696
-2137
-2057
-1795
-1772
-2004
-2008
-1747
-1514
-1436
-1341
-1039
-630
-383
-313
-215
21
336
605
768
860
920
989
951
955
1014
1057
997
648
282
121
121
54
-369
-837
-1227
-1470
-1720
-2123
-2496
-2916
-3163
-3450
-3726
-4012
-4271
-4425
-4639
-4829
-4947
-5085
-5292
-5556
-5048
-3792
-3584
-4485
-5293
-4710
-2511
-937
-1415
-2678
-2360
-322
1544
1883
1070
1160
2427
3738
4476
4153
3807
4281
5164
5784
5642
4966
4528
4836
5268
5305
4875
3885
3269
3099
2949
2817
1941
1061
758
707
389
-412
-1098
-1268
-1063
-1267
-1993
-2370
-2240
-1846
-1719
-2059
-2106
-1909
-1616
-1365
-1245
-1002
-797
-538
-372
-27
213
323
510
780
1071
1132
1039
1004
1189
1372
1414
1114
756
580
490
391
275
-114
-630
-1001
-1210
-1383
-1753
-2291
-2658
-2872
-3151
-3451
-3820
-3998
-4139
-4304
-4509
-4724
-4910
-4975
-4975
-4975
-4175
-3420
-4013
-4972
-4957
-3263
-1143
-999
-2306
-2722
-1092
987
1930
1483
986
1925
3265
4218
4408
3882
4009
4766
5494
5618
5187
4730
4654
5057
5263
5031
4275
3453
3259
3211
3032
2467
1589
1144
1047
824
256
-310
-665
-683
-792
-1278
-1648
-1691
-1585
-1456
-1597
-1673
-1523
-1443
-1335
-1178
-879
-607
-474
-339
-110
181
316
455
669
903
932
838
942
1090
1221
1198
960
822
745
656
460
192
-90
-437
-676
-972
-1266
-1555
-1999
-2282
-2500
-2703
-3015
-3354
-3596
-3791
-3924
-4163
-4317
-4499
-4760
-4943
-4764
-3746
-3040
-3781
-4793
-4873
-3171
-1121
-978
-2352
-2833
-1276
828
1769
1297
793
1558
2968
4125
4202
3569
3714
4512
5257
5469
5060
4456
4350
4800
5218
4999
4149
3279
3211
3311
3000
2323
1411
1132
1161
863
316
-391
-844
-866
-887
-1246
-1633
-1828
-1831
-1649
-1662
-1722
-1651
-1703
-1593
-1276
-934
-778
-819
-781
-412
102
247
355
528
697
881
930
996
1120
1146
1119
1141
994
779
666
628
482
135
-144
-443
-680
-1001
-1359
-1714
-1990
-2240
-2588
-2815
-3055
-3387
-3526
-3703
-3930
-4054
-4256
-4395
-4566
-4851
-4462
-3335
-3136
-4153
-4996
-4251
-2089
-676
-1507
-2786
-2188
-183
1529
1578
766
963
2301
3731
4256
3745
3481
4058
4843
5380
5272
4801
4369
4516
4919
5013
4519
3661
3246
3341
3369
2807
1898
1330
1319
1336
812
16
-503
-533
-483
-907
-1430
-1723
-1628
-1473
-1491
-1631
-1751
-1640
-1462
-1237
-992
-834
-825
-711
-358
42
316
445
584
811
970
1125
1240
1315
1357
1402
1367
1260
1132
1052
1011
893
582
333
61
-239
-405
-646
-1015
-1317
-1707
-1955
-2165
-2539
-2765
-2913
-3096
-3381
-3525
-3775
-3955
-3987
-4084
-4211
-4260
-3730
-2908
-3105
-4023
-4343
-3198
-1258
-623
-1723
-2657
-1480
538
1647
1373
581
1151
2637
3632
3874
3274
3182
3980
4873
5077
4631
4124
4053
4603
4910
4643
4064
3306
3200
3409
3189
2479
1671
1373
1400
1273
717
27
-439
-551
-549
-817
-1265
-1557
-1691
-1545
-1526
-1573
-1576
-1550
-1400
-1169
-937
-902
-874
-676
-266
147
145
49
259
645
958
991
1008
1081
1180
1263
1269
1268
1177
1110
1071
956
736
365
111
-40
-136
-426
-977
-1349
-1545
-1691
-1930
-2225
-2552
-2783
-2907
-3156
-3357
-3505
-3693
-3782
-3825
-3956
-4136
-3767
-2872
-2748
-3562
-4146
-3467
-1618
-643
-1339
-2339
-1837
24
1448
1449
561
656
2075
3203
3418
2862
2785
3541
4278
4452
4129
3807
3798
4110
4274
4118
3650
3082
2896
3049
2772
2153
1469
1232
1378
1201
614
-140
-512
-497
-451
-796
-1296
-1451
-1430
-1252
-1284
-1447
-1438
-1288
-1143
-1039
-998
-885
-703
-390
-139
-53
37
204
543
819
901
863
927
1122
1259
1276
1213
1163
1085
1035
1001
876
642
357
184
105
-225
-604
-995
-1240
-1341
-1477
-1780
-2200
-2470
-2614
-2746
-2969
-3184
-3235
-3297
-3417
-3652
-3853
-3805
-3688
-3086
-2472
-2813
-3620
-3762
-2640
-948
-635
-1708
-2276
-1180
548
1316
831
272
903
2165
2893
2816
2348
2557
3309
3927
3937
3405
3193
3354
3774
3927
3608
3041
2597
2563
2599
2366
1805
1233
1077
1044
895
478
-27
-286
-327
-371
-628
-874
-1079
-1086
-967
-975
-1039
-1106
-1181
-1048
-769
-554
-552
-625
-423
-16
249
282
338
545
794
925
1022
1126
1198
1229
1328
1356
1247
1000
823
835
816
590
195
-113
-313
-447
-647
-1047
-1338
-1560
-1749
-1981
-2308
-2500
-2682
-2893
-3072
-3228
-3288
-3390
-3500
-3602
-3714
-3678
-3342
-2582
-2378
-3191
-3780
-3271
-1521
-297
-883
-2192
-2036
-198
1342
1370
420
262
1450
2687
3089
2609
2256
2786
3572
3939
3644
3210
3106
3414
3749
3712
3206
2553
2340
2641
2677
2168
1395
945
1087
1101
860
299
-131
-235
-290
-471
-775
-849
-817
-851
-966
-1110
-1113
-941
-672
-542
-617
-635
-482
-186
138
357
381
375
550
860
1057
1047
1072
1201
1336
1358
1302
1254
1168
1076
887
751
586
234
-137
-239
-327
-673
-1085
-1383
-1619
-1732
-1941
-2319
-2420
-2501
-2639
-2778
-3003
-3101
-3018
-3177
-3362
-3284
-3335
-3424
-3437
-2932
-2071
-2201
-3156
-3552
-2332
-485
-98
-1340
-2111
-780
1068
1569
964
536
1147
2358
2953
2913
2545
2522
3032
3530
3660
3337
3029
2900
3166
3486
3307
2781
2205
2216
2399
2135
1514
1044
978
1066
819
245
-139
-201
-315
-510
-575
-607
-660
-910
-1063
-843
-582
-543
-584
-606
-454
-156
-6
149
357
518
737
778
855
1095
1319
1300
1246
1288
1363
1372
1345
1253
1234
1063
779
657
501
339
120
-207
-400
-666
-974
-1233
-1380
-1515
-1822
-2187
-2393
-2416
-2509
-2749
-2911
-2979
-3011
-3012
-3005
-2969
-2882
-2931
-3055
-3074
-2514
-1602
-1606
-2477
-2917
-2031
-427
242
-639
-1563
-761
911
1719
1199
516
938
2083
2810
2751
2244
2150
2743
3418
3461
2991
2560
2598
3077
3233
2839
2188
1847
1961
2204
1932
1270
732
687
875
809
361
-101
-212
-122
-99
-330
-604
-724
-699
-542
-368
-353
-436
-374
-252
-48
89
184
269
455
623
749
859
954
1149
1299
1316
1258
1256
1261
1362
1380
1238
1122
894
775
707
478
208
-142
-382
-497
-637
-965
-1282
-1392
-1505
-1701
-1944
-2158
-2260
-2191
-2205
-2391
-2563
-2570
-2429
-2307
-2259
-2322
-2484
-2535
-2448
-2305
-2040
-1400
-1071
-1606
-2202
-1908
-710
330
121
-907
-1043
112
1225
1273
791
644
1418
2068
2283
2022
1788
2067
2490
2620
2378
2155
2084
2218
2388
2305
2023
1779
1542
1617
1561
1331
992
752
773
785
520
166
50
146
159
102
-171
-229
-274
-211
-76
50
32
-130
-80
101
330
399
282
325
584
788
852
727
779
1037
1148
1028
858
816
899
963
871
633
497
331
292
219
-21
-248
-467
-574
-668
-834
-1079
-1249
-1332
-1399
-1562
-1756
-1823
-1804
-1725
-1785
-1881
-1892
-1891
-1830
-1832
-1864
-1796
-1755
-1842
-1862
-1880
-1845
-1390
-721
-927
-1876
-2310
-1535
-60
296
-850
-1704
-977
364
893
433
-154
156
966
1427
1371
999
1044
1534
1915
1946
1740
1569
1672
1954
2102
1972
1768
1514
1582
1809
1766
1449
1043
992
1100
1035
762
481
420
514
522
277
69
132
212
227
78
-73
-37
37
136
148
121
-15
29
221
332
283
129
109
308
393
337
263
201
243
261
279
220
62
-116
-90
-79
-168
-312
-524
-571
-555
-692
-844
-900
-966
-998
-1029
-1127
-1156
-1181
-1218
-1193
-1276
-1391
-1344
-1247
-1252
-1334
-1402
-1422
-1483
-1511
-1616
-1756
-1840
-1483
-958
-1366
-2276
-2534
-1726
-532
-428
-1613
-2348
-1519
-188
240
-352
-877
-331
597
981
906
661
854
1430
1797
1837
1681
1613
1813
2209
2442
2310
2071
1894
2081
2328
2175
1912
1589
1516
1630
1550
1310
1046
884
731
620
519
375
160
-95
-182
-165
-110
-241
-450
-528
-430
-341
-416
-529
-544
-453
-375
-334
-281
-311
-334
-287
-160
-104
-129
-89
-26
-64
-27
-86
-166
-52
-42
-129
-200
-231
-139
-100
-252
-365
-431
-432
-467
-522
-560
-664
-707
-812
-852
-816
-855
-937
-1101
-1169
-1217
-1323
-1445
-1622
-1772
-1953
-2157
-2401
-2308
-1809
-1934
-2762
-3258
-2893
-1759
-1284
-2051
-2877
-2480
-1222
-431
-672
-1180
-922
-45
599
760
627
658
1210
1786
2029
1989
1881
2081
2505
2829
2774
2509
2377
2430
2632
2525
2275
2040
1832
1744
1674
1420
1128
920
723
560
311
-23
-216
-351
-527
-596
-647
-778
-942
-1115
-1082
-965
-910
-926
-914
-944
-866
-713
-520
-366
-399
-423
-307
-110
3
118
222
325
397
386
412
526
667
616
523
463
451
474
422
368
323
232
66
-121
-259
-238
-265
-463
-677
-747
-860
-1009
-1188
-1246
-1308
-1521
-1808
-1923
-2021
-2100
-2284
-2608
-2922
-2691
-2072
-2044
-2821
-3452
-2950
-1692
-1032
-1724
-2689
-2350
-973
-36
-158
-730
-659
204
1075
1422
1229
1061
1463
2068
2481
2420
2187
2253
2678
2996
2921
2594
2402
2544
2691
2565
2148
1776
1616
1561
1492
1242
858
522
378
300
89
-172
-384
-515
-591
-698
-861
-942
-856
-857
-844
-828
-892
-940
-762
-483
-392
-377
-329
-127
49
140
196
342
498
586
744
868
884
854
955
1139
1145
1008
858
841
884
777
637
482
350
272
182
13
-159
-286
-429
-591
-789
-934
-1020
-1113
-1294
-1454
-1530
-1573
-1698
-1909
-1996
-2074
-2159
-2337
-2498
-2618
-2639
-2199
-1878
-2254
-2964
-3090
-2178
-1067
-973
-1840
-2217
-1287
-119
310
-102
-327
266
1072
1586
1552
1332
1584
2171
2557
2537
2338
2243
2414
2874
3059
2789
2374
2225
2397
2449
2208
1789
1503
1392
1358
1195
829
589
396
253
137
-22
-229
-495
-638
-537
-429
-531
-683
-752
-672
-467
-429
-540
-416
-142
61
70
9
217
478
583
705
787
907
922
1018
1152
1197
1161
1089
1163
1137
1088
934
906
964
949
721
477
464
470
375
125
-125
-236
-214
-239
-449
-769
-881
-870
-969
-1174
-1330
-1454
-1563
-1601
-1700
-1799
-1906
-2107
-2178
-2231
-2335
-2473
-2301
-1789
-1724
-2355
-2864
-2352
-1188
-707
-1370
-2031
-1568
-432
264
109
-296
-77
739
1461
1648
1459
1397
1722
2206
2531
2580
2355
2264
2512
2812
2859
2616
2327
2302
2386
2310
1946
1584
1520
1532
1370
1080
745
541
380
170
-35
-150
-240
-483
-642
-656
-572
-557
-634
-724
-669
-551
-499
-381
-201
-123
-93
-42
114
404
541
524
545
640
798
975
1078
1084
1065
1043
1043
1139
1136
1076
982
820
810
759
616
477
300
182
94
-83
-303
-368
-427
-549
-698
-898
-1005
-1138
-1228
-1374
-1480
-1605
-1774
-1858
-1868
-1890
-2049
-2144
-2243
-2323
-2390
-2465
-2565
-2391
-1964
-1897
-2486
-2885
-2496
-1449
-790
-1253
-1901
-1718
-643
237
222
-165
-93
597
1243
1602
1531
1441
1668
2113
2490
2470
2282
2254
2556
2828
2792
2475
2144
2144
2264
2195
1890
1433
1174
1136
1023
704
347
164
-24
-176
-311
-517
-587
-722
-844
-974
-983
-974
-959
-897
-867
-806
-683
-643
-511
-269
-199
-89
79
287
503
588
606
729
862
948
1091
1218
1271
1168
1160
1346
1444
1376
1183
1037
1020
983
885
663
471
320
160
-28
-194
-299
-447
-601
-814
-1010
-1107
-1157
-1276
-1389
-1513
-1673
-1844
-1897
-1831
-1839
-1983
-2177
-2161
-2102
-2167
-2233
-2329
-2368
-2413
-2278
-1786
-1520
-1887
-2380
-2283
-1426
-555
-633
-1374
-1540
-687
359
590
206
65
579
1255
1670
1741
1512
1558
1946
2394
2433
2249
2048
2101
2444
2552
2316
1939
1678
1798
1848
1581
1164
835
735
705
525
194
-27
-230
-312
-488
-661
-710
-760
-819
-842
-904
-933
-882
-729
-558
-568
-582
-496
-312
-2
104
78
183
494
807
901
946
1036
1250
1373
1445
1520
1546
1438
1429
1509
1497
1302
1078
1044
1015
938
686
441
346
236
58
-211
-409
-457
-571
-746
-945
-1110
-1219
-1308
-1411
-1531
-1649
-1688
-1716
-1695
-1742
-1776
-1841
-1865
-1806
-1782
-1810
-1861
-1875
-1874
-1839
-1853
-1859
-1526
-1201
-1422
-1860
-1923
-1206
-368
-319
-989
-1146
-422
423
728
418
237
541
1094
1460
1570
1468
1476
1730
2046
2158
2046
1932
1963
2159
2288
2139
1910
1762
1800
1789
1561
1253
1023
949
908
719
449
207
43
-52
-62
-213
-424
-456
-408
-415
-407
-476
-479
-339
-255
-192
-94
-53
83
377
437
515
593
783
963
1062
1130
1216
1346
1427
1508
1559
1510
1569
1642
1630
1580
1385
1200
1176
1052
886
653
379
248
163
-10
-271
-431
-585
-691
-769
-905
-1021
-1135
-1157
-1209
-1325
-1383
-1447
-1527
-1549
-1488
-1498
-1574
-1582
-1525
-1508
-1480
-1463
-1452
-1467
-1452
-1434
-1473
-1560
-1573
-1289
-842
-828
-1383
-1696
-1352
-428
-27
-529
-1108
-881
85
738
684
312
293
783
1343
1579
1448
1296
1465
1889
2123
2059
1878
1833
2000
2153
2057
1763
1572
1500
1505
1383
1157
947
761
626
479
277
162
-57
-285
-358
-333
-518
-739
-821
-801
-636
-612
-706
-765
-599
-316
-62
-12
-29
51
240
482
659
722
740
922
1165
1310
1346
1289
1302
1448
1564
1513
1384
1292
1287
1239
1144
1004
930
757
548
384
321
240
24
-100
-237
-398
-507
-581
-741
-876
-944
-1060
-1140
-1224
-1315
-1347
-1406
-1500
-1604
-1680
-1646
-1570
-1546
-1594
-1641
-1636
-1604
-1484
-1467
-1507
-1485
-1479
-1434
-1460
-1456
-1415
-1110
-778
-1012
-1396
-1369
-766
-86
-9
-445
-584
-143
590
910
816
701
911
1371
1687
1867
1748
1706
1876
2078
2160
2008
1810
1792
1877
1940
1773
1515
1372
1236
1128
918
645
463
313
168
7
-107
-203
-358
-520
-648
-640
-607
-659
-817
-844
-669
-442
-306
-284
-296
-121
160
370
457
521
625
793
1034
1179
1274
1304
1382
1531
1625
1702
1623
1582
1620
1603
1527
1341
1265
1136
1068
967
738
601
438
338
165
-13
-190
-345
-513
-690
-846
-971
-1064
-1195
-1267
-1345
-1420
-1467
-1593
-1622
-1636
-1648
-1642
-1661
-1658
-1620
-1556
-1417
-1302
-1340
-1296
-1248
-1140
-1000
-920
-837
-787
-719
-643
-562
-506
-370
-66
-58
-365
-479
-178
448
714
339
38
313
789
1063
944
765
782
987
1246
1361
1202
1080
1130
1256
1376
1250
1042
930
967
1079
1017
847
653
593
595
541
456
312
223
193
186
127
32
-25
-37
-56
46
145
31
-28
97
275
377
350
350
318
457
646
724
737
803
806
858
950
1073
1082
997
919
995
1066
985
912
849
794
694
597
463
329
215
108
-32
-80
-197
-399
-549
-576
-567
-686
-850
-959
-929
-828
-806
-948
-1025
-985
-889
-819
-898
-957
-953
-835
-669
-642
-656
-668
-614
-459
-345
-392
-462
-512
-386
-276
-285
-289
-315
-353
-424
-354
-433
-484
-555
-661
-589
-359
-336
-752
-1072
-849
-280
-69
-438
-860
-592
-46
191
57
-114
-26
243
580
720
678
651
689
926
1132
1190
1174
1077
1190
1379
1433
1380
1257
1268
1306
1323
1237
1137
1134
1107
1077
951
930
796
590
499
476
454
289
137
-8
-96
-115
-113
-118
-244
-316
-318
-263
-226
-165
-168
-220
-201
-101
-43
19
31
46
28
41
106
186
254
196
180
264
353
361
397
330
332
321
274
229
124
69
26
15
-44
-67
-143
-192
-230
-301
-336
-397
-446
-513
-575
-628
-648
-632
-651
-696
-675
-651
-647
-672
-591
-525
-508
-548
-601
-585
-549
-479
-488
-616
-683
-625
-568
-544
-568
-608
-681
-573
-318
-295
-569
-835
-641
-195
27
-178
-540
-395
86
343
334
248
277
487
787
919
908
823
845
1073
1312
1336
1206
1162
1208
1374
1415
1294
1179
1101
1127
1112
1000
896
791
696
538
434
322
106
-89
-183
-208
-277
-515
-639
-636
-584
-591
-704
-782
-754
-626
-579
-591
-531
-469
-417
-399
-283
-107
24
150
251
271
348
485
562
630
695
713
761
854
933
922
827
816
867
817
693
547
468
440
357
278
125
99
7
-147
-272
-298
-286
-418
-508
-545
-556
-560
-594
-630
-637
-656
-637
-596
-535
-497
-495
-463
-405
-327
-250
-269
-177
-154
-206
-205
-167
-191
-211
-265
-394
-428
-417
-457
-522
-484
-408
-515
-722
-703
-445
-188
-234
-442
-440
-140
221
288
234
260
410
736
919
1011
980
940
1045
1268
1337
1304
1218
1109
1154
1197
1149
1008
820
678
618
453
231
127
-18
-183
-296
-378
-434
-566
-706
-781
-747
-782
-893
-945
-817
-683
-660
-689
-525
-325
-231
-120
17
136
282
537
695
799
861
982
1123
1201
1269
1362
1389
1385
1346
1345
1332
1190
1059
990
828
661
556
469
360
202
17
-57
-134
-273
-376
-492
-543
-596
-656
-719
-759
-774
-733
-747
-737
-724
-604
-529
-449
-392
-361
-290
-235
-96
-64
-45
-4
36
141
154
129
172
121
84
64
99
147
22
-106
-192
-157
-149
-293
-413
-493
-409
-342
-473
-655
-620
-468
-292
-339
-509
-465
-298
-109
-42
-41
-86
-40
105
205
258
271
227
306
456
461
459
424
427
439
456
463
417
419
386
336
216
191
175
172
142
142
167
145
138
116
203
326
328
309
319
418
538
650
629
617
663
755
823
846
797
771
839
829
863
770
671
625
664
599
477
420
374
323
204
90
-18
-146
-255
-373
-436
-509
-584
-656
-709
-684
-614
-569
-547
-508
-474
-437
-345
-239
-174
-84
-89
-59
-1
34
89
173
199
177
246
259
276
314
336
292
221
181
65
-42
-117
-163
-318
-468
-578
-663
-747
-857
-955
-1097
-1160
-1227
-1322
-1367
-1378
-1392
-1384
-1317
-1278
-1280
-1286
-1278
-1105
-936
-832
-800
-749
-621
-384
-163
-59
9
142
387
564
672
810
881
973
1043
1127
1101
1055
1074
1104
1100
1031
993
891
883
899
783
579
458
428
346
224
112
32
-72
-157
-231
-288
-363
-412
-444
-457
-484
-512
-556
-563
-527
-453
-427
-457
-485
-425
-356
-313
-235
-194
-207
-223
-131
-97
-68
-30
-55
-34
76
58
20
30
53
90
44
-4
-7
1
-19
-40
-59
-105
-96
-134
-162
-239
-267
-332
-332
-339
-370
-453
-529
-535
-604
-609
-744
-759
-720
-743
-794
-766
-765
-835
-890
-919
-974
-995
-1011
-936
-977
-1048
-1035
-998
-926
-903
-850
-820
-787
-735
-674
-595
-528
-483
-487
-401
-300
-278
-214
-116
-94
-28
36
40
105
184
213
290
329
371
408
379
445
514
524
535
510
486
489
444
432
433
370
290
210
188
135
106
61
-12
-67
-119
-120
-140
-220
-236
-287
-325
-327
-326
-287
-279
-257
-240
-242
-215
-219
-118
-3
20
20
90
92
84
153
180
262
232
260
265
235
303
240
182
125
119
69
26
-14
-101
-141
-222
-254
-295
-333
-406
-479
-549
-559
-608
-639
-635
-681
-734
-673
-683
-688
-623
-627
-589
-546
-474
-444
-384
-343
-272
-282
-255
-235
-227
-157
-96
-86
-143
-172
-182
-158
-184
-219
-208
-224
-261
-164
-204
-220
-262
-262
-196
-228
-203
-247
-271
-197
-158
-154
-153
-100
-74
-74
-17
7
10
10
42
102
117
105
83
113
146
197
173
115
87
113
112
81
35
31
42
57
-30
-101
-9
-82
-11
-52
-45
39
13
46
-19
10
30
105
144
134
175
190
248
262
280
279
271
265
309
332
349
347
343
356
379
355
270
272
241
216
237
156
74
49
-28
-77
-97
-172
-238
-251
-257
-309
-353
-430
-451
-355
-356
-346
-376
-353
-291
-271
-218
-227
-210
-161
-90
-29
58
84
53
114
157
219
305
288
342
374
351
380
328
343
340
296
269
185
151
124
31
-50
-88
-150
-198
-263
-305
-422
-450
-467
-515
-488
-500
-529
-506
-481
-536
-560
-516
-470
-437
-374
-385
-375
-342
-267
-168
-151
-186
-194
-115
-81
-83
-43
-15
12
49
70
73
131
167
194
163
119
119
83
65
107
149
112
171
177
135
148
221
139
89
84
114
54
-4
31
13
-20
-10
-11
-89
-27
-19
-58
-142
-218
-234
-209
-233
-256
-307
-345
-296
-251
-277
-233
-230
-236
-222
-274
-286
-260
-188
-151
-146
-148
-141
-64
-19
23
53
56
52
88
130
146
154
176
183
119
108
122
195
217
167
126
112
107
68
38
-58
-91
-167
-223
-242
-286
-326
-417
-435
-481
-546
-556
-566
-587
-626
-671
-649
-612
-576
-578
-566
-566
-547
-479
-460
-401
-368
-328
-278
-276
-265
-158
-127
-88
3
85
60
111
127
173
211
181
204
194
196
172
191
174
198
153
107
113
115
48
45
-40
-112
-100
-121
-172
-210
-197
-230
-277
-279
-318
-347
-344
-324
-338
-329
-359
-381
-366
-364
-315
-287
-292
-268
-193
-170
-90
-78
-75
-37
1
24
17
46
64
128
191
192
200
265
248
222
243
215
156
132
161
171
116
110
133
145
113
116
131
98
67
60
77
53
29
11
5
-1
-68
-115
-129
-141
-157
-167
-197
-266
-273
-205
-223
-226
-266
-309
-317
-307
-294
-270
-292
-346
-345
-315
-311
-308
-321
-325
-312
-299
-327
-305
-301
-255
-238
-221
-166
-189
-158
-68
-11
-29
9
-18
40
73
72
92
85
117
142
143
164
171
169
165
123
71
79
56
31
42
-5
-35
-48
-52
-129
-126
-169
-250
-261
-250
-271
-268
-333
-368
-322
-299
-279
-252
-186
-232
-199
-206
-207
-181
-120
-64
-69
-30
-6
102
113
159
232
217
266
312
321
278
216
210
155
190
202
148
172
147
96
109
101
87
53
25
31
35
-20
5
-6
-55
55
73
58
60
68
40
82
53
31
37
8
29
33
56
12
1
-13
28
15
-13
-25
-72
-50
-70
-86
-95
-116
-144
-163
-161
-132
-118
-137
-159
-172
-145
-112
-79
-36
-17
28
45
70
98
111
111
158
205
170
194
196
223
232
207
206
205
232
218
249
242
192
159
86
31
19
58
30
-64
-112
-81
-104
-99
-138
-119
-129
-112
-126
-129
-62
-99
-104
-28
79
69
41
88
203
212
214
260
261
290
331
417
479
425
400
419
432
382
374
290
209
265
263
260
209
216
238
271
268
238
251
229
290
251
273
288
275
262
349
421
374
360
425
436
461
425
486
520
475
528
535
542
541
571
606
576
524
508
445
437
362
319
241
184
213
175
239
235
212
180
225
219
198
173
152
163
174
188
192
184
193
227
216
216
194
204
210
249
269
301
324
371
412
389
383
356
360
319
347
315
317
342
304
293
296
299
330
272
282
337
306
319
339
354
363
356
367
337
355
413
404
456
428
451
459
415
427
417
396
342
314
327
324
305
229
224
223
192
195
155
137
141
114
57
50
59
80
139
147
171
146
157
165
186
191
188
159
170
260
277
283
324
335
339
428
472
472
484
497
507
482
444
441
424
425
425
347
309
297
295
310
258
242
184
170
121
74
94
102
89
44
-12
-10
30
-59
-73
-121
-120
-123
-134
-91
-168
-149
-177
-193
-238
-272
-212
-208
-195
-130
-131
-122
-5
60
81
78
110
93
137
202
220
191
198
222
159
202
227
296
332
253
320
300
240
241
242
238
247
243
201
176
202
192
147
79
3
2
12
-8
-69
-111
-155
-150
-102
-79
-110
-65
-31
6
16
72
97
87
136
116
89
45
66
106
180
259
221
227
232
251
317
243
257
257
206
220
253
267
278
227
252
261
259
269
281
276
252
230
246
191
177
153
129
145
139
141
109
90
73
128
109
109
50
50
59
18
75
-1
-20
8
-6
-56
-52
-41
-86
-127
-171
-167
-155
-150
-159
-127
-135
-158
-127
-108
-114
-129
-153
-109
-114
-144
-94
-29
-1
-46
-18
-9
-41
33
22
-13
2
73
95
84
112
106
144
74
70
42
6
40
6
-25
-59
-17
-24
-10
-49
-38
-65
-126
-108
-158
-151
-169
-112
-152
-211
-183
-162
-187
-210
-207
-213
-217
-184
-194
-167
-152
-138
-82
-70
-31
-23
4
-2
-12
6
10
54
67
-22
-3
40
26
3
2
48
29
15
0
-5
-86
-114
-126
-161
-207
-197
-194
-208
-192
-188
-143
-184
-206
-198
-181
-173
-218
-281
-340
-289
-325
-297
-314
-332
-422
-449
-449
-415
-366
-407
-369
-352
-336
-342
-321
-315
-263
-275
-328
-301
-299
-363
-377
-381
-384
-364
-386
-365
-347
-291
-224
-217
-237
-268
-198
-196
-193
-150
-180
-192
-216
-182
-170
-149
-182
-258
-230
-239
-298
-279
-260
-242
-270
-272
-267
-270
-262
-310
-298
-291
-358
-322
-312
-325
-319
-257
-266
-288
-209
-124
-81
-58
-87
-49
-4
48
60
24
37
43
32
6
-2
10
30
76
53
1
-9
4
-54
-116
-149
-160
-196
-232
-227
-259
-294
-301
-340
-416
-376
-431
-400
-416
-431
-422
-404
-381
-427
-451
-449
-456
-478
-505
-563
-566
-585
-558
-541
-507
-499
-429
-383
-456
-409
-397
-406
-400
-386
-358
-441
-429
-359
-358
-282
-266
-238
-256
-219
-192
-162
-130
-123
-144
-191
-178
-187
-171
-208
-167
-187
-272
-290
-319
-341
-334
-319
-312
-263
-278
-307
-324
-326
-303
-344
-378
-369
-390
-412
-407
-427
-381
-409
-431
-399
-420
-373
-330
-339
-281
-258
-196
-158
-181
-110
-100
-133
-98
-87
-16
5
21
59
86
82
131
123
126
135
147
168
149
176
133
103
65
20
18
-17
-38
-68
-58
-99
-157
-114
-148
-183
-170
-200
-241
-236
-245
-294
-287
-344
-396
-390
-365
-324
-349
-335
-317
-295
-295
-279
-236
-224
-241
-242
-188
-149
-131
-126
-101
-67
-8
24
47
52
90
129
135
138
153
139
164
172
235
225
191
202
163
172
116
98
89
97
62
68
93
74
86
75
43
36
34
-60
-91
-95
-105
-134
-155
-166
-192
-154
-128
-123
-96
-114
-89
-26
-9
-9
29
59
75
58
83
48
52
97
121
121
162
202
228
243
239
250
248
304
294
331
340
289
306
302
293
276
300
271
229
215
206
153
107
117
120
115
45
55
38
0
-27
-22
-40
-50
30
38
38
59
82
59
60
74
74
22
82
113
136
134
125
150
185
248
260
308
270
325
335
330
363
368
351
363
396
428
373
348
357
355
349
385
395
379
371
376
364
353
368
292
314
306
238
240
291
203
192
207
177
149
143
191
146
159
168
152
152
154
164
173
147
136
209
175
183
186
223
270
274
277
261
306
306
303
349
382
428
415
414
470
501
496
488
539
493
485
507
487
436
434
400
347
330
297
284
273
235
233
184
146
170
111
92
57
58
27
37
40
12
53
39
28
74
31
16
101
129
186
181
242
221
297
337
341
350
351
413
390
486
485
516
532
520
560
549
519
531
548
571
533
560
551
478
444
375
374
331
320
321
283
265
244
292
242
227
200
142
169
154
131
106
105
96
112
101
117
138
121
115
124
126
151
102
109
151
165
163
174
197
182
198
284
262
206
254
248
281
274
331
342
315
333
303
363
387
387
358
367
361
335
331
290
296
272
234
272
237
293
325
292
231
205
212
173
198
148
163
151
105
148
157
133
128
124
171
195
156
176
142
130
133
159
166
213
258
251
261
311
295
304
384
390
409
405
389
423
443
418
391
361
384
379
341
327
342
331
295
328
318
289
279
244
234
213
184
213
125
88
62
52
41
45
25
9
81
101
90
79
119
169
157
154
161
155
159
209
228
173
190
180
208
195
162
157
112
107
133
126
146
107
105
148
114
66
116
132
69
50
57
85
48
50
103
103
121
101
81
72
92
93
101
97
79
61
69
65
6
65
64
26
74
16
-3
26
13
12
38
-4
39
11
10
38
20
1
-5
49
38
-13
3
-6
-17
-13
-22
-20
-28
-9
0
39
28
50
84
30
46
19
-12
0
-13
4
-52
-81
-65
-14
-36
-51
-46
-55
-29
-52
-69
-92
-79
-87
-124
-125
-75
-122
-107
-122
-159
-152
-131
-132
-140
-53
-55
-16
-19
-9
-6
-23
-24
-17
-28
-97
-60
-48
-71
-86
-79
-47
-69
-51
-38
-63
-4
-10
-1
22
67
69
37
11
31
9
-37
-42
-20
-24
-71
-69
-91
-121
-164
-138
-166
-163
-115
-156
-124
-158
-165
-154
-203
-281
-333
-323
-333
-374
-406
-401
-377
-337
-337
-316
-305
-250
-212
-246
-172
-182
-172
-136
-136
-97
-95
-78
-34
-50
-43
-21
-46
-51
-44
-24
27
15
-55
-50
-96
-173
-173
-152
-209
-240
-255
-251
-246
-295
-291
-258
-289
-319
-315
-302
-285
-265
-261
-255
-275
-281
-281
-279
-294
-309
-318
-311
-298
-299
-298
-292
-281
-307
-320
-299
-269
-286
-328
-318
-300
-299
-296
-311
-283
-311
-276
-290
-353
-371
-326
-283
-356
-346
-329
-294
-310
-291
-279
-280
-272
-326
-292
-303
-331
-372
-367
-383
-380
-357
-404
-369
-405
-468
-502
-510
-464
-495
-534
-521
-526
-525
-496
-484
-520
-489
-494
-494
-504
-536
-482
-477
-475
-448
-455
-425
-390
-427
-454
-453
-368
-362
-371
-362
-275
-281
-317
-257
-249
-283
-271
-254
-235
-256
-211
-145
-169
-186
-208
-208
-204
-271
-219
-138
-185
-164
-87
-58
-42
-19
-47
-67
-32
-34
-20
-32
-51
-18
-16
-43
-25
24
25
41
63
64
75
130
139
165
162
173
148
174
187
145
203
195
178
187
168
147
157
163
167
193
217
217
187
226
195
202
257
204
216
256
274
238
227
224
210
243
238
202
233
304
279
285
295
257
299
280
255
277
238
240
243
273
274
316
285
266
260
273
270
239
278
285
262
254
193
208
204
183
162
135
162
213
262
258
216
236
291
328
344
369
387
365
395
413
414
443
434
425
451
429
436
373
362
362
369
388
399
427
403
412
435
403
414
370
298
341
318
271
259
258
260
301
304
278
294
329
321
323
310
354
395
373
388
410
452
477
442
413
384
417
403
384
369
365
380
378
353
338
285
258
264
231
221
170
131
99
158
180
187
161
158
205
159
130
96
76
95
116
112
107
115
124
179
179
161
161
133
148
161
178
172
203
242
231
258
255
223
228
306
284
317
350
380
401
394
450
389
411
402
430
463
458
522
505
503
484
491
477
410
418
451
378
354
402
350
295
342
363
326
299
293
261
254
203
215
234
246
243
249
310
280
286
280
279
318
351
302
270
317
311
343
345
326
354
369
354
346
372
350
360
386
379
324
338
367
340
359
348
281
269
326
350
298
246
258
204
196
188
233
244
248
237
242
260
234
203
212
195
195
165
142
133
124
133
97
92
55
87
85
86
76
77
119
104
101
125
178
194
264
252
295
350
303
296
296
259
288
274
291
359
386
380
379
392
403
360
355
369
362
311
289
302
280
232
151
132
123
108
89
70
73
100
106
57
62
89
81
77
34
17
-4
-90
-116
-77
-78
-96
-130
-52
4
-16
-9
15
30
32
108
118
127
123
123
140
147
121
107
129
108
100
140
92
128
203
160
200
180
191
190
192
181
155
157
96
127
111
89
43
-15
-66
-55
-72
-82
-50
-95
-80
-105
-117
-39
-92
-53
-77
-87
-80
-117
-91
-116
-83
-106
-165
-111
-91
-113
-72
-74
-70
-64
-16
14
40
82
39
49
42
18
11
54
73
48
48
21
-37
-63
-80
-117
-113
-79
-99
-40
-60
-84
-59
-71
-94
-131
-127
-147
-167
-210
-265
-272
-306
-358
-391
-350
-381
-360
-335
-299
-261
-303
-221
-216
-258
-222
-211
-209
-208
-181
-144
-179
-117
-175
-205
-150
-196
-176
-143
-149
-122
-80
-85
-71
-97
-129
-152
-139
-186
-187
-212
-290
-309
-337
-330
-320
-361
-360
-376
-343
-344
-376
-337
-389
-379
-332
-390
-358
-339
-306
-284
-319
-340
-325
-285
-266
-252
-274
-193
-186
-202
-197
-226
-224
-247
-212
-277
-293
-281
-293
-312
-342
-355
-343
-387
-359
-343
-359
-361
-355
-342
-403
-349
-392
-413
-372
-399
-351
-364
-349
-278
-283
-277
-215
-211
-232
-221
-214
-232
-212
-205
-226
-222
-225
-233
-247
-330
-315
-316
-340
-288
-326
-346
-353
-371
-372
-401
-380
-363
-395
-395
-352
-358
-374
-370
-383
-407
-369
-394
-425
-355
-334
-339
-354
-319
-320
-341
-293
-321
-333
-327
-348
-351
-350
-379
-401
-373
-353
-342
-353
-340
-310
-315
-312
-306
-308
-307
-328
-364
-332
-323
-327
-272
-259
-174
-231
-230
-204
-170
-143
-138
-116
-102
-127
-171
-191
-206
-178
-198
-235
-213
-197
-194
-165
-150
-145
-121
-100
-88
-67
-75
-87
-104
-99
-158
-136
-161
-159
-137
-137
-108
-116
-156
-164
-114
-105
-56
-86
-55
-49
-11
-33
-48
8
-42
-27
-57
-93
-112
-110
-50
-53
-69
-65
-58
0
19
6
10
19
-14
-50
-25
-8
14
26
1
-12
-22
-22
-16
26
-29
-41
-13
-23
-31
-68
-3
-16
-30
-51
-7
16
17
14
-4
4
3
30
48
101
106
105
115
93
133
75
32
57
30
3
19
35
2
-45
17
71
58
28
38
66
62
83
103
86
88
113
128
116
96
108
94
86
147
80
65
120
120
86
88
184
198
230
257
277
236
239
255
214
232
222
229
144
145
203
196
183
184
204
214
174
168
127
107
105
125
126
143
139
153
171
193
192
213
230
216
270
245
258
297
310
294
266
260
258
195
259
246
215
211
233
265
280
299
296
307
339
333
263
314
325
251
193
185
162
106
60
80
120
133
100
62
136
155
131
140
145
162
150
171
116
108
99
124
130
148
196
179
156
133
205
217
244
345
359
363
411
426
418
440
436
429
372
367
417
402
400
434
405
402
398
373
402
388
416
419
366
333
336
307
284
265
239
197
212
202
212
189
182
213
218
241
243
303
317
310
347
329
314
297
325
323
349
309
266
285
218
229
232
204
209
216
200
276
244
169
212
225
256
254
252
251
262
232
215
189
178
216
185
175
179
181
195
226
224
223
224
237
295
277
220
220
217
207
227
241
234
215
264
278
277
279
253
207
211
194
178
192
189
191
178
174
212
230
194
211
233
218
204
242
284
267
249
270
257
278
266
274
269
260
285
234
265
303
299
309
293
278
257
261
290
263
215
228
213
220
190
171
174
200
178
163
162
143
143
139
156
120
117
124
133
101
81
122
134
127
118
167
134
172
164
153
186
159
131
114
92
107
81
53
55
31
63
72
34
51
104
83
87
60
35
32
33
28
-13
-2
-43
33
40
23
35
37
64
64
72
61
67
93
60
59
32
60
113
93
118
135
177
136
191
192
172
186
207
215
261
278
229
236
239
207
174
124
138
123
94
80
54
77
51
62
55
49
61
56
38
46
63
45
36
17
19
-20
-8
46
16
19
61
57
-17
22
16
-2
-22
-36
56
76
104
36
26
20
23
-18
-26
-28
-41
-43
-53
-60
-72
-64
-32
-23
-52
-52
-64
-62
-5
57
-5
4
-22
-14
5
-5
-11
-16
-49
-91
-113
-103
-126
-82
-104
-135
-95
-98
-68
-99
-65
-100
-125
-90
-161
-151
-159
-186
-144
-154
-157
-191
-195
-155
-123
-121
-117
-89
-50
-65
-26
39
80
68
87
43
10
18
-4
-26
-45
-79
-84
-42
-53
-43
-51
-11
-20
-34
-47
-59
-31
-13
2
5
-96
-86
-55
-77
-138
-114
-91
-151
-147
-175
-173
-185
-195
-215
-155
-192
-196
-197
-186
-216
-211
-153
-149
-137
-102
-75
-69
-78
-85
-48
-84
-36
-82
-64
-103
-136
-132
-119
-105
-115
-99
-167
-156
-116
-139
-150
-125
-145
-134
-102
-65
-64
-99
-110
-123
-122
-108
-111
-176
-148
-155
-155
-163
-132
-106
-142
-127
-148
-134
-180
-150
-198
-252
-221
-190
-181
-202
-184
-181
-228
-268
-267
-268
-251
-203
-230
-223
-208
-213
-217
-200
-165
-205
-227
-198
-236
-203
-228
-233
-166
-139
-161
-127
-154
-121
-98
-87
-22
-30
-70
-40
-28
-47
-43
-23
-16
-36
0
-21
-7
8
38
64
6
8
-39
-28
-8
-80
-93
-110
-143
-174
-186
-213
-228
-275
-257
-242
-273
-277
-239
-156
-156
-160
-162
-140
-184
-186
-220
-185
-140
-145
-174
-180
-139
-142
-140
-117
-88
-85
-86
-92
-108
-135
-91
-115
-89
-106
-202
-153
-167
-190
-251
-223
-236
-248
-264
-249
-280
-264
-269
-300
-281
-266
-269
-292
-272
-300
-266
-280
-281
-252
-239
-239
-198
-181
-222
-225
-198
-233
-237
-178
-169
-193
-191
-187
-210
-224
-181
-155
-166
-133
-99
-95
-90
-64
-63
-70
-115
-93
-37
-114
-171
-142
-160
-185
-198
-205
-183
-206
-236
-224
-224
-237
-219
-256
-249
-317
-298
-327
-344
-311
-312
-306
-335
-310
-360
-365
-344
-384
-377
-341
-343
-374
-376
-365
-348
-281
-223
-216
-171
-173
-178
-184
-222
-216
-198
-206
-178
-210
-165
-129
-152
-166
-220
-154
-168
-170
-156
-173
-189
-195
-172
-191
-169
-174
-207
-254
-279
-226
-280
-303
-326
-335
-299
-288
-283
-238
-192
-196
-180
-138
-66
-35
-44
-47
-46
-73
-69
-2
-16
35
45
21
13
19
33
-9
44
28
58
92
104
97
130
124
154
134
105
96
95
86
38
0
-19
-35
-47
-45
-105
-57
-46
-50
-34
-26
-30
-27
-8
3
-40
21
45
-1
34
82
103
118
96
122
123
103
135
103
108
121
100
70
139
131
89
49
77
80
47
93
92
102
32
21
78
66
64
109
99
106
94
133
178
145
151
202
141
131
178
129
167
121
175
172
113
135
139
157
169
185
197
192
164
124
163
214
188
235
251
261
260
265
223
184
192
187
226
258
264
284
319
294
279
292
296
282
279
303
283
245
222
239
261
224
217
199
177
178
130
94
126
83
39
55
11
15
39
7
-12
24
63
97
66
62
37
66
57
67
111
52
92
57
20
15
30
19
67
134
131
132
167
157
118
125
91
57
67
58
101
139
147
168
173
204
201
209
192
160
172
130
142
134
166
209
242
255
232
246
229
169
126
182
168
140
101
91
127
96
128
122
118
134
130
179
173
159
138
164
208
199
174
111
165
129
128
115
76
118
43
67
63
51
12
-4
57
111
78
106
122
130
108
90
97
70
105
113
102
107
79
98
101
47
47
90
51
103
125
92
134
143
160
163
181
135
96
61
97
88
96
75
51
28
14
54
14
59
20
24
-26
-60
-77
-68
-115
-167
-177
-236
-149
-149
-116
-124
-86
-96
-68
-4
-10
22
29
35
15
16
31
49
39
60
5
-8
21
-25
28
50
42
68
118
93
116
110
115
87
94
114
46
100
72
40
32
75
45
2
18
-5
-18
34
55
25
54
21
2
15
27
2
7
-26
-32
-6
-12
-26
-67
-7
-43
-69
-86
-94
-39
-56
-78
-97
-51
-66
-42
24
19
36
-13
11
-27
-45
-20
-29
3
-1
6
61
116
139
103
99
43
56
75
26
39
12
39
84
59
95
70
70
52
24
88
41
1
-8
21
6
-3
-50
-52
-70
-66
-24
-34
-97
-68
-119
-110
-107
-204
-150
-143
-125
-84
-29
-45
-6
43
50
40
10
41
77
63
44
46
45
64
64
52
32
52
78
56
104
81
96
141
100
126
163
213
224
180
207
184
138
149
121
89
68
19
7
22
20
30
86
32
33
47
36
9
-27
-6
12
22
26
20
-13
-12
-41
-87
-47
-65
-86
-84
-89
-73
-86
-50
-85
-70
-80
-24
-3
-48
-67
-37
-81
-104
-22
-24
6
18
14
40
72
107
106
153
150
122
137
102
93
89
70
76
123
111
70
73
100
81
57
38
72
20
46
75
33
21
44
29
55
42
42
4
48
98
40
-11
-46
-14
-42
-2
2
-33
-13
29
26
22
30
50
61
71
54
45
26
36
26
-15
24
29
25
4
10
48
24
-15
48
32
48
59
47
-6
-45
10
-3
-44
2
35
13
-33
-29
-20
-41
-36
-32
22
-22
-3
-20
11
-15
-17
14
-5
-26
-27
4
-32
20
-8
-49
-8
-15
-42
-54
-35
-47
-67
-53
-8
42
23
24
18
21
41
52
30
-35
-48
-25
-53
-71
-80
-57
-55
-22
-51
-100
-80
-75
-23
-49
-86
-102
-81
-78
-118
-128
-110
-117
-120
-93
-131
-142
-106
-117
-169
-159
-151
-156
-130
-115
-136
-87
-96
-71
-48
-57
-19
4
-7
-16
-29
-33
-52
20
44
-16
0
17
24
4
-14
-12
30
37
-15
31
-9
-44
9
-3
-2
-48
-89
-135
-192
-171
-143
-124
-139
-142
-150
-162
-125
-141
-127
-104
-126
-77
-88
-114
-113
-112
-91
-99
-69
-64
-104
-110
-107
-111
-95
-106
-120
-137
-119
-75
-103
-75
-91
-88
-87
-101
-39
-70
-28
8
-9
-31
-39
-21
-38
-24
-46
-17
-35
-25
-14
-43
-24
-68
-56
3
0
-52
-53
-28
-50
-52
-103
-63
-55
-85
-78
-133
-109
-71
-72
-48
-43
-64
-59
-47
-53
-112
-109
-142
-183
-149
-127
-129
-95
-109
-93
-90
-23
-27
-14
-39
-91
-62
-113
-103
-86
-86
-67
-50
-89
-35
-53
-97
-101
-73
-59
-102
-48
-89
-60
-12
-22
-19
28
30
34
33
5
-39
-74
-72
-58
-55
-48
-61
-28
-32
-64
-34
-55
-35
-94
-92
-109
-139
-145
-181
-139
-111
-79
-71
-85
-94
-87
-105
-124
-138
-171
-155
-163
-186
-191
-186
-147
-150
-181
-124
-143
-158
-139
-136
-76
-161
-197
-138
-159
-98
-102
-69
-25
-87
-65
-114
-133
-127
-159
-128
-158
-196
-147
-127
-122
-95
-81
-101
-117
-66
-72
-58
-63
-16
-37
-56
-22
-47
-57
-38
-54
-44
-19
-41
-70
-108
-86
-72
-51
-48
-53
-59
-52
-25
-19
-63
-48
-33
-25
-54
-44
-60
-79
-113
-143
-166
-175
-152
-147
-125
-107
-100
-137
-150
-183
-178
-145
-130
-111
-91
-147
-150
-111
-141
-137
-157
-151
-121
-133
-125
-113
-128
-81
-65
-45
6
4
2
15
6
44
36
-31
9
-11
7
33
53
4
4
16
6
16
5
36
31
0
42
4
-7
45
23
16
-41
22
31
-33
-23
-11
47
0
32
39
29
24
28
24
-4
-60
-27
16
-6
-34
-29
-20
-21
-74
-136
-112
-109
-148
-134
-115
-116
-61
-24
-3
-20
23
60
91
74
38
38
62
93
93
56
41
26
31
28
-11
36
44
4
-4
20
-28
-3
12
-33
-17
38
53
21
33
-6
-18
-36
-54
-46
-102
-120
-117
-108
-147
-150
-170
-132
-128
-104
-113
-66
-60
-67
-34
-56
-76
-63
-84
-146
-135
-144
-120
-132
-119
-71
-83
-74
-9
-29
-10
9
16
17
30
81
74
37
19
54
57
64
62
45
25
17
21
-6
-31
4
32
-20
-31
-56
-60
-37
-64
-26
-17
-53
-93
-57
-96
-99
-82
-103
-80
-56
-25
-58
-90
-59
-54
-97
-81
-86
-94
-46
-54
-44
-30
-64
-75
-64
-32
-56
-76
-89
-96
-54
-71
-65
-68
-78
-67
-61
-54
-82
-45
-78
-59
-48
-85
-60
-41
-19
-8
20
36
39
30
67
57
50
5
15
-7
5
-12
-30
-29
-34
-3
-13
-56
-33
-50
-49
-20
7
-21
-64
-57
-29
12
-73
-75
-64
-88
-114
-78
-82
-100
-126
-97
-144
-142
-165
-220
-199
-199
-184
-163
-154
-161
-157
-165
-133
-108
-90
-96
-84
-73
-54
-11
-12
-22
-29
-12
41
-19
11
-2
7
38
-2
-12
-48
-14
18
29
35
15
-5
26
12
24
1
-30
-53
-86
-122
-111
-75
-104
-135
-111
-87
-80
-86
-68
-13
-20
-35
-20
18
49
32
27
33
18
-43
-58
-47
-70
-48
-10
-55
-35
-39
-13
-28
-35
-49
-67
-61
-101
-111
-119
-85
-115
-95
-117
-128
-144
-143
-89
-91
-100
-63
-75
-89
-75
-80
-64
-69
-58
-80
-58
-48
-52
-28
-11
-14
6
56
24
19
24
37
10
-25
9
-19
-88
-61
-44
-74
-60
-93
-118
-82
-98
-101
-73
-31
-28
8
32
13
49
14
34
-14
-40
-66
-95
-102
-54
-76
-83
-5
6
-17
-33
10
14
26
58
36
10
7
-47
2
22
-10
-33
-43
-5
-22
-28
20
59
36
-29
-21
-6
20
54
31
4
38
12
5
18
4
-9
-74
-93
-59
-94
-121
-101
-87
-93
-90
-93
-53
-65
-31
-36
-64
-13
-47
-66
-40
12
52
28
57
69
47
66
85
73
50
66
82
78
70
58
23
44
13
-15
-9
-54
-33
-89
-102
-100
-84
-58
-82
-65
-80
-117
-115
-128
-109
-100
-89
-71
-91
-91
-119
-106
-134
-125
-74
-39
-21
18
13
-15
-37
-53
12
-11
5
11
28
69
83
69
76
124
104
107
50
18
82
56
66
92
124
111
60
67
58
75
43
21
-23
-26
-50
-71
-49
-52
-55
-93
-97
-91
-74
-123
-141
-72
-100
-133
-81
-102
-149
-149
-116
-97
-111
-152
-134
-96
-89
-82
-101
-74
-58
-42
-4
-11
10
58
62
19
-33
-21
-12
-18
-35
-50
-6
16
-28
-29
-23
-39
-58
-70
-45
-79
-54
-9
-49
-74
-47
-77
-64
-74
-98
-95
-117
-99
-99
-77
-71
-116
-92
-50
-76
-92
-12
-29
-82
-71
-81
-94
-80
-67
-69
-83
2
8
20
-13
3
76
24
79
31
6
51
62
58
49
23
-28
-10
16
36
22
13
31
32
26
-30
-22
-44
-42
-44
-16
20
-1
-56
-62
-16
-25
-36
-83
-43
-13
-17
7
23
15
-16
-20
28
-19
16
18
63
77
92
74
50
135
136
156
119
143
115
102
105
121
208
183
114
56
66
91
108
95
91
76
72
131
124
90
111
150
76
73
106
97
135
112
148
145
120
154
143
157
126
159
182
158
177
175
201
168
127
149
178
190
147
125
145
125
113
86
76
81
138
136
164
154
136
164
128
121
87
96
81
52
67
91
49
78
80
53
56
0
70
59
30
28
60
24
-11
16
24
-6
36
39
11
13
61
68
63
71
52
71
50
40
64
66
141
162
147
159
144
172
124
130
113
104
104
80
70
17
13
22
25
26
6
14
-5
-2
16
-14
4
23
61
34
9
21
51
61
46
27
55
78
39
33
-9
-10
-35
15
29
43
51
36
30
21
-11
-12
-54
-41
-15
24
49
-9
-29
-48
-48
-84
-147
-173
-162
-182
-117
-95
-118
-47
-55
-62
-83
-80
-44
-53
-17
-11
-15
32
8
-33
-33
-12
19
38
67
76
85
77
75
71
70
37
42
48
13
35
22
58
-21
-27
-26
-100
-111
-138
-155
-185
-194
-219
-197
-233
-218
-234
-244
-214
-260
-296
-292
-269
-300
-299
-277
-304
-278
-290
-240
-235
-284
-238
-253
-232
-258
-211
-207
-207
-166
-132
-158
-149
-113
-133
-114
-131
-103
-119
-150
-159
-181
-186
-241
-183
-209
-222
-172
-168
-180
-171
-160
-178
-172
-223
-180
-248
-239
-231
-236
-246
-260
-208
-252
-256
-242
-263
-251
-244
-260
-250
-243
-250
-213
-257
-262
-228
-231
-237
-250
-250
-267
-260
-254
-232
-263
-289
-331
-313
-348
-381
-295
-275
-289
-223
-276
-317
-275
-248
-314
-304
-315
-316
-276
-303
-272
-258
-204
-204
-205
-172
-141
-199
-220
-143
-156
-173
-148
-140
-162
-167
-156
-165
-215
-242
-292
-309
-251
-253
-272
-290
-253
-209
-215
-212
-228
-232
-243
-305
-273
-289
-332
-341
-323
-277
-258
-251
-218
-228
-267
-241
-258
-262
-270
-249
-249
-254
-207
-219
-220
-188
-228
-239
-270
-295
-270
-231
-217
-239
-175
-183
-182
-141
-148
-138
-165
-186
-164
-166
-159
-152
-157
-165
-131
-167
-148
-116
-175
-174
-146
-86
-125
-88
-103
-115
-116
-141
-155
-220
-210
-247
-235
-226
-234
-214
-227
-213
-171
-160
-177
-134
-141
-157
-125
-136
-164
-153
-137
-124
-98
-69
-77
-77
-71
-82
-49
-52
-53
-37
-65
-36
-74
-79
-37
-65
-55
-37
-44
-99
-85
-60
-122
-156
-149
-148
-121
-153
-122
-75
-55
-55
-61
-95
-164
-158
-105
-79
-145
-185
-187
-159
-152
-180
-197
-237
-251
-253
-240
-203
-204
-197
-226
-190
-221
-237
-206
-230
-226
-215
-186
-186
-147
-169
-183
-171
-129
-100
-49
-77
-85
-76
-117
-88
-112
-102
-90
-88
-87
-88
-70
-59
-78
-60
-36
-72
-98
-136
-135
-124
-123
-167
-138
-134
-161
-129
-163
-188
-152
-168
-179
-185
-166
-144
-199
-186
-192
-174
-146
-135
-141
-143
-144
-138
-143
-126
-107
-115
-53
-43
-63
-92
-47
-77
-84
-104
-79
-58
-129
-104
-147
-138
-138
-93
-65
-129
-131
-153
-165
-201
-194
-170
-205
-256
-262
-242
-220
-223
-227
-261
-234
-226
-238
-269
-248
-204
-227
-222
-189
-173
-160
-206
-191
-191
-214
-195
-202
-245
-220
-175
-141
-120
-148
-148
-125
-154
-146
-171
-213
-213
-186
-209
-244
-159
-128
-149
-121
-148
-171
-150
-147
-164
-153
-170
-171
-127
-156
-123
-113
-117
-162
-148
-130
-153
-146
-116
-96
-129
-159
-167
-93
-135
-203
-118
-121
-157
-159
-139
-130
-164
-126
-137
-174
-165
-126
-113
-109
-117
-131
-113
-107
-106
-101
-57
-63
-89
-85
-94
-112
-133
-109
-79
-112
-96
-137
-147
-107
-123
-122
-130
-126
-141
-124
-150
-169
-177
-192
-210
-169
-162
-206
-183
-163
-144
-183
-162
-139
-164
-130
-118
-120
-110
-111
-84
-59
-88
-133
-132
-104
-120
-138
-145
-157
-181
-181
-214
-219
-230
-263
-263
-251
-251
-310
-335
-264
-272
-296
-269
-305
-259
-282
-251
-207
-195
-160
-152
-109
-105
-99
-94
-113
-100
-64
-79
-106
-91
-88
-71
-116
-139
-106
-96
-69
-74
-38
-60
-42
-55
-33
-45
-91
-122
-103
-55
-90
-68
-66
-36
-102
-102
-89
-112
-124
-122
-97
-118
-44
18
23
59
131
120
85
41
55
27
-24
18
-25
-37
-53
-31
-21
-18
-19
-18
-2
-20
11
-27
-15
-35
-28
15
1
23
39
5
6
7
-10
41
65
113
94
112
148
140
113
125
153
139
101
106
95
84
121
95
124
108
35
94
141
144
164
143
135
94
45
60
30
10
-8
-20
-20
5
70
61
58
70
87
76
35
91
107
60
84
104
95
86
49
45
79
98
64
97
149
115
165
186
203
164
153
264
268
252
250
225
197
192
178
178
232
223
259
244
214
241
244
220
220
203
240
234
177
168
173
