SAMPLES:	17908
BITSPERSAMPLE:	16
CHANNELS:	1
SAMPLERATE:	16000
NORMALIZED:	FALSE
-8
-28
-57
-54
-23
16
-8
63
40
26
25
-11
-12
-54
-59
-123
-84
-90
-105
-101
-118
-49
-83
-99
-112
-76
-89
-56
-42
-56
-48
-89
-33
-47
-40
-55
-21
-11
-5
21
-9
13
24
-41
-27
23
3
1
-32
-73
-53
-1
11
-16
13
22
14
25
22
15
-22
23
2
2
41
43
11
18
-13
-49
-20
-25
12
2
7
31
77
47
54
73
115
84
64
86
78
61
30
53
87
51
56
87
102
78
77
52
112
66
32
57
2
48
31
21
-43
27
29
34
29
43
32
-34
3
-27
-31
-27
-29
-68
-80
-52
-95
-78
-117
-160
-179
-158
-148
-118
-89
-108
-117
-90
-102
-64
-68
-63
-26
-2
26
11
52
-17
-32
27
7
34
-33
12
12
-2
45
44
61
50
72
99
104
72
76
65
91
85
92
73
69
75
16
69
32
1
35
44
24
59
46
15
6
-6
56
53
45
40
-7
24
25
25
55
9
-13
2
-24
-43
-44
-56
-50
-46
-11
-17
-47
54
43
25
41
39
59
32
68
45
63
66
82
96
98
84
63
56
28
44
30
10
-31
-18
-50
-18
21
15
-6
10
-25
-30
-14
-34
-5
-9
-43
-39
-29
-9
0
-6
42
27
31
42
53
36
-25
-7
24
-1
47
71
86
74
71
37
28
-17
4
47
-2
-8
-6
2
0
8
54
5
-48
-61
-37
-14
-33
-18
-12
-31
-39
20
8
7
5
12
8
-40
-40
-48
-34
-83
-40
-8
-33
-58
-70
-108
-157
-105
-65
-60
-87
-66
-64
-103
-80
-56
-76
-44
-27
-51
-54
-23
-2
17
30
54
56
66
47
43
53
59
35
28
38
23
66
53
51
91
90
82
28
52
-11
38
5
-39
-56
-14
-84
-63
-45
-124
-1
-43
-68
-44
-61
-54
-78
-16
-2
-42
15
-2
20
-31
-25
-23
-49
-63
-50
-43
-31
-5
-30
12
7
11
-4
18
43
41
-6
-26
27
4
-9
-3
25
-11
-64
-74
-102
-103
-112
-92
-84
-29
-70
-66
-95
-108
-118
-131
-99
-132
-107
-111
-92
-73
-98
-63
-55
-42
-13
-44
2
-2
-25
-4
-15
-14
28
38
49
8
-27
-11
-57
-53
-65
-90
-84
-79
-50
-71
-58
-59
-56
-76
-96
-47
-69
-133
-174
-130
-112
-108
-121
-72
-36
-63
-43
-93
-1
-13
-12
-9
-1
63
72
113
121
154
150
147
139
149
119
102
89
24
19
76
57
75
87
86
65
69
102
71
68
47
25
-31
-48
-75
-71
-50
-75
-43
-53
-17
-70
-78
-109
-166
-71
-34
-54
-61
-40
-30
0
16
11
12
-2
20
41
33
109
60
27
63
71
57
49
82
86
138
124
119
115
98
34
68
85
57
66
54
43
15
8
-23
-63
-51
-40
-49
-25
-7
8
-14
-14
-35
-23
12
35
86
73
81
104
84
88
105
115
97
116
106
100
70
71
79
8
25
61
57
69
80
61
49
74
64
24
26
36
4
58
-4
-11
52
61
22
41
98
121
75
25
61
40
37
35
-1
-22
37
88
68
55
57
111
90
75
70
54
59
38
78
73
33
51
30
26
29
39
78
45
57
50
48
30
59
44
23
27
59
45
39
45
25
48
12
-28
-22
-10
-11
25
7
17
58
99
112
73
104
117
164
194
209
216
133
190
140
140
129
149
168
163
166
160
161
193
169
118
124
101
115
143
154
164
179
152
146
113
86
83
70
105
70
35
42
41
25
19
34
49
43
26
43
1
37
-6
-9
7
-24
7
31
30
19
46
23
40
48
35
112
104
66
85
90
100
73
77
90
59
53
91
72
32
52
17
78
73
68
152
125
96
93
125
106
102
104
116
142
176
156
144
111
108
128
121
186
189
168
181
213
227
212
214
203
203
223
202
236
269
202
179
190
202
163
141
130
71
78
103
114
102
98
63
69
48
6
18
31
36
41
34
54
91
53
40
56
48
48
62
75
141
152
158
153
130
135
158
138
108
103
77
115
115
109
105
118
101
108
109
104
131
113
142
171
166
143
160
200
121
129
151
145
169
113
127
119
158
192
210
231
222
202
247
272
223
251
257
212
208
212
170
208
198
181
171
175
179
155
176
197
191
190
189
166
140
159
188
157
124
129
158
165
150
185
178
146
201
184
188
169
195
166
158
177
160
129
133
181
124
128
132
171
186
208
257
233
184
192
162
172
144
162
159
159
129
112
109
73
65
17
43
27
30
33
42
89
75
59
82
106
84
68
46
35
63
105
156
102
122
141
167
165
164
202
204
212
210
211
174
162
165
176
176
189
221
217
155
203
166
160
173
148
188
202
216
152
199
186
133
119
93
78
4
-18
-2
-15
-28
0
-22
32
53
52
15
2
79
100
87
95
108
63
54
50
67
68
78
51
53
67
19
66
70
135
125
122
149
168
186
136
137
158
155
125
168
148
110
160
163
153
129
114
114
139
137
114
114
94
103
83
87
55
48
40
73
60
63
87
99
122
113
93
120
103
111
128
131
141
137
140
105
146
143
166
168
163
146
122
197
160
181
170
164
151
130
146
162
112
113
121
94
94
-14
-39
-85
-97
-96
-115
-110
-68
-76
-80
-86
-98
-102
-82
-12
2
20
34
46
37
26
39
35
56
63
35
70
75
63
84
128
89
126
125
177
164
137
145
145
112
66
73
32
68
42
35
28
64
44
-1
39
8
1
-35
5
-32
-31
-67
-59
-42
-88
-66
-55
-33
-29
-8
-42
-31
-68
-28
27
8
-6
-4
-23
-7
8
-3
27
62
48
50
29
37
16
26
18
33
22
4
56
-10
9
36
31
32
23
-7
5
-4
-22
35
-43
-61
-50
-77
-28
-59
-69
-34
-74
-54
11
3
40
73
18
64
20
51
79
49
63
112
89
107
54
33
28
-12
9
-9
5
-14
-47
-24
10
-3
26
-5
24
11
6
-55
-65
-88
-106
-23
-92
-76
-105
-106
-54
-18
26
20
71
18
-1
42
27
13
42
36
51
55
36
50
69
94
57
87
67
48
47
29
37
19
22
13
-6
-6
6
17
14
-50
-95
-54
-98
-89
-60
-117
-133
-130
-49
-52
-70
-81
-141
-142
-106
-74
-72
-102
-64
-47
-66
-56
-51
-33
6
8
15
43
-12
3
7
-12
-19
-2
2
-18
-32
-29
-33
-58
-46
-23
-107
-98
-74
-124
-137
-107
-113
-120
-105
-116
-94
-100
-126
-100
-110
-141
-141
-162
-159
-169
-113
-89
-37
-3
18
-2
-21
-26
-46
14
-15
-62
-24
-34
-52
-54
-43
-45
-59
-51
-32
-15
-2
6
36
16
-50
-50
-34
-41
-43
-61
-80
-109
-152
-113
-128
-138
-137
-134
-115
-73
-55
-64
-21
-12
-13
-10
-30
19
14
-48
-29
-60
-7
-26
-35
-56
-56
-45
-54
-33
-44
-40
-78
-56
-71
-24
-7
-11
-17
-22
1
44
54
70
61
6
16
-6
-14
-40
21
21
-15
1
24
45
-33
-28
-54
-41
-71
-92
-36
-75
-47
-25
-50
-28
-62
-77
-52
-74
-118
-125
-102
-41
-32
-23
-42
-12
-2
20
13
-11
-9
-28
42
26
52
19
15
23
66
75
48
58
27
45
21
14
-33
-69
-90
-70
-58
-79
-78
-60
-42
-50
-33
-43
-30
-44
-21
-34
-44
-41
-6
-81
-103
-85
-82
4
-6
26
24
10
32
15
-9
4
-6
9
8
10
-45
-37
41
-24
7
48
35
48
-4
6
-9
-9
-50
-60
-39
-65
-92
-95
-57
-48
-54
-103
-101
-86
-60
-114
-136
-130
-119
-142
-127
-119
-103
-97
-119
-86
-90
-86
-47
-57
-64
-77
-118
-68
-67
-68
-60
-57
-26
-35
-25
29
-8
-16
-37
-48
-12
-8
2
18
66
63
117
81
62
56
18
23
-2
-4
-22
8
40
32
20
64
60
23
28
-20
-65
-86
-92
-147
-115
-67
-64
-44
-30
-82
-44
-51
-7
-30
-24
-6
-18
40
26
59
-3
-30
-13
-38
-41
-69
-89
-100
-84
-140
-107
-82
-129
-127
-117
-68
-66
-135
-131
-110
-139
-127
-113
-133
-113
-80
-53
-82
-87
-29
-57
-53
-30
-49
-23
-17
23
7
8
-19
-25
-9
-35
2
-46
-37
-50
-74
-50
-28
-39
-70
-116
-117
-155
-140
-132
-177
-145
-137
-165
-168
-175
-161
-174
-130
-102
-133
-152
-192
-143
-161
-145
-118
-144
-106
-111
-94
-109
-88
-44
-24
-35
-36
-18
-20
20
-21
19
84
42
17
-29
-5
-4
-43
-38
-17
-43
-70
-89
-73
-94
-148
-140
-132
-140
-172
-184
-191
-194
-208
-163
-160
-175
-172
-201
-214
-231
-228
-253
-268
-219
-206
-202
-183
-153
-109
-42
-58
-35
-24
-49
1
9
1
23
33
4
-29
-58
-63
-80
-86
-93
-33
-22
-20
-2
-41
2
8
-32
-22
-16
-24
-3
-72
-66
-54
-84
-135
-128
-68
-90
-24
-51
-116
-119
-135
-172
-127
-133
-136
-97
-44
-64
-74
-73
-98
-63
-102
-85
-84
-61
-21
-21
13
-45
-13
-44
-57
-47
-54
-55
-48
-31
-13
-5
-2
-43
-31
-8
-43
-29
26
0
-40
-43
-41
-74
-142
-152
-84
-141
-148
-131
-143
-131
-134
-132
-116
-70
-99
-61
-66
-116
-86
-46
19
28
-10
19
19
40
55
46
32
20
61
63
0
23
65
34
33
11
12
46
33
7
35
12
46
28
55
22
27
-16
-61
-37
-66
-44
-9
-20
-61
-68
-57
-41
-47
-45
-57
-41
-61
-91
-52
-2
-52
-64
-31
-21
10
-35
-58
-35
-24
-35
-7
4
63
66
60
55
49
50
53
51
38
23
37
43
106
96
59
109
111
157
121
119
146
138
113
104
117
43
55
83
88
109
106
116
132
130
127
91
69
59
38
56
76
33
-35
-9
-44
-80
-83
-143
-65
-82
-108
-66
-42
-26
-24
-17
73
90
69
78
76
109
72
36
83
95
55
86
75
114
144
173
200
242
227
217
195
130
158
169
211
184
132
201
208
142
185
145
110
143
129
129
150
134
123
101
94
64
88
90
70
78
81
102
35
44
79
71
24
46
64
63
50
23
37
31
27
42
56
76
59
30
-11
-1
-27
-2
-8
-14
44
77
146
177
185
175
179
213
209
174
138
174
115
112
102
104
132
90
114
129
177
152
146
180
170
177
124
174
205
157
107
70
122
71
60
2
9
23
66
74
59
84
101
88
99
124
96
67
36
56
-12
-4
-21
0
-26
6
18
28
52
75
99
95
132
96
86
66
60
57
110
145
171
188
150
155
158
116
132
123
79
112
110
83
82
104
116
132
153
141
103
63
39
16
28
0
11
-11
-54
-31
-26
-9
-35
10
3
5
26
41
-3
20
55
62
85
36
62
61
67
54
90
104
105
103
86
56
40
27
25
80
85
67
60
50
46
-4
28
-7
-29
-28
-7
19
19
-9
-56
-59
-94
-94
-65
-54
-68
-40
-40
38
33
11
22
24
3
-19
-29
-3
-14
-24
40
47
35
78
46
26
50
21
13
13
-51
-27
-8
-64
-88
-121
-143
-111
-127
-139
-144
-124
-147
-171
-131
-142
-144
-91
-93
-69
-51
-86
-71
-78
-58
-96
-124
-133
-118
-137
-130
-115
-112
-69
-39
-63
-66
-50
-81
-81
-90
-96
-112
-79
-56
-53
-85
-67
-46
-80
-44
-27
-26
-4
-14
16
31
17
38
-34
-15
-42
-84
-95
-67
-51
-98
-30
-56
-83
-46
-31
-40
-32
-70
-88
-49
-20
-19
-29
-57
-42
-27
10
11
-53
-42
-49
-47
-65
-74
-67
-86
-87
-102
-121
-118
-104
-100
-58
-106
-105
-46
-96
-122
-135
-152
-159
-155
-112
-85
-25
-33
-29
-9
27
87
67
114
100
80
146
124
91
108
118
123
170
186
200
170
153
185
199
187
150
169
178
199
225
213
173
136
141
146
130
95
68
67
41
70
52
2
-29
-22
-13
-10
-42
7
86
92
93
89
62
31
32
30
89
60
25
48
48
55
77
89
126
67
71
86
109
86
50
91
81
142
136
120
138
207
166
168
149
151
160
149
115
123
180
102
91
117
86
107
126
117
98
117
104
99
114
110
127
95
115
132
126
83
113
128
115
155
107
104
70
131
109
85
165
131
133
157
176
192
156
108
118
154
174
209
210
172
158
153
169
171
168
139
78
102
98
128
89
86
121
79
81
47
87
104
133
142
144
136
89
113
103
33
63
89
104
85
113
77
55
86
81
132
121
144
146
152
125
151
156
64
37
45
36
74
82
40
36
66
72
79
75
79
69
78
107
93
148
174
168
186
181
150
180
155
167
213
180
188
208
202
171
179
219
196
183
223
231
232
267
282
270
257
287
295
345
337
336
297
260
244
279
236
223
237
205
224
198
232
225
263
205
224
255
255
288
267
273
288
236
198
192
157
125
168
135
149
158
211
257
270
309
292
330
340
357
387
356
333
348
317
322
333
269
236
240
209
227
248
265
250
228
223
191
239
216
195
237
244
209
202
218
190
197
218
215
208
181
217
261
250
295
265
220
265
303
299
316
312
282
282
321
310
271
261
214
199
213
211
197
206
178
193
241
227
214
211
198
231
216
218
224
192
189
210
238
225
253
223
230
204
215
235
264
256
225
204
233
273
227
208
184
151
207
155
121
147
164
186
179
225
206
248
201
217
217
187
153
90
118
81
64
75
73
88
77
69
98
47
38
46
43
56
49
80
66
94
80
71
67
98
68
38
56
67
110
113
119
131
150
93
127
142
179
184
155
125
143
169
94
132
92
133
93
74
112
68
73
72
67
51
41
35
26
84
64
68
106
96
92
100
124
108
116
84
75
66
50
28
69
55
68
109
82
68
98
130
109
96
92
87
111
113
116
93
50
72
43
46
14
19
32
-51
-24
24
55
87
80
69
32
44
67
40
40
6
7
-3
27
-5
7
-7
5
29
13
52
21
61
62
44
48
86
95
56
28
10
4
54
61
79
86
77
71
69
96
117
156
124
133
141
145
122
125
148
126
115
148
129
103
70
69
60
58
86
56
81
73
106
111
127
134
120
125
75
116
85
94
86
16
41
49
50
28
-3
23
2
16
8
24
36
50
62
72
-10
-14
-32
-5
40
8
15
-11
46
9
-17
3
-39
17
69
83
103
99
113
125
139
98
92
63
75
48
37
17
33
47
81
64
18
89
67
65
36
58
20
-20
-25
7
35
34
24
-14
45
12
9
-18
-13
9
29
55
39
73
91
118
77
96
100
68
63
25
45
83
120
117
72
103
95
71
76
75
77
40
100
115
99
88
100
124
121
144
97
92
49
59
105
107
78
52
7
-16
15
28
10
3
16
-18
13
31
3
26
26
12
16
-30
-26
-11
-37
-44
5
54
54
61
77
20
68
50
15
36
-6
21
33
42
73
52
63
95
95
92
101
92
110
106
89
111
80
73
75
97
152
218
183
105
117
123
100
70
87
55
12
60
71
25
19
12
27
8
37
40
72
53
56
92
38
14
5
-35
-96
-82
-76
-107
-86
-47
-14
-22
-24
14
12
5
4
28
-1
-7
7
13
34
3
34
91
45
47
75
76
111
134
135
107
73
30
21
29
8
8
37
23
38
19
5
5
49
-4
-27
-40
-76
-39
-83
-83
-110
-81
-90
-132
-88
-101
-82
-82
-101
-87
-68
-29
-102
-53
-36
-49
-68
-114
-69
-73
-62
-102
-125
-102
-107
-143
-128
-149
-172
-166
-167
-157
-129
-137
-139
-120
-80
-69
-126
-114
-125
-125
-142
-177
-130
-107
-71
-39
-85
-82
-71
-74
-71
-43
-56
-7
-6
-50
-39
-10
-14
-23
8
-23
-1
15
7
38
9
-15
2
11
-60
-32
-27
-99
-117
-74
-64
-59
-62
-102
-82
-62
-69
-127
-97
-100
-132
-119
-119
-97
-76
-131
-111
-68
-65
-101
-121
-118
-138
-130
-129
-118
-93
-93
-113
-76
-82
-105
-58
-69
-94
-93
-121
-114
-123
-57
-67
-36
-49
-84
-64
-68
-64
-106
-167
-183
-181
-217
-139
-149
-150
-149
-89
-68
-105
-140
-131
-123
-148
-122
-104
-122
-125
-82
-86
-88
-92
-83
-89
-91
-106
-93
-73
-133
-122
-97
-63
-119
-112
-23
-19
4
-114
-124
-94
-125
-166
-169
-137
-159
-134
-136
-87
-57
-62
-112
-121
-75
-72
-59
-56
-2
-20
-21
-51
-48
-42
-4
-16
-3
-7
11
32
-1
-16
-43
-66
-79
-68
-90
-63
-96
-108
-116
-133
-166
-158
-137
-179
-174
-207
-147
-143
-135
-170
-158
-168
-182
-150
-145
-178
-187
-183
-195
-187
-243
-220
-221
-175
-176
-191
-217
-207
-219
-204
-181
-218
-208
-233
-186
-219
-194
-179
-172
-151
-194
-132
-83
-76
-63
-26
-83
-69
-73
-101
-85
-85
-110
-106
-102
-67
-68
-116
-109
-132
-110
-121
-120
-97
-76
-39
-74
-104
-133
-164
-121
-135
-164
-167
-151
-182
-208
-176
-166
-201
-216
-246
-182
-188
-199
-173
-168
-136
-177
-177
-194
-147
-162
-187
-185
-192
-169
-183
-175
-175
-162
-184
-210
-161
-151
-156
-116
-123
-131
-138
-149
-108
-94
-103
-95
-123
-74
-50
-37
-79
-85
-109
-93
-84
-77
-58
-123
-102
-138
-102
-90
-55
-61
-98
-101
-99
-92
-148
-95
-147
-102
-82
-64
-45
-37
18
6
-5
-4
-7
-31
23
26
44
69
47
98
97
60
131
140
166
164
209
204
141
179
174
193
191
194
187
183
197
172
143
171
123
126
145
45
52
104
84
103
141
117
112
150
201
239
255
260
294
261
246
257
217
217
272
286
299
309
339
318
279
268
255
304
251
228
243
241
216
228
283
288
333
278
286
261
280
337
347
386
371
353
349
401
387
385
357
343
333
302
328
336
360
352
401
422
441
468
471
490
452
525
543
545
547
603
605
578
566
588
595
589
565
569
550
532
547
515
528
513
433
470
499
459
444
435
401
436
482
414
424
415
374
368
399
389
381
364
355
301
350
284
257
287
257
287
290
306
284
322
353
406
387
369
387
331
340
359
346
354
393
351
347
350
331
318
337
339
318
366
365
389
377
350
353
365
361
373
352
369
449
428
401
425
400
368
385
366
371
381
319
317
316
287
242
248
282
222
232
226
217
263
262
268
242
281
247
245
224
211
211
218
221
210
242
210
296
346
353
357
372
329
324
354
418
385
386
370
327
335
361
343
362
354
323
359
387
378
393
353
342
383
318
358
370
315
333
267
297
331
327
335
338
338
330
326
323
381
397
401
387
465
452
441
428
436
428
387
392
411
455
446
443
430
443
445
418
447
438
397
390
340
311
326
322
314
291
285
316
314
282
324
366
321
335
387
359
406
421
400
380
379
405
410
354
356
361
314
316
329
362
348
386
405
406
396
383
389
395
404
399
439
436
412
434
419
384
401
355
348
389
370
342
327
343
296
300
265
268
305
311
297
285
299
341
391
334
266
265
278
257
286
246
208
206
211
245
263
275
246
288
267
267
274
269
359
323
363
317
310
300
283
291
286
248
239
293
247
236
258
240
242
259
236
262
339
320
295
284
267
252
229
239
215
202
174
141
136
148
175
134
150
177
214
237
223
248
228
232
180
174
212
199
204
223
256
229
276
225
180
221
175
128
139
178
185
222
176
191
227
193
202
161
144
138
138
137
167
186
225
236
237
215
168
189
154
158
167
213
194
157
154
153
152
115
111
117
68
43
58
25
74
125
140
136
122
128
157
116
88
83
73
104
58
55
109
127
141
138
130
156
138
141
157
114
138
110
87
76
59
46
23
40
19
50
65
44
49
88
85
122
124
104
101
93
87
145
140
151
181
160
167
176
131
69
130
129
136
112
113
131
137
134
140
148
89
128
120
97
110
88
46
8
19
-24
-20
0
8
18
0
43
70
84
112
74
30
32
39
51
44
9
-39
-35
-20
-23
-48
-19
22
38
67
46
60
67
13
17
48
13
29
46
15
1
-6
32
21
-53
-52
-23
-19
-16
0
-17
6
-1
36
23
26
33
28
34
-20
-3
-6
-30
-40
-34
2
21
43
27
42
101
72
76
29
42
47
62
29
6
61
52
52
85
86
64
91
116
172
120
137
156
105
83
70
51
69
-7
-14
-14
-30
20
8
14
27
25
-1
73
84
65
49
98
61
44
44
18
23
5
-15
-3
-13
2
22
0
34
28
27
85
121
131
117
183
156
158
176
170
172
184
172
216
154
176
199
167
152
154
149
140
186
219
223
216
158
224
240
176
184
162
194
188
167
210
201
185
172
118
151
127
83
65
57
86
125
107
117
150
143
147
152
148
171
171
179
202
180
131
118
142
124
130
131
108
116
138
146
117
157
179
174
206
204
222
251
235
230
245
211
190
213
156
153
105
69
89
101
142
152
147
116
86
121
130
126
140
150
122
143
128
128
123
112
167
143
150
165
152
128
129
93
84
133
148
166
204
177
163
158
151
186
192
212
216
230
238
213
221
163
162
158
124
84
75
78
100
74
101
115
111
170
116
127
146
107
131
169
134
147
123
162
173
154
149
142
184
208
213
245
200
160
208
208
162
167
134
147
152
137
163
145
160
165
160
142
164
123
135
193
163
129
97
101
127
118
120
167
161
136
149
130
71
96
99
167
182
184
225
200
163
167
162
120
100
127
163
100
95
132
148
118
104
128
105
153
147
193
177
136
162
120
127
105
115
99
81
46
63
67
59
52
77
105
100
147
122
125
153
153
142
112
117
107
75
97
92
65
73
46
-7
-15
-26
-49
-25
-7
-47
-68
-93
-51
-79
-88
-111
-77
-48
-90
-39
-81
-47
6
51
36
9
30
27
30
37
49
38
43
69
18
23
-20
-57
-29
-20
-32
-37
-13
-44
-48
-49
-41
-16
-2
-11
-9
-6
-30
-16
-1
6
22
25
-19
-6
-2
9
1
-29
-28
-41
-81
-111
-118
-122
-114
-94
-75
-118
-121
-138
-173
-149
-136
-135
-148
-110
-50
-78
-110
-60
-80
-81
-98
-88
-111
-102
-133
-180
-126
-125
-159
-196
-210
-233
-173
-163
-201
-190
-199
-201
-214
-246
-307
-315
-226
-269
-262
-240
-278
-218
-164
-206
-259
-230
-199
-174
-167
-145
-115
-138
-122
-112
-176
-169
-187
-157
-97
-10
-34
-133
-173
-153
-151
-79
-62
-51
-26
-83
-74
-97
-57
-68
-124
-120
-131
-121
-171
-134
-169
-224
-188
-196
-128
-220
-220
-209
-167
-93
-144
-251
-280
-249
-198
-117
-175
-233
-308
-268
-237
-277
-232
-199
-171
-147
-137
-138
-152
-169
-214
-174
-173
-157
-95
-96
-124
-199
-247
-173
-176
-245
-253
-193
-96
-122
-184
-278
-315
-235
-149
-121
-177
-308
-327
-231
-255
-265
-287
-337
-340
-276
-248
-282
-390
-392
-229
-163
-185
-251
-291
-245
-148
-97
-93
-101
-237
-317
-197
-158
-196
-185
-124
-157
-187
-272
-277
-211
-182
-187
-181
-123
-177
-298
-351
-281
-207
-123
-89
-142
-293
-362
-269
-113
-61
-176
-313
-226
-111
-132
-210
-220
-184
-194
-174
-184
-257
-409
-357
-172
-94
-123
-257
-300
-282
-197
-184
-174
-158
-271
-254
-146
-133
-199
-227
-142
-90
-160
-243
-267
-282
-308
-228
-82
-64
-237
-358
-291
-178
-109
-193
-212
-257
-237
-148
-143
-238
-259
-223
-138
-43
-109
-190
-201
-117
-30
28
-95
-196
-176
-158
-119
-139
-235
-212
-194
-215
-221
-236
-319
-359
-281
-236
-292
-368
-394
-418
-355
-305
-389
-516
-465
-340
-289
-282
-361
-421
-479
-334
-226
-310
-367
-425
-380
-263
-204
-300
-398
-184
-47
-88
-244
-304
-369
-303
-200
-210
-309
-349
-301
-297
-349
-481
-369
-219
-256
-321
-301
-276
-343
-385
-408
-302
-282
-245
-146
-166
-244
-244
-153
-92
-127
-302
-241
-155
-295
-340
-303
-151
-238
-293
-235
-265
-310
-325
-347
-303
-314
-172
-63
-265
-467
-431
-216
-134
-263
-470
-335
-133
-216
-420
-465
-364
-345
-217
-130
-238
-368
-340
-262
-233
-262
-370
-448
-455
-400
-323
-169
-263
-533
-550
-375
-343
-447
-493
-486
-438
-217
-160
-280
-417
-439
-397
-116
115
-226
-415
-314
-229
-130
-64
-294
-453
-224
-108
-108
-225
-494
-578
-419
-197
-245
-534
-678
-582
-459
-157
-204
-468
-518
-471
-206
-25
-168
-427
-477
-325
-209
-207
-182
-411
-644
-416
-267
-219
-292
-593
-619
-344
-196
-352
-435
-575
-459
-188
-152
-379
-657
-605
-430
-250
-226
-330
-512
-372
-409
-398
-281
-519
-486
-201
-159
-242
-368
-480
-366
-265
-177
-158
-239
-375
-409
-230
-250
-372
-375
-169
-183
-327
-434
-367
-92
-227
-426
-315
-233
-241
-309
-289
-252
-236
-278
-243
-174
-390
-456
-392
-192
-173
-461
-621
-425
-155
-328
-427
-404
-486
-442
-272
-295
-474
-457
-320
-207
-276
-393
-581
-422
-107
-124
-343
-489
-427
-297
-224
-301
-404
-392
-442
-217
-136
-409
-519
-516
-290
-166
-317
-594
-654
-605
-459
-200
-243
-472
-732
-489
-202
-327
-457
-597
-612
-229
-121
-257
-531
-762
-348
13
103
-310
-714
-614
-175
46
-72
-452
-650
-319
-311
-334
-460
-701
-442
-163
-199
-490
-720
-764
-527
-224
19
-304
-752
-631
-476
-281
-227
-426
-507
-537
-479
-323
-295
-462
-593
-419
-236
-355
-399
-601
-794
-272
46
52
-304
-715
-802
-297
128
-23
-380
-680
-523
-202
-81
-360
-450
-420
-417
-5
44
-634
-753
-386
-308
8
14
-690
-913
-552
-442
-223
-131
-489
-655
-542
-462
-433
-331
-495
-421
-210
-119
-418
-792
-568
-228
-160
-158
-155
-463
-627
-273
-96
-217
-176
-32
-57
-128
-462
-677
-350
-55
-79
100
-174
-867
-843
-206
6
-385
-594
-316
-134
-497
-733
-529
-280
-280
-344
-308
-335
-404
-573
-396
-79
-284
-482
-352
-260
-346
-344
-282
-356
-371
-73
-288
-409
-114
-358
-547
34
23
-501
-462
-469
-348
-169
3
-425
-639
-300
-452
-287
-78
-409
-734
-272
0
-160
-290
-373
-259
-211
-89
-235
-298
-151
-208
-384
-149
-217
-463
-210
-308
-491
-116
104
-362
-477
-344
-437
-202
-61
-320
-276
-151
-482
-263
-100
-306
-440
-166
203
-167
-412
-306
-171
-113
-140
-109
217
-242
-588
-169
8
-25
-322
-209
-101
-484
-534
45
144
-255
-264
-272
46
41
-471
-634
-237
-16
-229
-210
-641
-944
-710
-232
112
-451
-849
-703
-170
34
-245
-656
-357
174
153
-41
-259
-356
-323
114
536
50
-532
-497
-121
43
-118
-369
-394
-258
-317
-57
-143
-554
-223
184
49
-201
-121
-390
-589
59
342
33
55
-185
-489
-120
-127
-545
-21
396
-140
-454
-490
-256
-216
-161
-123
-266
74
-110
-729
-592
174
-167
-162
414
-70
-583
-381
-266
152
538
-90
-392
-8
98
-530
-306
430
186
-95
5
-134
-223
-96
-278
377
417
-24
-89
-331
-180
-120
-307
110
477
-177
-583
-188
-23
-508
-317
495
-10
-686
-367
-348
-416
-56
-114
-89
158
-300
-710
-192
92
-272
-132
376
-144
-389
-415
-229
-36
-315
-144
316
63
-585
-267
18
-102
357
428
-156
-479
111
-43
60
234
-114
-151
32
-200
-380
36
-71
-531
-113
871
51
-1154
-473
105
17
535
157
-902
-304
241
-175
-174
-114
-587
-23
434
-313
-643
-341
23
66
332
-71
-296
-188
-165
-83
-54
90
-66
-173
-334
-273
-103
121
-126
-150
34
-163
-137
-384
-91
228
-70
-233
191
45
-442
-260
-138
-74
48
53
-171
-19
-567
-616
305
363
-252
-630
-293
125
21
-226
-376
-479
-172
225
-65
-417
-423
-503
-115
538
-257
-804
-137
-364
-303
441
39
-357
-28
-259
-18
132
-175
16
117
-79
-102
148
-336
-558
188
200
22
-61
-338
-386
-333
-168
113
-77
-340
-314
-494
77
-54
-780
-441
185
209
-542
-563
-132
-237
-442
128
-17
-545
-413
-479
59
-8
-308
-406
-461
79
-94
-685
-212
-202
-306
21
-18
-300
-815
-784
74
322
-381
-605
-380
-305
70
-80
-334
-137
-13
-205
-261
-143
-559
-650
190
221
-341
-294
-423
-242
-372
-273
-143
199
-251
-835
-80
169
-305
-410
153
-119
-413
-284
82
-188
-597
-32
-316
-245
190
-535
-565
-192
-80
-19
-119
-333
-733
-261
460
-265
-898
68
104
126
-140
-306
57
-133
-163
-120
192
174
-279
-322
223
-248
2
-43
-286
52
-418
-408
332
27
-786
-218
60
-21
-64
-518
-370
-61
-193
-580
-106
45
-675
-494
-306
-308
-189
-333
-416
-176
-174
-548
88
-105
-449
-293
10
-121
168
38
-477
-48
240
-46
208
171
-369
258
-58
-39
79
-180
-131
356
283
27
-343
-257
488
-354
-227
546
127
-601
-69
175
-270
179
-28
-597
331
388
-973
17
124
-514
377
112
-714
-133
77
-458
-125
634
-168
-626
325
-132
-579
231
-114
-317
285
128
-395
-281
-26
-327
-36
479
91
-652
254
269
-493
-120
-2
128
-157
-414
43
140
-467
-370
273
48
-282
-391
44
-20
-330
-83
-103
-150
111
-95
-384
-111
222
-34
-277
110
-375
-765
142
120
-748
-127
678
-561
-647
363
-310
-422
508
22
-840
430
300
-776
90
198
-375
-15
533
-92
-502
215
9
-165
-119
154
-14
-187
-138
20
282
-594
119
426
-336
22
238
-810
177
701
-736
205
246
-741
171
200
-562
-132
470
-219
-210
134
-828
-431
920
-44
-1220
742
97
-970
692
-369
-512
450
-302
-356
666
-618
-505
309
-241
141
-47
-175
-526
-45
-67
-53
142
-417
-651
-9
454
-577
-141
-4
-152
-114
-221
48
-633
177
-29
-355
367
-18
-368
-127
38
-151
358
-116
-406
60
233
-148
-404
460
-271
-168
385
-608
-111
784
-845
-742
445
-289
-546
-528
29
-104
-485
-94
-36
-545
-314
-22
-197
278
-170
-908
74
698
-813
-807
621
169
-680
106
266
-1008
-159
417
-174
16
315
-686
-165
592
-341
154
137
-24
-158
-304
-143
-64
-209
52
-240
-279
117
-781
-224
43
-363
39
-212
-70
21
-724
-521
426
52
-58
-570
-86
55
-473
224
-63
-271
87
-279
-54
210
-405
-480
203
385
89
-503
-156
-271
-186
391
-82
-235
-248
-287
-283
402
-44
-823
148
103
-183
-255
-43
-426
-143
133
-186
-637
59
-36
-925
511
305
-845
-24
-123
-581
-135
-252
171
-521
-163
105
-505
-148
-304
-557
247
38
-481
-357
-137
-97
-634
-108
266
-582
-276
69
-431
-121
-539
-384
240
-305
-206
-500
-352
-107
-340
-51
29
-743
-284
3
-52
108
-523
-226
148
207
-348
-137
-10
-420
-78
531
-278
-632
125
-381
-218
70
-274
-387
-225
191
-559
0
44
-1221
70
288
-317
-407
111
-255
-664
-166
213
-371
-783
189
-581
266
-313
-947
-282
-300
377
-362
-257
-30
-710
-703
546
-187
-942
-81
-43
-113
-166
-139
-484
-324
216
-671
-126
229
-1098
-121
435
-774
-23
-161
-890
90
-547
-400
263
-812
-561
-10
-348
-567
-579
-717
331
-153
-962
-471
-31
-505
-981
29
-537
-612
284
-604
-974
289
-574
-871
432
-4
-935
-161
-91
-468
-31
-271
-437
-211
-128
-48
-253
-309
-504
-509
326
-178
-946
-656
-75
-271
-318
-559
-257
-383
-757
-4
-244
-606
-766
-777
138
-632
-858
-355
-623
-642
-363
-324
-363
-790
-959
-302
-69
-300
-882
-485
-247
-663
31
-306
-664
-525
-604
69
-225
-613
-430
-321
-588
-259
-260
-620
-95
-465
-468
-377
250
-841
-1036
351
-600
-390
-362
-416
-687
-151
-373
-562
-382
-383
-397
-785
198
-779
-846
126
-696
-976
-267
-346
-902
-486
-674
-579
-366
-830
-632
-492
-260
-1193
-597
332
-1210
-790
-40
-745
-389
-426
-690
-396
-263
-635
-30
-463
-629
-212
-462
-386
-218
-672
-417
-230
-376
-828
-160
-312
-1237
-65
-220
-999
-547
-434
-704
-772
-216
-914
-684
-2
-981
-985
-311
-491
-1092
-257
-691
-902
-144
-799
-744
-209
-475
-935
-221
75
-908
-809
56
-402
-906
336
-501
-413
-69
-452
-439
116
38
-588
-136
-152
17
-554
97
99
-650
-219
157
-250
-606
-483
25
-159
-537
-88
-531
-340
-343
-444
-455
-36
-360
-547
-109
-845
-29
-493
-639
-386
-150
-316
-658
-173
-1045
-18
210
-1125
-386
335
-874
-816
733
-624
-940
212
-331
-385
-307
-59
-329
93
-114
-516
-60
262
-739
-483
612
-613
-28
-156
-584
-153
57
-637
-209
677
-959
-311
463
-612
-704
182
-369
-478
69
-527
-555
26
-199
-447
-45
-337
-464
-105
-4
-227
-157
-119
-334
-302
-153
-212
-99
-216
-316
250
-233
-388
-34
-74
33
221
-481
23
394
-903
320
110
-460
443
-40
-712
-124
402
-178
-62
-9
-600
138
655
-686
-526
998
-476
-304
904
-256
-684
246
381
-318
334
226
-360
-343
422
-373
-51
434
-653
129
-19
140
-541
-480
330
27
-199
106
148
-884
146
203
-40
-282
74
402
-737
521
608
-571
-100
875
-424
-83
910
-485
-168
975
71
-662
923
451
-1209
867
946
-573
233
716
-267
-284
463
335
-170
-3
564
-70
168
375
-559
333
282
-331
22
528
-125
-233
101
-86
486
146
-366
-182
361
391
-206
176
398
-234
-209
338
565
85
-100
476
86
166
618
-313
-122
700
550
-120
470
557
-325
132
761
402
-155
365
191
88
503
335
-50
245
542
-458
257
795
-145
-295
415
104
70
272
-89
140
210
224
310
150
92
-25
369
330
167
423
359
-145
616
66
4
873
1
250
672
387
217
316
197
474
834
70
41
472
305
-3
566
425
-279
292
611
-31
250
488
293
9
257
724
-95
-53
214
-143
539
442
142
109
-216
273
-14
602
169
-533
411
339
218
322
-260
-191
776
228
193
290
304
125
-139
855
-12
63
449
36
503
528
35
578
303
-176
729
333
451
126
-108
160
300
572
106
54
329
-89
342
932
-25
166
235
134
843
209
-206
466
303
206
668
259
-36
326
224
82
644
489
-90
252
607
342
46
542
425
-8
801
199
-161
743
89
-170
557
556
-73
18
514
333
170
138
595
-24
427
594
-221
385
747
-257
60
1060
-332
-227
1051
266
-169
690
463
-233
755
383
-213
776
515
80
382
288
-42
866
-220
6
935
-146
475
632
42
188
763
421
-157
580
842
-95
-159
1121
114
-66
890
-74
-79
970
372
-90
649
927
-67
96
871
312
-26
889
172
178
756
-32
361
644
52
432
223
178
746
-450
380
1075
-462
586
503
-230
663
559
42
-200
376
774
-296
708
724
-1028
799
1352
-380
217
646
166
464
696
381
27
497
494
-155
766
395
-16
449
133
850
586
-354
363
702
-65
478
735
29
302
562
68
484
841
-155
339
980
446
116
532
784
257
238
430
687
936
622
-401
824
879
-316
274
1182
434
-50
925
145
285
1013
-3
69
1437
524
-803
1144
957
-486
105
1162
457
154
584
-125
604
532
-85
666
736
-25
280
692
-179
372
219
291
405
518
243
-238
890
19
51
1051
920
-544
78
1032
159
851
575
-323
755
1090
-234
375
727
-7
612
509
645
262
-396
912
766
-31
925
598
-212
612
558
483
422
381
29
359
1085
-7
-297
683
660
-127
591
652
-57
290
309
741
701
368
29
572
749
209
630
876
312
346
855
418
869
414
-81
1244
789
47
683
667
31
401
1064
268
-80
972
150
-327
1067
502
-515
767
522
-385
1178
351
-279
815
262
304
838
406
156
652
126
521
1001
339
-85
391
734
-5
690
638
-688
376
937
31
824
179
-306
664
662
48
352
718
-25
22
913
613
-374
818
230
-122
1718
-17
-297
937
409
380
836
395
-24
579
583
453
798
426
-494
1029
1309
-551
497
1215
-196
-86
1507
482
-261
708
661
219
364
820
120
310
639
442
445
478
560
105
573
767
65
579
738
192
158
887
735
-6
221
797
472
414
379
242
523
269
247
845
258
100
321
150
723
345
435
64
223
435
504
554
32
16
482
846
53
816
-163
-359
1220
375
165
486
246
42
884
797
293
348
327
563
925
647
-215
808
576
154
1167
215
-134
877
395
161
1127
347
-150
696
440
-116
854
666
-304
419
713
137
-91
418
619
265
146
433
548
-164
423
381
416
440
137
292
919
511
-492
308
988
766
17
60
584
509
-6
250
505
495
410
151
474
771
300
-20
591
895
141
285
609
-122
49
971
38
95
1320
-445
-391
1559
-208
28
1087
342
-372
789
978
-501
337
602
321
492
501
-177
333
352
-11
904
483
-22
268
651
433
70
583
575
279
99
572
450
210
312
157
-109
1132
583
-650
812
611
-426
299
1176
-353
-433
1094
-88
-521
903
428
-696
930
756
-864
726
832
-458
292
978
-268
161
862
-167
-118
572
436
487
4
90
465
301
287
430
527
163
165
394
720
210
36
365
567
106
320
130
-207
281
511
250
-44
239
-210
174
700
-182
163
264
121
79
299
273
16
337
106
352
287
541
-323
166
913
-133
521
672
-226
168
693
600
294
213
-42
606
412
521
226
-123
925
549
44
687
71
-319
707
731
617
266
-142
768
80
-171
1253
309
-381
643
406
-73
130
622
-343
-391
1457
68
-413
918
-317
-294
955
726
9
-408
-108
691
464
69
242
-180
59
592
100
121
162
-83
129
891
548
-236
-134
274
393
558
814
-182
-215
385
234
415
494
-354
-282
611
448
355
-247
88
-105
-6
1271
-72
-413
345
226
139
467
469
-268
-67
332
452
255
474
-333
58
1009
3
359
221
-15
401
389
672
529
-137
108
798
318
341
416
-59
433
317
80
398
510
60
23
560
133
-216
269
185
45
130
220
101
-41
176
-15
253
167
210
-37
-27
324
308
-20
328
625
-66
360
483
-109
468
410
233
58
713
137
-1
498
601
-94
205
513
148
292
256
507
21
202
298
101
517
270
-225
103
703
-43
245
141
-33
209
330
405
50
266
-51
316
437
578
-31
112
476
176
368
298
82
-167
401
321
150
669
-43
-216
469
274
30
599
25
-36
688
154
178
190
343
-235
192
868
-132
-100
410
108
-197
508
234
-382
360
469
-401
196
692
-437
-70
476
-37
-122
440
108
22
483
54
-213
213
153
-55
381
294
-232
-101
388
206
86
198
225
57
396
278
108
288
22
317
364
289
-130
92
606
303
-34
311
245
-361
267
838
-156
45
818
-60
-186
491
-53
-67
686
124
-64
582
155
-366
701
734
-219
239
476
197
81
75
405
265
309
238
-157
401
264
-14
166
334
341
-111
112
171
149
41
466
273
239
148
-216
364
43
-39
512
292
-63
-47
142
-73
98
147
292
165
-106
397
-132
152
466
101
283
108
-183
426
249
-483
303
433
81
-43
-58
65
85
142
237
353
515
-565
-371
1187
-54
-597
647
421
-377
447
268
-277
371
344
47
378
633
-277
-170
766
455
-354
454
573
-320
27
851
169
-291
186
374
402
-12
-275
51
235
403
45
-205
0
-11
1
433
194
-383
89
641
147
-520
-129
169
83
450
277
-507
-188
-76
33
703
-51
-916
-124
420
70
-195
-192
58
-113
129
257
-201
-265
-152
25
616
220
-501
-286
-50
529
29
-187
317
-512
-182
878
-90
-420
407
-215
-306
402
220
-469
190
509
-528
12
655
-334
-495
521
73
-20
540
-454
-550
265
532
-325
101
469
-699
93
584
-50
-273
370
-70
-543
512
417
-756
-314
641
-132
-196
379
-400
-522
421
425
-288
219
486
-715
-123
776
-83
-499
82
64
-134
200
48
-342
-229
162
-58
-235
268
-18
-403
376
344
-530
-153
244
-141
-16
511
-37
-362
490
70
-493
329
451
-308
-39
614
-71
-426
451
328
-92
139
428
-331
-267
658
-114
-260
444
41
-352
-46
102
-207
7
381
10
-137
142
-306
-539
283
391
-171
-266
-164
112
-86
-139
-48
-145
240
438
-234
-210
-145
-35
106
170
165
110
50
-106
-169
261
299
-283
-139
143
-39
-24
-149
-71
-28
167
229
-107
-161
-213
-411
67
510
-69
-378
-176
-173
-51
162
210
-185
-298
186
-127
-134
-14
-474
-249
322
-73
-57
-14
-378
-234
315
269
-107
-122
-232
-312
283
464
-151
-230
125
11
125
186
-379
-117
421
378
89
29
-186
-150
400
356
-31
-102
-120
-283
446
100
-289
285
-332
-172
463
-331
-520
153
-72
-263
228
-221
-623
-59
82
-254
147
69
-462
-107
131
-101
30
12
-175
128
158
-120
-204
197
-15
-212
143
182
-153
3
42
-254
186
295
49
192
-56
-352
209
231
-93
43
136
-249
-212
292
-69
-393
87
-34
62
407
-384
-565
281
13
-26
238
-422
-563
296
15
-444
-91
-119
-274
108
127
-467
-163
-33
-41
200
168
-355
-158
212
-332
-15
349
-208
-297
287
33
-367
-46
-36
-10
252
13
-270
158
64
-294
110
255
-95
-176
137
119
-169
-32
-160
-42
273
-30
-196
53
36
-122
-44
89
41
-211
17
148
9
-104
-167
-27
237
-162
-186
-47
19
-69
-191
115
30
28
-1
26
60
-132
-215
82
131
-134
-147
-68
70
-18
-12
35
-72
-73
307
221
-112
-134
240
223
-93
-7
37
56
88
11
80
83
-14
12
137
135
-183
-313
79
-17
-297
42
215
-129
-290
-148
-119
-140
-130
-92
-59
-49
-182
-216
-81
-95
-279
9
84
-71
-187
-88
-29
3
-176
-204
200
-132
-137
235
49
-83
-34
49
117
24
-200
-78
413
163
-198
129
182
99
121
429
204
-266
78
315
193
94
142
88
145
2
-27
75
114
-114
-304
409
359
-459
-275
227
136
8
-12
-81
-194
-391
-219
146
-72
-408
-133
169
-127
-348
-79
220
203
-70
-213
71
21
-280
-41
447
189
-230
-122
141
172
-64
25
226
124
30
127
196
-55
-200
170
419
244
-280
-364
195
373
-98
-145
-66
-223
-88
145
75
-133
-76
16
128
246
-74
-247
209
335
100
208
242
-143
-111
273
231
70
161
35
96
269
166
-32
8
106
43
319
199
-138
68
196
-66
-123
109
30
-22
-47
-66
-226
-245
-178
-301
-155
-284
-475
-216
-96
-323
-579
-307
-201
-421
-498
-467
-534
-459
-369
-471
-469
-413
-447
-451
-249
-304
-450
-242
4
-206
-404
-260
35
140
-30
-122
-98
-32
97
259
184
28
87
466
491
318
302
383
551
742
828
680
507
602
1037
1124
842
717
761
879
1011
996
867
833
890
907
1008
936
732
696
843
855
623
580
586
367
335
266
285
291
12
-84
-90
-182
-242
-274
-345
-447
-777
-728
-357
-469
-834
-1057
-971
-858
-933
-921
-1023
-1038
-1121
-1206
-1060
-1161
-1529
-1573
-1220
-1209
-1474
-1666
-1735
-1340
-896
-1004
-1631
-1940
-1524
-628
-329
-840
-1062
-676
-159
180
153
263
490
637
992
1463
1481
1087
1099
1536
1950
2028
1736
1489
1476
1615
1787
1912
1717
1193
1042
1222
1350
1150
878
710
722
659
501
441
380
260
204
284
275
137
-36
116
220
210
324
444
242
274
478
546
638
610
502
567
820
774
665
687
661
599
636
592
294
183
174
242
175
-166
-616
-657
-524
-812
-1031
-1197
-1347
-1518
-1663
-1874
-2053
-2151
-2339
-2543
-2727
-2902
-2872
-2234
-1866
-2465
-3364
-3393
-2161
-1058
-1370
-2143
-2125
-1160
-375
-255
-421
-275
244
849
1401
1582
1277
1017
1410
2208
2672
2380
1759
1580
1939
2452
2668
2283
1691
1338
1417
1714
1621
1117
709
569
549
497
171
-277
-431
-323
-64
-175
-730
-1097
-831
-423
-190
-277
-517
-447
-261
69
268
258
184
336
763
980
846
804
1020
1258
1383
1438
1347
1227
1186
1258
1454
1440
963
699
686
542
331
191
84
-120
-373
-696
-883
-1092
-1356
-1438
-1577
-1768
-1941
-2129
-2317
-2437
-2446
-2523
-2579
-2741
-3081
-3174
-3039
-3243
-3273
-2577
-2131
-2597
-3627
-3930
-2642
-1131
-1043
-1976
-2269
-1422
-454
-66
-84
54
427
1045
1589
1835
1714
1410
1652
2457
3041
2888
2250
1920
2159
2768
3119
2801
2113
1515
1506
1741
1848
1557
1033
676
660
651
342
-106
-371
-401
-323
-380
-621
-978
-1218
-1180
-834
-575
-868
-1145
-1163
-828
-472
-446
-570
-483
-211
48
220
362
385
416
670
914
1023
906
784
822
952
1091
949
669
496
377
337
328
137
-170
-404
-583
-689
-831
-1114
-1386
-1540
-1636
-1703
-1748
-1951
-2201
-2249
-2261
-2317
-2535
-2778
-2893
-2981
-3009
-3137
-2637
-1794
-1890
-3018
-3938
-2924
-799
-231
-1566
-2386
-1465
-85
398
-31
-67
608
1205
1611
1931
1945
1562
1509
2243
2934
2956
2207
1713
1965
2445
2776
2557
1900
1263
1030
1353
1481
1019
467
248
207
78
-175
-532
-798
-822
-725
-785
-1023
-1303
-1393
-1299
-1044
-907
-825
-897
-972
-682
-233
-41
-197
-247
81
470
494
522
598
756
796
862
1062
1038
831
764
940
1014
777
488
306
246
121
-73
-248
-460
-641
-827
-963
-1193
-1513
-1726
-1669
-1855
-2153
-2323
-2404
-2403
-2588
-2779
-2845
-2753
-2907
-3009
-3213
-3117
-2231
-1627
-2328
-3680
-3830
-2120
-337
-743
-2227
-2395
-985
239
208
-321
-168
442
1101
1637
1748
1466
1052
1320
2259
2752
2298
1528
1331
1842
2522
2605
1993
1196
852
1154
1566
1471
850
334
372
548
337
-56
-251
-417
-530
-516
-436
-515
-886
-1039
-740
-405
-304
-509
-691
-531
-92
224
115
-132
-114
253
599
686
544
469
556
693
870
895
695
562
566
674
576
305
118
-12
-83
-175
-300
-692
-1051
-1084
-995
-1073
-1379
-1739
-1836
-1827
-1945
-2108
-2259
-2332
-2392
-2469
-2543
-2697
-2944
-3093
-2730
-1808
-1524
-2477
-3646
-3424
-1587
-190
-762
-2060
-1997
-629
435
419
26
224
805
1333
1813
1948
1672
1388
1716
2505
2913
2502
1719
1484
1985
2557
2466
1888
1201
868
1086
1446
1275
662
245
205
260
213
-169
-474
-576
-629
-553
-399
-469
-781
-962
-871
-532
-346
-329
-356
-390
-104
202
204
124
286
632
803
854
803
904
977
984
1191
1276
1136
927
745
800
888
681
364
52
-106
-237
-381
-687
-1032
-1181
-1290
-1350
-1636
-2020
-2148
-2074
-2104
-2226
-2470
-2719
-2803
-2683
-2492
-2553
-2858
-3138
-3190
-2424
-1356
-1562
-2875
-3612
-2570
-503
196
-1150
-2233
-1350
307
1073
588
82
394
1169
1961
2179
1920
1428
1381
2058
2747
2742
1957
1458
1669
2280
2535
2089
1355
891
1025
1312
1347
878
242
33
256
438
160
-521
-858
-648
-271
-324
-691
-984
-901
-597
-501
-456
-593
-626
-468
-67
274
54
-290
-49
498
788
739
551
584
760
875
1042
1134
993
798
932
1022
935
628
399
526
436
83
-316
-455
-517
-621
-807
-1041
-1269
-1478
-1539
-1598
-1759
-1966
-2015
-1970
-2066
-2251
-2392
-2369
-2362
-2401
-2499
-2640
-2798
-2624
-1592
-1090
-2035
-3302
-3070
-1137
261
-623
-2030
-1715
-183
770
456
-60
107
682
1361
1965
1965
1450
1127
1619
2599
2858
2131
1312
1414
2112
2618
2402
1727
1116
923
1251
1533
1258
539
165
508
697
331
-293
-574
-244
-40
-355
-759
-823
-766
-756
-676
-541
-569
-699
-659
-405
-205
-166
-270
-133
256
400
407
486
595
741
910
995
1067
1017
962
1014
1051
976
854
734
664
568
283
59
-64
-192
-299
-386
-611
-862
-1124
-1188
-1202
-1395
-1587
-1756
-1933
-1989
-2064
-2163
-2165
-2339
-2396
-2333
-2401
-2512
-2783
-2467
-1438
-1189
-2217
-3213
-2669
-805
159
-949
-2015
-1277
175
770
238
-102
443
1108
1616
1825
1783
1561
1567
2163
2720
2577
1966
1696
2075
2571
2660
2284
1789
1510
1605
1703
1662
1362
922
756
844
779
388
52
5
33
-77
-261
-405
-452
-467
-514
-523
-409
-366
-492
-409
-200
-40
-90
-151
20
199
338
356
318
465
621
598
607
690
675
651
675
606
583
467
389
356
255
29
-207
-233
-249
-328
-495
-700
-880
-1012
-1002
-1051
-1247
-1480
-1484
-1469
-1595
-1702
-1770
-1718
-1610
-1676
-1866
-1971
-2142
-2147
-1385
-656
-1325
-2670
-2824
-1291
207
-232
-1719
-1808
-339
630
463
-206
-20
725
1275
1577
1575
1314
1099
1498
2238
2512
2035
1410
1516
2051
2360
2190
1748
1332
1203
1408
1639
1463
933
539
666
841
684
212
-85
17
68
-139
-438
-396
-355
-401
-511
-560
-343
-251
-360
-330
-145
-27
-118
-120
109
322
391
399
569
639
612
647
782
841
796
792
784
776
704
615
705
622
343
164
78
73
-47
-135
-235
-460
-731
-858
-821
-884
-997
-1200
-1315
-1273
-1280
-1373
-1498
-1596
-1585
-1552
-1606
-1780
-1949
-1991
-2109
-1650
-752
-1012
-2380
-3114
-1965
-56
82
-1633
-2415
-1126
289
305
-503
-564
127
782
1178
1227
1032
828
978
1655
2100
1847
1248
1269
1854
2139
2035
1712
1416
1353
1441
1534
1551
1178
868
871
956
772
409
249
301
365
56
-273
-158
26
-99
-366
-525
-448
-250
-227
-310
-319
-219
-248
-250
-161
16
44
86
265
424
374
161
243
582
704
642
485
431
516
572
560
422
248
150
134
133
71
-29
-92
-149
-239
-358
-432
-494
-463
-513
-609
-708
-741
-779
-845
-826
-886
-1051
-1201
-1300
-1428
-1506
-1629
-1846
-2036
-1499
-1014
-1743
-2994
-3236
-1759
-417
-1161
-2820
-2731
-1172
-232
-736
-1461
-1141
-398
134
437
433
241
182
701
1506
1654
1207
832
1324
1968
2060
1909
1664
1579
1674
1795
1894
1699
1383
1223
1456
1582
1370
902
527
676
870
749
353
18
-42
56
-33
-136
-173
-190
-227
-238
-164
-156
-317
-386
-93
144
69
-82
44
217
230
238
361
493
347
260
429
589
557
456
513
595
432
245
314
332
227
97
37
3
-105
-233
-206
-213
-331
-479
-544
-513
-621
-748
-786
-825
-1033
-1204
-1227
-1339
-1555
-1705
-1778
-1958
-2253
-2526
-1957
-1151
-1779
-3323
-3865
-2488
-751
-1016
-2836
-3345
-1878
-574
-684
-1459
-1420
-578
17
352
543
497
480
760
1577
2055
1712
1275
1588
2438
2716
2435
2098
2058
2126
2265
2363
2230
1934
1618
1677
1778
1524
1071
855
998
931
504
12
-92
8
-47
-329
-555
-668
-804
-850
-763
-755
-868
-1003
-1036
-844
-756
-802
-724
-651
-633
-569
-465
-331
-163
-170
-91
57
111
186
335
511
571
493
500
623
697
668
629
663
607
506
448
410
340
253
202
183
65
-112
-214
-221
-328
-527
-737
-956
-990
-1078
-1276
-1617
-1888
-2003
-2119
-2325
-2563
-2182
-1684
-2335
-3544
-3706
-2335
-1038
-1655
-3189
-3130
-1565
-564
-941
-1630
-1284
-395
220
553
710
636
645
1163
1953
2168
1765
1527
1989
2599
2638
2440
2311
2337
2300
2277
2333
2177
1791
1582
1693
1790
1293
601
393
673
629
95
-369
-523
-455
-714
-1011
-1098
-1069
-1260
-1534
-1445
-1262
-1268
-1445
-1417
-1153
-937
-948
-851
-545
-342
-265
-112
207
406
420
562
773
944
1054
1122
1301
1415
1375
1337
1442
1522
1451
1442
1376
1307
1213
1000
939
789
562
343
285
151
-136
-430
-621
-689
-866
-1133
-1288
-1431
-1631
-1770
-1914
-1989
-2145
-2421
-2647
-2784
-2934
-3018
-2332
-2015
-3032
-4212
-3869
-2059
-967
-2096
-3519
-2848
-995
-275
-913
-1354
-772
85
664
977
1012
909
939
1575
2434
2444
1914
1708
2330
2872
2841
2557
2251
2182
2203
2294
2313
1943
1382
1207
1480
1472
903
136
-54
169
144
-286
-760
-888
-860
-980
-1181
-1186
-1143
-1251
-1358
-1298
-1071
-1048
-1086
-877
-587
-488
-486
-209
133
205
283
488
786
958
926
1072
1312
1412
1375
1434
1576
1559
1419
1407
1532
1450
1228
1176
1070
894
684
480
437
242
-40
-252
-340
-461
-691
-916
-1102
-1262
-1365
-1454
-1617
-1769
-1942
-2022
-2066
-2151
-2330
-2549
-2619
-2598
-2695
-2517
-1927
-2001
-2937
-3408
-2453
-966
-887
-2193
-2706
-1473
-101
-71
-773
-853
-88
537
849
1064
1049
896
1125
1870
2285
1976
1526
1732
2461
2640
2412
2087
2022
2048
2026
2070
1863
1399
1012
1060
1194
943
432
140
134
-40
-290
-413
-451
-619
-815
-852
-768
-845
-1004
-1046
-864
-750
-828
-754
-685
-486
-270
-153
-51
102
223
406
633
797
874
937
1122
1323
1351
1289
1298
1311
1411
1434
1371
1302
1148
1033
990
907
747
520
292
238
254
80
-191
-449
-525
-571
-655
-848
-996
-1062
-1175
-1271
-1353
-1403
-1507
-1683
-1773
-1737
-1839
-1988
-2072
-2060
-2039
-2259
-2450
-1983
-1411
-1884
-2840
-2934
-1638
-463
-979
-2253
-2046
-588
266
-43
-508
-235
389
885
1194
1444
1269
1074
1449
2217
2354
1895
1605
2032
2602
2504
2101
1967
1998
1957
1893
1812
1530
1102
894
1161
1292
757
153
-27
205
208
-167
-504
-533
-581
-670
-683
-793
-905
-1015
-879
-647
-639
-780
-732
-499
-162
-63
-84
48
264
518
678
828
947
1041
1121
1242
1368
1353
1419
1517
1543
1454
1348
1394
1390
1275
1129
997
875
803
655
461
392
298
150
-113
-238
-353
-428
-541
-666
-766
-890
-941
-984
-1080
-1166
-1328
-1466
-1443
-1474
-1530
-1674
-1735
-1784
-1847
-1896
-2000
-2107
-2017
-1426
-1246
-2048
-2809
-2358
-1006
-375
-1254
-2080
-1506
-291
196
-100
-365
-113
411
845
1240
1357
1142
1145
1673
2184
2044
1596
1661
2204
2489
2295
1999
1899
1877
1824
1861
1888
1558
1062
944
1162
1046
624
272
105
3
-159
-252
-326
-491
-697
-711
-668
-727
-781
-867
-790
-635
-560
-510
-564
-450
-179
54
209
317
406
541
745
1006
1237
1366
1397
1462
1573
1684
1706
1768
1784
1712
1615
1553
1568
1524
1352
1178
1063
933
753
582
473
364
144
-90
-288
-328
-382
-629
-781
-901
-921
-1006
-1136
-1253
-1275
-1336
-1485
-1498
-1480
-1549
-1612
-1726
-1752
-1739
-1839
-1862
-1931
-2038
-2091
-2022
-1510
-1195
-1837
-2643
-2335
-1007
-198
-993
-1949
-1413
-105
459
57
-274
43
555
964
1258
1363
1135
1132
1639
2177
2147
1638
1610
2140
2522
2304
2047
1969
1894
1840
1804
1810
1497
990
836
1052
990
520
157
100
29
-268
-512
-538
-556
-753
-861
-885
-876
-900
-851
-714
-665
-661
-547
-352
-205
-116
10
190
375
518
651
841
991
1120
1377
1553
1574
1511
1598
1712
1797
1723
1563
1494
1486
1440
1316
1235
1151
978
758
631
588
459
210
27
-173
-243
-376
-549
-690
-775
-853
-1035
-1202
-1261
-1263
-1420
-1539
-1514
-1483
-1563
-1666
-1694
-1681
-1639
-1655
-1580
-1551
-1578
-1577
-1618
-1591
-1639
-1656
-1694
-1314
-865
-1181
-1895
-1926
-891
50
-249
-1199
-1096
-82
645
495
189
318
655
977
1328
1592
1328
1118
1418
1964
2040
1586
1355
1699
2019
1854
1661
1522
1378
1245
1287
1294
951
472
287
560
562
75
-364
-401
-235
-376
-596
-605
-619
-873
-938
-671
-491
-585
-695
-621
-357
-180
-107
2
106
206
382
644
780
834
896
1146
1376
1444
1454
1508
1538
1562
1617
1697
1697
1565
1419
1348
1350
1279
1153
982
756
560
387
286
98
-148
-274
-426
-582
-763
-905
-940
-1009
-1145
-1270
-1340
-1415
-1379
-1264
-1321
-1420
-1467
-1264
-1120
-1202
-1234
-1180
-1067
-1026
-968
-896
-809
-774
-771
-752
-764
-791
-786
-747
-758
-905
-765
-351
-474
-1139
-1421
-815
-47
-121
-1023
-1245
-477
76
0
-314
-321
-97
124
420
659
519
154
286
789
1031
753
471
648
986
1006
925
906
925
851
830
963
881
542
490
714
875
604
305
319
568
515
209
132
226
301
144
-40
-57
60
77
48
25
-3
-66
-62
37
89
26
-14
131
320
254
156
195
334
366
327
342
354
441
380
377
355
291
220
215
214
120
32
-12
49
45
-8
-70
-92
-140
-219
-214
-190
-253
-258
-273
-267
-282
-270
-264
-377
-349
-297
-328
-380
-389
-387
-417
-377
-302
-263
-360
-494
-490
-417
-410
-556
-704
-718
-744
-821
-906
-1036
-1098
-1174
-1317
-1450
-1597
-1585
-1193
-1095
-1657
-2193
-1877
-982
-711
-1408
-1870
-1270
-476
-334
-582
-553
-244
11
375
743
854
691
798
1337
1760
1590
1283
1490
1906
2089
1932
1861
1906
1790
1753
1901
1873
1424
1026
1139
1339
1074
563
302
398
300
-14
-305
-417
-506
-627
-736
-861
-1088
-1362
-1291
-1155
-1160
-1291
-1389
-1306
-1221
-1138
-1031
-930
-891
-872
-655
-426
-285
-150
-92
80
205
307
505
686
738
815
927
1003
1079
1090
1144
1138
1009
957
995
988
905
760
717
635
476
372
291
222
97
-26
-94
-219
-330
-331
-336
-414
-588
-572
-450
-441
-504
-590
-580
-562
-641
-609
-578
-559
-628
-673
-657
-709
-685
-727
-755
-859
-914
-915
-883
-901
-1079
-1115
-1163
-938
-688
-938
-1402
-1447
-747
-155
-378
-972
-914
-124
329
255
73
217
513
823
1066
1269
1047
862
1202
1691
1763
1305
1123
1375
1629
1424
1204
1163
1066
899
770
758
570
240
28
90
75
-332
-701
-754
-614
-689
-998
-1116
-1081
-1087
-1211
-1222
-1064
-985
-1037
-1020
-781
-489
-493
-543
-301
-50
69
107
368
586
638
774
883
1124
1132
1149
1257
1338
1335
1247
1289
1359
1374
1260
1163
1088
980
803
717
700
587
403
275
226
112
-21
-82
-119
-121
-249
-278
-149
-128
-188
-223
-255
-237
-151
-92
-133
-215
-238
-226
-116
-103
-169
-146
-144
-122
-95
-30
-35
-104
-124
-228
-212
-253
-369
-388
-462
-482
-614
-772
-813
-946
-1034
-1212
-1184
-834
-838
-1300
-1625
-1287
-664
-633
-1183
-1462
-983
-451
-425
-600
-567
-360
-173
101
331
279
70
203
684
889
650
442
623
942
872
689
713
749
703
620
683
625
412
397
574
613
333
61
95
276
253
-6
-178
-27
72
-74
-232
-238
-85
-14
-150
-206
-41
77
-29
-109
-1
132
142
140
205
242
189
208
356
378
364
305
388
458
414
455
565
655
565
587
691
668
609
580
632
739
636
546
601
638
628
604
659
662
572
552
647
642
563
523
533
560
517
419
354
291
235
178
63
-5
-111
-239
-403
-454
-504
-579
-681
-804
-858
-999
-1086
-1149
-1235
-1329
-1418
-1451
-1454
-1481
-1553
-1570
-1592
-1660
-1624
-1336
-1188
-1452
-1737
-1520
-899
-584
-872
-1208
-787
-80
111
-95
-114
68
350
677
826
885
674
618
1006
1372
1219
891
932
1261
1384
1133
969
1024
988
904
871
770
573
372
345
422
247
-99
-217
-65
-32
-260
-394
-389
-414
-450
-474
-424
-415
-506
-511
-387
-225
-181
-218
-115
19
148
259
384
510
537
659
780
868
864
924
998
1107
1088
1012
1024
1064
1094
1033
988
905
911
902
919
825
785
712
683
612
484
496
444
366
185
50
43
-5
-52
-54
-209
-330
-305
-339
-376
-499
-559
-597
-616
-655
-658
-684
-710
-787
-810
-779
-771
-785
-852
-849
-833
-804
-829
-855
-887
-847
-807
-753
-758
-838
-836
-718
-767
-840
-764
-477
-257
-492
-740
-541
-25
277
18
-308
6
427
548
410
371
446
528
690
813
817
584
490
686
878
725
464
472
654
694
505
378
372
323
260
241
222
94
-47
48
217
182
-11
-54
110
244
190
112
164
339
430
405
377
395
500
641
635
646
618
654
730
772
805
703
691
674
735
768
660
605
596
630
616
517
445
479
442
368
344
290
156
165
180
176
132
79
113
122
157
92
80
83
31
62
107
159
156
169
151
146
195
163
226
254
169
162
183
169
99
53
117
105
34
-9
2
24
-1
-58
-56
-15
-114
-241
-298
-275
-306
-403
-451
-471
-488
-552
-613
-631
-664
-794
-792
-659
-528
-703
-956
-895
-570
-368
-515
-695
-586
-245
-128
-141
-106
5
95
226
407
543
469
424
589
823
868
760
735
920
998
945
963
1045
992
905
959
1002
962
860
821
886
892
708
648
670
636
541
487
500
433
259
131
183
222
134
91
-26
-17
38
30
6
-127
-202
-174
-26
-32
-107
-176
-100
-3
67
37
70
158
215
283
274
348
458
541
568
548
565
588
653
726
758
756
698
740
779
754
644
495
540
620
590
535
435
361
300
233
213
123
-16
-177
-223
-247
-339
-408
-480
-521
-642
-718
-727
-711
-695
-733
-779
-756
-743
-766
-760
-719
-677
-713
-729
-692
-674
-665
-633
-606
-563
-548
-439
-359
-400
-451
-366
-140
-20
-148
-175
5
223
285
212
176
241
375
405
426
436
382
311
413
533
430
406
354
405
407
336
357
307
258
137
89
136
110
-8
28
123
125
21
-19
-9
32
71
72
142
35
-25
27
146
198
142
111
169
268
358
351
387
437
485
593
654
630
583
617
703
756
685
637
676
708
703
674
636
608
620
595
574
532
482
446
478
462
325
238
187
149
80
59
-46
-159
-246
-259
-269
-288
-324
-421
-414
-485
-449
-473
-519
-495
-497
-485
-476
-448
-450
-383
-325
-336
-368
-346
-271
-213
-247
-228
-141
-122
-135
-127
-107
-84
-170
-252
-218
-260
-310
-433
-440
-419
-397
-501
-616
-601
-501
-429
-566
-690
-707
-572
-486
-510
-543
-499
-433
-356
-288
-206
-205
-210
-152
-52
3
-34
20
118
190
193
231
299
321
418
415
525
513
484
517
530
548
529
462
467
591
577
560
503
501
503
567
569
534
536
524
557
533
509
388
320
331
365
355
259
208
151
206
211
124
97
100
81
39
21
27
43
25
28
17
29
-43
-28
-19
-78
-124
-245
-195
-207
-236
-236
-221
-199
-183
-167
-168
-149
-149
-117
-157
-164
-178
-176
-141
-114
-162
-223
-143
-61
-61
-86
-77
-53
-15
-23
-1
12
40
13
-46
-77
-140
-207
-234
-265
-315
-353
-438
-507
-623
-679
-734
-755
-853
-853
-868
-886
-961
-1020
-1012
-1006
-892
-889
-883
-825
-731
-644
-582
-500
-431
-368
-267
-150
57
129
129
190
280
417
539
547
574
657
713
786
896
890
827
814
840
784
704
672
676
663
608
497
403
473
441
381
275
237
191
115
121
49
28
-95
-94
-23
-86
-176
-196
-156
-147
-162
-201
-149
-110
-128
-134
-124
-81
-74
-59
-2
48
29
66
96
95
147
151
165
193
203
216
183
144
143
181
172
177
109
93
86
58
-23
-69
-95
-173
-84
-137
-173
-209
-262
-207
-168
-189
-232
-295
-366
-319
-408
-428
-538
-607
-538
-548
-595
-581
-622
-624
-617
-634
-669
-683
-681
-658
-627
-673
-668
-695
-715
-708
-703
-717
-729
-703
-663
-647
-653
-657
-560
-454
-428
-448
-361
-216
-97
3
15
106
168
187
256
318
323
326
353
428
461
464
455
414
474
432
377
390
316
313
324
354
319
276
216
210
291
265
204
154
154
136
186
140
118
70
87
143
108
115
21
119
138
174
187
192
222
175
226
232
248
225
210
193
222
160
127
152
141
103
48
66
8
19
30
-22
-107
-88
-42
-84
-93
-140
-202
-249
-182
-182
-248
-314
-294
-338
-374
-379
-370
-390
-407
-367
-356
-371
-383
-368
-329
-304
-289
-294
-292
-276
-232
-223
-179
-189
-258
-259
-227
-229
-258
-223
-266
-296
-337
-373
-409
-432
-436
-430
-467
-487
-449
-451
-472
-511
-565
-578
-530
-531
-508
-549
-550
-503
-478
-471
-447
-373
-324
-236
-183
-97
-24
19
107
150
190
301
354
420
432
482
515
507
562
515
527
561
500
471
511
463
484
500
442
449
403
372
296
308
334
265
199
108
126
93
87
70
53
8
13
52
54
7
18
60
4
45
46
-53
-57
-16
-48
-114
-209
-139
-112
-204
-211
-227
-234
-216
-221
-205
-237
-242
-240
-233
-212
-260
-264
-241
-254
-236
-237
-274
-285
-254
-225
-233
-205
-174
-163
-166
-97
-75
-86
-48
-53
-44
-18
-22
-48
-83
-141
-165
-188
-208
-190
-173
-220
-281
-296
-306
-343
-354
-323
-379
-402
-391
-431
-456
-461
-444
-478
-450
-472
-464
-416
-406
-408
-328
-326
-358
-273
-239
-166
-133
-66
-38
67
133
150
219
273
336
382
440
409
436
535
612
603
561
567
546
562
545
520
504
491
443
439
489
445
442
433
386
373
295
218
218
161
136
89
83
43
-9
-54
-39
-72
-96
-95
-118
-109
-134
-150
-123
-97
-96
-71
-41
-87
-108
-90
-129
-134
-126
-76
-114
-136
-149
-93
-97
-126
-133
-91
-61
-66
-15
-15
-23
-50
-50
-66
-51
-55
-76
-108
-89
-50
-63
-95
-88
-85
-19
-76
-96
-121
-157
-163
-141
-124
-127
-183
-228
-188
-209
-192
-308
-307
-284
-251
-280
-294
-257
-250
-212
-214
-244
-233
-209
-177
-108
-114
-168
-171
-145
-97
-93
-130
-130
-67
-45
-2
94
108
126
192
297
327
293
280
338
342
321
266
271
306
301
314
319
329
266
216
188
211
195
133
138
116
160
169
183
134
88
81
89
78
84
39
96
153
170
164
129
180
184
201
165
180
145
194
234
162
170
119
113
111
136
145
140
169
123
132
134
99
87
44
3
4
-26
-95
-101
-139
-125
-145
-182
-210
-174
-151
-156
-140
-154
-142
-173
-169
-130
-138
-118
-76
-63
-60
-116
-112
-60
-69
-106
-71
-125
-116
-55
-4
28
51
101
56
58
85
118
141
101
116
144
163
177
183
95
121
145
91
117
119
151
125
116
156
137
96
127
157
95
79
67
123
103
116
123
61
42
-1
-15
-46
-16
-15
-20
3
-32
4
26
16
50
92
79
58
104
113
120
165
156
167
140
138
187
211
245
258
306
323
342
369
377
371
392
374
326
375
389
394
367
355
381
389
378
325
313
296
296
254
248
238
196
132
102
44
31
-36
-96
-120
-121
-132
-163
-168
-148
-124
-148
-152
-179
-153
-133
-125
-116
-176
-147
-116
-107
-112
-105
-64
-47
-16
-24
13
70
157
142
115
156
154
173
138
197
224
195
195
199
192
161
154
92
78
97
72
64
90
54
17
62
35
9
-8
-13
1
-16
18
-11
6
11
-5
-30
-31
-29
-74
-70
-98
3
-9
-13
-2
23
10
11
-15
-64
-45
-34
-19
-50
-72
-81
-16
35
37
26
84
115
126
170
160
162
211
163
185
217
251
244
248
263
272
294
265
324
246
253
263
205
165
167
150
135
134
70
74
99
71
34
17
-37
-63
-87
-101
-105
-125
-148
-166
-165
-111
-146
-79
-76
-87
-27
-106
-94
-69
-16
23
102
123
109
131
159
176
190
181
201
220
242
278
260
238
214
205
196
151
122
91
54
58
31
-28
-79
-81
-91
-63
-57
-63
-106
-113
-116
-160
-130
-191
-212
-236
-218
-187
-214
-221
-231
-169
-175
-86
-56
-43
25
40
101
147
182
196
219
249
225
245
217
242
229
210
201
124
71
130
122
83
124
94
135
152
176
141
144
44
-11
31
-14
-25
-92
-10
-72
-55
-47
-69
-57
-100
-24
-26
8
-78
-94
-53
-36
-89
-114
-128
-112
-109
-85
-63
-104
-101
-102
-85
-59
-33
-13
47
70
87
85
26
73
127
143
125
151
222
200
178
207
178
172
176
194
218
179
188
163
93
57
-2
-56
-86
-123
-122
-79
-163
-128
-120
-186
-184
-158
-183
-194
-194
-186
-200
-227
-224
-265
-255
-198
-168
-163
-140
-130
-104
-99
-51
-40
-38
5
71
156
173
242
262
279
319
282
322
379
344
400
348
347
336
309
334
290
271
268
281
242
276
165
121
129
43
-32
-87
-98
-151
-194
-274
-295
-325
-339
-319
-330
-345
-348
-386
-402
-396
-394
-360
-316
-293
-248
-217
-206
-173
-141
-113
-68
-79
-73
-58
-39
16
66
166
130
148
167
194
212
230
240
212
200
183
190
130
103
95
155
165
109
118
64
40
53
36
-21
-51
-70
-63
-64
-87
-86
-98
-120
-114
-146
-149
-171
-232
-211
-263
-270
-250
-237
-230
-194
-151
-144
-139
-148
-140
-92
-83
-104
-66
-42
-52
-15
-16
-16
28
13
21
38
32
50
59
47
37
91
97
92
141
127
96
51
85
93
118
91
93
75
55
24
-5
-26
-82
-59
-86
-74
-79
-71
-94
-84
-111
-110
-154
-170
-113
-134
-128
-174
-150
-160
-168
-134
-110
-78
-78
-64
-41
-74
-46
0
-6
4
77
97
86
95
139
136
148
157
123
159
98
113
127
105
116
50
37
29
41
47
81
48
60
18
-9
-14
-48
-85
-154
-233
-263
-241
-266
-269
-248
-290
-308
-268
-251
-225
-195
-145
-162
-192
-159
-142
-80
-72
-87
-24
36
31
14
-49
-18
21
52
70
84
103
106
141
135
114
128
129
133
103
112
114
100
108
122
87
51
46
32
47
26
5
34
22
-40
-66
-19
-50
-77
-77
-97
-58
-55
-72
-78
-110
-103
-82
-105
-65
-76
-69
-92
-107
-101
-99
-97
-108
-67
-57
-44
-68
2
-68
-29
-10
-29
-11
-4
53
93
66
39
88
128
114
40
59
68
73
63
46
106
48
29
2
-23
21
11
-2
-52
-79
-89
-87
-104
-131
-148
-133
-151
-148
-146
-189
-154
-130
-159
-150
-135
-175
-133
-156
-167
-111
-99
-72
-53
-29
-72
-48
-18
-48
-66
-76
-55
-30
-89
-70
-100
-56
-27
-25
-20
-59
-27
-52
-11
24
-20
-19
-12
-7
33
-28
-57
36
-17
-90
-76
-57
-119
-95
-64
-112
-126
-99
-86
-107
-129
-128
-106
-84
-39
-68
-38
-93
-76
-60
-81
-74
-74
-38
-77
-15
10
35
30
47
54
73
81
87
83
97
120
90
138
150
166
186
151
102
70
75
56
79
95
51
9
23
8
-3
-13
-46
-37
-23
-42
-62
-114
-163
-140
-162
-180
-198
-225
-203
-119
-115
-139
-101
-55
-17
-37
-21
-1
27
-3
-26
-7
-35
27
16
-21
-9
28
21
54
69
85
63
78
37
52
108
83
28
14
12
-5
2
-37
-41
-72
-79
-86
-102
-81
-82
-116
-85
-89
-135
-100
-94
-88
-126
-105
-96
-88
-90
-115
-108
-85
-34
-55
-19
-44
5
19
28
45
38
65
41
49
18
18
62
71
104
139
166
192
158
188
173
188
181
160
115
136
106
96
99
71
69
82
69
23
13
-2
-7
-34
-46
-71
-18
-73
-35
2
-23
-6
-25
-24
-48
-45
-41
-70
-23
-8
58
68
33
62
89
167
155
151
141
121
94
80
98
57
72
64
56
58
23
25
54
36
4
-15
-50
-45
-24
-52
-63
-56
-53
-36
1
-16
-33
-46
-53
-56
-83
-68
-32
11
-7
28
-9
21
62
11
35
29
55
63
55
68
15
-9
-22
-32
-23
-12
1
-25
-49
-58
-45
3
15
34
85
61
75
92
115
128
91
108
127
135
181
141
103
111
122
116
74
70
68
91
69
73
77
19
39
-8
19
43
-14
-9
-5
5
6
0
5
22
-21
13
45
28
51
78
71
58
58
68
76
100
157
115
72
99
105
129
127
124
191
220
154
144
149
126
127
158
153
169
138
93
128
111
111
96
128
119
103
82
81
105
101
98
94
131
102
105
61
50
72
17
9
20
30
1
-44
11
3
35
65
47
68
73
84
52
48
42
68
56
89
121
107
178
139
145
195
190
152
136
142
143
186
153
145
142
157
179
179
212
149
167
151
105
120
77
48
-27
3
-33
-63
-80
-92
-52
-81
-41
-2
-10
-59
-9
12
-40
-5
11
14
20
29
76
72
106
77
100
107
122
111
101
78
106
162
141
121
103
116
116
81
62
70
61
105
136
172
134
125
154
225
179
173
180
142
193
176
159
145
141
167
130
120
121
147
152
185
188
144
192
161
124
103
85
95
90
119
120
79
60
32
-5
55
34
30
61
63
127
139
149
168
138
135
178
164
252
209
202
188
128
155
130
171
115
108
106
142
153
164
168
187
138
84
135
163
180
210
225
197
163
141
113
84
93
98
58
46
44
48
34
-14
-2
1
-5
28
70
74
41
64
71
30
46
27
10
25
33
54
73
48
-17
1
7
-3
66
73
107
124
137
166
158
145
100
94
72
40
52
56
62
58
27
14
28
28
99
116
118
119
128
166
170
224
225
188
201
180
149
220
183
202
250
205
229
251
261
248
228
171
149
147
177
167
166
134
156
153
109
111
119
150
145
144
129
129
137
156
169
140
132
130
121
122
163
106
59
79
51
38
42
80
-2
5
32
26
-16
17
-1
9
13
-9
-26
-39
-44
-79
-59
-121
-91
-87
-65
-65
-70
-31
-51
-10
13
-7
-27
-13
-5
-35
-39
-20
38
59
42
75
81
97
90
107
76
92
81
86
97
89
91
71
58
39
32
16
62
29
43
85
127
153
131
95
67
72
49
6
-17
-5
18
38
19
17
58
68
88
118
126
139
137
153
167
174
225
197
213
215
221
206
150
129
126
128
92
138
99
99
86
69
53
90
107
67
38
-10
20
-2
11
-7
-2
-9
-9
21
11
-64
-82
-83
-98
-70
-107
-89
-79
-87
-64
-55
-95
-122
-94
-105
-57
-20
-63
-5
30
27
-4
-10
-43
4
-33
-72
0
-23
-2
-16
-19
2
-25
-36
-28
-40
28
-23
-3
-13
-40
20
-28
-18
8
25
48
30
6
-24
-13
37
11
10
57
77
100
91
90
90
13
28
20
7
49
49
49
42
-4
-7
-29
-68
-69
-53
-33
-40
-41
-15
-2
-36
-20
-11
-43
-39
-30
-18
-66
-53
-47
-127
-81
-82
-76
-29
-79
-43
-66
-101
-39
-36
-65
-33
-7
-5
-4
40
39
6
12
17
-32
-27
-51
-78
-79
-75
-98
-77
-89
-115
-116
-131
-140
-137
-131
-160
-152
-135
-144
-119
-112
-128
-147
-134
-108
-54
-90
-112
-90
-77
-79
-43
-47
-63
-10
-20
2
24
40
36
114
115
105
77
78
78
88
61
93
81
40
12
-35
-22
-47
-3
-2
-2
-50
-52
-48
-95
-45
-75
-102
-161
-180
-194
-244
-211
-213
-174
-198
-169
-172
-231
-199
-183
-162
-149
-169
-185
-155
-127
-130
-57
-54
-29
-14
40
24
5
28
-6
15
3
-57
-58
-27
-2
41
26
47
49
-29
-3
-26
-75
-64
-89
-72
-100
-98
-158
-167
-172
-158
-188
-169
-143
-124
-155
-186
-147
-161
-184
-182
-162
-173
-165
-170
-188
-178
-170
-195
-155
-144
-104
-109
-138
-133
-118
-83
-140
-132
-84
-24
-7
1
20
23
12
-9
4
-12
-28
29
47
37
76
95
73
26
14
-28
-34
-47
-79
-63
-53
-30
-65
-42
-70
-80
-106
-133
-137
-159
-174
-152
-139
-120
-110
-135
-125
-127
-154
-140
-111
-69
-3
12
13
5
47
54
38
48
7
60
20
13
-27
-46
15
-11
-46
-67
-99
-137
-154
-129
-130
-166
-149
-107
-118
-149
-138
-150
-138
-133
-175
-195
-241
-256
-255
-254
-269
-240
-176
-136
-132
-160
-126
-73
-59
-38
-60
-76
-65
-58
-21
10
-16
-16
1
71
32
-47
-1
-18
8
-15
-23
21
-8
-5
-1
-30
-51
-5
-16
-30
-29
-46
-23
-52
-48
-41
-101
-114
-125
-132
-112
-90
-19
-42
-95
-99
-114
-114
-112
-118
-137
-200
-180
-179
-153
-109
-148
-118
-121
-122
-116
-85
-95
-114
-42
-43
-74
-28
-67
-76
-82
-74
-15
-9
52
49
58
80
79
51
60
83
50
46
35
52
10
6
-51
-124
-115
-115
-126
-152
-190
-177
-138
-190
-210
-209
-222
-196
-202
-242
-269
-278
-263
-244
-250
-247
-267
-256
-231
-182
-170
-183
-178
-157
-59
-66
-49
-35
-46
-43
-41
-15
20
92
120
172
176
151
173
115
134
166
139
166
194
182
152
136
74
88
78
38
28
-13
13
-28
-76
-40
-58
-56
-77
-124
-92
-73
-116
-121
-72
-75
-70
-82
-54
-14
-28
-11
23
50
50
31
42
77
57
95
91
84
102
108
110
68
66
94
100
124
117
105
145
99
121
93
105
52
16
36
19
43
12
-24
-44
-30
-48
-107
-106
-93
-164
-185
-222
-195
-260
-259
-195
-227
-168
-154
-164
-151
-175
-114
-66
-81
-67
-93
-25
-23
-58
-39
-10
35
72
104
99
145
109
139
124
125
146
143
164
120
149
176
160
209
215
195
225
228
183
164
161
154
144
113
147
168
109
156
135
113
91
49
63
57
57
89
74
72
85
51
119
122
116
116
114
78
39
100
92
92
145
182
191
181
191
209
205
197
220
233
219
193
178
198
179
177
180
207
179
202
196
132
157
194
221
191
176
172
174
134
94
78
71
55
25
47
3
-15
-6
-4
-16
-12
-4
34
-3
-2
32
69
103
52
52
30
39
45
41
25
12
55
58
118
102
126
134
159
137
98
171
144
169
182
194
161
186
186
170
187
187
168
132
151
179
169
180
192
163
177
144
160
165
205
190
209
223
219
256
249
293
291
334
334
263
293
333
314
321
308
327
317
327
368
347
324
304
356
319
236
219
233
222
194
184
154
166
145
134
181
132
147
153
103
127
140
163
134
126
159
72
112
91
117
137
33
101
126
100
120
158
161
109
144
164
149
198
173
156
126
129
154
138
124
117
142
188
183
191
179
151
170
189
204
156
157
152
156
156
133
153
98
100
95
45
85
92
100
123
142
149
149
95
102
149
136
125
158
198
223
224
161
172
165
183
145
197
225
209
250
230
265
267
275
276
336
298
379
375
377
359
330
341
354
339
355
288
272
316
267
297
288
248
262
263
214
211
215
182
206
177
144
154
109
117
73
73
54
82
83
118
147
147
121
120
110
109
120
96
82
56
63
48
86
68
88
92
86
144
117
123
149
167
139
184
194
225
267
192
227
225
217
207
195
201
200
182
159
145
141
153
147
173
156
164
151
195
191
159
165
173
146
138
147
125
166
159
158
122
147
142
141
121
146
183
148
147
156
179
179
206
183
180
183
160
199
194
150
122
101
102
85
152
174
169
133
123
130
130
150
134
50
69
118
95
119
135
136
142
166
167
118
90
125
121
85
118
93
99
119
149
168
132
139
123
139
84
69
55
47
63
42
43
16
28
44
50
58
62
114
84
96
131
91
115
89
110
100
53
32
61
83
77
63
48
57
66
98
143
140
155
174
143
145
149
161
140
106
117
162
135
145
137
105
137
131
157
154
116
154
181
142
140
151
130
158
155
137
153
125
170
218
209
200
198
213
197
179
215
219
206
223
196
146
149
215
170
163
97
69
48
32
44
32
47
34
56
22
64
64
56
47
49
71
44
72
91
114
88
54
14
50
-6
75
51
47
116
107
157
127
172
142
155
131
125
136
175
158
127
181
161
162
136
97
129
140
98
125
64
64
103
103
133
128
106
125
117
104
112
94
60
62
84
57
100
102
84
101
89
94
94
38
23
52
67
59
52
73
101
92
61
109
139
140
85
110
115
126
113
107
117
75
115
160
141
114
159
174
153
128
135
166
193
161
181
182
128
194
200
181
176
151
175
141
119
98
87
58
46
40
7
43
53
-19
-42
-55
-91
-58
-52
-45
-25
-54
-28
-7
-6
12
4
49
61
64
94
72
88
27
36
66
70
36
61
86
117
135
74
153
111
162
160
142
189
140
184
206
161
151
133
146
160
86
68
81
116
72
120
134
103
142
110
98
108
110
54
26
14
20
9
41
76
65
47
28
64
54
91
121
132
108
120
148
102
127
161
184
129
102
102
130
113
123
142
155
124
94
99
96
97
94
109
108
115
124
106
76
89
66
51
71
40
35
23
1
7
28
-7
31
47
26
57
-14
4
67
50
49
22
-1
53
48
25
6
18
-20
-12
45
33
50
47
31
83
90
85
78
36
67
59
33
68
73
74
66
31
7
-30
-3
-4
-8
7
53
75
59
66
84
54
73
56
75
107
93
82
125
131
82
117
143
123
120
110
123
116
114
155
125
163
172
157
167
200
207
224
192
146
181
168
147
140
86
71
45
26
34
62
93
75
47
64
34
16
48
47
57
94
85
94
147
103
82
41
50
23
3
9
13
26
-1
29
41
27
20
30
14
27
-12
-12
5
25
22
52
89
48
67
48
83
120
101
86
65
50
67
76
38
96
74
104
119
51
74
50
99
102
118
86
63
72
94
45
64
36
-6
12
65
67
82
82
94
109
89
95
84
103
91
77
101
73
83
119
112
131
124
91
62
81
60
63
32
28
29
38
11
34
57
79
68
51
18
3
13
-43
-16
-1
-11
-15
-12
-7
19
-4
-38
-22
-58
-84
-71
-38
-8
-22
-12
-45
-16
-6
32
39
72
87
78
104
102
75
34
-24
-24
-63
-87
-99
-60
-69
-42
-31
-77
-71
-83
-40
-56
-56
-107
-94
-42
-24
-24
-3
-31
-38
-32
-29
-42
-81
-39
-34
-22
-21
-26
-3
28
21
52
50
4
27
41
3
22
37
16
25
-8
19
-9
-24
-16
-53
-40
-40
-64
-65
-94
-47
-64
-101
-24
-3
-4
-7
-11
12
15
30
-20
-55
3
12
46
88
56
47
75
84
80
41
58
60
59
35
21
24
66
33
22
96
68
11
4
-19
-50
-54
-70
-71
-67
-67
-45
-62
-74
-124
-134
-142
-113
-57
-106
-139
-128
-97
-86
-76
-28
-41
-44
-34
-55
-40
-7
-20
-49
-101
-67
-102
-97
-122
-127
-80
-80
-52
-85
-52
-49
-38
-33
-28
-4
-24
-24
-40
-92
-70
-48
-71
-78
-127
-40
20
38
27
-1
20
15
-45
-17
24
-44
-31
-37
-20
-14
-4
-13
-37
-6
-56
-42
-54
-66
-43
-13
-16
-29
14
-43
-4
-9
-23
-14
-31
-20
-11
-9
3
3
-3
-24
-29
-1
25
42
52
27
59
20
28
32
60
78
92
63
48
60
39
43
39
20
-1
60
70
56
66
60
13
24
39
-12
-32
-31
11
-32
-21
-80
-59
-61
-114
-94
-54
-13
-28
-22
-27
8
-46
-54
-45
-66
-19
-60
-43
-57
-47
-73
-77
-57
-51
-79
-89
-86
-88
-89
-111
-113
-100
-79
-75
-5
-22
-70
-48
-41
-38
-14
-42
-98
-28
-55
-43
-55
-81
-33
-32
-27
-65
-40
-101
-88
-50
-56
-104
-80
-52
-13
-10
-41
-26
-79
-61
-41
-114
-131
-133
-124
-117
-100
-87
-83
-79
-83
-59
-93
-112
-73
-70
-81
-45
-52
-66
-80
-95
-55
-42
-15
-11
-39
13
-21
-24
-28
-45
18
32
-14
7
4
-20
-5
-28
-62
-76
-72
-117
-104
-117
-112
-132
-154
-176
-162
-102
-103
-125
-138
-140
-198
-222
-237
-231
-215
-230
-240
-157
-129
-112
-89
-96
-93
-90
-84
-58
-39
-41
8
13
34
17
3
-3
-42
-39
-31
-42
-4
-9
-8
-8
-23
-32
-21
-9
-37
-9
13
29
7
20
-11
-4
-18
-26
-29
-31
-45
-49
-11
-5
-7
-15
-23
-19
-55
-49
-34
-20
-51
-58
-69
-81
-69
-115
-146
-122
-130
-143
-121
-144
-136
-172
-128
-115
-111
-128
-122
-46
-20
-47
-78
-89
-52
-63
-63
-52
-49
-57
-62
-53
-71
-93
-120
-113
-107
-109
-149
-153
-115
-154
-120
-137
-126
-75
-91
-100
-134
-100
-76
-117
-95
-129
-114
-80
-95
-77
-65
-55
-54
-40
-35
-64
-111
-118
-142
-55
-61
-50
-49
-58
-65
-45
-15
-8
3
-16
8
-34
5
-58
-59
-88
-121
-82
-101
-143
-79
-123
-149
-120
-152
-102
-90
-105
-119
-81
-72
-68
-108
-65
-39
-73
-78
-39
-81
-10
-30
-85
-5
-12
-22
-35
-51
-52
-13
-19
-47
-4
-47
-46
-2
-15
-44
-112
-96
-127
-172
-116
-54
-59
-75
-48
-36
-58
-59
-102
-137
-120
-110
-169
-153
-116
-176
-177
-164
-160
-155
-115
-127
-114
-46
-94
-121
-43
-42
-42
-52
-102
-70
-67
-42
-12
-2
-16
-28
6
-29
-14
6
10
35
52
54
87
81
61
35
42
52
92
59
73
62
22
23
28
44
6
17
30
45
66
26
0
36
1
30
29
40
18
-16
-39
-84
-84
-113
-126
-120
-94
-81
-71
-48
-55
-39
-55
4
34
-4
40
5
14
45
52
13
38
56
51
107
107
52
103
105
69
111
104
97
121
91
72
116
98
80
80
71
-4
11
-79
-105
-96
-89
-66
-69
-37
-95
-81
-72
-56
-38
-35
-32
-15
-47
-56
-82
-102
-73
-118
-75
-58
-90
-35
-2
-23
-9
-27
-23
18
-1
-14
-22
-45
-60
-50
-71
-98
-73
-60
-39
-106
-38
-43
-17
21
-39
-7
-10
18
15
43
11
41
93
50
64
76
86
53
68
37
21
56
84
125
131
145
158
162
138
128
97
80
96
73
92
47
11
18
26
7
-14
-36
-10
-7
-6
30
22
27
40
53
88
30
62
61
33
37
41
83
75
63
42
82
131
144
108
126
136
105
136
128
105
61
51
8
57
35
9
37
21
32
26
33
10
-10
15
52
26
51
4
3
-4
-4
39
14
50
47
75
91
87
77
67
68
79
51
80
79
46
55
29
25
9
29
17
54
8
11
34
36
56
37
31
34
27
45
56
32
13
-23
-8
-28
-5
17
-2
27
36
14
37
76
79
73
18
36
50
50
94
38
80
80
67
139
108
91
49
102
82
72
82
41
74
49
31
-2
-57
-38
-87
-105
-76
-107
-82
-72
-60
-26
-18
-13
-32
-32
-15
19
26
52
26
-4
36
-14
-21
-6
10
55
48
47
14
16
-32
-77
-55
-114
-71
-79
-66
-45
-59
-57
-65
-82
-73
-22
5
-22
-68
-40
-28
-17
21
-26
11
5
23
107
59
51
47
71
151
129
110
115
86
107
103
106
98
116
117
135
107
73
68
70
65
68
65
66
48
54
61
56
62
60
42
28
24
-12
47
53
14
39
21
0
-11
-15
-9
-14
-27
-57
-15
25
26
76
44
2
11
27
17
56
91
78
49
66
67
47
44
48
52
28
36
38
28
73
121
117
107
152
168
130
128
84
58
48
45
11
-2
35
19
15
40
69
39
23
32
10
11
4
-51
-37
-42
-36
-47
-39
-29
-30
-18
12
28
31
16
53
58
92
123
114
135
120
141
148
145
134
116
115
119
116
155
135
104
105
69
53
39
68
21
26
32
10
-51
-17
-32
-38
-34
-49
-19
-19
-2
0
-8
8
38
3
2
-20
-9
7
8
-32
-47
-49
-87
-69
-14
-26
-1
69
54
18
48
21
45
83
50
24
52
2
-31
-8
-38
-62
-74
-27
-6
-11
-11
20
29
33
32
16
-17
8
21
-10
-3
-15
18
18
-20
-11
-14
-5
27
50
47
44
31
50
35
10
29
-19
-45
-38
-28
-14
-34
10
78
25
-4
45
40
45
83
78
60
54
111
131
110
85
21
13
93
51
36
42
43
62
33
78
58
49
90
59
30
78
62
108
123
62
49
8
-3
-24
43
-22
-14
64
30
14
-4
21
-10
-35
-37
-71
-77
-33
-59
-69
-39
-35
-47
-96
-108
-100
-123
-131
-122
-119
-100
-85
-89
-91
-49
-41
-29
24
12
21
2
14
20
4
6
-18
-46
10
14
9
17
90
93
100
106
54
71
21
10
1
-11
-39
-35
-90
-106
-82
-86
-67
-91
-132
-67
-57
-39
1
-79
-77
-43
-34
-57
-89
-120
-89
-105
-50
-25
10
15
27
11
28
12
-8
10
-4
2
19
14
13
31
10
43
59
55
67
72
49
13
69
72
64
117
103
84
54
40
27
8
-72
-122
-110
-91
-110
-125
-110
-120
-98
-90
-58
-82
-51
-52
-77
-72
-103
-97
-103
-91
-112
-118
-164
-146
-128
-131
-39
-36
3
11
14
6
-11
-5
-4
-21
-32
-53
-61
-56
-71
-135
-177
-181
-161
-116
-131
-95
-100
-96
-71
-28
20
17
2
-21
-42
-50
-28
-50
-96
-158
-173
-142
-112
-118
-143
-71
-99
-63
10
-6
-38
-86
-47
-34
-37
-31
-61
-50
-48
-104
-67
-61
-41
-31
-36
-22
8
28
26
16
16
7
-5
19
4
-24
-18
-49
-39
-62
-80
-84
-66
-61
-75
-67
-70
-76
-96
-96
-129
-128
-130
-126
-148
-149
-165
-218
-187
-189
-194
-199
-183
-132
-150
-146
-131
-114
-97
-84
-61
-97
-86
-53
-91
-94
-67
-30
15
0
42
92
60
60
-14
-80
-74
-61
-83
-121
-89
-72
-52
-83
-59
-118
-116
-61
-63
-71
-77
-52
-82
-97
-79
-51
-25
-6
-37
-45
-28
-41
-86
-134
-74
-65
-84
-46
-67
-40
-36
-31
-55
-53
-71
-66
-76
-60
-26
-76
-29
-29
-44
-26
-80
-112
-110
-138
-110
-69
-48
-86
-73
-77
-45
-54
-37
-64
-53
-57
-32
-18
-50
-20
-14
-4
-28
-21
-11
0
-25
-6
-13
-15
-21
-64
-68
-2
28
22
9
-11
-20
27
27
26
65
70
17
-10
-19
-35
-43
8
13
22
26
13
24
6
-22
-30
-42
-52
-52
-69
-54
-62
-34
3
-18
-23
-9
-6
14
37
-11
12
-36
-30
-36
-89
-25
-13
-34
-91
-111
-58
-54
-116
-127
-119
-93
-116
-111
-102
-150
-137
-152
-135
-109
-121
-97
-103
-86
-85
-85
-64
-95
-100
-55
-81
-82
-63
-44
-33
-62
-36
-58
-72
-115
-103
-89
-157
-116
-110
-79
-94
-58
-83
-99
-79
-109
-87
-118
-51
-73
-55
1
-47
-23
-15
-24
-18
-16
-13
-36
20
-66
-65
-26
-43
-35
-24
-29
-42
-9
-17
32
43
37
44
3
7
34
39
2
-38
3
27
-5
-9
7
-1
4
-47
-51
-31
-75
-58
-62
-114
-92
-70
-42
-73
-54
-75
-76
-57
-75
-35
-101
-117
-131
-116
-113
-117
-74
-69
-46
-43
-102
-88
-84
-112
-140
-103
-35
-54
-72
-19
-21
-83
-47
-40
-46
-22
-50
-40
-16
-40
-48
-8
-24
-29
13
-41
-2
24
46
86
54
44
74
91
40
67
92
49
43
47
-9
29
32
13
30
-23
-79
-76
-84
-122
-90
-91
-66
-67
-30
-58
-19
1
-20
-39
-97
-102
-147
-147
-144
-120
-109
-125
-111
-120
-112
-125
-113
-168
-137
-91
-119
-73
-48
-92
-94
-67
-110
-95
-49
-42
-44
-24
-33
-11
-4
16
49
38
5
-5
13
72
82
117
68
24
9
-39
-33
-51
-60
-62
-47
-46
-97
-90
-135
-103
-34
-64
-25
-40
-31
-36
2
-13
-74
-29
-51
-21
-27
-35
-58
-56
-37
-35
-52
-62
-12
7
0
-21
-1
-2
-40
-72
-52
-68
-55
-8
-18
-15
-10
-32
-55
-52
-42
-18
-66
-88
-7
-19
-7
-30
-50
-31
-17
-18
-15
29
-5
21
-19
-41
-37
-58
-32
-42
-37
-11
-28
-7
-59
-68
-63
-84
-48
-80
-69
-49
-22
-38
-21
-20
-46
-35
-51
-43
-8
24
10
1
-9
10
-11
-12
-5
-16
8
5
-11
-7
13
31
40
48
64
25
68
33
21
-28
-33
-36
-16
25
17
51
3
12
-24
-38
-37
-59
-61
-34
-37
-33
-19
-17
-11
-8
-14
-18
3
36
-32
-92
-41
-39
-66
-85
-50
-44
-21
-70
-43
-15
-84
-63
-81
-53
-13
-24
-49
-33
-28
-43
-53
14
5
-15
3
-36
7
33
48
45
33
13
-3
-46
-52
-24
-44
-30
-26
27
59
22
25
-11
-81
-152
-113
-79
-81
-84
-12
-12
51
66
51
41
52
102
34
22
34
22
6
57
74
43
54
44
58
89
100
79
101
183
175
180
164
165
144
142
133
73
122
125
90
51
99
40
17
71
21
79
73
92
161
134
153
133
81
89
51
104
43
31
22
2
32
-7
49
41
48
103
124
140
153
121
194
178
199
239
224
258
217
261
199
183
158
150
207
194
229
210
165
161
90
67
45
106
100
27
4
-14
-50
-76
-23
-28
-25
-70
-16
-26
-15
-50
-28
3
-52
-46
-60
-42
8
-33
15
30
83
70
65
125
137
129
135
142
178
223
197
203
198
181
158
175
156
219
230
223
198
130
107
114
118
87
96
86
60
69
63
47
43
66
29
29
68
45
92
104
113
54
66
19
10
85
42
15
18
51
19
14
47
50
38
27
47
99
116
123
148
163
108
67
68
80
132
63
49
64
2
51
100
107
114
115
153
188
210
161
123
108
47
101
71
98
125
57
44
45
18
30
35
56
62
22
47
11
-12
38
27
-32
-24
-59
-64
-23
-20
-34
-44
-15
-44
-59
32
61
63
119
108
137
152
145
155
131
134
133
131
71
77
49
31
47
82
134
105
109
164
131
126
80
55
65
50
32
65
33
36
45
18
-15
-31
-28
-25
-29
-32
-41
-80
-57
-95
-103
-92
-72
-47
-71
-91
-65
-105
-81
-93
-139
-52
-62
-19
-29
-33
-22
-60
-11
-15
12
45
30
34
17
12
27
12
-17
-11
-21
30
-10
2
45
17
47
20
47
44
-39
-29
-29
-68
-55
-29
-12
-5
32
47
12
-17
-86
-78
-104
-120
-91
-70
-76
-98
-105
-129
-116
-103
-100
-70
-83
-101
-90
-119
-120
-117
-130
-98
-61
-33
-11
-27
-19
2
6
8
23
-27
-43
-26
-5
-33
-66
-89
-93
-56
-85
-66
-56
-51
-31
-32
-71
-72
-48
-61
-88
-112
-104
-140
-141
-113
-147
-177
-174
-146
-119
-146
-122
-147
-132
-96
-115
-74
-78
-45
-16
-46
-49
-51
-43
-31
-25
31
12
26
21
38
26
17
19
29
20
-12
-31
-12
-50
-28
-22
-77
-46
-42
-8
-24
-4
4
-25
-23
-18
-32
11
-33
-76
-35
-115
-68
-42
-57
-96
-142
-145
-138
-111
-124
-145
-99
-112
-90
-70
-100
-24
-35
-17
-32
-55
-39
-26
-76
-54
-37
-8
-5
6
42
27
1
-1
-11
-29
-28
-68
-86
-69
-69
-58
-46
-105
-102
-71
-73
-85
-118
-143
-152
-178
-215
-158
-163
-149
-142
-175
-173
-148
-132
-100
-101
-190
-177
-162
-126
-106
-114
-113
-105
-71
-76
-41
-71
-27
0
-42
-19
20
20
6
-5
33
21
50
66
63
35
47
11
-23
-23
-65
5
-12
9
7
3
-17
-17
-47
-46
-52
-80
-101
-139
-139
-155
-136
-116
-134
-140
-120
-143
-212
-180
-176
-194
-178
-206
-159
-148
-191
-178
-200
-195
-223
-157
-117
-107
-56
-53
-84
-34
-26
-19
0
9
-6
0
15
-28
-40
-85
-21
-76
-69
-48
-60
-49
-25
0
-15
-48
-52
-14
-27
-46
-51
-95
-87
-96
-120
-157
-205
-187
-179
-168
-178
-185
-182
-195
-195
-202
-196
-167
-167
-177
-139
-117
-97
-96
-122
-119
-145
-145
-115
-83
-68
-28
-29
-35
-35
11
32
27
25
50
34
-18
-13
70
18
-26
-40
-69
-58
-75
-89
-109
-122
-123
-89
-157
-128
-151
-160
-157
-173
-188
-204
-145
-155
-149
-172
-141
-192
-182
-158
-232
-210
-237
-202
-198
-176
-134
-106
-88
-126
-104
-125
-151
-155
-100
-118
-100
-107
-110
-106
-88
-80
-99
-55
-39
-42
-8
8
5
7
-81
-130
-137
-182
-170
-148
-165
-140
-121
-101
-96
-64
-85
-88
-48
-68
-34
-30
-45
-62
-81
-54
-71
-64
-47
-35
-94
-106
-122
-111
-115
-152
-165
-161
-147
-110
-136
-121
-61
-72
-107
-89
-117
-150
-130
-117
-136
-124
-113
-116
-83
-65
-58
-36
-35
-5
28
28
78
72
72
62
66
4
0
-3
-25
-18
-34
-45
-43
-37
-64
-3
-6
17
-4
-35
-52
-81
-103
-110
