SAMPLES:	17564
BITSPERSAMPLE:	16
CHANNELS:	1
SAMPLERATE:	16000
NORMALIZED:	FALSE
35
17
84
78
30
49
19
3
21
34
62
67
87
119
138
163
162
175
147
65
95
43
23
39
-1
9
-8
-19
9
12
-56
-17
-57
-69
-56
-76
-62
-57
-22
-88
-80
-89
-60
-64
-65
-94
-75
-87
-68
-48
-98
-53
-8
48
21
34
29
-3
-44
9
-12
-10
19
19
50
88
138
123
149
128
110
102
51
53
68
42
44
63
35
91
71
21
22
26
45
14
29
72
12
-7
36
-13
-70
-82
-33
0
-6
11
19
21
-69
-26
-23
-47
-14
-20
-23
-13
11
-31
-56
-44
-53
-60
-24
-57
-87
-51
5
18
5
-13
4
-28
-26
12
-5
27
17
-45
-71
-87
-52
-55
-40
-55
-122
-134
-154
-142
-97
-178
-174
-163
-154
-135
-145
-141
-171
-190
-152
-193
-216
-214
-199
-186
-227
-187
-131
-122
-124
-122
-126
-87
-47
-3
-34
-18
28
50
60
-8
36
28
-16
-21
-49
-15
-39
-43
-35
-65
-17
-27
-36
-84
-107
-48
-97
-136
-167
-147
-158
-174
-192
-207
-214
-258
-211
-196
-223
-221
-244
-219
-208
-200
-208
-207
-210
-225
-232
-208
-283
-282
-272
-246
-246
-262
-252
-254
-209
-192
-173
-165
-186
-169
-139
-111
-61
-52
-44
-33
-7
8
-29
-29
-21
-45
-111
-113
-136
-192
-168
-177
-172
-142
-161
-215
-193
-201
-205
-195
-201
-200
-218
-202
-196
-213
-186
-157
-182
-205
-194
-212
-237
-256
-233
-261
-220
-239
-231
-194
-171
-178
-148
-127
-170
-115
-87
-86
-60
-118
-91
-103
-127
-161
-195
-151
-130
-121
-145
-119
-138
-112
-88
-87
-93
-63
-47
-88
-85
-154
-150
-136
-172
-251
-261
-293
-307
-300
-314
-268
-243
-213
-190
-182
-138
-131
-130
-182
-195
-165
-141
-158
-207
-246
-244
-237
-260
-238
-280
-324
-330
-322
-282
-240
-234
-214
-203
-160
-160
-122
-181
-177
-160
-177
-208
-217
-198
-241
-267
-205
-170
-191
-209
-224
-210
-179
-169
-148
-132
-96
-77
-70
-9
-25
-19
-53
-15
-17
-39
-27
-82
-40
-48
-98
-102
-86
-92
-85
-100
-116
-146
-159
-125
-137
-180
-160
-124
-131
-128
-160
-145
-138
-132
-127
-138
-152
-176
-224
-200
-184
-171
-173
-180
-179
-212
-239
-220
-184
-300
-248
-223
-230
-235
-296
-271
-211
-217
-217
-188
-141
-77
-75
-100
-71
-80
-110
-83
-110
-112
-120
-103
-68
-68
-77
-72
-75
-107
-71
-64
-48
-1
-10
-59
-49
-37
-123
-150
-183
-224
-229
-222
-205
-214
-214
-208
-171
-140
-123
-128
-118
-114
-112
-79
-110
-106
-41
-94
-113
-92
-92
-119
-176
-199
-245
-229
-215
-212
-194
-215
-205
-213
-198
-191
-195
-201
-201
-233
-231
-267
-258
-244
-291
-251
-217
-227
-238
-217
-256
-233
-274
-238
-234
-232
-181
-208
-220
-240
-215
-211
-227
-209
-170
-113
-120
-146
-125
-163
-117
-129
-103
-145
-170
-132
-157
-137
-167
-146
-94
-107
-106
-134
-102
-112
-120
-118
-161
-200
-223
-205
-214
-216
-214
-267
-258
-193
-203
-172
-159
-142
-99
-142
-133
-133
-139
-121
-131
-129
-140
-120
-105
-121
-132
-153
-126
-149
-130
-136
-215
-161
-172
-139
-79
-121
-105
-94
-90
-121
-136
-132
-181
-176
-141
-160
-135
-91
-101
-128
-120
-141
-146
-199
-205
-176
-184
-167
-132
-111
-143
-161
-169
-182
-180
-217
-197
-170
-168
-168
-161
-153
-137
-105
-135
-143
-97
-40
-21
-29
6
67
106
99
117
157
141
101
99
135
137
107
135
121
50
33
32
46
45
67
-27
-51
-11
-28
-38
-65
-86
-110
-126
-150
-168
-211
-216
-193
-151
-162
-148
-131
-166
-131
-159
-107
-57
-76
-78
-72
-92
-85
-57
-50
-53
-59
-79
-78
-65
-84
-132
-120
-95
-102
-91
-101
-58
-69
-70
-49
-62
-26
-57
-59
-59
-2
-15
20
16
-41
-39
-11
32
3
25
31
91
102
86
69
62
89
87
43
33
20
-8
-17
-39
-2
16
-53
-24
-53
-60
-58
-28
-15
-59
-41
-44
-56
-3
52
27
15
19
73
76
90
85
71
55
47
105
131
109
117
109
104
87
144
168
171
191
167
126
119
105
80
65
77
79
88
119
112
133
120
95
111
46
16
40
31
45
40
87
58
64
114
137
153
174
183
152
162
151
165
161
136
101
149
92
101
105
96
90
51
73
59
79
45
17
27
57
48
77
85
78
58
51
46
43
77
38
59
91
128
168
140
185
130
150
166
188
160
129
122
112
123
116
129
144
174
124
141
142
104
116
55
30
25
6
12
46
-2
-14
36
42
79
80
71
91
84
49
114
101
49
66
105
113
92
109
113
78
70
118
87
42
39
58
14
20
86
93
92
163
198
143
176
206
161
181
164
166
177
180
171
197
221
184
185
186
234
295
286
277
271
292
266
271
269
256
309
297
306
314
343
363
291
320
308
263
255
224
248
238
238
228
178
132
93
98
78
77
123
66
88
118
133
135
119
165
167
167
175
125
151
171
117
171
176
149
162
178
211
248
236
275
254
254
283
290
292
319
312
319
364
402
419
401
450
389
338
317
377
365
297
254
268
290
273
267
187
186
209
235
256
253
270
254
329
287
263
293
262
298
316
304
296
237
208
219
194
228
238
218
200
202
217
211
278
304
257
275
285
273
287
264
273
240
259
214
172
201
161
154
130
147
157
130
178
196
185
189
211
169
150
108
130
155
120
115
97
88
89
63
61
104
80
140
183
127
89
130
168
236
270
251
216
166
193
217
230
226
219
291
290
280
307
301
288
267
319
280
278
327
276
300
280
265
287
299
279
258
262
248
236
231
217
222
184
164
163
173
182
160
121
70
96
87
73
73
60
36
30
50
64
50
87
37
-2
-24
3
33
69
126
139
160
162
161
181
202
199
210
222
184
166
239
178
204
222
232
241
253
313
280
276
270
252
244
224
234
241
154
157
206
174
198
216
216
251
256
247
285
330
333
319
323
293
298
325
325
284
279
305
302
330
332
322
351
308
346
350
346
326
325
329
296
262
209
164
159
158
160
186
164
196
173
149
158
163
174
147
145
100
108
98
46
28
21
33
26
95
55
38
79
122
166
192
231
228
136
136
119
83
96
32
53
72
82
83
107
130
147
171
166
135
148
151
166
199
196
232
255
235
272
270
247
281
270
320
305
264
277
220
274
240
258
273
253
239
185
165
111
107
104
60
37
60
14
-10
30
17
0
16
25
35
24
7
53
62
49
58
99
113
146
164
149
144
174
160
94
126
129
81
93
144
163
144
140
91
68
82
111
128
86
139
98
67
62
55
52
32
90
55
116
145
115
144
176
144
181
177
157
207
185
259
210
178
147
118
161
94
111
72
80
54
24
27
-9
2
16
40
14
-3
28
1
-30
-18
-58
-98
-109
-112
-105
-131
-51
-71
-72
-58
-71
-29
-24
-27
-18
-42
-29
-24
-39
-29
-23
-53
-90
-75
-71
-73
-107
-96
-127
-90
-90
-103
-64
-70
-74
-115
-97
-65
-68
-81
-124
-109
-100
-177
-212
-187
-187
-191
-216
-186
-158
-150
-155
-115
-149
-124
-103
-139
-173
-187
-182
-195
-153
-134
-136
-134
-101
-119
-73
-68
-86
-52
-49
-81
-60
-48
-102
-141
-98
-161
-114
-101
-87
-84
-148
-123
-120
-114
-136
-143
-148
-143
-155
-190
-188
-204
-247
-278
-309
-341
-345
-327
-303
-299
-323
-302
-353
-355
-287
-302
-278
-236
-188
-214
-239
-202
-224
-238
-182
-166
-180
-152
-136
-102
-98
-111
-51
-45
-2
18
-77
-94
-103
-105
-104
-80
-135
-176
-177
-208
-173
-166
-160
-224
-231
-218
-222
-188
-229
-230
-215
-214
-243
-225
-247
-218
-211
-194
-177
-207
-229
-252
-239
-205
-192
-167
-149
-168
-91
-83
-121
-97
-98
-93
-91
-61
-47
-34
-17
-51
-51
-70
-68
-51
-56
-105
-127
-123
-123
-108
-109
-89
-98
-141
-141
-128
-171
-192
-182
-170
-186
-192
-153
-123
-160
-155
-152
-206
-162
-169
-195
-152
-169
-118
-63
-106
-87
-65
-69
-79
-75
-112
-119
-76
-53
-61
-67
-89
-127
-124
-134
-150
-130
-129
-120
-114
-49
-68
-118
-95
-89
-13
-69
-51
-35
0
10
-24
-61
-68
-66
-94
-52
-61
-118
-129
-140
-130
-125
-133
-159
-190
-187
-191
-183
-219
-183
-145
-135
-166
-151
-171
-146
-114
-127
-148
-139
-143
-152
-118
-173
-175
-152
-223
-210
-176
-130
-100
-118
-126
-112
-72
-62
-49
-43
-43
-21
9
66
85
34
35
31
52
41
-11
-12
-40
-46
-122
-118
-108
-128
-65
-57
-72
-40
-62
-33
-80
-111
-74
-66
-6
12
24
5
24
20
11
60
109
94
128
95
138
99
51
83
41
77
106
111
99
88
79
92
50
22
-14
8
-1
20
23
-9
-3
-67
-58
-89
-66
-40
-18
-5
-6
-50
-89
-119
-113
-127
-148
-81
-120
-80
-79
-116
-97
-116
-133
-177
-189
-128
-137
-126
-109
-98
-50
-66
-59
-6
-71
-91
-90
-117
-48
-24
1
45
43
16
0
16
-7
6
47
56
66
37
43
39
40
32
-4
5
21
38
51
32
9
39
24
61
62
42
84
41
42
36
-15
-27
-8
27
4
-12
-6
-6
5
36
28
-42
-31
-37
-22
-22
-9
-65
-85
-51
-64
-1
-29
0
0
-41
-17
28
31
64
55
29
98
62
79
54
71
85
64
62
53
41
42
32
12
-22
-66
-111
-111
-97
-78
-32
-17
21
41
-22
-39
-45
-86
-59
-43
-67
-55
-26
-6
39
15
46
35
28
110
106
164
146
140
136
127
170
167
163
176
177
139
159
193
188
163
130
100
81
102
90
126
112
79
28
59
91
55
94
57
72
79
66
1
-15
-34
-1
-8
23
19
-2
35
46
-16
-30
-58
-94
-79
-109
-39
-107
-44
-17
4
41
84
116
83
102
109
84
36
95
140
109
158
147
195
180
98
123
106
86
126
128
96
159
141
164
164
195
152
214
229
212
150
134
162
138
154
151
140
145
152
98
141
181
184
181
156
219
202
238
264
250
264
220
245
211
182
197
167
146
117
72
73
33
45
17
-9
-23
5
11
-42
-23
-19
12
13
33
-17
17
39
37
70
55
18
26
27
33
-13
2
-37
-61
-33
-30
16
50
87
51
79
67
109
149
231
269
317
272
293
304
252
239
160
136
106
127
115
123
118
96
83
42
130
120
81
130
94
79
128
155
84
28
66
93
138
182
205
153
146
122
136
148
167
147
183
203
135
117
104
103
82
71
96
106
74
112
81
95
66
119
106
99
110
82
82
67
84
32
73
39
44
41
88
126
88
155
154
202
180
203
196
137
148
147
93
100
114
60
100
28
-10
33
49
55
22
30
58
73
42
54
21
27
15
-11
-24
-5
-2
-41
-77
-58
-12
-43
-14
-19
-69
-25
8
-36
7
9
33
19
11
22
-12
29
40
67
61
83
119
157
169
167
230
202
199
211
186
119
103
87
50
46
46
24
-8
-8
-22
-33
-43
-61
-37
-93
-112
-108
-79
-98
-95
-72
-78
-67
-37
-6
-10
-48
-14
61
50
47
52
62
80
111
109
68
83
93
150
126
116
116
105
98
109
176
156
191
180
142
157
110
142
151
122
125
111
133
104
115
107
96
78
68
49
66
108
132
147
126
121
153
157
140
101
53
29
4
34
76
77
34
10
56
87
28
4
-26
-39
-34
-18
5
-29
8
20
16
23
26
22
-15
-6
6
60
26
40
76
91
113
109
137
156
150
119
91
60
16
-4
0
17
47
35
-17
-23
-48
-33
-44
-26
-23
-22
-26
-65
-56
-37
-25
3
-5
-13
43
26
-10
34
29
19
58
77
67
83
106
69
82
47
20
-11
45
41
21
46
16
4
1
0
22
-32
-14
-17
-55
-71
-90
-115
-118
-87
-76
-60
-75
-24
-15
-41
-4
25
39
31
67
75
93
48
36
71
128
150
127
134
117
112
83
42
25
33
11
32
-28
-70
-66
-58
-24
3
-2
-17
-26
-38
-51
-83
-61
-52
-41
-17
-61
-108
-88
-76
-120
-141
-104
-147
-109
-43
-35
-9
-3
8
25
29
24
4
-4
4
3
16
12
24
27
23
91
52
70
87
95
64
44
56
8
40
13
12
81
65
25
18
40
36
-23
23
38
34
35
15
5
-37
-8
-10
-69
-86
-33
-74
-93
-58
-42
-18
-23
11
27
31
23
19
55
26
-13
13
26
53
51
17
14
44
43
17
32
38
49
91
53
48
77
97
60
91
107
101
133
102
108
61
62
76
105
77
44
46
-6
-13
-25
-20
-4
-24
-12
-53
-52
-77
-116
-84
-69
-27
8
0
-61
-38
-21
-64
-64
-71
-45
-65
-83
-92
-42
-9
27
32
44
115
117
158
107
104
92
55
-8
-11
-9
5
10
-83
-69
-47
-66
-86
-39
-90
-141
-135
-146
-114
-138
-156
-152
-88
-103
-75
-123
-92
-57
-82
-41
-60
-46
5
38
-1
27
25
52
47
63
72
103
79
85
68
21
108
98
100
116
75
71
96
51
25
2
-56
-38
-48
-77
-63
-70
-123
-156
-140
-111
-141
-131
-116
-130
-109
-101
-103
-128
-112
-122
-121
-127
-127
-101
-118
-96
-100
-90
-102
-108
-142
-99
-112
-52
-74
-87
-51
-60
-77
-91
-54
-61
-102
-188
-133
-143
-176
-172
-135
-158
-125
-129
-114
-89
-80
-156
-163
-87
-71
-69
-90
-83
-51
-6
-18
-26
-21
-1
-27
13
31
-9
-4
-2
4
46
42
66
43
-21
-15
-51
-20
-84
-71
-106
-116
-97
-107
-103
-87
-68
-84
-76
-94
-148
-159
-111
-105
-116
-156
-159
-175
-151
-166
-128
-203
-163
-117
-112
-72
-127
-77
-72
-49
-48
7
-25
-28
-2
-2
-35
-36
-38
-65
-35
-73
-108
-92
-73
-90
-95
-32
-8
1
-35
-49
-2
-56
-13
-53
-63
-60
-28
-30
-56
-45
-72
-44
-72
-88
-92
-55
-81
-37
-27
-57
-55
-44
-41
-31
-1
-10
-22
21
-39
-16
30
-7
29
62
40
8
48
64
85
79
71
77
94
81
82
83
41
29
19
-1
-22
-13
0
-38
-90
-73
-49
-25
-43
-51
-71
-84
-89
-60
-91
-138
-140
-172
-167
-162
-166
-194
-151
-118
-142
-138
-164
-141
-101
-79
-72
-75
-122
-145
-133
-114
-108
-126
-146
-123
-161
-160
-154
-160
-160
-180
-206
-172
-184
-133
-88
-104
-89
-81
-70
-120
-91
-186
-195
-188
-195
-148
-124
-127
-173
-135
-107
-148
-115
-63
-53
-61
-34
-18
-30
-25
-63
-90
-50
-34
-49
-27
-19
-31
-66
-27
-50
-14
27
-25
-43
-60
-21
-35
-42
-34
-40
-35
-87
-66
-57
-102
-60
-68
-66
-92
-96
-106
-81
-77
-136
-90
-100
-84
-89
-49
-86
-86
-98
-50
-77
-90
-42
-98
-74
-59
-97
-163
-128
-130
-147
-188
-227
-213
-190
-191
-177
-181
-165
-151
-99
-82
-65
-76
-53
-34
-12
-12
-18
-2
15
26
36
76
37
46
28
39
42
64
56
108
118
87
68
57
50
8
72
51
43
11
-20
24
39
-59
-67
-78
-121
-118
-117
-109
-110
-126
-90
-110
-81
-75
-61
-87
-85
-101
-100
-117
-134
-88
-142
-130
-143
-151
-189
-196
-163
-140
-116
-134
-143
-99
-54
-112
-82
-101
-132
-87
-117
-115
-106
-107
-84
-97
-105
-109
-117
-83
-90
-25
-10
-45
26
35
69
63
-5
-12
-51
-70
-46
-81
-56
-45
-47
-45
-37
-43
-69
-88
-126
-134
-123
-99
-149
-147
-124
-113
-102
-112
-157
-155
-142
-163
-159
-160
-170
-124
-124
-115
-84
-83
-49
-48
-43
1
20
1
-38
-37
27
9
-1
-8
-4
-60
-62
-3
-12
-15
-74
-70
-82
-93
-114
-119
-132
-149
-185
-183
-164
-143
-91
-114
-101
-162
-166
-122
-128
-85
-104
-75
-97
-111
-90
-61
-38
-33
-39
-11
-55
-82
-72
-31
20
-4
-3
-31
-14
-25
-50
-15
18
-14
-32
-4
54
71
133
124
132
126
135
177
102
66
57
48
25
7
14
8
30
33
-13
-24
-32
-95
-86
-88
-87
-66
-29
-44
-28
-53
-81
-82
-64
-9
-22
5
15
30
45
71
57
49
68
73
91
48
32
1
33
2
7
-11
-36
-33
-34
39
6
-5
10
-7
-56
-36
-21
2
41
23
16
-6
-23
42
57
74
109
142
150
139
94
74
85
70
74
93
54
99
113
145
112
121
95
126
86
98
83
72
93
34
46
27
48
0
-19
8
6
-21
-70
-30
-46
-20
-39
-73
-89
-46
39
48
78
48
75
109
129
124
128
136
152
164
139
183
120
57
59
39
9
32
27
10
-12
-4
27
15
46
76
88
53
65
86
67
42
40
-11
-48
-39
-7
-17
24
44
107
97
72
100
166
176
131
146
127
95
139
174
125
94
109
100
85
112
54
68
42
37
76
107
101
86
123
65
125
91
93
105
104
70
123
167
97
136
153
158
123
111
192
137
121
174
128
124
170
115
96
119
129
141
168
167
178
209
178
229
204
193
187
194
216
243
248
253
253
248
257
263
236
252
256
269
291
256
309
324
291
272
266
271
275
237
207
204
152
127
127
63
63
1
-18
8
-93
-75
-89
-75
-79
-90
-56
-26
12
-1
32
63
92
171
225
212
251
243
214
228
229
182
156
177
159
155
121
118
141
110
117
95
5
-15
-3
17
19
6
-5
43
31
24
-2
-43
-17
-23
-11
26
20
55
101
64
101
123
100
158
169
172
159
187
209
199
221
226
215
215
198
166
125
159
146
91
90
40
20
36
-2
-17
-39
-34
25
27
84
52
15
15
10
55
28
68
105
119
148
140
160
161
125
127
118
95
111
98
72
88
98
124
106
154
140
72
49
66
76
68
101
85
107
46
54
29
46
65
35
34
31
37
28
30
13
44
43
63
43
57
76
100
81
51
48
17
-19
-10
17
-24
-11
-7
9
76
124
101
164
197
201
177
157
123
121
115
119
95
21
4
7
-21
-5
95
87
96
140
109
86
92
150
154
201
174
164
147
148
147
112
89
37
34
56
46
45
108
104
138
198
160
185
186
144
100
126
105
53
49
51
64
35
-3
40
34
41
-14
30
25
4
49
37
133
106
83
76
120
124
140
120
90
84
75
72
59
75
61
86
79
107
135
124
104
107
121
112
119
126
116
127
122
140
100
101
124
110
99
63
53
89
83
66
117
126
106
101
128
159
181
199
210
259
248
240
205
183
187
164
159
179
168
165
182
192
217
188
178
185
201
199
188
186
211
174
141
89
107
132
88
49
79
79
36
120
79
82
79
72
52
38
31
-22
26
-4
8
38
23
40
40
47
70
70
66
64
58
109
124
91
95
46
46
64
8
17
22
12
57
71
54
51
66
57
19
29
71
52
97
101
69
72
82
130
154
114
86
117
92
104
97
94
118
126
128
141
126
117
111
49
81
76
83
74
70
79
92
79
64
57
52
45
65
60
59
53
26
39
38
25
-21
8
-12
-12
-10
-21
-1
20
36
-13
46
60
36
49
79
91
100
135
162
143
144
143
73
98
47
85
101
96
101
69
109
74
99
104
136
160
113
113
104
125
152
134
120
140
101
101
144
134
129
163
191
145
153
123
121
156
160
213
226
219
192
156
130
131
106
61
75
150
195
171
164
138
89
127
139
108
95
80
82
74
87
81
112
80
66
39
78
66
56
61
39
40
12
54
27
31
40
102
124
119
126
120
155
136
125
151
130
158
156
113
130
148
158
148
124
168
194
153
162
160
166
177
119
191
152
129
96
120
159
110
99
122
136
133
119
108
118
172
188
150
140
176
138
139
181
178
136
160
164
145
217
244
235
172
205
213
208
219
204
203
160
153
128
137
138
132
126
97
100
89
96
39
71
60
54
51
36
23
9
-8
-73
-70
-76
-68
-90
-55
-13
-79
-90
-21
-32
6
8
-69
-78
-54
-66
-42
20
22
-20
33
72
69
49
83
139
73
77
142
138
121
134
150
176
131
156
144
127
157
113
140
111
74
88
90
84
96
73
47
11
-28
-13
4
-7
-18
13
-21
19
20
-17
22
-7
-16
0
4
31
10
53
55
21
54
79
68
88
134
160
118
94
71
53
65
75
68
39
47
28
99
117
108
126
129
115
152
144
140
148
65
102
74
77
57
85
86
76
83
54
77
93
90
80
96
93
107
122
95
107
81
86
109
153
170
120
115
122
83
149
135
134
152
141
128
130
93
70
61
23
15
3
6
-31
0
-21
-38
-39
-50
-72
-85
-74
-66
-74
-56
-39
-31
-4
-11
-8
26
16
-21
-9
24
32
36
29
54
86
114
115
111
116
164
129
147
93
69
42
12
30
-8
1
-24
-27
-45
-76
-135
-132
-129
-115
-117
-96
-70
-66
-31
-72
-70
-86
-125
-117
-124
-94
-103
-97
-47
-55
-16
2
37
24
55
125
83
68
64
115
47
-50
-82
-65
6
-28
-44
-47
-37
-63
-45
-67
-72
-79
-58
-37
-92
-71
-113
-141
-149
-143
-146
-138
-113
-85
-43
-93
-83
-46
-48
-76
-81
-24
-69
-60
-38
-38
-44
-31
-59
-50
-53
-56
-57
-78
-54
-62
3
-6
-36
6
15
9
9
20
4
40
83
67
39
71
34
25
-15
-37
-11
-51
-29
-63
-32
-70
-27
-49
-30
-61
-108
-113
-128
-129
-140
-106
-127
-148
-162
-158
-130
-67
-72
-72
-48
-91
-110
-139
-101
-110
-80
-78
-92
-110
-71
-65
-42
-46
-91
-80
-51
-68
-80
-71
-125
-142
-108
-54
-80
-81
-56
-47
-42
-11
3
-49
-128
-113
-125
-116
-108
-111
-108
-129
-70
-91
-115
-77
-45
-108
-91
-78
-89
-93
-56
-57
-76
-20
-57
-17
-9
-8
-13
-64
-36
-67
-87
-31
-54
-79
-81
-52
-59
-65
-46
-23
-35
-72
-52
-55
-6
-5
-27
-43
-65
-92
-120
-165
-172
-160
-211
-204
-171
-194
-168
-165
-199
-188
-178
-169
-157
-175
-184
-161
-174
-140
-96
-147
-143
-115
-100
-105
-99
-132
-79
-58
-98
-36
-29
-77
-113
-86
-138
-158
-152
-133
-164
-190
-264
-278
-218
-206
-183
-183
-162
-162
-166
-168
-187
-178
-163
-148
-166
-131
-118
-100
-116
-165
-112
-119
-80
-66
-35
-64
-70
-58
-77
-96
-51
-83
-106
-69
-96
-116
-80
-71
-135
-102
-210
-229
-215
-227
-215
-177
-160
-198
-226
-206
-193
-205
-178
-234
-221
-217
-155
-111
-140
-111
-128
-116
-140
-71
-59
-111
-142
-139
-156
-157
-149
-139
-160
-130
-132
-125
-48
-69
-85
-87
-74
-154
-129
-127
-151
-142
-146
-117
-170
-178
-120
-123
-78
-104
-81
-72
-91
-31
-18
-39
-40
-32
-50
-108
-111
-110
-76
-98
-124
-46
-84
-75
-70
-13
-23
-69
-37
-43
-29
-39
-90
-109
-136
-139
-149
-129
-147
-167
-135
-92
-125
-130
-128
-131
-139
-137
-80
-60
-124
-154
-164
-170
-130
-149
-161
-163
-176
-143
-132
-177
-136
-188
-199
-174
-145
-168
-213
-229
-244
-225
-259
-215
-231
-217
-209
-181
-181
-158
-134
-121
-86
-124
-128
-147
-121
-137
-131
-130
-114
-92
-89
-70
-70
-74
-76
-52
-40
-76
-46
-107
-110
-26
-95
-42
-36
-65
-15
-26
-78
-92
-83
-78
-77
-111
-107
-116
-107
-104
-125
-40
10
-68
-92
-39
-66
-67
-83
-94
-54
-81
-8
-5
-67
-42
-29
-14
-31
-31
-24
-92
-76
-115
-116
-82
-113
-119
-108
-130
-136
-114
-100
-196
-203
-205
-210
-170
-182
-153
-142
-153
-138
-123
-147
-150
-182
-217
-245
-223
-224
-241
-280
-298
-261
-220
-189
-203
-153
-162
-119
-98
-113
-112
-113
-123
-189
-170
-230
-228
-223
-244
-239
-256
-224
-192
-184
-129
-87
-81
-140
-108
-91
-105
-93
-106
-87
-111
-83
-42
-36
-38
-41
-22
-3
-16
-43
-26
-24
-28
-41
-73
-66
-128
-133
-145
-108
-83
-114
-145
-136
-150
-173
-152
-169
-252
-238
-239
-278
-265
-239
-214
-215
-205
-204
-189
-156
-130
-148
-146
-154
-164
-141
-125
-133
-112
-56
-43
-63
-61
-39
12
-31
-30
7
14
37
31
6
31
3
11
-2
-60
-45
-24
-38
-104
-77
-142
-151
-136
-129
-146
-211
-194
-201
-171
-180
-189
-169
-167
-178
-186
-199
-203
-202
-226
-177
-230
-182
-155
-174
-166
-200
-151
-149
-148
-152
-105
-103
-51
-12
-25
-15
-29
-16
-41
-44
-58
-90
-80
-87
-93
-87
-117
-91
-118
-146
-142
-147
-174
-179
-184
-129
-134
-137
-120
-114
-143
-159
-117
-112
-117
-118
-69
-100
-128
-117
-109
-110
-113
-151
-142
-100
-121
-148
-101
-115
-88
-34
-12
-40
-48
-33
-38
-33
-42
-5
-25
-49
-22
-19
-26
8
25
-17
-6
-23
-58
-38
-37
-51
-36
-6
24
9
12
37
13
-7
-44
-33
4
50
48
24
-3
-33
-46
-79
-100
-78
-37
0
30
-9
-31
-3
-1
12
-3
-3
-3
-13
-46
-49
-19
-41
-16
-71
-63
12
-7
7
12
-6
-25
-56
-64
-66
-71
-64
-15
-52
-25
-13
4
-41
-60
-16
-39
-48
-67
-34
-36
-55
-22
4
20
-35
40
16
-60
-31
-34
2
8
14
-11
-37
18
20
-8
12
39
29
4
-40
-67
-24
-34
-40
-64
-41
-18
5
-16
-6
35
95
89
106
141
158
174
174
116
122
164
129
177
191
162
143
80
103
118
66
80
99
124
106
150
95
111
38
59
51
-4
-19
-7
-50
-100
-52
-53
-70
-54
-2
-60
-38
-25
-34
-3
43
50
55
62
19
6
38
16
19
19
14
53
70
99
58
-1
79
51
86
98
87
106
123
194
170
182
148
119
77
71
85
105
97
46
13
46
8
6
21
81
115
100
94
53
79
31
36
8
-7
-54
-77
-99
-109
-82
-125
-135
-111
-137
-137
-88
-34
27
41
54
81
77
71
92
66
46
77
114
111
112
127
134
135
102
159
160
157
151
134
160
164
175
145
134
66
60
25
19
33
24
32
-10
-14
14
64
50
119
135
173
210
174
152
174
147
145
147
205
166
166
210
178
224
258
256
275
284
283
243
244
230
243
220
220
250
211
241
246
257
237
200
196
145
112
115
191
245
189
144
92
136
108
146
181
159
177
181
190
200
205
222
215
208
259
200
200
206
194
146
102
90
113
69
16
70
29
43
102
132
123
85
85
84
97
94
120
161
212
218
176
229
239
263
270
284
263
230
249
173
179
162
113
188
162
168
203
157
104
142
116
132
122
76
90
96
132
125
107
85
98
82
57
37
50
31
40
85
81
80
64
126
105
147
162
130
160
145
108
55
75
84
83
104
130
83
114
110
111
53
34
23
14
75
28
48
36
65
45
45
65
28
29
9
39
44
88
117
113
66
93
162
148
134
150
109
62
73
63
49
37
48
44
57
51
11
54
86
70
-11
-6
0
-7
-8
-78
-41
-66
-101
-70
-18
-21
-49
-57
-73
-65
-80
-79
-75
-30
7
41
106
76
69
63
65
79
15
13
40
22
76
71
74
101
79
91
56
30
48
58
37
37
21
-1
31
11
-25
-2
49
71
84
71
33
59
29
22
43
71
78
82
86
104
138
85
115
82
131
131
99
128
129
139
111
150
140
145
152
90
119
144
161
145
126
121
91
43
0
-18
-23
-5
-22
-67
-42
-48
-47
-68
-47
-61
-65
-36
-55
-35
-70
-20
-2
5
17
44
87
93
68
78
54
51
84
52
46
49
-2
17
-1
-42
-22
-36
-10
-32
1
-21
-70
-47
-20
-84
-92
-90
-95
-53
-54
-36
-123
-117
-132
-139
-117
-124
-59
-64
-87
-41
-53
-49
-56
-55
-40
7
42
40
41
62
94
65
87
82
32
50
81
67
18
30
44
-10
-5
-8
35
41
65
51
74
62
51
-33
-49
-73
-114
-76
-110
-37
-37
12
-5
-29
-17
-10
-18
-28
-43
-59
-94
-100
-82
-82
-75
-82
-99
-77
-51
-33
24
10
28
64
75
138
157
131
158
112
80
57
17
60
76
19
-2
-57
12
4
-68
-50
-59
-27
-69
-16
7
-8
-15
-21
-30
-55
-39
-72
-69
-50
-25
-26
-64
-73
-63
-51
-69
-58
-63
-115
-118
-58
-57
-53
-17
-15
-46
-21
-8
-34
17
18
-7
-22
-37
-57
-18
-40
-30
-47
-37
-42
-45
-20
-18
-17
-45
-13
-54
-2
18
7
25
8
-11
-7
-11
-59
-33
-50
-19
-44
-72
-79
-66
-41
-71
-93
-94
-98
-70
-82
-105
-113
-79
-40
-65
-58
-67
-84
-93
-98
-136
-141
-142
-156
-125
-167
-205
-138
-180
-206
-138
-130
-83
-107
-85
-37
-68
-36
-62
-84
-87
-122
-117
-86
-90
-111
-149
-135
-123
-162
-99
-113
-95
-53
-18
11
31
55
22
7
5
34
17
42
3
-27
-5
-19
13
36
14
33
35
15
31
-23
-44
-87
-81
-71
-80
-52
-36
-63
-68
-28
-30
-44
-33
-44
-45
-54
-22
-28
-91
-47
-76
-111
-97
-101
-94
-85
-110
-107
-49
-18
-95
-147
-153
-166
-125
-75
-92
-80
-76
-77
-82
-114
-115
-82
-35
-53
-67
-83
-109
-111
-106
-118
-133
-134
-127
-117
-116
-94
-75
-68
-78
-79
-9
-65
-36
-55
-54
8
-50
-13
6
33
6
43
93
64
16
22
38
5
-49
-43
-54
-75
-112
-153
-169
-174
-175
-149
-181
-218
-193
-237
-288
-304
-251
-212
-163
-239
-256
-237
-223
-255
-226
-137
-130
-110
-79
-81
-83
-46
-57
-20
-16
-21
-18
-32
-17
-39
-41
-3
-26
-8
-7
1
12
-33
-16
-45
-72
-57
-56
-69
-83
-70
-106
-119
-98
-84
-125
-134
-145
-135
-156
-177
-207
-203
-133
-174
-145
-99
-114
-126
-148
-134
-120
-157
-159
-91
-92
-76
-62
-67
-93
-87
-34
-31
0
-37
-88
11
-39
-119
-81
-122
-74
-67
-74
-67
-71
-80
-68
-65
-110
-100
-106
-84
-93
-104
-45
-49
-55
-2
-2
-31
-14
2
-64
-19
-25
-12
24
39
23
-4
4
1
20
-7
-11
-53
-60
-62
-36
-91
-78
-60
-25
-24
-19
3
12
28
19
26
15
-56
-75
-88
-104
-89
-106
-90
-87
-83
-77
-38
-63
-55
-55
-62
-84
-89
-116
-126
-128
-144
-174
-217
-205
-186
-202
-235
-246
-241
-205
-218
-221
-167
-160
-150
-166
-102
-118
-107
-142
-162
-126
-160
-91
-86
-56
-13
10
-42
-11
10
50
30
35
23
-70
-65
-94
-65
-64
-71
-61
-65
-44
-9
1
-39
-24
-49
-38
-45
-53
-70
-52
-32
-52
-17
-51
-78
-79
-16
-5
9
1
-15
10
23
56
9
27
44
19
6
19
15
64
50
59
64
38
99
58
57
56
56
51
55
26
-12
-5
-32
-29
-35
-6
-15
3
-44
-13
-61
-84
-150
-197
-185
-168
-143
-144
-117
-95
-90
-83
-100
-73
-52
-28
-1
-3
2
-19
-33
-40
-8
33
3
10
32
-20
12
36
26
82
89
89
100
117
112
121
84
96
59
-27
2
14
25
41
42
21
32
52
8
-4
5
-53
-44
-47
-50
-77
-38
24
0
59
9
9
-19
-63
-48
-30
-17
7
-4
-14
29
15
27
-8
-35
-31
-52
-71
-94
-139
-152
-124
-143
-168
-178
-189
-188
-198
-177
-156
-165
-152
-185
-153
-158
-136
-72
-37
-57
-23
-6
-18
-23
0
45
59
96
99
57
67
83
55
38
14
63
80
44
51
75
42
14
32
22
32
17
34
13
-23
-38
-46
-14
-59
-74
-77
-111
-147
-156
-139
-81
-102
-128
-113
-125
-107
-82
-74
-67
-67
-91
-73
-48
-60
-58
-36
-28
-36
-49
-53
-54
-74
-45
11
-15
-30
-50
-7
-31
-50
-44
-74
-45
-88
-80
-74
-80
-94
-35
6
28
10
-22
-18
-9
-20
0
47
2
-26
12
10
-32
33
23
-4
78
99
113
106
204
186
182
210
185
177
158
179
132
112
111
70
90
32
15
54
77
48
35
81
83
45
-12
18
1
4
21
10
-26
-22
-13
-15
-23
-25
31
39
8
-15
-3
-25
-3
7
13
-30
-32
-1
4
45
8
24
59
31
26
16
-5
-13
0
-28
78
65
63
39
17
57
21
3
20
68
47
44
27
40
16
48
21
-15
33
44
33
26
60
60
51
71
75
79
86
2
4
22
9
10
-35
1
6
-4
-27
4
14
-2
5
-11
-35
-34
31
29
38
33
32
112
83
97
92
89
20
-16
0
-32
19
46
11
-15
5
6
-36
-37
-73
-61
-131
-127
-82
-113
-90
-37
-14
-20
-38
-25
12
14
46
32
37
90
60
49
27
34
36
39
53
33
49
15
40
59
42
15
73
53
28
12
21
68
17
45
3
8
-11
-7
2
-32
-13
0
60
48
26
27
35
47
24
7
-21
-17
32
36
43
-27
-49
6
7
-28
-22
-54
2
8
-32
11
-5
28
25
24
31
23
24
21
19
28
33
54
44
60
81
84
95
126
141
126
136
132
166
178
150
186
193
219
232
232
223
153
119
65
59
47
15
34
63
2
-15
-26
-37
-7
31
9
28
55
30
36
51
52
21
1
8
23
5
20
10
-20
34
50
6
66
119
132
108
97
91
118
142
83
7
3
31
19
24
59
23
-5
-2
-31
-20
-45
-31
-60
-65
-20
-29
0
2
34
64
62
86
96
120
142
105
129
120
126
127
173
166
151
164
170
150
129
161
110
168
145
118
142
144
167
157
179
88
122
118
132
150
193
168
127
128
109
115
60
31
43
64
18
-17
-35
-24
-12
0
16
16
21
16
35
32
39
48
41
61
72
52
16
25
10
-26
-7
-13
-38
33
38
48
69
25
65
55
56
101
132
126
149
120
134
121
101
139
134
124
103
68
117
108
113
167
104
154
140
123
107
139
173
141
160
158
109
104
140
106
92
100
125
138
72
108
102
83
119
158
203
234
207
195
196
241
299
210
153
234
328
256
83
34
139
271
231
125
134
272
284
127
73
91
97
41
59
114
130
41
58
138
58
-62
-59
-5
-15
-72
-78
-126
-101
-45
-57
-52
-59
-18
64
118
98
130
165
225
215
164
152
176
199
108
134
145
80
87
101
163
139
170
201
198
188
140
171
201
177
106
72
82
47
72
31
53
75
33
43
39
-18
-30
34
74
114
131
139
170
146
105
104
91
103
147
176
158
144
161
220
193
141
141
127
114
113
106
129
134
130
151
142
137
136
113
108
94
90
121
102
57
97
136
126
69
64
113
150
60
-26
33
89
97
40
33
70
80
9
84
129
78
17
14
34
2
-67
-48
14
-12
-13
-13
-4
-28
-4
-30
-33
-4
-10
41
53
29
34
109
160
150
142
169
152
168
166
141
142
99
121
187
195
198
206
199
192
171
166
197
179
133
154
189
95
3
129
319
200
-40
-60
130
268
126
-20
145
241
176
95
120
217
111
63
102
138
90
-22
32
104
26
-74
-72
40
67
-1
-4
69
113
41
35
43
17
-36
-32
-27
-46
-61
-126
-196
-242
-305
-353
-325
-407
-461
-458
-400
-363
-431
-443
-396
-375
-426
-477
-426
-408
-429
-386
-337
-292
-168
-135
-103
-57
26
111
181
274
326
432
491
584
663
694
733
845
923
914
918
974
1095
1111
1097
1088
1143
1177
1161
1129
1109
1056
1056
1001
875
823
695
621
550
468
282
182
113
43
-81
-217
-281
-420
-498
-645
-766
-876
-1000
-1209
-1349
-1435
-1603
-1737
-1865
-1903
-1997
-2110
-2167
-2187
-2076
-1658
-1523
-2073
-2561
-1903
-603
-488
-1776
-2322
-871
588
56
-1156
-794
778
1288
444
107
990
1902
1742
1260
1419
1874
2019
2022
2071
2064
1895
1813
1960
2011
1788
1512
1501
1533
1507
1177
838
844
1047
990
436
4
112
459
228
-383
-481
-229
-240
-572
-683
-407
-292
-617
-731
-473
-245
-293
-374
-217
-127
-236
-237
21
153
-103
-325
-148
128
17
-323
-408
-213
-58
-280
-612
-751
-690
-656
-977
-1349
-1483
-1468
-1633
-1783
-1738
-1834
-2073
-2293
-2149
-1716
-1609
-1899
-2024
-1691
-1226
-1126
-1260
-1108
-657
-372
-368
-329
-24
440
612
610
631
840
1124
1271
1316
1382
1522
1593
1556
1560
1673
1685
1622
1527
1543
1560
1407
1275
1251
1272
1098
893
784
762
670
526
499
489
319
73
42
213
305
253
110
17
59
286
475
437
197
136
387
641
643
480
484
555
510
398
363
426
405
328
234
45
-107
-247
-108
-103
-583
-994
-970
-788
-951
-1462
-1776
-1768
-1812
-2069
-2381
-2472
-2451
-2230
-2260
-2851
-3398
-2952
-1972
-1811
-2653
-3157
-2308
-1205
-1217
-1871
-1614
-650
-207
-560
-654
4
630
786
687
797
1067
1357
1601
1778
1855
1856
1926
2049
2137
2244
2338
2229
2102
2146
2209
2018
1841
1903
2072
1806
1233
1111
1463
1607
1093
592
595
804
665
384
418
500
298
21
87
297
230
-63
-80
35
-29
-220
-30
264
185
-86
-184
53
162
8
-172
-260
-328
-469
-530
-531
-557
-759
-963
-997
-1074
-1291
-1519
-1616
-1787
-2006
-2203
-2364
-2596
-2827
-3034
-2846
-2390
-2680
-3665
-4100
-3080
-1740
-1962
-3407
-3759
-2248
-845
-1314
-2368
-1896
-370
180
-447
-771
246
1457
1597
959
966
1712
2294
2383
2318
2479
2664
2782
2826
2987
3171
3132
2891
2785
2866
2832
2524
2246
2417
2466
1887
1259
1376
1816
1565
856
505
668
583
234
144
222
0
-423
-461
-198
-195
-534
-623
-517
-527
-724
-713
-360
-298
-587
-789
-561
-352
-422
-549
-497
-350
-437
-617
-677
-575
-599
-788
-938
-1054
-1133
-1210
-1346
-1474
-1661
-1788
-1858
-2020
-2325
-2543
-2619
-2255
-1908
-2495
-3590
-3773
-2400
-1150
-1814
-3465
-3404
-1481
-245
-1170
-2364
-1536
430
891
-319
-711
690
2300
2193
1191
1037
2104
3038
2906
2434
2472
2919
3050
2993
3007
3122
3207
2997
2838
2883
2767
2482
2415
2599
2398
1655
1141
1466
1872
1420
503
205
606
613
156
-86
33
23
-378
-551
-381
-295
-455
-576
-532
-634
-706
-583
-346
-338
-628
-753
-515
-225
-335
-543
-504
-388
-418
-566
-629
-543
-511
-702
-965
-1013
-1062
-1166
-1353
-1615
-1738
-1983
-2184
-2436
-2592
-2856
-3046
-2629
-2324
-2882
-3937
-4014
-2688
-1551
-2144
-3598
-3509
-1731
-596
-1302
-2175
-1444
35
423
-303
-319
890
1983
1816
1257
1347
2153
2799
2802
2697
2779
3001
3114
3201
3289
3358
3233
3091
3079
3019
2804
2553
2614
2716
2141
1348
1403
1917
1960
1083
448
700
998
682
80
93
267
-2
-346
-345
-203
-334
-537
-536
-570
-790
-912
-679
-477
-775
-1145
-1086
-765
-709
-954
-1059
-929
-838
-987
-1133
-1143
-1047
-1102
-1271
-1471
-1592
-1519
-1570
-1834
-2027
-2063
-2045
-2197
-2631
-2907
-2853
-2212
-1965
-2943
-4056
-3652
-1800
-1079
-2415
-3714
-2855
-911
-652
-1746
-1950
-587
333
-254
-712
169
1303
1490
1124
1078
1539
1991
2317
2493
2580
2586
2591
2753
2969
3113
3164
2997
2796
2809
2793
2656
2409
2398
2488
2162
1644
1590
1788
1579
1127
948
1063
809
307
204
433
375
-166
-506
-381
-287
-419
-558
-591
-655
-758
-739
-546
-525
-708
-776
-611
-609
-747
-742
-645
-655
-804
-907
-857
-827
-808
-836
-988
-1132
-1178
-1230
-1359
-1550
-1636
-1667
-1905
-2179
-2357
-2380
-2574
-2991
-3127
-2468
-2344
-3470
-4521
-3800
-1849
-1515
-3354
-4489
-2936
-842
-980
-2530
-2531
-773
219
-486
-1053
-87
1248
1558
919
842
1516
2187
2460
2446
2528
2670
2974
3125
3245
3413
3448
3321
3121
3187
3265
3093
2924
2997
2807
2214
1754
1969
2225
1800
1088
844
965
761
468
441
400
6
-383
-425
-229
-406
-671
-725
-785
-1056
-1264
-1016
-734
-863
-1205
-1268
-1003
-865
-961
-987
-905
-832
-972
-1009
-891
-733
-711
-850
-960
-984
-1005
-1078
-1283
-1406
-1509
-1720
-1972
-2235
-2275
-2447
-2832
-3142
-2821
-2232
-2689
-3937
-4262
-2863
-1557
-2328
-4084
-4015
-1873
-718
-1742
-2738
-1795
-222
-66
-857
-712
578
1490
1232
881
1287
2043
2521
2562
2547
2672
3032
3319
3443
3518
3518
3444
3361
3294
3316
3210
2984
2833
2870
2680
2149
1722
1805
2024
1617
903
583
719
659
341
119
-39
-286
-529
-653
-605
-647
-825
-897
-950
-1019
-1088
-971
-768
-843
-1093
-1096
-775
-564
-613
-692
-616
-574
-651
-696
-609
-491
-509
-673
-807
-796
-731
-714
-820
-1083
-1239
-1298
-1447
-1688
-1931
-2209
-2292
-2506
-2767
-2352
-2146
-2982
-4020
-3631
-2042
-1544
-3085
-4232
-2952
-964
-950
-2521
-2590
-901
155
-391
-947
-109
1107
1422
891
846
1550
2226
2384
2289
2375
2651
2989
3209
3234
3301
3278
3174
3161
3285
3282
2986
2730
2789
2874
2424
1921
1920
2028
1744
1125
856
913
799
470
262
191
32
-212
-338
-256
-253
-430
-594
-588
-649
-733
-695
-501
-536
-716
-748
-633
-465
-445
-432
-464
-479
-479
-410
-399
-387
-434
-477
-575
-674
-685
-680
-722
-962
-1269
-1454
-1492
-1639
-1909
-2134
-2243
-2457
-2899
-3096
-2563
-2258
-3097
-4175
-3915
-2371
-1847
-3123
-4105
-3165
-1553
-1481
-2490
-2531
-1240
-384
-684
-1010
-376
636
1074
904
869
1366
1995
2387
2530
2639
2811
3153
3324
3322
3392
3476
3478
3363
3334
3302
3108
2893
2879
2881
2539
2018
1737
1827
1810
1501
1036
705
587
505
384
80
-223
-319
-443
-584
-698
-724
-662
-762
-933
-1057
-846
-607
-679
-796
-763
-637
-493
-424
-399
-354
-363
-331
-261
-279
-307
-273
-240
-340
-491
-566
-589
-615
-804
-1004
-1236
-1521
-1641
-1701
-1906
-2375
-2769
-3010
-3015
-2619
-2608
-3511
-4559
-4260
-2619
-1950
-3382
-4881
-3779
-1455
-1197
-2879
-3295
-1408
128
-441
-1385
-618
1032
1600
1007
848
1579
2383
2643
2602
2628
2947
3350
3553
3509
3463
3553
3664
3637
3472
3359
3197
3025
3003
2910
2456
1968
1857
1923
1608
1039
791
831
616
156
-113
-28
-44
-381
-653
-546
-474
-518
-556
-595
-734
-831
-645
-426
-480
-606
-507
-309
-259
-222
-152
-42
-1
-155
-186
-85
-8
-136
-203
-277
-373
-526
-593
-727
-885
-1067
-1443
-1766
-1892
-2010
-2323
-2726
-3052
-3293
-3414
-3104
-3029
-3762
-4721
-4382
-2880
-2298
-3589
-4763
-3590
-1521
-1265
-2649
-2859
-1072
308
-116
-893
-176
1268
1831
1372
1238
1943
2688
2925
2890
2882
3201
3666
3748
3712
3732
3914
3949
3728
3581
3558
3537
3302
3079
2878
2498
1990
1923
1995
1656
1028
624
750
787
295
-81
-75
93
-144
-577
-553
-401
-400
-630
-720
-748
-752
-608
-440
-478
-701
-717
-436
-212
-309
-474
-400
-179
-187
-304
-341
-202
-179
-283
-476
-589
-640
-760
-871
-986
-1218
-1541
-1726
-1864
-1994
-2268
-2682
-3041
-3289
-3306
-2832
-2732
-3613
-4651
-4252
-2634
-2016
-3354
-4545
-3367
-1214
-949
-2454
-2738
-854
627
120
-703
-46
1491
2175
1771
1519
2052
2824
3276
3297
3188
3444
3831
4110
4037
3896
3873
3964
3983
3764
3486
3302
3162
3040
2888
2371
1780
1791
2048
1569
685
418
873
891
62
-449
-175
91
-353
-821
-712
-397
-540
-830
-724
-587
-672
-745
-518
-463
-695
-733
-379
-199
-493
-672
-365
2
-160
-438
-450
-265
-271
-368
-540
-666
-674
-744
-968
-1201
-1334
-1508
-1642
-1960
-2184
-2321
-2501
-2892
-3225
-3310
-2925
-2529
-3174
-4303
-4338
-2769
-1675
-2643
-4243
-3694
-1432
-456
-1754
-2714
-1224
777
761
-347
-148
1521
2624
2215
1602
2057
3122
3583
3407
3240
3451
3951
4138
4004
3818
3860
4047
3811
3526
3402
3307
3153
2878
2636
2312
1877
1685
1678
1383
862
506
480
313
-34
-211
-269
-324
-624
-829
-776
-780
-831
-910
-796
-764
-827
-762
-561
-420
-492
-561
-469
-241
-207
-240
-184
4
-19
-141
-168
-62
35
-156
-368
-470
-440
-554
-810
-1005
-1086
-1089
-1361
-1822
-2035
-1985
-2086
-2544
-2973
-3127
-2935
-2297
-2402
-3460
-4213
-3394
-1776
-1587
-3127
-3957
-2337
-402
-655
-2183
-1963
231
1357
401
-351
839
2512
2782
2025
1934
2778
3466
3580
3456
3456
3735
4019
4075
4029
3970
3923
3839
3674
3554
3436
3229
2980
2808
2616
2133
1707
1541
1509
1152
627
340
255
135
-124
-228
-319
-550
-670
-654
-617
-668
-773
-648
-563
-737
-841
-491
-238
-374
-629
-627
-301
-230
-316
-269
-85
12
-91
-74
64
141
-42
-275
-249
-217
-349
-560
-661
-693
-960
-1252
-1420
-1452
-1591
-1952
-2241
-2414
-2579
-2873
-2714
-2005
-2195
-3525
-4282
-2860
-973
-1398
-3520
-3809
-1357
349
-899
-2505
-1349
1052
1318
-207
-421
1394
2863
2405
1413
1742
2808
3479
3241
2981
3148
3577
3834
3744
3613
3633
3683
3447
3296
3272
3083
2761
2610
2658
2419
1636
1199
1594
1790
992
181
342
823
504
-204
-321
64
-27
-530
-601
-286
-193
-406
-495
-408
-512
-519
-225
-56
-215
-496
-301
92
74
-101
13
294
234
30
85
219
247
66
-41
-55
-103
-311
-370
-374
-621
-1005
-1150
-1161
-1389
-1727
-1970
-2019
-2161
-2484
-2863
-2649
-1844
-2055
-3361
-4085
-2812
-1052
-1345
-3319
-3748
-1525
217
-809
-2390
-1423
917
1304
-218
-567
1262
2794
2389
1359
1622
2836
3353
3102
2852
2995
3433
3557
3487
3372
3318
3364
3297
3164
2903
2628
2524
2547
2453
1986
1442
1204
1316
1336
856
284
187
330
195
-98
-201
-149
-219
-458
-467
-323
-210
-266
-436
-488
-399
-257
-159
-133
-228
-275
-192
-63
5
44
156
198
128
107
154
222
162
77
37
-36
-153
-283
-401
-460
-709
-1069
-1190
-1296
-1456
-1752
-2010
-2120
-2309
-2597
-2885
-2919
-2251
-2010
-3053
-4157
-3551
-1544
-1011
-2640
-3952
-2551
-293
-303
-1929
-2083
-25
1196
236
-662
540
2252
2402
1411
1257
2199
2946
2905
2657
2755
3012
3125
3065
3000
3028
3110
3056
2839
2555
2408
2480
2373
2130
1845
1426
1150
1225
1281
954
454
330
481
374
19
-49
182
96
-280
-419
-95
121
-27
-176
-170
-128
-164
-101
119
168
-172
-311
0
217
145
32
120
222
170
0
-14
89
136
-65
-367
-370
-224
-304
-537
-740
-872
-890
-1090
-1429
-1559
-1574
-1793
-2104
-2291
-2290
-2396
-2806
-2529
-1931
-2434
-3636
-3863
-2165
-937
-1892
-3605
-3045
-659
118
-1187
-1977
-449
1152
723
-338
290
1965
2492
1700
1213
1912
2835
3012
2749
2617
2780
3034
3030
2942
2896
2943
2891
2603
2399
2416
2410
2259
2024
1867
1623
1208
1148
1532
1472
700
187
541
988
725
133
67
360
219
-108
-100
205
258
-70
-176
-57
-32
11
177
229
-6
-274
-39
343
232
-98
-105
134
150
-135
-110
122
108
-203
-413
-360
-237
-324
-472
-660
-795
-904
-1032
-1072
-1249
-1474
-1733
-1828
-1900
-2048
-2250
-2580
-2679
-2007
-1627
-2534
-3674
-3096
-1209
-625
-2153
-3446
-2067
122
139
-1464
-1642
131
1237
528
-263
723
2153
2261
1413
1247
2089
2788
2670
2307
2313
2579
2851
2901
2764
2631
2699
2754
2550
2352
2242
2213
2193
2129
1905
1475
1297
1442
1552
1175
644
571
883
862
440
228
428
488
174
-56
145
321
129
-42
-99
-60
-33
-9
24
-110
-269
-205
27
79
-83
-178
-179
-83
-161
-334
-339
-274
-342
-578
-690
-602
-457
-562
-803
-1009
-969
-937
-1087
-1294
-1478
-1621
-1676
-1829
-2037
-2160
-2306
-2457
-2632
-2310
-1760
-2028
-3213
-3541
-2110
-755
-1342
-3142
-3085
-952
219
-968
-2112
-924
899
850
-406
-285
1282
2092
1392
676
1201
2157
2342
2001
1850
2032
2291
2390
2303
2244
2378
2478
2327
2091
2069
2178
2200
2049
1835
1602
1472
1373
1337
1346
1115
745
575
621
607
510
392
297
153
69
87
155
70
-128
-262
-337
-345
-299
-220
-270
-450
-599
-534
-445
-424
-497
-607
-555
-512
-544
-484
-397
-430
-546
-663
-711
-704
-710
-727
-831
-1039
-1137
-1194
-1205
-1282
-1556
-1624
-1702
-1772
-1914
-2053
-2207
-2331
-2505
-2207
-1564
-1926
-3045
-3384
-1987
-602
-1233
-2994
-3015
-884
327
-774
-2068
-1167
603
728
-479
-603
827
1758
1169
337
779
1629
1883
1678
1651
1787
1960
2161
2261
2215
2191
2191
2171
2053
1986
1942
1922
1931
1773
1453
1140
1189
1276
1112
685
467
570
544
270
61
172
197
-93
-366
-318
-164
-231
-446
-545
-593
-672
-580
-452
-484
-655
-709
-527
-397
-476
-549
-446
-371
-398
-518
-505
-449
-391
-499
-644
-668
-613
-529
-616
-767
-792
-801
-838
-981
-1137
-1179
-1216
-1329
-1574
-1735
-1681
-1809
-2159
-2382
-2358
-1724
-1493
-2382
-3384
-2972
-1330
-659
-1999
-3413
-2418
-371
-122
-1603
-2177
-707
535
-62
-1058
-537
965
1340
495
106
805
1624
1716
1464
1381
1568
1923
2157
2128
1997
2008
2087
2141
2012
1852
1775
1873
1881
1630
1269
1050
1148
1371
1193
614
263
502
747
488
-32
-139
55
-52
-332
-480
-397
-343
-505
-729
-773
-719
-564
-485
-574
-737
-762
-485
-222
-286
-502
-454
-260
-238
-293
-280
-148
-111
-222
-302
-269
-133
-142
-307
-454
-503
-572
-659
-775
-900
-1027
-1153
-1251
-1315
-1462
-1624
-1716
-1824
-1991
-2353
-2262
-1636
-1696
-2760
-3475
-2543
-957
-1121
-3006
-3579
-1882
-275
-827
-2341
-2112
-333
317
-690
-1278
-138
1144
1053
192
213
1204
1918
1817
1436
1438
1875
2223
2284
2059
2013
2222
2372
2235
2005
1909
2007
2084
1952
1561
1218
1227
1367
1281
796
384
408
567
418
-66
-243
-2
-37
-388
-670
-619
-425
-475
-697
-809
-823
-670
-481
-419
-598
-622
-446
-243
-270
-334
-205
19
89
-59
-113
48
198
201
112
12
29
11
-5
-84
-234
-411
-465
-490
-743
-994
-1042
-1000
-1126
-1498
-1816
-1687
-1567
-1834
-2371
-2645
-2474
-2335
-2024
-2262
-3134
-3651
-2890
-1531
-1654
-3006
-3592
-2109
-595
-1106
-2387
-2139
-376
382
-522
-984
155
1346
1276
641
749
1643
2107
1972
1842
2014
2253
2386
2477
2436
2370
2332
2404
2416
2232
2010
1940
1983
1866
1506
1142
1113
1280
1104
566
196
367
600
322
-195
-296
5
-33
-359
-562
-354
-252
-417
-581
-550
-441
-469
-359
-249
-334
-508
-370
-77
-8
-185
-267
-78
90
37
-94
-23
136
73
-140
-209
-118
-52
-155
-337
-527
-525
-604
-764
-951
-1056
-1118
-1199
-1315
-1438
-1495
-1515
-1686
-1937
-2096
-2137
-2209
-2459
-2502
-1928
-1759
-2537
-3264
-2682
-1244
-976
-2301
-3092
-1873
-271
-447
-1578
-1490
-69
658
-62
-407
539
1551
1439
854
899
1573
2010
1872
1679
1751
2052
2135
2034
1995
2001
2000
1951
1756
1624
1619
1642
1558
1318
1037
734
730
897
857
475
68
21
270
340
-52
-293
-102
79
-91
-369
-257
50
32
-213
-285
-103
118
44
-3
-25
-15
2
14
141
153
10
-17
47
49
43
-54
-66
-156
-244
-329
-363
-376
-429
-516
-641
-668
-726
-782
-807
-843
-897
-1023
-1109
-1111
-1069
-1149
-1342
-1442
-1478
-1508
-1549
-1610
-1858
-1974
-1932
-1469
-1265
-1982
-2776
-2425
-977
-427
-1610
-2811
-1936
-133
73
-1216
-1745
-461
662
167
-792
-371
910
1180
413
27
628
1320
1360
1137
1120
1274
1439
1637
1745
1660
1539
1572
1726
1669
1477
1355
1621
1696
1206
807
932
1328
1272
799
461
573
854
773
505
455
592
490
292
193
288
245
64
-83
-134
-190
-294
-175
-37
-180
-529
-587
-300
-180
-438
-680
-560
-319
-353
-571
-648
-391
-276
-459
-622
-557
-362
-407
-518
-540
-512
-428
-455
-464
-443
-383
-427
-507
-426
-471
-533
-594
-565
-663
-767
-824
-889
-928
-1122
-1378
-1426
-850
-745
-1743
-2571
-2076
-839
-721
-2087
-3041
-2047
-618
-898
-2199
-2359
-1041
-257
-983
-1730
-1023
254
325
-454
-553
150
773
799
691
790
1022
1245
1468
1568
1557
1622
1754
1896
1947
1889
1887
2029
2141
1960
1554
1585
1942
2009
1599
1112
1051
1231
1291
900
552
547
592
482
252
121
77
-9
-156
-300
-433
-461
-405
-362
-473
-703
-659
-467
-343
-456
-583
-524
-408
-340
-387
-333
-191
-129
-143
-154
-24
188
196
102
109
196
257
272
253
247
191
176
229
153
-2
-71
-106
-256
-501
-693
-704
-764
-1126
-1461
-1627
-1712
-1946
-2008
-1689
-2006
-2906
-3227
-2254
-1280
-1918
-3397
-3328
-1691
-912
-1847
-2762
-1926
-431
-396
-1348
-1269
67
888
410
-131
311
1290
1689
1467
1471
1868
2252
2432
2526
2626
2692
2716
2736
2690
2696
2683
2629
2682
2595
2088
1805
1966
2033
1641
1073
901
1049
993
681
359
271
253
55
-197
-318
-272
-320
-470
-629
-693
-702
-600
-496
-559
-668
-730
-481
-279
-265
-300
-285
-43
187
194
200
391
555
575
507
549
769
884
779
724
781
869
787
720
705
597
414
264
258
218
103
-80
-329
-497
-586
-692
-934
-1272
-1502
-1542
-1709
-1865
-2171
-2397
-1873
-1754
-2539
-3207
-2678
-1450
-1282
-2467
-3150
-1909
-560
-804
-1896
-1834
-419
358
-254
-761
63
1246
1347
762
855
1717
2215
1997
1951
2386
2748
2625
2497
2902
3133
2907
2661
2756
2897
2669
2285
2261
2436
2113
1499
1411
1649
1501
1020
645
677
634
306
113
78
-42
-330
-610
-604
-510
-524
-633
-620
-577
-673
-689
-505
-284
-326
-493
-434
-161
55
137
102
229
417
471
526
580
813
846
729
693
869
982
890
824
793
746
649
596
579
553
381
149
88
-17
-126
-248
-404
-487
-573
-819
-1016
-1058
-1215
-1377
-1527
-1582
-1697
-1961
-2175
-2280
-1844
-1509
-2013
-2837
-2820
-1690
-972
-1663
-2725
-2343
-969
-482
-1155
-1573
-909
-65
-26
-413
-138
705
1047
794
675
1134
1535
1564
1654
1883
1876
1769
1935
2325
2349
2022
1829
2101
2155
1793
1572
1702
1865
1623
1045
865
1247
1303
814
363
348
478
336
-4
-76
-102
-164
-289
-332
-307
-304
-287
-291
-351
-377
-343
-183
-24
-68
-227
-207
64
227
235
155
308
498
528
521
577
711
716
649
596
678
738
780
664
552
521
477
455
370
279
90
26
-37
-205
-336
-445
-518
-608
-703
-972
-1097
-1059
-1182
-1337
-1445
-1552
-1725
-1771
-1784
-2041
-2152
-2225
-2186
-1901
-2031
-2647
-3056
-2356
-1438
-1586
-2521
-2786
-1649
-600
-931
-1724
-1380
-216
135
-302
-358
421
1155
1044
605
811
1432
1749
1662
1585
1651
1773
1932
2101
2102
1933
1749
1874
2068
1944
1547
1410
1623
1608
1132
723
881
1073
794
223
9
178
150
-96
-289
-326
-299
-416
-439
-401
-402
-455
-470
-373
-373
-343
-317
-140
-82
-145
-54
89
279
265
240
348
509
640
654
613
661
703
698
703
735
740
683
597
585
537
456
363
246
169
67
-37
-137
-233
-329
-504
-725
-879
-878
-901
-1181
-1463
-1505
-1485
-1659
-1845
-1921
-1962
-2051
-2247
-2364
-2307
-2234
-2347
-2638
-2617
-2071
-1926
-2536
-2943
-2404
-1443
-1340
-2245
-2498
-1423
-381
-608
-1335
-1109
77
678
141
-135
545
1286
1444
1153
1119
1566
2003
1968
1816
1833
1964
2063
2107
2094
1931
1799
1810
1815
1601
1285
1188
1307
1281
849
351
377
698
558
3
-347
-210
-8
-147
-382
-449
-399
-400
-424
-437
-414
-382
-364
-314
-263
-259
-179
24
207
162
81
222
519
691
698
621
663
849
894
823
809
871
904
790
653
604
685
676
495
301
276
283
119
17
-43
-131
-295
-424
-515
-598
-697
-814
-893
-1026
-1173
-1213
-1147
-1312
-1516
-1595
-1507
-1545
-1678
-1664
-1712
-1808
-1804
-1735
-1752
-1818
-1871
-1896
-1716
-1267
-1329
-1921
-2146
-1469
-595
-626
-1424
-1687
-666
178
-153
-718
-466
461
762
345
232
904
1405
1263
995
1168
1510
1595
1468
1431
1594
1600
1582
1684
1721
1556
1341
1349
1408
1227
1008
928
1014
992
677
373
440
681
509
103
-14
193
232
41
35
128
151
19
-14
71
174
228
197
212
270
334
413
617
731
643
630
770
945
891
806
778
913
912
789
697
753
830
699
539
500
505
444
326
192
163
135
28
-31
-47
-144
-343
-481
-523
-528
-614
-880
-1056
-1007
-950
-1122
-1166
-1134
-1195
-1358
-1458
-1419
-1257
-1280
-1502
-1517
-1361
-1259
-1419
-1521
-1415
-1391
-1386
-1468
-1361
-846
-860
-1467
-1694
-979
-143
-336
-1076
-1050
-24
553
137
-268
165
860
857
490
564
1155
1415
1216
1069
1303
1505
1455
1416
1517
1447
1388
1424
1570
1634
1440
1203
1264
1378
1273
946
829
1040
1088
772
436
436
662
590
261
82
221
318
61
-67
90
253
175
71
111
239
252
171
244
306
249
333
591
744
699
627
689
859
896
911
891
902
909
815
706
712
764
747
598
400
340
317
348
200
23
-93
-143
-184
-296
-393
-527
-596
-680
-770
-902
-969
-1002
-993
-1089
-1197
-1110
-959
-949
-1156
-1166
-940
-812
-892
-941
-924
-811
-575
-582
-700
-741
-547
-381
-491
-608
-717
-556
-289
-50
-266
-665
-662
-141
458
260
-453
-578
286
859
407
-168
87
799
906
417
220
768
1180
887
514
650
997
1131
1070
1072
1100
1111
1122
1245
1267
1072
891
974
1200
1052
804
780
879
912
705
449
540
749
695
363
157
346
443
340
92
128
238
220
163
158
258
269
227
207
267
290
297
308
443
394
258
348
531
601
464
414
469
498
484
414
428
438
386
286
232
293
273
196
128
152
70
-75
-205
-182
-64
-166
-321
-345
-264
-251
-323
-336
-325
-427
-423
-331
-190
-175
-315
-342
-229
-177
-257
-349
-233
-248
-295
-309
-349
-279
-273
-300
-436
-500
-551
-647
-717
-814
-920
-810
-506
-748
-1285
-1279
-694
-317
-710
-1319
-1185
-330
-103
-561
-778
-322
201
172
-62
143
645
900
839
753
974
1266
1372
1404
1451
1448
1457
1569
1775
1723
1510
1468
1603
1642
1486
1245
1164
1235
1152
752
473
533
603
336
-38
-87
-7
-110
-341
-436
-370
-318
-463
-550
-478
-393
-450
-479
-359
-342
-437
-325
-160
-96
-224
-217
80
240
196
135
354
627
641
521
511
714
872
783
597
626
781
840
706
569
549
596
613
390
387
380
322
224
194
208
140
87
28
-28
-130
-210
-225
-175
-282
-430
-476
-377
-410
-541
-599
-615
-577
-609
-732
-763
-673
-667
-781
-763
-759
-786
-857
-981
-1058
-1033
-1002
-856
-767
-1020
-1337
-1144
-482
-274
-664
-990
-549
194
278
-119
-125
506
887
644
467
787
1209
1259
1015
943
1173
1316
1231
1208
1227
1197
1168
1177
1122
953
796
601
564
489
309
131
50
28
-61
-328
-502
-432
-409
-654
-901
-825
-673
-701
-798
-829
-633
-525
-608
-649
-429
-223
-204
-227
-134
9
79
250
438
488
449
552
706
810
805
784
844
896
942
920
926
962
963
918
832
785
866
816
699
545
481
488
374
238
220
252
148
3
-18
42
16
-9
-90
-64
9
-80
-208
-131
-9
-110
-279
-273
-185
-222
-281
-342
-383
-299
-322
-445
-476
-452
-489
-498
-536
-585
-584
-671
-699
-730
-764
-849
-697
-460
-709
-1130
-1131
-485
-122
-579
-1148
-890
-16
50
-491
-655
-145
259
15
-234
33
507
558
311
213
379
552
492
461
483
390
377
509
608
614
375
245
425
457
299
165
190
253
287
79
-125
61
307
283
13
-54
204
252
222
226
315
367
328
393
496
555
469
444
529
542
526
519
585
635
570
567
659
693
675
636
609
634
595
564
586
625
578
492
451
432
403
366
331
357
415
368
336
235
231
335
385
315
277
329
348
292
227
244
185
155
144
147
100
12
-11
32
9
-105
-178
-168
-140
-243
-394
-489
-484
-550
-640
-709
-789
-897
-989
-1071
-1064
-1166
-1289
-1386
-1318
-1127
-1290
-1627
-1632
-1106
-761
-952
-1373
-1199
-539
-286
-588
-772
-369
75
91
-126
84
534
634
535
591
782
912
890
970
1156
1137
1037
1049
1166
1256
1160
976
996
1040
986
767
645
734
761
569
312
309
486
407
231
131
131
159
112
68
41
25
-76
-99
-70
-49
-61
-52
10
-2
-64
-7
136
220
180
91
166
299
386
393
429
504
549
592
675
724
735
752
818
841
830
848
920
1022
1053
958
926
872
891
909
806
804
756
773
667
513
422
341
263
135
72
-6
-84
-180
-293
-479
-553
-604
-781
-826
-925
-1036
-1161
-1185
-1230
-1282
-1365
-1386
-1300
-1370
-1358
-1408
-1382
-1338
-1323
-1305
-1215
-983
-914
-1102
-1182
-830
-404
-287
-477
-498
-136
302
363
243
414
715
879
891
884
1057
1218
1180
1139
1205
1205
1175
1202
1272
1190
992
916
922
919
775
601
471
491
445
291
81
-12
-7
-84
-247
-372
-320
-265
-319
-456
-462
-305
-234
-257
-270
-179
-87
-17
23
65
214
278
304
431
464
568
607
745
791
751
723
768
937
943
924
824
825
939
937
865
749
747
785
670
562
495
541
526
407
245
191
170
90
20
-24
-16
-53
-187
-179
-190
-253
-265
-326
-316
-311
-354
-428
-380
-390
-417
-458
-424
-401
-446
-505
-464
-383
-377
-385
-411
-388
-391
-423
-385
-403
-385
-342
-391
-410
-415
-380
-343
-352
-311
-250
-276
-367
-357
-151
-83
-209
-329
-224
8
84
-43
-37
161
312
249
173
323
463
444
402
437
548
562
584
601
631
618
522
585
669
655
580
476
559
605
570
488
454
553
531
439
314
342
413
412
330
273
316
399
332
217
242
279
302
238
152
137
134
90
46
7
21
14
65
75
-13
-87
-73
2
18
38
15
59
130
175
199
254
278
342
337
322
380
504
576
588
546
580
720
714
807
755
770
787
675
692
728
713
577
538
527
496
464
378
302
264
174
53
-6
-77
-107
-167
-284
-397
-481
-516
-586
-647
-780
-887
-877
-859
-969
-1040
-1032
-1006
-997
-1035
-1019
-980
-935
-901
-861
-950
-974
-810
-561
-521
-629
-578
-322
-84
-108
-175
-28
269
399
368
387
546
695
659
648
702
787
758
709
779
816
749
716
747
772
743
641
593
602
549
453
365
342
399
315
191
158
222
190
71
-35
-35
5
-96
-181
-225
-212
-212
-225
-203
-187
-194
-156
-104
-37
-98
-108
-19
94
79
83
116
180
265
251
285
377
460
481
549
606
666
680
691
711
746
757
839
842
811
829
797
778
690
660
608
519
456
394
410
292
140
77
26
-73
-188
-313
-365
-449
-550
-599
-677
-731
-771
-802
-803
-841
-927
-904
-897
-950
-997
-1026
-986
-974
-933
-965
-950
-900
-904
-830
-804
-755
-695
-650
-591
-522
-482
-462
-433
-341
-251
-242
-275
-201
-85
-14
-30
-14
77
140
184
156
224
297
272
243
273
324
372
299
331
349
269
280
257
222
222
188
139
101
92
73
36
28
27
-39
-12
7
18
4
-69
-80
4
49
-50
-71
-33
38
72
49
53
67
96
126
195
279
284
286
316
376
468
479
462
488
533
528
549
532
555
553
574
586
614
584
566
532
444
476
446
400
276
232
223
144
56
59
-50
-94
-115
-151
-245
-339
-377
-435
-465
-478
-561
-588
-588
-637
-688
-730
-634
-616
-674
-658
-607
-598
-566
-541
-522
-499
-443
-485
-438
-391
-374
-400
-410
-400
-396
-362
-377
-409
-449
-535
-552
-567
-576
-554
-642
-598
-575
-525
-519
-565
-590
-496
-362
-420
-421
-304
-189
-179
-190
-114
-43
55
127
92
75
122
256
328
363
386
408
463
423
443
468
464
535
510
492
480
465
496
464
419
382
303
319
342
252
151
84
81
112
86
53
27
-52
-112
-117
-121
-140
-181
-195
-199
-210
-240
-251
-253
-249
-204
-206
-208
-179
-148
-116
-88
-16
-25
6
-29
-41
-5
-8
-8
-12
17
34
59
50
37
59
51
38
82
97
40
28
37
33
10
-46
-57
-122
-167
-211
-221
-243
-286
-320
-347
-311
-340
-375
-369
-405
-393
-444
-477
-484
-483
-488
-565
-575
-624
-687
-672
-692
-719
-731
-756
-753
-734
-732
-719
-733
-738
-744
-736
-734
-706
-696
-593
-525
-545
-497
-418
-310
-217
-224
-198
-76
-2
25
35
86
152
177
159
227
245
312
304
235
281
296
276
295
267
241
210
258
243
204
166
155
127
153
187
57
-7
8
60
55
56
16
9
27
13
20
59
75
102
51
33
-31
-34
-37
-64
-22
-16
7
32
114
114
91
99
152
217
163
98
75
132
153
122
134
131
126
71
41
60
58
50
25
7
4
-19
-72
-114
-137
-216
-245
-302
-300
-282
-318
-396
-427
-439
-445
-500
-527
-570
-621
-633
-642
-646
-664
-633
-635
-613
-659
-668
-584
-545
-585
-640
-599
-562
-545
-556
-558
-546
-524
-553
-582
-511
-472
-515
-494
-460
-396
-378
-398
-432
-398
-326
-328
-344
-364
-336
-274
-284
-288
-235
-226
-210
-158
-68
-82
-54
-56
-50
36
52
68
31
59
76
106
136
154
189
181
232
231
236
283
331
347
368
393
460
432
390
365
351
407
371
349
329
286
247
208
177
175
174
98
111
66
-11
-2
-46
-69
-54
-57
-108
-127
-190
-180
-229
-290
-300
-331
-310
-389
-441
-437
-392
-358
-363
-369
-357
-357
-356
-335
-383
-397
-375
-398
-410
-404
-401
-391
-354
-339
-322
-311
-249
-217
-204
-169
-210
-211
-197
-148
-166
-193
-219
-223
-243
-292
-282
-292
-296
-349
-394
-383
-413
-430
-479
-502
-475
-495
-530
-565
-581
-576
-605
-617
-619
-589
-581
-563
-578
-537
-547
-579
-552
-578
-540
-484
-430
-376
-305
-256
-258
-235
-177
-114
-32
-15
32
120
127
158
243
275
289
373
395
404
426
510
523
531
569
548
526
568
572
485
433
448
436
417
423
377
330
285
235
172
92
82
14
-91
-148
-176
-243
-260
-272
-271
-281
-368
-400
-414
-471
-528
-505
-499
-517
-508
-504
-520
-504
-480
-438
-443
-388
-326
-286
-286
-281
-204
-203
-183
-142
-100
-91
-132
-138
-110
-120
-146
-138
-55
-83
-87
-135
-181
-116
-141
-186
-141
-137
-133
-164
-235
-271
-260
-273
-318
-358
-408
-394
-390
-410
-411
-417
-471
-477
-499
-469
-479
-482
-467
-505
-534
-539
-496
-545
-563
-560
-583
-524
-496
-527
-518
-522
-474
-452
-388
-384
-346
-326
-342
-284
-258
-181
-182
-116
-106
-39
50
80
132
138
160
147
154
220
202
203
265
297
285
295
316
326
310
304
289
243
226
197
194
199
99
124
95
30
44
-5
-34
-73
-90
-102
-102
-141
-137
-182
-195
-224
-252
-247
-273
-267
-251
-238
-220
-210
-214
-174
-165
-158
-187
-214
-177
-185
-209
-205
-146
-166
-193
-229
-245
-197
-258
-227
-181
-172
-159
-169
-163
-126
-142
-170
-164
-237
-223
-238
-247
-255
-229
-255
-279
-258
-228
-267
-231
-156
-125
-99
-111
-105
-70
-51
-109
-138
-158
-155
-133
-151
-213
-231
-207
-163
-160
-235
-179
-155
-99
-71
-65
-20
7
-9
-40
-70
-107
-75
-106
-158
-181
-221
-211
-211
-236
-269
-246
-259
-262
-209
-221
-241
-244
-279
-270
-263
-295
-301
-347
-284
-280
-267
-200
-185
-190
-190
-97
-6
43
112
155
155
170
189
215
205
163
198
196
154
87
118
123
133
130
110
135
114
160
107
37
41
81
48
11
-94
-128
-139
-214
-222
-289
-318
-291
-293
-307
-348
-413
-380
-367
-377
-404
-387
-376
-327
-251
-281
-259
-278
-279
-246
-237
-246
-225
-170
-134
-136
-112
-61
23
37
55
120
138
185
214
233
191
180
166
181
230
188
196
174
207
156
172
186
247
245
138
156
106
135
93
89
121
81
42
54
61
49
-37
-53
-50
-50
-88
-140
-129
-128
-132
-163
-158
-158
-133
-192
-200
-211
-216
-172
-204
-186
-209
-176
-175
-154
-147
-121
-77
-55
10
-43
-38
-3
98
122
115
139
168
182
205
221
223
258
262
320
320
285
284
338
432
415
382
434
405
419
420
382
366
352
294
293
269
181
190
138
63
48
22
-83
-16
-8
-87
-118
-94
-63
-58
-46
-67
-43
-64
-24
-88
-121
-126
-83
-56
-43
-2
39
114
164
181
282
316
325
372
402
367
384
400
388
433
451
448
486
481
447
405
355
343
351
363
325
249
213
214
148
148
138
140
74
20
-21
-54
-88
-110
-100
-155
-184
-183
-183
-210
-228
-214
-186
-199
-206
-242
-181
-154
-160
-160
-147
-111
-107
-92
-76
-76
-49
-41
-45
10
36
48
69
100
110
149
157
170
253
220
196
203
160
152
131
136
134
155
160
160
200
218
214
219
190
180
121
117
100
118
96
101
139
122
102
89
103
103
148
206
222
243
284
272
259
286
224
257
278
208
192
171
141
130
88
117
78
38
65
60
80
40
28
-24
3
2
-49
-36
-72
-83
-110
-150
-101
-84
-120
-90
-99
-140
-116
-121
-135
-119
-93
-65
-67
-28
-11
-21
5
-15
22
-16
-16
13
-62
-65
-50
-32
-24
30
38
58
45
46
74
63
76
32
-3
29
51
40
37
30
24
2
14
-31
-5
22
55
36
55
60
45
29
2
20
28
13
-27
-27
-60
-105
-87
-101
-98
-95
-137
-122
-90
-100
-104
-172
-128
-99
-94
-132
-225
-211
-241
-229
-171
-140
-169
-208
-165
-99
-133
-169
-173
-134
-118
-88
-85
-68
-6
39
98
98
92
98
58
74
93
58
45
31
28
-6
-75
-59
-43
-75
-106
-86
-68
-76
-104
-182
-229
-229
-255
-259
-313
-314
-302
-335
-352
-328
-384
-383
-392
-429
-389
-383
-358
-306
-292
-243
-115
-111
-73
-58
-41
-39
-3
8
47
57
44
103
116
114
98
110
40
55
41
67
53
23
14
42
25
-20
9
20
-7
-66
-102
-166
-161
-146
-194
-242
-256
-264
-269
-342
-369
-335
-285
-253
-245
-262
-332
-328
-266
-227
-243
-299
-292
-247
-237
-222
-172
-170
-185
-156
-156
-146
-145
-146
-124
-110
-72
-37
-12
-12
-12
-28
-27
-9
-23
18
-11
-18
53
21
-13
-23
-47
-82
-111
-147
-170
-196
-203
-213
-209
-220
-228
-197
-204
-245
-231
-194
-231
-238
-223
-239
-258
-255
-216
-187
-246
-205
-231
-245
-229
-266
-282
-277
-214
-177
-202
-207
-179
-145
-74
-48
-12
-2
-82
-86
-48
-9
-49
-102
-203
-274
-190
-179
-199
-233
-230
-229
-182
-141
-165
-213
-215
-166
-211
-227
-193
-169
-177
-181
-182
-167
-114
-96
-49
-51
-43
-114
-138
-24
-27
-4
46
77
52
71
94
18
51
55
51
15
-3
17
0
7
-6
-18
-50
-23
-33
-93
-151
-155
-168
-205
-153
-172
-203
-197
-207
-204
-250
-243
-246
-321
-319
-352
-365
-357
-371
-371
-446
-458
-426
-436
-425
-390
-398
-362
-349
-364
-354
-328
-311
-279
-202
-173
-150
-127
-132
-155
-134
-72
-87
-76
-5
17
68
96
98
120
81
94
97
54
42
4
-21
18
15
5
-14
-68
-81
-120
-136
-194
-191
-193
-167
-174
-201
-228
-241
-289
-298
-242
-254
-286
-273
-251
-305
-287
-266
-312
-293
-276
-257
-247
-214
-168
-155
-132
-125
-91
-109
-68
-79
-66
-18
-11
15
-28
20
13
-44
-44
-15
9
21
-32
-24
13
45
19
-24
-49
-35
14
27
30
-9
33
37
11
12
-4
41
3
0
3
-6
-9
-29
-21
-49
-58
-45
-75
-67
-65
-17
-73
-85
-94
-82
-101
-88
-73
-128
-109
-139
-125
-120
-156
-178
-188
-164
-163
-210
-175
-184
-211
-142
-176
-169
-110
-128
-98
-141
-100
-46
-36
-29
2
-26
-8
-14
-2
22
18
35
62
66
39
-6
-26
-8
-50
-20
-48
-47
-48
-73
-51
-76
-89
-66
-71
-37
-62
-2
44
44
34
21
59
48
1
-13
-16
-16
-26
-38
-3
1
-9
-62
-71
-70
-36
-9
-42
22
75
46
77
73
124
122
133
122
85
114
76
55
81
108
88
61
52
55
13
-39
-22
-49
-81
-71
-31
-14
-56
-12
6
10
-22
-26
-30
-53
-33
-25
-66
-51
-4
-55
-74
-91
-77
-24
-28
-15
-63
-37
-43
-37
-22
-56
-78
-121
-129
-132
-164
-173
-147
-119
-109
-142
-134
-164
-173
-206
-166
-146
-139
-150
-170
-199
-216
-220
-165
-189
-142
-65
-56
-57
-60
-19
-26
3
36
40
76
106
111
114
79
81
120
111
64
110
130
112
126
172
130
116
118
92
90
94
60
61
74
70
-19
-36
-1
2
-32
-27
-18
-57
-18
18
24
-16
-1
3
-16
-14
12
2
-47
-22
-35
6
29
53
31
33
62
33
60
44
35
34
1
48
6
3
29
-30
-14
71
96
139
204
167
132
123
141
78
64
62
113
91
114
151
118
128
116
127
145
232
202
203
203
172
192
160
155
159
121
93
56
-39
-27
1
3
3
-28
-32
-41
-35
18
50
73
72
63
69
112
60
86
91
92
82
60
93
81
75
118
156
168
192
206
255
186
133
142
170
169
127
105
75
24
-12
-15
-12
-37
-48
-31
24
17
21
37
42
44
51
64
42
30
59
20
-21
3
-55
-44
-37
-16
2
18
41
30
23
-16
-5
12
-21
19
2
-49
-72
-81
-83
-124
-106
-109
-112
-116
-122
-123
-132
-108
-54
-36
-17
50
36
113
138
108
149
102
127
185
205
183
240
274
245
292
271
235
260
261
275
249
164
178
217
186
214
204
216
243
240
213
205
197
129
121
88
83
94
55
20
15
44
21
-34
-7
16
36
63
77
72
39
38
34
27
45
3
33
45
26
13
13
3
-28
2
-21
3
9
-29
-4
-35
-19
-23
7
34
17
39
60
38
67
104
125
129
129
136
100
109
83
96
72
85
115
60
72
71
55
26
30
23
16
8
1
5
18
0
4
-7
-1
40
32
40
23
67
20
42
47
39
96
73
62
53
105
106
105
157
88
144
135
160
171
147
164
122
148
122
112
146
139
152
158
131
165
178
151
83
146
137
76
72
84
53
44
83
79
68
13
-2
6
18
11
5
-31
-16
-36
-18
-64
-112
-83
-76
-119
-127
-100
-125
-104
-95
-61
-84
-71
-117
-93
-77
-90
-97
-92
-92
-99
-92
-101
-102
-128
-137
-165
-134
-123
-82
-92
-62
-33
-57
-23
-18
-32
-38
-40
-35
-41
-82
-77
-104
-151
-137
-82
-64
-93
-113
-49
-35
-84
-87
-54
-34
-27
-3
-52
-23
-12
-50
-52
-45
-46
-95
-82
-85
-95
-28
-53
-25
15
90
129
139
171
163
212
177
218
202
184
183
182
222
194
181
195
194
170
168
177
204
185
181
202
180
158
119
114
76
45
-8
-25
-16
-38
-16
-39
-40
-52
-92
-68
-38
-10
-23
-7
45
-18
-37
1
-10
8
34
6
26
33
24
77
53
115
108
58
49
76
26
-3
-4
-24
11
-53
-68
-86
-116
-90
-141
-167
-154
-133
-119
-141
-123
-128
-160
-106
-128
-143
-135
-134
-70
-100
-94
-118
-134
-120
-120
-90
-76
-49
-66
-60
-20
-35
-43
-33
-45
-44
30
21
69
136
155
118
166
187
131
119
70
59
61
62
43
74
139
111
94
73
96
62
5
8
-2
5
-25
-9
4
-38
-70
-56
-65
-96
-114
-166
-174
-137
-126
-146
-132
-140
-112
-79
-90
-131
-150
-174
-162
-104
-43
-67
-68
8
50
40
71
92
100
109
99
97
49
78
63
30
50
53
72
92
100
53
54
23
15
20
14
-39
-69
-78
-77
-90
-128
-139
-177
-173
-205
-180
-200
-207
-194
-183
-125
-134
-95
-74
-77
-42
-26
10
4
30
21
78
115
119
110
97
112
86
126
121
158
121
78
144
103
107
100
40
86
62
84
71
21
-22
-112
-96
-105
-153
-182
-155
-140
-133
-107
-115
-114
-109
-94
-71
-71
-119
-97
-135
-152
-97
-127
-165
-135
-119
-77
-57
-57
-29
18
0
14
50
10
-20
-6
25
15
9
33
53
42
51
79
83
85
110
132
120
140
167
171
146
153
117
109
69
45
40
-17
-51
-37
-91
-95
-34
-43
-32
-18
30
6
-61
-21
13
-38
25
48
44
6
-29
-17
15
21
6
30
67
46
84
94
62
114
76
84
80
62
85
61
48
118
82
73
90
47
104
31
-22
-42
-36
-44
-51
9
-15
12
39
-37
-3
5
2
-16
-17
7
-43
17
-25
36
41
45
45
42
59
20
-15
7
11
-52
-9
34
-3
-2
4
-34
2
14
35
20
-4
8
25
34
36
54
49
19
34
66
82
68
79
111
65
24
46
55
8
11
-44
-5
-25
-56
-44
-10
-16
-27
-11
-30
-67
-42
-49
-123
-130
-130
-139
-198
-159
-181
-212
-221
-224
-156
-158
-144
-131
-153
-138
-83
3
13
-2
42
59
33
47
80
59
61
51
22
67
85
45
39
41
44
34
48
113
76
44
35
-24
-66
-52
-60
-37
18
-10
-3
-38
-32
-49
-73
-6
-17
-45
-89
-68
-112
-170
-118
-90
-87
-119
-114
-104
-104
-127
-142
-182
-195
-178
-211
-185
-198
-178
-147
-122
-145
-159
-163
-177
-215
-226
-233
-192
-184
-165
-190
-130
-97
-109
-107
-118
-93
-125
-117
-145
-80
-71
-88
-49
-73
-77
-106
-145
-153
-135
-134
-124
-62
-71
-83
-98
-82
-49
-62
-82
-22
-58
-53
-83
-85
-40
-76
-73
-14
-2
22
66
76
105
51
86
95
111
119
124
189
133
131
154
79
70
56
30
-22
-37
-49
-20
-59
-86
-78
-106
-123
-121
-70
-53
-98
-87
-62
-119
-134
-174
-205
-194
-214
-222
-207
-191
-170
-206
-239
-205
-151
-145
-112
-68
-64
-44
-35
14
-55
-32
52
6
-15
-31
0
-54
-28
-35
-54
-99
-112
-76
-60
-26
6
22
-7
-51
-79
-56
-112
-105
-108
-162
-208
-210
-203
-243
-265
-245
-200
-208
-231
-195
-259
-281
-266
-245
-221
-182
-85
-108
-115
-55
-124
-116
-134
-154
-127
-149
-121
-75
-60
-50
33
67
14
19
9
52
56
24
-9
20
38
31
34
21
28
22
27
8
14
33
23
31
3
4
-14
1
-19
-17
-97
-111
-76
-78
-91
-127
-138
-145
-80
-109
-79
-48
-30
-17
-14
-22
-58
-18
-18
14
2
11
-31
-47
-20
-24
-15
-5
-9
17
53
49
64
51
33
58
39
-23
3
30
-13
12
7
10
1
7
19
13
-16
1
0
-8
-15
-24
-24
-34
3
-4
-71
-61
-73
-107
-116
-134
-133
-91
-75
-89
-18
-29
-55
-67
-67
-95
-55
-16
-42
-17
-14
-48
-47
-98
-139
-53
-56
-70
-98
-41
-74
-119
-104
-99
-55
-75
-37
-34
-41
-49
-29
-17
53
44
68
89
69
102
110
183
177
182
142
148
151
148
145
99
89
86
63
34
17
40
49
31
48
27
39
27
-40
-57
-72
-104
-131
-150
-124
-164
-158
-198
-195
-136
-171
-200
-201
-218
-215
-173
-197
-196
-158
-167
-124
-118
-133
-151
-153
-174
-214
-218
-185
-183
-173
-189
-170
-181
-175
-106
-112
-151
-91
-22
-45
-16
-48
-30
-14
-71
-40
-48
-50
-55
-57
-21
-54
-33
-27
-33
5
19
6
-20
-7
-27
4
-7
-18
-39
-37
-20
-17
-23
0
-13
2
21
-25
-14
15
20
-9
-14
10
42
62
58
25
41
37
5
43
16
65
90
58
108
80
120
129
133
151
139
185
184
156
120
131
147
154
100
41
96
103
82
109
59
26
59
18
-29
13
-34
-25
23
38
34
18
-12
-24
20
-40
-33
-18
-4
-24
-38
-27
2
27
18
-24
-53
-59
-51
-64
-54
-48
-75
-47
-61
-71
-78
-44
-59
-38
-79
-51
-7
-44
-23
-27
24
-8
5
40
38
73
53
57
73
47
36
87
71
96
87
105
131
116
98
126
119
117
151
91
148
172
158
150
152
181
121
93
99
32
3
38
18
23
4
-25
-19
20
13
-22
-10
-72
-90
-133
-152
-126
-158
-178
-165
-150
-159
-72
-92
-130
-103
-76
-104
-100
-117
-100
-66
-68
-87
-27
-4
-21
12
49
94
76
56
53
71
74
64
16
47
15
21
33
28
29
24
47
40
-12
-31
-36
-59
-85
-93
-91
-75
-65
-35
-33
-67
-99
-94
-32
-90
-135
-121
-117
-124
-105
-107
-50
-36
-60
-62
-50
-48
-27
7
28
42
56
70
30
18
13
8
-16
-27
-29
-43
-48
-69
-50
-42
-56
-28
-29
-15
19
39
37
22
27
47
94
101
47
40
9
-56
-3
-24
-37
-35
-21
-46
-92
-35
-84
-111
-128
-84
-41
-79
-79
-65
-47
-49
-70
-23
-25
-19
-58
-67
-73
-92
-23
-87
-77
-133
-133
-106
-103
-81
-61
-58
-103
-49
-54
-43
-69
-74
-34
7
63
63
123
149
99
76
71
33
42
25
14
22
3
54
82
13
12
14
30
33
2
-40
-46
-38
-67
-91
-78
-79
-90
-112
-125
-112
-86
-113
-121
-160
-206
-206
-186
-161
-189
-200
-172
-172
-181
-119
-103
-85
-69
-54
-57
-61
6
-3
37
70
42
33
79
62
122
156
115
146
179
193
136
95
80
63
56
78
36
6
-42
-62
-49
-63
-94
-167
-133
-157
-203
-210
-219
-197
-202
-203
-190
-186
-215
-256
-270
-273
-287
-266
-239
-214
-240
-231
-202
-225
-227
-177
-147
-153
-112
-81
-60
-65
-53
-69
-60
-78
-95
-137
-126
-48
-128
-128
-166
-160
-149
-145
-144
-153
-154
-146
-155
-138
-138
-142
-116
-98
-83
-89
-95
-105
-117
-85
-114
-71
-50
-98
-87
-30
12
-17
12
12
39
-1
27
33
-35
-21
-30
-48
-45
-2
-15
14
26
20
36
-23
-5
-44
-67
-63
-131
-71
-69
-68
-65
-74
-82
-129
-123
-175
-147
-160
-140
-102
-113
-56
-94
-30
-75
-91
-97
-106
-107
-191
-166
-216
-231
-202
-161
-148
-122
-125
-136
-133
-145
-132
-148
-180
-206
-152
-135
-137
-87
-79
-66
-124
-119
-99
-143
-134
-134
-151
-97
-73
-27
-8
-10
32
36
13
54
92
34
15
33
51
34
11
82
93
76
82
60
72
127
145
122
83
79
74
107
122
111
116
96
52
62
86
93
95
64
91
136
174
169
143
128
153
125
144
147
206
198
184
118
93
72
47
-10
-17
-2
-11
16
-35
-52
-72
-56
-31
-51
-47
-83
-141
-137
-163
-224
-245
-237
-243
-199
-229
-248
-251
-230
-205
-195
-135
-113
-100
-94
-134
-112
-98
-155
-158
-106
-92
-116
-66
7
-26
-19
53
39
39
74
31
51
8
-47
16
8
22
23
-15
-37
-49
-60
-98
-95
-101
-132
-134
-152
-116
-164
-198
-178
-182
-250
-191
-207
-194
-169
-219
-221
-138
-123
-88
-71
-102
-78
-152
-107
-50
-68
-17
18
33
58
76
81
81
89
56
68
99
101
92
88
96
61
54
54
60
58
51
79
52
49
26
8
-34
-10
-44
-24
-23
-53
-37
-83
-57
-75
-63
-62
-11
-66
-76
-54
-29
15
29
48
43
-3
-2
4
-7
10
-50
-12
-7
-10
32
81
99
125
112
123
84
89
87
86
118
81
122
79
44
40
66
80
44
45
22
68
64
89
71
97
108
74
103
111
96
71
98
135
128
119
125
127
120
87
69
45
29
12
51
75
80
83
76
76
87
84
67
87
86
80
52
103
122
105
118
100
158
167
128
181
213
202
184
190
191
138
178
151
139
127
87
76
98
119
81
163
101
138
142
66
95
110
98
111
49
48
16
7
42
46
63
55
102
120
139
145
185
215
196
195
180
211
228
233
230
171
186
199
161
123
91
51
38
66
88
117
107
115
108
103
132
120
117
61
35
19
-19
31
36
48
18
18
37
67
58
56
66
22
26
67
112
88
19
59
41
12
16
0
7
35
83
56
54
58
97
63
76
101
83
42
13
58
71
86
76
79
92
116
112
140
136
140
208
163
179
223
231
224
213
177
167
180
168
154
112
125
63
75
55
65
61
29
64
-4
39
49
79
66
16
-13
-12
-6
-53
-41
-19
0
-21
19
15
33
72
102
180
197
178
171
206
220
180
211
193
198
206
172
173
193
219
220
199
159
171
166
185
156
178
159
150
135
105
109
78
41
-7
8
25
-38
-26
2
2
0
12
47
61
72
54
80
78
53
58
87
120
91
117
130
64
71
80
84
61
16
55
41
30
28
-10
33
26
42
60
18
73
70
-13
6
-3
40
-2
25
11
-18
-33
-58
-29
-6
-13
0
57
23
93
49
74
133
139
112
108
99
51
108
60
8
0
40
41
48
29
-14
6
64
24
43
59
44
46
90
98
59
79
57
72
50
69
42
19
-8
-5
-11
-17
-45
-43
-76
-128
-148
-151
-146
-150
-117
-115
-110
-103
-113
-158
-142
-139
-56
-66
-15
13
2
47
-14
2
71
23
19
50
63
107
114
65
71
94
90
108
115
98
136
91
89
101
100
100
69
59
51
61
34
35
-16
60
39
53
60
13
5
-33
-46
-44
-64
-66
0
-29
-24
8
-7
19
16
16
23
-27
-33
1
-12
-56
-58
-122
-69
-92
-144
-155
-145
-133
-154
-132
-137
-139
-112
-119
-104
-97
-98
-64
-43
-34
-96
-63
-115
-125
-67
-119
-127
-135
-131
-147
-73
-28
-27
-29
-5
19
5
-17
-25
-28
14
-28
-53
-66
-43
11
-39
-14
46
60
-13
-20
25
-36
-31
-22
-42
-5
-55
-39
-30
-51
-48
-97
-41
-25
-16
-2
-12
6
-15
-3
29
56
26
74
78
47
48
75
39
30
42
28
16
1
81
78
96
85
89
62
103
67
44
53
18
5
-24
-78
-82
-57
-69
-73
-70
-73
-96
-84
-110
-103
-76
-90
-82
-87
-55
-59
-54
-25
-73
-101
-101
-99
-166
-196
-145
-137
-147
-115
-115
-147
-93
-56
-51
-78
-72
-45
-66
-17
-49
-82
-87
-73
-89
-67
-117
-104
-74
-87
-63
-80
-77
-64
-40
-33
-16
4
34
25
46
39
54
69
46
57
102
128
131
159
138
144
99
107
80
43
72
53
85
109
88
60
53
50
53
-11
13
-27
-59
-28
-46
-89
-101
-116
-123
-109
-125
-82
-89
-106
-106
-130
-164
-118
-106
-136
-119
-98
-97
-74
-84
-71
-53
6
28
2
23
23
-10
-41
-83
-70
-61
-42
-52
-20
15
34
33
30
22
-10
-36
-20
-19
8
27
44
39
33
3
-25
-38
-55
-50
-90
-88
-80
-90
-97
-134
-136
-134
-114
-151
-142
-106
-144
-160
-172
-210
-173
-140
-125
-146
-143
-128
-148
-101
-128
-104
-105
-146
-139
-160
-141
-183
-180
-114
-121
-82
-87
-32
15
26
-50
-28
38
3
29
64
50
81
111
63
43
17
5
8
-11
-36
-41
-86
-94
-70
-63
-44
-11
-5
-10
-1
-27
-25
-61
-106
-80
-122
-134
-178
-158
-167
-140
-97
-136
-134
-104
-85
-138
-95
-101
-82
-51
-51
5
-52
-29
5
3
17
23
13
32
14
3
2
-14
5
-28
-26
-50
-52
-28
-43
-16
17
14
-11
-33
-15
-29
18
-20
-47
-48
-29
-17
-62
-57
-77
-71
-49
-90
-106
-48
-79
-51
-27
-64
-54
-46
-43
-37
-36
-53
-56
-71
-87
-103
-82
-74
-132
-132
-215
-201
-184
-184
-158
-156
-128
-143
-121
-106
-35
-42
-55
-41
-48
-94
-80
-35
-53
-25
4
60
29
2
19
44
58
85
54
49
88
82
73
78
82
67
85
102
78
78
97
97
88
90
56
39
46
31
59
58
52
41
89
95
111
127
30
-10
-12
-13
-19
-49
0
-26
13
9
28
50
24
28
24
50
26
29
37
6
-55
3
18
-25
-11
-21
27
11
14
-2
18
45
43
87
86
104
112
136
134
104
142
126
144
162
148
197
166
201
164
158
215
216
185
152
164
100
113
95
51
57
59
80
73
73
69
45
17
27
-10
4
-18
7
-41
-59
-7
-2
15
22
60
71
52
34
72
74
126
115
123
87
135
154
133
78
94
78
64
136
76
91
77
106
107
74
75
90
75
53
57
69
64
51
57
86
57
45
72
25
48
71
55
52
59
64
49
32
22
-1
11
-26
-18
17
21
27
8
18
47
8
-3
18
19
58
58
55
98
75
115
115
119
123
65
95
86
96
102
116
135
81
51
98
124
160
124
96
146
159
136
112
122
116
74
91
117
74
33
31
68
96
82
108
99
102
132
105
126
136
173
166
154
162
159
198
187
171
163
132
143
114
112
139
118
131
128
184
174
207
244
219
255
229
268
219
174
179
137
138
127
159
163
162
151
129
132
102
68
86
135
191
214
205
242
239
252
195
214
243
260
253
275
289
274
280
272
255
284
275
262
250
259
241
224
249
261
287
309
322
344
363
401
384
352
349
361
324
297
323
277
257
251
298
301
343
334
288
227
221
259
233
211
177
162
192
201
197
203
172
200
195
174
193
196
223
232
220
281
286
251
273
254
222
205
230
235
244
219
208
225
189
260
236
254
265
224
201
145
152
172
208
175
170
213
212
202
224
183
194
171
167
115
113
98
96
126
138
143
126
179
149
144
95
89
104
89
121
152
122
129
172
186
143
142
167
160
206
229
209
264
283
288
278
283
325
333
303
326
329
309
328
316
328
362
356
332
301
247
189
203
233
239
255
209
225
223
241
222
176
233
234
217
223
250
251
248
281
272
292
305
276
270
280
284
267
275
282
316
338
372
381
369
390
402
407
375
399
397
329
310
321
321
316
347
381
315
303
306
299
251
244
200
129
184
192
182
178
177
140
140
156
156
179
165
158
179
145
137
106
81
145
177
190
244
222
234
225
201
218
206
205
206
213
204
256
287
303
291
319
305
284
290
239
228
230
239
282
346
338
322
365
361
315
299
304
317
310
307
307
317
264
267
245
195
230
221
188
196
219
217
321
346
325
307
271
321
323
292
268
271
254
282
291
262
277
235
295
314
249
259
236
189
178
167
154
169
151
195
223
177
204
211
177
193
217
224
233
264
308
351
374
374
366
385
334
338
396
319
311
306
330
299
290
295
300
253
194
256
243
199
236
181
199
166
146
120
86
78
60
123
90
146
154
125
135
137
159
183
150
178
152
172
203
216
248
209
188
194
144
130
193
165
196
222
232
270
242
208
185
137
123
106
115
146
133
118
119
102
158
132
73
66
72
122
144
138
103
105
84
120
107
97
53
74
80
71
142
69
61
5
39
54
64
19
48
104
77
83
70
86
45
29
42
49
30
-11
3
-8
9
47
34
24
-12
-28
-15
44
3
19
42
4
40
30
15
26
81
44
46
70
75
142
138
142
145
101
161
168
164
100
118
114
77
61
52
15
25
12
0
28
-13
12
12
0
20
-15
-95
-27
-76
-86
-117
-158
-179
-186
-208
-190
-165
-201
-146
-108
-77
-72
2
-2
1
18
27
3
34
18
-8
-16
-37
-20
-59
-55
-48
-16
-15
10
14
36
30
-5
43
51
22
40
103
96
125
112
80
144
136
123
109
82
68
76
77
51
44
37
75
78
69
92
92
108
96
72
48
92
143
182
198
235
250
145
114
118
84
63
-2
-34
-34
-94
-81
-85
-62
-41
10
26
27
12
39
48
77
99
83
95
93
80
63
73
58
82
26
24
-8
-45
-8
-18
17
23
6
8
16
41
66
67
54
96
72
45
79
80
63
83
64
90
60
77
132
133
107
112
123
120
112
116
110
96
94
36
50
22
13
13
41
29
32
62
48
57
21
46
38
23
11
4
14
15
-51
-79
-53
-126
-96
-95
-83
-69
-31
26
23
-5
39
58
61
69
90
101
94
66
6
-44
-8
-35
0
0
42
69
78
38
11
53
43
109
58
47
51
70
78
68
74
45
38
-1
11
-11
-46
-10
-20
19
59
91
91
109
126
85
57
35
59
97
48
21
37
33
33
-37
-35
-15
-22
38
40
-36
-66
-99
-57
-71
-111
-135
-121
-109
-102
-8
-77
-59
-60
-41
25
36
21
-23
-18
-36
-88
-113
-130
-147
-99
-101
-58
-13
-27
-28
-47
-65
-80
-91
-129
-153
-145
-93
-125
-132
-159
-135
-139
-152
-180
-236
-245
-237
-220
-204
-226
-178
-130
-92
-111
-79
-51
-70
-81
-134
-116
-167
-151
-233
-251
-237
-293
-248
-234
-229
-200
-196
-170
-181
-148
-130
-112
-116
-113
-145
-200
-201
-223
-204
-212
-215
-204
-173
-223
-196
-236
-210
-177
-178
-168
-179
-165
-167
-186
-155
-161
-174
-186
-200
-191
-165
-174
-226
-260
-298
-271
-263
-300
-325
-299
-282
-262
-313
-288
-293
-287
-273
-272
-285
-322
-327
-336
-341
-336
-330
-382
-351
-376
-407
-378
-347
-291
-337
-391
-360
-388
-334
-327
-312
-289
-267
-233
-267
-279
-262
-295
-310
-289
-351
-348
-299
-247
-254
-257
-278
-280
-315
-327
-303
-292
-267
-258
-182
-167
-173
-151
-180
-218
-252
-237
-222
-190
-154
-174
-219
-250
-247
-275
-291
-274
-257
-262
-235
-248
-223
-228
-204
-244
-278
-232
-283
-267
-308
-285
-297
-276
-330
-336
-315
-383
-385
-436
-418
-475
-436
-492
-487
-465
-490
-455
-415
-369
-386
-384
-426
-414
-361
-353
-338
-339
-360
-293
-313
-293
-264
-310
-376
-323
-282
-245
-235
-271
-258
-265
-233
-238
-225
-223
-229
-208
-188
-211
-219
-248
-303
-308
-332
-365
-338
-370
-381
-389
-379
-354
-408
-416
-415
-426
-465
-453
-447
-460
-455
-433
-386
-381
-400
-373
-362
-363
-339
-320
-366
-368
-397
-372
-370
-391
-343
-315
-289
-231
-216
-226
-187
-191
-151
-174
-206
-173
-157
-212
-217
-267
-282
-276
-285
-284
-344
-336
-386
-383
-381
-390
-405
-432
-403
-387
-333
-333
-329
-358
-367
-303
-327
-302
-317
-326
-350
-358
-332
-380
-330
-284
-270
-225
-185
-165
-207
-163
-166
-181
-196
-207
-225
-282
-272
-325
-311
-263
-282
-269
-253
-282
-303
-275
-236
-200
-122
-112
-110
-108
-137
-125
-124
-113
-147
-176
-237
-195
-199
-227
-196
-222
-198
-193
-172
-114
-128
-156
-179
-163
-140
-177
-199
-184
-220
-250
-299
-302
-273
-241
-169
-190
-176
-209
-219
-250
-275
-279
-298
-304
-272
-263
-269
-243
-284
-281
-313
-273
-284
-264
-284
-245
-181
-162
-118
-125
-67
-105
-91
-104
-146
-118
-167
-127
-132
-152
-166
-148
-169
-160
-90
-72
-39
-42
-77
-116
-103
-130
-127
-112
-95
-132
-89
-69
-86
-89
-135
-155
-174
-100
-104
-86
-94
-122
-107
-126
-121
-126
-72
-81
-77
-13
-36
-43
1
-21
-37
-44
-89
-66
-133
-133
