SAMPLES:	17377
BITSPERSAMPLE:	16
CHANNELS:	1
SAMPLERATE:	16000
NORMALIZED:	FALSE
-1
21
-5
18
25
29
90
78
81
80
61
23
27
70
74
66
79
102
49
28
71
57
34
103
69
100
91
140
108
85
86
93
87
41
-2
51
50
-4
-2
-47
3
-46
-38
-9
-14
-26
2
61
69
79
81
67
6
7
28
4
40
16
31
61
112
132
152
178
181
231
203
203
198
192
211
226
215
212
195
163
195
132
149
143
110
95
85
88
70
89
108
92
107
97
81
82
55
62
79
78
80
118
107
98
101
107
86
99
134
125
164
174
175
204
198
202
260
195
202
183
138
131
140
157
138
147
103
99
129
129
118
133
84
92
123
129
121
133
90
110
120
24
32
0
-1
-44
-13
35
56
116
118
143
168
152
173
139
149
195
199
264
268
252
256
247
254
217
159
144
148
154
188
168
192
199
183
198
216
217
217
192
207
207
249
261
202
234
242
246
215
226
221
228
209
197
165
162
169
254
252
212
227
214
253
212
225
201
206
222
221
268
229
253
246
222
166
139
123
134
171
148
174
166
167
161
194
231
236
246
246
247
229
258
297
269
248
244
239
231
206
246
263
245
191
222
223
229
236
234
271
257
240
231
202
197
210
190
204
197
139
120
102
77
69
99
108
149
206
181
206
206
224
264
257
266
285
276
249
249
243
257
271
256
266
240
252
227
223
267
254
208
225
266
256
207
210
140
137
131
108
102
65
90
101
74
76
117
97
102
118
105
119
162
127
136
190
222
254
240
269
275
222
203
210
187
163
205
217
202
211
182
155
113
84
61
52
30
62
68
64
85
130
144
142
125
99
138
128
118
105
91
119
116
151
118
117
144
120
165
127
133
197
173
166
176
191
205
163
157
145
142
119
118
144
107
107
98
116
66
71
71
51
78
74
60
75
100
86
109
117
141
127
101
67
45
84
18
-20
22
42
57
96
82
67
85
77
37
31
79
60
20
44
104
117
83
76
66
69
89
76
121
73
53
42
19
50
41
66
89
82
63
66
57
35
42
0
25
17
60
87
102
76
48
31
6
17
-2
-37
-58
-55
-45
-61
-48
-60
-65
-44
-65
-80
-16
6
-17
40
45
25
48
59
23
57
60
20
15
12
-3
-14
-16
-15
1
4
62
70
71
43
62
92
45
98
83
94
118
50
82
62
31
43
60
90
42
66
49
100
112
55
46
48
71
80
90
60
54
74
91
83
69
46
18
14
14
-41
-35
-41
-85
-45
5
-23
-36
-20
2
40
50
88
65
76
83
32
38
27
12
-7
39
-16
-29
3
-2
-33
-29
-14
-49
-13
-21
-13
-25
-13
-43
-95
-68
-43
-88
-131
-109
-110
-89
-132
-96
-58
-74
-57
-16
-49
-70
-11
-6
-14
25
43
50
11
16
4
-41
-60
-130
-108
-68
-28
-61
-51
-84
-61
-58
-54
-51
-110
-58
-50
-78
-87
-58
-29
18
-48
-50
-46
-86
-54
-29
-44
-55
-25
-16
-13
-13
-20
-6
-79
-45
-20
-7
-3
-65
-12
14
-6
-22
-35
-42
-46
-75
-55
-114
-93
-89
-133
-63
-70
-108
-120
-82
-77
-96
-48
-86
-71
-77
-62
-46
-71
-62
-101
-60
-83
-103
-64
-48
-66
-43
-82
-43
-26
2
24
-11
-33
-54
-78
-90
-101
-120
-91
-109
-91
-56
-19
-58
-74
-165
-196
-186
-210
-189
-179
-219
-181
-170
-199
-167
-183
-144
-138
-126
-76
-60
-67
-67
-89
-66
-78
-59
-59
-87
-88
-66
-45
-64
1
13
-30
1
3
16
18
1
3
-31
-80
-69
-75
-78
-131
-94
-86
-127
-160
-176
-171
-210
-222
-211
-163
-158
-154
-152
-127
-133
-125
-145
-148
-107
-120
-122
-164
-158
-175
-200
-173
-160
-176
-152
-133
-91
-56
-62
-43
-63
-33
-46
-74
-65
-108
-80
-95
-108
-106
-101
-75
-121
-61
-76
-62
-58
-32
5
20
-3
-10
4
-24
-39
-6
-20
-43
-3
-2
-15
-12
26
48
-2
-16
-30
-39
-29
-43
3
-39
-59
-66
-93
-56
-31
-17
-25
-4
38
8
0
-5
6
16
-4
-19
-38
-11
-78
-70
-28
-1
7
-28
-4
-5
-4
-3
-1
1
36
24
17
-31
-28
-34
-37
-69
-57
12
-33
-4
-2
10
21
39
72
37
21
64
35
23
-4
-34
21
-9
-28
-20
-42
-72
-77
-86
-17
-6
22
63
78
107
91
43
30
15
9
16
30
-6
-32
6
16
59
63
113
82
56
72
24
40
55
56
56
52
41
53
50
46
89
79
-6
8
14
47
-3
2
8
-13
35
5
-5
23
41
51
71
80
58
41
29
28
-3
25
59
12
47
28
55
85
40
62
76
91
103
62
68
75
75
54
42
65
59
110
106
67
44
44
44
8
-14
3
-15
-14
5
-16
-22
-2
-16
13
38
35
70
60
84
75
67
24
-2
34
87
110
80
63
73
44
80
59
17
25
2
47
47
67
47
14
-8
-3
47
49
42
34
82
96
108
149
88
120
104
119
75
76
119
103
147
62
67
58
34
9
29
100
77
104
126
94
142
152
148
86
56
27
3
-13
-25
-49
-62
-53
-47
-31
11
67
59
123
93
50
114
143
110
115
89
46
1
32
18
-3
36
-8
37
35
84
100
125
114
118
121
110
173
178
177
157
137
94
158
144
141
220
183
167
160
163
181
184
182
134
152
165
118
140
153
174
105
98
137
104
127
139
153
144
152
167
170
134
113
100
59
46
43
-2
9
27
36
3
0
1
-9
36
39
47
24
45
69
80
87
91
99
74
58
19
-7
-1
42
-10
-6
6
-12
10
5
19
29
21
8
17
-4
5
-4
-16
10
32
23
32
73
65
70
60
40
20
16
50
76
82
43
56
107
47
25
56
56
43
63
13
62
73
46
95
58
19
8
10
20
9
-15
-6
4
22
6
43
5
19
50
49
69
49
61
19
-5
-13
5
-8
9
-3
-13
18
39
26
21
17
7
61
67
35
58
71
75
111
90
98
75
111
52
34
66
45
41
41
70
68
89
78
90
92
69
57
49
70
82
87
35
-3
3
-1
-19
-31
31
31
50
73
53
67
35
21
89
85
88
58
69
72
34
8
88
72
52
50
82
63
6
84
0
97
59
24
101
72
98
87
117
104
88
111
88
99
69
59
52
22
58
58
15
43
49
-14
7
9
-6
17
25
37
23
17
51
94
82
106
85
107
95
59
94
72
29
57
71
78
60
111
125
140
193
201
158
174
158
132
160
178
190
157
164
184
151
166
106
119
87
101
79
-5
27
3
5
-8
-36
-37
-5
-17
-26
-4
7
27
77
40
36
52
81
68
74
106
68
87
129
89
115
164
118
132
138
147
86
95
81
88
89
78
91
71
65
71
52
-1
-62
-78
-50
-26
-52
-91
-30
-55
-67
-37
8
8
25
55
74
85
69
116
95
118
152
141
120
124
116
133
156
200
214
210
254
253
255
239
211
267
216
167
161
166
203
193
205
172
111
88
68
82
85
73
69
34
20
50
82
108
96
57
29
55
13
40
43
86
31
2
-9
-19
24
58
80
70
76
46
57
90
135
148
183
223
215
182
179
196
185
162
117
94
54
47
82
94
118
131
138
180
206
199
178
160
200
190
127
153
124
89
126
158
175
169
172
185
223
201
224
237
286
252
255
274
266
262
261
301
223
225
247
247
195
152
154
182
195
144
161
193
204
197
240
230
216
215
188
168
121
136
96
70
107
89
67
84
95
132
119
131
138
180
209
187
228
221
215
199
199
199
198
238
279
240
328
316
300
247
243
264
243
271
237
247
232
264
282
294
313
299
326
311
285
298
286
295
264
237
241
242
257
252
286
252
216
268
274
329
312
332
339
333
362
362
377
408
418
424
454
446
478
505
485
484
445
449
428
412
371
350
374
381
408
409
366
340
345
329
320
333
323
308
316
307
307
271
228
254
211
188
185
185
179
123
140
122
144
144
167
220
228
250
272
307
308
301
303
350
357
325
340
316
334
356
335
356
343
338
350
394
395
419
426
394
371
377
368
345
387
377
333
308
297
349
324
288
293
311
309
313
313
309
296
277
323
321
286
293
286
265
220
256
282
291
314
326
321
323
303
343
329
304
375
365
392
399
385
384
380
377
373
338
302
287
263
238
267
278
306
288
321
331
275
239
219
183
152
172
142
145
111
110
155
158
175
152
126
108
138
120
124
188
191
211
239
229
261
279
256
255
259
253
272
290
287
334
334
354
464
434
418
419
439
468
427
412
384
361
356
264
249
264
223
216
209
215
228
269
291
324
332
362
302
350
349
290
305
280
298
304
275
284
286
253
262
247
198
242
299
241
276
283
295
280
266
265
264
250
224
252
246
204
208
239
193
200
203
189
172
166
205
180
181
173
174
143
118
126
163
182
161
193
156
207
180
210
281
301
357
335
371
386
372
363
336
315
338
325
290
267
245
265
256
232
279
263
250
267
269
284
264
239
172
200
159
110
127
74
38
70
80
75
63
62
116
138
142
155
165
214
247
271
274
262
278
233
264
229
238
180
195
173
165
188
163
228
162
161
149
141
126
95
52
37
57
34
88
81
62
38
41
20
35
43
79
118
110
147
121
107
110
128
132
155
169
120
150
205
225
188
200
183
181
182
195
190
214
222
191
225
222
177
133
174
129
183
146
128
147
73
98
128
80
73
86
77
110
114
73
38
50
66
153
121
108
124
111
81
80
97
65
41
52
68
102
136
74
109
168
166
174
193
181
199
166
171
183
184
164
131
94
81
45
18
16
28
13
-19
-4
-18
15
21
24
-51
-28
9
-13
3
40
58
57
53
10
41
46
22
-15
-5
16
48
65
42
75
95
109
106
132
162
189
213
239
203
234
270
264
272
252
256
197
190
210
216
197
158
134
75
83
84
109
124
73
68
102
115
89
100
63
87
137
97
102
72
79
30
40
58
38
21
20
32
10
84
120
121
136
57
40
96
68
29
70
56
34
13
31
72
39
31
5
24
6
74
79
94
89
98
153
178
182
163
184
181
170
122
96
88
91
173
121
116
118
106
201
182
203
195
200
177
179
155
157
220
167
160
146
203
191
146
156
166
205
157
157
129
141
120
126
135
125
152
164
144
131
125
126
131
136
159
89
48
37
58
52
82
129
116
157
142
131
154
194
168
161
133
154
155
135
119
127
153
150
127
106
179
130
115
136
124
155
161
164
107
102
104
99
100
87
76
77
73
60
105
79
58
79
88
131
189
195
197
181
197
233
211
178
141
161
150
136
138
95
70
79
53
59
84
46
92
91
128
133
152
153
116
164
167
113
39
51
0
-22
-25
1
-23
-2
14
-21
18
30
73
14
51
83
52
62
64
20
-8
33
11
31
3
12
5
49
66
50
59
72
69
82
86
109
40
59
81
47
74
50
61
70
78
51
70
66
42
106
114
84
66
30
27
-2
-25
-42
-56
-61
-28
6
65
131
166
162
146
190
159
111
181
175
147
161
171
161
141
150
127
129
160
183
133
149
132
100
57
57
67
86
96
73
92
87
70
73
71
27
21
-20
0
-41
-44
-11
-25
35
62
100
74
65
54
62
67
54
42
48
40
88
99
113
82
68
95
59
67
59
44
70
78
84
98
59
90
108
109
60
67
29
35
52
13
28
70
93
97
117
86
113
145
146
121
114
112
88
117
115
116
132
125
145
148
126
137
157
189
186
164
164
118
104
57
-10
42
8
10
2
-47
-44
-42
-43
-52
-79
-70
-74
-110
-83
-110
-136
-118
-120
-69
-55
-91
-94
-37
0
-9
-31
-24
-3
-38
12
5
52
79
37
46
42
60
59
75
102
68
44
54
98
72
74
93
82
126
110
87
92
61
40
34
1
16
27
8
49
61
65
55
82
114
105
134
134
95
91
120
98
141
86
139
72
19
27
-31
-17
-7
-57
-41
-100
-77
-23
-13
7
2
14
-22
44
18
45
44
-15
-13
-73
-62
-68
-58
-20
-80
-55
-6
25
17
28
27
16
1
-45
-18
2
27
-12
31
23
-36
-14
44
4
36
25
2
18
-58
-23
36
27
9
44
36
45
68
81
123
137
152
128
121
142
110
109
100
90
117
100
104
97
115
196
134
144
160
162
168
150
128
67
34
45
61
42
9
45
80
74
107
96
91
125
106
126
144
89
45
46
31
16
-37
-16
-10
-3
9
8
17
31
121
69
116
104
110
101
97
72
79
103
65
56
33
5
22
52
-6
30
52
-18
-6
36
39
12
-10
5
8
-23
-1
51
22
53
81
43
69
52
31
71
92
69
56
84
89
66
82
73
130
139
124
156
139
174
144
102
136
114
146
141
133
134
118
106
63
72
67
63
86
63
11
-13
-35
-91
-90
-65
-25
-32
-41
-18
-18
25
11
21
14
21
34
30
11
33
29
-34
-30
15
6
26
46
46
73
74
96
58
64
67
44
36
44
49
-4
11
6
-11
-22
-83
-3
-15
-25
33
47
31
46
61
74
84
66
92
71
90
155
182
184
180
160
179
199
148
112
93
122
86
92
88
80
104
63
97
113
134
84
65
88
68
86
74
81
80
26
38
31
17
36
-27
1
-6
-45
7
-34
25
41
-29
3
0
-28
-21
-40
-8
-39
-31
-8
1
-43
-86
-37
-27
-22
-50
-74
-62
-87
-85
-76
-141
-97
-91
-47
-65
-59
-30
-51
-55
-49
22
-17
9
20
35
58
60
109
113
107
112
116
61
51
47
72
50
24
66
98
76
70
104
120
84
75
97
80
90
55
78
86
94
87
50
49
45
10
8
7
-38
-32
-84
-50
-48
-2
6
-39
-22
-64
-85
-65
8
21
-11
-21
-43
-77
-107
-119
-149
-137
-152
-196
-132
-66
-73
-113
-80
-69
-71
-59
-72
-32
-29
-100
-103
-101
-111
-101
-111
-120
-123
-194
-168
-129
-164
-194
-154
-79
-126
-91
-61
-84
-79
-56
-54
-94
-129
-162
-166
-190
-198
-193
-185
-221
-223
-223
-226
-175
-165
-192
-149
-125
-97
-57
-63
4
45
44
29
27
26
29
14
71
10
-48
-84
-86
-134
-145
-132
-155
-128
-114
-87
-159
-133
-85
-105
-136
-162
-150
-159
-136
-151
-159
-155
-171
-211
-201
-208
-178
-172
-195
-137
-153
-129
-113
-119
-148
-138
-134
-124
-90
-57
-102
-114
-107
-122
-113
-158
-189
-233
-158
-172
-193
-136
-145
-137
-129
-126
-162
-168
-165
-169
-150
-139
-130
-120
-107
-56
-43
-72
-42
-97
-112
-95
-67
-102
-94
-53
-80
-93
-122
-80
-113
-149
-101
-108
-117
-61
-64
-104
-130
-121
-119
-118
-130
-140
-102
-145
-170
-178
-170
-160
-169
-182
-216
-201
-188
-186
-176
-163
-194
-150
-163
-165
-172
-191
-142
-181
-161
-157
-162
-189
-192
-195
-162
-142
-101
-86
-105
-102
-73
-62
-71
-86
-110
-105
-177
-94
-74
-80
-62
-82
-82
-87
-62
-68
-70
-73
-94
-144
-139
-143
-138
-94
-113
-104
-87
-80
-47
-69
-90
-40
-125
-160
-173
-149
-113
-141
-129
-108
-78
-84
-102
-44
-116
-155
-133
-108
-121
-98
-106
-110
-67
-108
-33
-80
-126
-125
-116
-111
-126
-131
-111
-131
-113
-138
-181
-145
-182
-197
-193
-157
-81
-112
-156
-158
-108
-87
-137
-159
-203
-166
-144
-124
-120
-115
-98
-65
-61
-61
-94
-120
-153
-163
-167
-179
-162
-152
-126
-95
-92
-77
-69
-96
-88
-92
-76
-28
4
-19
-29
-30
-60
-77
-78
-86
-95
-143
-154
-183
-130
-85
-88
-120
-157
-166
-151
-136
-139
-162
-192
-162
-181
-165
-168
-211
-195
-264
-253
-185
-164
-197
-184
-196
-162
-102
-113
-82
-103
-73
-112
-99
-67
-113
-86
-84
-89
-112
-97
-67
-92
-81
-113
-133
-187
-172
-191
-186
-208
-173
-142
-164
-111
-124
-165
-183
-179
-166
-194
-169
-97
-107
-90
-49
-14
-46
-12
24
19
28
-10
19
19
10
-8
-1
-16
8
-33
-51
-30
-27
-32
-80
-76
-94
-69
-60
-73
-60
-74
-106
-92
-53
-99
-103
-87
-80
-157
-156
-122
-124
-101
-110
-69
-65
-53
-65
-44
1
5
-20
17
0
-8
-22
-19
-49
-47
-47
-23
-29
-52
-10
-20
12
64
67
61
82
63
40
37
-7
10
32
-13
-27
-33
-24
-84
-29
-38
-16
-77
-90
-88
-95
-41
-53
-3
11
-20
-87
-88
-116
-119
-97
-119
-86
-83
-55
-78
-58
-49
-56
-64
-100
-48
6
34
50
66
72
54
106
70
37
98
70
99
86
67
73
122
118
113
147
118
174
168
124
110
90
56
71
37
2
-15
-28
-8
-24
-54
-38
-15
8
-33
-78
-57
-21
-23
-66
-68
-11
-46
-25
-24
-10
20
21
0
-8
41
30
91
72
110
66
65
98
100
178
155
167
150
148
107
90
65
49
42
-19
-1
24
44
2
5
32
51
37
29
45
23
36
-3
-4
-15
-45
-74
-54
-51
-57
-49
-31
52
32
-10
2
1
-1
34
49
63
36
65
96
69
74
107
69
50
33
43
20
39
0
-9
30
-5
-7
-13
28
66
45
12
55
3
20
-13
-52
-33
-66
-67
-54
-23
-76
-18
23
47
44
7
20
19
15
-12
3
-45
-32
-13
10
3
40
109
68
57
30
32
57
56
101
103
73
56
26
53
30
60
29
6
77
34
18
44
69
98
65
41
19
-15
-1
-8
56
40
68
42
69
107
54
33
9
12
20
-37
-1
31
24
25
35
65
33
-10
-38
-36
-99
-76
-79
-142
-133
-78
-45
-29
-93
-102
-98
-83
-46
-47
-50
-30
-7
38
60
79
70
64
113
157
163
150
188
171
151
155
157
103
81
52
44
24
30
47
43
3
-8
-5
-31
-2
-18
6
10
-13
4
38
8
13
5
-9
21
-31
-77
-94
-44
-76
-82
-50
-25
-28
10
76
134
151
112
97
87
48
21
28
14
47
75
80
55
52
22
7
-39
6
1
-49
-94
-38
-17
-26
-32
-68
-60
-73
-106
-99
-102
-111
-117
-163
-128
-129
-158
-141
-119
-158
-182
-210
-160
-137
-112
-135
-145
-138
-94
-138
-150
-116
-111
-118
-162
-133
-130
-129
-99
-105
-85
-50
-35
-18
-58
-73
-32
-45
-35
5
27
38
59
45
59
-7
-9
24
22
21
-7
6
-37
2
-18
-20
1
16
23
18
-17
-51
-87
-133
-154
-152
-202
-212
-151
-156
-212
-184
-164
-219
-182
-208
-198
-182
-170
-100
-104
-110
-135
-135
-104
-27
-68
-85
-99
-104
-102
-86
-109
-129
-118
-160
-134
-118
-79
-72
-89
-106
-130
-132
-127
-164
-175
-177
-170
-155
-101
-115
-164
-143
-183
-149
-92
-104
-140
-111
-117
-132
-76
-54
-70
-47
-107
-106
-29
-30
-25
-40
-73
-103
-68
-62
-69
-23
-87
-120
-85
-128
-113
-88
-173
-142
-164
-174
-198
-178
-161
-169
-197
-231
-246
-236
-247
-251
-278
-259
-253
-305
-276
-289
-238
-263
-254
-248
-272
-235
-286
-285
-277
-301
-342
-315
-323
-304
-299
-319
-328
-343
-391
-375
-332
-308
-299
-267
-277
-262
-239
-256
-257
-267
-215
-245
-235
-253
-244
-239
-265
-214
-182
-174
-190
-192
-171
-173
-148
-142
-209
-226
-202
-221
-267
-270
-281
-313
-318
-326
-299
-309
-346
-336
-312
-300
-282
-246
-266
-225
-210
-241
-249
-220
-214
-199
-195
-240
-224
-216
-235
-231
-226
-160
-207
-192
-207
-263
-285
-333
-344
-364
-307
-334
-329
-327
-327
-334
-337
-314
-347
-395
-408
-382
-418
-466
-488
-460
-486
-469
-421
-409
-405
-371
-360
-363
-404
-349
-359
-380
-351
-405
-402
-432
-411
-383
-480
-447
-451
-457
-473
-472
-469
-487
-502
-482
-491
-469
-455
-438
-391
-391
-413
-417
-363
-361
-361
-396
-406
-404
-374
-349
-342
-300
-266
-264
-255
-249
-198
-221
-242
-221
-226
-245
-298
-282
-301
-271
-302
-339
-313
-338
-385
-354
-399
-459
-419
-452
-474
-494
-542
-489
-496
-480
-505
-523
-511
-515
-493
-501
-489
-526
-517
-510
-459
-465
-444
-425
-435
-441
-463
-433
-423
-426
-429
-445
-427
-453
-449
-422
-412
-399
-402
-393
-377
-375
-374
-420
-357
-331
-357
-312
-343
-335
-340
-353
-386
-436
-416
-428
-415
-435
-437
-360
-341
-331
-290
-312
-292
-252
-285
-309
-340
-358
-382
-393
-396
-370
-405
-407
-363
-333
-362
-341
-323
-307
-287
-261
-254
-281
-301
-307
-276
-280
-255
-285
-294
-264
-317
-309
-302
-303
-333
-335
-355
-343
-317
-293
-291
-284
-290
-295
-247
-234
-258
-255
-270
-274
-293
-341
-289
-277
-292
-295
-288
-291
-279
-252
-227
-263
-218
-217
-202
-189
-202
-207
-175
-120
-130
-80
-72
-84
-55
-94
-120
-104
-112
-54
-90
-68
-26
-45
-15
-34
22
-9
-74
-64
-63
-78
-133
-134
-154
-158
-165
-166
-149
-117
-98
-76
-93
-120
-118
-127
-115
-174
-161
-133
-142
-120
-124
-100
-109
-86
-101
-108
-138
-122
-57
-70
-35
-56
-18
0
-52
2
-33
22
29
-25
-14
-47
-56
-60
-84
-112
-108
-93
-85
-44
-25
-20
-32
-17
-7
17
20
24
50
45
55
-2
-40
-28
-16
-32
-18
-18
16
-54
-6
-13
-18
24
-27
9
-22
8
35
-11
3
-17
-51
-74
-111
-88
-118
-138
-135
-177
-136
-159
-133
-151
-135
-105
-90
-23
-30
-37
-38
-36
14
29
7
-9
12
17
43
54
84
103
98
103
115
138
128
146
118
101
92
93
68
44
64
95
126
127
101
133
138
114
156
127
83
116
96
108
126
112
68
67
48
33
49
81
109
51
121
143
119
128
143
145
117
85
83
87
88
59
46
107
127
144
162
146
141
123
141
137
110
123
108
100
69
40
42
57
64
93
89
85
70
44
88
93
71
104
108
148
171
142
129
97
146
146
142
178
192
207
221
221
265
234
278
295
281
291
241
260
211
224
215
171
180
152
180
216
219
241
233
191
196
234
176
229
227
254
290
256
267
221
214
158
196
184
159
188
154
130
109
143
141
155
151
185
178
177
205
227
242
240
243
249
256
249
254
235
212
221
214
196
167
199
235
213
233
199
269
302
237
237
266
250
255
240
201
219
163
150
140
82
59
29
55
48
56
68
62
94
88
154
151
178
169
232
253
200
190
165
162
191
202
192
213
210
261
220
227
239
233
217
223
262
267
315
318
311
303
300
268
266
262
251
250
242
152
159
162
196
176
152
217
157
190
199
200
134
160
196
177
197
140
115
116
122
125
115
121
184
172
161
143
127
136
162
128
139
131
95
156
134
146
139
150
169
166
147
149
173
162
140
160
162
112
168
161
175
231
213
261
282
265
262
242
237
230
240
248
249
292
309
351
353
333
358
330
287
287
266
228
149
107
126
83
106
57
75
83
61
127
100
117
115
102
113
77
63
103
125
79
74
108
126
116
116
174
162
175
195
237
275
238
317
314
295
340
316
327
306
315
312
272
285
306
345
317
290
301
303
278
308
270
236
287
284
250
257
205
183
202
120
155
157
159
190
157
186
215
212
190
208
222
242
195
211
226
246
256
270
305
261
258
283
280
318
325
296
285
343
315
323
351
352
365
357
373
396
375
331
329
277
314
283
313
304
261
279
316
329
325
318
261
264
264
232
249
268
257
254
234
196
189
185
195
225
214
229
214
234
260
271
309
289
357
370
337
344
342
325
326
323
243
285
278
300
273
268
281
283
314
311
303
303
307
306
302
316
299
302
324
241
226
209
153
167
159
124
158
159
168
158
160
198
193
187
223
186
200
227
303
315
301
342
291
263
296
344
396
365
330
365
333
364
323
335
344
250
280
202
203
230
243
288
293
278
312
335
283
283
286
245
236
259
279
277
240
240
187
137
177
130
123
136
85
161
187
203
235
231
227
184
213
227
259
231
245
266
284
316
302
265
235
248
228
204
185
213
227
201
227
244
287
308
322
333
329
344
358
386
312
303
338
285
268
250
159
150
151
160
146
125
124
127
173
171
184
209
244
260
227
188
202
173
151
151
143
120
138
153
130
129
124
91
130
143
183
235
252
276
280
277
265
253
282
305
259
250
252
251
267
232
221
191
215
168
164
168
137
191
153
127
119
152
130
110
114
155
151
130
142
105
96
76
96
103
108
112
131
160
190
111
113
191
180
179
183
216
191
224
247
303
228
211
277
231
192
141
162
179
159
168
142
117
112
129
155
155
149
151
145
120
136
155
130
115
168
166
124
162
151
123
122
175
179
138
142
201
146
91
134
117
128
89
81
107
123
112
88
130
141
128
111
151
122
89
101
111
141
121
132
142
143
167
209
213
143
145
163
190
198
181
216
163
139
165
176
152
115
141
116
161
173
176
244
225
212
215
227
218
232
242
249
205
175
165
180
194
183
191
183
150
172
212
234
250
174
222
238
242
216
214
208
163
135
115
154
113
116
97
145
124
118
144
155
172
196
221
222
295
291
264
284
284
252
213
219
177
191
167
155
147
182
203
197
228
194
175
153
195
203
201
189
259
271
231
238
195
205
157
163
165
122
121
90
124
83
61
78
49
36
36
85
112
151
209
214
232
219
234
271
311
310
336
314
295
312
285
304
297
339
350
337
361
340
346
327
308
278
280
323
304
315
307
260
222
211
194
115
114
83
42
9
45
28
71
131
125
125
110
103
75
53
37
11
53
58
44
71
64
89
80
108
116
134
133
125
149
153
176
169
177
235
247
199
210
212
238
209
224
240
236
197
203
261
240
262
236
259
227
200
184
202
189
134
165
175
135
166
155
147
160
161
140
121
166
160
140
104
64
106
53
42
49
49
84
51
100
120
99
135
122
149
176
150
196
236
236
239
279
322
312
307
281
252
253
256
269
269
295
276
307
264
225
269
249
179
183
183
210
179
129
177
112
106
85
73
74
53
2
48
22
18
44
61
72
69
108
89
159
128
150
134
143
207
188
151
177
209
231
232
251
278
277
258
275
258
229
224
202
182
145
170
157
141
103
121
132
78
55
91
86
133
135
112
126
104
105
68
51
49
33
33
31
-14
0
-16
11
15
56
62
71
79
76
107
143
89
120
180
197
261
173
157
178
165
131
127
150
134
109
98
110
101
130
161
170
178
194
180
162
213
153
138
118
84
120
133
94
100
81
50
78
75
28
31
10
-21
28
55
78
99
106
183
218
196
160
154
180
173
125
103
117
88
114
120
133
177
192
142
148
165
138
125
85
103
147
183
142
91
184
175
173
207
147
150
138
109
113
101
77
108
72
23
36
36
46
50
71
76
58
124
154
140
177
204
167
201
199
172
147
147
67
72
134
77
74
90
91
90
98
130
205
201
226
236
240
263
251
248
224
236
242
198
190
207
211
221
215
224
211
264
266
214
237
220
194
157
174
202
187
196
160
126
111
114
106
65
71
94
93
89
98
95
104
102
52
32
62
56
61
66
87
89
101
111
58
118
114
85
88
101
134
138
138
146
191
186
194
219
182
190
127
148
217
203
187
168
186
190
245
223
237
287
253
248
244
181
194
170
162
128
185
148
161
188
177
275
241
246
217
221
197
257
248
206
266
260
271
252
254
226
210
243
270
270
295
305
313
264
289
278
250
227
175
162
113
100
85
81
101
72
71
51
56
99
115
99
139
152
120
99
107
134
126
162
161
153
145
140
135
147
187
184
179
175
176
222
241
245
246
230
298
290
282
268
297
316
285
303
285
276
325
348
335
326
312
291
261
234
242
285
272
253
279
262
284
234
203
206
190
196
223
198
135
150
162
125
116
127
94
58
88
138
131
142
183
187
173
171
182
175
179
197
195
200
140
162
121
118
129
124
112
89
86
65
71
73
128
195
188
202
228
219
212
163
214
176
205
210
204
238
185
185
184
198
169
174
118
88
109
144
139
153
199
215
249
266
242
248
208
161
140
144
154
182
122
99
113
105
101
128
174
160
175
174
192
175
175
189
199
208
182
202
215
198
151
165
159
169
158
195
216
212
195
222
228
188
201
177
140
119
82
130
104
49
77
32
21
37
47
88
88
96
108
95
61
69
73
45
82
51
48
41
71
50
54
72
25
31
63
76
81
63
103
122
114
113
99
135
157
131
152
157
146
175
201
184
200
213
192
266
243
216
201
252
268
251
267
246
247
221
269
231
215
268
249
199
173
178
176
129
80
63
47
43
-18
2
46
5
-23
36
-11
-27
18
-11
-15
-23
-19
-16
-33
-60
-67
-81
-55
-110
-97
-92
-72
-17
-9
-35
-9
19
52
8
43
30
-4
48
12
10
-18
-10
-13
9
30
6
3
21
-21
-10
10
30
-12
17
45
0
11
-20
14
-2
-24
-47
-50
-24
-17
-59
-87
-67
-40
-15
-52
-64
-76
-100
-87
-71
-79
-111
-86
-53
-89
-105
-133
-95
-80
-80
-79
-83
-29
-83
-128
-145
-163
-184
-190
-180
-176
-164
-178
-185
-167
-193
-174
-142
-129
-133
-176
-197
-218
-202
-211
-227
-233
-226
-263
-237
-222
-285
-254
-267
-276
-281
-294
-284
-273
-266
-253
-273
-268
-294
-297
-274
-291
-252
-250
-243
-250
-248
-212
-165
-118
-143
-144
-176
-199
-212
-228
-250
-241
-257
-248
-218
-230
-258
-203
-198
-257
-253
-254
-250
-268
-270
-230
-221
-250
-257
-283
-260
-258
-330
-317
-280
-314
-327
-316
-345
-290
-299
-294
-255
-267
-209
-220
-247
-219
-245
-272
-273
-275
-288
-275
-263
-287
-293
-332
-296
-304
-297
-293
-320
-297
-331
-303
-299
-318
-331
-330
-328
-342
-328
-330
-328
-323
-324
-341
-360
-404
-384
-367
-387
-323
-404
-373
-335
-359
-315
-376
-400
-428
-414
-421
-413
-371
-373
-384
-388
-389
-415
-389
-379
-406
-419
-412
-394
-373
-381
-311
-311
-326
-310
-316
-332
-326
-356
-369
-354
-382
-362
-360
-360
-355
-337
-354
-330
-312
-316
-331
-304
-346
-329
-312
-342
-311
-291
-328
-349
-332
-375
-336
-345
-351
-309
-308
-254
-245
-242
-251
-276
-294
-341
-395
-461
-446
-440
-485
-484
-490
-532
-474
-490
-486
-479
-467
-461
-466
-404
-405
-393
-390
-407
-433
-430
-446
-438
-444
-435
-390
-394
-346
-337
-338
-343
-343
-364
-332
-332
-363
-358
-360
-304
-363
-367
-363
-368
-399
-374
-396
-395
-346
-378
-307
-354
-358
-346
-378
-400
-392
-364
-373
-357
-353
-335
-356
-351
-375
-393
-345
-339
-328
-347
-320
-315
-314
-311
-300
-314
-345
-394
-352
-309
-387
-382
-416
-450
-446
-441
-460
-448
-466
-501
-542
-512
-485
-452
-452
-457
-432
-432
-423
-407
-378
-404
-346
-343
-341
-366
-408
-459
-463
-444
-470
-437
-415
-427
-439
-446
-443
-353
-368
-393
-368
-380
-370
-427
-401
-384
-390
-374
-416
-377
-380
-407
-376
-404
-422
-418
-377
-380
-352
-314
-328
-339
-384
-381
-397
-363
-371
-417
-419
-423
-443
-470
-453
-421
-503
-453
-491
-520
-499
-444
-444
-505
-453
-488
-481
-525
-499
-516
-533
-444
-434
-477
-495
-514
-506
-522
-514
-443
-466
-468
-432
-450
-446
-499
-517
-507
-538
-529
-508
-486
-475
-497
-508
-519
-526
-463
-464
-483
-473
-456
-441
-446
-462
-438
-461
-485
-483
-484
-459
-418
-449
-472
-510
-487
-410
-450
-444
-431
-413
-375
-386
-391
-394
-414
-403
-430
-409
-410
-457
-504
-467
-475
-479
-425
-412
-410
-427
-394
-422
-370
-350
-381
-387
-365
-331
-315
-307
-306
-302
-293
-266
-324
-330
-308
-308
-279
-288
-277
-290
-327
-296
-299
-387
-418
-434
-503
-480
-515
-511
-526
-559
-555
-567
-495
-561
-577
-557
-567
-585
-621
-566
-570
-561
-537
-526
-534
-549
-523
-494
-495
-466
-465
-431
-370
-354
-334
-311
-346
-324
-325
-300
-320
-352
-317
-303
-268
-331
-344
-359
-329
-320
-302
-325
-319
-357
-412
-414
-393
-312
-341
-323
-315
-352
-317
-333
-406
-407
-377
-375
-387
-406
-403
-447
-475
-488
-495
-561
-597
-526
-500
-506
-495
-471
-502
-511
-474
-496
-478
-485
-525
-516
-503
-463
-486
-486
-480
-426
-437
-453
-505
-513
-434
-416
-379
-331
-334
-340
-325
-311
-336
-307
-338
-398
-367
-382
-384
-386
-400
-410
-426
-461
-471
-463
-461
-521
-525
-514
-467
-478
-533
-499
-514
-534
-491
-424
-469
-453
-418
-418
-413
-387
-348
-349
-326
-293
-346
-358
-313
-334
-296
-311
-305
-308
-328
-350
-426
-412
-401
-405
-372
-346
-318
-302
-322
-300
-340
-356
-365
-416
-395
-441
-438
-476
-458
-429
-455
-431
-393
-426
-441
-396
-412
-384
-382
-347
-348
-365
-390
-400
-399
-421
-374
-370
-357
-336
-345
-406
-418
-408
-402
-376
-355
-367
-358
-374
-380
-359
-376
-336
-305
-251
-257
-281
-243
-250
-195
-238
-270
-273
-264
-285
-294
-315
-358
-320
-303
-312
-322
-313
-276
-319
-410
-342
-392
-401
-401
-473
-469
-468
-485
-442
-470
-474
-432
-472
-491
-468
-459
-506
-483
-435
-403
-398
-398
-407
-372
-361
-359
-286
-326
-284
-249
-259
-246
-196
-204
-201
-188
-173
-136
-161
-138
-206
-180
-233
-210
-184
-219
-216
-226
-231
-219
-237
-259
-234
-306
-271
-290
-310
-302
-341
-310
-319
-363
-321
-353
-379
-365
-377
-402
-368
-357
-309
-297
-301
-261
-279
-252
-241
-229
-227
-220
-206
-203
-262
-280
-218
-254
-221
-169
-189
-162
-181
-167
-181
-134
-140
-155
-136
-138
-145
-147
-179
-173
-186
-231
-178
-224
-220
-231
-226
-237
-234
-225
-247
-242
-300
-300
-343
-321
-355
-386
-372
-366
-361
-347
-355
-317
-326
-336
-312
-357
-280
-289
-285
-277
-260
-239
-250
-222
-215
-212
-227
-289
-266
-246
-263
-281
-267
-189
-207
-200
-248
-249
-196
-165
-163
-193
-166
-118
-139
-150
-181
-182
-209
-249
-218
-252
-257
-231
-191
-247
-188
-139
-177
-180
-160
-135
-152
-141
-123
-130
-121
-90
-85
-137
-127
-189
-250
-245
-240
-303
-297
-259
-283
-242
-247
-209
-200
-202
-165
-163
-193
-232
-243
-229
-223
-253
-218
-175
-176
-133
-137
-134
-108
-84
-110
-122
-77
-56
-45
-56
-46
-49
-14
-40
-6
-22
-26
-32
-41
-17
-28
-32
-35
-23
-50
-21
-45
-75
-49
-43
-73
-69
-64
-87
-136
-171
-151
-192
-217
-217
-188
-192
-209
-202
-191
-186
-219
-241
-201
-182
-168
-191
-202
-170
-192
-158
-159
-121
-142
-147
-138
-164
-196
-176
-209
-215
-225
-236
-243
-228
-184
-188
-234
-236
-270
-272
-247
-279
-304
-270
-256
-216
-207
-198
-179
-223
-193
-165
-119
-113
-118
-128
-143
-117
-98
-94
-49
-15
-31
-21
10
39
32
75
143
125
124
136
172
163
168
192
184
214
223
204
182
185
178
177
146
128
164
149
71
71
39
70
95
100
93
87
80
59
62
53
33
69
15
8
-21
-4
48
21
63
36
31
25
22
-54
-73
-37
-59
-32
-34
-76
-76
-81
-85
-96
-155
-147
-131
-178
-212
-217
-203
-210
-208
-181
-195
-289
-312
-297
-284
-343
-372
-360
-348
-358
-427
-408
-368
-383
-375
-384
-379
-345
-373
-399
-442
-457
-461
-450
-465
-482
-475
-464
-440
-394
-357
-322
-295
-243
-194
-184
-157
-101
-54
15
50
109
199
268
344
390
442
498
551
561
639
697
761
794
792
844
882
905
941
985
992
1018
944
943
942
889
846
801
742
662
629
625
534
514
494
415
389
393
375
353
339
273
260
272
237
230
229
197
159
93
95
39
16
-20
-63
-61
-104
-161
-156
-174
-124
-148
-189
-182
-222
-252
-284
-284
-306
-283
-272
-304
-263
-311
-304
-310
-322
-316
-324
-323
-329
-271
-320
-317
-343
-343
-331
-398
-400
-430
-465
-438
-517
-524
-525
-564
-526
-506
-548
-573
-548
-514
-440
-376
-303
-247
-179
-97
-9
119
187
280
297
307
391
444
485
561
602
650
689
719
772
793
868
849
883
896
916
956
896
878
938
908
860
807
787
768
736
722
661
628
584
580
568
504
492
499
490
479
458
381
395
381
369
360
322
326
351
334
306
338
343
342
330
328
313
308
288
306
292
272
254
232
225
230
289
249
271
341
332
325
329
308
300
295
231
234
233
266
243
219
244
251
248
255
221
187
191
102
129
121
28
16
-54
-53
-130
-188
-228
-284
-335
-383
-471
-514
-553
-585
-614
-703
-740
-745
-784
-794
-766
-788
-768
-759
-771
-734
-659
-602
-533
-441
-348
-264
-122
-51
78
167
265
357
361
422
473
501
539
627
652
700
743
739
825
868
835
851
823
877
914
910
902
888
909
872
857
812
827
764
758
781
697
644
629
641
623
617
635
652
634
621
658
678
675
650
651
642
575
596
589
546
504
468
459
422
457
476
443
475
513
504
502
558
518
501
502
491
437
446
450
407
377
375
422
444
443
411
426
345
315
326
317
286
294
244
173
127
79
64
13
74
18
-37
-108
-142
-156
-201
-219
-260
-291
-370
-348
-374
-429
-445
-499
-559
-622
-674
-706
-745
-779
-806
-828
-816
-827
-861
-792
-742
-738
-638
-606
-485
-394
-383
-205
-75
17
168
224
296
358
426
479
506
608
616
713
790
896
901
931
1042
1074
1130
1129
1144
1213
1254
1236
1195
1226
1208
1141
1139
1085
1080
1079
1024
1008
1002
1001
971
924
922
896
826
839
778
734
698
673
611
528
511
441
407
366
307
282
238
240
249
222
224
210
214
190
202
200
201
195
188
203
196
172
204
200
181
202
245
238
257
261
276
288
289
289
268
279
262
275
296
284
320
325
296
268
221
221
239
191
151
145
99
77
51
26
-22
-80
-157
-216
-244
-309
-343
-384
-470
-533
-602
-668
-695
-763
-776
-845
-813
-833
-899
-813
-744
-738
-726
-638
-550
-447
-345
-233
-149
-87
-10
112
168
213
334
384
467
539
580
671
724
795
835
874
926
938
1027
1105
1175
1202
1248
1265
1319
1313
1285
1317
1273
1273
1232
1199
1170
1060
1021
986
978
954
870
846
859
815
772
737
683
693
616
590
532
474
456
430
422
372
361
311
283
231
167
188
173
142
139
148
153
230
230
233
216
242
264
286
329
309
348
310
345
323
303
283
282
305
366
358
365
397
408
418
345
375
336
354
339
294
272
249
209
199
158
75
-1
-100
-164
-245
-283
-379
-429
-464
-560
-609
-691
-736
-776
-791
-833
-857
-870
-873
-878
-865
-777
-709
-675
-628
-530
-433
-285
-185
-81
8
83
166
251
332
380
444
477
567
616
689
741
789
899
964
1029
1097
1165
1170
1159
1133
1101
1076
1116
1091
1121
1132
1138
1160
1150
1100
1062
1043
956
868
832
840
793
784
814
779
732
722
657
612
511
475
441
443
391
357
339
322
321
331
340
326
263
250
260
203
229
228
216
209
251
258
240
202
264
290
250
299
356
364
386
383
387
391
409
480
430
412
447
428
404
389
376
306
274
297
263
232
158
99
107
14
12
-50
-97
-94
-89
-157
-244
-265
-360
-442
-543
-570
-630
-646
-695
-710
-695
-688
-665
-723
-722
-659
-678
-625
-574
-586
-476
-437
-322
-232
-200
-74
53
118
203
268
338
422
420
448
529
554
599
692
769
827
860
936
959
1027
997
1013
993
1041
1035
1023
1086
1052
1105
1118
1114
1108
1134
1078
1049
998
936
925
864
825
789
748
730
719
689
652
606
600
570
551
503
470
442
429
416
397
413
334
303
330
304
309
310
281
275
255
252
247
256
280
307
338
312
357
411
409
410
439
445
423
414
388
394
368
373
326
291
300
211
210
196
165
153
135
61
73
72
25
6
-74
-130
-129
-194
-283
-308
-357
-425
-458
-502
-553
-633
-712
-763
-773
-782
-798
-816
-810
-788
-733
-672
-674
-619
-599
-575
-517
-408
-348
-305
-268
-201
-121
-45
41
93
191
258
291
401
465
482
532
608
670
744
813
916
947
978
983
991
1002
1001
1077
1001
996
1014
1059
1039
998
970
951
919
830
856
863
843
820
795
802
823
832
827
819
818
790
802
770
725
638
565
516
465
408
379
324
316
276
197
225
194
220
231
203
173
211
188
153
153
178
167
136
217
223
195
214
205
203
165
150
188
179
197
224
263
275
313
320
324
326
268
299
252
180
155
125
58
-9
-15
-48
-116
-178
-227
-315
-370
-434
-489
-520
-581
-688
-766
-811
-844
-851
-881
-908
-931
-926
-938
-935
-932
-872
-806
-746
-660
-600
-522
-451
-397
-321
-216
-163
-60
17
110
167
260
330
370
416
484
532
556
579
695
749
787
855
865
921
945
895
904
908
855
850
835
833
853
794
804
793
801
805
760
748
778
789
729
701
717
718
634
586
574
561
504
471
458
403
364
346
354
346
291
327
288
303
307
227
240
260
242
240
251
256
283
329
311
324
361
364
315
355
315
308
357
310
336
327
354
284
283
271
276
234
222
207
170
182
105
68
6
-34
-48
-73
-143
-239
-280
-310
-388
-403
-458
-509
-544
-548
-588
-583
-610
-667
-725
-804
-814
-847
-846
-844
-864
-850
-820
-754
-739
-724
-671
-633
-581
-529
-443
-404
-362
-300
-236
-159
-71
19
105
188
219
239
286
360
433
510
551
639
699
737
745
816
872
924
926
936
941
961
1036
1009
1010
1017
967
940
983
969
950
942
904
864
785
757
709
663
624
562
524
514
503
512
555
507
443
428
416
351
332
321
321
262
223
249
267
236
200
190
200
251
215
227
259
297
259
253
245
202
252
215
201
205
204
195
231
249
208
209
171
165
140
97
112
74
25
48
27
19
39
21
-29
-34
-52
-124
-218
-213
-215
-223
-329
-355
-354
-449
-469
-553
-614
-670
-708
-756
-809
-834
-885
-876
-950
-921
-910
-863
-792
-775
-737
-684
-608
-531
-457
-388
-251
-170
-126
-53
25
102
185
205
270
311
349
416
428
474
475
494
538
571
613
635
664
686
714
666
661
658
669
692
700
700
684
634
670
641
645
688
695
746
763
764
739
772
768
737
748
697
629
608
597
567
586
565
508
514
465
436
419
410
376
366
313
319
318
253
249
181
201
183
188
239
229
198
234
282
267
279
272
264
291
327
277
279
243
242
232
187
208
219
194
117
108
38
73
76
67
16
-5
-79
-156
-158
-221
-287
-298
-342
-345
-392
-439
-470
-519
-585
-667
-689
-792
-848
-911
-974
-988
-1009
-1041
-985
-976
-946
-903
-907
-826
-793
-763
-697
-666
-638
-574
-484
-388
-342
-225
-162
-113
-40
14
153
260
374
469
529
558
615
701
709
750
786
854
902
964
1026
1117
1093
1073
1195
1173
1182
1253
1377
1451
1421
1377
1325
1377
1395
1236
1145
1084
1125
1139
1119
1131
1092
1013
890
817
748
679
574
507
452
484
376
281
289
226
245
253
262
246
263
329
366
357
407
422
456
536
538
548
597
634
626
710
693
709
722
661
605
566
593
599
598
474
382
305
160
51
15
-48
-172
-332
-493
-664
-789
-885
-1010
-1219
-1434
-1494
-1582
-1653
-1789
-1965
-2082
-2175
-2289
-2421
-2404
-2212
-1878
-1750
-2063
-2570
-2680
-2070
-1330
-1083
-1254
-1328
-1025
-606
-369
-84
350
753
866
896
1149
1663
2004
1931
1755
1908
2385
2693
2584
2279
2136
2176
2428
2510
2363
2132
1880
1663
1576
1603
1567
1332
949
595
486
541
499
241
-85
-295
-350
-316
-279
-264
-338
-519
-602
-510
-314
-161
-129
-137
-124
-58
93
196
240
368
559
699
716
749
831
898
946
1007
999
1020
1085
1065
1013
911
857
838
868
782
557
407
366
327
164
40
-94
-285
-524
-594
-607
-654
-778
-1107
-1412
-1514
-1478
-1488
-1713
-1912
-1953
-2100
-2322
-2481
-2493
-2631
-2812
-3074
-3387
-2978
-2080
-1829
-2553
-3341
-3274
-2201
-1250
-1181
-1818
-2039
-1306
-372
139
-36
-81
294
770
1396
1883
1937
1836
1736
1969
2528
3116
3179
2722
2328
2536
3097
3364
2960
2388
2153
2123
2190
2127
1858
1557
1162
856
817
888
679
178
-215
-331
-192
-324
-744
-965
-946
-812
-780
-985
-1113
-1020
-856
-671
-498
-378
-288
-244
-149
72
442
597
582
534
619
955
1196
1271
1101
1046
1185
1241
1231
1113
1116
1110
1129
1023
855
729
714
572
390
267
147
-17
-322
-494
-537
-496
-631
-942
-1146
-1297
-1345
-1364
-1474
-1729
-1949
-2003
-1989
-2055
-2359
-2546
-2631
-2650
-2791
-3030
-3479
-3427
-2583
-2103
-2628
-3638
-3846
-2798
-1593
-1491
-2192
-2417
-1376
-342
-176
-685
-525
412
1171
1447
1475
1583
1965
2226
2402
2619
2955
3091
2853
2653
2910
3392
3510
2981
2697
2719
2802
2745
2327
1974
1907
1797
1375
972
861
779
518
138
-235
-273
-485
-758
-901
-835
-740
-904
-1156
-1232
-1041
-802
-862
-920
-824
-625
-375
-388
-297
12
260
427
338
385
596
817
937
797
779
864
850
908
918
1036
1019
781
595
486
563
566
344
23
-125
-99
-153
-388
-669
-944
-1008
-1071
-1229
-1540
-1888
-2043
-2108
-2164
-2299
-2496
-2806
-3170
-3225
-3116
-3206
-3511
-3910
-3432
-2690
-2730
-3579
-4164
-3446
-1977
-1594
-2376
-2812
-1856
-560
-251
-635
-791
174
1241
1393
1210
1388
2045
2593
2551
2448
2719
3261
3274
2950
2951
3255
3578
3242
2754
2782
2975
2878
2433
2111
2166
2116
1665
1178
1087
1156
857
353
-100
-98
-27
-375
-712
-770
-710
-750
-1039
-1188
-948
-664
-726
-951
-925
-684
-349
-389
-609
-449
-138
42
56
37
175
334
427
445
558
763
723
585
542
619
788
758
485
318
325
362
144
-194
-334
-347
-398
-703
-1058
-1203
-1215
-1229
-1474
-1768
-2001
-2062
-2112
-2297
-2541
-2839
-3110
-3123
-3175
-3279
-3727
-3888
-3218
-2967
-3419
-4155
-4084
-2935
-2083
-2427
-3167
-2936
-1648
-863
-878
-1180
-720
405
885
927
1041
1511
2266
2486
2408
2490
2896
3341
3363
3335
3358
3561
3722
3384
3337
3394
3225
2901
2519
2594
2563
2074
1457
1204
1375
1209
701
163
-125
-66
-277
-715
-926
-909
-907
-1143
-1418
-1389
-1249
-1146
-1251
-1226
-1058
-915
-764
-794
-620
-308
-233
-305
-201
117
387
405
451
445
686
835
751
650
673
832
870
727
552
528
530
477
331
115
-56
-122
-336
-527
-727
-924
-1004
-1116
-1306
-1547
-1821
-2027
-2101
-2183
-2461
-2869
-3063
-3167
-3300
-3776
-3634
-2941
-3029
-3881
-4533
-3953
-2547
-2193
-3203
-3757
-2773
-1317
-1207
-1857
-2050
-902
416
452
120
393
1235
2001
1967
1825
2240
2909
3106
2873
2973
3430
3858
3686
3251
3351
3783
3667
3146
2896
3135
3353
2863
2041
1875
2199
2089
1469
830
684
765
399
-132
-284
-157
-296
-749
-1141
-1152
-881
-847
-1012
-1102
-990
-935
-980
-1007
-736
-539
-546
-722
-664
-293
-15
81
18
196
450
591
565
596
777
906
911
868
945
1030
963
774
773
818
725
428
187
69
32
-68
-346
-659
-881
-988
-1135
-1370
-1642
-1968
-2286
-2501
-2758
-3027
-3563
-3530
-2883
-2936
-3755
-4684
-4350
-2993
-2366
-3244
-4055
-3308
-1844
-1464
-2132
-2483
-1460
52
117
-435
-353
620
1688
1697
1225
1520
2480
2940
2678
2528
3000
3670
3794
3269
3134
3529
3809
3591
3113
3023
3219
3152
2679
2259
2214
2159
1862
1435
1097
1032
764
465
327
147
-120
-517
-734
-649
-589
-815
-1074
-1103
-978
-937
-1025
-1122
-895
-650
-700
-774
-728
-400
-90
-79
-100
-38
266
501
517
566
686
816
849
848
908
966
938
856
782
699
622
620
555
394
161
-75
-251
-508
-735
-915
-1184
-1368
-1617
-1945
-2233
-2365
-2659
-3018
-3510
-3250
-2645
-2911
-3827
-4655
-4057
-2774
-2461
-3508
-4236
-3285
-1802
-1714
-2475
-2688
-1475
-131
-292
-837
-495
676
1502
1288
921
1375
2371
2754
2410
2398
2878
3422
3416
3021
3179
3602
3712
3470
3092
3053
3173
2999
2644
2407
2345
2013
1666
1405
1285
1166
743
366
352
335
11
-540
-783
-591
-466
-749
-1209
-1247
-1061
-914
-979
-1130
-1015
-863
-889
-921
-727
-440
-168
-104
-110
-43
231
386
557
761
803
842
855
979
1132
1202
1171
1055
1136
1112
983
813
791
827
695
411
74
-113
-279
-363
-555
-865
-1248
-1624
-1815
-2160
-2421
-2716
-3166
-2815
-2633
-3268
-4129
-4460
-3666
-2748
-3001
-3971
-4177
-3145
-2156
-2434
-2965
-2799
-1465
-654
-1102
-1345
-747
403
968
534
380
1146
2062
2217
1923
2053
2666
3316
3129
2771
2974
3340
3473
3318
3095
3057
3035
2896
2716
2703
2530
2069
1758
1624
1555
1292
809
616
654
506
118
-359
-459
-329
-329
-619
-1022
-953
-795
-900
-1067
-1122
-945
-898
-1017
-1081
-951
-705
-567
-486
-446
-284
-141
-26
155
466
605
587
610
842
1091
1169
1077
1027
1197
1275
1273
1051
887
1019
1130
896
417
132
104
40
-180
-548
-930
-1271
-1548
-1854
-2218
-2596
-2984
-2637
-2437
-2934
-3901
-4457
-3765
-2749
-2854
-3995
-4373
-3402
-2358
-2581
-3294
-3217
-2007
-1076
-1425
-1824
-1261
-92
589
209
-52
621
1661
1975
1592
1630
2195
2935
2896
2571
2682
3143
3404
3125
2958
3058
3070
2995
2790
2679
2622
2248
1892
1706
1629
1328
861
661
583
468
89
-311
-356
-361
-514
-818
-970
-886
-857
-942
-1155
-1101
-888
-928
-1045
-1203
-941
-703
-664
-661
-495
-248
-65
-93
50
419
670
687
563
746
1073
1200
1073
974
1116
1254
1187
1001
864
942
965
757
454
336
247
112
-97
-372
-694
-995
-1347
-1671
-1978
-2242
-2761
-2797
-2397
-2759
-3730
-4582
-4203
-3012
-2796
-3911
-4634
-3786
-2498
-2481
-3444
-3723
-2525
-1236
-1529
-2232
-1912
-667
210
-242
-743
-132
1051
1526
1049
878
1535
2491
2652
2119
2125
2686
3126
3017
2640
2698
3020
2918
2557
2355
2484
2415
2065
1760
1549
1449
1084
684
637
609
227
-213
-466
-387
-365
-698
-1054
-1034
-899
-1008
-1185
-1342
-1105
-1014
-1130
-1323
-1260
-858
-668
-688
-725
-553
-230
-69
-34
166
406
531
601
620
940
1207
1162
1063
1100
1310
1338
1230
1137
1244
1296
1034
705
558
549
551
262
-148
-448
-585
-787
-1206
-1554
-1808
-2016
-2300
-2937
-2909
-2381
-2666
-3639
-4469
-3981
-2859
-2831
-4002
-4501
-3494
-2410
-2607
-3395
-3381
-2181
-1233
-1597
-1995
-1539
-472
108
-186
-466
211
1163
1321
977
1093
1751
2339
2262
1935
2232
2730
2883
2641
2462
2602
2820
2624
2240
2114
2327
2237
1858
1441
1305
1245
998
655
513
420
88
-246
-304
-317
-494
-826
-1117
-1025
-935
-1053
-1278
-1411
-1172
-1071
-1168
-1238
-1081
-815
-742
-848
-800
-495
-235
-179
-148
8
203
383
514
651
745
857
866
919
995
1023
1005
1039
1112
1046
880
691
689
743
606
299
-9
-195
-283
-494
-886
-1223
-1374
-1527
-1971
-2604
-3052
-2630
-2233
-2701
-3787
-4382
-3651
-2675
-2846
-4045
-4344
-3255
-2345
-2660
-3425
-3184
-1952
-1135
-1623
-2139
-1516
-382
147
-264
-500
208
1180
1341
1012
1064
1730
2411
2381
2028
2209
2760
2951
2745
2542
2696
2895
2699
2348
2348
2453
2261
1908
1582
1548
1489
1104
727
602
454
212
-73
-291
-431
-594
-866
-964
-897
-944
-1160
-1337
-1395
-1236
-1200
-1319
-1359
-1194
-1022
-1064
-1042
-869
-518
-340
-363
-347
-39
287
447
485
544
789
981
1015
916
1001
1245
1295
1228
1074
1000
995
1037
902
703
608
415
163
-65
-254
-475
-839
-1152
-1408
-1665
-2063
-2456
-2754
-2660
-2385
-2795
-3633
-4168
-3757
-2960
-3002
-3879
-4328
-3527
-2634
-2718
-3407
-3421
-2350
-1461
-1726
-2173
-1676
-575
77
-218
-490
181
1197
1452
1111
1081
1757
2421
2447
2085
2164
2677
2928
2795
2554
2581
2811
2774
2487
2327
2457
2375
2122
1787
1627
1547
1253
857
680
611
306
-162
-439
-455
-472
-669
-1038
-1145
-1202
-1239
-1278
-1396
-1386
-1340
-1331
-1378
-1369
-1260
-1088
-979
-895
-776
-626
-433
-315
-159
37
116
234
392
540
629
699
818
938
996
972
994
955
1005
958
864
780
746
605
309
33
14
-32
-278
-662
-1100
-1223
-1336
-1691
-2215
-2475
-2643
-2391
-2399
-3072
-3903
-4064
-3357
-2871
-3373
-4337
-4167
-3072
-2567
-3127
-3673
-3142
-1920
-1540
-2214
-2313
-1388
-320
-174
-664
-628
358
1283
1130
774
1169
1935
2414
2106
1784
2224
2783
2828
2477
2377
2625
2796
2567
2297
2323
2430
2267
1880
1558
1487
1351
1070
779
593
359
35
-168
-265
-311
-517
-858
-1042
-1038
-1058
-1186
-1354
-1399
-1356
-1417
-1532
-1494
-1309
-1204
-1196
-1164
-1012
-790
-625
-561
-436
-164
68
167
180
267
391
543
684
746
736
668
725
810
832
753
634
612
626
597
290
20
54
45
-201
-613
-1013
-1210
-1255
-1529
-2007
-2373
-2555
-2907
-3015
-2766
-2858
-3646
-4407
-4192
-3279
-3051
-3985
-4658
-3972
-2912
-2926
-3676
-3772
-2641
-1627
-1945
-2506
-1986
-739
-32
-521
-906
-161
964
1266
777
749
1519
2298
2314
1854
2058
2751
3127
2798
2421
2539
2960
2968
2624
2433
2529
2460
2105
1763
1614
1551
1279
905
703
617
345
-6
-96
-117
-268
-557
-846
-913
-944
-1107
-1285
-1347
-1271
-1276
-1473
-1531
-1337
-1096
-1113
-1218
-1047
-663
-448
-478
-485
-215
181
288
191
299
630
920
859
727
834
1084
1194
1068
966
1045
1158
1157
963
765
656
638
507
247
-76
-275
-446
-601
-804
-1131
-1434
-1756
-2064
-2422
-2900
-2989
-2617
-2802
-3708
-4459
-4152
-3171
-2986
-4006
-4575
-3772
-2669
-2686
-3430
-3408
-2292
-1355
-1687
-2192
-1574
-431
134
-313
-582
117
1153
1421
1028
1150
1893
2553
2582
2231
2482
3048
3264
2980
2774
2986
3224
3151
2785
2615
2739
2628
2188
1868
1759
1766
1435
958
794
753
530
153
-147
-244
-374
-576
-750
-876
-940
-1054
-1136
-1198
-1233
-1170
-1133
-1067
-968
-898
-882
-715
-387
-169
-92
-119
84
451
555
529
585
840
1099
1121
994
1033
1402
1638
1533
1283
1253
1437
1504
1251
942
906
975
770
373
188
129
-12
-380
-797
-1112
-1211
-1400
-1808
-2235
-2604
-2690
-3040
-2998
-2740
-3104
-3973
-4369
-3738
-2902
-3110
-4148
-4250
-3095
-2223
-2675
-3325
-2880
-1534
-928
-1562
-1769
-830
357
570
-4
59
1002
1957
2003
1630
1861
2595
3088
2950
2629
2905
3395
3372
3044
2907
3083
3246
3058
2731
2752
2809
2493
2113
1845
1767
1540
1073
737
666
579
196
-179
-329
-314
-513
-858
-1011
-944
-910
-1101
-1219
-1155
-890
-834
-974
-990
-767
-516
-435
-389
-192
134
315
347
477
721
1026
1140
1112
1245
1451
1581
1659
1683
1711
1758
1651
1572
1490
1552
1536
1315
1100
913
777
590
446
314
68
-264
-590
-884
-1066
-1316
-1741
-2168
-2495
-2660
-2865
-3384
-3734
-3257
-2932
-3641
-4597
-4611
-3438
-2612
-3341
-4446
-3941
-2385
-1853
-2474
-2915
-2012
-660
-510
-1129
-878
241
1210
1170
672
964
2019
2774
2611
2293
2674
3378
3674
3362
3153
3577
3880
3687
3335
3201
3341
3342
3007
2607
2556
2491
2071
1676
1422
1306
1035
594
264
211
-57
-461
-668
-714
-789
-1063
-1275
-1272
-1212
-1202
-1294
-1328
-1132
-962
-997
-992
-816
-443
-201
-192
-142
147
466
665
737
815
1051
1271
1341
1391
1555
1703
1781
1833
1859
1896
1897
1842
1802
1745
1646
1480
1275
1057
921
735
467
198
-82
-336
-671
-999
-1240
-1433
-1747
-2238
-2581
-2737
-2857
-3159
-3564
-3885
-3898
-3365
-3467
-4157
-4674
-4279
-3232
-2852
-3562
-3920
-2996
-1834
-1661
-2121
-1917
-904
37
-28
-297
235
1227
1806
1592
1320
1911
2852
3041
2642
2541
3129
3665
3688
3216
3192
3647
3741
3273
2842
2856
2981
2757
2203
1835
1803
1722
1294
834
495
305
100
-232
-501
-666
-884
-1058
-1151
-1266
-1383
-1476
-1451
-1359
-1268
-1325
-1358
-1146
-866
-667
-722
-683
-380
34
243
280
473
847
1071
1160
1198
1417
1679
1715
1707
1692
1716
1749
1720
1715
1683
1535
1452
1375
1226
1013
793
595
375
128
-116
-422
-627
-847
-1114
-1480
-1885
-2070
-2216
-2340
-2660
-3023
-3212
-3243
-3390
-3561
-3807
-3909
-4001
-3739
-3236
-3302
-3803
-4031
-3213
-2173
-2204
-3065
-3095
-1807
-781
-1005
-1514
-1067
171
895
554
383
1038
1983
2318
1942
1779
2400
3200
3265
2804
2614
3106
3532
3381
2814
2715
2939
2906
2500
2150
2116
2182
1793
1249
1022
992
744
361
-8
-243
-408
-724
-946
-994
-1107
-1201
-1380
-1536
-1495
-1428
-1310
-1270
-1252
-1174
-1038
-876
-689
-486
-339
-278
-166
77
359
556
607
837
1031
1138
1174
1311
1548
1679
1608
1522
1564
1560
1533
1449
1304
1204
1079
889
733
508
351
77
-252
-472
-732
-927
-1265
-1437
-1580
-1799
-2109
-2382
-2418
-2543
-2742
-2939
-2989
-2930
-3005
-3226
-3304
-3209
-3087
-3175
-3303
-3413
-2889
-2108
-2239
-2928
-3059
-2095
-957
-1003
-1864
-1748
-417
450
42
-429
58
1189
1724
1205
1015
1646
2454
2637
2167
1952
2480
3129
3014
2425
2207
2585
2883
2545
1876
1842
2154
1993
1408
972
1001
1117
808
343
131
183
8
-246
-443
-642
-743
-861
-908
-980
-1093
-1148
-1128
-1036
-983
-939
-773
-537
-361
-257
-189
-10
229
447
584
629
799
1039
1191
1193
1253
1438
1536
1504
1376
1344
1481
1406
1190
1125
1154
1178
918
615
463
469
298
-89
-432
-635
-684
-850
-1104
-1318
-1479
-1566
-1766
-2024
-2179
-2128
-2175
-2374
-2483
-2387
-2276
-2274
-2349
-2289
-2177
-2155
-2119
-2100
-1941
-1854
-1834
-1899
-1906
-1675
-965
-703
-1132
-1648
-1352
-271
172
-351
-921
-293
804
979
450
255
920
1672
1652
1133
1181
1693
2130
2012
1573
1538
1989
2200
1773
1347
1483
1719
1617
1129
836
1058
1205
927
625
534
646
658
478
311
369
354
182
127
109
97
62
18
30
97
70
17
47
135
221
306
272
370
480
557
611
609
729
774
698
712
831
895
798
655
685
741
672
555
442
420
325
194
70
-8
-51
-204
-325
-437
-577
-633
-718
-839
-902
-972
-1026
-1231
-1341
-1403
-1303
-1283
-1447
-1416
-1388
-1291
-1312
-1268
-1154
-1075
-1069
-1089
-1055
-881
-828
-843
-819
-746
-706
-664
-657
-745
-789
-823
-367
-67
-449
-945
-911
-172
328
-63
-726
-509
341
623
143
-216
134
802
930
411
300
704
1159
1104
675
595
1041
1390
1179
867
1064
1385
1483
1222
1078
1325
1400
1201
1007
1087
1194
1128
953
891
1048
1049
806
655
772
811
679
538
516
639
609
439
332
310
350
366
266
173
184
171
147
137
147
153
16
-47
-80
-2
-38
-164
-148
-68
-108
-191
-304
-229
-195
-235
-345
-438
-400
-314
-289
-332
-350
-394
-405
-386
-310
-256
-230
-290
-317
-237
-202
-251
-201
-108
-121
-248
-341
-258
-126
-103
-256
-298
-185
-90
-96
-187
-252
-182
-120
-273
-448
-505
-552
-526
-778
-800
-458
-535
-1004
-1403
-1039
-394
-408
-1036
-1308
-596
-61
-308
-716
-550
-11
328
49
-124
216
610
772
664
576
804
1216
1309
1192
1169
1368
1576
1603
1433
1560
1643
1635
1521
1582
1692
1552
1392
1479
1573
1492
1080
835
1020
1009
725
333
305
556
424
12
-185
-152
-8
-127
-437
-578
-504
-395
-474
-622
-662
-511
-483
-551
-584
-467
-285
-276
-353
-273
-172
-58
-110
-11
147
157
118
157
373
524
552
528
623
730
827
787
747
777
792
715
570
606
620
536
416
275
306
354
263
101
-4
28
56
-59
-198
-246
-322
-331
-437
-542
-577
-647
-845
-990
-991
-1096
-1162
-1286
-1412
-1514
-1314
-938
-1092
-1505
-1605
-1014
-460
-504
-1024
-1090
-357
119
-8
-349
-190
412
850
759
615
841
1229
1457
1357
1249
1424
1676
1723
1558
1649
1752
1755
1751
1597
1601
1446
1311
1336
1397
1219
894
647
666
724
509
114
-30
44
-112
-376
-555
-529
-483
-578
-833
-969
-822
-699
-752
-840
-867
-671
-505
-568
-497
-264
-114
-86
-64
75
317
450
489
605
765
942
961
1034
1199
1332
1274
1279
1383
1450
1499
1380
1304
1290
1315
1243
1130
988
907
883
759
583
531
432
259
121
-107
-149
-226
-383
-536
-529
-470
-639
-811
-912
-855
-849
-957
-1029
-940
-874
-827
-835
-838
-780
-746
-701
-741
-697
-680
-681
-677
-765
-515
-276
-327
-677
-641
-86
272
51
-366
-156
470
623
370
228
496
1011
1107
829
797
1096
1389
1327
1069
1009
1246
1405
1184
909
919
1097
1161
961
757
816
822
614
526
491
457
267
112
85
109
62
-192
-204
-173
-281
-374
-378
-251
-159
-184
-305
-300
-186
-115
14
114
222
358
366
390
519
726
861
882
864
972
1102
1178
1157
1179
1356
1389
1298
1208
1258
1388
1348
1231
1080
961
910
907
864
697
522
432
373
316
194
95
75
65
-24
-183
-283
-278
-256
-254
-308
-418
-430
-411
-309
-291
-283
-233
-200
-160
-149
-58
13
2
33
83
103
113
105
117
159
81
11
-56
-78
-74
-171
-207
-279
-188
-124
-276
-519
-582
-333
-184
-301
-648
-601
-300
-201
-278
-401
-373
-247
-190
-237
-167
-13
94
124
88
145
308
446
444
400
413
588
646
513
539
666
775
677
622
666
728
666
602
690
761
754
608
580
662
648
568
516
484
489
405
346
385
407
368
189
185
260
276
208
94
144
180
249
167
51
202
300
251
167
99
233
361
348
324
298
327
379
436
442
472
464
453
506
548
588
505
527
540
583
548
510
490
497
510
461
409
381
353
417
463
359
327
260
297
224
196
152
49
-18
-101
-133
-166
-235
-421
-463
-442
-531
-573
-644
-642
-674
-778
-876
-947
-1029
-1039
-1078
-1167
-1204
-1167
-1146
-1122
-1083
-1180
-1313
-1195
-903
-827
-914
-1010
-797
-482
-370
-383
-394
-212
90
219
181
252
479
663
699
677
684
865
1041
1102
1051
1085
1181
1264
1152
1072
1112
1064
1032
968
870
706
630
547
516
450
259
158
85
100
-42
-159
-214
-192
-187
-290
-406
-458
-390
-334
-343
-429
-382
-285
-228
-219
-175
-113
-6
15
57
120
196
401
489
543
613
671
776
857
941
964
975
998
978
1002
994
964
946
937
852
799
750
730
732
665
613
518
473
348
274
204
134
58
-40
-101
-167
-269
-322
-426
-454
-462
-557
-584
-582
-604
-601
-558
-598
-555
-584
-629
-692
-701
-640
-604
-611
-602
-568
-518
-526
-499
-484
-472
-436
-479
-454
-432
-349
-398
-426
-351
-204
-180
-283
-348
-182
-3
3
-80
-114
51
163
146
51
63
183
284
211
153
207
332
350
309
215
241
296
232
207
277
286
287
290
233
310
326
357
367
349
360
295
327
367
336
314
289
351
355
275
172
193
297
288
189
58
137
260
256
171
158
218
303
275
216
206
279
308
268
190
153
238
325
336
318
381
431
438
406
365
326
439
458
387
361
379
402
386
360
347
320
322
310
283
257
263
248
206
217
139
146
140
64
106
46
49
18
-42
-52
-56
-104
-68
-71
-95
-81
-142
-121
-111
-152
-154
-190
-240
-227
-185
-175
-156
-193
-211
-302
-375
-372
-261
-290
-426
-470
-474
-477
-503
-545
-585
-575
-637
-634
-661
-681
-639
-641
-688
-650
-584
-480
-492
-508
-426
-315
-203
-158
-132
-97
4
106
183
233
269
300
387
463
525
562
510
526
635
667
671
645
652
700
722
639
548
530
591
489
333
246
229
218
74
-56
-181
-171
-163
-241
-284
-386
-333
-232
-297
-334
-345
-256
-151
-137
-105
-78
-39
18
42
69
137
139
215
311
326
434
529
564
629
679
680
728
712
756
823
785
729
682
664
673
603
529
450
460
441
332
265
186
156
147
33
-73
-167
-204
-243
-261
-302
-360
-352
-352
-409
-441
-428
-476
-530
-533
-501
-535
-542
-481
-407
-474
-489
-469
-497
-462
-413
-406
-422
-383
-399
-356
-313
-325
-370
-363
-380
-345
-270
-261
-260
-261
-189
-163
-195
-244
-209
-220
-221
-224
-250
-283
-321
-348
-306
-260
-264
-300
-273
-181
-129
-128
-171
-134
-45
4
18
39
31
30
29
50
30
34
13
33
92
76
84
95
115
142
192
161
149
147
142
169
76
127
210
177
93
60
87
131
156
118
76
142
269
274
277
327
331
380
430
386
331
330
349
358
354
377
363
318
325
329
323
322
335
273
217
197
173
152
152
154
100
52
11
-57
-45
-46
-91
-95
-133
-140
-191
-173
-204
-202
-153
-154
-196
-252
-259
-205
-220
-222
-223
-233
-201
-172
-189
-223
-179
-149
-96
-121
-183
-162
-77
-96
-184
-196
-168
-88
-147
-302
-371
-321
-292
-353
-417
-477
-422
-444
-502
-544
-605
-669
-656
-751
-793
-748
-696
-761
-832
-799
-794
-749
-788
-776
-751
-656
-597
-577
-509
-404
-355
-319
-249
-187
-156
-165
-36
29
91
123
162
312
357
372
351
377
371
466
483
466
522
540
590
553
612
591
502
459
449
449
399
293
265
276
285
225
126
2
32
63
13
-74
-118
-136
-204
-231
-337
-347
-371
-383
-434
-461
-411
-380
-387
-363
-293
-256
-224
-168
-110
-30
21
1
61
163
204
244
280
341
474
490
500
535
537
587
573
552
594
578
519
502
495
454
341
334
257
169
87
-49
-156
-306
-315
-387
-452
-533
-549
-594
-681
-745
-771
-830
-880
-937
-962
-940
-899
-946
-988
-1001
-987
-949
-915
-832
-863
-802
-709
-636
-631
-539
-431
-345
-305
-255
-214
-131
-64
-48
-22
-39
35
73
103
95
132
174
220
258
199
152
190
162
143
110
34
22
26
0
-28
-122
-179
-172
-140
-169
-227
-218
-264
-275
-278
-319
-409
-402
-426
-480
-481
-487
-506
-476
-475
-469
-423
-398
-343
-284
-216
-232
-139
-41
-15
33
76
98
155
204
259
300
324
322
334
306
311
314
315
336
315
335
316
344
344
317
296
250
185
107
107
209
117
-29
-147
-177
-113
-175
-403
-509
-472
-451
-465
-526
-549
-516
-480
-525
-595
-578
-523
-503
-487
-557
-650
-646
-582
-543
-566
-626
-656
-512
-365
-348
-373
-362
-247
-137
-125
-199
-207
-175
-66
-53
-6
-38
-2
63
48
73
11
-5
-26
-14
-4
-25
-112
-48
-74
-99
-57
-104
-222
-260
-263
-352
-394
-449
-453
-504
-560
-561
-596
-605
-637
-656
-735
-679
-589
-656
-677
-677
-653
-564
-542
-554
-483
-400
-320
-348
-375
-311
-266
-241
-187
-205
-126
-82
-104
-75
-53
-70
-39
-38
-53
4
-28
18
13
-3
12
-43
-33
-89
-109
-122
-178
-196
-253
-258
-243
-240
-261
-278
-291
-328
-321
-322
-302
-275
-277
-322
-282
-246
-297
-268
-235
-209
-212
-175
-175
-148
-38
-93
-157
-125
-120
-51
-58
-98
-86
-84
-38
-74
-96
-61
-43
-36
-31
-60
-77
-108
-70
-90
-74
-89
-115
-139
-188
-223
-254
-237
-366
-411
-440
-466
-475
-477
-466
-505
-492
-466
-413
-419
-387
-369
-375
-364
-381
-379
-407
-401
-375
-411
-414
-355
-323
-271
-238
-230
-196
-186
-100
-112
-97
-69
-47
7
-46
-74
-64
-118
-156
-113
-133
-207
-211
-279
-338
-382
-459
-504
-503
-588
-587
-575
-627
-632
-668
-745
-763
-749
-758
-735
-775
-777
-775
-772
-752
-753
-694
-667
-661
-634
-532
-484
-388
-324
-273
-174
-169
-131
-98
-86
-30
69
142
133
131
210
328
394
385
328
295
340
347
308
187
207
215
153
117
29
-28
-10
-67
-126
-139
-141
-109
-218
-239
-241
-202
-211
-298
-364
-327
-324
-397
-403
-436
-456
-507
-479
-451
-449
-413
-314
-280
-274
-188
-167
-179
-214
-147
-111
-92
-37
-67
-60
-15
16
16
-3
11
56
72
37
12
26
83
21
-74
-45
-88
-141
-187
-215
-274
-328
-334
-349
-426
-547
-552
-513
-489
-531
-619
-636
-595
-519
-606
-628
-581
-603
-568
-568
-596
-626
-647
-648
-570
-543
-548
-536
-518
-434
-401
-403
-400
-357
-310
-300
-253
-231
-246
-222
-168
-124
-134
-154
-99
-42
-61
-10
27
58
113
85
90
112
152
173
148
103
92
61
39
32
54
9
-47
-41
-45
-49
-21
-88
-120
-69
-56
-73
-117
-134
-81
-108
-167
-200
-272
-246
-208
-202
-213
-240
-216
-164
-170
-179
-177
-143
-40
-13
23
29
68
109
87
85
55
91
84
21
14
32
18
18
11
-15
-21
6
10
-36
-42
-70
-117
-125
-151
-209
-268
-357
-395
-418
-431
-458
-525
-525
-477
-493
-544
-596
-552
-474
-472
-480
-489
-430
-381
-374
-332
-368
-390
-308
-279
-296
-289
-290
-207
-176
-136
-144
-127
-37
-34
-9
36
27
39
49
31
101
16
28
41
40
52
-5
-42
-55
-86
-94
-132
-162
-155
-164
-127
-168
-208
-212
-272
-247
-224
-237
-236
-173
-157
-100
-64
-52
-29
-19
60
94
118
108
125
97
149
232
239
220
229
300
380
380
467
504
481
491
451
449
461
421
386
397
365
343
337
313
262
261
219
169
132
79
60
19
-5
-39
-130
-142
-103
-199
-282
-325
-302
-293
-332
-381
-370
-382
-408
-352
-371
-361
-303
-340
-330
-299
-250
-216
-170
-137
-169
-80
-29
8
42
54
109
154
188
221
257
307
293
350
354
395
403
383
397
354
354
326
275
249
199
190
180
151
87
54
42
14
-22
-42
-30
-72
-73
-139
-156
-110
-155
-192
-198
-222
-201
-230
-283
-256
-216
-198
-171
-139
-96
-20
33
77
62
64
135
201
201
236
267
294
368
395
442
420
421
415
445
490
535
529
513
461
429
435
391
388
324
259
253
211
161
97
46
36
27
12
-81
-125
-120
-108
-145
-198
-167
-147
-128
-171
-177
-161
-200
-209
-221
-201
-164
-76
-130
-113
-48
-21
21
33
4
17
92
152
157
201
255
211
260
303
329
371
375
359
359
365
372
334
315
308
309
311
309
300
240
252
213
181
205
194
187
144
147
91
35
-4
-8
-21
-101
-135
-144
-117
-86
-81
-78
-86
-86
-32
12
44
65
97
79
97
124
173
168
191
210
249
310
294
333
371
373
361
400
427
430
414
416
411
402
396
391
321
295
302
220
201
170
104
42
15
-22
9
-42
-95
-130
-182
-166
-204
-241
-301
-295
-295
-325
-304
-317
-372
-326
-261
-243
-200
-169
-150
-161
-134
-83
-53
-19
48
25
31
63
127
208
279
327
308
364
402
401
416
426
431
437
485
462
447
470
466
494
473
384
361
396
401
348
335
260
189
173
114
96
111
100
17
10
-31
-27
26
-14
-50
-80
-60
-45
-47
-57
-46
-79
-44
11
-30
-6
-17
-5
21
124
164
234
317
289
311
355
403
400
422
401
380
375
377
343
324
378
302
348
352
336
338
256
207
234
262
168
156
76
45
47
9
-5
-58
-92
-126
-112
-96
-171
-181
-168
-158
-138
-119
-116
-115
-71
-61
-61
-130
-81
-94
-79
-26
29
106
143
211
270
324
377
420
435
486
487
541
528
537
539
562
547
554
524
499
558
525
491
488
449
438
460
353
300
237
230
177
119
97
90
63
25
6
-18
-67
-90
-82
-61
-87
-116
-71
-94
-85
-78
-60
-8
-11
3
60
25
44
87
139
159
154
140
130
112
111
146
187
231
202
257
311
324
335
311
274
256
223
255
220
225
212
170
145
132
139
75
48
4
-26
-24
-24
2
-21
-57
-61
-59
-57
-84
-101
-118
-140
-122
-115
-142
-150
-143
-94
-76
-45
-38
-70
-86
-15
6
25
51
45
109
136
143
146
173
193
260
231
240
251
225
268
254
276
328
349
358
361
354
370
340
404
386
343
318
324
358
292
288
277
289
230
159
177
139
154
130
144
49
-15
10
-7
-3
-41
-5
-11
-36
9
25
-2
7
23
69
61
23
71
84
99
92
88
71
71
50
54
63
71
144
129
178
150
145
172
184
162
201
150
95
82
30
-11
-18
-17
-80
-112
-151
-150
-185
-159
-210
-186
-147
-181
-201
-225
-218
-251
-254
-278
-291
-270
-235
-234
-279
-213
-176
-162
-82
-41
-40
0
13
43
62
75
91
120
180
158
135
224
232
247
252
272
322
310
305
278
289
266
297
264
312
318
325
326
276
287
231
196
177
171
157
122
82
46
37
43
51
16
9
23
19
29
12
27
5
14
22
11
6
16
-9
3
21
-14
11
-38
-20
-26
8
11
-29
16
-11
39
26
12
-1
-16
-46
-50
-72
-139
-202
-193
-187
-182
-189
-239
-234
-222
-159
-227
-197
-163
-194
-173
-152
-188
-196
-180
-205
-179
-161
-111
-144
-157
-130
-106
-103
-108
-100
-104
-66
-76
-28
-35
-30
-21
-15
3
0
8
34
85
70
90
33
55
142
140
151
181
170
130
106
135
176
187
152
156
158
163
177
175
224
211
180
213
204
207
216
174
183
189
194
190
143
146
82
115
106
101
96
75
101
87
84
100
102
90
74
38
0
-2
24
-12
-51
0
13
-42
-67
-31
-49
-65
-48
-40
-34
-39
-53
-28
-106
-90
-88
-110
-68
-166
-127
-146
-197
-183
-178
-195
-181
-122
-204
-182
-169
-143
-158
-177
-145
-193
-170
-194
-158
-128
-172
-112
-108
-123
-80
-62
-49
-50
-5
33
16
28
77
41
92
145
115
167
101
155
137
93
108
73
71
66
4
48
50
0
-7
15
9
-4
24
-31
-62
-51
-50
-38
-46
-66
-53
-70
-118
-62
-53
-42
-34
-15
-25
-39
-24
-49
-39
-73
-103
-85
-33
-12
-40
-31
-16
-28
-38
-24
46
61
84
110
149
202
84
151
159
116
126
12
-3
-51
-44
-20
-95
-64
-61
-101
-110
-87
-99
-139
-146
-157
-143
-175
-252
-221
-223
-256
-206
-207
-205
-227
-241
-234
-230
-237
-275
-251
-236
-205
-171
-183
-171
-135
-134
-116
-87
-71
-49
-25
-7
12
69
87
90
101
123
124
102
90
65
103
140
147
165
123
115
124
111
80
71
30
32
14
14
8
-15
23
29
7
-33
-42
-61
-81
-95
-58
-80
-87
-95
-85
-140
-160
-113
-158
-194
-208
-212
-197
-199
-217
-216
-175
-180
-235
-214
-229
-252
-210
-189
-189
-177
-94
-90
-63
-42
35
26
15
25
20
19
-30
-1
-72
-74
-77
-89
-84
-99
-79
-60
-75
-112
-54
-33
-78
-103
-56
-57
-117
-151
-167
-247
-228
-228
-265
-258
-258
-259
-257
-224
-250
-262
-255
-224
-210
-157
-125
-77
-94
-78
-83
-79
-123
-154
-98
-57
-21
-35
-32
-8
-1
-16
-10
8
23
45
68
111
106
60
15
62
31
29
17
-7
30
19
19
14
34
30
26
50
16
30
9
-69
-33
-38
-83
-62
-85
-149
-126
-125
-139
-92
-120
-117
-155
-179
-158
-180
-279
-290
-255
-295
-295
-306
-265
-279
-307
-296
-305
-311
-293
-262
-284
-304
-282
-250
-238
-200
-218
-244
-208
-217
-235
-286
-272
-262
-262
-255
-271
-256
-234
-212
-267
-270
-259
-324
-344
-331
-320
-307
-315
-324
-341
-301
-297
-263
-234
-216
-191
-174
-155
-151
-106
-99
-107
-87
-58
-80
-97
-79
-113
-87
-118
-139
-139
-128
-132
-140
-134
-137
-110
-126
-61
-36
-94
-44
-49
-93
-87
-93
-118
-129
-151
-120
-150
-155
-109
-149
-115
-133
-146
-78
-153
-171
-130
-172
-154
-146
-170
-164
-169
-222
-251
-200
-215
-250
-227
-221
-203
-187
-216
-229
-238
-236
-239
-267
-244
-219
-251
-231
-243
-289
-293
-278
-289
-304
-343
-361
-347
-344
-318
-316
-302
-301
-281
-283
-308
-339
-336
-337
-324
-342
-322
-318
-285
-264
-271
-296
-321
-330
-366
-337
-356
-320
-324
-324
-254
-227
-252
-219
-196
-209
-238
-234
-237
-201
-212
-179
-117
-169
-112
-94
-66
-85
-93
-55
-64
-60
-47
-70
-32
28
-21
-49
-48
-24
-22
-1
-6
13
-4
-20
-16
-22
-43
-54
-18
-66
-61
-99
-85
-34
-52
-32
-64
-72
-39
-36
-38
-81
-98
-136
-154
-132
-175
-187
-177
-176
-210
-248
-246
-233
-209
-174
-177
-190
-194
-169
-159
-201
-259
-249
-278
-276
-279
-286
-279
-310
-256
-266
-248
-273
-245
-225
-262
-245
-262
-247
-277
-305
-359
-334
-326
-330
-344
-358
-361
-353
-394
-395
-349
-381
-303
-278
-281
-218
-218
-202
-203
-227
-166
-205
-201
-224
-207
-183
-154
-147
-123
-82
-26
-13
-64
-44
-19
1
-8
-21
-45
-40
-51
-44
-54
-88
-33
-30
4
-22
-55
-5
-7
-7
-5
-37
-54
-77
-9
-18
-21
33
-25
-63
-81
-121
-66
-65
-115
-101
-87
-73
-79
-97
-71
-98
-98
-167
-187
-194
-186
-173
-237
-194
-174
-195
-198
-197
-174
-200
-216
-201
-144
-154
-149
-135
-171
-167
-140
-174
-216
-212
-259
-268
-286
-288
-301
-346
-365
-351
-388
-382
-382
-378
-349
-361
-353
-374
-377
-394
-363
-375
-400
-349
-340
-326
-334
-314
-285
-272
-244
-202
-177
-104
-81
-52
-20
8
45
81
141
115
84
108
59
77
74
31
46
79
56
70
101
55
85
118
80
90
99
78
62
69
88
41
48
69
57
43
22
-25
-34
-57
-48
-53
-110
-109
-84
-66
-67
-111
-71
-105
-159
-198
-190
-196
-233
-252
-232
-237
-249
-210
-210
-176
-216
-245
-242
-213
-226
-260
-294
-298
-287
-262
-253
-242
-277
-292
-249
-264
-272
-246
-218
-257
-256
-250
-258
-217
-199
-237
-231
-209
-225
-258
-271
-278
-320
-311
-293
-275
-214
-208
-206
-194
-194
-148
-121
-157
-153
-173
-195
-147
-142
-130
-92
-97
-108
-122
-141
-115
-105
-93
-123
-81
-77
-54
-77
-93
-105
-99
-41
-47
-8
1
-21
-7
8
17
48
-32
34
46
-4
12
14
13
15
11
33
78
72
50
68
19
43
9
8
46
-18
-11
-18
-11
-51
-69
-74
-78
-86
-52
-79
-52
-61
-109
-64
-45
-48
-107
-133
-140
-127
-168
-169
-143
-196
-166
-161
-149
-186
-147
-105
-133
-97
-108
-114
-91
-55
-70
-55
-52
-57
-62
-50
-43
-81
-59
-23
24
27
91
67
35
64
74
58
78
84
68
59
60
36
76
56
98
132
124
155
161
172
167
150
160
148
140
129
93
90
86
96
110
122
132
139
166
200
190
197
171
155
146
140
134
174
188
176
174
152
152
154
172
173
241
227
207
236
238
258
265
231
257
251
255
258
232
260
283
281
255
256
209
164
188
189
201
172
140
175
159
144
145
143
174
174
246
248
229
221
195
203
137
152
170
162
155
173
175
176
167
152
145
122
160
149
141
156
150
162
151
160
135
98
99
68
25
14
27
75
93
71
128
93
86
77
101
161
100
120
130
70
83
102
80
122
127
127
148
176
205
226
264
293
306
304
325
329
360
359
374
369
368
382
323
299
343
338
313
310
292
318
255
263
247
260
240
229
239
228
249
224
230
228
228
221
167
136
158
136
150
124
144
120
136
152
133
157
119
152
87
76
80
81
103
75
61
65
58
12
1
-35
-39
-31
-10
15
-3
-10
-4
16
23
48
6
3
28
42
47
35
75
27
6
21
-15
-37
-66
-18
-82
-39
-8
-21
26
18
24
37
57
95
109
134
130
117
103
119
120
125
130
108
145
169
153
122
147
149
170
230
192
228
251
221
289
239
209
196
181
240
212
206
247
248
227
246
221
222
238
222
210
232
206
214
246
216
195
181
188
184
134
141
105
93
43
37
54
41
29
42
34
9
23
-2
0
-4
-2
9
65
14
64
108
98
74
36
28
4
11
31
-23
-26
-27
-8
27
55
70
57
24
22
14
27
70
60
49
59
96
108
96
62
62
52
75
82
90
129
122
133
127
131
153
171
162
215
222
194
161
170
159
112
153
111
99
112
137
155
140
114
133
131
118
133
118
131
105
110
120
118
97
102
121
119
104
106
150
112
123
142
125
188
230
203
220
228
217
229
251
230
262
202
150
106
98
106
106
111
114
105
71
87
73
115
47
5
15
3
-37
-42
-69
-135
-145
-147
-91
-56
-45
-59
-71
-59
-33
-20
-46
-38
-24
-2
-22
36
6
1
39
26
19
-3
3
10
33
5
77
25
44
60
14
40
9
55
98
105
120
125
107
89
95
110
94
123
162
146
157
142
164
165
183
190
160
157
168
186
211
199
210
194
169
249
229
192
219
246
193
195
175
200
220
178
149
152
150
125
147
125
136
108
107
123
92
70
77
109
118
131
128
135
142
104
113
85
120
107
126
123
90
110
110
145
128
126
137
159
166
177
199
199
120
126
135
127
144
95
98
59
93
82
90
68
58
54
79
57
74
91
67
61
12
-16
-54
-44
-47
-35
-42
-26
-30
-34
-42
-36
-52
-47
-29
22
-14
18
57
67
45
33
90
97
135
113
110
80
89
123
116
132
184
180
160
154
152
172
130
153
157
175
234
227
190
188
185
166
168
169
151
220
223
211
189
195
175
169
219
107
143
121
103
101
79
82
75
64
95
86
54
111
38
85
118
112
145
146
161
149
155
196
145
153
148
123
122
89
120
80
121
176
181
212
157
177
193
163
140
136
143
138
111
120
103
101
106
47
45
71
50
40
27
61
70
41
11
18
38
54
16
0
45
-32
-66
-36
-12
-28
-47
-53
-53
-24
-73
-44
-14
-15
10
13
2
-14
42
46
88
93
90
120
111
145
117
131
149
177
262
293
305
328
353
325
305
304
264
275
254
228
196
277
273
230
226
237
227
202
165
116
150
166
154
120
158
113
103
139
126
146
97
83
62
3
46
81
70
90
96
69
107
163
153
119
135
137
104
89
89
84
48
80
55
33
68
38
29
55
17
14
21
-9
-18
1
-4
39
11
-30
-10
-35
-11
23
13
-32
-6
-4
-79
-97
-61
-75
-91
-18
-26
4
24
22
35
42
59
50
31
18
40
45
27
71
94
86
92
135
159
148
197
184
197
239
200
259
251
179
163
205
176
203
181
153
121
179
146
110
145
131
111
69
125
81
67
57
94
98
60
63
40
40
27
-25
-28
-51
-7
28
14
41
74
40
40
36
69
32
76
93
61
122
113
108
113
103
113
100
71
92
74
69
97
79
34
-14
16
47
-5
38
16
22
5
11
51
15
-17
-19
-57
-56
-42
-50
-29
-9
-53
-9
-18
11
-4
24
55
54
75
106
135
111
183
189
224
196
214
266
268
276
262
242
275
287
300
259
242
226
269
254
218
205
211
208
214
254
250
240
191
229
149
106
93
26
26
19
10
17
8
-3
0
-24
0
-42
-15
-8
13
-25
-45
-35
-34
24
3
40
32
28
-11
7
51
51
81
112
88
104
121
104
154
179
213
229
228
240
190
241
205
217
269
306
263
209
218
232
203
201
172
178
135
119
148
111
93
77
120
74
82
96
114
106
42
49
22
-4
-20
-42
-26
-29
-12
14
30
39
36
40
68
70
9
25
61
121
159
207
231
209
220
239
216
176
204
216
204
256
332
311
322
334
338
380
376
365
345
301
293
252
219
236
241
241
272
252
213
186
147
156
129
143
140
81
137
139
88
124
86
76
49
-1
20
20
44
35
10
15
60
46
17
50
24
32
54
57
99
88
80
108
105
102
53
65
94
96
76
96
131
126
117
123
108
90
110
70
74
12
22
44
61
71
65
99
74
64
74
49
29
46
2
-18
-35
-44
-14
-43
-47
-3
53
65
124
80
87
49
33
36
57
106
56
48
57
105
73
78
83
84
115
140
191
237
244
231
242
247
245
219
235
240
228
200
227
183
181
197
208
215
188
142
97
110
94
148
145
142
136
143
111
88
64
-30
-40
9
17
3
-31
6
14
-7
12
-15
-27
-13
2
25
39
73
65
82
109
107
96
61
38
4
22
-19
-8
-18
25
39
-8
9
68
97
84
40
34
46
60
52
52
44
6
87
77
26
24
14
7
20
-12
8
48
40
55
54
76
95
85
87
107
148
125
111
140
105
125
93
57
60
61
67
63
42
75
147
121
130
167
192
201
162
215
174
180
144
134
124
86
79
55
60
44
41
46
49
47
64
44
61
84
90
58
12
38
5
-31
-24
-45
-68
-70
-98
-59
-51
-39
-17
22
50
31
61
61
89
99
46
4
30
-46
-13
7
-27
8
6
19
-22
-50
-71
-65
-60
-54
-57
-32
-50
-101
-51
-112
-116
-74
-81
-87
-79
-31
-9
3
-16
-10
21
26
26
40
42
67
86
124
157
163
200
215
205
194
201
170
139
133
80
25
30
10
48
12
37
47
34
48
15
12
-14
-45
-55
-41
-21
-32
-73
-76
-60
-27
-34
-32
-46
-57
-51
-26
-18
-32
-32
-47
-31
-58
-26
-15
13
37
49
64
24
46
37
12
32
6
-54
10
-62
-89
-107
-83
-75
-124
-80
-68
-7
-9
-13
-26
-48
-43
-60
-13
5
-44
-54
-50
-36
-59
-43
-3
-11
-40
-48
-57
-82
-68
-71
-47
-54
-42
-19
-51
-46
-27
-62
-61
-59
-80
-83
-93
-105
-103
-120
-95
-75
-64
-43
-40
-36
-72
-47
-71
-40
-27
-38
-16
-34
-48
-66
-42
-40
-9
-20
-76
-53
-45
-8
-30
-24
-21
-36
-78
-52
-11
-60
-37
-61
-56
-79
-66
-55
-70
-84
-62
-38
-70
-68
-20
-38
-51
-42
-33
-46
-44
-21
-22
-38
-40
-8
-54
-54
-57
-41
-46
-102
-121
-144
-181
-164
-181
-182
-147
-154
-113
-73
-85
-45
-14
0
0
-6
-60
-34
-8
-46
-47
-18
-14
-27
58
59
109
96
86
114
130
144
123
114
119
88
70
79
34
11
2
-22
-63
-62
-78
-61
-35
-60
-69
-107
-133
-131
-154
-191
-171
-203
-172
-170
-170
-132
-82
-109
-92
-79
-121
-61
-76
-47
18
65
83
40
90
141
96
121
144
128
128
166
184
207
223
228
269
251
233
248
194
149
135
118
72
47
41
54
49
69
-6
-20
-25
-67
-68
-75
-133
-123
-116
-91
-66
-121
-103
-97
-68
-57
-71
-75
-72
-75
-110
-99
-95
-104
-85
-63
-67
-71
-57
-36
-45
-50
-14
12
3
-4
-7
4
-27
-77
-108
-127
-149
-159
-86
-111
-117
-135
-153
-135
-152
-145
-122
-132
-122
-93
-104
-61
-37
-40
-44
-71
-36
-45
-16
-2
-29
4
-16
22
78
41
39
33
33
67
52
72
62
52
64
90
109
115
92
124
136
105
81
89
105
61
65
93
108
121
159
147
127
100
69
27
16
6
-74
-48
-31
-24
-36
28
8
8
15
-18
21
9
26
3
-52
-63
-102
-89
-98
-71
-41
-24
-3
0
-1
-58
-30
-13
-36
-46
-36
-59
-92
-121
-108
-93
-90
-62
-36
-21
7
8
40
-16
2
-2
-5
5
-1
38
68
107
77
98
81
69
94
110
71
79
96
83
88
85
93
46
39
35
53
22
10
-3
-36
-57
-48
-62
-85
-13
55
72
117
120
133
142
181
153
150
179
152
88
103
86
73
114
94
114
94
121
118
164
173
182
188
184
196
195
159
121
137
113
93
85
86
57
52
38
1
-25
5
-2
-20
-16
-5
67
73
16
40
23
31
23
32
41
47
4
-11
34
44
55
107
76
116
155
135
139
135
173
156
200
185
208
216
198
234
162
158
129
171
135
146
162
94
102
110
111
108
128
137
148
118
97
78
53
57
22
6
-9
-14
16
-8
-2
-53
-25
13
16
24
24
-9
-24
-18
-17
-5
6
27
49
37
77
133
118
140
149
133
165
141
137
188
205
215
243
293
296
255
223
238
276
282
244
257
294
229
189
151
157
180
143
166
159
173
136
122
134
99
63
45
33
30
9
-12
-35
-55
-47
-61
-23
-47
-41
47
47
21
80
89
73
71
99
137
127
157
149
162
163
130
121
132
128
115
131
76
116
142
144
184
158
174
162
108
124
129
102
47
41
43
41
62
42
38
31
-27
-14
-50
-113
-115
-122
-91
-111
-62
-37
22
67
43
104
135
99
138
147
110
108
112
119
73
56
146
125
145
192
123
93
128
123
122
98
155
193
237
230
179
179
172
181
152
93
110
104
54
89
61
46
75
65
68
86
61
77
36
18
1
-14
19
-5
39
47
-43
-4
-10
-11
15
42
38
32
69
95
68
57
75
61
78
109
94
97
92
75
115
142
175
217
172
169
160
204
187
189
202
199
183
166
168
137
193
143
163
176
110
89
31
52
5
14
21
45
84
71
61
50
77
74
89
111
78
86
83
117
109
76
54
52
50
95
121
104
133
119
137
177
190
213
222
205
147
126
183
151
110
87
66
123
113
66
54
41
30
57
24
7
61
95
131
150
183
194
199
202
164
144
91
101
124
70
82
47
45
30
31
59
104
124
79
122
173
122
91
111
64
93
74
114
84
76
109
118
143
115
162
113
146
174
189
236
259
246
236
234
214
223
218
208
194
181
164
206
191
173
193
193
169
168
157
140
147
100
71
54
27
46
-7
-30
-42
-48
14
6
15
-2
15
52
6
24
57
80
28
34
55
52
77
69
73
80
58
91
109
97
172
161
145
162
154
167
131
131
156
199
220
215
164
200
218
176
159
111
132
93
75
112
131
138
154
94
136
143
77
87
111
118
120
100
99
123
113
123
97
73
54
56
35
29
25
49
70
53
51
126
82
102
114
90
119
169
122
88
146
115
138
93
139
124
94
113
131
136
127
134
111
128
135
149
104
69
72
11
31
-17
-4
23
-47
-47
-39
-54
-36
-52
-42
-13
18
66
54
113
154
168
185
170
143
197
202
204
174
158
142
92
111
64
88
76
64
63
32
66
79
79
65
95
64
58
98
103
58
23
26
0
1
-20
-23
-39
-2
24
42
17
29
72
90
135
136
145
144
166
170
153
81
86
70
33
38
6
2
0
47
2
5
7
-27
-24
-24
-13
-28
16
-1
43
46
-2
36
56
45
81
94
97
90
65
60
19
69
37
8
22
44
9
45
49
47
106
84
85
82
63
59
49
26
40
20
8
23
-31
-70
-88
-39
-64
-43
-29
-51
22
3
32
77
123
114
136
139
140
175
152
112
170
186
198
217
217
202
160
166
192
194
205
187
142
136
156
148
110
138
133
80
95
136
104
100
96
112
97
95
75
42
57
15
-23
13
4
-20
29
27
58
30
50
71
55
98
48
65
78
46
48
46
55
81
80
49
49
74
69
40
75
32
24
57
84
53
37
58
55
25
-14
-20
-58
-44
-52
-105
-107
-99
-56
-12
-38
-67
-84
-22
-30
14
49
5
32
19
67
30
80
47
36
87
48
57
72
37
-11
84
53
2
72
84
93
67
51
54
64
59
77
41
48
62
16
25
-3
0
14
42
-5
-8
-39
-32
30
22
-20
11
27
-2
5
-33
-59
-55
-51
-15
-13
13
8
4
15
-7
2
5
0
26
-6
-3
54
42
18
20
73
74
89
97
100
91
110
94
32
39
26
27
42
41
43
19
-10
-35
-43
-21
7
5
48
32
-13
-55
-70
-68
-62
-76
-82
-49
-48
-29
-25
-28
-31
-24
15
-14
-5
18
77
98
92
69
57
51
82
56
57
67
15
66
9
-10
-1
-7
-28
-15
-45
-69
-83
-109
-71
-68
-52
-58
-55
-99
-49
-39
-49
-52
-52
-33
-31
9
35
51
23
-3
7
1
-42
-22
2
-27
-33
-24
-58
-68
-21
-68
-97
-28
-92
-118
-36
-77
-74
-71
-101
-104
-111
-108
-123
-99
-91
-28
-18
-32
-39
-56
-53
-74
-56
-47
-70
-76
-58
-7
2
-2
-10
-26
-31
-50
-16
