SAMPLES:	16213
BITSPERSAMPLE:	16
CHANNELS:	1
SAMPLERATE:	16000
NORMALIZED:	FALSE
-101
-71
-79
-94
-90
-96
-48
-92
-123
-95
-96
-118
-118
-82
-94
-50
-15
-56
-35
-54
-11
-32
-39
15
11
1
-5
19
-17
-21
-31
-57
-88
-55
-35
-98
-95
-5
-37
-80
-59
-60
-85
-126
-113
-105
-123
-96
-71
-119
-119
-44
-27
-85
-89
-72
-81
-90
-80
-88
-152
-161
-149
-126
-130
-113
-72
-60
-44
-62
-40
-46
-89
-152
-198
-207
-180
-195
-229
-200
-187
-212
-150
-178
-171
-154
-166
-137
-116
-99
-134
-124
-130
-131
-124
-177
-160
-195
-209
-237
-211
-210
-241
-252
-257
-218
-264
-203
-194
-206
-208
-177
-209
-154
-125
-125
-106
-145
-139
-109
-140
-187
-141
-137
-123
-128
-112
-132
-58
-39
-31
-39
-14
-13
-50
-30
-45
-82
-45
-22
-57
-53
-110
-53
-32
-89
-140
-137
-115
-70
-95
-65
-67
-102
-108
-155
-179
-221
-213
-257
-253
-228
-288
-323
-275
-308
-292
-283
-250
-253
-236
-207
-224
-222
-230
-224
-228
-235
-224
-238
-257
-239
-188
-127
-130
-117
-84
-73
-97
-83
-93
-144
-131
-163
-228
-153
-135
-121
-127
-112
-100
-134
-136
-104
-104
-164
-149
-173
-181
-176
-194
-149
-149
-171
-209
-216
-251
-271
-228
-175
-189
-260
-253
-252
-203
-216
-164
-149
-187
-185
-140
-183
-210
-168
-180
-146
-166
-129
-159
-181
-129
-163
-198
-237
-254
-246
-281
-273
-281
-237
-232
-265
-255
-310
-308
-310
-306
-289
-271
-260
-261
-231
-236
-275
-210
-141
-162
-169
-141
-68
-85
-46
-4
-50
-62
-7
-17
-28
-10
49
48
85
96
18
25
66
46
36
-3
2
-25
-96
-114
-166
-120
-146
-195
-162
-181
-187
-210
-215
-208
-192
-181
-186
-146
-150
-153
-154
-164
-158
-180
-192
-206
-246
-211
-152
-126
-134
-76
-70
-45
-1
18
38
83
76
89
108
69
114
60
43
33
-11
-29
-22
-39
-72
-45
-47
-39
-23
-16
31
23
-4
13
-23
-88
-134
-186
-212
-197
-212
-187
-189
-116
-159
-129
-120
-135
-79
-72
-53
-41
-86
-98
-113
-136
-119
-84
-101
-81
-40
-60
-85
-70
-34
-122
-49
-29
-30
-61
-32
-23
-44
29
46
89
83
103
64
43
22
3
-28
-50
-43
-77
-85
-56
-84
-158
-119
-132
-131
-120
-142
-136
-117
-107
-115
-127
-143
-128
-150
-119
-86
-146
-119
-144
-135
-144
-153
-143
-137
-158
-173
-129
-208
-213
-186
-172
-218
-205
-247
-264
-236
-215
-206
-264
-254
-218
-247
-280
-205
-116
-152
-142
-136
-142
-159
-192
-130
-114
-134
-117
-114
-141
-107
-102
-93
-84
-49
-70
-68
-92
-74
-54
-86
-37
-19
-10
-33
-27
-22
-87
-86
-97
-100
-152
-163
-194
-224
-273
-243
-232
-293
-182
-201
-199
-164
-132
-143
-156
-165
-203
-225
-265
-259
-191
-165
-177
-148
-127
-122
-154
-100
-74
-82
-27
7
30
47
-12
-35
-15
-101
-126
-91
-116
-100
-95
-114
-117
-61
-97
-95
-73
-113
-129
-177
-190
-175
-218
-226
-236
-239
-224
-210
-171
-148
-153
-131
-107
-147
-159
-146
-160
-159
-148
-120
-84
-122
-99
-109
-102
-81
-58
-73
-89
-188
-171
-144
-142
-222
-187
-169
-202
-120
-193
-238
-255
-251
-302
-358
-344
-307
-301
-331
-347
-300
-345
-373
-364
-334
-353
-344
-318
-295
-266
-274
-257
-313
-314
-322
-356
-328
-354
-315
-259
-210
-218
-212
-191
-250
-242
-237
-234
-233
-293
-289
-276
-299
-264
-252
-273
-290
-265
-259
-318
-341
-311
-373
-338
-282
-306
-325
-337
-315
-316
-294
-312
-319
-322
-330
-291
-323
-365
-394
-335
-354
-393
-341
-354
-324
-372
-311
-306
-300
-295
-270
-244
-273
-271
-295
-288
-298
-294
-283
-302
-283
-320
-344
-302
-316
-333
-312
-300
-321
-340
-303
-291
-308
-261
-276
-271
-307
-381
-330
-346
-361
-363
-335
-338
-326
-321
-318
-328
-396
-422
-407
-380
-383
-423
-383
-381
-389
-376
-343
-312
-345
-299
-349
-393
-384
-371
-386
-416
-345
-350
-347
-357
-325
-343
-373
-358
-404
-391
-382
-337
-357
-390
-353
-393
-473
-458
-488
-482
-443
-403
-408
-414
-436
-414
-406
-407
-298
-321
-273
-263
-275
-294
-298
-256
-301
-288
-277
-248
-276
-280
-259
-276
-276
-268
-283
-283
-332
-334
-296
-348
-321
-325
-355
-330
-312
-322
-377
-425
-401
-428
-412
-429
-454
-445
-435
-453
-463
-489
-466
-416
-374
-406
-389
-371
-324
-313
-365
-277
-327
-371
-387
-310
-336
-341
-285
-248
-204
-268
-220
-250
-272
-294
-245
-269
-325
-296
-271
-279
-292
-290
-267
-276
-261
-225
-224
-251
-226
-213
-260
-249
-253
-241
-255
-275
-217
-238
-256
-246
-207
-185
-215
-217
-205
-208
-209
-159
-167
-200
-219
-207
-199
-218
-210
-158
-164
-169
-147
-120
-134
-191
-155
-144
-164
-151
-147
-164
-148
-117
-148
-85
-119
-192
-171
-147
-169
-218
-157
-238
-244
-218
-233
-182
-186
-154
-138
-118
-108
-129
-129
-68
-60
-93
-5
11
12
-37
-11
5
-32
0
1
-42
-69
-25
-75
-72
-71
-56
-46
-22
14
21
25
26
38
13
-23
11
13
0
-8
5
48
3
32
22
26
10
63
59
-35
-33
-35
-68
-80
-62
-5
54
52
79
32
-15
27
-44
-60
-64
-61
-44
-17
12
36
15
52
70
67
74
58
76
45
88
75
85
73
48
100
77
117
110
98
36
52
76
64
52
35
65
67
65
109
98
67
81
53
-11
-45
-67
-100
-109
-93
-55
-67
-68
-52
29
46
22
47
65
95
88
79
69
89
99
94
91
52
-9
-35
-19
9
19
31
23
9
30
59
76
77
109
163
90
90
79
58
37
20
46
75
49
19
45
65
42
98
167
206
167
178
168
113
144
111
141
112
102
107
99
103
106
120
106
95
110
106
125
112
104
141
116
118
123
124
54
51
83
23
48
-16
-35
-20
-34
-31
-46
-12
-39
-19
9
-24
-9
-9
25
50
45
40
35
29
13
6
-17
1
15
1
61
111
115
143
110
77
80
54
41
40
42
4
-34
-78
-106
-81
-78
-87
-61
-71
-38
-43
-30
29
33
21
24
80
96
95
134
86
33
56
48
50
110
79
82
61
65
78
40
83
91
88
105
64
86
68
38
38
37
27
-12
9
11
-45
-85
-49
-47
-35
-62
-28
-7
5
18
7
26
41
87
98
66
104
63
24
49
86
97
100
60
77
58
61
53
14
44
43
54
13
63
2
14
26
31
51
-2
-7
-51
-43
-56
-14
-37
-27
9
21
31
6
-8
-44
-16
35
53
54
98
60
50
57
65
11
-17
25
32
2
38
74
90
128
123
197
146
146
190
139
146
117
139
117
164
156
148
200
181
203
183
189
210
252
220
216
224
216
175
172
208
162
154
178
154
155
126
185
178
122
172
130
115
108
136
160
152
127
161
120
78
89
116
116
78
87
121
102
97
121
151
144
209
227
213
218
206
172
139
129
103
155
174
191
174
188
152
154
160
144
161
174
126
108
110
120
117
147
115
108
105
83
114
77
93
101
152
181
199
219
208
216
224
165
189
202
178
255
254
295
313
297
343
324
295
238
235
202
211
177
188
185
186
206
168
210
236
237
184
234
249
239
181
149
217
72
96
139
95
86
108
195
155
221
262
250
283
278
296
293
274
295
260
235
271
279
242
243
257
262
198
190
243
214
171
198
179
158
183
225
212
181
179
173
210
183
225
223
232
243
225
254
204
225
229
152
164
208
241
268
239
316
277
220
263
235
192
237
284
244
244
249
231
201
182
212
183
196
246
258
247
254
258
284
267
244
263
284
272
221
216
230
181
154
208
181
177
202
182
179
156
131
112
61
53
61
84
64
80
94
99
94
122
128
118
165
121
162
159
155
163
179
224
222
238
273
278
227
223
256
267
250
212
211
253
236
221
197
164
166
137
99
147
95
84
53
36
95
89
118
140
176
196
196
186
214
184
208
212
235
272
268
319
266
285
236
267
309
258
266
277
242
225
238
175
183
184
209
167
194
214
154
146
167
211
147
129
168
180
169
142
179
156
153
141
173
122
123
104
65
70
78
118
79
94
117
136
116
121
87
76
52
97
110
89
133
93
139
131
108
40
31
19
-1
-13
-23
-22
12
4
5
33
-1
-31
19
41
17
82
44
43
-2
-7
35
34
39
57
83
77
87
91
148
75
103
109
54
48
42
79
95
101
71
15
77
55
67
74
45
72
37
48
31
56
51
33
5
4
-15
-62
-62
-41
-49
-73
-100
-128
-105
-75
-96
-111
-102
-120
-129
-124
-152
-166
-180
-151
-129
-140
-127
-70
-70
-104
-101
-53
-5
-74
-39
-7
-34
-60
-48
-66
-48
-12
-29
-72
-86
-12
-1
13
-14
3
3
-4
-14
-70
-118
-99
-46
-41
-22
-27
-23
-10
-3
-29
-68
-49
-49
-96
-69
-48
-54
-108
-84
-92
-93
-66
-48
-49
-41
-45
3
-39
-37
9
-36
13
-13
24
-10
26
85
52
44
41
4
17
9
-39
-23
-26
-42
-39
-16
17
14
-3
40
-13
-12
-1
-20
23
48
45
84
113
104
62
6
15
13
77
72
73
29
25
37
9
65
136
110
48
105
92
54
-13
13
1
-26
13
1
17
54
61
21
62
73
90
74
92
72
46
99
90
146
159
163
140
170
216
201
198
216
240
217
223
230
285
293
234
221
263
287
274
300
388
329
263
274
242
162
161
191
182
160
181
177
163
142
146
156
147
157
167
233
234
160
143
163
142
145
127
162
163
167
194
235
237
273
268
250
281
359
363
337
396
415
368
316
410
383
412
453
456
437
381
460
446
405
431
438
437
464
469
448
407
392
431
419
439
467
416
421
433
476
456
476
480
424
403
411
418
378
387
423
434
386
396
387
401
355
372
470
428
378
435
420
402
405
482
471
455
444
399
387
382
369
389
375
397
443
434
438
411
399
348
333
367
324
302
334
338
355
341
368
394
365
359
355
288
281
296
276
273
310
303
305
320
346
351
341
284
258
307
293
260
297
319
321
396
379
355
349
342
338
322
350
362
351
311
310
364
317
327
354
323
290
271
305
281
279
332
278
320
310
232
202
196
206
190
201
235
262
223
235
215
161
163
230
218
156
176
189
132
134
196
197
193
247
295
316
296
371
346
275
273
304
271
203
237
225
220
208
173
146
148
114
121
171
106
59
64
19
34
96
83
54
58
42
73
60
30
19
39
64
53
73
37
23
-3
1
12
32
43
67
59
86
141
112
124
116
112
133
134
153
125
104
118
131
166
161
182
213
245
224
216
167
103
166
184
162
198
186
157
150
123
125
93
74
76
51
39
51
2
-10
-13
-20
-23
-14
-29
-100
-60
-62
-65
-101
-127
-118
-128
-155
-162
-161
-174
-159
-147
-108
-67
-64
30
-27
-31
-47
-47
-3
-38
-47
-60
-24
-16
5
-60
-48
-40
-54
-50
-96
-79
-109
-97
-70
-77
-68
-81
-111
-69
-58
-53
20
-25
-51
-58
-92
-98
-116
-86
-109
-101
-33
-12
-33
6
54
12
35
-11
29
39
33
27
-15
-6
-31
14
27
58
34
20
3
-87
-94
-97
-88
-132
-200
-115
-60
-78
-96
-70
-36
-60
-70
-76
-87
-145
-119
-58
-72
-44
-33
-22
-74
-58
17
-50
10
8
-9
2
-70
-106
-90
-58
-78
-54
-49
-94
-76
-52
-103
-75
-115
-111
-68
-80
-63
-43
16
26
9
-7
-22
-15
-49
-78
-56
-83
-80
-73
-99
-125
-176
-168
-156
-172
-174
-146
-125
-161
-165
-154
-132
-77
-76
-63
-109
-111
-61
-90
-107
-124
-100
-78
-50
-30
-40
-38
-38
-21
55
83
68
125
89
109
100
80
56
36
65
94
60
64
73
96
114
75
154
56
-36
-81
-51
-29
-28
-16
-60
-43
14
2
-49
-101
-137
-100
-103
-64
-80
-66
-66
-94
-117
-67
-86
-111
-37
-64
-68
-79
-62
-124
-144
-42
-48
-19
13
62
76
61
79
104
55
-6
42
-13
-57
8
22
-22
23
85
50
87
121
88
54
94
130
123
119
98
81
79
99
68
38
33
46
-58
-85
-105
-49
-90
-156
-132
-115
-92
-120
-102
-106
-68
-51
-68
-95
-120
-166
-132
-104
-74
-57
-61
4
-2
34
69
70
106
143
122
112
87
61
15
48
62
70
64
43
55
74
59
27
54
88
102
111
101
104
76
14
29
16
6
-15
30
9
-4
8
-18
54
49
89
104
78
95
109
135
123
136
186
185
146
150
126
114
125
118
115
61
65
21
71
93
44
91
75
105
79
79
87
70
67
95
114
100
125
116
113
187
198
243
204
235
260
270
246
225
238
211
240
215
204
190
174
189
185
177
195
204
210
200
169
167
137
118
153
140
67
92
91
69
59
42
22
72
78
47
66
56
89
70
98
86
36
67
58
87
99
103
166
193
141
164
158
129
120
76
106
43
60
97
45
56
84
97
55
57
102
34
19
31
43
14
11
43
33
44
48
28
118
128
109
121
113
171
158
145
136
181
153
168
206
183
173
183
180
173
167
145
134
102
83
109
115
102
100
118
116
143
98
97
86
52
83
59
85
36
29
52
7
9
58
55
60
65
93
94
91
16
28
13
-49
-76
-59
1
-1
9
-14
-6
-24
6
-28
-33
-35
-70
-59
-89
-29
-20
48
72
91
124
149
152
120
128
144
128
132
153
154
206
216
208
214
207
203
184
144
117
136
112
157
102
137
165
103
132
84
118
116
52
78
53
32
17
9
-22
-44
-34
-18
12
62
45
72
87
82
96
99
77
19
28
11
27
64
36
67
83
71
67
63
57
55
84
59
96
132
101
76
81
62
110
112
83
94
47
28
-6
24
28
39
82
27
11
-14
-27
-47
-48
-56
-122
-71
-56
-80
-95
-69
-69
-45
-43
3
-11
27
73
49
57
73
45
24
69
0
34
44
47
77
43
48
82
109
31
90
100
79
70
50
84
70
68
34
16
-34
-27
-11
-1
-27
-100
-102
-72
-87
-88
-46
-90
-82
-53
-71
-52
-1
-40
-70
-103
-134
-137
-138
-102
-73
-108
-115
-84
-58
-47
1
4
8
-21
-31
-59
-93
-114
-99
-98
-75
-22
-40
-6
-13
13
40
59
39
40
29
42
57
71
74
60
52
9
-38
-28
-42
-78
-14
8
43
40
-13
20
-24
-8
-12
-45
-12
-72
-104
-127
-154
-175
-152
-189
-190
-183
-214
-194
-221
-182
-136
-188
-117
-85
-105
-115
-82
-109
-98
-52
4
-12
-34
-6
-8
-13
17
71
37
115
112
109
26
24
38
-15
38
38
13
18
53
-3
-22
-13
-58
-70
-88
-91
-89
-110
-88
-116
-55
-49
-50
-19
-53
-90
-92
-77
-82
-56
-58
-67
-51
-3
15
-53
-6
25
23
-47
27
56
-81
-48
51
-10
-41
71
54
-58
-107
-51
-50
-95
-6
18
-79
-42
22
56
5
51
87
2
2
64
57
37
97
80
-3
-6
34
-11
-10
67
35
56
56
64
7
-25
-17
-10
-71
-122
-98
-102
-90
-130
-122
-126
-128
-170
-132
-140
-131
-167
-124
-95
-58
-39
-51
56
52
51
45
83
51
64
39
8
-2
36
36
32
50
25
20
28
34
73
84
35
35
32
19
-11
15
8
-7
14
39
22
30
33
65
81
65
83
63
29
23
68
72
114
153
127
98
130
168
161
139
98
104
50
31
104
92
99
79
93
53
0
25
22
8
30
18
-26
-21
-4
12
0
-38
24
46
-10
-21
-3
-26
-36
-12
3
-24
-21
49
-11
-41
78
76
51
33
26
42
-1
-39
16
-47
-21
94
60
74
89
42
86
53
-37
-44
-102
-60
-65
-88
-79
-80
-83
-106
-60
-102
-108
-65
-66
-112
-133
-90
-81
-90
-8
31
43
82
116
117
64
42
68
67
73
68
93
99
101
48
15
35
79
64
36
78
60
48
49
50
78
34
30
87
54
37
-18
-31
-7
-6
40
41
78
88
105
154
173
164
173
210
200
208
258
214
177
191
147
128
188
182
198
206
192
153
90
71
32
20
45
72
71
69
101
100
48
31
19
46
60
7
4
-5
-3
48
71
106
122
115
109
114
109
151
198
250
220
256
281
288
332
326
327
337
322
315
325
316
330
306
290
304
267
266
221
241
240
225
186
152
151
126
152
138
186
192
173
191
127
126
148
140
144
164
203
190
130
152
101
112
131
158
138
84
62
66
177
192
213
202
198
267
246
236
218
162
215
205
189
173
210
209
197
156
170
245
192
188
165
134
98
98
82
117
137
179
188
160
80
45
34
25
41
30
20
18
23
47
70
50
102
86
93
113
143
148
172
188
217
219
214
265
251
279
250
306
303
289
294
259
262
251
285
262
276
293
273
259
197
247
234
128
140
127
135
78
96
112
96
104
118
141
147
152
157
183
174
182
167
176
211
150
153
169
130
178
217
187
155
219
278
306
296
290
230
213
222
183
166
171
201
195
197
172
187
184
223
216
182
150
61
5
-9
-3
9
31
-3
63
115
98
126
189
157
145
144
114
123
107
122
118
105
100
98
87
94
81
37
69
78
104
128
134
110
120
139
144
118
122
119
134
143
120
160
112
119
140
108
82
73
84
66
96
115
80
124
126
162
151
125
122
142
135
132
155
93
117
155
150
133
134
134
121
136
137
154
140
123
155
136
97
67
99
96
58
20
-21
-24
-13
2
-31
-39
-23
8
-4
-9
-22
-8
-70
-79
-45
-34
-49
-68
-26
-87
-72
-51
-37
-34
-93
-48
-24
-26
37
99
77
77
107
102
153
169
163
129
71
96
99
59
82
73
78
74
37
43
73
84
68
91
106
105
33
35
20
3
17
25
14
27
111
84
76
107
95
59
62
115
130
142
150
190
220
202
255
285
232
234
249
236
210
233
230
224
255
244
237
208
216
163
148
172
184
164
173
183
168
180
169
168
197
175
142
136
111
92
83
124
200
212
185
181
185
196
177
178
139
190
239
241
279
254
278
277
307
291
308
330
310
294
269
328
336
313
316
361
373
332
325
383
328
249
283
265
216
252
276
273
246
226
253
215
210
211
217
229
202
219
186
223
180
198
208
181
234
229
211
232
233
189
214
207
211
213
229
207
209
256
261
291
279
236
281
266
261
186
178
214
137
171
188
153
148
143
117
132
127
143
174
213
202
187
194
151
109
114
55
54
60
42
110
121
134
109
102
102
122
97
103
93
61
95
113
108
105
203
191
179
157
159
182
202
237
190
157
154
185
136
133
120
126
131
167
159
127
117
133
146
107
124
91
69
99
102
103
58
51
138
53
69
46
57
49
33
62
53
68
89
122
112
101
91
90
81
95
86
50
44
44
36
58
56
93
99
64
55
39
81
61
79
86
58
97
75
47
55
45
74
63
91
99
69
96
76
89
58
97
89
71
109
93
103
111
156
187
191
129
172
160
74
135
85
75
118
95
118
63
102
116
104
103
118
155
144
166
149
120
149
164
151
124
134
138
135
113
84
96
60
50
56
111
93
146
150
126
134
51
29
62
52
49
27
11
-17
-20
-42
-14
16
24
9
-23
16
-47
-65
-94
-63
-55
-82
-47
-85
-90
-58
-110
-157
-137
-123
-72
-68
-27
81
89
102
90
71
83
82
85
90
76
18
34
44
47
27
14
11
18
46
-33
-23
-27
-56
-82
-46
-25
-37
-29
3
-59
-68
23
23
3
2
13
-31
-78
-72
-57
-79
-45
-27
-49
-117
-119
-87
-96
-116
-97
-93
-106
-89
-87
-30
-45
-73
-67
-60
-68
-71
-29
-55
-44
6
-21
-38
-13
-26
-87
-78
-57
-88
-106
-112
-92
-117
-160
-151
-149
-163
-126
-84
-115
-178
-212
-242
-252
-305
-286
-254
-292
-296
-230
-224
-230
-169
-152
-147
-168
-166
-135
-135
-154
-180
-163
-198
-170
-172
-170
-169
-123
-69
-68
-57
-81
-3
-43
-34
-41
-72
-77
-65
-93
-148
-143
-170
-147
-206
-245
-226
-279
-305
-247
-240
-258
-230
-297
-289
-245
-286
-221
-210
-213
-166
-138
-183
-211
-244
-239
-269
-284
-270
-297
-319
-302
-248
-270
-274
-274
-237
-286
-282
-311
-306
-314
-277
-264
-306
-237
-294
-294
-301
-260
-267
-330
-339
-387
-404
-381
-370
-379
-382
-362
-384
-370
-358
-310
-318
-293
-284
-354
-333
-335
-346
-367
-323
-299
-374
-340
-320
-327
-322
-338
-311
-257
-267
-237
-228
-243
-271
-179
-207
-267
-263
-291
-264
-291
-297
-250
-246
-274
-251
-238
-251
-304
-318
-320
-322
-334
-335
-340
-327
-334
-302
-307
-338
-291
-306
-276
-300
-275
-263
-308
-305
-266
-221
-204
-196
-185
-167
-162
-237
-231
-207
-232
-225
-197
-235
-240
-212
-270
-262
-311
-312
-330
-397
-395
-428
-394
-449
-421
-340
-354
-381
-415
-328
-340
-374
-386
-403
-378
-404
-368
-306
-298
-254
-222
-192
-150
-158
-143
-155
-176
-219
-181
-228
-194
-166
-174
-125
-140
-114
-179
-206
-201
-176
-182
-124
-100
-124
-117
-84
-73
-148
-134
-119
-160
-162
-194
-215
-233
-215
-221
-198
-188
-206
-237
-222
-195
-220
-234
-214
-192
-211
-159
-189
-161
-179
-197
-139
-139
-163
-159
-173
-189
-149
-146
-137
-135
-118
-93
-95
-134
-138
-140
-174
-109
-162
-216
-186
-222
-278
-267
-237
-220
-218
-216
-173
-174
-202
-170
-207
-208
-156
-154
-118
-191
-160
-148
-174
-148
-117
-98
-164
-155
-148
-107
-71
-110
-98
-62
-54
-61
-101
-101
-63
-110
-152
-160
-130
-153
-181
-173
-173
-173
-202
-161
-132
-146
-120
-142
-83
-87
-82
-82
-122
-112
-86
-116
-124
-60
-74
-98
-70
-61
-49
-38
-25
-73
-65
-51
-58
-58
-112
-93
-58
-105
-94
-78
-30
-83
-86
-77
-79
-35
-20
-23
-8
28
-12
-20
-39
0
23
-6
4
6
-17
-41
-56
-20
-25
-7
-14
-40
-23
-24
-6
-36
-33
-37
-61
-102
-99
-98
-106
-131
-141
-123
-118
-86
-74
-89
-69
-33
-76
-96
-93
-76
-95
-84
-116
-78
-86
-83
-64
-71
-82
-84
-67
-19
53
8
21
-5
-1
13
19
-20
-27
-20
-58
-59
-44
-71
-124
-83
-128
-104
-81
-68
-85
-138
-147
-201
-220
-233
-187
-194
-189
-232
-216
-245
-219
-130
-105
-63
-81
-93
-99
-89
-59
-106
-153
-125
-75
-101
-140
-80
-9
-98
-106
-112
-90
-144
-154
-86
-130
-89
-53
-76
-72
-57
-2
-25
-37
7
-3
-43
-29
64
8
14
58
36
26
59
64
76
54
79
158
142
69
72
32
17
52
21
10
-8
-10
16
-44
-38
-42
-84
-70
-105
-58
-56
-32
-5
11
7
30
82
44
7
25
33
6
71
109
98
98
154
168
112
123
149
113
78
120
106
51
33
31
98
32
72
55
-28
-37
-19
15
-50
-73
-18
-67
-103
-92
-67
-46
-21
32
-6
6
-12
-22
-64
-68
-59
-14
-46
-11
14
45
48
33
70
34
13
-14
24
15
-9
-29
-1
-35
-4
31
33
-2
-22
8
-28
-47
-13
-19
-18
-6
40
20
-3
33
-9
-43
-50
-83
-104
-31
-47
-18
36
30
52
56
11
28
78
20
-2
20
29
47
32
21
72
31
8
-19
-14
-8
-46
-36
-101
-77
-88
-120
-88
-118
-64
-67
-74
-77
-60
-60
-114
-120
-166
-151
-143
-147
-138
-145
-139
-113
-107
-83
-154
-155
-190
-200
-168
-214
-202
-193
-188
-157
-181
-184
-193
-198
-160
-165
-155
-165
-203
-198
-200
-174
-173
-241
-244
-180
-172
-167
-155
-187
-145
-142
-180
-122
-152
-175
-164
-180
-140
-95
-121
-122
-83
-115
-113
-103
-153
-169
-170
-187
-167
-184
-199
-140
-135
-143
-124
-130
-152
-154
-139
-152
-180
-188
-196
-194
-124
-136
-149
-139
-180
-145
-190
-187
-163
-158
-162
-174
-195
-190
-175
-169
-124
-89
-105
-107
-95
-89
-106
-121
-114
-128
-200
-182
-177
-211
-196
-169
-224
-209
-227
-262
-278
-290
-248
-248
-262
-255
-203
-183
-216
-223
-264
-307
-284
-247
-306
-375
-318
-338
-305
-288
-285
-266
-234
-208
-197
-205
-193
-200
-220
-210
-194
-178
-133
-169
-168
-169
-188
-176
-224
-248
-269
-267
-235
-249
-262
-201
-176
-214
-212
-209
-242
-264
-197
-128
-203
-174
-131
-179
-226
-195
-177
-210
-207
-167
-145
-147
-142
-160
-159
-143
-156
-187
-161
-129
-82
-130
-171
-131
-186
-195
-185
-171
-195
-198
-230
-250
-265
-251
-200
-224
-218
-158
-157
-161
-158
-199
-216
-213
-182
-213
-228
-191
-166
-131
-158
-171
-167
-185
-157
-187
-190
-205
-152
-195
-237
-149
-136
-109
-124
-88
-94
-105
-118
-80
-105
-154
-138
-112
-137
-136
-44
-42
-53
-63
-86
-85
-80
-86
-93
-111
-129
-78
-120
-89
-71
-83
-49
-22
-9
-40
-18
-44
-40
-64
-77
-61
-88
-93
-49
-18
-1
-26
-51
-76
-136
-65
-46
-100
-87
-119
-112
-150
-176
-160
-114
-191
-203
-208
-184
-140
-170
-141
-138
-134
-103
-98
-117
-134
-156
-155
-143
-165
-154
-175
-191
-196
-144
-170
-171
-88
-170
-157
-149
-210
-237
-257
-267
-249
-270
-228
-170
-161
-170
-134
-128
-149
-158
-108
-94
-75
-32
-64
-50
-79
-55
1
35
28
16
63
75
5
21
34
6
-22
-9
43
1
49
-23
-44
-41
2
-13
-102
-40
-67
-95
-132
-159
-125
-131
-166
-115
-96
-123
-145
-94
-147
-186
-143
-182
-173
-160
-119
-99
-77
-32
5
-10
-10
-28
-61
-82
-100
-67
-81
-117
-97
-106
-155
-152
-190
-152
-125
-155
-166
-149
-135
-158
-161
-145
-166
-185
-194
-189
-190
-230
-264
-300
-283
-255
-269
-241
-269
-296
-239
-277
-278
-262
-218
-226
-168
-159
-144
-90
-91
-48
-57
-66
-64
-75
-73
-88
-41
-8
-9
-1
14
26
14
17
21
-37
-50
-4
-45
-54
-26
-41
-55
-20
-66
-82
-23
-54
-66
-102
-89
-93
-132
-81
-98
-128
-106
-110
-136
-103
-77
-69
-97
-92
-29
0
-23
-43
-43
-50
-25
7
-54
-95
-57
-55
-63
-51
-91
-70
-55
-32
-37
-53
-45
-77
-107
-130
-152
-170
-141
-117
-118
-110
-112
-58
19
19
24
-1
34
31
47
107
79
82
59
17
26
-6
17
28
19
43
33
96
83
4
-29
-39
-19
-91
-149
-186
-216
-192
-149
-139
-136
-114
-104
-79
-104
-117
-117
-107
-81
-19
-13
-43
0
82
97
115
170
175
156
126
120
127
110
109
134
133
122
125
103
77
44
51
-7
-57
-23
-65
-128
-115
-133
-115
-127
-184
-127
-124
-92
-66
-99
-104
-93
-90
-86
-86
-108
-23
-14
-41
7
9
-32
5
58
44
18
55
36
8
47
69
83
101
158
164
139
150
158
126
108
106
66
51
93
113
114
128
132
159
81
64
38
-2
-6
-2
-8
-39
-1
15
0
38
22
70
34
-14
-49
-72
-58
-51
-44
-98
-104
-76
-41
1
15
27
90
59
65
90
41
22
-29
2
-33
-100
-55
-63
-29
-12
42
59
88
76
99
81
26
28
53
45
-9
-8
40
-10
-11
16
31
-55
-127
-86
-67
-96
-60
-35
12
52
38
93
63
50
62
22
-4
-1
21
41
20
-47
-47
-9
31
39
-10
31
60
63
45
67
111
92
123
171
180
171
164
143
164
181
193
171
158
222
214
275
290
306
316
357
378
340
365
345
287
265
228
205
208
232
217
173
190
197
229
228
259
241
225
171
156
161
163
187
203
196
168
179
180
205
173
192
240
220
193
224
224
202
218
235
214
190
203
186
171
186
155
163
143
128
214
228
226
235
299
304
283
280
278
269
234
241
215
216
189
151
200
182
180
219
221
218
254
260
212
231
267
283
264
302
329
310
302
322
339
266
304
279
303
358
373
368
366
438
394
402
441
449
452
424
419
406
399
394
381
407
374
406
403
347
350
302
262
232
256
248
246
275
271
225
268
275
210
195
135
106
160
176
208
242
253
235
257
296
313
308
327
300
331
364
359
400
358
375
379
392
391
400
465
483
500
543
602
625
594
626
580
538
463
408
395
399
410
423
415
403
403
402
422
397
362
385
370
353
392
396
394
392
386
327
371
382
400
384
351
408
407
420
430
445
460
457
468
514
487
524
547
576
651
633
626
664
641
599
617
565
576
570
573
590
537
550
561
561
544
553
562
553
559
569
638
640
606
608
630
578
533
565
542
578
534
538
571
570
595
591
629
626
690
706
707
686
726
789
717
695
691
685
651
672
695
755
759
728
776
790
792
782
711
668
671
655
648
617
649
651
675
717
724
758
714
697
674
648
619
632
622
642
594
614
632
630
651
629
674
740
756
776
751
756
743
702
725
718
741
762
799
739
739
741
701
742
759
821
789
834
870
820
824
805
786
761
742
750
745
718
754
740
683
664
700
655
667
720
682
690
766
771
779
789
732
679
711
653
624
621
632
664
643
671
709
722
702
700
697
688
668
650
660
663
680
699
680
706
693
685
678
645
665
643
667
670
715
721
687
677
668
711
736
711
745
705
667
734
664
650
681
698
700
650
683
680
652
636
609
589
594
649
635
655
640
610
633
699
702
604
673
685
606
586
627
616
502
508
565
529
484
556
565
527
482
567
539
522
576
599
559
524
537
520
492
478
554
511
508
510
498
501
464
497
532
519
508
484
471
473
522
518
535
581
570
542
544
570
525
483
405
366
390
382
407
419
397
401
411
413
388
395
322
280
282
290
286
301
298
296
355
309
314
285
236
243
248
314
264
300
338
306
307
299
308
366
341
398
382
377
360
355
349
297
332
275
268
259
279
250
249
287
278
269
254
270
266
229
259
253
169
188
150
198
213
118
138
165
167
150
127
155
137
156
149
141
159
136
149
180
132
171
148
141
160
124
139
159
157
114
153
123
161
113
53
67
86
78
36
39
27
13
12
54
58
12
36
51
31
22
-22
-48
-96
-82
-55
-98
-74
-42
-63
-41
-17
28
16
-10
32
24
14
71
88
-6
48
92
107
66
78
144
155
146
163
185
124
159
179
144
130
132
108
58
78
79
21
30
109
104
58
41
56
54
-1
-1
-11
-32
-51
-28
-20
-67
-32
-1
8
16
23
9
-20
-25
-20
-62
-88
-5
7
13
11
16
42
33
48
55
47
96
100
60
80
92
132
151
122
145
142
158
139
138
153
126
167
145
129
130
177
175
171
169
138
155
133
40
10
23
32
-6
-30
2
-18
-83
-69
-79
-76
-14
-46
-13
-30
-79
-35
-27
6
31
-1
48
40
58
38
32
31
-27
-15
1
33
-20
9
18
51
77
79
61
76
58
23
-39
-48
-23
-52
-5
43
37
68
72
69
104
43
93
82
74
43
69
75
73
96
110
123
83
105
118
153
131
127
81
66
87
108
82
108
172
122
152
121
140
121
49
51
36
-23
17
-4
5
41
9
-15
15
-13
-48
-58
-81
-55
-112
-113
-68
-29
1
41
107
48
55
93
50
31
48
88
80
67
124
105
118
143
151
138
143
131
125
79
59
48
4
27
33
36
22
6
-15
-7
-28
-82
-142
-125
-113
-124
-142
-139
-125
-135
-122
-106
-46
-36
-27
-4
-14
-60
-92
-47
-26
-42
-5
-40
-69
-31
-20
-12
24
-11
-41
-7
-48
-64
-99
-130
-109
-98
-113
-141
-107
-83
-103
-86
-89
-100
-119
-176
-158
-170
-165
-109
-99
-113
-78
-75
-89
-51
-41
-24
-28
-26
13
55
14
21
16
7
2
-9
36
27
39
30
35
9
35
10
-31
14
-6
-39
-24
-38
-59
-66
-67
-81
-110
-116
-112
-104
-182
-149
-73
-89
-37
-37
-12
-1
-11
-54
-50
-55
-46
-50
-38
11
-40
-51
-11
11
11
6
-7
-38
-33
10
19
-6
-4
16
1
-2
-25
-24
-23
-11
-57
-39
-77
-139
-96
-81
-83
-92
-73
-86
-127
-147
-138
-98
-113
-67
-96
-129
-114
-105
-161
-190
-206
-158
-149
-167
-99
-95
-124
-101
-125
-133
-126
-163
-143
-194
-179
-129
-113
-135
-122
-141
-164
-155
-103
-115
-147
-110
-68
-59
-123
-112
-108
-88
-166
-128
-86
-166
-190
-187
-158
-205
-200
-138
-225
-244
-194
-134
-189
-190
-144
-202
-178
-174
-108
-180
-127
-110
-152
-146
-131
-84
-128
-115
-84
-116
-97
-38
-50
-87
-90
-70
-157
-152
-142
-219
-188
-156
-181
-208
-178
-148
-184
-190
-126
-206
-245
-245
-233
-210
-253
-169
-153
-231
-154
-125
-199
-164
-155
-174
-211
-162
-125
-154
-109
-85
-133
-163
-120
-120
-182
-218
-157
-189
-185
-187
-195
-212
-211
-152
-140
-117
-130
-152
-143
-150
-163
-159
-151
-176
-189
-174
-198
-164
-201
-184
-161
-144
-125
-99
-74
-85
-59
-43
-51
-117
-102
-48
-71
-88
-57
-36
-39
-40
-53
-12
-61
-80
-88
-102
-109
-121
-81
-104
-93
-93
-94
-145
-173
-170
-187
-191
-192
-217
-287
-287
-215
-213
-238
-181
-145
-161
-195
-190
-163
-225
-209
-134
-119
-157
-110
-86
-131
-101
-69
-59
-114
-106
-59
-138
-115
-126
-118
-121
-147
-70
-83
-104
-57
-42
-37
-59
-45
-82
-24
-14
-107
-241
-281
-188
-65
-126
-215
-261
-252
-157
-205
-232
-247
-244
-316
-328
-239
-290
-305
-297
-243
-185
-197
-214
-269
-266
-242
-221
-133
-138
-155
-184
-179
-73
-12
-12
-43
-42
-42
-51
-55
-44
-90
-119
-77
-98
-41
-36
-58
-34
-48
-5
-27
-55
-74
-60
-110
-113
-88
-129
-155
-146
-121
-102
-117
-136
-152
-161
-175
-156
-198
-212
-198
-257
-227
-193
-202
-170
-176
-121
-131
-137
-106
-128
-154
-107
-15
-18
-21
26
19
59
62
15
-1
11
6
28
66
33
-12
21
31
41
76
78
48
72
46
21
-13
-25
-24
-90
-76
-129
-113
-154
-113
-118
-106
-49
-71
-87
-64
-76
-100
-42
-56
-54
-93
-99
-53
23
30
-100
-251
-139
168
264
124
-50
8
135
188
179
241
233
144
145
234
271
155
69
57
175
163
18
-61
-61
-19
41
123
190
48
-73
-2
18
64
26
-117
-158
-169
-135
-90
-70
-42
-118
-92
-25
3
-43
-60
-28
9
55
47
139
143
-11
-164
-125
170
312
156
-153
-190
-23
129
99
161
194
116
86
127
243
133
-31
-7
156
244
140
-15
-18
134
243
207
36
-55
56
204
247
173
73
46
94
55
101
153
117
81
74
125
126
58
-12
70
161
133
113
11
-59
-79
8
107
41
-86
-196
-89
15
-16
-30
-51
-67
-104
-59
9
-19
-106
-92
18
52
63
23
17
44
68
76
58
-50
-95
5
32
21
15
-53
-27
30
18
19
14
60
83
110
90
146
178
199
207
162
236
209
240
267
300
220
234
275
281
340
332
346
309
306
301
253
301
350
364
344
321
388
327
322
357
374
382
324
315
351
365
301
270
322
338
232
215
207
130
107
29
-22
-115
-183
-194
-229
-365
-443
-532
-580
-611
-628
-701
-797
-859
-972
-998
-982
-964
-1047
-1102
-1053
-959
-925
-872
-804
-725
-577
-426
-266
-138
-5
158
342
531
626
775
863
1055
1358
1474
1427
1402
1459
1638
1734
1786
1791
1741
1710
1657
1586
1454
1295
1147
1071
1096
980
822
715
602
592
510
481
408
265
110
2
15
-33
-124
-290
-346
-400
-375
-401
-456
-584
-710
-730
-797
-827
-976
-1072
-1208
-1259
-1331
-1518
-1581
-1646
-1730
-1900
-2029
-2016
-2088
-2209
-2318
-2486
-1793
-334
323
-750
-2273
-1851
378
1831
1475
786
1018
1625
1531
1342
2063
2741
2374
1668
1828
2501
2089
779
303
1110
1791
1264
248
-423
-817
-964
-645
-101
-230
-1170
-1989
-1829
-1211
-816
-839
-1039
-1117
-973
-573
-139
195
451
1075
1775
1844
1321
1107
1765
2656
3020
2840
2435
1971
1692
1676
1918
2031
1734
1276
1029
717
254
-162
-257
-204
-118
-296
-709
-1144
-1509
-1521
-1205
-912
-1060
-1503
-1884
-1964
-1886
-1782
-1709
-1845
-2069
-2225
-2279
-2377
-2624
-2863
-2944
-2881
-3025
-2661
-790
753
-390
-3563
-4372
-780
3028
2807
134
-682
783
1720
954
1179
2652
2854
1531
900
2261
2848
952
-808
191
2325
2435
419
-1324
-1707
-1476
-917
-41
186
-923
-2526
-2886
-1609
-394
-242
-800
-1431
-1454
-823
-13
386
161
60
799
1985
2723
2552
1823
1539
2081
3020
3578
3201
2360
1701
1458
1692
1968
1859
1160
305
9
291
395
0
-632
-956
-868
-700
-780
-1047
-1386
-1762
-1727
-1323
-945
-1107
-1716
-2142
-1908
-1388
-1214
-1452
-1846
-2144
-2313
-2261
-2210
-2365
-2705
-3054
-3184
-3184
-3302
-3793
-3024
-738
186
-1930
-4878
-4073
-75
2252
958
-679
6
1314
930
145
1511
3166
2773
1402
1722
3272
2834
498
-248
1562
3117
2420
559
-540
-950
-1069
-439
571
637
-705
-2138
-2187
-1202
-553
-577
-944
-1205
-1123
-697
-175
-73
-270
-104
722
1558
1890
1754
1472
1330
1705
2533
2912
2648
2113
1531
1273
1394
1556
1426
858
172
-87
-19
-12
-358
-846
-964
-850
-830
-1016
-1354
-1620
-1821
-1736
-1325
-1014
-1319
-1921
-2284
-2083
-1649
-1445
-1624
-2030
-2331
-2619
-2656
-2470
-2454
-2997
-3578
-3645
-3536
-3608
-4053
-3044
-558
509
-1734
-4977
-4134
124
2769
1444
-142
701
1902
1314
481
2224
4055
3558
1915
2173
3837
3298
835
-221
1566
3106
2498
613
-541
-1128
-1763
-1335
-278
40
-1369
-3002
-3155
-2095
-1479
-1608
-1904
-2089
-1870
-1437
-741
-614
-966
-1086
-261
1212
2394
2618
1846
1120
1263
2423
3532
3680
3000
2088
1532
1613
1997
1969
1286
441
241
544
644
15
-992
-1379
-1136
-780
-681
-1018
-1838
-2644
-2835
-2147
-1330
-1367
-2116
-2880
-3006
-2545
-2054
-1961
-2281
-2619
-2750
-2789
-2683
-2619
-2720
-2995
-3236
-3226
-3037
-3368
-3708
-2001
650
961
-2068
-4452
-2356
1778
3046
1263
580
1798
2320
1067
898
2927
3948
2678
1496
2844
4012
2269
-444
-431
1799
2672
1516
-49
-721
-1613
-2169
-1425
-210
-263
-1877
-2917
-2604
-1864
-1678
-1739
-1745
-1640
-1366
-687
23
-121
-628
-369
1101
2626
3214
2651
1759
1433
2011
3174
3874
3742
2803
1765
1183
1240
1567
1435
711
205
268
247
-239
-1093
-1637
-1497
-986
-679
-856
-1458
-2323
-2853
-2492
-1433
-725
-1130
-2056
-2606
-2399
-1784
-1463
-1458
-1641
-1905
-2114
-2281
-2297
-2391
-2697
-2907
-2888
-2923
-3206
-3847
-2897
-213
1301
-668
-4437
-4580
-705
2701
2330
529
440
1344
1177
603
1944
3363
3245
1852
2157
3867
3463
848
-950
437
2471
2870
1406
34
-1262
-2262
-1919
-621
372
-599
-2230
-2897
-2339
-1766
-1636
-1812
-1991
-1702
-1123
-229
37
-428
-821
-153
1423
2568
2726
2130
1578
1493
2098
2916
3504
3431
2601
1617
1249
1538
1839
1461
863
633
577
390
-236
-766
-944
-925
-817
-700
-695
-1187
-2081
-2596
-2063
-1291
-1034
-1410
-2015
-2279
-2288
-2210
-1931
-1655
-1776
-2222
-2563
-2551
-2588
-2893
-3197
-3109
-2888
-2918
-3551
-3729
-1844
486
507
-2226
-3945
-1912
1293
2311
1325
1176
1973
2192
1442
1757
3342
3712
2618
2020
3455
4366
2727
229
-79
1352
2142
1591
671
-112
-1588
-2608
-2196
-1015
-831
-1928
-2754
-2564
-2149
-2070
-2131
-2113
-1861
-1488
-676
193
472
204
-69
515
2047
3373
3490
2936
2519
2603
2883
3320
3847
3726
2811
2031
1870
1953
1690
927
460
375
318
-66
-656
-1093
-1384
-1689
-1694
-1192
-1009
-1668
-2460
-2608
-2182
-1768
-1648
-1755
-1848
-1972
-2110
-2060
-1825
-1812
-2085
-2260
-2112
-1954
-2213
-2616
-2928
-2967
-2977
-3003
-3397
-3044
-1255
469
30
-2073
-2449
-799
685
728
1125
2516
3155
2050
788
1503
2740
2725
2035
2753
4134
3659
1420
74
568
1027
858
857
1172
387
-1427
-2504
-2132
-1490
-1595
-1763
-1501
-1256
-1836
-2292
-2071
-1779
-1628
-1260
-162
662
601
298
482
1070
1613
2286
3276
3844
3338
2549
2366
2844
3239
3063
2704
2440
1998
1487
1036
833
666
214
-140
-81
-20
-469
-1124
-1538
-1532
-1381
-1168
-1003
-1267
-1696
-2065
-1983
-1606
-1397
-1444
-1555
-1660
-1661
-1600
-1651
-1875
-2048
-2101
-2007
-1948
-2024
-2352
-2869
-3237
-3459
-3339
-3111
-1779
250
719
-1432
-3896
-3162
70
2117
1519
978
1647
2190
1231
376
1493
2791
2814
2331
3202
4098
2871
373
-476
853
1960
1982
1480
1069
-163
-1839
-2272
-1179
-210
-577
-1309
-1410
-1108
-1464
-1984
-2099
-1854
-1259
-418
577
893
249
-583
-345
888
2333
3156
3074
2579
2171
2162
2428
2860
3126
2994
2558
2292
2163
1802
1140
503
389
615
863
715
171
-596
-1293
-1518
-1124
-492
-424
-1031
-1693
-1898
-1766
-1668
-1612
-1418
-1372
-1434
-1528
-1532
-1543
-1785
-1965
-1870
-1579
-1397
-1629
-2074
-2356
-2503
-2762
-2723
-2537
-2500
-3085
-3385
-2004
5
501
-1421
-3083
-2147
157
1731
2143
2006
1608
835
631
1952
3252
3086
2048
1974
2992
3375
2394
1166
798
750
871
1316
1720
1032
-690
-1729
-1402
-610
-437
-795
-1220
-1507
-1705
-1485
-1045
-1150
-1449
-1479
-701
305
852
838
638
651
914
1578
2414
2984
2846
2377
2159
2260
2438
2402
2203
1985
1726
1523
1382
1074
612
148
-14
193
277
46
-494
-988
-1111
-904
-665
-587
-715
-1086
-1319
-1241
-968
-878
-998
-1084
-994
-786
-695
-842
-1101
-1294
-1294
-1054
-940
-1097
-1428
-1747
-1827
-1793
-1947
-2178
-2437
-2582
-2796
-3049
-2295
-778
-95
-1292
-2870
-2775
-1041
286
522
702
1144
1307
792
689
1456
2013
1863
1805
2739
3640
3113
1650
761
825
1277
1864
2277
2192
1196
-262
-945
-529
28
-39
-379
-559
-531
-672
-899
-1176
-1431
-1360
-855
94
948
998
313
-368
-308
619
1610
2289
2452
2195
1853
1677
1791
1913
1790
1744
1927
2278
2336
1771
875
212
126
495
978
1121
676
-220
-878
-981
-705
-569
-702
-974
-1071
-982
-1002
-1089
-1273
-1401
-1415
-1071
-467
-261
-744
-1429
-1688
-1438
-997
-801
-856
-1175
-1457
-1614
-1747
-1822
-2145
-2459
-2712
-2654
-1809
-476
191
-699
-1936
-2298
-1550
-599
204
1073
1497
1336
728
524
953
1168
1114
1412
2417
3141
2897
1887
938
402
412
1023
1746
2110
1509
514
-317
-692
-803
-710
-408
-26
204
15
-287
-868
-1292
-1164
-548
247
975
1246
992
548
402
703
1136
1746
2136
2422
2431
2158
1850
1560
1535
1615
1852
2109
2166
1760
1026
463
152
51
110
263
304
64
-473
-928
-1166
-1195
-1028
-897
-596
-506
-687
-860
-976
-1017
-1102
-988
-540
-89
-54
-525
-904
-1000
-925
-912
-849
-713
-563
-757
-1212
-1721
-2110
-2261
-2378
-2526
-2618
-2048
-1186
-899
-1759
-2788
-2787
-1999
-1107
-408
264
379
-35
-405
-19
791
1073
969
1307
2289
2739
2366
1694
1456
1393
1365
1704
2188
2314
1595
806
499
541
400
196
238
392
384
209
120
58
-78
-344
-192
424
1088
1315
1132
1022
1075
1266
1547
2027
2426
2478
2262
2120
2229
2249
2041
1734
1702
1784
1646
1291
928
611
247
-11
-7
114
-11
-460
-787
-862
-858
-849
-793
-707
-817
-1074
-1075
-741
-503
-575
-742
-667
-370
-215
-275
-372
-366
-390
-439
-355
-304
-456
-829
-1224
-1328
-1264
-1381
-1854
-2357
-2765
-2972
-2431
-1491
-1161
-1847
-2676
-2708
-2079
-1483
-819
-241
-22
-66
-85
319
738
729
546
899
1855
2487
2441
2043
1633
1377
1349
1779
2301
2374
1890
1350
1105
1078
1062
876
717
739
872
1071
1285
1144
766
433
514
1026
1558
1934
1939
1773
1553
1414
1415
1585
1856
2012
2108
2126
2045
1631
1011
593
614
786
816
712
404
73
-399
-776
-756
-679
-694
-696
-602
-630
-891
-1176
-1304
-1320
-1231
-912
-419
-28
-71
-374
-541
-372
-51
134
177
247
237
22
-106
-182
-369
-605
-757
-788
-762
-965
-1407
-1824
-2153
-2439
-2779
-2983
-3003
-2622
-2092
-1950
-2227
-2553
-2463
-2179
-1808
-1290
-676
-324
-35
185
258
349
427
859
1465
2132
2455
2574
2383
2087
1848
1851
2304
2594
2621
2368
2051
1804
1523
1280
1212
1361
1434
1470
1452
1492
1405
1031
690
566
710
1040
1229
1346
1413
1099
750
616
835
1154
1202
1202
1203
1057
791
493
288
316
238
99
159
245
-46
-539
-752
-742
-690
-766
-781
-581
-393
-547
-768
-822
-686
-515
-422
-99
172
254
114
23
72
76
68
207
446
579
397
-61
-265
-233
-298
-649
-913
-995
-1134
-1161
-1338
-1647
-1942
-2169
-2359
-2441
-2450
-2512
-2419
-2157
-1836
-1966
-2224
-1970
-1591
-1377
-1066
-561
-16
145
122
231
560
775
1057
1355
1745
2020
1903
1790
1845
1872
1754
1703
1920
2044
1809
1654
1600
1659
1506
1321
1157
1127
1150
1096
1059
961
728
426
387
611
759
712
588
528
568
555
568
539
435
284
169
209
305
256
13
-130
-166
-84
-54
-1
22
-72
-137
-203
-118
-12
-51
-117
-31
145
280
361
376
360
313
361
519
647
527
322
259
315
397
133
-122
-336
-451
-503
-526
-549
-847
-1221
-1394
-1409
-1361
-1353
-1468
-1556
-1623
-1625
-1563
-1746
-1966
-1972
-1871
-1603
-1272
-1239
-1573
-1887
-1913
-1414
-705
-330
-439
-666
-681
-613
-518
-212
101
222
280
397
581
639
458
198
172
465
863
1192
1297
1102
667
476
707
1004
1272
1368
1259
1028
924
996
911
821
803
769
934
1173
1172
828
458
271
313
506
642
606
518
413
369
264
267
281
322
358
492
704
769
810
665
520
543
630
789
944
1031
949
816
772
817
728
573
616
646
654
553
392
186
44
-82
-243
-348
-401
-549
-704
-694
-663
-728
-901
-1078
-1191
-1171
-1005
-821
-744
-773
-840
-944
-890
-734
-654
-632
-569
-415
-263
-318
-479
-594
-559
-484
-412
-251
-135
-157
-286
-425
-542
-626
-638
-622
-573
-528
-433
-387
-519
-733
-843
-669
-383
-207
-189
-225
-214
-312
-402
-360
-161
43
232
521
641
655
481
295
197
295
630
947
1091
1062
969
817
789
804
751
680
733
1061
1279
1335
1083
752
627
647
826
984
1040
944
786
671
603
499
392
319
276
345
423
556
493
198
-49
-107
54
223
361
302
168
29
-5
61
184
210
158
162
171
323
333
209
118
129
180
217
288
264
302
305
238
78
56
89
-98
-202
-245
-318
-359
-295
-303
-475
-684
-933
-1006
-886
-777
-714
-590
-549
-689
-863
-906
-775
-616
-438
-316
-189
-114
-214
-322
-535
-584
-418
-219
27
230
278
198
108
-54
-288
-505
-532
-290
145
337
217
-90
-288
-230
-198
-150
-55
-26
141
336
487
588
359
59
-47
59
254
534
680
832
666
382
104
-51
-9
67
286
513
650
572
275
-41
-121
-41
5
150
315
360
321
269
209
128
94
132
353
673
932
924
776
718
728
751
708
778
769
791
980
1165
1084
727
420
272
281
370
422
231
136
26
-197
-130
16
-154
-472
-584
-529
-509
-368
-130
-125
-254
-421
-572
-418
-329
-457
-410
-76
193
122
-135
-286
-157
-121
-162
-127
132
286
31
-129
-191
-235
-304
-140
81
-85
-232
-143
-145
-235
-160
-180
-157
-30
88
126
129
164
-2
-181
-136
71
71
-34
34
224
237
189
91
-103
-179
-278
-326
-196
-23
65
70
37
-13
-191
-254
-180
-127
-132
-61
218
342
302
248
242
223
305
331
345
510
611
639
733
790
649
469
454
470
503
476
338
266
234
298
228
51
-31
-8
60
129
28
-145
-151
-269
-386
-358
-276
-93
71
195
77
-149
-242
-207
-97
167
513
592
646
624
498
272
69
24
66
310
477
458
227
-61
-286
-415
-378
-315
-237
-208
-138
-89
-250
-538
-689
-658
-559
-329
-85
13
125
27
-128
-200
-78
157
222
297
375
535
641
616
466
416
414
495
713
582
519
486
387
377
264
178
71
-7
29
129
174
164
84
-34
15
25
-45
-38
24
117
303
290
134
169
303
286
189
222
537
662
624
523
399
203
125
111
121
224
266
169
-26
87
221
178
7
-56
-39
-32
-52
-13
-103
-6
190
134
130
184
189
51
77
168
253
388
396
330
223
180
121
144
75
-138
-62
189
239
45
-168
-287
-212
-194
-296
-181
-132
-188
-212
-183
-180
-288
-388
-303
36
361
458
272
141
180
359
500
461
415
527
789
974
1016
836
578
334
402
621
850
903
876
665
290
128
150
66
-113
-26
305
606
417
-82
-405
-365
-140
27
139
100
140
418
643
407
-49
-369
-231
108
423
558
612
645
675
500
241
156
59
60
243
650
823
705
468
77
-157
40
221
216
244
403
625
817
935
611
-29
-233
53
479
776
870
659
385
413
261
54
-162
-247
-127
56
117
17
-228
-442
-419
-343
-242
-422
-639
-536
-382
-156
-72
13
72
-46
-209
-264
3
337
514
572
709
789
631
499
556
589
699
1005
1326
1292
921
481
270
261
350
394
478
691
768
666
291
-305
-680
-642
-195
320
521
419
210
83
-11
-139
-290
-227
201
585
829
850
622
258
219
523
874
907
761
805
871
775
702
616
634
551
492
639
768
683
458
335
370
470
672
757
687
490
316
445
619
641
444
313
498
659
605
581
604
591
557
677
681
389
184
77
26
69
105
119
59
-28
-213
-374
-418
-471
-485
-408
-257
-72
72
108
29
-123
-200
-151
67
344
555
640
582
546
699
758
640
594
618
710
771
726
642
683
734
537
358
292
185
6
43
182
266
361
325
221
82
-62
-167
-129
99
275
300
360
290
179
164
230
351
458
630
523
533
723
808
583
242
405
718
781
743
596
456
391
519
479
430
413
297
275
288
353
305
349
439
383
343
403
428
412
353
355
452
558
632
483
290
298
467
565
554
443
263
111
-18
5
45
148
88
21
127
223
146
-268
-529
-625
-495
-344
-248
-214
-165
-19
23
-73
-149
-214
-241
-180
-71
138
369
431
438
489
430
329
329
169
52
79
220
448
434
315
159
158
158
48
-142
-342
-255
-6
49
55
156
238
26
-274
-404
-387
-204
-66
-57
-25
49
14
-61
-45
-136
-270
-217
-14
203
145
-31
3
92
2
-123
-124
-98
-83
-265
-356
-248
-209
-203
-137
-134
-132
-263
-450
-437
-309
-141
13
73
-17
8
-158
-334
-407
-502
-332
87
273
80
-255
-500
-625
-492
-199
-89
-171
-131
-176
-398
-558
-657
-862
-1006
-645
-310
-68
-198
-568
-820
-907
-994
-989
-862
-748
-398
-76
-46
-339
-777
-1018
-1071
-833
-479
-341
-350
-355
-317
-468
-697
-879
-978
-843
-699
-494
-387
-429
-554
-725
-882
-1136
-1240
-1122
-791
-567
-573
-547
-480
-472
-796
-1119
-1029
-842
-675
-615
-606
-664
-672
-549
-594
-693
-790
-838
-852
-710
-691
-860
-978
-1032
-1050
-995
-775
-658
-712
-897
-1178
-1379
-1528
-1462
-1201
-1005
-783
-706
-738
-798
-1001
-1284
-1495
-1399
-1109
-675
-506
-555
-696
-818
-933
-1114
-1224
-1237
-1036
-834
-740
-719
-807
-964
-1143
-1284
-1331
-1327
-1334
-1328
-1173
-1175
-1236
-1268
-1177
-1331
-1433
-1429
-1530
-1672
-1717
-1550
-1431
-1369
-1402
-1373
-1367
-1249
-1284
-1446
-1529
-1578
-1592
-1586
-1446
-1362
-1378
-1390
-1343
-1256
-1321
-1605
-1735
-1764
-1655
-1452
-1280
-1166
-1153
-1244
-1349
-1394
-1459
-1572
-1707
-1591
-1497
-1367
-1320
-1314
-1374
-1485
-1444
-1401
-1372
-1524
-1597
-1375
-1070
-907
-1026
-1259
-1394
-1527
-1710
-1856
-1843
-1664
-1345
-1155
-1041
-1131
-1386
-1777
-2080
-2175
-2022
-1774
-1582
-1277
-1181
-1236
-1442
-1681
-1815
-1780
-1619
-1371
-990
-851
-1003
-1194
-1369
-1596
-1731
-1551
-1316
-1129
-1116
-1105
-1149
-1341
-1652
-1972
-2064
-1930
-1626
-1411
-1384
-1429
-1666
-1960
-2161
-2352
-2395
-2305
-1987
-1644
-1546
-1842
-2054
-2008
-1981
-2058
-1996
-1799
-1588
-1419
-1413
-1551
-1785
-1863
-1717
-1484
-1378
-1375
-1396
-1398
-1377
-1485
-1700
-1824
-1772
-1486
-1231
-1173
-1270
-1357
-1486
-1647
-1734
-1722
-1592
-1414
-1248
-1277
-1277
-1298
-1375
-1545
-1603
-1540
-1446
-1316
-1369
-1540
-1561
-1350
-1353
-1436
-1519
-1619
-1697
-1694
-1650
-1583
-1524
-1684
-1777
-1722
-1514
-1356
-1419
-1611
-1816
-1853
-1739
-1556
-1503
-1414
-1273
-1022
-928
-1131
-1389
-1606
-1674
-1603
-1431
-1186
-995
-959
-1059
-1336
-1446
-1543
-1640
-1673
-1675
-1551
-1486
-1433
-1480
-1582
-1643
-1690
-1708
-1729
-1614
-1548
-1605
-1636
-1731
-1747
-1628
-1555
-1402
-1319
-1440
-1622
-1682
-1623
-1531
-1406
-1217
-1124
-1213
-1317
-1485
-1563
-1504
-1464
-1305
-1039
-953
-1074
-1196
-1251
-1334
-1264
-1161
-982
-874
-815
-809
-908
-985
-1008
-970
-968
-841
-681
-647
-711
-698
-762
-983
-1042
-935
-852
-829
-876
-947
-971
-1061
-1088
-1073
-1076
-1152
-1170
-1107
-1045
-1022
-1103
-1203
-1167
-952
-964
-1038
-1063
-938
-737
-737
-732
-743
-727
-790
-819
-710
-712
-699
-619
-609
-608
-625
-781
-908
-964
-893
-704
-642
-616
-711
-737
-739
-777
-894
-879
-696
-637
-723
-767
-781
-776
-609
-586
-661
-758
-668
-521
-451
-423
-535
-623
-550
-477
-531
-531
-607
-740
-751
-673
-644
-681
-730
-778
-812
-777
-725
-668
-522
-388
-293
-351
-403
-403
-464
-502
-489
-407
-309
-147
62
125
-25
-145
-105
-89
-191
-305
-271
-126
-23
-36
-135
-278
-285
-223
-253
-342
-460
-499
-409
-235
-116
109
210
124
-51
-299
-408
-327
-108
144
350
449
453
347
208
-47
-280
-187
59
189
274
346
234
60
-94
-211
-353
-378
-279
-97
52
-3
-109
-105
-76
-73
-93
-68
-57
-19
34
78
168
227
270
326
391
332
157
21
56
115
265
421
408
313
188
79
-36
-124
-194
-149
-1
173
235
223
172
70
30
-50
-47
43
104
220
346
459
518
470
348
265
274
221
198
332
467
510
590
528
443
414
442
401
341
352
383
471
452
454
448
504
541
574
568
566
564
533
513
582
702
806
921
927
798
613
430
393
593
780
804
719
694
616
587
574
494
441
503
543
524
502
485
385
362
442
490
509
473
516
428
365
321
451
606
771
780
817
883
858
780
700
613
639
798
864
896
805
711
533
451
378
276
352
527
574
530
540
615
525
427
448
378
299
348
497
509
484
583
775
738
583
630
708
789
929
1010
933
839
813
690
606
552
605
662
713
851
901
804
657
601
509
431
511
604
731
830
860
919
927
940
829
708
627
573
713
849
937
950
866
799
724
645
537
509
608
670
734
752
688
519
444
527
655
739
696
708
715
772
768
728
736
790
841
898
979
1046
997
816
715
640
671
803
916
880
735
684
722
659
593
670
570
531
626
741
799
762
706
599
638
732
766
757
727
690
606
740
867
896
848
864
982
1023
1064
990
863
749
774
948
1066
1103
1017
852
838
783
686
592
510
561
726
838
790
694
587
559
609
691
732
750
662
689
890
1078
1035
951
869
777
777
751
803
896
951
1071
1186
1287
1171
956
792
811
805
752
811
826
895
963
930
878
807
602
437
435
554
679
776
827
865
915
922
803
717
679
649
696
763
869
917
945
1034
995
942
911
756
686
736
840
984
1038
1003
1002
930
931
901
855
806
756
688
718
792
709
727
777
797
821
818
754
692
602
594
582
641
811
887
953
913
804
690
659
687
666
648
702
811
872
865
843
780
677
625
711
793
839
818
795
744
711
711
820
940
888
855
855
881
885
782
771
801
824
868
947
955
918
800
694
737
761
726
773
863
926
942
878
753
589
540
667
838
910
851
779
773
762
771
740
750
769
765
856
954
793
622
583
608
697
753
806
842
832
822
866
897
956
982
949
917
870
841
878
865
861
883
849
960
967
913
842
764
725
692
747
793
893
936
1014
1025
926
819
743
733
707
673
730
766
866
950
902
819
833
769
749
752
760
793
831
912
829
700
630
613
651
731
751
730
766
908
951
884
787
676
648
677
674
679
749
792
784
816
860
827
781
707
690
717
769
819
787
729
755
836
854
798
668
680
653
672
741
768
727
688
666
634
688
721
694
635
635
638
610
664
719
716
610
548
605
686
695
603
590
579
573
610
664
723
722
629
621
547
472
423
401
424
461
557
588
539
457
457
450
384
360
399
422
441
501
519
564
644
670
624
578
585
577
578
594
547
487
627
767
754
635
524
506
474
523
485
435
502
530
560
505
474
367
252
266
385
486
529
516
498
506
518
541
464
396
408
345
376
497
588
673
676
592
534
521
477
393
395
483
552
549
508
472
370
297
279
274
230
252
365
385
326
227
218
211
255
236
145
147
301
389
299
256
215
187
152
191
208
202
227
252
344
418
369
284
296
302
293
268
260
253
291
369
421
404
349
393
357
325
355
382
383
425
417
373
309
258
308
331
327
321
279
257
283
259
209
162
138
216
302
329
310
246
209
180
227
231
228
275
325
343
332
277
252
190
237
324
333
271
218
252
345
311
181
91
141
220
252
132
-38
1
36
98
113
100
121
145
144
118
9
-101
-93
2
0
65
93
128
117
41
-3
-45
-44
22
86
154
240
240
245
165
91
35
56
80
89
182
228
225
207
195
121
69
6
-20
36
129
146
178
215
176
145
145
159
177
131
92
87
29
70
174
278
325
314
292
159
16
-38
-37
41
135
261
294
234
162
41
-90
-212
-189
-121
-5
65
92
79
43
-51
-97
-177
-166
-105
-79
12
56
50
76
99
106
71
-2
57
53
55
-13
7
42
91
139
154
156
148
97
20
-46
-65
-17
56
148
187
234
165
58
-79
-121
-142
-174
-95
-5
87
105
110
31
2
-29
-56
-2
44
97
153
181
231
267
184
107
112
138
152
195
155
115
148
93
138
202
207
234
207
165
120
227
191
94
154
120
201
282
295
285
190
168
168
137
188
234
190
174
169
132
73
39
92
80
92
123
188
192
219
255
188
181
136
127
150
156
157
121
115
64
36
66
94
140
174
120
42
34
27
83
133
123
85
80
103
122
44
34
13
-14
6
57
132
169
170
161
139
123
91
65
78
145
200
194
114
43
8
28
35
34
99
135
152
208
227
175
67
8
-11
-14
44
112
159
108
113
141
170
148
118
101
125
197
274
276
230
234
219
235
145
101
75
78
49
-3
-24
-74
-55
-49
-75
-97
-104
-72
-114
-124
-109
-133
-116
-57
-58
-81
-147
-132
-143
-178
-133
-127
-96
-92
-72
-38
-13
-24
-10
40
83
79
75
21
-21
-9
-19
8
37
22
47
17
-3
-66
-136
-113
-110
-139
-168
-168
-169
-151
-215
-199
-205
-272
-311
-288
-241
-258
-246
-308
-324
-340
-395
-348
-310
-288
-315
-281
-242
-248
-334
-369
-397
-394
-394
-308
-295
-319
-289
-312
-282
-292
-312
-298
-257
-267
-185
-193
-223
-223
-230
-259
-220
-194
-191
-166
-196
-177
-230
-204
-167
-224
-204
-151
-193
-223
-242
-263
-298
-296
-291
-262
-290
-314
-328
-372
-350
-386
-354
-374
-399
-354
-363
-321
-292
-244
-246
-238
-282
-259
-265
-320
-294
-317
-333
-299
-217
-160
-117
-159
-226
-215
-196
-211
-173
-200
-216
-246
-244
-223
-256
-252
-274
-275
-320
-349
-389
-400
-410
-425
-389
-406
-354
-339
-326
-320
-396
-445
-469
-454
-404
-355
-305
-323
-311
-348
-368
-375
-352
-341
-319
-239
-214
-228
-314
-287
-258
-273
-273
-249
-304
-318
-322
-391
-378
-354
-306
-317
-353
-365
-368
-317
-280
-303
-292
-325
-264
-218
-231
-294
-389
-413
-430
-372
-369
-394
-352
-320
-239
-210
-255
-249
-270
-280
-288
-312
-349
-435
-458
-447
-483
-440
-385
-400
-416
-407
-380
-417
-438
-387
-404
-426
-357
-354
-354
-381
-379
-331
-340
-356
-361
-375
-348
-335
-343
-382
-338
-332
-328
-318
-360
-363
-351
-308
-354
-389
-339
-404
-389
-362
-363
-403
-485
-508
-509
-503
-537
-513
-516
-461
-412
-431
-439
-446
-435
-460
-429
-459
-451
-384
-395
-389
-378
-408
-389
-325
-335
-361
-341
-329
-324
-312
-275
-251
-231
-201
-237
-277
-279
-261
-253
-290
-318
-279
-276
-322
-329
-362
-371
-353
-347
-319
-328
-332
-364
-415
-470
-415
-336
-354
-323
-353
-341
-360
-380
-381
-420
-389
-410
-370
-376
-382
-408
-400
-390
-430
-506
-518
-465
-465
-397
-406
-421
-446
-436
-434
-458
-465
-478
-435
-410
-392
-379
-348
-350
-305
-313
-350
-342
-322
-337
-304
-300
-289
-262
-306
-363
-350
-366
-381
-330
-310
-359
-365
-394
-464
-497
-529
-522
-492
-501
-500
-466
-475
-476
-511
-504
-514
-515
-511
-470
-453
-426
-415
-420
-350
-393
-365
-317
-380
-364
-357
-383
-414
-461
-471
-454
-445
-435
-389
-373
-376
-391
-418
-459
-484
-485
-471
-485
-492
-480
-514
-503
-516
-502
-483
-499
-494
-465
-436
-414
-417
-418
-397
-395
-409
-408
-371
-364
-382
-443
-448
-461
-482
-476
-472
-500
-512
-530
-541
-564
-566
-515
-509
-455
-441
-472
-534
-553
-520
-542
-505
-466
-395
-355
-300
-261
-271
-211
-239
-262
-259
-228
-158
-181
-178
-232
-264
-190
-178
-200
-257
-288
-311
-270
-321
-403
-456
-441
-510
-496
-505
-474
-468
-504
-418
-422
-358
-391
-353
-314
-299
-252
-282
-295
-240
-147
-204
-200
-156
-132
-141
-175
-182
-172
-189
-251
-207
-214
-224
-247
-347
-377
-356
-376
-373
-386
-455
-439
-425
-413
-415
-435
-432
-405
-402
-352
-329
-309
-331
-359
-419
-416
-405
-442
-468
-497
-439
-399
-394
-363
-258
-271
-278
-240
-225
-155
-214
-213
-207
-209
-208
-214
-205
-168
-150
-176
-116
-121
-72
-73
-98
-57
-37
5
-21
32
48
36
1
-95
-111
-136
-209
-241
-194
-230
-230
-226
-234
-214
-294
-234
-217
-181
-115
-152
-108
-117
-141
-99
-100
-73
-62
-40
3
17
54
70
54
4
-6
36
77
69
81
57
114
134
122
145
160
198
194
154
144
122
82
78
38
11
-39
-50
20
-18
-23
-16
2
-44
-63
-56
-40
-67
-51
-26
-40
6
10
10
-4
-32
-67
-73
-100
-106
-38
33
33
43
98
103
146
188
173
158
159
125
146
150
134
102
114
116
112
158
152
128
167
187
151
149
191
184
151
205
185
158
138
145
155
134
134
115
190
224
184
150
156
104
95
73
45
80
47
109
121
112
105
94
107
112
121
164
143
188
212
197
175
191
235
141
187
210
212
206
239
245
172
141
197
189
149
94
92
65
49
43
29
40
25
52
61
63
93
79
79
91
19
37
30
59
36
49
34
31
100
129
164
200
226
218
181
177
231
221
236
257
246
265
297
313
297
324
288
289
296
242
232
207
202
224
236
215
251
279
252
235
228
222
216
232
204
257
266
280
327
276
244
207
226
208
153
161
117
132
154
112
131
115
103
161
146
150
183
152
181
211
192
188
197
226
188
135
123
126
94
57
58
88
118
153
94
166
218
219
187
148
176
171
176
166
191
177
185
185
188
148
149
174
208
205
254
267
260
307
337
319
299
342
331
319
299
384
370
320
325
340
308
277
247
232
241
184
170
137
149
140
199
226
187
202
158
152
178
231
235
220
226
275
219
159
196
170
198
204
201
180
240
223
229
219
238
280
259
267
241
294
294
311
348
301
271
284
251
265
239
263
267
244
274
262
325
368
307
240
292
267
240
235
271
245
256
254
237
251
249
201
168
192
179
170
184
237
245
225
224
204
170
178
200
253
243
258
284
259
277
289
292
340
328
340
381
408
380
406
441
447
405
363
357
397
363
362
385
416
421
410
442
378
416
427
364
329
291
244
273
243
217
255
254
262
271
280
220
200
201
220
274
283
301
305
321
296
285
283
306
316
329
365
411
413
406
417
387
384
383
405
397
395
376
400
409
375
415
395
367
326
259
280
260
298
294
253
320
334
348
332
349
353
412
451
433
407
446
397
369
357
345
343
343
412
429
396
406
422
409
363
343
348
335
345
336
294
295
352
345
372
351
384
343
346
363
318
316
308
341
327
374
332
328
362
378
355
374
373
375
409
401
426
408
349
394
354
378
402
408
434
449
461
407
372
317
272
283
269
264
304
293
272
271
307
303
290
253
290
256
287
285
205
263
286
258
248
217
197
202
239
226
246
230
226
231
237
212
212
298
317
346
319
306
339
359
366
336
353
318
288
308
270
263
264
256
290
247
215
228
160
208
184
153
134
89
90
158
227
193
170
200
208
215
213
201
247
181
203
196
204
246
268
275
266
271
284
280
282
271
282
281
233
236
236
236
257
295
291
330
332
332
323
339
366
271
231
238
227
195
176
187
172
182
191
234
239
264
241
224
233
248
258
275
328
314
317
321
321
295
303
289
325
338
275
287
312
289
242
278
281
275
306
276
251
204
145
159
186
184
154
177
187
146
172
224
230
231
287
262
260
249
209
180
155
151
129
76
22
55
59
91
118
141
115
187
178
171
197
155
198
178
169
171
178
230
219
280
238
265
211
221
266
186
204
262
237
184
260
221
261
269
249
269
267
249
214
174
202
185
141
160
161
155
143
117
150
129
100
44
48
48
69
139
147
166
179
255
235
205
214
212
181
197
202
200
250
310
306
237
234
211
209
232
226
178
175
174
160
120
70
87
81
99
89
129
135
165
193
202
214
242
266
242
211
237
219
158
164
118
135
145
140
100
59
72
87
76
77
44
23
59
29
28
54
49
81
80
39
63
31
50
37
-17
19
80
83
126
165
222
213
157
208
212
212
235
269
294
289
249
256
267
265
208
213
244
243
216
119
153
130
68
54
65
127
118
164
190
211
214
233
259
287
299
271
295
274
247
230
258
298
282
295
283
261
233
173
143
123
91
62
91
139
155
141
143
173
185
173
168
183
119
120
81
57
40
20
16
5
10
61
108
107
101
79
66
39
-1
17
42
80
70
58
111
107
36
66
56
82
88
44
65
70
74
19
83
69
27
38
55
99
51
88
113
74
71
102
137
207
199
177
180
183
214
183
175
166
172
183
179
222
172
186
178
224
222
177
156
129
91
90
49
-8
62
37
52
49
62
44
66
70
129
126
110
152
183
178
117
169
176
180
137
127
127
123
93
59
90
29
29
39
32
67
88
101
91
88
111
96
106
110
88
81
69
70
29
51
49
18
49
-5
4
1
-31
-50
-62
27
-5
-36
-37
-40
-5
-14
18
47
36
72
98
86
142
124
126
164
115
105
99
111
118
126
127
156
174
111
151
115
67
43
51
91
120
118
150
125
91
86
68
59
38
44
-4
-46
-62
-70
-94
-67
-52
-46
-28
-76
-11
60
113
61
111
130
139
168
142
152
154
160
120
144
104
85
54
44
76
93
66
77
78
71
98
60
55
47
45
58
14
-24
18
25
26
112
125
87
122
65
107
174
164
124
91
100
92
110
121
125
177
174
186
193
167
167
138
156
50
25
83
112
107
110
108
74
98
61
20
5
-2
2
0
25
36
66
82
123
115
101
58
34
60
22
15
-12
7
49
94
47
51
120
47
49
88
48
30
79
73
82
105
110
120
91
131
91
152
189
175
219
244
204
250
257
240
254
219
256
267
289
295
306
284
283
244
146
91
91
74
49
49
66
49
36
51
92
89
32
65
44
47
20
-18
-19
-53
-2
-28
-25
-5
50
73
44
81
75
21
28
100
92
69
122
134
77
78
85
79
52
52
66
26
15
-45
-39
-30
0
25
42
34
38
47
34
62
70
83
48
46
88
79
32
29
32
13
19
-6
34
23
96
111
115
109
161
224
180
283
223
236
249
188
191
178
190
221
185
200
188
158
189
129
138
185
174
201
178
172
152
121
124
109
84
114
117
130
111
143
123
123
128
136
138
121
170
167
183
179
135
115
142
133
130
118
102
49
106
107
96
85
87
74
45
28
45
69
57
56
38
56
101
88
94
38
52
106
67
97
86
104
101
69
132
142
113
91
104
110
102
119
109
68
76
73
28
7
30
-1
-11
-4
35
82
57
50
44
28
32
100
139
139
169
160
202
172
151
183
202
221
218
191
164
145
156
119
116
146
144
154
204
190
166
129
58
0
-23
-47
-31
-36
-62
12
-16
-3
20
77
70
71
54
26
31
9
31
32
41
38
30
41
22
2
38
61
49
51
71
30
22
52
33
-16
-10
-42
-62
-2
-41
-41
-71
-93
-8
53
37
63
96
131
158
133
149
149
137
123
105
137
133
85
74
75
35
93
121
70
78
96
102
79
72
95
65
21
46
-32
-66
-58
-75
-67
-76
-39
-62
-55
-9
1
-14
10
80
56
98
134
115
129
163
167
146
159
171
168
188
174
207
165
189
191
149
140
121
131
109
73
76
78
92
87
99
93
60
69
73
79
30
60
76
117
108
127
162
150
171
160
184
179
176
156
178
151
153
210
268
253
222
231
289
308
283
366
356
277
269
298
274
248
209
189
189
153
88
67
46
34
12
7
22
9
22
47
7
48
65
0
-58
-76
-75
-113
-83
-61
-53
-57
-50
-18
-16
36
66
81
51
-3
65
72
73
146
167
195
177
173
159
181
235
228
245
236
229
266
195
144
171
173
197
176
137
125
105
141
132
105
94
99
107
67
55
107
117
104
97
104
115
117
129
96
124
168
135
175
149
120
110
87
112
140
110
95
91
101
75
25
47
97
96
99
89
82
87
67
20
25
29
27
11
9
17
31
-7
43
68
34
36
22
61
49
65
85
86
18
3
28
0
-10
-7
-28
11
-1
12
13
13
9
-14
47
63
33
42
22
22
9
-22
40
-42
-20
31
25
39
75
107
127
164
149
114
130
116
76
87
125
137
151
166
174
170
204
195
199
170
167
178
187
198
206
229
227
228
191
177
182
135
170
179
165
183
171
172
181
175
169
141
177
133
154
157
74
13
9
41
65
88
100
111
100
123
115
107
70
83
119
154
154
141
139
187
169
126
135
125
93
83
83
58
30
1
10
17
46
67
44
4
32
62
98
103
103
95
106
96
101
70
71
84
101
121
143
150
171
178
171
126
119
165
161
125
76
69
92
88
64
57
21
-8
5
52
46
54
66
42
66
16
18
22
20
7
26
32
9
29
1
-2
18
64
47
74
86
106
111
120
95
96
145
117
147
89
49
107
58
34
40
20
42
34
49
-1
-8
67
32
10
53
32
83
126
144
129
111
149
91
148
139
138
122
112
117
78
123
117
151
140
129
161
146
167
180
148
122
71
30
18
14
11
17
-22
7
49
38
62
60
57
77
50
10
16
40
24
44
43
2
50
28
36
105
93
89
85
139
105
123
165
193
212
173
186
124
150
163
95
92
112
127
103
100
127
81
86
103
141
110
94
114
51
63
55
58
102
39
56
141
140
154
157
130
54
21
45
73
107
70
64
48
93
87
74
78
102
85
63
123
101
73
39
60
62
68
57
72
66
36
82
106
112
115
149
146
160
169
161
147
122
108
115
129
69
38
63
52
69
89
95
131
122
128
140
180
123
169
175
138
174
114
57
76
45
65
47
46
93
79
106
83
83
21
43
18
-34
-43
-23
-19
-5
-7
-6
40
47
48
28
43
101
92
60
81
85
57
64
76
93
75
71
83
46
56
89
95
87
83
67
49
44
64
46
41
40
43
44
65
56
29
45
78
85
77
87
99
107
86
77
49
56
47
90
84
28
81
40
3
26
32
44
40
33
18
13
-19
-33
-36
-29
9
20
-23
-80
-67
-108
-52
-61
-57
-88
-125
-99
-106
-94
-98
-48
-28
-53
-67
-28
-55
-64
-58
-67
-60
-103
-126
-148
-130
-114
-94
-90
-89
-107
-96
-41
-53
-76
-88
-128
-156
-166
-157
-150
-157
-141
-144
-143
-159
-147
-139
-133
-77
-69
-82
-84
-72
-60
-32
-27
-26
-24
30
88
76
64
152
164
111
169
168
144
132
147
100
82
96
59
44
-23
-30
-39
-84
-148
-203
-229
-253
-273
-270
-213
-256
-256
-208
-232
-201
-198
-215
-170
-175
-139
-123
-118
-78
-49
-29
-25
-22
-52
-20
-8
-19
-15
15
55
53
25
22
85
86
61
44
53
-3
23
27
-15
-38
-87
-85
-108
-144
-142
-161
-156
-197
-162
-189
-159
-146
-234
-190
-171
-200
-233
-167
-125
-121
-112
-74
-84
-87
-49
20
-72
-80
-78
-80
-48
-34
16
41
18
76
114
67
73
114
89
42
65
59
78
70
49
18
29
61
53
11
-48
-50
-80
-120
-119
-138
-139
-126
-182
-203
-230
-224
-212
-188
-203
-185
-156
-169
-178
-194
-199
-184
-241
-245
-241
-288
-339
-312
-249
-264
-208
-189
-162
-161
-102
-129
-130
-129
-68
-47
-82
-110
-90
-109
-118
-54
-67
-54
-67
-20
-49
-37
-61
-122
-79
-75
-68
-163
-221
-201
-197
-232
-223
-209
-239
-284
-242
-209
-234
-194
-235
-198
-260
-343
-309
-296
-336
-311
-249
-280
-278
-223
-247
-267
-231
-219
-184
-187
-172
-179
-181
-149
-89
-58
-76
-36
-77
-114
-94
-124
-157
-135
-71
-107
-174
-129
-107
-130
-123
-128
-126
-141
-159
-114
-137
-152
-114
-111
-129
-102
-123
-137
-153
-142
-129
-129
-150
-168
-172
-191
-166
-116
-118
-135
-151
-167
-148
-151
-132
-122
-99
-123
-137
-104
-141
-148
-165
-144
-114
-124
-131
-123
-110
-102
-47
-84
-141
-116
-157
-150
-115
-141
-90
-92
-97
-120
-81
-97
-148
-84
-125
-136
-151
-200
-184
-242
-239
-215
-223
-202
-220
-162
-174
-170
-128
-140
-148
-169
-190
-148
-231
-167
-152
-222
-216
-228
-199
-207
-147
-188
-253
-176
-149
-169
-169
-118
-70
-121
-156
-109
-98
-98
-88
-66
-92
-78
-62
-65
-94
-66
-87
-148
-87
-161
-160
-176
-151
-161
-214
-211
-173
-211
-232
-211
-218
-205
-257
-287
-268
-276
-336
-277
-305
-329
-303
-346
-400
-378
-371
-381
-366
-343
-290
-302
-236
-186
-185
-202
-189
-194
-156
-141
-87
-45
-80
-81
-96
-53
-106
-149
-159
-196
-175
-155
-182
-182
-197
-225
-207
-225
-217
-224
-234
-261
-225
-196
-217
-215
-244
-248
-295
-274
-268
-285
-274
-235
-270
-257
-213
-225
-194
-169
-142
-153
-132
-123
-127
-129
-106
-95
-87
-67
-63
-17
-31
-53
-31
16
-23
-47
-29
-79
-91
-91
-74
-150
-151
-107
-116
-139
-115
-90
-129
-207
-161
-174
-251
-276
-298
-254
-269
-182
-162
-239
-249
-203
-202
-234
-147
-116
-180
-149
-116
-140
-119
-86
-53
-91
-54
-12
-67
-14
-4
-12
-25
-52
-15
-26
-97
-56
-53
-77
-79
-88
-91
-82
-89
-53
-29
-43
-72
-89
-112
-89
-110
-124
-134
-222
-194
-164
-205
-231
-186
-170
-134
-107
-128
-169
-184
-147
-158
-217
-222
-141
-166
-221
-150
-126
-197
-156
-110
-157
-177
-172
-107
-114
-59
-11
-45
-76
-113
-104
-112
-98
-69
-82
-87
-87
-156
-153
-142
-172
-157
-175
-185
-186
-198
-155
-147
-132
-187
-128
-150
-164
-153
-167
-182
-268
-283
-219
-199
-247
-225
-193
-201
-195
-132
-127
-109
-102
-99
-88
-66
27
-29
-38
-34
-48
-11
-10
21
23
-38
-52
-23
-91
-94
-61
-90
-81
-110
-77
-75
-54
-2
-91
-95
-128
-125
-136
-146
-159
-139
-150
-152
-171
-201
-186
-235
-190
-187
-222
-240
-235
-187
-169
-168
-212
-180
-158
-166
-112
-66
-23
2
31
20
0
57
61
42
63
109
60
28
51
46
64
21
49
17
-59
-35
-14
-39
-54
-22
-17
-4
-35
-18
-41
-67
-69
-14
-62
-90
-40
-63
-86
-81
-98
-95
-61
-39
-13
15
15
30
70
-10
-28
-69
-52
-71
-107
-119
-119
-99
-135
-111
-127
-115
-154
-123
-76
-129
-86
-103
-113
-74
-52
-33
6
16
-3
-14
-47
-44
-58
-14
-1
-5
-8
27
8
38
28
29
70
28
13
-10
-55
-102
-137
-154
-188
-187
-191
-167
-160
-175
-123
-138
-173
-109
-132
-155
-152
-155
-155
-157
-115
-121
-124
-81
-49
-70
-33
-2
-31
-39
-14
15
22
17
34
23
13
-1
-15
18
26
-4
-21
11
-13
8
-5
-20
0
-50
-80
-56
-64
-60
-73
-110
-155
-137
-86
-91
-101
-88
-108
-81
-66
-115
-42
-26
-45
-103
-79
-62
-65
-40
-65
-36
-47
-52
-18
-33
-78
-45
-89
-131
-100
-108
-109
-96
-147
-111
-103
-84
-81
-25
-72
-29
17
-66
-22
-61
-58
-56
-27
-60
4
2
10
-6
-4
9
9
45
-1
-12
-47
-23
-34
-62
-77
-60
-74
-41
-6
-13
-32
-39
-6
-31
-42
-62
-112
-104
-106
-16
-2
-35
-62
-81
-7
-17
3
-36
-44
-28
-12
12
31
-4
3
0
-32
-36
-71
-71
-26
1
-26
-54
-46
-25
-76
-80
-99
-148
-175
-141
-140
-221
-258
-221
-251
-267
-228
-254
-227
-254
-148
-141
-178
-109
-73
-181
-215
-172
-202
-282
-193
-125
-171
-169
-65
-50
-109
-84
-50
-58
-57
-20
-38
-36
-44
-35
-31
11
2
-42
-79
-67
-58
-108
-128
-113
-125
-132
-99
-160
-209
-179
-188
-162
-183
-192
-144
-138
-111
-140
-151
-129
-103
-85
-104
-76
-68
-28
-58
-18
-48
-76
-52
-69
-88
-96
-62
-72
-38
-50
-67
-87
-75
-91
-103
-115
-164
-180
-169
-172
-199
-184
-216
-173
-196
-181
-151
-152
-144
-135
-150
-190
-97
-125
-144
-105
-91
-89
-103
-102
-160
-128
-129
-118
-112
-187
-160
-106
-58
-38
-46
-19
-65
-55
-93
-106
-126
-176
-151
-192
-190
-171
-223
-215
-177
-153
-152
-129
-132
-103
-122
-156
-157
-144
-143
-143
-147
-177
-126
-139
-163
-139
-129
-112
-75
-82
-103
-151
-155
-155
-186
-160
-116
-91
-95
-110
-75
-70
-101
-114
-135
-157
-129
-150
-126
-155
-114
-85
-91
-116
-82
-47
-84
-47
-45
-27
-23
15
27
30
21
-16
-42
-75
-92
-102
-40
-43
-87
-84
-62
-69
-50
-92
-128
-146
-79
-90
-147
-134
-112
-129
-142
-166
-158
-105
-121
-89
-69
-48
-42
16
-21
-5
15
-11
33
-30
10
-21
-44
-18
-10
12
53
6
-51
-46
-85
-67
-41
-45
-77
-74
-79
-81
-105
-135
-129
-121
-143
-136
-99
-100
-85
-76
-88
-84
-116
-83
-83
-88
-110
-80
-44
9
36
8
32
51
68
63
90
98
9
9
8
-15
-24
-47
-51
-53
-45
-53
-55
-61
-106
-87
-66
-137
-188
-149
-134
-162
-136
-141
-148
-167
-140
-132
-185
-173
-118
-108
-128
-64
-100
-111
-98
-43
28
-15
-15
-8
-22
2
-17
-16
42
37
15
24
-52
-54
-38
-70
-70
-118
-104
-77
-75
-118
-130
-99
-141
-146
-124
-165
-214
-168
-188
-179
-135
-167
-182
-152
-99
-126
-111
-104
-97
-94
-100
-91
-78
-143
-172
-182
-196
-178
-160
-135
-189
-151
-139
-159
-177
-140
-117
-126
-90
-87
-80
-112
-92
-117
-88
-32
-23
-18
-17
-5
-22
3
-44
-37
-74
-54
-33
-55
-61
-15
32
4
0
70
68
75
52
5
-30
-36
-63
-64
-31
-15
-32
-57
-3
-56
-113
-150
-86
-52
-75
-70
-41
-52
-105
-68
-23
-64
-46
8
-40
-7
13
-21
7
27
53
61
102
105
114
107
104
87
116
117
47
27
72
60
54
33
14
29
20
31
-21
51
79
47
2
-43
1
-45
-32
-55
-88
-95
-78
-7
-6
56
20
5
-21
-5
10
5
13
52
78
74
121
133
104
85
50
69
94
63
57
78
113
98
36
50
111
86
46
10
22
3
0
11
14
-44
-43
-33
-43
-90
-95
-127
-143
-121
-146
-145
-179
-170
-123
-125
-111
-57
-56
-12
-5
60
113
91
77
66
65
118
111
81
89
49
78
77
52
82
108
93
112
130
95
115
130
91
88
121
88
82
43
66
98
2
28
-11
-32
0
-31
7
-33
-48
-78
-117
-91
-147
-131
-139
-109
-102
-127
-106
-101
-134
-121
-97
-148
-179
-141
-103
-125
-63
-56
-45
-46
-31
-24
-49
-13
-27
-30
-8
16
39
75
59
82
75
109
107
129
123
114
143
71
97
74
48
69
72
65
99
91
75
63
36
49
32
39
28
42
57
34
55
58
35
64
84
69
27
50
81
60
93
109
77
49
53
101
81
85
127
143
104
135
140
136
149
134
149
91
75
90
96
50
85
98
88
67
79
95
79
149
179
130
151
151
99
66
71
101
70
94
85
69
50
108
133
108
130
78
26
14
6
-3
-30
-2
-42
-36
-13
-37
10
-4
60
53
75
94
49
82
28
-27
-9
-11
-52
-28
28
-4
22
34
36
18
96
77
87
107
90
67
88
115
111
151
149
177
121
151
137
137
127
155
141
93
71
42
84
28
4
35
52
58
98
70
65
76
59
53
49
-2
-10
0
-6
-23
-15
33
-7
-16
11
25
25
31
67
65
102
112
118
135
150
127
129
102
53
104
68
83
22
-18
39
73
71
55
82
111
97
81
85
71
76
131
103
126
142
144
199
152
150
135
113
96
133
152
115
154
122
86
72
77
95
80
102
89
62
116
127
114
126
94
81
105
115
126
141
94
96
113
83
71
46
16
-8
17
25
77
86
79
87
110
157
177
139
122
104
72
62
31
25
9
17
-40
-62
-57
-66
-75
-35
-37
-65
-73
-61
-6
-21
-13
8
-19
-48
-25
18
-16
-22
-37
-51
-36
-4
46
77
52
32
39
48
66
50
68
99
102
106
128
88
91
110
165
125
124
133
148
109
96
121
63
62
117
98
35
65
154
112
19
116
95
-31
22
101
-1
-84
-2
75
-1
-23
81
62
-14
28
95
56
15
44
74
41
90
121
99
65
113
116
24
84
66
62
115
180
131
79
73
141
142
94
126
112
73
56
55
33
35
79
63
32
80
45
25
5
54
49
11
46
77
-13
-13
80
38
3
53
110
58
112
154
131
114
131
150
93
89
182
182
92
96
124
71
94
69
85
116
83
122
145
120
110
104
79
94
148
158
190
149
139
125
79
126
101
101
77
99
55
-50
-25
-37
-54
-80
-43
-57
-42
3
8
16
32
22
25
31
10
-17
-15
-13
-34
9
39
51
37
51
56
47
45
102
87
79
96
90
79
95
78
81
109
113
99
101
137
115
74
23
40
23
-8
-3
19
26
25
13
26
82
77
49
38
45
64
25
-21
73
17
-6
26
11
5
-28
31
24
-24
18
57
-11
-28
38
1
-33
6
26
10
25
53
73
17
27
86
85
62
103
108
75
105
79
100
88
161
199
156
176
188
165
159
143
114
36
13
49
36
36
53
4
12
6
-30
-59
-29
-37
-55
-45
23
9
7
40
-16
14
18
22
16
-2
18
23
18
-11
41
45
-2
4
-18
-14
4
55
91
47
95
78
79
69
26
-16
-52
-17
-42
-48
-39
10
20
24
39
35
53
17
15
-17
-39
-22
-14
-39
4
42
41
28
-8
12
3
-7
21
5
13
52
77
117
62
110
141
121
107
101
120
49
27
16
-62
-11
-48
-63
-101
-77
-51
-99
-95
-59
10
-16
-43
-1
-23
-68
-45
-42
-7
-37
-10
-9
-19
4
-24
-28
-6
-25
-50
-46
-88
-38
-42
-81
-77
-91
-95
-140
-108
-107
-109
-97
-97
-116
-135
-132
-135
-137
-127
-114
-119
-154
-134
-166
-212
-152
-174
-154
-186
-165
-162
-202
-153
-152
-106
-84
-63
-48
-66
-54
-54
-30
-61
-51
-77
-56
-52
-14
-22
31
12
-74
-102
-97
-35
-50
-87
-87
-64
-63
1
20
-7
-4
-32
-75
-109
-82
-74
-138
-129
-129
-118
-141
-103
-78
-118
-93
-120
-95
-37
-18
12
-34
-84
-86
-90
-102
-125
-172
-158
-159
-188
-144
-171
-179
-147
-118
-92
-38
-59
-60
-48
-68
-44
-86
-93
-34
-37
-23
-45
-64
-63
-24
-25
-17
3
-18
-37
-23
-3
-19
-51
-68
-28
-55
-99
-75
-50
-80
-85
-61
-84
-104
-23
-22
-52
-67
-82
-31
-83
-107
-142
-158
-231
-215
-164
-150
-92
-78
-66
-84
-33
-74
-38
-71
-105
-43
-49
-87
-75
-39
-65
-81
-112
-123
-124
-135
-157
-100
-76
-86
-111
-100
-87
-108
-106
-130
-132
-134
-123
-153
-170
-170
-196
-218
-183
-179
-188
-141
-136
-94
-98
-96
-86
-40
-36
-44
-53
-92
-121
-128
-79
-58
-45
-79
-77
-101
-130
-102
-81
-94
-110
-68
-65
-91
-78
-61
-76
-114
-83
-29
-83
-126
-66
-59
-41
8
40
48
42
51
43
82
70
26
41
34
-16
5
-17
-9
-15
16
-5
1
45
64
78
76
128
128
122
70
47
27
5
-16
-48
-65
-74
-39
-69
-64
-29
23
26
-10
46
42
44
24
30
-4
6
-20
-113
-98
-100
-86
-74
-102
-122
-79
-76
-64
-53
-62
-53
-53
-61
-93
-106
-122
-79
-95
-193
-184
-148
-145
-130
-90
-62
-100
-50
-24
-38
-39
6
32
40
90
75
123
125
102
125
90
117
136
156
123
127
133
77
124
79
16
35
26
52
58
-29
-44
-68
-71
-89
-60
-59
-81
-71
-128
-170
-189
-138
-192
-200
-200
-218
-215
-192
-161
-147
-151
-138
-80
-72
-51
-87
-88
-75
-31
-38
13
64
-23
-6
43
98
51
34
62
41
35
64
75
78
106
99
27
19
