SAMPLES:	17320
BITSPERSAMPLE:	16
CHANNELS:	1
SAMPLERATE:	16000
NORMALIZED:	FALSE
-172
-202
-168
-134
-107
-113
-118
-108
-72
-70
-52
-41
-94
-62
-35
15
31
5
-3
-19
-7
-53
-10
20
35
7
-30
-43
-79
-100
-97
-75
-99
-129
-118
-150
-138
-118
-98
-45
-70
-71
-64
-49
-66
-58
-31
-63
-56
-78
-73
-141
-153
-96
-133
-64
-60
-47
-76
-34
-71
-75
-72
-134
-117
-112
-84
-65
-47
-102
-124
-155
-174
-159
-171
-173
-174
-143
-177
-186
-187
-234
-156
-131
-141
-96
-94
-80
-47
-70
-72
-64
-97
-95
-55
-59
-40
-78
-89
-95
-85
-64
-153
-156
-154
-198
-189
-202
-171
-150
-123
-110
-153
-148
-129
-119
-157
-123
-164
-193
-191
-179
-138
-154
-123
-86
-41
-34
-32
-1
29
-9
-7
-46
-79
-69
-60
-70
-120
-85
-59
-109
-109
-58
-102
-113
-124
-77
-108
-156
-110
-129
-134
-147
-175
-104
-95
-115
-70
-127
-159
-140
-123
-140
-109
-80
-111
-99
-170
-128
-65
-81
-67
-62
-14
-53
-68
-96
-20
-32
-78
-84
-135
-104
-129
-122
-132
-105
-101
-48
-19
-91
-147
-161
-156
-157
-112
-41
-96
-48
-8
-88
-82
-62
-124
-130
-132
-109
-90
-84
-65
-46
-71
-89
-28
-44
-26
-48
-83
-95
-78
-76
-80
-65
-75
-47
-49
-66
-64
-70
-11
-35
-33
-25
-38
-61
-114
-126
-65
-54
-121
-91
-94
-80
-89
-64
-96
-114
-110
-145
-128
-126
-159
-138
-101
-102
-76
-78
-56
-51
-9
-21
-16
65
42
64
29
-7
-26
-23
-7
-49
-56
-82
-56
12
-16
-19
-28
-48
-40
-40
-10
25
71
74
132
133
115
98
59
43
24
46
74
115
118
132
121
105
126
70
94
88
78
81
71
76
3
-30
-11
-8
-62
-77
-56
-109
-112
-126
-125
-118
-108
-141
-156
-90
-116
-127
-89
-81
-91
-73
-80
-53
-10
-16
-19
-18
28
39
15
50
62
43
76
94
29
1
49
50
34
83
88
111
73
41
55
55
98
58
59
65
88
88
91
71
33
54
41
55
22
18
-10
35
66
77
77
72
97
90
71
62
57
43
29
51
4
9
54
11
-7
-19
-19
-3
-22
-40
-44
-52
-25
3
24
15
40
6
5
-3
-22
-21
-26
-12
36
71
34
36
59
64
31
54
67
36
42
27
25
41
48
30
-23
23
58
66
80
92
84
80
103
73
77
35
52
108
99
105
104
113
82
86
80
45
2
30
6
-6
4
-50
-33
-35
-72
-127
-104
-78
-83
-90
-67
-108
-73
-105
-107
-77
-119
-105
-98
-81
-96
-90
-119
-78
-36
-79
-82
-18
-31
-29
26
11
65
32
41
85
113
56
95
140
71
78
105
83
35
71
40
60
6
-13
18
9
-2
-12
6
1
-2
19
-27
-36
-26
-64
-34
-36
-22
13
-6
26
28
-1
29
6
-14
-51
-55
-70
-87
-26
5
21
84
71
75
157
192
212
224
236
246
207
222
188
176
117
129
122
87
102
67
75
43
-9
-4
-10
-28
44
-27
-85
-71
-106
-102
-87
-85
-71
-83
-64
-53
-42
2
3
42
11
34
89
78
154
168
119
116
116
68
44
53
22
-42
-44
-33
-61
-37
53
61
69
112
80
76
45
72
25
10
26
16
15
-20
-14
-48
-63
-45
-18
-18
29
66
73
87
68
135
137
94
83
77
86
98
130
109
96
15
22
12
-31
-36
-87
-85
-110
-112
-55
-79
-94
-112
-123
-84
-81
-130
-98
-94
-100
-83
-50
25
7
10
15
50
-2
16
19
16
56
73
15
-6
-26
-35
-23
-39
15
-13
6
-26
-29
-16
-66
-93
-128
-141
-55
-51
-44
-33
-16
-28
7
-10
-77
-9
10
60
56
47
58
64
62
82
51
100
92
60
50
34
70
108
108
73
101
87
63
27
59
30
47
-5
-53
-36
-45
-20
-50
-49
-79
-105
-80
-72
-98
-98
-139
-156
-123
-91
-70
-118
-124
-98
-88
-71
-129
-125
-86
-82
-81
-73
-71
-44
-55
-84
-85
-35
-7
-29
-31
-35
-54
-34
-10
2
27
53
1
-6
-1
-15
-28
-47
31
34
35
-2
-15
-53
-15
-22
-11
25
-2
-18
-44
12
7
25
75
57
51
11
48
59
69
79
84
59
55
92
73
122
124
117
146
140
200
283
254
268
363
330
304
286
286
287
298
279
235
219
215
246
173
169
168
178
183
151
164
124
115
161
86
16
-7
-31
-44
-83
-147
-129
-74
-81
-81
-61
-54
-60
-14
6
16
12
13
16
13
46
53
65
93
111
146
145
177
167
145
211
186
195
216
157
195
181
155
151
152
92
100
86
69
51
20
27
48
89
94
124
102
104
110
96
70
73
70
24
30
19
14
4
15
29
-9
19
35
57
95
66
76
87
83
53
99
114
113
150
161
198
140
159
149
141
165
149
197
191
162
167
160
175
123
99
106
70
78
54
77
73
52
76
42
62
40
13
18
-34
-38
-46
-50
-82
-74
-100
-62
-41
-68
-16
8
49
97
113
78
74
72
37
39
102
118
107
125
119
135
108
112
134
78
120
147
127
147
118
141
189
188
181
149
168
165
200
175
171
187
99
125
149
146
154
170
163
116
107
95
52
5
-6
-5
28
13
19
-37
-37
-26
-28
-1
-26
-23
-30
-22
-25
-65
-74
-118
-117
-129
-143
-112
-136
-107
-76
-13
55
61
120
98
89
114
88
103
95
101
148
80
84
137
182
160
171
151
104
122
141
103
123
120
157
210
155
160
110
148
142
85
104
79
105
70
-11
-48
-50
-11
23
48
71
102
80
121
109
104
55
87
105
112
144
88
133
142
112
165
194
189
184
197
219
232
223
165
199
230
191
213
210
195
125
89
94
49
33
13
8
17
-3
-33
-43
-41
-9
-5
-40
-29
27
16
-29
-22
-26
-30
-49
-59
-33
-11
29
-8
60
47
38
76
43
45
73
85
107
87
79
112
166
165
110
105
89
89
127
133
78
125
97
91
63
43
20
26
84
55
67
56
82
87
71
69
79
79
46
41
58
62
65
26
-5
-5
-19
-11
-15
47
97
124
197
218
238
227
208
241
253
200
235
260
210
203
181
160
146
167
164
164
160
148
120
113
50
30
24
68
89
125
195
146
125
112
112
80
32
21
54
-19
-19
4
-42
-14
-9
35
41
40
41
13
71
45
38
75
127
108
106
148
112
94
108
115
98
114
136
174
152
148
195
254
288
292
280
327
322
284
227
206
182
151
141
137
127
101
138
104
117
102
114
82
66
93
-1
7
35
20
6
-21
-47
1
-52
-105
-124
-125
-177
-180
-168
-141
-119
-127
-117
-117
-75
-53
-96
-90
-62
-94
4
17
13
26
13
9
-4
69
53
16
30
23
-16
-48
-29
-12
-26
-11
-5
65
33
11
41
19
23
-19
-36
-68
-56
-70
-58
-95
-125
-153
-159
-153
-189
-153
-117
-111
-93
-71
-111
-108
-73
-88
-59
-63
-74
-68
-66
-29
-27
-49
-39
-41
-97
-64
-88
-54
-47
-81
-99
-106
-140
-174
-175
-192
-236
-245
-216
-222
-220
-198
-204
-181
-181
-174
-159
-148
-140
-158
-138
-148
-181
-222
-223
-235
-235
-224
-231
-179
-178
-191
-179
-225
-274
-304
-275
-225
-172
-180
-126
-131
-184
-198
-236
-234
-243
-225
-255
-267
-244
-280
-301
-221
-222
-215
-256
-234
-200
-208
-190
-216
-233
-172
-201
-187
-209
-215
-212
-242
-216
-226
-182
-175
-190
-176
-200
-173
-161
-172
-175
-204
-177
-243
-291
-290
-301
-307
-297
-275
-272
-261
-254
-264
-234
-209
-193
-174
-168
-199
-201
-200
-206
-218
-178
-154
-154
-169
-151
-102
-72
-18
-58
-98
-78
-102
-115
-165
-172
-162
-200
-223
-259
-293
-251
-293
-285
-308
-282
-309
-311
-276
-295
-288
-289
-209
-202
-242
-217
-224
-260
-306
-310
-329
-290
-283
-265
-242
-210
-183
-214
-236
-219
-192
-206
-225
-217
-166
-184
-173
-160
-138
-133
-180
-149
-120
-140
-118
-148
-164
-129
-238
-205
-201
-214
-191
-236
-179
-146
-164
-156
-124
-200
-225
-197
-188
-187
-178
-212
-191
-198
-227
-169
-185
-176
-151
-132
-217
-209
-219
-234
-220
-215
-225
-207
-185
-224
-222
-226
-208
-198
-184
-178
-177
-170
-206
-220
-243
-267
-293
-293
-232
-181
-143
-109
-125
-146
-106
-96
-77
-81
-94
-157
-199
-192
-148
-113
-97
-90
-80
-115
-98
-112
-138
-96
-130
-133
-170
-171
-153
-165
-168
-176
-179
-242
-230
-210
-221
-237
-285
-252
-258
-283
-266
-279
-257
-256
-212
-182
-213
-192
-189
-201
-149
-145
-133
-137
-114
-142
-153
-114
-100
-100
-111
-116
-128
-149
-195
-152
-152
-186
-185
-202
-243
-261
-262
-260
-285
-257
-274
-272
-297
-252
-251
-240
-208
-220
-192
-202
-168
-138
-104
-87
-98
-95
-88
-82
-95
-118
-123
-88
-81
-77
-88
-147
-108
-88
-127
-79
-63
-121
-116
-69
-68
-102
-152
-110
-136
-158
-136
-187
-162
-136
-187
-209
-163
-175
-189
-160
-152
-155
-146
-146
-188
-136
-183
-153
-145
-180
-114
-150
-129
-139
-91
-74
-84
-119
-59
-30
-57
-3
-75
-46
-63
-14
-44
-16
-41
-63
-39
-28
-42
-75
-38
-54
-41
-75
-66
-87
-75
-91
-95
-97
-88
-35
-41
-67
-62
-28
-31
-21
-6
-2
-25
-25
25
-51
-78
-54
-21
-36
-38
-34
-56
-58
-58
-70
-77
-40
-87
-58
-47
-91
-101
-110
-127
-117
-133
-79
-54
-125
-126
-108
-121
-84
-82
-79
-27
-21
18
47
35
50
35
27
-22
-14
14
4
64
63
49
14
26
54
90
118
94
107
94
97
89
72
68
79
71
33
48
36
39
93
88
94
109
129
90
109
97
63
55
28
22
13
6
-30
-12
-19
41
68
57
80
41
58
28
28
26
60
67
55
48
36
-13
-14
-19
-34
14
13
-13
-14
-60
-42
-24
-32
-10
-23
-5
-39
-31
-48
-61
-24
-42
29
61
84
127
135
177
165
157
134
128
65
98
71
49
37
-8
14
-41
-16
-8
3
-16
-13
-29
-70
-9
7
-20
25
47
73
80
25
-10
17
11
27
73
66
102
147
140
137
149
154
197
209
199
182
209
222
201
187
138
133
176
165
169
141
142
124
113
62
69
31
-50
-50
-67
-99
-167
-160
-192
-198
-180
-175
-204
-173
-210
-183
-157
-177
-129
-111
-26
-52
-36
-31
-41
-15
-8
24
39
-5
43
62
22
27
-4
-29
-17
0
22
35
76
70
46
5
1
18
-38
-30
-3
-31
-74
-54
28
-25
-28
-24
-48
-33
-12
-19
-3
6
-40
-45
-89
-96
-51
-69
-40
-56
-83
-34
-9
32
11
44
105
124
64
63
66
55
84
40
41
51
16
-26
-7
-24
-72
-92
-91
-108
-99
-144
-136
-105
-126
-72
-86
-62
-47
-78
-73
-96
-107
-111
-103
-153
-164
-184
-204
-225
-233
-260
-272
-291
-251
-228
-196
-159
-139
-132
-64
-35
-66
-15
7
-30
-56
-19
-15
-14
-48
-54
-92
-98
-67
-16
-5
-6
18
-26
-6
-31
-34
44
-10
41
66
79
127
113
98
119
94
76
82
103
110
99
88
35
39
29
-10
-97
-79
-96
-116
-136
-158
-122
-154
-156
-67
-87
-13
3
51
39
-3
-30
-98
-95
-131
-128
-192
-182
-146
-224
-202
-186
-191
-142
-167
-137
-108
-88
-58
-110
-76
-121
-142
-119
-161
-174
-182
-195
-234
-235
-210
-195
-160
-133
-94
-67
-108
-91
-93
-79
-35
-18
-85
-116
-159
-178
-174
-189
-162
-157
-118
-121
-100
-74
-70
-35
-30
-28
-51
-61
-21
-7
-55
-78
-81
-113
-140
-180
-175
-181
-167
-165
-132
-97
-93
-133
-133
-149
-184
-106
-67
-39
25
-15
-10
-45
-66
-54
-77
-93
-78
-72
-34
-19
-79
-99
-100
-85
-54
-43
-81
-77
-63
-60
-122
-148
-135
-131
-112
-146
-180
-172
-204
-188
-138
-82
-122
-196
-165
-176
-156
-164
-159
-178
-117
-119
-133
-136
-162
-167
-182
-189
-169
-133
-102
-93
-118
-133
-151
-142
-190
-130
-92
-126
-121
-108
-60
-104
-72
-124
-154
-81
-111
-94
-92
-32
-28
-43
-50
-67
-77
-77
-53
-52
-40
-40
9
14
-27
6
-29
-13
-10
37
9
11
-1
-34
-9
-14
-15
-21
-25
-66
-19
-27
-45
-7
-23
-28
-2
-18
-36
-68
-32
-30
-34
-6
-22
-51
-103
-108
-143
-162
-133
-105
-126
-113
-107
-102
-59
-30
-48
-69
-17
9
-8
-11
5
0
-69
-53
-18
-58
-59
-24
-21
-64
-62
-66
-25
-3
-14
51
92
77
62
68
95
118
148
185
182
175
184
123
127
118
77
69
35
57
51
14
-3
8
-34
-28
-6
14
21
-19
-28
-13
10
-2
16
-19
-3
-3
-42
-77
-91
-123
-94
-141
-150
-157
-167
-133
-131
-112
-122
-132
-129
-111
-81
-69
-38
-78
-94
-52
-33
-27
-16
-15
6
-22
-43
13
-52
-63
-64
-22
-5
12
-9
-20
11
-11
-26
-85
-73
-98
-84
-88
-105
-95
-97
-134
-133
-140
-139
-117
-79
-48
-65
-58
-65
-92
-87
-87
-58
-83
-30
18
-41
0
25
25
23
7
16
32
33
54
50
75
102
130
115
70
45
24
-16
-32
-28
-16
-18
-4
10
48
60
54
6
12
41
42
72
60
87
64
72
88
130
113
98
103
106
94
96
122
81
109
56
80
116
91
89
85
97
91
15
3
15
-35
-53
-62
-53
-47
-36
-6
30
43
30
35
-31
-38
-19
-51
8
65
46
46
89
63
72
104
51
35
57
51
29
26
33
69
73
104
104
136
125
140
200
192
197
185
160
179
190
186
184
195
211
167
166
135
149
168
163
115
149
128
76
54
19
31
-32
-68
-64
-70
-41
-111
-107
-110
-121
-101
-133
-104
-41
13
2
-7
49
37
10
10
78
105
94
110
96
160
180
158
161
126
169
177
147
166
191
191
214
236
177
199
220
199
218
240
193
165
189
182
173
172
124
125
147
92
103
123
119
110
102
107
156
177
180
150
200
215
204
227
209
222
188
189
186
163
119
57
94
34
42
88
55
125
109
112
122
137
88
129
118
70
124
120
145
156
179
142
127
128
123
130
120
130
116
110
72
114
135
117
172
113
111
187
179
158
229
203
230
227
181
217
209
222
204
205
165
152
141
142
184
204
193
166
151
165
177
172
192
167
164
162
126
78
79
108
99
107
96
112
121
116
148
148
165
158
185
202
173
159
190
212
137
176
162
188
202
208
209
196
192
179
247
183
158
166
185
202
216
190
173
201
199
204
243
232
206
195
162
162
132
81
101
93
47
90
66
81
118
111
120
106
107
112
101
92
65
53
10
22
48
27
26
3
19
32
5
6
43
104
75
56
116
97
122
176
152
123
115
99
83
59
83
59
115
72
51
25
53
122
66
108
105
55
66
56
75
70
56
49
81
112
75
86
102
61
65
49
31
-3
20
14
86
97
59
45
45
44
7
20
-15
-15
47
39
17
-21
-76
-44
-33
-40
-42
-37
-53
-53
-21
-25
-20
9
19
34
32
1
-2
36
-18
1
-43
-45
32
12
53
42
13
37
48
69
50
51
70
30
39
10
-39
-60
-58
-40
-53
-75
-75
-89
-122
-124
-93
-167
-176
-114
-135
-104
-74
-65
-44
-89
-86
-68
-108
-73
-110
-94
-69
-14
-14
-14
28
48
60
83
98
60
95
95
67
105
107
145
165
121
147
139
102
33
19
43
-19
-33
-4
-48
-56
-75
-66
-92
-101
-112
-114
-111
-83
-107
-121
-79
-72
-77
-78
-55
-34
-35
-52
-19
-29
-23
-13
-20
-61
-51
-80
-124
-89
-117
-118
-83
-70
-105
-132
-98
-112
-102
-125
-145
-134
-154
-140
-129
-126
-131
-136
-154
-123
-116
-121
-138
-136
-138
-71
-96
-132
-104
-99
-66
-65
-109
-96
-104
-103
-107
-104
-109
-103
-92
-92
-37
-55
-60
-63
-22
-45
-11
5
3
-10
-27
-9
-26
-14
-86
-108
-153
-169
-129
-110
-98
-100
-92
-117
-114
-103
-108
-80
-84
-107
-153
-158
-149
-192
-206
-204
-224
-206
-147
-147
-111
-117
-109
-98
-127
-143
-116
-137
-136
-114
-100
-122
-115
-158
-223
-206
-201
-225
-244
-286
-263
-230
-205
-178
-141
-54
-88
-31
-19
-49
-48
-13
-40
-88
-105
-136
-100
-128
-150
-149
-163
-172
-170
-198
-198
-173
-163
-116
-105
-101
-121
-139
-163
-152
-158
-100
-99
-80
-58
-87
-113
-85
-107
-148
-98
-114
-169
-166
-124
-157
-135
-100
-119
-105
-150
-165
-175
-192
-212
-231
-231
-204
-181
-159
-205
-176
-168
-185
-161
-174
-134
-130
-150
-192
-176
-179
-164
-209
-226
-159
-171
-148
-176
-174
-188
-190
-213
-224
-217
-215
-137
-170
-178
-208
-206
-207
-228
-179
-148
-133
-158
-135
-158
-162
-157
-154
-120
-131
-85
-84
-86
-92
-94
-71
-63
-35
-93
-45
-24
-61
-66
-37
27
-12
-82
-93
-97
-93
-48
-71
-77
-64
-71
-64
-77
-94
-44
-59
-59
-85
-30
13
-28
-9
23
50
32
8
-8
-17
-10
9
-25
-56
-62
-79
-43
-30
-38
-39
-59
-78
-95
-28
-51
-60
-74
-41
-12
-36
10
-16
-58
-88
-121
-103
-95
-85
-100
-108
-43
-51
-50
-80
-81
-80
-120
-103
-117
-126
-128
-158
-150
-125
-102
-135
-134
-86
-101
-96
-51
-48
-64
-70
-57
-51
-66
-83
-107
-133
-109
-111
-110
-115
-142
-132
-127
-153
-97
-79
-97
-73
-81
-91
-118
-116
-152
-139
-156
-119
-137
-110
-129
-137
-121
-199
-163
-172
-131
-161
-163
-161
-147
-149
-142
-135
-128
-102
-81
-73
-96
-98
-162
-139
-143
-159
-154
-132
-169
-147
-142
-140
-150
-168
-138
-165
-143
-136
-122
-106
-111
-109
-118
-101
-152
-165
-128
-128
-97
-63
-48
-42
-61
-51
-8
-48
-52
-58
-82
-72
-148
-127
-99
-112
-75
-71
-83
-42
-94
-120
-132
-127
-123
-106
-84
-124
-119
-123
-113
-88
-87
-116
-134
-169
-104
-116
-165
-156
-157
-130
-143
-110
-112
-98
-22
-63
4
-29
-70
-81
-68
-53
-62
-22
-15
-33
10
8
-14
-7
-26
-41
-37
-37
-22
-31
-50
-31
-46
4
13
-21
9
10
-25
13
-12
-36
-27
-5
-66
-101
-80
-144
-143
-111
-118
-126
-119
-136
-134
-146
-147
-123
-126
-174
-168
-135
-152
-131
-120
-105
-105
-117
-94
-95
-73
-105
-166
-136
-119
-96
-62
-80
-73
-30
-25
-93
-120
-103
-98
-123
-90
-15
-67
-133
-121
-130
-117
-79
-75
-45
-13
-31
-7
-22
-18
34
30
-13
-22
-32
-40
-42
-88
-49
-12
-13
-22
-34
-51
-58
-116
-76
-108
-87
-82
-121
-103
-91
-87
-122
-124
-151
-143
-162
-212
-257
-219
-199
-216
-241
-210
-195
-184
-196
-190
-175
-196
-195
-140
-131
-97
-98
-92
-62
-64
-52
-39
-27
-24
-48
-32
-75
-118
-117
-142
-107
-90
-91
-128
-94
-148
-139
-99
-100
-112
-74
-55
-66
-10
-62
-118
-123
-79
-103
-103
-90
-99
-59
-46
-63
-53
-60
-24
-48
-26
39
2
60
57
76
95
118
145
132
116
86
55
83
46
56
91
52
-2
-79
-79
-91
-123
-121
-135
-151
-118
-108
-102
-78
-24
-24
-21
-26
-15
22
25
23
-37
-31
-17
-21
-27
-27
-50
-90
-71
-64
-74
-30
34
31
-7
23
2
-18
-12
-28
-26
1
12
8
15
-22
-7
-39
-63
-55
-43
2
17
-40
11
-4
-12
9
18
9
-37
-16
-7
18
65
12
52
37
-4
20
-10
52
43
18
-20
-24
-57
-66
-48
-41
-19
-69
-35
-9
-33
2
-9
-46
9
27
21
40
43
-12
-2
-16
-35
-18
-72
-27
-12
-60
-6
-35
-18
-23
-47
-40
-53
-47
-42
-17
40
18
62
49
46
-10
-16
-70
-72
-36
-116
-119
-91
-101
-117
-88
-95
-107
-141
-89
-98
-65
-83
-98
-56
-77
-55
-76
-116
-114
-123
-98
-78
-124
-102
-113
-140
-107
-160
-142
-114
-39
20
55
44
52
66
87
152
108
107
121
149
166
172
139
115
131
139
122
92
106
88
106
83
120
106
35
19
-20
4
7
-36
-37
-70
-115
-79
-65
-22
-58
-52
-12
-29
7
22
37
48
37
0
-10
-15
-4
22
5
80
96
90
114
105
105
138
166
161
141
181
192
136
155
143
114
127
96
59
76
96
159
135
120
116
113
103
76
92
56
42
-12
-29
-13
-58
-62
-71
-49
-51
-81
-45
4
11
24
56
75
92
100
107
94
114
96
57
55
87
102
99
110
112
131
129
157
199
158
154
202
173
159
198
193
165
165
131
110
134
92
121
99
83
124
167
132
125
71
79
51
47
99
79
65
33
49
55
23
19
18
21
17
73
61
43
92
92
52
88
101
108
128
106
99
93
95
77
65
82
74
74
130
179
163
181
179
235
265
169
223
216
220
233
193
141
166
153
111
127
79
77
78
82
85
42
99
129
91
85
93
104
74
137
129
144
141
157
173
155
146
148
140
155
196
192
226
258
290
243
242
248
214
197
198
238
206
227
179
186
161
116
104
96
123
120
143
154
169
128
123
123
126
150
164
153
157
164
121
135
111
96
91
28
23
-12
-45
-9
25
-9
3
13
-63
-6
-22
16
-9
-27
-25
-14
0
-33
12
69
111
114
130
118
102
92
67
106
107
128
163
177
157
192
184
178
198
191
203
193
176
185
219
165
153
145
127
161
130
150
123
113
112
104
113
138
159
142
106
79
138
94
85
44
43
37
52
39
44
44
33
18
-18
28
5
-37
-56
-64
-75
-44
-40
-6
-1
-31
6
-22
7
26
10
25
5
25
25
73
93
148
172
148
134
118
157
141
214
185
184
187
158
149
138
149
161
112
74
65
52
52
49
74
27
-5
-12
-51
-58
-33
-9
-21
5
13
-8
-16
-38
-29
-16
-22
7
37
55
30
12
-6
-16
17
-39
15
14
2
24
-35
-28
-52
-41
-16
-8
22
11
-1
6
-25
-13
-32
-61
-78
-173
-200
-181
-216
-242
-230
-210
-256
-245
-251
-232
-213
-217
-198
-198
-178
-185
-171
-190
-151
-106
-113
-89
-79
-43
-28
-48
-38
-16
-7
24
46
44
80
107
94
26
-15
-14
-42
-79
-79
-88
-101
-124
-153
-118
-150
-163
-130
-101
-99
-88
-123
-104
-113
-99
-88
-71
-99
-127
-128
-132
-130
-126
-133
-123
-127
-76
-76
-82
-54
-83
-86
-146
-158
-143
-136
-83
-87
-57
-83
-88
-66
-123
-123
-144
-163
-139
-130
-103
-94
-163
-178
-212
-180
-196
-180
-180
-204
-188
-224
-183
-203
-197
-167
-134
-149
-104
-138
-163
-92
-179
-150
-145
-141
-126
-158
-128
-106
-130
-156
-118
-132
-98
-106
-93
-103
-86
-54
-69
-92
-80
-37
-68
-87
-89
-100
-91
-91
-134
-133
-161
-128
-126
-128
-128
-161
-135
-124
-84
-56
-82
-59
-45
-73
-70
-65
-60
-109
-136
-159
-172
-124
-170
-158
-153
-195
-181
-161
-167
-185
-133
-148
-159
-108
-74
-113
-127
-125
-68
-62
-93
-78
-59
-50
-69
-65
-22
-45
-43
-17
-75
-48
-36
-14
-57
-75
-62
-89
-110
-140
-129
-121
-104
-81
-74
-50
-47
-89
-64
-59
-81
-55
-133
-111
-72
-79
-34
-20
30
-20
-44
-59
-96
-140
-156
-188
-211
-222
-226
-203
-220
-248
-248
-230
-263
-227
-267
-327
-283
-276
-268
-249
-196
-212
-186
-149
-133
-148
-141
-127
-87
-60
-61
-31
-22
-24
-30
-32
-16
-29
-18
4
-61
-89
-96
-91
-117
-47
-27
-39
-45
-72
-96
-47
-72
-100
-91
-142
-132
-87
-49
-67
-79
-106
-125
-102
-104
-100
-56
-44
49
11
29
83
20
68
20
-8
-3
-7
7
2
39
26
3
-31
-42
-39
-32
-4
-88
-68
-70
-92
-51
-94
-64
-75
-69
-87
-81
-82
-76
-45
-101
-63
-50
-56
-79
-82
-48
-57
-69
-45
-43
-32
2
-31
-71
-98
-88
-104
-54
-99
-123
-103
-135
-143
-85
-86
-94
-93
-129
-113
-96
-144
-152
-153
-97
-102
-109
-37
-88
-84
-57
-94
-78
-42
-15
-62
-56
-53
-34
-36
9
-46
-10
-24
-80
-18
-23
-62
-51
-59
-71
-88
-139
-131
-141
-112
-142
-179
-219
-250
-221
-244
-271
-250
-275
-235
-200
-190
-204
-192
-218
-196
-202
-192
-220
-220
-172
-140
-134
-151
-110
-110
-96
-110
-150
-162
-193
-161
-190
-211
-172
-160
-174
-155
-166
-146
-134
-144
-138
-118
-105
-102
-146
-114
-88
-98
-114
-121
-157
-141
-93
-129
-158
-180
-127
-110
-132
-108
-114
-66
-77
-79
-59
-50
-12
16
-31
-12
22
-37
-52
-40
-46
-68
-66
-17
-25
-46
-9
17
57
67
24
8
-12
-47
-48
-86
-53
-82
-68
-36
-9
2
-29
-27
-60
-60
-123
-144
-148
-134
-156
-86
-110
-72
-60
-71
-83
-118
-97
-96
-107
-92
-76
-98
-67
-120
-38
-62
-99
-99
-95
-94
-120
-57
-80
-59
-72
-56
-64
-23
51
53
45
9
30
-16
25
-17
-9
8
24
19
-18
-52
-22
9
-5
2
-22
-1
-47
-9
-29
11
31
-16
-22
-41
-74
-89
-84
-53
-26
10
35
-43
-2
6
-15
-3
22
-26
-37
-37
-56
-53
-58
-24
-64
-17
10
9
2
-57
14
-2
8
4
6
6
21
31
4
58
43
70
25
27
27
85
94
38
115
105
139
199
186
185
154
191
146
100
129
136
113
100
113
94
150
86
106
132
165
106
57
90
40
-16
-44
-21
-64
-58
-43
-30
-21
31
9
40
46
61
40
65
94
76
133
88
81
110
111
145
147
155
157
155
197
177
165
220
240
204
231
253
190
140
153
119
141
149
133
111
121
121
111
104
153
180
178
234
203
197
270
282
249
292
266
234
187
220
221
213
223
173
202
194
187
243
240
246
262
207
215
223
218
213
191
185
147
152
124
154
157
147
208
182
192
213
208
241
213
211
198
190
199
220
241
244
266
257
256
297
345
336
307
325
304
277
297
269
309
305
286
244
239
279
257
239
274
268
260
254
180
172
201
195
153
215
215
233
239
242
268
226
254
222
203
268
241
227
227
238
221
220
234
177
253
236
219
222
175
200
221
206
240
243
198
196
247
230
183
210
185
195
181
255
264
241
273
270
249
204
224
231
230
169
181
181
144
192
216
221
199
222
223
204
212
207
206
223
249
260
251
228
237
272
302
322
264
259
285
235
255
273
265
286
243
249
219
167
181
191
197
165
178
163
156
153
100
131
113
105
79
73
113
152
164
119
174
173
186
191
171
194
180
165
170
176
181
211
185
191
208
184
222
274
231
225
190
209
190
202
232
224
256
226
212
209
198
210
222
199
204
200
198
192
185
173
163
185
216
248
231
216
191
209
192
186
144
144
150
93
83
96
98
102
101
140
165
149
115
140
195
178
156
176
216
254
202
223
246
224
207
245
232
187
189
138
113
95
154
150
181
181
183
170
117
134
109
93
70
53
17
12
-5
25
-18
-14
-10
-35
-17
-27
-36
-47
22
49
34
50
89
79
80
102
123
122
133
176
246
250
249
253
243
218
246
189
128
140
125
153
160
164
111
123
127
107
142
122
87
132
168
190
191
112
99
111
76
37
61
92
40
59
42
13
20
43
44
16
55
21
17
38
27
-13
-51
-7
4
-14
11
9
-11
-12
-20
-10
-52
-26
2
4
-2
-26
-31
-18
-24
-36
2
47
27
-4
-9
16
-17
-38
-14
27
2
19
38
-8
24
37
44
32
77
97
52
42
46
48
-1
27
14
15
19
-20
39
60
60
84
72
67
51
30
28
14
37
-8
-24
-10
23
33
62
89
79
78
91
70
78
62
51
29
-4
35
39
85
23
1
-41
-26
-31
1
-19
-11
2
-17
6
-56
-29
-35
-83
-120
-120
-171
-151
-171
-130
-124
-189
-135
-203
-180
-174
-178
-138
-156
-145
-111
-100
-104
-77
-56
-40
-25
-8
23
28
59
104
115
124
110
138
151
174
199
175
178
193
209
178
186
145
84
146
137
117
120
156
103
59
21
-2
-6
21
50
24
16
-12
-12
-25
-21
-48
-39
-38
-60
-44
-124
-87
-38
-54
-21
10
1
27
18
4
20
-49
-1
-10
16
40
17
-22
-22
33
3
-22
-22
12
-17
-59
-106
-122
-128
-93
-111
-190
-165
-156
-146
-148
-129
-150
-151
-156
-187
-117
-109
-92
-60
-50
-72
-33
-24
-35
-18
13
21
-4
10
18
19
25
46
22
9
42
40
63
114
115
120
88
46
29
7
28
46
57
36
68
91
20
18
-13
-21
9
32
63
92
114
86
80
45
73
73
3
2
58
38
18
26
34
-4
0
9
4
-34
-56
-42
-101
-99
-107
-85
-32
-38
1
15
-12
-16
19
-1
14
36
22
40
40
35
3
41
-2
24
55
71
30
6
40
36
42
47
79
106
130
162
98
132
182
151
165
122
183
174
159
184
140
114
68
29
21
16
29
32
54
56
40
27
58
104
115
118
90
88
5
32
35
-19
10
-38
-31
-19
-39
-31
-38
-45
-33
-5
-18
15
-42
-25
34
-22
-6
93
84
33
25
31
29
44
71
29
48
56
54
98
55
72
64
75
60
75
86
101
80
85
103
86
77
62
30
72
60
22
23
-4
28
14
12
111
91
42
86
102
131
117
109
136
97
68
73
48
73
88
128
119
120
135
119
108
82
124
154
178
115
130
111
73
19
22
25
-15
31
2
-44
-36
-2
28
28
7
5
43
10
-4
-2
-11
-18
16
27
-29
-55
-37
-31
-39
-57
-44
-19
-56
-20
-19
-44
-5
22
39
15
2
3
-29
-28
-33
-34
-45
-96
-100
-58
-20
26
67
65
128
115
66
114
116
101
92
115
114
118
118
98
116
103
101
122
60
104
108
132
187
220
200
167
144
90
66
74
57
46
45
37
58
81
72
57
97
71
77
92
51
47
6
7
46
8
-27
-37
-65
-46
-34
-48
-39
-55
-7
-20
-2
28
60
16
63
67
105
139
105
110
46
46
105
134
79
126
135
174
147
163
185
146
209
195
163
206
183
194
159
120
119
57
26
35
-28
-76
-55
-36
-40
-90
-105
-65
-23
-35
-23
22
35
36
5
35
-13
30
13
-6
40
19
26
61
64
46
55
40
69
50
0
16
-13
-18
-47
-96
-51
-79
-75
-73
-53
-83
-104
-93
-67
-101
-86
-86
-74
-72
-112
-71
-63
-44
-48
-81
-84
-98
-82
-44
-41
-17
-47
-66
-47
-30
-64
-137
-165
-136
-157
-152
-140
-142
-180
-160
-100
-97
-58
-71
-105
-95
-120
-125
-111
-147
-135
-159
-159
-98
-128
-100
-122
-94
-79
-99
-29
-50
-49
-92
-76
-64
-112
-121
-82
4
-16
14
18
-36
-14
-63
-26
-17
-19
13
-43
-36
-24
-45
-73
-65
-44
-79
-87
-62
-60
-104
-109
-130
-108
-109
-103
-131
-162
-80
-114
-151
-144
-167
-196
-229
-196
-166
-172
-121
-119
-118
-92
-117
-125
-78
-92
-123
-77
-72
-68
-84
-76
-65
-84
-93
-75
-54
-66
-94
-110
-68
-67
-92
-28
-36
-53
5
-15
-30
-9
-10
-75
-58
-94
-150
-149
-148
-176
-126
-122
-93
-111
-168
-149
-150
-121
-122
-124
-172
-125
-127
-147
-113
-120
-127
-132
-131
-129
-124
-147
-117
-135
-118
-97
-105
-86
-80
-85
-70
-76
-124
-115
-98
-131
-152
-158
-177
-141
-159
-145
-123
-149
-132
-159
-186
-167
-179
-174
-131
-146
-135
-105
-144
-128
-180
-178
-158
-133
-96
-147
-171
-185
-168
-162
-117
-126
-133
-100
-125
-177
-185
-147
-180
-189
-138
-109
-140
-139
-117
-106
-120
-131
-119
-168
-156
-195
-158
-177
-213
-188
-228
-202
-128
-179
-191
-139
-158
-152
-171
-122
-129
-172
-168
-202
-174
-169
-174
-138
-168
-201
-220
-238
-244
-220
-302
-273
-257
-230
-228
-246
-270
-229
-230
-234
-219
-262
-260
-211
-149
-212
-149
-143
-137
-115
-120
-53
-123
-67
-68
-105
-73
-102
-68
-89
-103
-129
-162
-155
-182
-155
-192
-194
-205
-187
-211
-201
-195
-207
-237
-243
-146
-207
-211
-252
-237
-271
-283
-279
-281
-267
-310
-286
-281
-310
-329
-311
-289
-281
-277
-253
-198
-161
-153
-170
-146
-127
-127
-123
-114
-129
-146
-116
-122
-94
-98
-37
-25
-59
-108
-132
-125
-175
-170
-153
-136
-153
-156
-112
-149
-166
-170
-225
-175
-175
-272
-263
-289
-249
-254
-239
-208
-237
-223
-252
-210
-218
-182
-200
-244
-259
-261
-278
-267
-237
-249
-282
-265
-246
-279
-252
-259
-226
-211
-192
-194
-225
-248
-245
-185
-186
-225
-283
-281
-334
-320
-303
-260
-217
-209
-179
-165
-158
-173
-171
-154
-208
-224
-203
-228
-154
-106
-99
-90
-52
-58
-103
-115
-118
-113
-83
-93
-66
-105
-114
-110
-157
-143
-187
-169
-157
-150
-217
-216
-116
-101
-142
-153
-160
-163
-194
-252
-234
-253
-218
-206
-247
-236
-265
-263
-244
-233
-212
-201
-175
-163
-193
-191
-223
-190
-197
-186
-188
-232
-206
-203
-189
-219
-184
-114
-196
-270
-258
-113
-210
-303
-352
-193
-42
-105
-202
-107
18
35
-77
-124
-58
-60
-53
-139
-74
-37
-69
-120
-111
-122
-113
-74
-59
-103
-181
-141
-130
-159
-176
-241
-226
-165
-187
-220
-208
-224
-203
-230
-310
-343
-333
-386
-418
-399
-407
-328
-318
-385
-388
-333
-364
-406
-437
-358
-340
-371
-364
-359
-418
-454
-358
-392
-430
-437
-445
-341
-281
-262
-285
-293
-164
-206
-205
-163
-151
-53
-64
-55
-46
-14
-10
-39
-40
-19
12
18
33
-34
-23
-77
-65
-87
-78
-121
-218
-181
-269
-287
-306
-326
-346
-404
-447
-420
-481
-556
-636
-674
-672
-754
-793
-813
-771
-787
-841
-835
-874
-882
-873
-900
-908
-864
-816
-788
-761
-703
-649
-576
-518
-443
-369
-258
-158
-103
-18
111
207
315
372
492
620
659
779
831
853
923
979
1001
1049
1062
1093
1148
1152
1121
1055
1044
1026
998
893
778
679
599
519
341
195
49
-61
-241
-389
-561
-733
-911
-1075
-1230
-1432
-1573
-1715
-1819
-2007
-2128
-2219
-2198
-2160
-2504
-2885
-2733
-2308
-2150
-2540
-2851
-2447
-1711
-1528
-1923
-1918
-1325
-770
-758
-944
-601
-13
179
-5
3
408
880
937
729
827
1132
1382
1404
1335
1380
1511
1529
1465
1486
1686
1665
1469
1486
1583
1464
1228
1192
1261
1301
1117
859
951
1041
894
775
636
492
389
396
502
351
10
-75
108
133
-201
-324
-273
-270
-567
-829
-735
-658
-888
-1183
-1366
-1416
-1450
-1707
-1986
-2099
-2243
-2232
-1991
-2541
-3080
-2819
-2240
-2122
-2672
-3253
-2780
-1844
-1698
-2319
-2416
-1646
-1054
-1118
-1343
-992
-234
8
-294
-407
127
872
849
522
508
1065
1426
1314
1112
1299
1531
1463
1250
1356
1677
1758
1485
1200
1263
1365
1315
1204
1072
936
832
721
580
608
770
658
376
116
422
821
733
322
218
442
720
652
397
359
544
566
405
367
426
538
511
233
6
113
296
249
-83
-367
-383
-288
-424
-677
-942
-1046
-1158
-1517
-1716
-1851
-1694
-1654
-2400
-2932
-2504
-1831
-1767
-2584
-3202
-2478
-1494
-1553
-2408
-2420
-1505
-921
-1345
-1764
-1074
-135
-114
-724
-921
-92
682
411
-6
49
723
1070
859
651
953
1369
1226
939
1047
1437
1601
1335
1073
1197
1381
1451
1307
1353
1460
1255
1030
1166
1427
1555
1340
980
941
1214
1478
1401
1144
939
1052
1278
1284
1133
1005
1023
1054
896
698
787
995
896
438
138
253
574
320
-249
-387
-343
-366
-661
-1069
-1143
-1177
-1484
-1928
-2215
-2182
-2191
-2104
-2363
-3212
-3432
-2893
-2421
-2615
-3405
-3666
-2825
-2069
-2370
-3034
-2691
-1845
-1548
-1914
-2029
-1257
-494
-490
-974
-926
-58
553
286
-15
247
890
1078
840
861
1304
1676
1414
1121
1394
1918
2078
1775
1581
1801
2054
2166
2205
2012
1832
2038
2284
2212
1978
1867
2090
2186
1873
1665
1816
2168
1897
1383
1390
1761
1695
1238
1075
1274
1280
965
679
624
649
483
157
-21
-60
-244
-422
-630
-751
-900
-1098
-1396
-1460
-1532
-1781
-2116
-2405
-2543
-2648
-2878
-3225
-2698
-2658
-3797
-4364
-3600
-2568
-2585
-3809
-4433
-3123
-1760
-2027
-3232
-2915
-1481
-855
-1483
-1914
-960
157
142
-720
-858
421
1420
1015
353
541
1538
1938
1531
1271
1861
2434
2203
1763
2080
2787
2969
2459
2118
2486
2890
2797
2392
2315
2480
2640
2436
2185
2199
2485
2637
2228
1671
1677
2109
2271
1807
1275
1271
1590
1511
1014
639
809
918
446
-7
97
483
344
-256
-660
-490
-248
-386
-774
-1085
-1127
-1168
-1391
-1596
-1701
-1779
-2117
-2374
-2493
-2559
-2738
-3161
-3306
-2613
-2723
-4024
-4336
-3345
-2412
-2735
-4074
-4426
-2841
-1637
-2239
-3456
-2976
-1498
-971
-1705
-1973
-837
301
230
-650
-566
894
1804
1230
565
955
2054
2337
1919
1820
2495
2999
2653
2209
2645
3398
3486
2866
2614
3050
3544
3409
2727
2759
3016
3031
2634
2247
2446
2753
2571
1878
1370
1679
2062
1945
1237
729
921
1202
1043
489
354
657
640
126
-199
26
422
178
-455
-718
-363
-31
-237
-657
-774
-642
-682
-963
-1120
-1063
-1189
-1538
-1953
-1995
-1971
-2161
-2635
-3008
-3178
-2671
-2179
-3390
-4451
-3889
-2730
-2388
-3489
-4702
-3783
-1986
-1873
-3245
-3573
-2088
-1017
-1457
-2253
-1465
81
531
-336
-878
265
1832
1822
951
862
1957
2835
2549
2119
2574
3438
3376
2748
2718
3588
4136
3623
2906
3066
3667
3784
3224
3061
3173
3045
2824
2603
2609
2581
2467
2126
1673
1472
1668
1842
1615
870
512
981
1360
874
224
357
683
367
-225
-240
259
290
-321
-768
-575
-155
-292
-762
-1053
-936
-885
-1076
-1272
-1370
-1426
-1591
-1984
-2306
-2292
-2297
-2578
-3024
-3280
-3471
-3320
-2648
-3171
-4458
-4449
-3414
-2588
-3005
-4344
-4396
-2698
-1540
-2374
-3460
-2635
-1052
-586
-1380
-1544
-218
1095
969
-86
144
1848
2748
1984
1278
1862
3160
3427
2703
2483
3298
3962
3420
2723
3048
3933
3985
3155
2730
3292
3743
3361
2699
2680
3088
2942
2265
1964
2272
2522
2302
1562
1100
1334
1801
1783
1035
418
607
1028
838
90
-111
319
415
-315
-800
-404
143
-114
-1001
-1208
-724
-359
-672
-1138
-1301
-1062
-993
-1316
-1508
-1468
-1489
-1761
-2135
-2257
-2072
-2134
-2450
-2902
-3124
-3147
-2651
-2242
-3278
-4351
-3830
-2671
-2137
-3012
-4333
-3661
-1918
-1336
-2464
-3090
-1896
-502
-466
-1414
-1222
320
1317
717
-172
486
2205
2563
1693
1233
2089
3163
2983
2292
2401
3308
3587
2878
2509
3104
3804
3585
2847
2758
3096
3479
3223
2704
2725
2926
2889
2531
2250
2354
2531
2294
1610
1219
1511
1848
1584
705
391
749
934
474
-126
-108
210
99
-527
-747
-355
-175
-577
-1122
-1212
-827
-737
-1081
-1477
-1527
-1384
-1516
-1799
-1855
-1747
-1865
-2211
-2397
-2372
-2390
-2588
-2937
-3130
-3176
-3340
-2629
-2373
-3975
-4608
-3609
-2371
-2192
-3682
-4790
-3391
-1300
-1368
-3073
-3149
-1338
-98
-538
-1594
-854
936
1683
567
-346
839
2720
2788
1544
1203
2399
3558
3187
2456
2718
3818
3831
2963
2740
3612
4299
3706
2835
2939
3546
3618
3149
2772
2836
2892
2588
2137
2073
2250
2345
1793
1038
814
1277
1603
974
7
-135
461
566
-116
-632
-302
-67
-545
-1185
-1018
-368
-390
-1093
-1541
-1280
-823
-921
-1306
-1539
-1469
-1371
-1486
-1476
-1587
-1663
-1745
-1963
-2086
-1923
-1745
-2234
-2678
-2739
-2733
-2807
-2449
-2280
-3198
-3953
-3628
-2719
-2145
-2728
-3973
-3568
-1931
-1222
-2112
-2737
-1792
-700
-552
-1115
-1011
133
1019
652
-94
324
1690
2165
1690
1230
1677
2593
2741
2413
2455
3075
3303
2828
2564
3026
3611
3458
2822
2721
3010
3051
2866
2703
2707
2610
2271
1923
1901
2118
2043
1601
1143
891
1090
1321
1033
444
93
289
379
81
-288
-173
0
-247
-730
-755
-370
-272
-688
-1062
-984
-669
-643
-901
-1094
-1088
-1031
-1191
-1239
-1258
-1271
-1515
-1796
-1953
-1828
-1825
-2129
-2437
-2696
-2801
-2988
-3265
-2709
-2274
-3505
-4432
-3818
-2540
-2066
-3233
-4519
-3692
-1800
-1404
-2728
-3263
-1936
-611
-775
-1635
-1188
334
1186
433
-516
352
2009
2293
1397
1025
1851
2862
2802
2245
2410
3262
3426
2833
2584
3165
3857
3443
2798
2923
3254
3258
2934
2706
2918
2949
2430
1928
1989
2314
2295
1680
964
852
1301
1438
862
134
102
486
361
-225
-505
-167
-36
-567
-1127
-1012
-387
-290
-889
-1328
-1162
-775
-803
-1096
-1279
-1178
-1071
-1246
-1436
-1396
-1297
-1468
-1744
-1852
-1912
-1775
-1837
-2347
-2553
-2491
-2668
-2876
-2363
-2117
-3203
-3983
-3418
-2482
-2031
-2837
-3973
-3377
-1828
-1276
-2289
-2768
-1896
-981
-809
-1135
-776
74
663
408
52
659
1619
1685
1323
1304
1792
2251
2250
2195
2435
2814
2633
2371
2612
3218
3318
2777
2423
2868
3173
2717
2278
2459
2915
2715
2005
1536
1950
2369
2052
1252
776
984
1306
1072
583
298
291
334
106
-197
-207
-33
-215
-654
-853
-525
-214
-360
-742
-827
-578
-492
-640
-740
-674
-668
-832
-962
-912
-803
-857
-1149
-1337
-1228
-1150
-1307
-1575
-1753
-1795
-2036
-2327
-2607
-2703
-2031
-2041
-3411
-4155
-3359
-2248
-2280
-3581
-4467
-3541
-2019
-1906
-3143
-3339
-2103
-1143
-1430
-2106
-1568
-234
389
-298
-984
-158
1315
1597
954
660
1502
2387
2414
2094
2324
3079
3279
2922
2745
3285
3846
3725
3277
3324
3510
3410
3275
3264
3336
3156
2659
2150
2265
2629
2485
1757
1124
1106
1405
1427
1004
456
298
474
440
53
-155
33
95
-295
-822
-664
-144
-16
-496
-967
-863
-437
-280
-513
-794
-862
-729
-671
-790
-931
-1033
-1055
-1131
-1433
-1629
-1605
-1600
-1832
-2253
-2512
-2578
-2778
-2969
-2549
-2362
-3431
-4237
-3865
-2851
-2297
-3126
-4525
-4185
-2395
-1797
-2753
-3365
-2563
-1359
-939
-1503
-1548
-484
568
419
-360
66
1406
2073
1654
1258
1747
2671
2977
2668
2649
3202
3505
3245
3138
3402
3881
3831
3347
3203
3510
3691
3149
2756
3104
3202
2688
2039
1953
2460
2618
1975
1133
1077
1489
1480
1012
576
539
609
463
157
-20
184
298
-66
-470
-459
-28
166
-253
-624
-592
-349
-311
-487
-530
-568
-700
-881
-931
-875
-943
-1100
-1388
-1554
-1523
-1644
-1875
-1973
-2137
-2474
-2942
-3081
-3091
-3023
-2646
-3063
-4286
-4509
-3530
-2671
-2883
-4123
-4614
-3432
-2035
-2124
-3146
-3066
-1793
-876
-1076
-1470
-832
400
951
412
130
1070
2226
2442
1966
1895
2618
3278
3261
3155
3413
3889
3817
3455
3558
3994
4208
3824
3423
3542
3875
3659
3101
3115
3314
3051
2347
1847
2066
2484
2249
1401
835
1043
1327
1116
625
313
328
307
101
-179
-176
9
-164
-588
-836
-576
-200
-275
-691
-975
-781
-511
-607
-776
-820
-820
-896
-901
-858
-955
-1016
-1115
-1295
-1384
-1488
-1691
-1788
-1880
-2111
-2515
-2655
-2724
-2933
-3178
-2859
-2560
-3453
-4266
-4004
-2963
-2314
-3000
-4227
-3932
-2297
-1490
-2288
-2898
-2101
-919
-531
-997
-869
296
1383
1219
487
922
2357
3120
2671
2182
2621
3573
3835
3474
3419
3926
4217
3776
3531
3897
4337
4059
3375
3204
3555
3545
3049
2688
2727
2786
2315
1676
1485
1877
1969
1298
468
311
699
800
372
-191
-342
-133
-198
-586
-783
-534
-410
-747
-1168
-1206
-776
-508
-766
-1148
-1164
-917
-783
-898
-1005
-1070
-1056
-975
-1039
-1065
-949
-1022
-1242
-1315
-1367
-1365
-1415
-1605
-1853
-1990
-2119
-2383
-2575
-2636
-2824
-2563
-2218
-3130
-4001
-3531
-2323
-1850
-2730
-3795
-3372
-1608
-693
-1692
-2518
-1469
-8
247
-378
-312
891
1940
1760
937
1226
2663
3284
2766
2279
2714
3488
3638
3444
3341
3731
3826
3422
3254
3480
3819
3511
3001
2949
3042
2759
2357
2236
2305
2035
1332
860
1089
1492
1285
542
-3
84
432
388
-68
-440
-506
-362
-443
-700
-740
-549
-542
-892
-1132
-970
-541
-454
-774
-1015
-934
-664
-477
-529
-647
-735
-772
-765
-661
-624
-852
-991
-835
-913
-1188
-1164
-1118
-1253
-1552
-1837
-2019
-2025
-1999
-2351
-2889
-2497
-1641
-2344
-3635
-3522
-2311
-1420
-1936
-3304
-3440
-1661
-303
-1010
-2100
-1437
33
611
27
-74
953
1978
1814
981
1208
2407
3120
2665
2239
2477
3080
3270
3060
2978
3205
3227
2819
2706
3031
3233
2892
2278
2236
2510
2319
1848
1647
1847
1805
1196
649
776
1206
1181
522
-3
-23
254
268
-12
-352
-509
-392
-388
-574
-638
-480
-446
-646
-852
-783
-410
-267
-418
-631
-653
-428
-296
-202
-240
-381
-468
-442
-292
-121
-283
-600
-591
-487
-621
-834
-825
-871
-1078
-1269
-1493
-1592
-1576
-1798
-2267
-2620
-2062
-1303
-2139
-3461
-3279
-1894
-968
-1731
-3288
-3249
-1358
-127
-1000
-2154
-1515
-62
465
-132
-366
550
1597
1579
788
820
2005
2779
2374
1761
1839
2552
2954
2726
2427
2565
2678
2503
2367
2558
2698
2385
1995
1943
2093
1971
1621
1484
1612
1496
1015
667
825
1142
1051
470
3
105
431
540
230
-144
-174
19
30
-115
-188
-105
5
-225
-451
-254
82
196
19
-215
-184
127
429
372
172
46
113
215
294
231
98
57
-68
-193
-348
-417
-502
-660
-805
-1059
-1325
-1327
-1272
-1594
-2058
-2322
-2349
-1782
-1636
-2687
-3418
-2935
-1874
-1507
-2373
-3301
-2685
-1225
-674
-1468
-1956
-1128
-39
229
-176
-93
765
1531
1334
753
1064
2113
2509
2078
1660
1887
2603
2736
2435
2325
2596
2629
2343
2370
2607
2717
2387
1997
1987
2265
2115
1673
1566
1718
1631
1194
785
852
1223
1215
674
240
412
760
783
445
182
231
413
389
153
51
212
302
79
-61
86
333
376
245
37
118
308
379
336
215
148
100
73
-5
-32
-68
-239
-399
-365
-436
-710
-740
-668
-1026
-1415
-1357
-1405
-1557
-1754
-2048
-2308
-2201
-2032
-1981
-1974
-2425
-2956
-2732
-1793
-1464
-2272
-3013
-2320
-1125
-725
-1344
-1844
-1208
-54
208
-384
-283
661
1244
873
348
690
1607
1974
1508
1185
1483
2139
2232
1970
1967
2166
2258
2138
2207
2397
2464
2219
2035
2166
2453
2298
1867
1857
2153
1993
1464
1188
1356
1687
1518
914
632
871
1179
1014
625
469
474
580
491
238
235
346
293
-1
-87
111
323
351
119
-60
-15
154
261
222
105
20
-126
-69
8
-104
-255
-311
-392
-540
-588
-543
-653
-831
-902
-1121
-1194
-1223
-1240
-1274
-1537
-1945
-2044
-1907
-1976
-1844
-1716
-2172
-2701
-2459
-1673
-1314
-1810
-2536
-2360
-1244
-600
-1071
-1581
-1111
-302
-204
-493
-244
472
923
690
374
765
1557
1897
1556
1421
1768
2160
2234
2152
2247
2504
2473
2114
2170
2572
2746
2401
2103
2307
2538
2185
1829
2030
2260
2076
1531
1194
1412
1791
1568
938
621
817
985
868
502
306
307
412
240
23
119
202
144
-196
-340
-156
115
78
-272
-342
-200
-62
-93
-122
-209
-376
-361
-325
-269
-289
-515
-563
-382
-452
-624
-730
-618
-660
-865
-982
-1054
-1078
-1069
-1143
-1430
-1493
-1357
-1436
-1884
-2084
-1660
-1222
-1502
-2344
-2686
-1922
-1101
-1312
-2385
-2802
-1795
-676
-864
-1732
-1651
-759
-188
-348
-601
-171
539
816
490
366
959
1582
1629
1288
1250
1633
2014
2058
2011
2051
2146
2082
2053
2271
2388
2227
1929
1914
2016
1776
1547
1650
1681
1406
1046
946
1138
1288
1085
598
335
466
643
630
385
133
80
159
192
24
-37
46
-41
-255
-314
-110
40
-14
-178
-281
-215
-78
-18
-30
-141
-334
-444
-230
-12
-67
-382
-630
-404
-279
-354
-556
-579
-450
-534
-754
-941
-699
-581
-852
-1201
-1252
-1098
-1041
-1328
-1738
-1821
-1782
-1552
-1427
-1684
-2207
-2506
-2065
-1318
-1202
-2001
-2591
-1835
-713
-564
-1193
-1505
-869
-165
-67
-256
-18
461
660
452
448
1012
1463
1424
1120
1129
1548
1826
1820
1733
1752
1666
1502
1569
1842
1967
1706
1335
1288
1380
1446
1433
1277
1021
764
757
836
917
906
732
511
335
356
517
637
493
118
-19
176
419
474
470
433
351
424
351
368
486
426
250
107
-28
-2
154
267
153
-169
-294
-137
-1
-162
-414
-480
-468
-403
-401
-570
-737
-623
-587
-955
-1095
-839
-706
-1028
-1473
-1581
-1346
-1078
-1234
-1880
-2037
-1618
-1549
-2027
-2207
-1791
-1778
-2430
-2771
-2335
-1680
-1547
-2327
-2779
-1945
-946
-1005
-1771
-1770
-971
-411
-519
-734
-391
269
454
125
75
638
1208
1159
841
781
1165
1554
1545
1503
1525
1523
1511
1563
1715
1828
1736
1478
1325
1478
1696
1580
1307
1223
1222
1223
1155
1088
1082
1096
972
742
727
909
955
771
476
416
501
632
602
384
244
259
284
218
148
30
76
116
-20
-204
-191
-89
-78
-257
-469
-474
-433
-485
-600
-676
-760
-908
-843
-747
-792
-931
-911
-832
-852
-1010
-1014
-952
-1067
-1117
-1046
-1149
-1182
-1086
-1215
-1336
-1388
-1377
-1567
-1709
-1696
-1843
-1892
-1603
-1787
-2255
-2225
-2035
-1886
-1875
-2007
-2306
-2081
-1456
-1351
-1560
-1522
-1239
-975
-685
-597
-450
-106
170
179
257
651
930
1009
1127
1199
1247
1501
1712
1849
1892
1815
1835
2019
2211
2258
1892
1665
1808
2015
1913
1555
1419
1497
1528
1384
1137
1006
1038
992
692
468
481
510
426
188
-29
-44
-55
-130
-297
-429
-436
-465
-472
-503
-645
-746
-745
-711
-704
-751
-755
-730
-715
-685
-603
-614
-599
-535
-519
-486
-480
-428
-293
-214
-304
-451
-323
-183
-134
-248
-304
-255
-387
-324
-216
-454
-658
-571
-552
-737
-851
-962
-971
-1174
-1410
-1529
-1727
-1783
-1860
-1996
-2132
-2199
-2297
-2415
-2260
-2044
-2165
-2368
-2233
-1885
-1738
-1666
-1485
-1370
-1192
-849
-638
-354
10
162
174
426
735
945
1165
1331
1481
1606
1759
1909
2025
2168
2183
2066
2093
2170
2150
1916
1749
1750
1613
1405
1192
1103
1045
998
705
444
458
494
280
89
-32
-249
-262
-256
-392
-509
-521
-602
-655
-647
-658
-682
-623
-553
-608
-527
-405
-253
-197
-205
-82
-11
61
207
335
353
338
389
496
543
489
464
470
535
513
485
366
284
334
225
135
103
-24
-272
-396
-257
-201
-611
-1003
-788
-536
-844
-1324
-1514
-1279
-1237
-1494
-1758
-1936
-1917
-1788
-1844
-2120
-2419
-2262
-1948
-2251
-2515
-2359
-2061
-1898
-1931
-2161
-2051
-1344
-1136
-1515
-1324
-646
-463
-469
-223
64
338
567
789
758
952
1278
1337
1432
1555
1649
1617
1786
1882
1748
1606
1667
1681
1540
1386
1259
1267
1231
1119
871
825
971
928
706
551
531
608
624
497
349
235
284
289
288
327
322
337
307
295
358
410
460
446
343
382
532
487
472
492
452
383
451
563
577
430
309
402
352
191
130
88
26
-17
-53
-254
-338
-167
-248
-559
-768
-588
-566
-747
-928
-943
-859
-924
-1036
-1132
-1195
-1231
-1271
-1325
-1338
-1384
-1430
-1466
-1465
-1485
-1546
-1591
-1621
-1622
-1516
-1650
-1879
-1789
-1454
-1510
-1801
-1854
-1536
-1212
-1260
-1517
-1532
-1003
-677
-1000
-989
-443
-202
-153
-37
164
415
657
773
751
885
1181
1326
1362
1384
1360
1395
1644
1734
1594
1420
1503
1563
1393
1225
1239
1336
1220
1043
951
940
1060
1086
846
576
556
601
531
429
382
295
206
210
205
165
190
105
-27
-17
85
98
121
107
-19
-51
100
181
143
154
92
36
146
244
211
134
111
105
41
-14
49
128
3
-153
-73
-3
-120
-255
-236
-288
-402
-276
-408
-568
-391
-355
-729
-723
-515
-665
-869
-802
-771
-978
-1000
-957
-1188
-1296
-999
-1083
-1472
-1348
-1152
-1227
-1339
-1356
-1284
-1287
-1340
-1387
-1189
-1072
-1309
-1292
-1108
-891
-768
-951
-901
-679
-392
-344
-422
-141
42
62
309
455
508
643
768
801
877
998
1076
1127
1145
1111
1023
1063
1187
1163
928
824
889
897
935
902
758
674
765
810
689
624
570
543
618
589
450
415
565
624
566
501
486
629
672
609
583
562
624
642
590
523
496
627
594
487
312
442
538
363
330
278
206
249
294
266
103
63
212
98
-16
3
-15
-137
-253
-280
-280
-260
-248
-328
-443
-341
-343
-592
-614
-390
-439
-841
-986
-812
-756
-883
-997
-999
-949
-972
-1022
-979
-924
-1082
-1279
-1119
-801
-941
-1181
-1136
-935
-857
-1037
-1152
-1053
-955
-913
-966
-1182
-1201
-871
-686
-847
-1001
-823
-480
-329
-388
-521
-254
71
14
10
214
359
458
538
541
654
849
982
907
927
1055
1099
1119
1167
1244
1181
1132
1171
1188
1121
1259
1188
986
1066
1106
1102
986
950
989
986
876
756
702
707
700
569
521
581
560
446
405
416
370
323
225
261
283
219
195
289
289
151
81
191
267
86
57
134
66
-112
-107
-37
-36
-184
-269
-143
-184
-175
-242
-352
-254
-173
-396
-559
-436
-346
-504
-724
-645
-509
-567
-755
-901
-726
-534
-684
-907
-777
-541
-554
-578
-562
-620
-527
-315
-363
-575
-520
-234
-241
-403
-499
-487
-354
-224
-391
-690
-657
-413
-306
-392
-587
-638
-506
-343
-384
-633
-631
-413
-269
-322
-501
-393
-130
-85
-234
-185
4
241
374
331
324
481
699
721
714
752
817
925
1026
938
965
1057
1088
1014
942
976
994
987
849
756
831
875
736
618
558
545
543
424
312
326
334
213
39
168
253
120
-30
88
187
91
-35
60
98
-12
44
144
192
99
149
156
147
199
223
171
131
319
308
132
65
221
259
74
24
79
138
132
79
-32
-35
77
102
-29
-48
90
-22
-81
-30
-114
-252
-127
-26
-174
-187
-153
-106
-52
-98
-330
-233
55
6
-348
-327
-99
-251
-280
-367
-507
-593
-502
-530
-740
-804
-716
-735
-898
-957
-958
-839
-921
-1203
-1214
-960
-890
-1013
-1094
-898
-643
-588
-696
-628
-271
-31
-45
24
226
510
755
666
584
777
1064
1079
1034
1051
1111
1200
1273
1194
1133
1178
1152
1066
963
931
946
913
785
649
593
651
553
372
324
276
192
124
67
59
110
-35
-74
0
14
-40
-8
86
108
126
116
114
183
243
206
152
164
248
245
221
344
252
231
321
308
298
303
186
120
223
200
153
82
97
81
23
50
-40
-174
-18
124
-106
-195
-95
-35
0
-18
-146
-160
46
125
-72
-154
-81
-95
-110
-72
-243
-381
-222
-90
-267
-443
-305
-195
-218
-280
-331
-342
-207
-164
-366
-475
-377
-345
-511
-605
-477
-438
-506
-515
-383
-352
-440
-485
-376
-189
-113
-184
-277
-168
11
126
23
6
47
198
255
235
222
202
256
277
293
238
259
249
210
174
74
105
229
315
121
23
134
268
281
131
172
295
305
275
328
388
425
396
435
497
482
483
515
634
625
519
520
542
521
488
530
537
496
483
484
431
385
412
452
413
311
374
367
343
411
365
359
421
416
387
317
339
285
237
295
312
336
243
325
352
252
320
314
224
305
419
307
105
261
318
130
78
111
153
92
7
-40
-13
-75
-118
-93
-133
-108
-232
-254
-237
-345
-323
-295
-403
-548
-465
-459
-485
-653
-737
-596
-701
-779
-787
-914
-902
-855
-892
-1038
-915
-757
-987
-1179
-1098
-897
-889
-963
-1019
-1070
-751
-551
-697
-619
-482
-375
-253
-57
62
69
140
266
369
451
518
555
673
748
713
656
753
917
913
922
943
915
942
971
917
842
830
791
819
766
681
619
574
632
614
573
518
525
611
620
568
472
496
577
612
508
307
399
489
497
372
325
357
440
412
292
282
304
377
309
233
216
334
263
269
276
207
390
436
376
368
446
370
316
369
408
223
224
338
138
-15
185
228
4
-33
36
94
167
-97
-302
25
137
-262
-532
-412
-268
-379
-549
-691
-753
-415
-305
-674
-856
-646
-458
-513
-665
-818
-767
-444
-414
-755
-784
-500
-436
-590
-620
-657
-556
-307
-275
-554
-666
-371
1
39
-257
-364
-82
312
251
-86
-62
194
327
181
112
225
301
287
186
159
352
458
351
343
376
351
366
483
537
525
472
466
546
590
593
559
496
562
647
675
703
717
696
705
776
814
701
672
816
834
798
783
735
786
881
892
652
552
728
801
685
573
547
566
582
554
422
358
429
421
297
192
153
262
352
265
91
147
271
273
239
252
186
109
280
220
-12
24
175
47
-32
159
44
-28
119
68
-227
-143
69
-158
-266
-132
-215
-349
-224
-254
-480
-480
-361
-531
-633
-485
-495
-643
-532
-492
-589
-500
-459
-508
-500
-445
-434
-447
-432
-395
-425
-430
-421
-501
-505
-441
-495
-504
-354
-371
-572
-565
-254
-174
-308
-461
-402
-105
15
-163
-271
-20
174
138
33
149
283
333
372
363
407
503
627
565
531
694
727
710
753
842
865
804
850
881
863
831
828
758
781
833
747
668
618
641
577
510
448
429
449
421
407
342
297
386
351
231
178
157
168
181
158
87
114
77
75
57
94
112
98
114
135
209
191
203
273
304
249
220
303
280
186
238
376
365
286
265
319
441
359
278
356
425
280
111
103
230
218
65
-95
-97
36
122
-166
-259
-54
-30
-144
-240
-257
-219
-120
-159
-429
-495
-257
-206
-379
-528
-525
-479
-359
-387
-613
-611
-388
-345
-525
-688
-620
-431
-348
-436
-611
-517
-167
-94
-415
-532
-189
34
-27
-223
-268
2
294
261
19
33
221
362
370
297
225
291
476
557
455
375
376
491
567
441
336
405
493
417
276
253
334
393
316
262
222
172
264
290
293
344
286
292
393
398
439
487
518
499
512
584
635
645
567
608
692
652
606
647
730
692
636
606
591
712
726
657
587
664
703
667
626
561
507
533
476
323
292
311
236
134
107
55
32
88
19
-130
-126
-111
-173
-193
-253
-364
-383
-263
-246
-400
-399
-283
-306
-361
-348
-381
-419
-312
-305
-499
-443
-316
-369
-424
-352
-433
-497
-303
-269
-442
-477
-381
-431
-526
-489
-446
-519
-555
-517
-600
-612
-589
-635
-678
-637
-605
-664
-680
-700
-719
-610
-507
-586
-651
-523
-258
-257
-334
-315
-155
-84
-135
-132
46
148
113
114
187
351
406
466
539
592
589
620
748
770
737
687
738
830
849
859
912
887
846
786
756
774
702
627
652
634
610
575
597
565
548
534
512
500
434
466
471
470
426
439
424
501
495
397
377
410
448
411
397
347
314
294
307
281
216
235
237
209
229
176
121
134
184
176
66
51
68
89
97
29
31
-17
-8
-4
-110
-59
-38
-97
-141
-104
-84
-162
-173
-151
-195
-236
-152
-145
-182
-208
-253
-342
-286
-295
-518
-555
-474
-491
-677
-699
-693
-767
-801
-772
-734
-742
-690
-756
-811
-681
-601
-691
-720
-664
-541
-480
-542
-598
-501
-314
-330
-369
-361
-203
-40
35
32
23
132
313
355
367
394
433
553
559
554
527
556
635
604
539
498
535
614
577
529
530
501
517
482
439
438
381
326
310
325
276
240
303
227
159
137
207
221
180
172
129
99
110
190
206
160
217
170
285
286
216
198
183
237
261
280
283
316
307
307
298
264
330
341
258
167
183
217
256
214
145
131
94
87
72
109
100
36
-19
-43
-37
-68
-116
-153
-198
-264
-309
-290
-319
-401
-406
-445
-417
-454
-478
-467
-467
-449
-470
-442
-428
-477
-478
-525
-506
-472
-471
-404
-425
-451
-422
-417
-456
-475
-469
-454
-463
-541
-563
-479
-440
-507
-510
-417
-396
-413
-385
-362
-332
-309
-301
-307
-256
-177
-212
-141
-78
-66
-44
113
201
216
197
282
377
376
434
424
503
494
531
469
454
476
476
455
413
393
363
395
388
377
297
375
359
253
232
238
212
128
68
97
136
145
85
46
92
86
24
19
85
42
50
107
148
157
176
225
177
149
148
172
155
115
105
108
141
218
269
288
266
238
230
246
238
228
147
127
156
111
127
55
69
69
49
14
5
12
-9
-4
13
-65
-111
-52
-119
-150
-163
-161
-171
-208
-293
-348
-364
-413
-465
-477
-546
-533
-553
-565
-501
-559
-582
-612
-603
-587
-629
-698
-693
-693
-708
-760
-774
-754
-776
-785
-735
-690
-649
-600
-535
-513
-492
-405
-313
-271
-286
-239
-184
-118
-47
-27
14
89
134
171
238
281
354
393
458
514
484
481
504
539
536
497
535
570
528
527
455
485
452
440
442
395
343
343
385
314
218
151
205
175
175
60
-3
0
-48
-34
-96
-32
-23
-6
-1
12
49
87
78
70
102
89
116
107
162
147
111
99
93
69
69
99
98
82
125
187
143
119
164
101
115
150
49
20
-27
-81
-88
-135
-210
-259
-263
-255
-333
-359
-331
-327
-362
-413
-420
-387
-389
-404
-419
-410
-420
-423
-391
-317
-330
-350
-355
-406
-366
-376
-379
-353
-332
-366
-402
-386
-424
-430
-426
-452
-417
-377
-387
-376
-380
-375
-335
-328
-352
-344
-294
-294
-252
-206
-168
-132
-131
-142
-15
110
180
237
238
282
304
358
352
324
301
305
305
266
282
321
308
278
246
203
176
167
166
147
141
125
139
122
131
187
130
41
2
31
62
70
42
72
62
125
191
143
126
108
125
161
235
190
170
200
225
241
229
293
238
258
279
282
259
234
212
220
205
147
134
160
167
89
55
87
79
29
20
-40
-117
-94
-159
-174
-194
-275
-271
-272
-280
-336
-335
-320
-338
-361
-386
-357
-391
-397
-353
-387
-364
-330
-320
-325
-340
-374
-386
-412
-457
-471
-441
-454
-471
-442
-435
-455
-468
-474
-443
-435
-490
-521
-534
-577
-572
-555
-587
-590
-574
-570
-545
-499
-470
-445
-398
-358
-320
-270
-277
-241
-178
-140
-80
-82
-89
-22
82
100
101
128
128
153
197
201
249
291
329
300
308
339
345
309
304
316
290
295
272
313
312
275
273
237
241
258
277
219
159
189
182
204
222
197
169
157
168
169
128
148
112
75
47
36
35
22
-22
-72
-58
-67
-74
-81
-104
-91
-91
-98
-73
-91
-78
-134
-144
-128
-149
-146
-137
-128
-184
-218
-220
-253
-237
-220
-220
-244
-234
-196
-194
-213
-242
-260
-258
-255
-283
-256
-257
-264
-249
-291
-291
-340
-358
-365
-345
-343
-356
-386
-378
-381
-424
-438
-468
-453
-480
-489
-496
-457
-474
-467
-488
-482
-480
-457
-376
-357
-365
-355
-304
-271
-322
-320
-261
-261
-222
-181
-156
-67
-50
24
107
130
196
221
285
317
405
440
413
436
436
444
473
490
497
548
553
505
535
549
524
489
505
410
342
355
348
336
293
276
241
190
178
190
137
112
62
6
-11
5
52
-11
-5
-39
-20
-23
-33
-20
-46
-46
-120
-123
-152
-153
-163
-186
-270
-280
-233
-286
-287
-325
-351
-397
-402
-387
-451
-468
-454
-416
-411
-416
-423
-399
-391
-363
-376
-430
-485
-452
-401
-418
-389
-378
-341
-382
-371
-303
-314
-307
-272
-278
-281
-312
-287
-277
-291
-290
-258
-259
-230
-187
-212
-225
-183
-188
-244
-235
-211
-216
-198
-170
-177
-157
-133
-81
-88
-41
-37
5
32
39
23
4
117
100
90
159
216
235
262
229
290
313
331
374
371
352
334
375
386
374
382
366
316
356
325
316
336
309
310
326
287
245
244
245
184
126
117
147
133
119
124
102
105
76
78
67
43
27
11
27
-30
-27
-9
-2
-41
-66
-58
-37
-26
-28
-69
-83
-58
-127
-145
-194
-115
-132
-139
-139
-180
-127
-154
-103
-136
-153
-152
-185
-161
-222
-203
-233
-253
-252
-282
-255
-265
-279
-223
-187
-184
-174
-187
-221
-189
-128
-169
-131
-162
-150
-148
-139
-125
-163
-176
-142
-87
-82
-106
-126
-82
-60
-54
-37
-70
-77
-93
-37
2
33
24
-26
10
28
25
7
13
-5
-9
-44
38
70
39
88
66
81
73
101
142
74
147
170
160
160
107
163
163
157
197
215
251
255
266
272
278
334
332
345
308
346
339
346
364
352
392
446
378
313
339
319
300
247
246
285
280
231
202
119
78
94
59
12
-4
-21
-59
-80
-87
-116
-146
-114
-147
-163
-211
-214
-190
-216
-224
-242
-270
-260
-208
-222
-215
-234
-263
-228
-230
-237
-211
-198
-195
-204
-218
-213
-186
-195
-169
-180
-132
-109
-98
-78
-76
-74
-86
-16
-1
9
-22
-22
-6
-13
-33
-29
-54
-88
-50
-111
-76
-53
-66
-62
-49
-25
7
-10
15
47
36
82
76
39
37
41
35
106
118
86
123
147
181
195
200
221
266
257
287
302
265
226
197
193
161
161
108
120
134
85
108
136
125
122
138
109
97
120
40
39
70
59
50
84
93
53
90
99
104
103
147
112
100
88
9
33
-5
-5
13
-44
-46
-93
-97
-117
-141
-159
-187
-146
-204
-226
-192
-197
-239
-249
-235
-255
-312
-321
-345
-365
-367
-346
-352
-336
-349
-326
-275
-246
-203
-230
-172
-156
-85
-63
-54
-5
-2
-45
-86
-63
-52
-36
-61
-72
-65
-46
-15
-45
-39
-46
7
14
23
60
30
5
18
13
9
-9
-6
28
19
-53
-45
-71
-71
-100
-70
-17
-19
24
47
106
57
118
126
124
98
64
104
85
81
115
112
83
108
131
52
73
79
54
7
-14
0
-30
-60
-81
-63
-130
-111
-110
-134
-190
-196
-194
-220
-224
-230
-205
-214
-236
-217
-223
-237
-201
-190
-203
-184
-145
-139
-110
-120
-120
-92
-65
-53
-49
-38
-29
-25
-9
21
20
49
121
131
125
157
120
90
72
89
26
46
63
55
61
29
40
59
62
85
37
-36
-11
-36
-72
-112
-136
-86
-72
-77
-105
-83
-83
-108
-126
-119
-137
-160
-195
-188
-148
-144
-139
-96
-114
-100
-92
-120
-64
-114
-155
-141
-113
-79
-56
-46
-38
-40
-17
18
20
10
36
55
47
61
41
98
76
4
-26
-87
-49
-31
-32
-45
-94
-82
-121
-145
-168
-229
-247
-295
-302
-299
-323
-334
-313
-322
-347
-332
-364
-352
-363
-377
-357
-353
-347
-296
-292
-249
-279
-263
-221
-223
-159
-148
-139
-108
-90
-110
-87
-63
-43
-4
-19
-31
-6
0
9
0
7
39
16
37
-6
-51
-58
-22
-77
-71
-20
-66
-76
-41
-33
-56
-97
-69
-34
-40
-62
-94
-94
-68
-61
-78
-66
-91
-125
-92
-129
-178
-187
-210
-208
-219
-172
-189
-140
-142
-161
-178
-182
-189
-197
-170
-226
-196
-195
-182
-179
-168
-146
-170
-169
-96
-86
-81
-75
-120
-110
-128
-104
-71
-69
-91
-79
-103
-138
-138
-131
-120
-128
-123
-61
-66
-41
-58
-52
-53
-107
-80
-57
-49
-94
-66
-84
-177
-146
-180
-163
-157
-154
-133
-147
-118
-101
-103
-111
-125
-125
-142
-140
-143
-118
-85
-93
-94
-93
-61
-104
-70
-69
-53
-9
8
-61
-60
-60
-78
-63
-76
-64
-113
-160
-130
-133
-74
-71
-91
-77
-106
-81
-90
-54
-90
-83
-73
-59
-95
-126
-98
-95
-94
-57
-38
-71
-35
-22
-39
-33
-43
-23
36
43
42
46
55
33
-5
-11
-49
-77
-85
-121
-104
-100
-102
-80
-68
-35
-51
-47
-15
-40
-89
-143
-120
-98
-174
-175
-174
-195
-216
-202
-222
-252
-213
-218
-224
-245
-244
-228
-180
-138
-120
-143
-138
-100
-99
-94
-90
-119
-55
-15
-56
-1
30
44
50
87
91
39
60
71
39
66
32
-12
-30
-19
8
20
-55
-28
5
-75
-84
-104
-128
-163
-192
-251
-238
-250
-288
-290
-260
-300
-318
-303
-354
-315
-266
-270
-298
-285
-263
-223
-184
-210
-194
-157
-87
-54
24
-23
-69
-13
-35
36
46
35
12
-9
-10
5
62
40
48
87
92
84
96
102
76
36
-49
-86
-58
-29
-37
-87
-110
-169
-181
-204
-202
-174
-204
-234
-241
-234
-205
-139
-164
-168
-152
-168
-159
-172
-146
-141
-151
-139
-124
-80
-69
-37
6
-3
56
73
130
132
145
171
110
144
187
211
173
178
141
122
151
142
148
141
111
79
65
53
32
16
19
-41
-92
-146
-216
-213
-207
-200
-166
-184
-143
-139
-147
-116
-62
-65
-60
-3
9
24
18
47
49
50
21
27
-3
-34
-76
-97
-93
-42
-9
-53
-32
-42
-71
-98
-105
-150
-164
-170
-152
-182
-177
-161
-173
-186
-222
-179
-173
-144
-81
-64
-80
-106
-154
-125
-137
-164
-114
-142
-146
-133
-104
-113
-106
-111
-133
-136
-151
-90
-97
-120
-112
-94
-69
-81
-118
-55
-79
-42
-45
-74
-61
-45
-37
-65
-74
-149
-176
-204
-232
-239
-274
-262
-261
-225
-209
-285
-248
-218
-213
-232
-188
-170
-172
-146
-174
-182
-169
-175
-173
-148
-147
-97
-99
-84
-22
-43
4
52
51
78
63
44
33
-14
-21
-20
-36
-14
-24
-47
-61
-48
-77
-111
-107
-119
-94
-64
-97
-169
-184
-167
-145
-160
-176
-188
-179
-177
-207
-205
-200
-194
-163
-210
-195
-178
-142
-115
-126
-122
-166
-180
-184
-196
-203
-164
-123
-116
-84
-52
-82
-92
-49
-101
-138
-130
-124
-145
-140
-151
-174
-160
-172
-198
-201
-211
-210
-206
-194
-186
-218
-175
-151
-173
-190
-156
-161
-174
-146
-113
-119
-171
-141
-83
-89
-61
-72
-113
-107
-70
-95
-92
-136
-156
-126
-125
-125
-145
-117
-94
-108
-109
-79
-83
-45
-2
-24
70
62
8
31
20
23
19
-5
-19
-26
-14
-7
-21
-8
-44
-69
-74
-129
-142
-166
-151
-173
-162
-163
-160
-143
-119
-82
-127
-93
-106
-141
-141
-159
-128
-159
-112
-86
-130
-117
-122
-146
-140
-132
-151
-137
-109
-132
-91
-45
-59
-51
-48
1
-33
0
-6
-53
-57
-73
-104
-127
-137
-112
-91
-105
-112
-93
-102
-119
-82
-118
-127
-152
-160
-213
-244
-255
-268
-276
-275
-274
-293
-292
-292
-272
-271
-260
-193
-215
-214
-153
-187
-190
-118
-144
-180
-170
-161
-134
-134
-129
-47
-26
-15
18
-7
-6
-8
7
1
-17
-50
-48
-82
-106
-81
-76
-114
-80
-34
-69
-87
-110
-82
-134
-158
-162
-171
-177
-153
-146
-148
-117
-114
-113
-123
-132
-101
-118
-130
-117
-100
-53
-25
2
16
-25
-66
-79
-61
-85
-81
-91
-53
-6
1
11
35
90
79
57
54
29
57
43
-33
-3
-39
-30
-75
-114
-117
-163
-195
-226
-232
-232
-220
-249
-243
-262
-293
-258
-245
-294
-313
-308
-301
-318
-327
-267
-239
-275
-216
-175
-211
-182
-185
-172
-148
-176
-161
-162
-161
-119
-120
-110
-75
-79
-87
-78
-48
-53
-42
15
-4
0
8
-15
-26
-97
-133
-163
-185
-164
-187
-171
-187
-189
-173
-150
-104
-117
-136
-126
-146
-99
-98
-25
2
-44
2
18
35
26
2
0
-39
-68
-47
-61
-44
-63
-60
-54
-54
-47
-92
-43
-66
-61
-70
-69
-94
-151
-160
-161
-138
-165
-178
-195
-202
-205
-170
-160
-163
-100
-129
-120
-124
-171
-124
-118
-101
-106
-108
-111
-135
-107
-159
-174
-116
-88
-90
-60
-64
-115
-121
-140
-127
-82
-119
-126
-111
-156
-168
-180
-149
-152
-117
-108
-107
-77
-63
-27
-8
20
6
1
35
57
29
9
25
47
25
-7
-54
-54
-62
-116
-151
-169
-168
-210
-202
-197
-171
-181
-201
-158
-213
-194
-236
-255
-226
-305
-312
-346
-361
-378
-364
-358
-334
-282
-347
-283
-279
-297
-246
-252
-194
-157
-128
-96
-89
-115
-87
-51
-75
-56
-82
-120
-81
-97
-151
-171
-190
-178
-184
-162
-165
-173
-147
-135
-171
-161
-184
-155
-122
-163
-195
-164
-149
-123
-89
-71
-81
-75
-60
-7
8
-16
7
-50
-71
-99
-89
-22
-80
-47
-17
-49
-40
-6
-10
22
9
-7
36
43
99
119
117
93
110
58
38
17
5
-23
-1
-25
-6
-17
43
30
9
-9
-10
-64
-109
-92
-89
-64
-141
-107
-135
-125
-154
-133
-140
-129
-91
-100
-103
-116
-110
-111
-76
-100
-98
-99
-68
-54
-38
-43
-24
6
-29
-73
-99
-73
-113
-86
-70
-107
-89
-101
-114
-128
-110
-138
-131
-113
-123
-91
-92
-143
-126
-141
-121
-105
-114
-115
-152
-81
-117
-135
-143
-130
-140
-85
-74
-101
-106
-143
-88
-86
-62
-71
-18
-44
-79
-80
-75
-65
-34
-63
-88
-48
-39
-7
12
1
1
68
36
44
35
42
-7
7
-16
-52
-22
-14
-13
-4
-1
-69
-79
-99
-74
-54
-31
-19
-61
-47
-11
-40
-77
-105
-96
-114
-139
-189
-138
-141
-143
-101
-111
-84
-95
-77
-90
-69
-34
-56
-47
-82
-92
-24
-2
-17
-55
-42
-19
-20
-69
-99
-100
-73
-47
-40
-33
-53
-92
-96
-136
-156
-141
-171
-222
-234
-270
-219
-188
-254
-234
-195
-177
-235
-205
-180
-226
-245
-261
-239
-235
-258
-196
-214
-199
-195
-194
-218
-211
-184
-220
-181
-152
-118
-113
-82
-77
-88
-81
-70
-83
-109
-109
-143
-119
-75
-89
-42
-45
-17
38
54
61
61
94
62
67
27
-24
50
33
35
69
21
6
5
11
-37
-8
35
11
-27
-28
-29
-42
-35
-83
-107
-99
-149
-202
-172
-213
-223
-237
-203
-188
-223
-193
-180
-197
-213
-229
-186
-185
-211
-202
-163
-152
-173
-171
-167
-188
-222
-195
-190
-232
-188
-150
-137
-131
-136
-167
-147
-168
-170
-137
-230
-215
-175
-224
-236
-202
-262
-262
-268
-306
-315
-334
-340
-342
-350
-356
-322
-337
-343
-341
-368
-363
-390
-376
-337
-360
-355
-373
-358
-317
-319
-280
-303
-282
-249
-238
-254
-276
-195
-225
-221
-214
-203
-178
-188
-187
-225
-237
-207
-182
-158
-168
-175
-96
-81
-106
-113
-91
-105
-110
-142
-138
-158
-167
-177
-196
-144
-152
-124
-98
-122
-149
-119
-119
-130
-145
-125
-131
-147
-146
-171
-117
-142
-167
-124
-92
-140
-170
-150
-149
-175
-155
-108
-184
-174
-218
-287
-246
-270
-260
-254
-196
-190
-149
-158
-192
-197
-165
-142
-159
-131
-140
-135
-178
-176
-192
-180
-150
-152
-137
-195
-143
-165
-162
-137
-108
-114
-144
-123
-134
-138
-172
-163
-169
-221
-229
-263
-276
-273
-278
-311
-280
-258
-222
-196
-202
-177
-145
-152
-112
-95
-128
-96
-65
-61
-72
10
16
-27
-15
-32
-42
-24
-34
-31
-5
-22
-46
-20
-5
-69
-77
-75
-104
-113
-124
-70
-72
-55
-44
-44
-35
-97
-76
-71
-107
-129
-107
-125
-157
-165
-162
-186
-186
-189
-205
-190
-194
-166
-163
-137
-142
-210
-211
-204
-153
-165
-201
-167
-148
-152
-146
-159
-159
-180
-151
-129
-121
-122
-105
-150
-170
-168
-174
-225
-226
-210
-176
-160
-190
-158
-148
-97
-106
-105
-89
-106
-114
-166
-122
-96
-84
-129
-162
-114
-152
-184
-201
-194
-177
-176
-170
-186
-170
-117
-144
-134
-127
-134
-107
-149
-119
-114
-86
-83
-67
-11
-29
-77
-26
8
35
33
39
85
139
171
127
135
153
151
103
71
36
32
67
84
84
45
65
77
73
92
111
60
103
113
90
116
102
100
108
63
27
73
97
103
65
64
67
16
53
57
45
97
119
112
144
181
196
181
169
196
176
144
161
185
183
227
227
261
231
216
233
217
195
229
239
222
200
172
200
212
209
125
72
52
34
7
22
23
55
51
57
48
-2
-12
-58
-50
-38
-22
22
37
85
116
100
160
161
126
149
184
249
267
267
276
320
377
450
475
479
413
417
397
342
341
294
345
332
296
301
299
286
317
306
242
233
182
145
145
105
86
72
87
117
71
45
25
-33
-26
-38
-103
-106
-88
-55
-52
-47
-38
-16
11
22
23
-24
-38
23
16
21
59
92
131
70
55
61
63
28
40
59
81
100
123
115
130
154
153
166
189
178
158
181
177
213
155
182
203
164
192
196
225
231
240
202
253
289
259
281
261
251
257
237
267
276
278
295
323
303
326
260
253
307
257
249
274
322
370
398
386
427
484
522
459
454
504
530
512
481
534
526
540
534
546
493
458
499
488
435
469
473
509
495
453
476
503
544
504
507
548
556
533
537
583
569
591
579
550
585
569
536
583
545
560
581
558
626
605
559
597
603
606
652
630
638
625
583
599
564
579
570
572
585
626
607
604
676
713
751
759
766
792
772
788
805
768
765
708
744
799
815
855
885
850
819
827
812
808
718
745
754
780
724
691
681
635
602
533
518
469
469
436
442
436
447
453
472
410
406
389
342
326
305
335
281
291
315
363
366
362
395
427
513
540
605
646
677
700
674
613
632
676
637
659
696
656
698
680
688
677
655
674
634
626
585
562
526
491
430
416
348
335
336
349
325
265
286
289
249
224
226
267
243
251
286
299
308
287
332
344
361
379
369
391
395
432
438
446
458
477
434
422
480
448
403
392
382
356
332
294
242
232
210
207
198
149
125
140
146
116
72
82
61
37
54
-16
-54
-44
-10
-41
6
24
30
35
65
103
126
143
125
174
190
246
255
301
325
313
306
304
284
335
316
317
341
289
354
345
316
377
365
363
336
279
254
231
232
236
215
194
132
130
104
86
104
52
56
37
17
0
-34
16
17
12
24
43
27
-6
6
2
-26
-33
22
30
44
67
62
70
96
108
117
122
70
87
56
24
0
-5
17
48
77
46
19
-5
2
15
-20
-8
-37
-50
-81
-81
-70
-72
-64
-47
-2
-19
-6
-10
-14
-1
-11
12
93
95
134
200
173
142
169
99
116
117
70
140
110
103
117
124
159
145
104
148
103
81
88
73
58
77
92
70
72
83
94
97
60
59
54
26
33
29
77
54
-1
30
35
17
66
14
44
71
63
63
84
77
66
33
69
54
29
84
1
15
11
-17
-8
-10
27
51
43
26
65
36
-13
-41
-60
-36
-37
-46
-32
-59
-84
-83
-51
-38
-8
35
25
52
72
92
66
85
60
58
51
40
82
127
112
146
161
127
123
103
128
145
134
139
149
168
123
166
167
162
140
101
68
67
14
-6
-28
-66
-52
-53
-28
-39
-33
-65
-91
-18
5
-1
-44
-64
-19
-17
-5
67
78
15
39
58
41
25
79
48
42
8
51
49
49
115
101
110
92
63
44
56
43
15
-20
-38
-53
-23
-42
-119
-94
-82
-88
-84
-36
-51
-49
-44
-88
-142
-160
-146
-162
-131
-137
-104
-128
-160
-164
-188
-203
-167
-164
-167
-121
-146
-111
-73
-46
-56
-51
-71
-79
16
-53
-84
-11
-35
-60
-46
-102
-48
-86
-92
-21
-130
-83
-107
-109
-81
-135
-121
-111
-108
-138
-139
-165
-224
-237
-266
-241
-298
-303
-297
-337
-268
-252
-249
-299
-287
-236
-218
-184
-142
-133
-112
-116
-95
-86
-91
-113
-127
-89
-109
-80
-80
-47
-29
-20
-55
7
3
27
10
-33
-8
-45
-31
-43
-91
-139
-194
-205
-223
-252
-277
-267
-283
-267
-293
-288
-276
-295
-283
-324
-299
-294
-312
-317
-307
-282
-277
-259
-238
-249
-256
-231
-245
-186
-148
-116
-91
-75
-26
16
19
8
13
-11
22
60
31
0
-19
-7
8
-62
-73
-78
-69
-52
-121
-43
-74
-109
-89
-150
-82
-88
-31
-83
-82
-90
-140
-128
-133
-110
-143
-194
-208
-225
-233
-208
-167
-132
-120
-49
-40
-8
-6
7
-22
-27
23
17
28
34
19
27
-48
-14
36
16
102
99
73
157
183
152
189
179
164
148
130
133
122
120
86
112
117
108
100
54
60
61
73
48
18
-5
22
-7
-8
-9
6
-15
-11
37
14
35
70
96
144
99
97
151
126
167
158
154
229
203
191
219
174
206
196
177
117
124
134
100
111
103
82
34
74
112
99
72
102
143
128
111
104
86
92
70
39
70
67
38
26
0
-1
19
15
-18
21
43
-2
67
8
-7
7
40
-29
-5
-1
-33
-5
-30
-23
10
38
39
70
5
17
35
71
90
98
96
113
151
139
153
147
131
76
146
107
117
120
89
125
126
125
104
135
153
135
101
55
23
87
28
16
2
24
10
-15
8
26
42
76
90
106
94
33
65
41
-55
-28
-1
-19
-48
-26
-31
8
36
49
43
50
107
124
152
154
157
159
166
202
272
271
250
288
307
272
225
239
208
143
140
98
141
139
161
167
185
199
206
253
241
177
153
143
150
116
117
125
148
150
170
188
176
188
189
219
259
265
295
290
270
306
320
337
304
237
237
252
259
300
292
278
284
292
303
287
316
308
319
351
304
287
259
281
251
210
208
192
168
143
174
212
184
188
191
164
202
237
236
226
224
270
248
260
269
255
277
247
250
229
193
240
191
197
238
258
296
291
310
380
353
347
385
345
321
288
294
247
281
269
225
202
171
195
172
228
266
233
229
317
340
317
325
269
204
186
226
246
237
246
276
252
205
224
185
203
194
196
198
218
194
182
238
234
251
213
232
215
222
208
205
215
210
248
218
270
248
263
263
241
293
294
309
298
276
257
233
232
276
234
215
242
205
179
200
184
194
198
190
192
184
213
184
214
204
221
200
161
186
173
186
257
307
269
308
337
305
288
316
332
331
334
316
347
355
341
326
308
241
204
210
129
128
94
97
84
40
34
26
59
36
51
57
79
76
93
92
99
80
80
101
102
117
160
179
153
195
194
208
221
275
219
226
297
247
313
306
305
348
295
268
282
271
278
269
237
216
231
208
210
243
228
200
195
199
221
199
174
156
214
236
164
178
156
189
201
228
256
220
270
333
296
259
243
223
204
157
197
208
197
232
199
213
237
264
219
201
217
222
213
246
192
142
122
80
130
109
117
112
120
167
152
123
126
142
104
135
174
176
161
189
193
222
245
235
217
242
279
269
232
226
202
214
218
211
185
170
154
126
178
117
103
123
117
123
122
94
117
89
91
118
132
128
120
172
184
184
193
169
181
226
261
278
293
290
299
301
286
286
295
282
275
279
301
305
341
337
304
316
264
231
179
168
165
106
111
111
145
121
112
116
105
134
123
108
135
141
113
53
51
117
103
99
146
98
88
100
91
99
92
115
100
157
168
165
177
186
163
154
195
208
222
247
274
326
346
338
308
337
310
297
270
225
238
226
241
231
262
261
207
216
230
289
328
323
262
272
282
245
290
185
155
115
69
56
6
51
70
40
97
99
135
171
172
216
241
297
295
287
275
290
282
236
185
209
240
258
270
253
279
262
269
263
240
244
275
274
284
246
283
276
282
251
252
233
231
234
158
161
136
159
187
200
202
256
251
311
357
316
321
292
278
249
205
218
222
241
323
325
337
398
388
385
348
317
343
346
333
284
311
313
290
304
325
288
237
303
290
314
337
335
329
365
329
274
304
343
354
320
338
298
283
310
299
242
262
311
305
302
300
322
289
321
328
333
283
266
266
284
288
286
317
311
313
313
292
254
231
231
234
243
274
268
263
303
291
281
322
326
375
373
387
393
390
389
374
387
369
376
391
366
380
343
338
352
375
413
414
405
436
406
392
366
360
351
290
287
276
240
240
296
297
303
270
305
290
256
271
287
278
242
297
276
288
267
240
265
276
264
255
222
226
231
234
240
202
237
244
207
200
189
190
267
295
232
256
272
210
196
188
188
207
182
204
262
281
280
294
338
367
365
351
336
300
284
281
242
230
197
200
180
219
204
168
165
165
131
126
142
158
206
244
242
257
268
251
224
188
189
200
239
219
176
214
235
225
289
303
324
300
347
353
379
409
354
412
354
356
345
299
257
256
265
229
198
219
175
170
168
114
99
116
81
96
106
49
86
30
14
93
63
14
60
51
34
47
52
63
113
170
139
160
182
217
222
197
171
166
155
80
170
217
167
112
107
171
151
142
189
183
167
114
99
98
105
26
13
9
7
44
5
-11
-4
7
-1
-5
-29
11
36
42
95
148
139
149
156
176
197
200
192
176
182
182
210
186
205
230
245
264
256
209
221
249
197
196
212
160
79
80
29
52
46
-24
-40
-43
-10
-12
-32
-53
-60
-81
-30
-33
-39
-47
-47
-36
-32
9
-44
-43
-66
-75
-77
-118
-84
-30
-34
-36
6
-11
9
26
64
16
-17
-7
-11
-21
26
40
-17
-27
-73
-78
-63
-61
-17
-51
-120
-70
-30
-66
-31
-64
-82
-61
-75
-54
-38
12
-23
-47
-55
-46
-34
-29
-31
-22
-24
-13
52
30
36
28
50
64
48
85
50
82
110
86
115
102
101
107
95
93
80
84
45
120
124
100
109
141
115
51
86
52
34
3
-52
-37
-44
-8
-9
-34
-13
-9
5
19
12
-2
28
-14
10
39
13
-1
-8
10
-5
-14
-30
-22
-30
-41
-11
-24
-1
-10
8
-4
-10
-31
15
-44
-82
-120
-137
-106
-152
-176
-173
-126
-106
-70
-78
-59
-34
-18
-4
26
-31
-42
-17
-47
-31
-65
-18
6
-26
-7
-37
-27
-18
-54
-9
-6
29
38
130
96
53
45
38
19
-32
-39
-58
-102
-82
-60
-63
-56
-69
-101
-186
-155
-113
-175
-158
-159
-209
-190
-175
-141
-126
-148
-150
-157
-187
-186
-261
-219
-263
-308
-327
-313
-273
-332
-291
-268
-246
-241
-198
-162
-139
-151
-179
-155
-128
-152
-177
-168
-154
-165
-168
-177
-256
-235
-222
-219
-197
-240
-186
-171
-138
-140
-122
-79
-88
-95
-72
-51
-82
-114
-130
-125
-105
-86
-120
-97
-103
-103
-77
-80
-77
-78
-89
-65
-58
-65
-85
-83
-75
-97
-137
-136
-197
-200
-186
-159
-129
-119
-120
-133
-155
-203
-191
-213
-153
-178
-219
-195
-184
-200
-150
-170
-204
-174
-175
-193
-233
-222
-170
-145
-159
-124
-71
-101
-67
-29
-21
-19
-48
-62
-64
-95
-86
-102
-97
-45
-75
-95
-71
-109
-113
-95
-93
-131
-188
-199
-216
-229
-238
-261
-274
-254
-210
-223
-265
-241
-261
-278
-233
-224
-173
-143
-149
-142
-87
-95
-39
-48
-64
-41
-70
-44
-95
-91
-118
-134
-115
-63
-111
-103
-81
-122
-104
-97
-77
-108
-86
-89
-108
-151
-188
-193
-204
-200
-174
-166
-154
-194
-197
-165
-236
-248
-204
-152
-157
-202
-196
-203
-251
-189
-210
-220
-229
-237
-205
-199
-165
-208
-281
-324
-309
-304
-320
-256
-250
-259
-273
-283
-259
-282
-239
-204
-218
-225
-201
-204
-229
-228
-216
-161
-158
-159
-198
-222
-177
-238
-190
-246
-262
-293
-272
-273
-322
-302
-303
-270
-248
-192
-224
-303
-287
-253
-229
-268
-282
-264
-259
-234
-238
-259
-230
-245
-268
-301
-319
-322
-307
-300
-307
-266
-270
-229
-167
-205
-221
-181
-199
-208
-225
-225
-214
-240
-238
-293
-252
-249
-223
-197
-281
-252
-250
-284
-268
-256
-272
-206
-185
-201
-177
-190
-136
-147
-139
-164
-164
-142
-155
-179
-201
-214
-209
-184
-186
-191
-224
-211
-227
-239
-280
-206
-211
-199
-198
-240
-192
-191
-218
-206
-203
-248
-195
-224
-189
-242
-261
-227
-180
-116
-104
-101
-79
-85
-133
-89
-145
-172
-174
-188
-182
-166
-237
-272
-314
-346
-305
-350
-331
-291
-353
-353
-369
-349
-320
-319
-311
-305
-283
-253
-273
-282
-313
-346
-352
-390
-332
-343
-311
-269
-236
-184
-189
-159
-192
-182
-189
-154
-157
-170
-119
-153
-147
-144
-156
-144
-200
-250
-246
-229
-251
-221
-217
-182
-201
-188
-227
-240
-213
-250
-235
-229
-227
-217
-212
-213
-233
-248
-224
-217
-193
-213
-235
-225
-187
-169
-213
-214
-192
-233
-195
-203
-243
-226
-207
-225
-248
-320
-306
-339
-339
-259
-239
-184
-156
-178
-156
-165
-163
-132
-138
-149
-119
-129
-107
-68
-52
-13
-16
-15
-23
-49
-25
-66
-99
-128
-127
-185
-189
-171
-179
-164
-191
-220
-280
-235
-276
-284
-249
-258
-250
-269
-279
-254
-290
-270
-268
-282
-254
-293
-287
-276
-280
-273
-253
-214
-169
-192
-154
-132
-84
-80
-90
-63
-78
-73
-60
-59
-88
-73
-88
-75
-83
-146
-121
-169
-212
-171
-251
-278
-299
-306
-259
-240
-229
-248
-220
-177
-187
-240
-216
-177
-205
-196
-205
-201
-195
-212
-207
-181
-163
-104
-102
-44
-33
-37
-47
-67
-49
-23
-27
-48
-34
-13
-22
-12
-46
-56
-55
-97
-67
-46
-65
-48
-79
-62
-72
-91
-98
-156
-216
-188
-241
-293
-216
-241
-250
-253
-254
-255
-227
-223
-209
-192
-150
-106
-91
-88
-105
-71
-76
-85
-73
-60
-74
-60
-39
-21
-22
-74
-23
-18
-9
-30
7
-8
16
-3
-9
24
8
-11
-45
-33
-39
-70
-106
-97
-138
-99
-107
-134
-111
-144
-119
-107
-147
-181
-183
-173
-160
-109
-101
-121
-113
-127
-166
-149
-195
-165
-153
-152
-143
-181
-113
-97
-120
-91
-88
-91
-41
-65
-31
-36
-43
-79
-64
-92
-123
-61
-47
-37
17
-1
-4
-16
-42
-5
-2
-24
4
45
55
93
67
89
100
76
64
18
0
-31
-50
-1
-12
-21
-19
-1
-46
-95
-117
-108
-119
-127
-114
-112
-151
-161
-166
-117
-81
-116
-66
-87
-78
-68
-58
-147
-176
-162
-170
-199
-196
-149
-152
-101
-55
-22
-26
-3
18
-17
7
22
13
21
72
77
55
58
24
44
46
42
80
100
120
117
49
70
92
92
83
58
77
10
-20
-56
-74
-90
-94
-118
-104
-42
-29
-87
-89
-93
-77
-106
-104
-44
-112
-162
-134
-147
-152
-141
-114
-115
-89
-88
-73
-44
-64
-47
-40
-47
-11
52
78
56
40
62
5
-22
-64
-35
-48
-52
-76
-69
-12
12
28
18
34
18
46
71
76
74
65
36
47
5
-27
-12
24
26
-38
-29
-48
-3
17
37
94
113
88
63
50
60
84
40
92
99
108
78
71
51
66
101
51
86
132
110
100
143
165
129
72
107
70
-7
-22
28
44
6
-40
-6
50
22
47
62
61
53
40
40
93
98
82
77
82
94
110
126
64
90
94
108
104
102
113
139
126
122
181
183
177
174
167
183
127
99
84
43
24
18
61
5
17
9
-24
-58
-79
-102
-105
-99
-115
-118
-113
-105
-138
-123
-112
-83
-99
-121
-94
-51
-68
1
7
33
86
61
106
163
223
230
234
240
232
195
198
228
206
173
192
171
188
182
154
184
161
164
134
160
126
46
93
89
26
23
3
12
47
18
44
1
-21
-27
-85
-65
-51
-42
-45
-28
-26
34
29
16
57
82
38
-15
-16
-51
-55
-34
-17
5
-29
50
144
171
151
135
141
96
136
141
121
173
184
194
204
226
204
180
155
108
100
64
64
51
24
51
107
107
110
76
96
50
52
36
31
39
32
71
81
104
38
77
55
100
98
93
68
94
156
148
162
164
177
169
167
150
167
131
142
154
115
134
112
115
104
155
140
78
93
112
91
77
99
47
94
66
36
46
71
82
44
45
56
34
-35
-43
-51
-1
6
38
32
29
53
21
-9
-14
20
-1
-1
9
28
24
75
92
53
45
31
-19
-27
28
-42
-25
20
17
13
46
69
54
49
88
78
59
94
9
38
33
73
64
87
114
125
145
117
110
103
161
142
159
154
128
194
213
203
187
183
183
212
202
192
178
169
141
94
52
47
96
84
42
35
29
-38
-23
-17
19
40
0
32
18
-36
-43
3
39
55
65
67
50
76
71
90
78
79
91
104
137
128
142
141
137
105
89
68
37
60
107
66
47
110
104
103
85
60
51
47
100
95
72
145
137
81
112
126
145
154
157
172
198
187
191
229
253
225
237
266
214
187
224
188
172
204
240
255
255
203
193
151
69
109
66
51
23
68
63
29
48
83
64
48
61
21
35
66
39
19
15
43
64
25
58
75
53
29
62
68
66
65
72
89
44
69
74
72
85
37
59
114
50
32
38
46
76
85
40
26
36
4
98
89
50
100
71
67
70
69
43
62
66
66
100
98
65
74
74
70
100
71
125
132
92
47
9
8
-9
-64
-45
-87
-99
-111
-107
-89
-82
-25
-66
-49
-29
-72
-20
-28
-12
30
-13
41
17
28
30
31
85
36
10
23
-13
-27
-46
-37
-41
-20
23
50
42
18
22
-36
-25
-91
-89
-110
-154
-132
-131
-165
-160
-177
-195
-213
-188
-142
-172
-178
-165
-120
-83
-124
-139
-120
-116
-65
-97
-109
-82
-79
-65
-5
44
32
95
118
76
79
61
68
53
34
-13
-33
-9
0
9
-10
-25
-17
-13
-34
-47
-42
-78
-79
-52
-52
1
-42
-17
6
30
60
72
79
85
78
118
151
169
149
170
164
136
193
163
168
179
145
147
121
104
94
44
2
10
49
17
1
-22
2
1
-26
-54
-68
-90
-112
-152
-180
-152
-142
-143
-133
-118
-111
-81
-70
-62
-59
-59
-38
-57
-48
-45
-30
9
12
5
16
74
44
114
93
100
147
82
106
77
97
89
133
152
160
144
127
83
84
72
60
55
39
2
-7
42
24
46
50
17
27
59
63
39
36
66
80
83
75
76
73
85
23
30
-16
8
-5
-41
4
-11
37
15
44
90
87
59
78
47
29
30
80
108
46
45
34
65
101
102
77
71
70
74
50
47
87
52
56
77
88
81
38
56
-3
-24
26
16
13
2
-2
4
-12
-16
-24
-36
-20
-24
-66
-115
-89
-124
-101
-85
-131
-127
-112
-124
-140
-121
-158
-144
-102
-113
-144
-83
-84
-93
-125
-60
-58
-89
-52
-45
-42
-78
-54
-46
-65
-46
-50
-2
-21
-24
-12
-52
-75
-94
-83
-50
-12
1
58
55
38
47
61
-3
-38
-114
-104
-129
-145
-152
-146
-108
-147
