SAMPLES:	18210
BITSPERSAMPLE:	16
CHANNELS:	1
SAMPLERATE:	16000
NORMALIZED:	FALSE
-160
-148
-120
-118
-112
-106
-63
-11
-27
7
-28
-17
9
-7
5
22
32
32
77
77
66
70
74
23
11
21
49
102
83
55
51
50
71
80
66
-7
-41
-29
-49
-49
-55
-85
-78
-46
-46
-10
-8
-11
-24
-9
6
-13
28
-3
-21
-35
-18
-45
-27
-28
-30
-17
-31
1
-67
-57
-77
-87
-98
-132
-89
-97
-103
-118
-109
-92
-54
-85
-113
-89
-96
-75
-86
-69
-78
-77
-113
-121
-103
-59
-94
-84
-61
-69
-52
-93
-88
-94
-79
-103
-109
-67
-118
-98
-64
-73
-73
-75
-33
-77
-90
-110
-162
-175
-200
-224
-264
-279
-270
-257
-286
-234
-222
-234
-211
-205
-187
-168
-212
-235
-215
-206
-198
-194
-229
-231
-229
-243
-197
-216
-171
-184
-130
-102
-147
-94
-7
9
46
40
40
58
63
32
8
-14
-78
-80
-130
-143
-155
-173
-167
-188
-175
-144
-148
-162
-135
-117
-130
-121
-130
-106
-119
-192
-237
-230
-265
-233
-221
-243
-233
-216
-168
-139
-82
-86
-72
-45
-32
-19
8
0
1
3
-13
20
15
-37
-17
-49
-28
-60
-122
-98
-107
-121
-162
-160
-152
-185
-200
-236
-227
-207
-248
-235
-202
-201
-168
-192
-206
-194
-186
-187
-234
-260
-240
-243
-234
-177
-165
-111
-80
-82
-102
-59
-45
-77
-93
-103
-129
-102
-112
-138
-107
-169
-166
-190
-202
-175
-161
-151
-147
-155
-123
-114
-123
-137
-159
-184
-207
-209
-203
-178
-200
-224
-222
-136
-180
-154
-155
-165
-140
-189
-166
-166
-148
-133
-141
-156
-164
-211
-159
-163
-140
-139
-140
-130
-122
-139
-174
-150
-208
-189
-133
-148
-143
-123
-118
-102
-85
-90
-111
-144
-218
-239
-240
-264
-263
-266
-250
-260
-266
-279
-294
-316
-298
-297
-296
-307
-290
-257
-245
-237
-225
-201
-213
-206
-199
-180
-249
-234
-259
-234
-243
-234
-205
-191
-134
-145
-135
-127
-108
-108
-126
-114
-131
-128
-181
-190
-177
-222
-196
-231
-239
-237
-211
-217
-226
-239
-237
-246
-239
-202
-212
-211
-204
-213
-226
-249
-277
-247
-248
-281
-308
-280
-281
-272
-258
-261
-215
-164
-147
-166
-138
-128
-120
-117
-144
-129
-158
-177
-175
-152
-86
-129
-123
-123
-158
-186
-197
-220
-215
-161
-219
-219
-219
-245
-225
-235
-227
-265
-257
-269
-284
-233
-294
-308
-255
-249
-168
-192
-187
-143
-123
-126
-119
-115
-126
-138
-115
-91
-127
-90
-108
-100
-90
-59
-51
-80
-109
-86
-142
-194
-211
-225
-217
-249
-235
-259
-260
-291
-283
-287
-268
-256
-305
-270
-275
-236
-241
-267
-224
-248
-232
-240
-266
-237
-216
-222
-130
-101
-80
-60
-68
-75
-51
-66
-56
-135
-121
-112
-147
-129
-177
-163
-152
-217
-238
-148
-143
-159
-161
-187
-163
-190
-205
-219
-218
-193
-247
-295
-274
-267
-309
-246
-267
-273
-190
-186
-143
-124
-130
-114
-122
-131
-118
-112
-62
-52
-69
-22
-25
-2
6
31
22
10
12
63
100
54
54
12
7
-5
-37
-43
-52
-41
-5
6
8
36
39
-5
-47
-40
-79
-138
-112
-173
-190
-220
-229
-176
-172
-127
-155
-127
-162
-113
-107
-120
-89
-105
-116
-128
-88
-76
-92
-105
-61
-124
-126
-98
-82
-80
-26
-8
10
54
24
62
47
49
34
22
10
28
46
27
-9
-67
-52
-85
-84
-77
-91
-77
-76
-21
-23
-45
-5
-30
-12
-61
-64
-87
-91
-82
-75
-67
-110
-96
-80
10
25
-31
34
11
33
15
-1
67
68
92
93
105
88
79
99
65
41
82
76
56
64
39
15
-1
10
6
46
-8
-23
-12
-28
-20
-73
-70
-99
-92
-55
-73
-65
-64
-44
-57
-73
-63
-114
-84
-122
-152
-164
-150
-176
-171
-157
-91
-61
-51
-26
-32
22
49
64
115
110
103
130
122
142
96
99
67
65
48
19
-36
-60
-58
-60
-91
-93
-69
-28
-25
-60
-85
-103
-102
-124
-99
-142
-161
-162
-151
-131
-205
-190
-178
-176
-124
-52
-13
-1
6
18
31
16
-3
-24
-45
-62
-49
-39
12
0
-6
-15
-14
-20
-26
-32
-39
-92
-141
-151
-168
-156
-137
-123
-160
-237
-263
-237
-227
-156
-164
-177
-175
-160
-135
-117
-112
-138
-110
-121
-97
-134
-117
-45
-45
-48
-86
-105
-93
-78
-73
-86
-42
-56
-15
-3
-41
-38
-70
-32
-68
-35
-65
-61
-24
-50
-72
-43
-15
-8
14
-34
-44
-39
-34
-37
-26
7
39
76
83
74
107
97
130
97
90
133
145
134
104
72
75
62
26
35
-39
-17
-92
-87
-51
-116
-137
-97
-100
-60
-39
-78
-91
-96
-134
-169
-197
-195
-219
-204
-178
-200
-198
-216
-204
-240
-188
-214
-161
-125
-132
-52
-118
-88
-59
-16
-11
8
32
17
52
45
56
29
25
15
30
22
3
43
67
50
25
55
10
13
-21
-21
25
-36
-52
-77
-126
-174
-200
-222
-229
-261
-236
-234
-203
-169
-170
-177
-144
-151
-108
-118
-129
-124
-120
-87
-90
-86
-79
-44
-114
-104
-64
-70
-92
-8
-31
-61
-57
-103
-84
-76
-38
-63
-73
-32
-47
-91
-74
-87
-124
-97
-156
-188
-191
-216
-263
-281
-300
-313
-313
-322
-296
-303
-279
-269
-274
-260
-276
-272
-232
-236
-194
-206
-192
-152
-137
-182
-173
-150
-169
-187
-191
-171
-154
-178
-149
-176
-170
-154
-159
-91
-96
-54
-21
-32
-54
-74
-98
-79
-73
-85
-94
-128
-104
-114
-106
-97
-111
-126
-125
-156
-245
-248
-241
-223
-202
-224
-245
-241
-207
-166
-174
-182
-166
-146
-145
-173
-170
-161
-129
-168
-157
-177
-179
-153
-159
-109
-64
-68
-82
-59
-75
-103
-148
-141
-186
-268
-219
-195
-182
-176
-196
-180
-182
-210
-211
-217
-252
-263
-247
-224
-199
-228
-201
-185
-210
-170
-182
-186
-193
-169
-125
-117
-109
-86
-56
-22
-53
-98
-117
-137
-80
-107
-133
-122
-86
-92
-85
-70
-74
-54
-44
-25
-63
-96
-73
-54
-117
-135
-137
-142
-157
-185
-189
-191
-176
-158
-192
-208
-212
-212
-158
-176
-154
-123
-120
-136
-126
-101
-137
-136
-163
-180
-206
-281
-225
-229
-214
-239
-288
-262
-288
-286
-280
-324
-303
-298
-314
-344
-368
-319
-304
-249
-247
-253
-229
-244
-240
-290
-311
-378
-372
-340
-317
-293
-288
-244
-231
-180
-134
-170
-127
-189
-221
-189
-202
-197
-175
-184
-173
-174
-151
-164
-213
-202
-251
-284
-298
-257
-242
-273
-218
-207
-179
-158
-113
-166
-169
-228
-242
-272
-308
-280
-239
-227
-257
-196
-196
-134
-180
-155
-177
-212
-198
-234
-242
-259
-229
-268
-312
-269
-259
-277
-277
-299
-325
-376
-375
-342
-321
-288
-251
-209
-157
-133
-144
-161
-209
-212
-212
-220
-160
-190
-195
-184
-169
-186
-178
-185
-187
-141
-154
-105
-118
-124
-140
-133
-137
-155
-125
-149
-157
-137
-119
-76
-131
-145
-123
-161
-198
-179
-184
-210
-264
-238
-225
-211
-141
-183
-184
-204
-170
-182
-155
-151
-179
-191
-187
-222
-197
-118
-120
-127
-138
-162
-142
-144
-134
-143
-130
-133
-161
-174
-170
-173
-141
-165
-207
-186
-203
-178
-210
-251
-197
-208
-209
-179
-213
-180
-179
-145
-132
-125
-110
-82
-114
-121
-101
-100
-86
-106
-66
-57
-20
7
-39
-45
-32
-46
-71
-61
-84
-70
-70
-56
-75
-76
-84
-81
-83
-73
-113
-132
-125
-183
-147
-167
-222
-226
-245
-228
-211
-153
-137
-131
-25
-47
-81
-110
-161
-172
-224
-247
-223
-254
-232
-191
-232
-208
-191
-151
-177
-170
-153
-127
-95
-108
-53
-70
-40
-17
-64
-33
-69
-105
-117
-141
-81
-59
-42
-46
-82
-90
-71
-47
-21
-63
-48
-32
-25
-39
-137
-104
-139
-169
-194
-207
-206
-177
-136
-165
-159
-132
-132
-125
-88
-101
-144
-147
-152
-94
-76
-46
-49
-21
22
6
15
-40
-59
-39
-13
14
22
51
19
2
-16
-10
-20
-40
-8
15
92
40
32
34
-34
-65
-109
-59
-92
-122
-84
-52
-99
-98
-104
-81
-66
-52
-38
-56
-18
-41
-22
-68
-35
-32
-23
-37
17
37
32
108
98
122
153
158
88
80
92
92
65
102
94
117
146
118
125
91
117
104
124
106
109
135
110
99
75
52
43
47
74
85
83
124
119
123
128
111
123
103
111
167
184
119
125
116
106
124
123
80
52
45
77
53
72
76
44
35
55
56
48
77
70
50
28
38
44
85
67
56
79
75
15
-29
-4
9
41
57
95
87
106
86
52
86
40
-36
-15
26
-4
64
107
95
115
89
130
148
136
167
162
155
124
122
92
98
51
40
22
49
72
52
107
92
97
106
129
137
147
131
93
82
97
47
9
19
-2
-5
17
4
37
52
7
24
20
18
14
31
13
19
6
40
46
58
-15
9
58
50
39
49
57
4
46
3
43
31
38
49
83
107
80
132
124
116
108
77
81
78
78
104
119
87
114
151
165
175
160
148
163
189
142
140
147
127
143
156
144
134
121
95
62
68
117
143
113
150
140
161
157
103
111
90
43
81
101
151
171
190
193
222
248
224
222
205
267
247
238
225
196
228
227
218
223
218
221
252
227
229
205
131
153
201
209
258
249
198
196
224
237
202
175
162
84
129
112
101
120
137
156
147
171
180
145
172
166
185
250
260
286
231
231
178
233
272
297
269
298
291
221
244
268
259
240
294
232
265
243
186
187
153
141
149
109
139
165
141
162
129
179
137
124
97
96
87
96
82
49
111
110
142
125
141
146
118
84
111
139
155
174
138
188
170
210
237
278
305
216
230
218
234
243
237
307
302
341
309
279
298
237
263
214
180
185
227
208
211
225
213
199
168
174
123
173
158
167
188
136
160
151
149
145
164
160
120
53
50
65
60
24
46
123
135
197
166
222
240
224
211
176
210
208
166
155
189
241
232
217
256
239
208
215
173
210
181
140
114
159
127
127
163
172
168
140
132
111
106
71
27
-41
-49
-28
35
8
-22
4
13
46
55
107
87
94
103
82
122
154
112
50
81
111
135
96
114
128
144
109
109
140
159
178
152
166
124
131
126
154
155
68
84
119
137
107
124
160
129
95
106
71
59
3
29
54
-6
12
23
26
54
48
68
44
-2
27
20
13
64
37
70
59
36
52
85
114
98
125
165
152
196
221
240
262
233
254
258
267
296
270
248
215
240
232
238
222
180
167
157
210
218
218
179
148
133
141
118
42
46
31
50
40
12
-40
-35
-48
-69
-58
-66
-5
23
42
76
56
88
85
58
70
105
164
149
158
165
178
188
172
154
188
223
230
250
243
250
225
232
265
298
269
225
214
246
239
200
175
140
143
131
87
94
56
42
68
74
98
73
63
65
54
21
29
21
-59
-14
-44
-85
-46
-24
-3
-17
-20
30
52
96
152
129
129
123
108
68
112
150
162
198
199
180
175
153
171
155
158
134
84
81
109
70
64
50
21
19
4
0
-5
11
-19
4
-10
-32
-16
-7
45
48
37
25
-29
-17
-49
-82
-74
-81
-88
-111
-57
-3
41
50
-13
26
46
79
66
48
41
48
56
81
91
61
18
8
51
87
111
140
137
150
193
165
179
148
90
91
91
77
87
44
15
-35
-20
-1
-66
-66
-61
-86
-75
-67
-25
-49
-76
-20
-5
7
-6
58
40
80
58
73
113
96
93
55
24
24
32
32
50
102
148
128
182
135
99
92
24
-11
-42
-26
-32
-56
-42
-13
-28
-46
-12
-28
10
18
18
7
-6
9
-18
-34
-5
-22
-78
-62
-59
-8
33
6
-1
24
51
40
43
49
86
99
116
165
139
114
132
126
107
72
38
9
12
20
-3
-14
-20
-45
-58
-54
-61
-82
-91
-77
-43
-94
-147
-84
-88
-56
-118
-124
-134
-174
-190
-225
-235
-226
-204
-158
-127
-132
-112
-121
-100
-93
-96
-99
-132
-151
-167
-188
-180
-167
-109
-101
-87
-90
-54
-1
4
0
-28
-42
-51
-21
-13
-29
-37
-28
-22
-19
-12
-41
-26
-5
-19
-35
-35
18
24
12
-48
-42
-100
-94
-53
-59
-23
-16
-14
-44
-53
-39
-73
-103
-55
-70
-53
-19
-19
-7
-5
-43
-60
-42
-60
-57
-48
-77
-79
-99
-113
-108
-89
-127
-34
-2
-20
-13
-90
-66
-57
-85
-122
-106
-95
-72
-71
-56
-22
-80
-70
-46
-56
-49
-66
-23
-23
-11
-1
-3
-39
-30
-45
-91
-103
-101
-93
-85
-58
-36
-41
-61
-55
-23
-43
-31
-3
5
23
-24
-14
-9
-33
-69
-63
-123
-119
-133
-152
-184
-174
-150
-164
-154
-162
-126
-115
-156
-182
-124
-82
-107
-115
-134
-121
-135
-123
-164
-162
-126
-133
-143
-163
-147
-193
-132
-168
-151
-116
-112
-82
-72
-48
-31
-69
-50
-37
-68
-33
-63
-107
-135
-134
-140
-129
-116
-73
-106
-132
-90
-130
-92
-84
-82
-89
-91
-114
-133
-144
-170
-149
-164
-133
-187
-103
-100
-105
-75
-128
-103
-106
-117
-121
-117
-161
-148
-163
-212
-195
-164
-167
-221
-230
-219
-235
-236
-251
-268
-299
-317
-256
-250
-254
-241
-229
-189
-199
-178
-125
-111
-103
-92
-95
-46
-77
-95
-149
-126
-204
-207
-153
-140
-129
-135
-83
-132
-125
-128
-158
-115
-132
-133
-121
-128
-117
-142
-151
-119
-156
-198
-226
-208
-188
-225
-226
-230
-230
-252
-241
-197
-193
-190
-181
-180
-170
-149
-167
-168
-153
-180
-175
-138
-116
-103
-73
-74
-76
-28
-59
-45
-17
-69
-58
-25
-40
-56
-90
-97
-124
-162
-173
-173
-152
-178
-144
-168
-179
-112
-92
-116
-121
-160
-184
-113
-76
-29
-50
-50
-50
-12
1
-15
-49
-28
-17
-41
-16
6
-15
-37
-13
-4
-52
-50
-65
-74
-91
-110
-111
-97
-100
-137
-98
-83
-73
-53
-42
-49
-55
-48
-116
-78
-19
-13
-44
-59
-62
-66
-77
-76
-61
-73
-103
-66
-92
-107
-122
-146
-88
-98
-64
-24
-32
-30
-42
-36
-69
-93
-59
-123
-147
-176
-166
-136
-122
-77
-70
-63
-10
35
53
27
7
-21
-13
-66
-82
-100
-177
-152
-195
-140
-156
-152
-140
-129
-168
-195
-166
-188
-170
-175
-193
-211
-159
-157
-152
-150
-164
-172
-150
-59
-98
-31
-45
-39
15
31
82
130
134
118
134
68
87
124
119
80
95
24
16
30
24
54
32
19
17
-2
-65
-79
-93
-125
-108
-112
-97
-54
-71
-84
-100
-96
-49
-105
-91
-122
-166
-126
-90
-68
-91
-88
-115
-121
-151
-150
-169
-150
-141
-145
-127
-68
-38
-39
-4
-55
-59
-80
-105
-90
-92
-78
-63
-82
-71
-64
-31
-58
-109
-91
-124
-101
-100
-101
-74
-67
-60
-27
-5
76
32
37
57
21
44
51
80
53
30
23
-46
-2
27
-15
-11
-26
-26
-55
-82
-68
-95
-65
-48
-77
-38
-29
-30
-38
-27
-82
-101
-111
-102
-121
-134
-172
-149
-127
-115
-94
-120
-87
-50
-49
-69
-58
-39
-64
-46
-9
-69
-50
-100
-100
-92
-84
-96
-114
-60
-103
-24
25
30
22
7
50
50
53
50
59
68
45
49
32
46
21
1
50
12
40
23
49
36
61
69
14
5
18
10
-32
-29
-41
-54
-64
-51
-68
-88
-140
-161
-171
-192
-203
-206
-174
-164
-135
-122
-69
-99
-117
-105
-7
31
29
34
4
32
18
21
0
-29
-52
-49
-55
-73
-103
-83
-88
-107
-35
-37
-39
-32
-59
-72
-138
-180
-184
-198
-213
-213
-188
-199
-173
-145
-177
-177
-140
-166
-128
-55
-55
-45
-45
-28
0
-45
-46
-44
-60
-67
-70
-70
-48
-75
-120
-126
-144
-125
-144
-120
-100
-56
-40
-83
-109
-103
-131
-99
-133
-164
-140
-145
-95
-65
-66
-74
-34
-26
6
12
-23
-20
-6
4
50
88
116
87
59
96
59
14
5
50
3
79
76
61
78
83
27
6
-18
-39
-12
-59
-23
-88
-87
-83
-102
-39
-56
-88
-55
-67
-82
-11
-8
-33
-85
-53
-81
-66
-90
-109
-99
-78
-61
-45
2
-8
-32
-21
-44
-52
-41
-97
-75
-86
-51
-68
-48
-32
-85
-88
-64
-82
-91
-97
-59
-37
-43
5
-24
-1
36
2
30
-21
-28
-1
-66
-100
-87
-39
-81
-52
6
23
-30
-30
-9
-7
-47
-71
-60
-61
-39
-40
-35
-22
-4
26
28
42
20
21
24
-50
-25
-44
-78
-41
-20
-32
-22
16
22
32
12
34
65
64
83
83
70
43
57
28
1
-11
11
16
22
-7
12
80
50
49
28
88
80
60
95
108
110
107
72
26
53
45
46
35
70
62
50
29
27
57
19
27
42
-3
-42
-58
-4
-18
-50
-58
-71
-66
-48
-91
-127
-101
-117
-108
-128
-147
-81
-73
-28
-23
-62
-55
-79
-117
-67
-97
-90
-39
-69
-31
-18
13
34
87
85
50
56
59
60
108
106
83
85
60
71
103
89
107
131
134
92
69
45
-27
-12
-55
-43
-56
-89
-81
-62
-84
-109
-121
-130
-134
-139
-62
-48
-75
-44
-54
-78
-42
-75
-65
-118
-117
-111
-107
-84
-81
-98
-79
-42
36
46
81
135
124
167
192
147
144
115
72
59
-25
-15
22
51
38
27
21
5
33
6
42
74
53
21
2
-40
-22
-8
-36
-2
-29
0
49
21
0
-11
11
-1
9
21
-29
-12
6
54
97
106
138
88
129
129
74
62
73
94
44
-3
-17
40
8
26
16
18
7
10
13
-55
-46
-2
3
-14
-15
-57
-79
-72
-113
-113
-68
-81
-39
24
35
25
86
29
-26
30
15
42
4
-10
-19
-14
-43
-73
-25
-56
-63
-52
-62
-94
-114
-67
-47
-27
-65
-76
-120
-149
-119
-129
-139
-163
-134
-114
-65
-47
-32
-40
-16
-48
-18
-8
-27
-36
-18
29
31
54
47
56
40
49
62
81
76
67
80
111
79
84
93
96
119
92
98
85
74
44
80
39
40
52
-21
-13
-4
53
14
-17
-47
-30
-62
-51
-72
-105
-94
-83
-12
-16
0
7
21
0
-17
-36
-41
-46
22
30
4
31
83
88
62
79
86
131
127
135
178
213
271
265
260
209
187
184
146
77
73
91
69
59
84
20
20
30
-7
4
20
35
-17
15
2
24
61
0
15
17
-1
32
57
31
55
95
86
132
82
150
142
119
175
183
219
187
240
266
270
253
253
225
183
167
208
214
216
214
176
182
220
173
172
196
182
191
183
96
118
122
75
110
66
38
48
23
-6
-17
-32
-31
1
10
-11
-16
-16
-1
37
45
-15
27
50
72
104
132
109
124
143
196
208
192
222
191
251
244
248
265
270
258
182
205
204
161
151
134
132
98
126
130
94
64
6
49
80
91
85
66
55
37
23
83
86
65
103
93
67
54
70
107
91
75
96
95
64
40
50
46
27
51
59
75
92
102
137
106
121
108
83
93
46
33
-23
-47
-33
-37
-57
-64
-121
-115
-145
-151
-114
-185
-175
-147
-151
-161
-165
-106
-106
-100
-64
-85
-35
-21
2
70
95
153
180
188
133
117
102
71
71
58
25
96
105
156
171
112
188
137
163
150
105
106
34
56
45
56
45
36
38
39
82
64
56
43
36
34
-47
-25
-2
-46
-34
-42
-40
-49
-55
-62
-90
-48
-12
18
56
59
53
68
143
102
103
99
64
86
91
113
64
116
128
125
128
151
146
99
122
114
42
14
36
41
22
-57
-86
-75
-109
-118
-61
-79
-74
-84
-118
-85
-120
-116
-154
-146
-123
-107
-65
-114
-65
-74
-96
-47
-27
-21
11
21
49
124
125
106
75
74
74
30
37
32
27
59
80
79
102
124
101
90
99
74
89
115
96
90
106
108
112
117
59
126
143
117
146
139
123
82
71
85
55
73
27
47
76
63
96
46
32
22
40
9
19
28
45
68
61
76
149
117
124
60
-2
8
-1
-30
-69
-31
-39
-19
16
-6
-25
-14
16
9
-18
-23
-16
-39
-64
-9
27
61
9
29
34
62
37
63
75
10
45
30
0
15
32
42
74
70
85
91
62
-13
-3
48
100
136
162
221
210
185
231
212
169
107
124
124
122
125
121
88
60
87
83
90
27
66
49
-2
6
43
69
55
54
65
97
93
70
57
39
60
25
22
45
19
22
5
9
18
38
65
72
58
111
133
162
138
134
136
108
128
111
91
54
66
78
77
38
61
56
-6
10
-24
-18
-63
-48
-26
-25
13
4
25
58
97
90
116
155
174
141
148
119
128
58
37
37
18
28
50
50
3
42
46
21
-17
5
-31
-53
1
19
36
24
24
63
61
72
25
39
47
3
1
61
133
110
173
152
175
199
166
188
205
181
157
211
211
147
184
156
157
198
169
147
154
103
117
112
130
155
148
183
152
197
199
240
203
191
188
191
129
90
114
84
64
20
9
5
14
8
36
53
80
120
131
108
100
121
112
97
119
107
57
63
40
36
-37
-44
-99
-73
-65
-64
-18
10
71
79
133
103
84
75
53
50
8
31
63
44
55
39
43
33
14
35
64
93
126
92
84
82
61
81
99
82
69
74
87
113
115
127
151
174
219
218
288
271
272
308
293
268
278
191
107
115
96
67
69
83
57
61
84
108
92
108
104
142
173
136
142
126
97
87
69
43
55
57
113
101
109
130
136
120
94
117
118
120
134
149
136
145
171
157
135
99
42
87
43
1
0
5
27
-23
-53
-34
25
9
10
24
-8
1
47
59
70
40
-1
16
-4
-45
-21
-12
-31
12
-20
-36
13
52
19
70
75
59
52
23
44
15
51
56
61
-29
-57
-82
-84
-60
-104
-15
-2
63
79
137
137
123
166
187
208
224
287
242
253
299
308
308
320
330
280
250
255
267
208
216
154
163
171
130
151
97
102
116
101
55
27
8
-34
-61
-54
-51
-83
-69
-85
-110
-115
-86
-43
-43
26
39
29
41
46
40
59
82
61
75
81
113
110
156
169
176
180
149
147
140
137
141
159
176
199
187
163
141
109
77
52
70
27
6
14
-18
5
24
50
57
79
69
15
-29
-63
-94
-95
-140
-95
-137
-137
-100
-76
-71
-84
-63
-35
-37
-66
-30
-16
-40
-46
-49
-40
-56
-43
-22
-42
-67
-98
-24
-41
-51
4
52
86
84
95
73
60
81
27
52
46
-2
-40
-55
-68
-39
-6
-4
18
-11
-18
54
49
48
33
51
54
64
90
107
95
68
76
70
89
21
21
41
-3
-1
21
54
102
111
185
209
163
170
168
133
87
101
79
44
35
39
32
39
64
40
3
-1
-51
-72
-42
-56
-56
-26
10
-18
-58
-35
-43
-116
-72
-37
-61
-20
20
14
8
21
66
75
75
84
69
53
77
94
71
48
4
-18
2
6
1
49
29
51
70
92
54
-32
15
17
64
98
55
115
191
181
158
165
132
185
158
138
114
109
129
136
152
178
169
164
167
174
183
157
157
132
128
122
146
121
144
103
115
103
57
69
90
106
60
39
64
53
78
58
52
80
48
67
42
71
115
104
87
82
27
5
-1
-22
-18
-17
15
41
42
35
61
27
18
-44
-8
-22
-13
43
-41
-27
-92
-96
-141
-101
-60
-95
-38
-35
-47
-28
-26
5
-16
-25
18
14
12
29
21
-2
19
13
-41
-31
-22
-18
-3
35
-1
-19
43
21
36
-13
-30
-11
-48
3
-59
-66
-24
-5
-8
-19
-47
-56
-85
-102
-66
-85
-79
-48
-52
-90
-64
-71
-56
-100
-72
-84
-121
-138
-114
-153
-159
-112
-117
-85
-74
-86
-128
-122
-136
-163
-146
-151
-100
-67
-51
-8
17
26
48
52
53
83
66
6
14
-27
-3
31
20
86
123
177
169
176
182
183
174
157
115
103
85
59
50
17
43
7
-20
-9
-36
-9
-10
6
33
-14
-43
-6
-23
-39
-61
-14
-14
-52
-45
-81
-73
-117
-137
-175
-139
-127
-124
-103
-126
-65
-36
-66
-66
-83
-74
-66
-54
-2
4
-7
3
-13
-52
-103
-125
-115
-121
-77
-29
-52
-25
42
46
43
29
26
18
-21
11
22
-15
-30
-28
-15
-43
-59
-45
-40
-62
-44
-33
-7
-10
-11
-15
-54
-71
-121
-154
-185
-167
-106
-141
-127
-72
-91
-74
-67
-68
-63
-61
1
53
11
6
9
19
6
37
97
65
52
31
55
70
50
83
105
122
131
141
161
143
130
121
112
80
75
56
43
12
-20
-49
-62
-58
-96
-62
-77
-146
-160
-167
-175
-177
-166
-138
-99
-87
-106
-107
-121
-174
-148
-136
-143
-131
-132
-171
-108
-72
-53
-37
-55
-58
-34
-25
-47
-57
-34
-25
-59
-59
-72
-72
-29
-16
-27
3
-22
17
15
-3
1
-18
-8
-38
-35
-12
6
14
-16
31
56
31
16
20
-15
-27
21
-22
-8
16
66
72
93
94
15
41
37
43
-9
-11
10
6
39
35
30
19
-26
-26
-36
-13
0
10
42
32
53
21
-17
-17
-20
-32
5
17
-4
29
-3
-7
-36
-99
-52
-4
38
18
35
27
-32
-15
-7
-72
-51
-55
-63
-56
-84
-125
-88
-63
-72
-97
-89
-106
-126
-75
-98
-45
-4
32
32
-29
-47
-21
-26
-49
-83
-97
-94
-115
-95
-123
-109
-113
-76
-76
-101
-109
-130
-86
-60
-85
-66
-65
-75
-54
-40
-82
-94
-34
-8
33
42
52
44
36
33
17
50
59
55
52
10
69
57
23
55
93
119
115
109
119
103
86
84
49
-22
13
4
-24
6
29
15
35
31
-10
-25
-48
-80
-103
-88
-93
-88
-105
-84
-85
-104
-91
-78
-111
-108
-120
-103
-79
-77
-11
-39
-18
-58
-42
-9
-58
-48
-59
-52
-44
1
20
45
101
124
138
146
123
140
115
117
110
116
86
39
117
61
67
83
66
41
9
37
2
-24
-27
-44
-27
-4
26
69
53
48
37
38
-14
-26
-59
-43
12
-62
-63
9
-20
-48
-8
-17
-27
-72
-60
-58
-32
-53
-34
-3
-22
6
-27
-52
-50
-27
-44
-61
-33
-21
27
24
36
35
35
23
17
20
25
56
76
85
83
68
90
82
68
88
80
57
46
55
71
48
60
61
35
80
82
33
-19
-14
-10
9
-7
-13
23
-28
-33
-26
-21
-20
-33
-11
-15
84
84
10
3
7
35
55
64
56
39
16
33
54
91
129
120
131
129
150
181
176
147
121
83
77
147
125
106
103
77
58
32
69
45
59
44
16
26
24
66
47
37
25
-29
-36
-2
-46
-44
-25
-55
-31
3
-26
-9
32
85
117
100
122
148
145
182
216
258
261
286
271
216
262
273
287
286
249
177
202
206
164
167
213
148
174
158
137
139
118
118
101
47
36
73
58
77
37
67
51
77
34
4
18
18
28
17
35
18
78
82
36
78
86
83
96
135
89
68
121
130
112
89
85
80
87
142
151
80
95
111
99
104
45
53
41
15
10
11
25
4
31
17
30
49
66
36
19
62
68
48
74
84
65
44
46
28
-21
18
8
14
54
52
91
77
95
88
113
205
281
294
323
343
383
408
362
387
420
377
340
340
266
256
270
277
227
241
259
247
233
167
162
119
112
82
82
73
91
31
-17
-26
-61
-42
-25
-43
-40
-32
-10
25
8
25
84
88
88
83
120
130
130
158
177
248
226
219
193
207
190
194
272
287
289
300
341
329
290
312
295
228
201
202
174
162
136
88
62
53
25
1
-11
-17
10
24
59
35
9
14
-2
10
-24
-11
4
1
29
37
58
57
63
13
-14
34
-7
57
84
72
73
92
107
50
59
43
25
33
45
47
38
76
68
56
128
173
181
191
194
159
136
99
55
81
28
34
62
112
115
58
78
45
41
55
53
72
29
59
70
44
38
4
-12
-1
51
45
-8
14
2
39
93
64
46
64
81
114
87
74
78
80
80
64
51
66
62
26
62
132
95
133
184
195
187
118
91
84
91
36
-24
-28
-40
-19
7
32
24
47
58
51
46
38
54
-19
-30
-71
-78
-81
-107
-51
-63
-106
-92
-101
-131
-140
-171
-164
-182
-122
-114
-80
-88
-119
-93
-71
-40
-22
24
-10
-38
-66
3
-61
-76
-42
-32
-12
-34
16
2
-28
-25
0
14
-43
-66
-47
-18
-39
-53
-40
-32
-25
-26
-35
-38
-73
-65
-19
20
-35
-50
32
8
16
60
34
77
92
30
-9
17
-67
-66
-8
-31
40
16
-20
-9
19
11
-43
-8
24
-9
-39
-53
-48
-54
0
-6
24
29
-23
15
-28
4
-51
-28
-24
-59
-89
-61
-16
-75
-28
-78
-134
-44
-72
-96
-119
-111
-110
-142
-113
-169
-162
-148
-117
-87
-100
-89
-117
-115
-93
-207
-177
-136
-159
-65
-92
-140
-58
-70
-131
-89
-113
-92
-134
-36
8
-70
24
10
30
32
18
33
-68
-60
-10
-102
-183
-143
-134
-166
-95
-77
-140
-90
-37
-162
-159
-23
-153
-122
-119
-155
-166
-145
-130
-100
-156
-105
-89
-264
-181
-141
-239
-232
-114
-241
-233
-58
-135
-153
36
-73
-178
-118
-30
-83
-24
-21
-181
40
77
-18
-35
-1
218
81
91
91
57
69
188
102
-13
-39
34
-44
-219
55
14
-202
-112
85
-167
-255
14
-28
-319
-78
99
-257
-224
3
-193
-256
-24
-159
-188
-95
-210
-106
-78
126
7
-232
256
122
-50
164
10
89
238
187
80
5
122
97
23
109
58
-215
234
-102
-222
166
-121
-193
-47
-18
-85
-129
-132
-65
-192
1
-276
-30
-284
-189
-72
-385
-91
-158
-457
-75
-53
-375
9
-25
-98
-64
-282
-106
137
-21
-242
195
79
-163
73
207
-246
-115
405
-388
-226
191
52
-319
-9
143
-51
94
-176
-16
223
-233
2
181
-274
-310
175
52
-156
28
-200
-46
39
146
-126
-375
93
-295
-259
80
-225
-782
-222
406
-422
-536
50
-402
-280
100
-105
-87
-376
-293
285
252
-250
-274
-43
272
-162
229
98
-306
-15
292
453
-321
-63
95
1
350
388
-35
90
-44
104
790
-233
-624
204
214
-221
229
-237
-438
170
-157
56
188
-644
-291
203
154
-96
-266
-73
-81
-36
124
5
-624
-186
62
-46
-63
-334
-329
-99
-141
121
-262
-337
149
-106
228
-65
-191
-209
192
79
-145
-98
-316
93
-84
122
-92
-297
154
-58
-217
195
-188
-236
40
-84
-153
-37
-218
-370
225
-215
-351
-50
-303
-523
54
-83
-427
-248
-324
126
-309
-375
-32
-48
-131
-19
265
-311
3
-55
-257
-43
-115
-317
-37
-50
-220
137
-493
20
-75
-261
229
-281
-316
264
117
-328
11
-182
107
-162
-188
453
-364
-95
81
-150
56
-109
-256
190
-208
-88
60
38
-93
-62
-233
-179
259
-70
-446
-212
-74
76
195
-692
-145
315
-233
-193
205
91
-727
387
397
-558
-169
79
-60
-256
565
-188
-673
280
-2
-437
136
-389
-540
-242
325
-291
-513
-12
-155
-145
-145
-180
-104
-650
-179
-47
-107
5
-577
-229
-10
-48
292
-282
-532
56
239
-237
-76
-234
-384
389
-158
-105
352
-140
-560
101
84
153
-209
-480
379
86
-242
85
224
-564
-90
232
-448
-7
-176
-290
-192
-11
-29
12
-252
-395
52
-274
2
-12
-747
-45
77
-326
-237
-138
-393
-190
121
-400
178
-118
-547
61
-23
-212
-396
-179
-206
-131
93
-72
-513
37
472
-409
-146
-117
47
-191
-306
69
-42
-85
-320
-50
-62
-57
-263
-272
93
73
-106
-194
162
-484
-64
425
51
-119
-174
-124
21
184
-105
-237
-317
-31
250
-212
-454
-207
-63
-4
11
-65
-658
-106
59
-437
59
94
-463
30
-1
-92
-54
-208
-142
-52
-262
102
127
-594
-12
359
230
-288
-180
-259
-245
-58
122
-178
-109
-207
-256
411
27
-117
-224
-314
303
189
-154
-90
-118
-86
309
-218
-289
-437
-213
80
-45
363
-131
-380
-375
-113
417
80
-658
-399
178
-196
-299
-340
-172
-106
-168
262
-381
-249
270
-241
108
532
69
-284
441
-1
-285
164
78
395
258
-6
-80
-6
77
568
49
-254
256
421
-152
-61
354
-124
-180
434
173
-314
146
-202
-434
459
316
-315
-183
-68
24
-79
89
-264
-217
144
81
-227
-385
-33
252
19
-339
-251
342
-181
-737
94
449
-326
-208
511
17
-452
204
-4
-211
333
-163
-190
211
126
-276
-115
222
247
-32
-184
160
-27
-174
345
97
-141
103
213
130
-221
-322
109
38
-340
-142
37
-301
67
232
2
-51
-81
-107
-239
15
157
61
41
-134
237
284
-444
-199
222
-199
-324
156
322
264
-371
-206
195
243
130
-308
9
16
170
-62
106
-136
-472
-1
313
144
-348
-498
-187
217
421
195
-374
-283
181
380
121
-373
-255
185
324
395
-175
-617
-206
287
255
182
81
-456
-220
307
286
-220
-226
-11
-21
220
339
10
-456
-88
425
189
-108
-187
-318
-102
220
78
-211
-135
-202
-315
162
230
-161
-425
-242
188
132
-178
-342
-257
-48
224
-6
-492
-422
4
-11
149
92
-180
-138
-44
188
518
281
-50
282
440
257
58
469
196
-161
361
374
378
346
-30
-303
416
960
231
-172
172
26
3
557
528
-184
-343
316
539
85
-186
-37
-97
120
471
48
-75
-48
-25
332
395
50
-341
-351
225
358
218
-122
-204
226
469
281
-105
-47
143
98
300
209
24
-164
97
428
243
-101
-555
-229
271
219
-256
-514
-174
-20
14
-165
-465
-484
-36
279
-121
-530
-522
-115
137
-55
-373
-386
-261
-155
113
-117
-161
-83
45
205
99
-102
-67
218
361
322
215
5
30
314
640
198
-93
332
639
564
370
423
528
515
540
624
383
300
439
664
817
840
570
234
393
656
531
454
363
526
632
609
620
650
414
504
875
682
546
525
453
553
528
416
230
54
291
327
150
54
-121
-244
3
150
-26
-599
-427
-125
-481
-748
-633
-772
-997
-933
-880
-825
-1213
-1517
-1368
-1175
-1057
-1326
-1539
-1593
-1377
-1522
-1657
-1673
-1725
-1589
-1534
-1303
-1162
-1223
-1442
-1402
-1234
-998
-701
-657
-788
-752
-155
126
-29
-31
366
830
1054
1129
865
897
1383
1684
1645
1553
1751
1759
1869
2060
2074
1914
1763
1942
2226
2071
1797
1719
1632
1734
1842
1741
1392
1257
1349
1238
1206
1162
922
771
889
863
793
752
426
207
145
482
399
-43
6
38
60
-110
-217
-305
-335
-420
-415
-297
-539
-827
-966
-872
-886
-884
-1392
-1676
-1749
-1433
-1311
-1659
-1803
-1976
-2100
-1915
-1776
-2308
-2757
-2631
-2532
-2543
-2216
-2072
-2466
-2740
-2788
-2171
-1639
-1705
-2095
-2156
-1383
-660
-720
-968
-796
-274
449
822
708
557
853
1338
1889
2062
1821
1746
2056
2392
2550
2554
2402
2249
2310
2527
2592
2229
1733
1736
2038
2142
1757
1247
1059
1080
1188
959
645
427
179
223
369
330
-23
-251
-96
212
129
9
-84
-118
117
212
205
232
236
394
578
705
620
446
495
679
896
879
586
447
415
449
548
341
-10
-144
-29
-250
-408
-612
-815
-1048
-796
-948
-1464
-1776
-1873
-1957
-2221
-2102
-2274
-2653
-2834
-2952
-2944
-3024
-3306
-3503
-3228
-2752
-2618
-2893
-3443
-3313
-2411
-1788
-1854
-2307
-2213
-1513
-827
-564
-867
-726
55
788
1000
1015
1085
1341
1892
2314
2513
2586
2550
2615
2856
3255
3378
3072
2704
2768
3008
3021
2725
2361
2167
2274
2373
2157
1682
1321
1247
1290
1098
721
472
282
267
257
142
-142
-364
-410
-311
-121
-240
-404
-389
-301
-183
-179
-166
-187
-158
-118
56
221
179
-15
-41
127
184
27
-46
-106
-101
-90
-254
-445
-607
-713
-769
-775
-857
-1265
-1602
-1590
-1686
-1949
-2086
-2283
-2328
-2294
-2477
-2832
-2881
-2805
-2952
-3033
-3179
-2950
-2661
-2647
-2871
-3081
-2732
-1948
-1511
-1779
-2027
-1587
-826
-415
-436
-333
102
794
1321
1313
1424
1693
1992
2357
2651
2832
2832
2798
2891
3139
3241
3194
3016
2775
2726
2725
2727
2387
1944
1829
1878
1776
1458
1108
823
760
606
490
256
-35
-158
-202
-156
-177
-464
-659
-610
-418
-313
-566
-726
-651
-403
-200
-148
-160
-180
45
279
324
337
287
278
381
478
537
414
278
261
225
153
89
3
-288
-398
-442
-608
-793
-1042
-1128
-1192
-1362
-1636
-1862
-2009
-2099
-2244
-2399
-2554
-2704
-2761
-2941
-3160
-3070
-2657
-2388
-2573
-3088
-3179
-2476
-1762
-1690
-2115
-2052
-1389
-858
-683
-753
-573
-3
615
931
964
1106
1382
1828
2206
2426
2463
2420
2626
2809
2996
3049
2947
2714
2602
2784
2795
2514
2124
1971
2143
2075
1757
1410
1177
1133
1018
822
633
328
101
34
10
8
-184
-422
-396
-324
-223
-279
-428
-506
-439
-199
-63
-125
-137
26
186
336
296
222
337
390
434
428
418
308
274
363
424
396
136
-102
-42
104
-57
-353
-533
-619
-775
-956
-1147
-1370
-1528
-1595
-1782
-2086
-2230
-2398
-2580
-2696
-2939
-3140
-3274
-3012
-2589
-2562
-2952
-3407
-3188
-2431
-1845
-1930
-2372
-2228
-1398
-639
-653
-895
-659
99
917
1126
978
1114
1581
2235
2553
2504
2446
2569
2790
3016
3198
3165
2961
2829
2934
2987
2863
2571
2194
2130
2280
2217
1892
1444
1157
1219
1165
797
426
145
101
128
10
-202
-346
-483
-552
-533
-392
-368
-529
-561
-413
-167
-76
-75
-67
75
249
351
411
372
435
523
499
433
393
391
379
345
336
184
67
-69
-150
-116
-245
-537
-706
-884
-1022
-1014
-1310
-1655
-1859
-1926
-2051
-2221
-2288
-2463
-2669
-2757
-2858
-3115
-2922
-2585
-2470
-2567
-2985
-3001
-2410
-1776
-1785
-2074
-1908
-1355
-770
-635
-695
-530
20
542
880
997
1108
1386
1764
2186
2266
2229
2329
2443
2623
2730
2801
2662
2495
2491
2591
2614
2364
1951
1734
1757
1764
1589
1172
942
836
696
538
341
123
-20
-57
-133
-242
-461
-569
-549
-540
-459
-384
-463
-506
-472
-327
-115
-16
0
13
194
316
368
473
605
657
624
652
606
600
627
504
479
449
355
235
142
16
-113
-224
-393
-543
-759
-891
-940
-1105
-1256
-1504
-1686
-1730
-1822
-1954
-2121
-2412
-2601
-2676
-2704
-2870
-2998
-2671
-2300
-2245
-2596
-2992
-2509
-1698
-1351
-1634
-1874
-1472
-775
-361
-483
-468
-173
434
878
1027
1013
1148
1595
2042
2283
2277
2303
2419
2698
2837
2866
2808
2596
2515
2583
2687
2539
2164
1809
1760
1789
1681
1335
999
831
754
652
460
211
15
-47
-191
-305
-385
-515
-592
-573
-598
-598
-654
-776
-697
-493
-303
-285
-301
-277
-124
17
138
171
212
363
471
480
459
479
519
536
526
452
306
197
201
188
140
-27
-233
-400
-467
-522
-709
-918
-1135
-1347
-1461
-1598
-1797
-1990
-2127
-2153
-2325
-2558
-2751
-2969
-2784
-2348
-2146
-2393
-2890
-2966
-2365
-1742
-1700
-2100
-2184
-1641
-886
-697
-858
-809
-345
386
799
777
662
821
1368
1953
2168
2012
1920
2218
2604
2795
2706
2455
2322
2405
2514
2543
2258
1836
1615
1685
1764
1586
1159
881
912
904
674
277
8
-81
-117
-157
-336
-530
-685
-716
-671
-574
-643
-833
-807
-611
-481
-405
-416
-394
-325
-190
31
127
118
165
266
371
372
407
356
415
525
412
266
238
246
288
198
108
-3
-191
-346
-417
-442
-658
-891
-1036
-1186
-1262
-1466
-1662
-1850
-1944
-2031
-2146
-2318
-2583
-2838
-2784
-2257
-2035
-2345
-2944
-3065
-2395
-1683
-1703
-2130
-2169
-1600
-929
-780
-1034
-1004
-524
192
532
470
403
743
1338
1809
1890
1671
1627
1950
2351
2477
2439
2318
2121
2091
2254
2300
2107
1772
1493
1587
1659
1465
1059
809
799
806
572
198
-71
-99
-62
-103
-273
-453
-609
-630
-513
-562
-630
-731
-803
-704
-508
-353
-344
-346
-240
-83
76
189
136
139
259
466
548
476
500
599
709
730
647
603
486
448
357
322
161
6
-163
-293
-196
-405
-659
-889
-1058
-1170
-1305
-1427
-1655
-1813
-1941
-2022
-2134
-2318
-2533
-2694
-2751
-2441
-2126
-2247
-2719
-2976
-2582
-1928
-1667
-2043
-2287
-1991
-1286
-826
-938
-994
-711
-241
198
386
449
638
965
1446
1646
1683
1632
1844
2169
2394
2493
2259
2086
2110
2280
2377
2247
1930
1593
1506
1667
1653
1397
1089
904
920
818
572
290
159
150
58
-131
-313
-459
-560
-451
-354
-388
-518
-661
-550
-331
-212
-165
-262
-261
-75
96
181
233
276
362
557
575
509
488
542
664
671
563
435
447
479
477
442
376
211
-21
-67
2
-22
-284
-589
-773
-810
-946
-1175
-1308
-1440
-1541
-1722
-1906
-2038
-2249
-2384
-2503
-2525
-2289
-2203
-2393
-2773
-2949
-2536
-2030
-1926
-2245
-2452
-1950
-1245
-953
-1095
-1155
-774
-170
246
335
456
666
1049
1449
1686
1689
1715
1966
2234
2404
2387
2283
2262
2410
2584
2606
2495
2160
1924
1946
2102
2015
1600
1233
1141
1146
1027
817
539
335
216
82
-53
-168
-310
-410
-467
-471
-558
-722
-817
-687
-571
-597
-677
-722
-628
-490
-285
-217
-286
-259
-112
13
69
109
179
223
307
331
259
242
292
297
276
176
79
22
-60
-135
-231
-354
-489
-669
-804
-881
-981
-1145
-1382
-1485
-1603
-1721
-1924
-2061
-2199
-2330
-2545
-2536
-2322
-2174
-2334
-2713
-2750
-2314
-1833
-1920
-2134
-2061
-1605
-1068
-954
-1053
-985
-570
0
300
379
545
860
1189
1540
1751
1755
1858
2082
2311
2463
2491
2405
2413
2555
2635
2618
2417
2169
1992
2021
1957
1803
1543
1175
1023
891
710
501
259
156
-8
-165
-289
-462
-609
-705
-832
-883
-898
-960
-1040
-1010
-932
-911
-892
-895
-846
-702
-557
-439
-306
-127
-29
97
253
422
506
524
586
596
677
703
677
701
676
693
780
708
558
485
404
298
130
-74
-217
-372
-510
-623
-806
-965
-1080
-1263
-1515
-1730
-1849
-1989
-2075
-2237
-2521
-2592
-2250
-2024
-2192
-2515
-2729
-2326
-1766
-1625
-1899
-1972
-1577
-1076
-901
-953
-812
-482
-33
350
580
661
873
1211
1574
1813
1905
1902
2031
2319
2451
2447
2312
2278
2292
2331
2427
2262
1974
1771
1754
1794
1619
1242
982
859
702
518
239
50
-81
-315
-481
-636
-743
-861
-937
-987
-967
-1006
-1070
-1034
-1019
-914
-804
-654
-625
-552
-381
-226
-99
9
179
365
508
607
701
822
992
1107
1166
1172
1238
1261
1244
1168
1144
1126
970
815
672
615
431
262
197
36
-132
-306
-489
-677
-836
-998
-1231
-1451
-1660
-1778
-1942
-2114
-2249
-2360
-2440
-2483
-2322
-2205
-2337
-2647
-2760
-2409
-1902
-1781
-1973
-2103
-1800
-1269
-996
-989
-971
-735
-273
85
290
430
655
920
1278
1548
1511
1565
1769
2050
2177
2121
2036
2045
2175
2169
2109
1940
1733
1523
1517
1552
1440
1142
822
691
522
355
122
-93
-235
-376
-450
-575
-752
-875
-910
-877
-845
-918
-979
-949
-755
-602
-554
-557
-472
-345
-149
33
148
263
310
504
656
802
912
963
1137
1190
1159
1204
1284
1313
1252
1148
972
868
823
699
629
467
209
23
-75
-258
-415
-570
-723
-943
-1130
-1289
-1450
-1558
-1681
-1801
-1960
-2164
-2315
-2444
-2567
-2637
-2731
-2749
-2485
-2362
-2474
-2640
-2663
-2290
-1891
-1851
-1999
-1891
-1453
-1045
-857
-889
-772
-386
49
359
508
623
806
1139
1462
1664
1675
1775
2066
2247
2358
2323
2359
2387
2403
2372
2253
2091
1877
1734
1630
1583
1362
1000
775
702
569
343
93
-118
-223
-345
-472
-599
-647
-690
-786
-841
-898
-871
-828
-819
-789
-694
-584
-516
-396
-235
-27
158
266
358
550
682
842
952
1075
1195
1294
1381
1368
1405
1375
1443
1453
1397
1248
1084
1009
972
878
610
425
181
59
-47
-212
-320
-570
-757
-897
-1024
-1184
-1344
-1485
-1580
-1655
-1815
-1996
-2095
-2175
-2304
-2415
-2552
-2724
-2582
-2315
-2253
-2378
-2665
-2542
-2037
-1638
-1611
-1768
-1603
-1123
-708
-589
-573
-405
-35
357
660
832
980
1144
1437
1768
1893
1884
1903
2078
2275
2337
2241
2097
2005
1978
2010
1941
1685
1438
1225
1147
1101
891
543
278
151
36
-186
-415
-548
-598
-691
-875
-1024
-1023
-967
-1013
-1094
-1129
-1054
-929
-841
-721
-530
-406
-248
-40
129
297
437
636
868
1017
1183
1329
1476
1545
1555
1627
1708
1743
1659
1634
1639
1600
1473
1372
1308
1233
1082
824
668
510
358
110
-82
-291
-505
-676
-857
-989
-1167
-1356
-1564
-1678
-1837
-1940
-2041
-2105
-2171
-2250
-2310
-2369
-2371
-2420
-2490
-2446
-2181
-1906
-1849
-2094
-2138
-1830
-1270
-1009
-1211
-1264
-912
-382
-84
-102
-109
102
493
854
1015
1028
1092
1268
1563
1727
1660
1608
1697
1914
2033
1921
1758
1718
1744
1745
1593
1419
1205
947
878
918
830
567
317
139
159
90
-125
-308
-401
-400
-419
-528
-654
-659
-629
-586
-593
-592
-550
-376
-188
-24
94
196
292
486
681
869
1002
1005
1105
1218
1350
1431
1417
1412
1486
1528
1539
1509
1467
1392
1361
1298
1230
1113
951
812
705
576
377
171
-89
-307
-497
-633
-763
-1010
-1218
-1325
-1420
-1423
-1565
-1658
-1759
-1887
-1918
-1984
-2011
-2140
-2161
-2204
-2263
-2324
-2353
-2270
-2046
-1817
-1839
-2046
-2132
-1840
-1391
-1104
-1261
-1434
-1170
-668
-283
-254
-189
-37
322
679
853
924
989
1165
1403
1688
1698
1666
1724
1900
2057
2053
1942
1869
1908
1929
1884
1732
1527
1280
1214
1206
1124
904
584
448
283
195
48
-106
-268
-426
-478
-556
-556
-574
-644
-635
-569
-477
-420
-461
-392
-187
-18
-20
-4
86
327
561
745
848
912
992
1096
1299
1402
1429
1397
1412
1517
1533
1515
1483
1420
1320
1183
1061
887
744
631
522
369
77
-182
-360
-451
-565
-776
-932
-1059
-1164
-1277
-1386
-1432
-1498
-1624
-1764
-1818
-1850
-1892
-1937
-1967
-2053
-2145
-2153
-2099
-2033
-2155
-2067
-1742
-1543
-1630
-1868
-1817
-1382
-957
-954
-1153
-1089
-624
-185
-43
-41
-30
243
630
919
1044
1038
1163
1403
1670
1780
1701
1681
1835
1970
1972
1828
1718
1627
1614
1616
1557
1355
1077
952
911
893
750
506
292
130
81
2
-161
-374
-489
-499
-654
-702
-798
-828
-793
-812
-718
-665
-589
-447
-300
-202
-51
5
58
243
471
639
751
814
871
961
1086
1162
1156
1127
1166
1186
1204
1210
1210
1142
1132
1038
930
848
712
629
446
285
103
-75
-276
-441
-595
-688
-844
-1015
-1193
-1317
-1396
-1556
-1693
-1781
-1900
-2040
-2115
-2160
-2198
-2239
-2304
-2325
-2353
-2310
-2292
-2295
-2294
-2326
-2093
-1761
-1595
-1736
-1855
-1571
-969
-662
-822
-957
-638
-101
216
185
166
419
764
1043
1178
1247
1294
1449
1682
1843
1836
1733
1791
1945
1973
1875
1715
1667
1523
1441
1364
1270
1076
807
680
606
550
360
130
-6
-18
-108
-267
-378
-427
-422
-477
-475
-509
-546
-497
-371
-301
-269
-242
-170
-2
141
250
297
371
503
631
753
864
956
1026
1119
1202
1187
1139
1184
1212
1187
1131
1058
980
947
929
833
724
528
405
344
226
82
-97
-319
-515
-697
-873
-990
-1137
-1271
-1424
-1475
-1586
-1699
-1772
-1861
-1817
-1872
-1906
-1950
-1968
-1871
-1893
-1916
-1886
-1845
-1812
-1783
-1737
-1748
-1763
-1451
-1027
-942
-1096
-1184
-879
-321
-134
-340
-474
-179
243
494
400
362
599
884
1119
1227
1238
1226
1386
1635
1776
1670
1522
1570
1788
1817
1614
1527
1482
1434
1359
1303
1195
996
787
731
778
693
504
224
186
188
118
-39
-152
-190
-229
-277
-319
-311
-414
-390
-334
-308
-320
-328
-202
-64
35
26
77
203
281
302
329
445
434
481
550
616
721
667
580
588
624
603
549
418
381
358
302
183
94
-12
-134
-148
-235
-349
-441
-469
-498
-582
-688
-761
-861
-912
-971
-1024
-1057
-1112
-1158
-1162
-1109
-1104
-1185
-1207
-1156
-1090
-1080
-1056
-1030
-1038
-1080
-1172
-1191
-1186
-1179
-967
-747
-683
-952
-1176
-927
-459
-309
-528
-709
-466
-66
82
43
14
219
437
577
629
620
618
717
930
1070
997
924
997
1227
1282
1145
953
912
970
975
1052
948
814
741
721
766
724
546
345
278
314
226
135
83
107
140
34
-31
-35
-70
-71
-45
-59
-121
-167
-147
8
43
29
30
-3
94
93
111
138
155
130
170
262
282
329
302
354
434
338
270
248
269
353
268
224
200
137
186
152
115
64
-17
-68
-118
-139
-246
-297
-297
-359
-404
-522
-560
-582
-655
-729
-749
-758
-838
-910
-880
-914
-961
-1002
-1035
-1042
-1086
-1105
-1181
-1205
-1286
-1319
-1028
-977
-1154
-1431
-1397
-932
-652
-826
-1107
-988
-543
-255
-319
-334
-187
62
348
559
620
675
779
1007
1280
1304
1192
1261
1530
1688
1670
1573
1533
1559
1624
1627
1580
1451
1287
1224
1267
1297
1089
827
698
666
554
384
230
46
-75
-161
-266
-415
-566
-634
-590
-616
-672
-753
-794
-670
-588
-582
-617
-605
-546
-476
-363
-237
-238
-178
-29
116
235
292
320
393
552
622
642
668
702
718
768
797
786
764
648
628
616
526
421
309
262
201
96
-46
-132
-265
-365
-432
-490
-642
-769
-816
-934
-1010
-1133
-1249
-1279
-1294
-1304
-1353
-1447
-1493
-1532
-1516
-1500
-1556
-1581
-1564
-1412
-1110
-1034
-1188
-1327
-1218
-733
-482
-640
-809
-570
-129
101
117
158
316
537
793
928
984
948
1025
1306
1464
1439
1283
1285
1488
1553
1480
1274
1212
1200
1150
1102
982
808
586
506
546
448
200
-47
-118
-184
-302
-471
-613
-691
-842
-931
-992
-1063
-1033
-1045
-1016
-869
-875
-865
-843
-754
-614
-503
-418
-302
-199
-87
95
196
271
370
549
730
850
906
964
1054
1152
1252
1275
1279
1254
1214
1157
1129
1108
1025
879
759
714
614
431
292
102
33
-55
-171
-288
-453
-609
-692
-778
-931
-1043
-1194
-1265
-1330
-1365
-1520
-1570
-1594
-1637
-1585
-1559
-1538
-1536
-1493
-1443
-1371
-1364
-1352
-1272
-1041
-733
-773
-883
-952
-696
-299
-241
-398
-459
-170
128
303
227
219
397
640
800
847
852
789
909
1011
1084
999
874
910
1047
1057
942
819
772
749
637
562
494
355
243
198
225
144
-88
-229
-313
-303
-441
-533
-640
-720
-729
-727
-737
-673
-632
-656
-575
-523
-459
-383
-252
-163
-67
82
224
309
353
461
595
701
808
868
951
1054
1142
1119
1120
1166
1168
1188
1192
1139
1031
968
900
779
643
498
364
281
190
32
-152
-307
-449
-567
-661
-738
-830
-953
-1064
-1142
-1212
-1283
-1316
-1345
-1360
-1358
-1347
-1307
-1250
-1204
-1147
-1087
-1033
-1010
-920
-824
-731
-678
-655
-655
-626
-451
-241
-188
-321
-443
-325
-35
154
18
-181
-99
110
265
205
172
178
290
428
454
386
358
408
487
599
551
457
471
645
716
732
613
593
615
639
691
640
564
480
475
548
543
413
319
301
376
335
282
153
99
189
244
239
140
159
134
176
113
44
33
87
149
125
121
122
202
241
338
363
366
361
440
476
484
467
401
461
454
506
498
441
407
373
408
379
294
212
175
102
53
-12
-54
-93
-169
-240
-313
-294
-348
-420
-534
-569
-587
-666
-688
-647
-647
-717
-734
-696
-597
-604
-600
-553
-580
-623
-611
-597
-604
-579
-686
-710
-717
-742
-833
-783
-670
-719
-833
-961
-812
-590
-585
-718
-764
-636
-397
-368
-434
-413
-240
-63
62
161
113
111
224
465
560
531
534
692
856
940
952
973
1024
1066
1055
1055
1040
933
868
832
871
819
714
615
615
542
467
350
258
171
174
147
80
95
7
26
10
-7
-62
-47
-14
20
0
45
84
97
134
196
293
346
386
371
389
442
475
589
590
530
497
514
556
474
456
476
496
453
348
267
247
231
148
27
-97
-122
-203
-250
-266
-342
-366
-460
-484
-445
-418
-423
-485
-517
-516
-519
-544
-538
-529
-562
-566
-570
-517
-543
-584
-579
-590
-698
-732
-716
-728
-687
-703
-694
-608
-701
-802
-825
-651
-431
-465
-584
-592
-387
-247
-172
-198
-176
-64
88
249
368
392
382
490
670
803
794
829
945
1128
1215
1177
1186
1171
1214
1238
1180
1074
970
889
949
954
824
696
554
534
483
328
174
45
9
-32
-125
-207
-321
-355
-296
-305
-398
-443
-445
-351
-344
-360
-322
-307
-202
-159
-60
48
106
92
161
275
302
305
320
392
447
488
486
478
493
510
543
523
497
417
446
493
486
391
308
285
167
37
-56
-157
-239
-312
-406
-438
-482
-516
-592
-634
-692
-737
-766
-777
-807
-809
-798
-807
-791
-854
-881
-824
-822
-809
-865
-849
-863
-857
-854
-860
-812
-646
-651
-715
-808
-682
-446
-436
-529
-610
-472
-339
-217
-160
-146
-45
63
179
320
377
362
402
618
784
760
733
809
936
1006
962
891
904
916
883
894
827
679
598
560
581
570
471
285
243
265
127
7
-90
-160
-242
-247
-306
-350
-377
-381
-358
-327
-309
-371
-271
-257
-212
-163
-96
-64
-17
91
172
330
381
434
491
606
683
716
717
710
795
862
830
859
831
845
807
749
678
591
490
384
348
245
125
59
50
-58
-87
-213
-313
-299
-394
-443
-521
-564
-612
-693
-674
-694
-787
-834
-832
-867
-836
-809
-797
-800
-781
-746
-773
-727
-720
-708
-716
-700
-675
-745
-743
-745
-639
-511
-545
-607
-592
-472
-286
-208
-242
-277
-155
-16
109
138
140
225
323
460
483
560
648
724
812
906
871
871
958
1058
1080
991
923
908
861
779
715
646
533
521
497
416
355
182
99
28
-33
-95
-138
-217
-318
-304
-297
-306
-308
-280
-314
-260
-192
-137
-97
-66
4
86
195
230
302
361
487
579
618
645
702
744
682
746
722
678
590
592
589
530
513
482
430
418
358
279
213
69
-64
-111
-156
-251
-315
-400
-417
-429
-504
-548
-526
-554
-564
-567
-576
-525
-494
-451
-457
-433
-403
-422
-357
-355
-346
-363
-361
-370
-362
-322
-309
-301
-333
-332
-338
-344
-417
-484
-468
-435
-468
-590
-628
-561
-440
-367
-472
-475
-373
-243
-197
-195
-143
-47
63
193
272
276
306
350
454
556
547
516
554
675
697
663
615
648
669
622
579
580
523
460
368
363
333
241
192
113
132
81
56
38
3
-48
-114
-149
-125
-122
-148
-127
-126
-90
-74
-54
-31
90
141
175
228
273
356
353
430
461
465
442
477
498
476
483
469
478
411
386
353
311
302
220
229
217
138
89
36
-16
-77
-129
-194
-169
-196
-218
-240
-336
-370
-333
-342
-405
-404
-325
-351
-359
-377
-420
-427
-418
-368
-377
-409
-416
-418
-459
-488
-534
-568
-603
-612
-622
-684
-710
-776
-746
-769
-737
-752
-842
-862
-900
-847
-753
-723
-719
-718
-604
-524
-440
-260
-175
-65
-17
79
126
205
249
319
454
501
505
506
607
658
688
681
685
742
746
736
727
664
568
511
468
445
418
336
280
187
119
75
64
92
10
-69
-64
-45
-42
-54
-28
20
13
19
4
28
30
35
45
103
165
242
216
249
287
254
289
305
316
245
295
306
334
288
304
294
231
237
150
128
32
-27
-26
-106
-149
-162
-253
-299
-335
-334
-368
-426
-446
-444
-451
-455
-449
-471
-492
-478
-474
-475
-460
-489
-501
-533
-579
-574
-632
-619
-642
-629
-580
-554
-494
-560
-610
-628
-603
-596
-610
-624
-632
-621
-625
-599
-615
-607
-568
-506
-534
-471
-338
-266
-212
-186
-81
-3
84
246
303
282
319
394
507
546
526
548
570
619
581
572
588
537
497
471
437
376
262
208
167
81
8
-22
-90
-95
-96
-192
-173
-184
-223
-271
-267
-236
-265
-243
-254
-219
-164
-124
-118
-119
-87
-74
-49
1
59
92
95
100
139
181
191
190
203
188
142
145
129
76
104
82
49
-4
-5
-86
-120
-105
-145
-139
-141
-173
-228
-160
-211
-276
-255
-244
-261
-283
-338
-346
-321
-375
-356
-383
-387
-413
-398
-394
-421
-354
-351
-336
-376
-406
-433
-441
-421
-465
-485
-529
-527
-635
-687
-730
-752
-771
-817
-797
-799
-804
-788
-802
-832
-742
-696
-603
-580
-551
-468
-362
-358
-352
-258
-234
-150
-50
-15
46
106
166
253
310
318
360
360
369
383
366
342
324
305
264
266
218
197
203
209
212
204
139
106
139
78
88
63
-27
-29
-39
-34
-7
-9
6
20
12
32
-21
-15
55
79
85
113
145
132
171
202
254
271
231
192
218
235
222
211
150
114
128
70
10
0
11
-10
0
-9
-28
-79
-128
-118
-195
-237
-271
-265
-226
-266
-281
-275
-358
-405
-405
-361
-367
-377
-406
-404
-338
-384
-405
-411
-436
-409
-426
-471
-502
-530
-554
-587
-619
-667
-717
-743
-712
-765
-744
-735
-825
-863
-874
-780
-719
-678
-685
-705
-527
-378
-356
-362
-275
-111
-49
24
67
159
241
315
347
422
498
500
530
520
556
508
467
500
545
505
508
475
420
435
325
336
265
162
108
86
96
43
-10
-38
-67
-92
-134
-153
-177
-182
-237
-209
-125
-107
-26
8
97
84
75
94
185
224
215
199
232
204
139
168
166
194
156
152
168
168
145
121
62
91
67
11
-29
-45
-73
-186
-247
-252
-299
-345
-362
-341
-341
-351
-370
-358
-341
-370
-375
-380
-330
-342
-313
-293
-280
-276
-274
-242
-241
-214
-256
-252
-212
-207
-169
-171
-172
-215
-235
-237
-248
-274
-306
-393
-391
-430
-506
-546
-555
-591
-645
-624
-603
-622
-625
-541
-517
-466
-447
-433
-350
-312
-274
-319
-263
-167
-118
-54
-8
82
152
182
316
448
466
473
494
575
602
659
670
662
660
641
694
702
683
664
567
545
541
515
454
402
343
328
308
240
276
232
179
176
125
41
-14
-13
-45
-72
-104
-135
-124
-115
-127
-171
-124
-131
-123
-121
-127
-98
-117
-94
-47
-55
-101
-103
-91
-70
-55
-49
-15
-28
-5
24
24
77
105
109
116
146
129
62
76
44
32
25
64
50
46
102
86
100
-20
-12
-71
-145
-108
-197
-214
-234
-274
-289
-322
-323
-410
-448
-472
-530
-518
-532
-561
-517
-504
-532
-513
-501
-476
-465
-396
-388
-377
-280
-223
-236
-165
-103
-41
48
105
188
269
355
381
450
552
561
568
586
626
631
674
685
671
719
713
716
748
683
654
635
526
488
432
391
365
345
297
307
218
141
105
63
16
-35
-65
-48
-63
-129
-110
-114
-133
-79
-78
-87
-87
-27
-24
22
40
-5
13
42
61
79
134
175
224
241
261
287
329
315
336
358
416
431
393
383
408
387
354
316
219
247
236
230
217
156
177
126
96
74
-1
-77
-145
-193
-218
-258
-313
-335
-324
-336
-401
-410
-391
-426
-431
-434
-416
-437
-451
-433
-410
-377
-375
-341
-332
-282
-242
-234
-220
-227
-144
-73
40
90
136
196
235
319
369
404
452
438
462
493
500
548
604
594
650
664
629
701
639
651
624
617
619
573
617
573
556
529
401
380
386
335
308
210
171
166
134
160
131
140
70
26
93
95
146
142
225
222
234
272
236
233
275
319
326
369
362
379
404
383
370
414
436
439
468
419
408
364
304
348
344
300
284
269
211
167
104
100
70
69
32
23
-34
-104
-148
-172
-171
-181
-211
-224
-244
-253
-214
-228
-175
-164
-159
-146
-96
-61
6
18
59
113
116
146
211
166
177
204
223
237
222
251
247
272
266
300
303
301
318
335
395
345
309
298
261
192
131
122
28
47
127
163
171
181
237
241
215
226
232
201
175
164
104
109
88
133
164
158
180
225
294
331
361
448
425
353
382
323
318
334
330
304
320
373
391
430
467
433
459
480
485
512
481
470
450
436
420
416
381
342
303
324
301
315
293
236
239
225
211
204
213
203
202
181
135
71
86
54
56
29
-17
3
-4
-62
-81
-72
-63
-17
-44
41
65
105
156
182
224
230
256
227
230
300
230
269
254
263
337
302
387
392
394
418
423
413
424
398
372
355
325
308
205
164
149
132
104
118
144
123
133
135
118
124
115
95
63
30
-5
17
61
96
118
141
155
172
197
190
237
250
332
402
404
418
398
451
484
465
446
474
551
563
531
490
458
491
491
439
439
391
354
373
344
316
333
376
376
371
423
408
302
271
247
269
213
171
212
205
177
176
209
269
244
224
248
223
231
204
184
158
198
168
146
133
188
197
165
162
154
135
122
147
167
134
102
146
142
130
205
223
178
216
269
288
321
325
285
291
275
268
224
187
223
237
199
214
254
298
252
291
296
220
199
177
151
76
33
61
48
16
65
97
157
133
98
153
183
226
271
305
339
309
302
284
314
298
290
359
347
367
394
397
450
500
536
574
598
644
644
633
605
610
581
535
558
507
507
472
413
452
412
410
445
482
413
425
435
399
412
361
299
231
179
158
195
196
166
133
137
157
143
134
141
184
196
192
244
223
255
277
308
329
290
307
291
296
341
349
414
499
491
492
540
567
579
557
528
571
509
498
481
454
445
475
457
411
392
369
340
289
326
297
267
277
293
273
272
311
305
295
288
276
303
288
299
287
209
175
192
202
208
209
239
205
246
298
301
335
343
361
321
284
265
283
272
290
246
267
295
262
320
316
290
319
286
284
349
341
347
362
417
412
410
455
424
421
401
370
267
221
295
270
290
253
274
236
217
195
197
211
172
161
183
221
195
245
244
192
130
73
74
89
24
61
99
57
115
133
189
184
192
198
252
318
280
264
245
237
222
243
217
260
249
290
279
288
377
399
435
431
461
440
460
463
449
457
419
454
468
430
473
426
397
379
369
349
324
324
283
262
264
206
178
202
191
203
195
225
181
121
151
118
109
76
77
61
61
90
85
131
133
177
148
213
218
229
231
247
288
267
233
258
284
314
337
291
287
251
280
287
320
300
316
300
330
361
349
333
347
347
311
337
327
332
326
323
305
244
208
217
212
152
148
154
115
153
146
116
132
146
178
210
195
178
279
232
213
215
145
152
165
246
285
283
321
400
430
386
444
482
463
482
523
491
516
519
452
418
433
451
452
439
379
327
339
313
333
314
337
342
356
424
412
396
392
396
385
427
348
322
299
301
301
312
356
337
371
411
425
429
379
427
414
408
387
387
437
387
375
340
291
263
284
267
283
276
289
333
284
259
267
251
173
133
163
115
74
80
66
45
69
137
141
157
203
213
234
231
231
216
202
267
278
318
321
323
342
368
421
445
527
531
516
528
516
497
511
495
525
535
537
496
483
455
457
448
397
367
376
373
347
382
350
341
364
326
367
375
327
321
332
351
344
334
265
247
241
248
256
209
200
177
200
226
265
266
321
288
310
343
318
305
337
357
315
344
329
288
258
286
286
270
308
348
361
343
359
369
357
369
327
308
349
340
308
293
304
287
279
303
267
257
229
205
218
164
143
97
113
80
67
27
22
62
55
61
74
62
51
77
107
118
157
193
165
208
218
214
248
225
264
258
265
343
314
319
316
354
409
399
446
441
440
444
430
421
428
436
397
356
350
361
346
326
328
340
360
443
381
362
362
408
390
312
380
430
348
302
265
256
288
257
184
144
145
141
164
185
174
155
188
240
254
202
177
180
247
300
294
269
271
307
320
381
356
375
331
372
451
382
394
346
360
394
426
391
335
319
299
311
289
288
281
218
203
224
162
92
26
51
59
35
35
45
26
-16
-32
-49
-21
-57
-35
-38
-21
-29
-8
37
32
134
166
216
215
181
198
201
212
206
222
294
309
332
363
367
366
382
377
368
377
359
347
348
384
404
421
433
424
412
441
413
417
429
385
405
407
395
380
396
406
360
346
299
264
281
204
203
238
241
264
231
224
169
148
175
221
217
210
227
221
285
295
273
328
275
362
409
414
429
404
431
404
426
409
404
402
432
416
388
365
417
425
368
386
348
333
315
290
302
252
186
191
160
132
103
76
121
80
49
100
70
77
79
59
70
39
74
106
142
93
109
169
214
174
191
222
286
326
355
373
392
406
416
438
431
479
475
474
466
465
429
417
424
427
449
418
436
414
391
373
330
262
234
185
181
178
121
124
166
171
173
140
107
90
94
118
129
139
127
130
118
104
97
85
140
215
219
188
202
167
175
188
192
217
261
285
275
290
305
297
300
318
281
298
308
299
240
269
258
213
219
213
161
125
153
147
183
152
151
86
100
110
69
41
73
74
12
32
31
30
19
74
26
26
57
40
99
112
132
141
136
148
101
99
115
137
140
102
144
179
136
178
164
174
183
195
212
202
154
176
173
137
122
159
165
168
199
179
149
111
80
132
179
162
163
127
123
161
144
96
157
145
173
187
199
227
231
290
306
250
215
220
202
172
166
181
144
128
170
219
218
219
246
227
215
188
163
146
111
78
44
113
136
138
159
151
213
166
135
175
173
136
103
80
53
127
121
123
120
113
119
164
126
92
147
136
163
169
203
223
217
213
223
240
241
258
250
271
259
248
243
261
218
202
217
249
271
284
302
309
287
293
274
226
179
158
147
98
103
71
49
102
115
128
122
72
82
66
48
74
72
80
92
49
43
32
-10
-41
-11
26
46
53
95
52
55
78
55
84
94
100
108
86
117
133
112
119
125
77
65
46
45
100
78
69
30
46
51
80
74
17
32
-8
22
-9
-18
-64
-63
-46
-84
-73
-85
-89
-98
-122
-136
-118
-157
-124
-121
-115
-127
-127
-111
-106
1
-58
-46
1
47
73
72
49
64
55
19
60
84
95
71
87
79
41
23
28
6
-2
42
61
85
98
137
164
196
189
151
157
138
107
60
37
40
-11
-32
-60
-52
-47
-35
-64
-76
-73
-92
-94
-107
-46
-79
-47
-61
-45
-34
-31
-54
-102
-90
-134
-117
-121
-143
-124
-56
-18
-6
1
62
46
68
60
64
72
31
8
-7
-13
-31
-40
-35
-59
-92
-81
-70
-118
-111
-54
-40
-94
-73
-90
-127
-83
-140
-138
-165
-197
-185
-198
-172
-168
-155
-174
-189
-182
-203
-245
-217
-181
-159
-107
-112
-111
-119
-108
-112
-80
-56
-78
-77
-56
-33
-2
37
-28
-29
-19
-48
-53
-63
-36
-21
-42
-25
-34
-61
-19
7
-18
-31
-4
-22
-20
-33
15
34
69
89
95
117
111
81
-2
-18
-61
-64
-76
-58
-45
-60
-26
-3
35
18
15
-27
-10
-31
-87
-61
-60
-60
-91
-75
-67
-87
-100
-126
-141
-106
-118
-135
-125
-125
-94
-47
-57
-19
-30
-2
-41
-74
-29
-55
-76
-95
-109
-117
-142
-124
-145
-206
-186
-202
-159
-167
-186
-194
-239
-251
-216
-180
-206
-192
-206
-230
-269
-283
-285
-300
-275
-284
-290
-253
-243
-210
-229
-195
-155
-120
-104
-85
-57
-86
-71
-100
-35
-61
-82
-58
-13
2
-18
-34
-52
-43
-26
-21
34
37
40
-17
-55
-72
-72
-65
-98
-124
-77
-45
-26
-23
-52
-22
-16
-24
-3
24
-11
-42
-82
-143
-128
-128
-126
-103
-113
-114
-140
-96
-85
-122
-154
-136
-112
-149
-124
-111
-131
-197
-233
-212
-273
-323
-317
-320
-304
-267
-253
-228
-230
-265
-253
-208
-252
-248
-221
-205
-193
-250
-247
-198
-232
-234
-221
-260
-191
-204
-174
-184
-186
-146
-167
-158
-129
-101
-71
-30
-28
-42
-82
-60
-72
-169
-173
-164
-169
-172
-196
-141
-123
-160
-116
-149
-159
-149
-221
-197
-168
-137
-164
-187
-181
-195
-197
-162
-142
-183
-215
-223
-241
-242
-215
-197
-179
-190
-174
-187
-189
-224
-239
-224
-245
-307
-264
-179
-194
-159
-188
-167
-128
-123
-89
-138
-132
-141
-174
-171
-157
-139
-198
-150
-152
-164
-165
-170
-180
-182
-196
-213
-220
-242
-223
-257
-263
-281
-291
-278
-266
-278
-315
-303
-301
-294
-273
-270
-264
-315
-273
-312
-305
-238
-222
-164
-158
-135
-140
-93
-132
-134
-112
-130
-136
-164
-184
-193
-198
-256
-199
-222
-212
-164
-148
-130
-171
-169
-167
-179
-179
-191
-161
-162
-240
-222
-267
-286
-306
-262
-236
-231
-250
-267
-252
-269
-245
-196
-129
-90
-80
-74
-80
-68
-92
-143
-151
-168
-145
-162
-136
-134
-145
-149
-248
-247
-232
-235
-220
-246
-225
-232
-267
-259
-246
-264
-217
-191
-159
-145
-135
-147
-172
-136
-137
-92
-120
-153
-135
-107
-136
-149
-136
-139
-133
-178
-176
-169
-220
-271
-253
-260
-255
-207
-204
-253
-240
-257
-252
-276
-364
-363
-361
-365
-288
-308
-310
-268
-307
-283
-274
-261
-257
-264
-241
-251
-243
-244
-237
-251
-205
-201
-203
-239
-242
-203
-212
-207
-225
-233
-188
-153
-173
-137
-96
-51
-18
-16
-30
0
16
-16
-17
-6
-10
-24
-22
5
39
36
9
-12
-10
31
55
69
79
45
68
93
86
120
117
46
57
54
33
5
-56
-97
-71
-82
-105
-112
-168
-152
-162
-184
-170
-231
-194
-190
-171
-186
-203
-213
-241
-262
-270
-253
-269
-238
-283
-304
-303
-308
-298
-279
-313
-303
-278
-279
-259
-259
-278
-302
-235
-242
-244
-267
-271
-248
-239
-265
-257
-222
-217
-196
-143
-166
-143
-106
-112
-111
-129
-95
-137
-159
-162
-211
-188
-162
-201
-203
-193
-167
-168
-180
-156
-166
-169
-148
-138
-153
-105
-73
-150
-173
-190
-217
-292
-266
-213
-203
-141
-134
-96
-69
-68
-72
-12
3
14
21
17
4
19
39
-24
-39
-54
-54
-76
-80
-69
-88
-45
-30
-40
-67
-54
-102
-95
-137
-151
-179
-179
-188
-188
-182
-193
-157
-195
-195
-183
-167
-174
-174
-143
-112
-80
-89
-59
-43
-73
-78
-77
-79
-73
-19
19
31
82
58
31
-6
-60
-86
-95
-66
-22
-49
-37
-54
-46
-86
-92
-70
-84
-100
-88
-47
-70
-45
-57
-37
11
-5
-33
-36
-1
12
-7
1
27
33
51
37
1
-10
7
-7
-46
-11
-13
12
17
20
65
31
27
-20
-16
-53
-109
-123
-101
-74
-44
-32
-38
-26
-27
-54
-64
-42
-90
-50
18
17
60
54
57
57
25
69
47
52
81
13
65
76
55
47
-1
-20
-9
8
-18
-10
18
1
21
14
26
21
-20
-34
-2
12
15
-10
-19
3
-21
31
-8
-37
-52
-42
-79
-103
-92
-71
-16
56
50
71
94
74
56
32
21
-42
23
17
-9
-22
-36
-2
33
-27
-61
-76
-79
-83
-120
-87
-70
-34
-57
-142
-165
-184
-203
-210
-204
-243
-243
-222
-234
-208
-234
-218
-233
-240
-236
-254
-299
-234
-189
-148
-112
-98
-105
-103
-67
-106
-62
-78
-55
15
9
14
28
7
-6
27
3
-14
36
31
-1
-46
-60
-64
-34
-82
-88
-95
-146
-176
-227
-208
-204
-223
-232
-228
-287
-273
-219
-213
-268
-270
-235
-262
-232
-220
-196
-179
-150
-154
-152
-131
-147
-185
-152
-154
-117
-112
-133
-94
-132
-145
-98
-121
-115
-140
-175
-191
-171
-162
-182
-155
-133
-127
-108
-76
-135
-149
-153
-161
-181
-208
-228
-198
-176
-169
-207
-217
-208
-239
-240
-256
-265
-299
-280
-231
-169
-173
-134
-154
-143
-126
-139
-135
-94
-42
-66
-112
-84
-92
-115
-79
-81
-57
-67
-65
-101
-72
-97
-48
-55
-22
1
-17
25
-66
-74
-74
-68
-92
-130
-132
-115
-96
-122
-147
-112
-83
-98
-96
-68
-57
-97
-117
-119
-75
-69
-44
-11
-36
-88
-109
-134
-152
-116
-86
-83
-113
-70
-61
-21
-25
-57
-43
-45
-30
-19
-34
-26
-10
-51
-33
-32
-61
-72
-74
-66
-26
-37
-13
11
-6
4
14
41
35
26
50
65
46
35
70
67
89
69
68
99
68
72
42
71
49
90
108
94
102
137
113
105
78
44
50
-24
22
38
62
137
85
108
137
161
162
184
226
228
190
252
251
225
199
207
218
225
235
223
212
151
170
136
181
153
129
138
60
132
113
59
66
56
55
53
40
18
-20
-56
-46
-69
-59
-8
-4
1
-32
-50
-16
-28
-14
-41
-59
-65
-55
-51
-21
-18
-20
13
32
40
64
15
-16
22
-19
6
-10
46
91
91
96
75
109
91
54
77
79
83
80
98
97
87
104
90
100
83
40
49
59
87
60
46
78
58
85
102
101
130
179
102
100
97
103
157
155
167
147
141
169
142
111
160
144
138
131
173
146
116
115
135
138
126
130
131
138
126
152
105
98
84
81
95
71
43
24
8
-36
-17
-23
-32
-8
10
-31
28
52
76
74
82
107
71
93
43
84
155
128
127
135
186
186
168
169
190
224
188
190
176
237
210
209
233
248
272
282
266
198
160
117
126
131
163
120
104
80
94
155
112
127
165
97
78
9
-64
-105
-149
-168
-174
-113
-37
69
132
147
171
194
195
223
231
163
158
146
135
137
150
156
150
168
192
222
241
260
234
261
258
228
224
200
175
162
106
151
119
163
175
145
211
199
261
269
238
197
184
152
190
163
157
180
168
169
202
232
246
226
218
223
221
238
205
170
145
156
134
123
159
174
198
217
206
229
221
216
241
255
253
259
206
196
184
213
275
292
295
303
267
269
283
317
283
244
257
257
235
234
234
202
178
208
200
133
132
162
126
75
105
101
78
55
42
61
93
78
67
77
108
95
134
176
192
246
244
248
232
204
207
177
183
210
209
279
214
267
335
310
327
344
409
420
403
387
345
281
297
273
276
312
315
354
330
367
356
345
343
293
264
259
205
185
176
129
98
88
112
112
118
148
165
174
187
126
94
96
68
24
24
14
-1
21
60
43
64
57
50
47
26
90
69
85
99
150
149
154
152
145
113
68
107
124
97
113
113
87
155
161
155
156
197
132
90
70
103
106
100
76
31
82
70
129
134
175
167
143
173
127
121
117
68
51
76
47
62
81
83
83
93
63
72
67
76
94
68
98
101
70
52
63
64
79
73
72
64
56
113
89
55
43
29
61
55
84
114
140
139
127
209
215
231
244
211
229
257
278
246
220
229
199
178
229
197
171
206
156
138
150
179
215
187
154
146
129
114
155
121
108
56
28
-5
-8
24
-52
-77
-49
-120
-153
-96
-115
-91
-79
-30
5
67
46
97
115
128
156
153
173
233
263
200
235
270
267
267
248
195
150
140
156
166
199
222
205
239
200
214
229
183
181
136
114
89
68
16
-29
-38
-28
-29
8
-26
-56
11
40
61
34
46
30
32
72
97
143
163
115
126
138
130
173
214
218
248
282
300
292
271
322
312
337
339
353
373
373
334
340
333
289
283
286
295
313
307
208
216
208
167
109
102
86
73
61
111
95
65
59
-18
-66
-127
-107
-127
-116
-82
-81
-94
-79
-61
-22
7
15
61
53
60
71
93
78
61
42
99
124
82
95
67
71
56
109
108
127
102
113
155
124
126
192
201
201
193
183
183
209
150
113
113
109
128
88
78
54
78
88
104
95
69
100
111
95
111
120
90
74
102
36
13
7
-33
-62
-77
-91
-84
-83
-81
-56
-35
11
0
-10
-4
38
40
21
-1
-10
13
-39
-49
-15
-8
-16
3
12
-7
15
30
31
77
86
32
61
6
-51
-57
-32
-26
-17
-17
30
112
86
111
112
63
87
109
57
73
97
85
78
77
75
13
-25
37
33
67
17
36
96
99
99
108
111
89
54
6
5
2
17
0
1
-35
-39
-54
-45
-33
-42
-43
-93
-112
-99
-112
-123
-85
-73
-61
-38
-37
-39
-37
-6
-34
-57
-40
24
28
32
31
34
50
23
31
61
70
110
145
150
115
91
76
44
-1
-41
-51
-108
-126
-137
-168
-167
-198
-249
-259
-269
-283
-258
-294
-342
-294
-276
-238
-164
-168
-182
-148
-128
-129
-129
-149
-108
-103
-90
-11
-16
11
20
58
79
42
65
86
81
57
108
94
42
83
142
110
98
129
99
82
103
72
25
23
22
34
65
75
73
57
51
53
24
20
-4
-40
-10
-39
-92
-70
-66
-72
-48
-49
-29
-54
-69
5
-86
-123
-140
-157
-112
-120
-112
-177
-195
-166
-187
-182
-157
-228
-224
-231
-229
-230
-263
-228
-191
-159
-142
-149
-121
-127
-180
-161
-200
-180
-121
-184
-130
-142
-107
-122
-133
-89
-105
-92
-163
-143
-94
-121
-47
-40
-37
-54
-50
-41
-24
11
0
8
5
31
24
106
97
42
70
76
16
-12
-32
-77
-48
-80
-84
-87
-95
-55
-65
-88
-23
-70
-76
-47
-141
-170
-225
-280
-277
-273
-290
-264
-269
-224
-245
-244
-158
-149
-119
-53
-44
-2
25
26
27
9
-16
-19
21
3
46
28
5
-11
-10
-29
7
-10
-46
-76
-96
-31
-7
18
-2
-31
-61
-37
-83
-113
-122
-99
-83
-140
-88
-115
-130
-72
-57
-95
-104
-46
-77
-45
-59
-58
-51
-75
-80
-76
-94
-83
-39
-10
-15
-101
-77
-55
-51
-62
-78
-100
-169
-150
-110
-137
-139
-145
-135
-156
-104
-97
-97
-40
-23
4
-24
-47
-7
-61
-38
-113
-121
-87
-97
-74
-89
-67
-67
-53
-33
-38
6
-7
-51
-18
-60
-15
-13
-63
-10
-33
-69
-97
-124
-141
-159
-134
-141
-187
-148
-166
-140
-96
-133
-120
-117
-156
-168
-166
-121
-138
-134
-134
-101
-82
-52
5
5
37
58
67
113
114
107
158
170
105
121
130
134
142
123
92
99
143
129
179
206
207
256
256
255
247
186
169
153
150
114
80
46
42
10
17
-44
-15
-5
-25
-58
-76
-75
-57
-67
-75
-92
-87
-84
-113
-124
-161
-151
-159
-151
-142
-153
-170
-155
-157
-132
-98
-63
-97
-49
-69
-108
-93
-95
-108
-88
-18
-47
-41
-20
-23
15
-21
-58
-28
-30
-32
-46
-6
-68
-59
-32
-70
-78
-85
-82
-86
-96
-58
-45
-4
-12
2
23
-13
-9
4
-8
-24
26
0
-12
-49
-31
3
-4
74
90
153
186
181
203
188
100
118
98
83
126
106
148
160
167
177
113
100
104
82
116
117
112
95
120
100
76
101
110
65
16
35
26
-40
-89
-54
-71
-64
-38
-41
-65
-64
-66
-99
-134
-176
-206
-226
-217
-215
-221
-171
-139
-171
-178
-157
-152
-95
-145
-112
-106
-102
-116
-118
-85
-169
-159
-142
-94
-145
-135
-83
-94
-69
-76
-46
-54
-42
-35
-17
44
-24
7
-33
-60
-89
-108
-87
-102
-133
-200
-208
-181
-165
-223
-196
-166
-120
-129
-193
-178
-195
-239
-231
-269
-321
-318
-319
-272
-246
-268
-252
-226
-265
-244
-191
-234
-212
-236
-185
-189
-191
-181
-225
-255
-233
-245
-276
-267
-249
-266
-265
-220
-219
-196
-171
-203
-240
-247
-229
-225
-244
-228
-222
-223
-196
-171
-166
-132
-130
-141
-165
-143
-129
-110
-25
-18
7
-9
-70
-106
-127
-142
-147
-121
-154
-200
-190
-245
-279
-276
-296
-325
-333
-331
-292
-277
-277
-263
-252
-302
-309
-286
-301
-291
-280
-270
-277
-240
-244
-213
-219
-210
-220
-229
-183
-200
-116
-90
-67
-77
-44
-24
-66
-91
-120
-138
-212
-205
-229
-271
-276
-292
-273
-283
-305
-255
-268
-278
-258
-320
-304
-333
-329
-277
-317
-314
-301
-288
-326
-267
-259
-309
-234
-214
-258
-225
-221
-236
-237
-200
-166
-209
-234
-191
-178
-165
-161
-155
-160
-188
-226
-226
-267
-299
-273
-303
-333
-327
-308
-341
-309
-298
-308
-335
-362
-360
-370
-299
-278
-270
-245
-269
-228
-215
-249
-280
-319
-303
-327
-279
-253
-239
-247
-234
-267
-313
-267
-276
-294
-344
-336
-319
-236
-265
-281
-252
-285
-296
-310
-344
-373
-392
-374
-402
-381
-402
-409
-372
-362
-347
-359
-339
-321
-314
-259
-261
-297
-268
-255
-223
-234
-262
-268
-310
-316
-336
-281
-257
-298
-253
-259
-246
-262
-272
-250
-245
-320
-276
-297
-269
-267
-310
-274
-248
-216
-212
-206
-251
-244
-297
-313
-292
-328
-278
-306
-307
-328
-373
-374
-343
-353
-348
-400
-343
-318
-321
-298
-345
-330
-318
-291
-363
-347
-286
-321
-350
-334
-352
-361
-293
-280
-257
-243
-156
-124
-129
-79
-71
-56
-43
-45
-56
-48
-58
-75
-102
-64
-73
-71
-59
-61
-68
-110
-99
-101
-95
-128
-136
-141
-91
-89
-131
-118
-167
-238
-288
-361
-367
-339
-345
-350
-372
-369
-352
-305
-277
-292
-251
-248
-229
-269
-269
-259
-272
-241
-232
-166
-145
-175
-157
-134
-138
-98
-157
-137
-117
-81
-58
-49
-51
-66
-81
-84
-119
-122
-121
-167
-168
-135
-156
-180
-170
-194
-104
-111
-111
-133
-145
-134
-198
-215
-234
-246
-240
-250
-254
-217
-203
-182
-187
-168
-125
-139
-147
-139
-104
-85
-124
-98
-72
-58
-50
-56
-68
-86
-50
-53
-110
-73
-91
-122
-87
-96
-85
-71
-49
-64
-66
-62
-53
-64
-34
-70
-72
-15
-36
-28
-67
-41
-63
-71
-44
-38
-67
-136
-142
-174
-130
-126
-135
-69
-25
35
31
1
-14
-29
-53
-82
-126
-109
-147
-150
-182
-149
-138
-175
-153
-176
-147
-128
-116
-137
-113
-122
-150
-145
-167
-218
-258
-223
-240
-250
-209
-168
-134
-57
-66
-62
-74
-53
19
-6
-2
24
60
54
1
-19
-34
-77
-62
-44
-32
-70
-41
-17
-69
-67
-31
-42
-56
-33
-37
-47
-15
-17
-15
32
25
22
3
-14
-18
-20
-42
-56
-33
-122
-122
-71
-101
-144
-152
-178
-192
-179
-206
-167
-130
-132
-63
-43
-27
-15
-55
-80
-88
-90
-102
-74
-86
-110
-121
-120
-131
-119
-121
-127
-129
-83
-95
-34
18
0
15
27
70
56
62
95
25
11
-24
-70
-78
-157
-151
-176
-213
-234
-202
-209
-210
-255
-243
-209
-181
-160
-106
-89
-104
-70
-69
-25
-35
-18
-41
-50
-12
-17
-43
-29
7
2
-42
-36
-23
-28
-46
-37
-19
-13
-12
-9
70
31
32
17
26
11
-53
-82
-99
-81
-67
-94
-63
-76
-133
-95
-71
-104
-89
-91
-80
-75
-86
-76
-55
-84
-100
-92
-131
-76
-63
-16
22
69
135
98
91
91
62
106
83
74
46
18
11
17
10
36
38
19
49
-24
0
27
10
-10
-29
-27
-31
-19
12
2
16
2
-42
-43
-48
-66
-77
-74
-48
-49
-16
-62
-29
-43
-42
-16
-33
22
20
14
27
52
72
63
38
71
34
34
25
-18
-28
-58
-76
-45
-22
-26
-35
-39
-20
-21
11
-2
18
65
39
28
64
8
-12
7
-23
-46
-49
8
41
49
56
17
0
54
18
57
31
-2
6
-38
-7
-46
33
20
1
22
23
36
29
35
22
65
77
102
125
146
129
89
79
36
5
-7
-3
-26
-30
-27
-27
-27
-42
-23
9
-43
-60
-81
-69
-76
-75
-30
-39
-17
-91
-89
-91
-84
-84
-98
-108
-87
-123
-130
-88
-86
-32
-23
-26
-5
-40
-66
-53
-62
-55
-36
-21
-9
-8
-37
-17
4
-2
12
0
11
-26
-60
-84
-156
-201
-238
-238
-241
-231
-245
-240
-209
-179
-186
-158
-107
-112
-112
-76
-83
-75
-120
-89
-70
-75
-37
-35
4
-6
28
14
65
29
25
61
42
65
90
85
84
96
82
77
14
10
-18
-92
-50
-75
-65
-47
-48
-10
-26
-6
-36
-37
-59
-96
-100
-121
-133
-168
-186
-167
-134
-174
-159
-176
-107
-123
-167
-173
-160
-167
-153
-119
-138
-120
-168
-202
-213
-230
-238
-224
-201
-220
-197
-198
-176
-198
-187
-141
-176
-167
-156
-158
-187
-191
-200
-154
-211
-198
-156
-98
-92
-86
-46
-18
-22
-8
14
-37
6
15
-34
-36
-87
-121
-93
-22
-33
-57
-16
-47
-25
-12
-15
3
16
30
47
-6
19
-8
-21
-38
-57
-45
-69
-61
-69
-95
-85
-79
-81
-41
-44
-31
-5
-11
-72
-101
-134
-153
-205
-176
-178
-215
-141
-121
-125
-95
-65
-81
-108
-103
-34
-60
-47
-18
-45
-30
-37
-54
-36
-77
-86
-69
-124
-101
-134
-188
-210
-216
-223
-202
-170
-168
-114
-124
-103
-99
-92
-77
-75
-27
-1
-14
-37
-23
-13
55
67
111
131
134
93
18
25
-11
-21
-7
2
-13
10
15
-7
-25
3
-50
-10
9
-13
-43
-37
-8
-76
-38
-91
-149
-136
-178
-195
-143
-139
-103
-59
-44
-35
-8
38
23
78
104
1
21
17
13
-21
-55
-31
-97
-56
-83
-134
-118
-122
-97
-78
-55
-33
-12
8
-3
-17
5
-7
-13
-35
-35
-11
-24
-57
-55
-47
-99
-62
-102
-179
-163
-182
-129
-128
-149
-158
-136
-105
-90
-53
-67
-79
-39
-49
-52
-31
4
7
5
16
62
66
58
94
78
91
109
130
184
184
148
202
163
139
115
102
126
78
90
134
136
134
108
89
54
42
-3
-24
13
-31
18
-52
-27
-10
0
-15
-31
-8
-38
-59
-42
-27
-45
-20
-21
21
19
31
-18
-22
-95
-125
-133
-168
-127
-171
-99
-83
-124
-79
-36
-61
-2
39
32
49
-9
-18
6
-51
11
12
-45
-1
-41
-50
-43
-66
-54
-75
-130
-43
-35
-28
-37
-65
-52
-87
-48
-40
-2
-8
5
21
22
6
-4
-58
-53
-78
-92
-60
-73
-33
-53
-4
5
33
69
114
89
99
98
141
168
201
180
111
120
94
105
63
45
32
37
58
40
62
72
84
152
112
140
168
168
149
104
113
57
48
50
102
91
101
150
131
131
84
77
107
86
93
122
115
134
151
153
129
147
141
116
107
73
72
40
72
74
125
81
92
114
57
61
67
66
22
30
-2
1
-30
12
19
13
21
-22
0
7
4
18
44
63
71
86
50
46
82
68
90
86
67
11
56
27
16
28
7
9
49
48
27
83
43
53
-1
3
6
-47
-56
-46
-11
12
-5
-8
-27
6
6
-30
-32
-74
-35
54
-18
-16
60
30
22
14
63
85
102
45
32
97
70
57
131
121
148
171
145
173
146
112
104
93
83
79
90
138
120
178
173
138
104
49
25
30
52
-8
29
53
32
5
22
11
57
82
73
107
92
107
130
101
83
58
10
13
33
14
38
4
21
64
75
106
107
80
77
106
114
120
136
170
193
165
77
87
61
20
2
-27
-35
-36
18
46
5
59
89
72
32
12
32
-11
-8
4
-50
-41
-85
-98
-12
-63
-34
-3
19
4
8
33
11
67
48
13
24
55
53
40
13
2
-13
-26
4
-34
-16
-1
-2
31
45
30
79
87
91
104
104
138
83
94
103
100
112
105
89
65
21
34
34
20
17
18
-22
1
48
69
77
60
49
55
48
60
56
24
73
94
83
45
98
103
109
94
72
51
51
121
147
150
161
208
186
200
151
155
144
152
106
114
114
89
125
106
125
117
116
90
104
120
64
110
98
117
142
129
149
95
94
74
57
43
45
48
2
-3
-2
8
-41
-51
-1
11
-6
-11
-5
-2
13
6
6
55
57
78
65
118
130
128
169
143
133
166
103
108
142
103
103
73
63
41
19
-2
-28
-51
-38
-25
-30
-58
9
25
31
27
8
57
53
69
37
37
60
11
59
48
12
-9
51
84
41
90
84
104
156
135
122
156
167
202
137
94
110
115
105
95
99
86
82
70
39
24
-36
-31
10
44
45
28
31
22
37
64
91
70
87
10
1
-17
-42
-32
-32
1
0
-2
33
39
9
61
16
33
46
18
6
-44
-46
-95
-61
-56
-71
-87
-50
47
12
79
85
126
122
79
59
89
98
57
38
18
47
48
30
56
96
95
93
126
175
185
174
191
206
213
177
148
112
116
99
70
59
49
31
-3
-29
-43
-14
-25
-21
-15
10
6
31
-13
-3
23
49
66
101
109
109
122
63
71
32
-14
-38
-12
-1
46
83
67
70
64
77
117
106
109
134
119
105
128
112
110
86
111
77
92
45
29
31
47
63
40
65
41
41
-21
-24
-54
-38
-16
-27
-21
-48
-45
-22
-70
-90
-89
-61
-62
-53
-10
8
-7
25
64
53
65
61
43
7
27
42
74
88
179
152
125
144
153
149
85
57
9
30
-7
2
-23
-71
-69
-38
-27
58
93
97
128
107
135
116
121
86
91
104
83
88
49
61
63
58
94
84
35
-5
-10
4
12
19
24
41
54
18
58
31
41
107
82
93
125
122
115
154
114
140
96
121
148
117
136
150
166
120
115
126
118
130
102
91
78
-6
-14
-12
-53
-23
-33
-23
-24
-22
-4
19
9
13
25
29
-22
12
15
-6
20
-11
6
-32
5
-3
-12
-19
-24
21
29
83
67
103
159
173
165
155
125
126
129
152
179
186
278
230
227
290
249
214
194
190
185
195
206
164
150
128
154
146
122
125
120
127
133
121
109
99
64
29
9
4
-5
-51
-54
-89
-62
-87
-137
-86
-111
-96
-126
-92
-74
-50
31
81
36
51
78
63
87
74
89
94
102
84
76
104
109
142
138
131
135
138
116
121
159
138
120
149
94
66
57
42
88
45
64
24
19
74
69
43
30
44
21
52
44
33
27
1
-19
-26
-36
-19
-30
-49
-39
-19
-53
-37
-31
-70
-81
-104
-139
-132
-114
-118
-124
-94
-56
-118
-96
-89
-67
-91
-99
-98
-54
-84
-110
-87
-103
-79
-127
-123
-62
-110
-80
-49
-71
-83
-103
-92
-110
-163
-111
-115
-83
-4
-38
-21
-23
38
24
54
101
112
71
42
30
-2
-10
-38
-38
-59
-71
-43
-107
-135
-128
-174
-171
-180
-150
-155
-191
-191
-240
-228
-248
-278
-242
-257
-234
-236
-203
-167
-118
-102
-142
-17
-4
-19
55
46
36
63
60
44
41
25
0
28
-31
-30
-46
-67
-30
-46
-50
-21
8
-8
-30
1
-47
-66
-42
-39
-63
-65
-112
-68
-61
-85
-56
-116
-97
-112
-96
-81
-66
-47
-36
-4
16
-7
-31
-36
-56
-55
-27
-52
-16
2
-5
19
12
31
9
-5
-16
-36
-70
-73
-91
-25
-32
-37
41
12
21
-30
-20
-34
-93
-103
-133
-99
-119
-67
-46
-83
-14
-17
-51
-35
-60
-57
-68
-132
-143
-150
-120
-98
-122
-162
-145
-101
-98
-123
-78
-54
-54
4
18
-15
6
-2
-42
-43
-7
-37
-47
-75
-82
-23
-36
19
68
100
91
101
78
39
41
72
69
-1
-34
-34
-56
-89
-118
-117
-135
-145
-166
-162
-166
-187
-142
-111
-107
-85
-33
-53
-24
-35
-22
-17
-4
3
-16
-22
-9
-13
-55
-19
0
-7
-29
-21
-20
-5
16
6
12
17
52
24
5
33
27
-38
-73
-44
-46
-51
-58
-61
-104
-118
-130
-111
-113
-85
-111
-125
-64
-71
-49
-46
-99
-123
-65
-55
-75
-122
-108
-77
-99
-43
-72
-69
-144
-134
-93
-123
-134
-92
-78
-84
-81
-69
-33
-37
-16
-23
-27
-15
-72
-85
-3
-8
-60
-25
6
10
60
107
35
4
-9
9
-12
-51
1
24
5
40
77
33
28
-10
-8
5
-2
12
-21
-8
-37
-42
-62
-89
-48
-39
-59
-62
-9
-26
-75
-76
-55
-59
-58
-46
-64
-99
-66
-69
-79
-93
-82
-68
-86
-120
-131
-153
-163
-193
-155
-122
-143
-107
-143
-165
-150
-148
-119
-92
-113
-83
-112
-93
-109
-121
-119
-86
-87
-65
-72
-66
-73
-88
-76
-79
-102
-87
-59
-13
10
39
52
30
35
-24
11
-16
24
-14
-3
12
10
10
13
9
-17
-1
-60
-118
-112
-85
-123
-52
-23
2
10
34
29
82
49
8
71
39
55
27
32
29
-27
-44
-52
-54
3
4
-32
-2
22
22
6
20
34
32
35
35
36
40
48
6
-26
-43
-110
-81
-101
-112
-72
-69
-52
-9
-25
6
8
23
46
47
62
31
7
-19
20
19
-31
-31
21
15
-31
26
68
54
79
143
138
171
150
141
133
69
91
88
70
67
69
78
103
59
93
90
93
92
128
169
146
139
116
97
98
92
54
83
78
63
31
2
-57
-36
-28
-84
-64
-85
-12
33
46
44
41
2
-2
-24
-21
46
14
19
-16
-13
-11
15
0
-31
-57
-73
-13
-38
-9
-54
-67
-58
-53
-77
-114
-72
-104
-110
-119
-74
-97
-122
-111
-166
-103
-83
-121
-109
-126
-114
-37
9
32
38
8
34
7
11
-20
-33
-50
-33
-22
2
51
21
49
67
40
49
62
31
77
70
48
39
39
43
14
-23
-2
-10
-7
-21
10
-19
-31
-24
-18
-2
-6
3
34
46
45
122
108
126
112
84
68
69
80
90
107
107
82
67
60
74
65
122
90
91
69
39
51
50
49
37
48
-2
37
39
21
33
49
44
31
56
2
28
41
17
5
-18
5
1
5
26
31
70
59
87
121
112
141
90
133
91
121
141
121
154
98
122
71
50
58
7
26
27
36
47
97
116
140
188
158
147
174
141
117
131
99
91
81
87
129
144
154
207
210
215
243
237
216
221
226
237
193
145
123
101
31
24
34
15
86
65
99
65
123
122
72
77
112
106
114
113
96
106
54
27
62
93
78
47
59
88
55
80
73
151
119
194
205
195
228
207
232
228
189
95
130
153
151
173
161
166
179
183
147
187
189
176
222
182
174
187
219
206
157
160
147
112
104
86
83
62
102
96
77
120
166
155
139
194
218
208
253
245
236
222
276
223
150
138
97
160
172
163
171
188
197
210
209
199
191
145
164
138
132
164
152
158
144
128
169
130
136
101
73
97
111
101
81
65
76
109
85
115
122
158
165
187
181
136
74
63
114
70
107
85
44
67
54
97
124
163
170
161
133
117
140
145
139
124
146
220
194
248
283
291
282
210
166
132
158
124
103
96
84
92
116
100
79
66
127
145
79
88
115
106
108
54
50
61
76
111
101
111
99
102
66
67
26
-4
-19
29
-6
-14
19
29
30
57
35
24
26
14
37
-62
-49
-70
-62
-74
-67
-64
-82
-38
-24
-22
-48
14
18
22
36
-22
3
12
-6
7
34
37
6
71
106
79
94
121
119
126
99
96
101
90
51
29
34
33
42
49
35
36
43
59
44
54
72
63
82
117
67
91
89
64
56
20
-6
-53
-24
-52
4
50
42
102
120
112
121
125
116
139
138
146
96
54
79
96
88
86
84
114
107
107
141
102
108
153
150
163
192
193
171
163
182
165
164
144
108
118
92
66
118
98
101
102
99
91
109
152
147
103
132
96
36
62
55
41
47
119
126
147
112
73
67
64
64
14
42
74
66
71
60
57
32
30
41
16
63
104
90
89
114
122
136
109
113
105
113
134
116
127
115
93
59
35
-1
-15
21
-5
-30
9
-19
-7
-6
-11
-51
-74
-43
-80
-78
-55
-83
-33
16
2
-33
6
11
-29
-23
-57
3
27
-2
32
67
56
51
67
62
30
17
4
42
13
75
53
24
29
8
-2
6
27
-40
14
-33
-18
0
-16
-4
14
49
56
73
99
100
78
120
121
77
38
-11
7
-23
-6
-3
-13
-18
-10
30
73
60
36
41
35
5
-13
-62
-58
-4
-86
-126
-109
-77
-82
-84
-62
-77
-35
-28
-30
-20
-27
-46
-2
0
-24
-26
-36
-13
5
52
47
33
31
18
-5
0
45
46
15
28
44
23
56
25
-6
32
-36
-7
4
-64
-35
-72
-25
12
9
54
99
18
10
-39
-44
15
4
34
0
11
45
33
46
18
49
40
42
29
18
93
91
30
39
24
16
7
-27
-12
-57
-70
-49
-79
-30
-54
-79
-39
-69
-68
-83
-83
-71
-4
-11
32
72
84
47
50
98
99
88
88
128
141
107
84
79
114
155
158
167
167
154
121
121
143
138
107
120
106
92
71
55
59
65
42
25
28
40
88
87
71
56
34
47
76
114
70
85
88
50
98
74
124
133
124
116
74
105
133
178
160
188
196
215
233
176
162
134
138
127
99
133
113
99
77
57
79
70
113
101
91
110
105
137
129
139
187
169
199
188
179
194
199
143
145
141
110
189
173
208
203
218
239
225
236
216
210
219
191
162
148
167
117
118
114
148
197
163
179
189
217
190
236
222
205
248
259
280
268
246
254
202
177
169
186
178
140
210
192
251
272
282
276
274
272
241
251
280
259
189
169
191
236
212
137
89
99
65
45
41
16
52
50
57
51
48
57
40
61
75
111
122
143
127
142
197
159
147
123
148
157
158
175
203
151
166
170
130
123
109
193
216
226
238
250
296
302
258
266
277
233
227
231
191
185
191
193
186
140
170
188
176
184
181
214
214
211
245
256
217
214
227
262
212
272
251
253
242
195
195
163
199
173
154
177
153
155
191
205
219
186
203
198
159
204
153
170
181
158
229
226
216
175
206
179
176
188
144
140
191
236
223
262
251
253
244
189
122
77
67
59
28
15
7
42
77
65
74
67
61
63
87
111
143
113
130
151
117
156
177
174
153
175
140
152
208
167
192
180
167
152
119
141
114
162
158
119
178
192
202
158
235
271
266
263
232
201
184
155
159
190
156
168
167
182
178
223
211
222
208
196
226
172
161
165
115
94
82
66
4
-1
-19
-64
-53
-20
-34
-42
-8
