SAMPLES:	16002
BITSPERSAMPLE:	16
CHANNELS:	1
SAMPLERATE:	16000
NORMALIZED:	FALSE
229
221
222
263
291
334
282
326
370
294
328
313
321
283
283
284
256
254
246
270
318
300
300
283
310
323
280
301
332
330
306
297
342
325
309
315
285
281
280
331
312
358
378
384
371
383
388
372
388
389
371
390
367
380
386
368
410
349
356
379
406
385
377
384
392
384
399
422
396
420
402
401
399
403
416
417
427
409
415
405
367
378
402
358
353
315
340
378
324
375
368
338
327
334
288
304
301
316
321
306
345
348
367
351
294
302
312
312
314
322
295
290
292
294
287
325
285
256
279
250
176
169
175
150
209
187
173
142
164
164
189
186
153
135
127
111
129
186
187
213
189
158
159
116
130
94
98
113
118
144
135
158
167
128
135
172
151
156
153
195
211
216
200
205
140
151
126
83
94
13
13
51
51
20
13
-16
-31
-72
-121
-114
-149
-168
-123
-97
-66
-38
-36
-85
-76
-81
-82
-66
-19
-12
-39
-59
-28
-68
-102
-82
-58
-42
-41
-18
-40
-22
3
-24
-18
25
2
-61
-83
-81
-125
-91
-82
-82
-63
-79
-72
-103
-116
-118
-91
-108
-128
-111
-80
-105
-127
-158
-124
-156
-176
-169
-185
-202
-243
-226
-290
-280
-214
-210
-200
-210
-178
-153
-200
-217
-204
-195
-193
-203
-153
-157
-147
-147
-140
-184
-199
-215
-225
-227
-245
-215
-231
-192
-218
-234
-229
-207
-189
-179
-213
-241
-158
-210
-165
-137
-163
-211
-198
-177
-196
-196
-215
-213
-237
-227
-215
-240
-236
-256
-208
-248
-254
-215
-201
-245
-253
-239
-277
-254
-294
-244
-195
-211
-244
-205
-204
-184
-148
-185
-200
-200
-216
-250
-257
-264
-231
-231
-272
-265
-250
-291
-274
-297
-325
-270
-191
-175
-210
-251
-243
-209
-263
-298
-275
-248
-299
-309
-261
-258
-264
-211
-233
-243
-221
-225
-262
-197
-163
-207
-175
-154
-146
-143
-196
-219
-209
-248
-215
-172
-163
-180
-133
-116
-134
-171
-175
-168
-143
-123
-127
-101
-80
-38
-64
-88
-112
-105
-76
-102
-134
-181
-193
-213
-195
-154
-159
-118
-162
-197
-180
-163
-165
-121
-137
-125
-119
-107
-59
-60
-91
-95
-73
-62
-61
-49
-73
-24
-5
-12
11
15
3
-12
28
-8
-7
-8
-32
-16
67
26
-27
25
27
17
-11
12
32
-42
-19
-30
-49
1
-3
6
18
3
-14
29
19
7
12
-25
16
48
80
97
92
79
92
157
152
145
130
105
98
112
85
73
110
64
80
77
78
85
64
85
55
96
141
121
125
75
103
80
8
-1
-25
-63
-29
-25
-5
18
19
54
79
80
46
30
-1
16
18
-2
-13
-4
25
-11
-8
39
13
-22
6
-3
7
4
-10
31
13
22
14
-22
-34
-64
-75
-36
-59
-88
-87
-113
-92
-81
-98
-87
-79
-66
-63
-88
-74
-60
-75
-90
-100
-62
-64
-129
-95
-105
-96
-97
-110
-76
-45
-41
-47
-49
-86
-138
-145
-154
-187
-198
-201
-205
-247
-208
-243
-251
-207
-217
-215
-219
-225
-194
-218
-197
-176
-217
-189
-245
-261
-230
-216
-255
-262
-224
-282
-306
-264
-259
-226
-232
-199
-144
-124
-150
-128
-123
-134
-180
-155
-143
-129
-110
-105
-117
-139
-139
-118
-105
-105
-124
-111
-88
-107
-129
-149
-129
-124
-151
-111
-64
-107
-73
-87
-101
-67
-67
-110
-95
-109
-149
-116
-79
-53
-45
-23
-31
-34
-43
-28
-18
-50
-13
-31
-76
-51
-41
-66
-154
-128
-115
-128
-97
-105
-122
-100
-5
-9
-33
-35
-10
-14
-27
-26
1
-6
5
44
12
23
-20
-32
-18
-30
22
12
-47
18
27
8
4
13
58
75
23
30
46
5
43
69
58
53
31
74
90
79
107
79
82
73
65
112
107
144
141
46
54
38
90
155
100
146
181
112
130
147
168
145
145
117
95
117
146
138
174
242
209
196
188
174
151
236
185
138
151
125
135
97
99
67
85
99
146
177
149
136
162
194
202
243
238
225
250
254
221
265
257
268
232
290
302
258
292
293
289
309
342
352
350
367
331
293
319
285
285
303
319
304
275
232
212
268
259
292
257
268
283
278
304
298
312
304
352
300
314
276
315
293
276
320
283
310
277
261
280
321
312
277
270
308
301
321
323
307
319
308
323
270
219
246
228
206
199
218
260
192
174
166
144
132
126
127
120
105
78
115
119
114
106
121
98
58
73
68
104
105
83
111
83
102
100
106
111
127
133
116
131
90
83
100
118
94
98
120
92
122
106
75
64
35
73
101
90
77
125
124
129
123
109
108
122
113
146
134
98
116
82
25
-15
13
-10
-21
-11
-54
-23
-11
-29
-28
-26
-20
-11
-43
-30
14
11
33
-8
1
-20
-18
-5
-40
-20
-66
-68
-45
-98
-48
-66
-111
-94
-84
-105
-119
-118
-99
-116
-87
-67
-95
-74
-84
-66
-75
-111
-75
-92
-117
-119
-134
-123
-171
-202
-101
-119
-152
-134
-81
-63
-103
-75
-115
-135
-89
-92
-40
-59
-126
-147
-219
-231
-195
-203
-258
-241
-246
-255
-228
-228
-186
-207
-201
-148
-117
-139
-177
-172
-192
-218
-250
-251
-252
-200
-208
-273
-215
-234
-219
-211
-208
-172
-216
-189
-165
-147
-154
-173
-195
-185
-187
-271
-246
-219
-199
-114
-158
-144
-114
-77
-72
-90
-86
-67
-40
-66
-101
-94
-135
-148
-140
-185
-207
-232
-227
-220
-190
-192
-231
-261
-277
-278
-305
-277
-261
-251
-231
-251
-242
-219
-218
-202
-239
-210
-226
-242
-171
-236
-239
-234
-182
-185
-162
-140
-118
-71
-73
-47
-109
-115
-127
-160
-104
-148
-163
-169
-187
-224
-225
-239
-240
-233
-270
-241
-262
-262
-216
-225
-214
-141
-127
-166
-120
-126
-131
-155
-140
-107
-121
-92
-118
-113
-91
-96
-109
-107
-108
-90
-110
-85
-93
-97
-54
-100
-120
-155
-137
-141
-148
-113
-157
-163
-195
-257
-246
-234
-233
-220
-193
-222
-213
-192
-198
-207
-195
-140
-93
-87
-94
-84
-83
-86
-117
-111
-124
-139
-126
-175
-138
-137
-143
-127
-151
-143
-138
-132
-127
-162
-169
-124
-118
-126
-80
-92
-106
-73
-73
-41
-59
-22
4
10
24
48
69
60
68
28
38
66
30
8
19
14
21
48
37
1
45
31
81
93
30
27
-12
-54
-10
-25
-33
-54
-83
-40
-85
-74
-97
-32
-73
-62
-17
-43
-69
-40
-22
-32
-36
-43
-4
-31
-36
-33
-19
-27
-49
-39
9
2
24
46
58
30
44
21
19
18
8
67
46
72
47
30
75
57
70
147
105
78
68
73
77
47
25
-21
-41
-58
-45
-10
-26
-21
-9
-35
-28
-21
2
29
19
-8
34
-17
23
32
8
1
-19
-19
-10
30
55
79
71
133
119
118
132
152
166
195
201
226
247
230
248
220
191
217
221
241
207
192
177
151
141
120
78
83
49
33
28
-14
38
62
39
78
56
22
-8
5
46
36
47
38
58
73
18
30
100
111
136
171
161
169
145
146
124
154
92
114
144
118
115
122
137
91
99
124
161
152
174
180
165
187
214
197
224
195
166
177
201
188
171
166
203
210
180
177
251
210
173
192
191
201
201
217
230
206
198
171
162
127
161
176
147
207
238
226
227
208
206
225
232
284
300
250
229
225
173
136
168
157
158
136
152
196
165
201
175
186
199
177
170
146
137
117
140
141
156
178
183
188
160
169
191
191
172
176
182
206
222
230
226
205
186
208
223
246
216
233
266
214
284
254
241
266
256
252
220
235
220
172
174
190
173
183
183
138
121
134
182
171
179
210
175
147
151
160
156
164
183
182
173
206
179
164
206
234
212
222
227
222
256
263
285
309
358
351
380
391
357
375
349
329
362
391
382
401
384
433
397
384
394
374
392
384
411
367
346
354
397
377
390
351
318
321
307
267
253
276
231
269
271
316
322
327
338
350
309
309
316
318
313
294
313
330
336
324
391
399
357
312
357
388
357
352
334
315
360
332
320
379
376
397
395
434
358
303
346
321
326
332
323
394
416
429
419
393
378
337
331
295
256
292
279
277
282
291
296
275
322
279
294
340
314
326
298
312
347
292
302
277
293
323
307
329
355
369
391
399
400
413
443
462
415
417
459
429
411
392
424
381
414
477
414
462
461
470
476
479
487
431
435
395
388
411
446
458
445
430
432
388
312
306
308
312
321
247
291
285
289
335
293
221
230
252
230
243
228
272
283
311
298
300
329
287
296
301
305
293
299
324
325
313
329
361
356
377
386
374
339
299
304
300
277
266
304
326
292
291
309
335
352
307
278
300
276
304
287
253
267
249
329
324
282
291
277
255
253
283
256
256
265
294
320
332
316
281
311
273
206
159
138
152
183
165
172
208
201
215
201
215
244
247
199
181
191
151
145
180
158
136
150
139
156
121
121
145
164
168
209
199
157
150
170
158
177
228
172
164
143
176
172
207
179
158
162
158
187
207
176
163
153
126
114
43
65
66
88
94
88
91
91
103
95
152
102
97
136
126
155
166
182
119
94
88
37
-10
-20
-3
22
58
85
80
75
99
71
62
40
30
-5
-7
15
51
5
-18
-13
21
45
45
11
-32
-2
12
-6
-48
-21
7
-31
-10
21
48
49
0
17
-8
9
-17
-17
-19
-42
-101
-113
-79
-131
-89
-124
-185
-146
-174
-163
-159
-192
-161
-137
-108
-143
-106
-60
-77
-32
-19
-19
-39
-71
-106
-154
-86
-111
-68
-70
-80
-91
-117
-75
-69
-141
-130
-109
-154
-170
-193
-159
-170
-191
-223
-215
-197
-230
-209
-189
-184
-144
-184
-167
-180
-181
-184
-226
-221
-203
-185
-218
-193
-170
-169
-175
-187
-195
-144
-148
-141
-168
-155
-155
-225
-246
-230
-225
-185
-174
-197
-143
-162
-197
-200
-231
-212
-192
-219
-215
-220
-210
-203
-237
-259
-197
-189
-194
-211
-239
-237
-185
-162
-174
-212
-162
-191
-197
-197
-252
-196
-242
-226
-247
-242
-202
-221
-259
-255
-241
-234
-237
-265
-263
-311
-314
-309
-354
-328
-374
-395
-432
-430
-398
-340
-343
-353
-320
-359
-345
-345
-340
-361
-321
-311
-349
-357
-406
-410
-406
-424
-426
-397
-407
-397
-379
-393
-348
-314
-303
-313
-323
-354
-366
-336
-338
-314
-287
-292
-288
-288
-329
-286
-305
-329
-347
-353
-347
-377
-374
-394
-393
-361
-369
-389
-359
-344
-354
-348
-345
-355
-324
-285
-298
-315
-307
-254
-302
-274
-274
-260
-236
-254
-251
-227
-203
-224
-251
-284
-299
-289
-273
-272
-284
-263
-309
-340
-307
-333
-362
-387
-387
-407
-368
-357
-381
-376
-420
-399
-411
-443
-470
-448
-425
-375
-369
-350
-384
-386
-383
-400
-410
-419
-392
-404
-376
-349
-322
-346
-362
-374
-333
-347
-378
-355
-377
-401
-343
-269
-279
-207
-227
-283
-269
-227
-202
-212
-239
-247
-249
-282
-255
-238
-275
-376
-339
-325
-361
-351
-362
-358
-364
-362
-372
-381
-357
-373
-323
-306
-305
-316
-329
-322
-302
-309
-318
-310
-330
-344
-381
-373
-392
-373
-363
-303
-298
-271
-266
-279
-266
-260
-220
-289
-282
-248
-302
-250
-234
-221
-221
-231
-223
-221
-272
-267
-273
-272
-269
-294
-301
-328
-347
-377
-376
-391
-402
-375
-355
-358
-302
-296
-312
-272
-286
-267
-244
-260
-286
-308
-331
-294
-261
-322
-359
-355
-347
-340
-353
-354
-307
-277
-286
-259
-271
-264
-197
-232
-243
-202
-220
-263
-274
-302
-331
-317
-304
-273
-277
-259
-204
-200
-191
-206
-201
-197
-177
-136
-166
-155
-143
-163
-174
-250
-214
-226
-253
-244
-234
-215
-234
-192
-210
-157
-151
-152
-140
-82
-108
-203
-166
-175
-165
-201
-256
-228
-207
-221
-246
-251
-232
-204
-181
-168
-152
-158
-135
-103
-85
-136
-129
-110
-197
-162
-178
-195
-188
-162
-167
-127
-94
-93
-95
-114
-96
-65
-160
-189
-157
-132
-123
-176
-160
-168
-123
-100
-118
-115
-124
-117
-104
-49
-62
-22
7
-61
-21
-27
8
9
57
49
22
52
76
57
61
80
17
18
40
15
-1
10
18
15
-34
-21
-64
-107
-79
-58
-51
-36
-40
-16
-63
-79
-58
-60
-84
-47
-31
-34
-68
-115
-121
-127
-121
-109
-128
-118
-112
-107
-59
-41
-50
5
-22
8
-18
-44
-61
-83
-88
-92
-75
-69
-36
-11
35
69
80
67
94
60
70
52
47
22
48
39
81
105
37
39
19
57
12
2
-10
-31
1
8
37
68
80
39
49
13
-38
-22
-41
12
14
10
63
72
84
67
107
96
99
125
71
155
136
120
174
149
148
119
86
123
138
159
165
157
206
214
217
194
182
146
167
165
143
57
75
60
27
84
59
43
11
2
-44
-23
-32
-16
0
15
62
100
64
154
100
115
163
161
171
134
153
118
111
101
115
138
198
187
155
174
198
215
224
192
202
193
128
140
130
132
175
158
159
181
152
135
151
117
150
180
133
137
151
104
53
103
89
82
104
105
162
118
96
89
114
126
96
97
98
84
90
97
119
109
95
78
54
25
58
85
51
76
85
105
91
116
100
113
75
9
37
36
27
41
45
52
64
50
27
13
9
-3
0
20
28
2
82
70
40
98
118
80
98
86
51
63
60
102
71
93
161
132
152
207
197
146
137
165
153
144
120
99
89
92
103
97
48
21
38
-12
25
94
77
113
152
174
186
184
148
90
76
72
38
46
61
46
32
44
57
39
19
24
34
34
35
39
31
51
45
13
40
2
3
-4
-23
-15
-78
-72
-84
-89
-67
-72
-42
-32
-34
-67
-13
12
-25
-27
4
25
43
37
52
21
-16
15
65
74
90
62
67
49
79
102
84
40
59
81
31
58
63
60
-4
0
-28
-6
-7
-28
2
-52
-8
-1
18
39
42
10
53
66
55
76
20
29
-22
-41
-38
-20
-92
-64
-52
-100
-59
-67
-71
-82
-93
-78
-112
-100
-101
-86
-75
-113
-66
-43
-21
-32
-41
-68
-11
-37
-74
-10
-41
-32
-37
-25
19
-11
28
10
5
35
-3
-13
8
47
32
22
-8
-33
-28
-1
24
-54
-77
-63
-97
-62
-42
-53
-71
-14
-1
-32
-34
-33
2
5
42
14
45
47
49
66
62
110
79
96
90
89
98
74
47
36
52
-4
-13
3
-25
-17
-16
-33
-53
-32
-25
-66
-108
-132
-152
-127
-143
-183
-166
-171
-139
-130
-137
-186
-167
-84
-94
-84
-30
-52
11
21
27
50
113
102
79
59
74
60
43
48
40
28
23
-2
-26
49
23
-16
-5
-2
-61
-71
-101
-113
-93
-131
-170
-189
-219
-205
-190
-194
-213
-204
-165
-168
-186
-152
-155
-157
-123
-104
-72
-77
-68
-47
-14
-61
-67
-79
-82
-89
-85
-35
-20
-11
-23
9
-38
-32
-8
13
-32
-38
6
-34
6
-37
-5
-19
-74
-16
-51
-68
-89
-58
-43
0
35
3
10
-24
33
-2
-11
13
-31
-15
-16
54
39
12
27
-17
0
-28
-20
3
37
53
9
-2
34
25
6
-1
-35
-45
-30
-25
-41
-76
-39
-35
-48
31
19
17
21
40
106
81
78
36
76
102
67
58
8
3
-37
-34
-32
-32
23
76
102
77
80
103
107
82
82
36
16
35
18
11
10
25
66
11
-3
26
3
50
48
101
81
82
121
112
159
147
160
140
139
164
132
158
161
141
131
105
84
72
78
63
95
96
107
188
157
196
201
205
181
178
182
155
180
176
190
168
169
166
192
231
221
207
194
234
239
229
255
215
198
197
212
177
207
206
166
135
127
142
100
110
113
129
140
118
175
201
252
231
221
285
258
265
271
226
223
207
197
200
220
225
214
230
223
245
251
232
197
188
175
184
192
180
173
164
186
191
174
138
160
156
168
144
176
173
184
215
198
202
197
241
238
245
252
230
276
271
307
320
270
284
306
295
304
303
296
308
326
366
330
368
399
371
380
373
347
338
301
281
290
236
202
181
138
114
136
121
125
85
131
130
103
121
126
194
145
184
202
183
202
197
183
159
210
173
146
197
208
214
230
236
261
276
321
318
327
339
307
268
302
324
295
287
307
355
352
361
322
312
336
320
307
342
338
313
288
266
286
277
267
302
268
282
264
283
304
312
295
288
336
287
325
336
278
287
264
237
254
204
190
169
166
200
192
190
239
279
292
281
290
331
322
334
346
319
313
292
256
274
242
220
202
160
185
130
122
149
122
132
139
133
125
174
200
225
209
166
201
201
218
188
179
211
172
240
225
216
210
213
215
229
218
200
229
238
269
230
234
243
240
284
263
262
290
263
271
264
247
239
190
157
180
204
177
179
216
262
212
216
249
218
257
212
176
245
207
177
197
175
194
220
206
203
213
244
223
180
152
193
192
180
193
166
150
155
170
135
123
150
170
152
136
152
152
174
111
112
150
167
149
179
198
137
181
164
189
152
158
139
112
131
144
174
144
150
163
149
139
90
88
97
42
74
70
63
56
81
89
124
136
136
126
51
86
82
14
68
77
92
137
76
59
121
120
126
178
139
139
159
104
143
130
120
90
122
170
146
145
107
94
133
90
42
35
9
80
87
98
126
113
73
55
67
21
16
10
40
59
54
64
93
99
132
142
115
104
59
35
-4
-17
-23
-24
-38
-82
-79
-60
-87
-47
-122
-149
-113
-122
-87
-87
-60
-51
-57
-6
-5
-50
-26
-30
-18
-9
19
-23
-33
12
31
74
61
91
122
132
138
172
127
94
92
83
69
48
55
85
76
107
98
56
76
80
91
75
63
66
63
45
52
36
32
56
87
62
53
13
-8
24
-32
-29
-32
-26
-8
2
-4
-5
-20
-53
-54
-70
-92
-55
-100
-123
-77
-21
-68
-93
-117
-157
-115
-116
-91
-140
-103
-91
-59
-59
-47
-32
-11
-11
-38
19
-15
9
35
-15
-17
-33
17
9
16
48
40
58
66
36
-10
38
71
75
46
17
34
6
-14
-6
-24
-25
-60
-62
-56
-47
-37
-36
-8
-38
-12
-30
-41
-8
-30
-44
-63
-56
-43
-69
-58
-48
-40
-84
-61
-54
-43
-1
4
20
-18
65
48
55
54
76
123
75
124
92
75
79
44
44
89
59
16
10
-23
-64
-80
-44
-66
-74
-39
-39
13
-5
-33
-20
21
30
41
15
16
-28
-55
-16
-26
21
0
-26
-22
24
2
-25
10
-30
-4
11
29
8
5
13
64
59
10
8
-30
10
1
2
-19
-20
-8
22
18
12
-10
-26
27
6
47
65
70
89
54
0
9
-31
-46
1
-38
6
2
-35
19
22
6
54
43
19
80
74
63
60
45
67
80
106
59
110
91
54
71
102
102
54
69
77
109
64
50
68
124
59
96
83
25
0
3
30
-10
-6
-21
-42
3
-22
-24
-7
-46
-7
9
-15
-37
-32
-44
-17
16
-43
4
-6
8
70
67
68
39
51
80
94
89
107
135
129
147
188
159
120
143
129
144
127
174
140
96
113
69
111
81
108
99
82
104
91
118
95
95
93
90
86
66
70
115
107
116
129
113
133
130
133
99
50
97
102
108
104
79
114
73
69
49
45
34
56
78
57
70
97
120
98
90
117
158
160
196
220
180
174
212
154
124
137
163
141
122
114
111
51
26
56
17
41
34
6
21
26
47
69
55
92
75
85
113
145
119
100
101
88
40
79
93
148
180
163
185
189
194
175
202
134
132
134
115
121
138
103
64
63
94
135
155
109
119
108
110
143
81
44
6
34
55
45
34
55
47
62
77
18
-15
46
9
8
17
-11
72
78
77
104
88
111
80
55
1
37
50
56
60
39
47
36
54
-1
-7
21
52
93
101
68
75
119
122
110
104
72
22
78
139
151
184
183
158
183
219
213
212
221
187
215
189
165
142
116
83
53
104
94
111
100
163
226
195
207
187
119
50
63
55
-2
-1
23
20
33
43
-11
46
60
16
20
27
37
74
13
16
6
-4
19
65
83
105
71
77
56
4
39
64
97
131
171
172
204
149
152
135
86
84
88
83
30
36
69
41
-29
-104
-133
-128
-188
-209
-205
-209
-259
-269
-281
-235
-202
-224
-140
-88
-104
-165
-175
-178
-173
-176
-105
-68
-14
-33
-39
32
46
90
93
101
85
49
80
91
94
101
83
109
98
64
84
58
78
4
-24
1
-59
-53
-98
-104
-149
-162
-121
-135
-173
-163
-150
-154
-150
-134
-183
-158
-150
-180
-177
-213
-194
-173
-160
-157
-158
-166
-148
-134
-135
-78
-114
-82
-44
-70
-33
-52
-14
-17
-7
4
18
3
-31
-22
-14
-8
-31
12
15
43
26
7
-29
-51
-65
-33
-6
-53
-47
-53
-48
-77
-103
-120
-128
-158
-144
-91
-68
-105
-113
-96
-93
-116
-117
-143
-118
-116
-120
-72
-39
-54
-101
-69
-128
-118
-112
-85
-58
-62
-44
-63
-45
-75
-73
-82
-80
-103
-89
-117
-126
-112
-133
-132
-138
-128
-167
-185
-158
-194
-216
-217
-247
-206
-218
-212
-197
-154
-178
-187
-176
-190
-196
-184
-177
-204
-204
-153
-108
-134
-148
-151
-150
-134
-107
-69
-113
-144
-117
-155
-173
-199
-208
-218
-238
-245
-257
-248
-262
-230
-231
-170
-176
-143
-156
-154
-154
-139
-127
-132
-114
-53
-30
-55
-11
-32
-5
24
10
-27
-53
-78
-103
-87
-96
-142
-125
-115
-167
-187
-162
-149
-153
-103
-107
-145
-137
-154
-131
-140
-181
-152
-159
-183
-159
-153
-161
-134
-62
-74
-56
-20
-51
-46
-20
17
58
104
116
51
34
49
46
66
53
45
47
38
40
106
60
106
129
86
79
106
92
21
17
40
41
21
21
-1
12
6
10
73
86
63
92
107
23
51
49
44
126
85
112
119
98
87
76
94
74
89
139
148
154
155
168
209
200
269
316
275
307
369
342
317
303
279
267
304
297
288
314
301
310
294
294
282
277
292
302
286
252
232
238
240
194
166
147
169
204
234
241
260
280
233
212
271
289
278
312
330
376
378
361
322
353
389
331
336
340
314
318
357
379
378
395
394
403
414
372
332
358
389
404
337
326
338
291
283
270
276
303
298
275
326
338
321
262
299
290
293
298
297
336
323
280
303
308
278
263
273
272
313
298
340
392
405
401
410
483
462
412
431
407
332
367
339
331
321
254
245
234
244
195
198
145
130
158
221
272
211
258
295
282
246
255
232
193
150
151
185
165
202
191
211
222
199
215
223
227
176
164
164
143
101
108
140
106
85
100
84
92
101
125
85
130
130
114
152
77
95
116
126
134
117
87
64
46
-31
-39
-56
-42
-10
-29
-11
-40
-44
-37
-60
-53
-68
-54
-49
-76
-67
-82
-119
-101
-81
-38
-44
-85
-60
-130
-27
-1
-23
12
33
11
23
27
-20
15
32
33
56
55
-3
-32
-50
-82
-123
-125
-164
-189
-186
-217
-191
-205
-196
-166
-176
-136
-240
-252
-249
-273
-250
-270
-239
-288
-266
-303
-288
-268
-269
-253
-256
-284
-256
-209
-235
-218
-216
-238
-203
-165
-192
-192
-241
-190
-173
-172
-192
-206
-195
-209
-223
-276
-212
-223
-247
-181
-162
-154
-138
-134
-155
-166
-147
-171
-216
-161
-189
-189
-124
-170
-124
-157
-159
-162
-94
-61
-105
-87
-105
-97
-90
-126
-105
-102
-141
-138
-166
-150
-158
-146
-175
-175
-147
-153
-115
-108
-128
-124
-114
-149
-145
-171
-163
-200
-184
-198
-163
-132
-148
-125
-141
-156
-126
-124
-85
-42
-51
-24
-8
-93
-89
-30
-43
1
-46
-48
-13
-4
12
-16
10
22
5
44
18
40
44
41
51
56
18
1
-2
-20
-39
-81
-49
-39
-25
-27
32
29
13
20
-8
-22
1
16
32
62
64
68
94
57
17
3
39
30
-37
37
110
62
84
54
56
110
89
75
82
72
52
73
122
133
73
72
114
77
14
42
22
-4
23
8
16
-30
-9
-39
-23
-11
-43
8
24
67
44
36
101
73
58
46
51
31
15
61
28
23
36
46
77
72
49
86
68
76
122
158
140
161
171
149
124
110
155
140
179
202
237
298
315
303
304
294
293
284
271
265
232
222
208
222
150
168
182
207
191
231
234
223
242
250
285
269
261
238
259
220
250
266
277
288
292
290
306
284
314
305
327
386
378
404
384
389
397
406
431
463
423
417
435
444
421
405
444
411
452
465
446
466
449
448
494
508
528
481
503
510
491
538
537
492
427
432
421
441
419
371
441
443
489
486
516
512
506
454
439
438
428
419
426
458
431
501
462
469
458
458
485
460
482
518
535
533
563
611
540
508
489
460
482
500
531
495
543
548
516
555
540
581
576
526
547
553
574
546
499
455
428
427
378
379
346
342
373
331
353
388
424
405
416
463
460
455
486
440
374
362
365
337
328
331
312
326
332
339
370
339
322
367
393
386
418
420
425
415
383
350
321
306
271
230
232
193
165
160
206
201
196
201
211
171
123
120
108
81
48
13
-7
-1
-8
26
-64
-82
-101
-110
-100
-134
-176
-199
-189
-186
-183
-200
-241
-212
-217
-260
-257
-296
-299
-334
-321
-355
-342
-358
-351
-362
-400
-406
-377
-391
-372
-413
-384
-441
-511
-444
-429
-457
-451
-447
-488
-493
-491
-480
-491
-472
-545
-523
-529
-616
-661
-650
-709
-793
-752
-761
-765
-789
-792
-768
-773
-801
-773
-795
-831
-824
-866
-855
-880
-922
-927
-982
-946
-987
-1043
-991
-1010
-1050
-1008
-1016
-1031
-1012
-961
-903
-940
-908
-888
-923
-906
-916
-927
-924
-928
-966
-922
-918
-908
-912
-936
-865
-878
-874
-890
-912
-895
-860
-820
-814
-780
-798
-796
-798
-780
-725
-720
-753
-722
-697
-738
-689
-679
-654
-650
-670
-620
-595
-554
-552
-536
-539
-547
-479
-496
-514
-530
-536
-537
-555
-542
-570
-580
-584
-619
-596
-632
-650
-638
-667
-687
-688
-724
-734
-758
-802
-827
-850
-933
-914
-940
-955
-943
-984
-930
-951
-934
-907
-921
-933
-934
-920
-941
-953
-977
-978
-988
-997
-983
-1002
-982
-940
-934
-924
-933
-936
-888
-922
-984
-980
-996
-1028
-981
-995
-990
-955
-980
-960
-955
-926
-947
-930
-901
-854
-857
-817
-832
-842
-848
-906
-874
-867
-875
-877
-877
-893
-851
-850
-878
-787
-787
-761
-690
-670
-635
-612
-571
-551
-531
-538
-539
-554
-569
-536
-503
-472
-443
-428
-385
-374
-382
-356
-325
-328
-355
-295
-268
-251
-256
-241
-236
-274
-242
-227
-248
-265
-206
-200
-173
-151
-161
-170
-166
-162
-175
-129
-113
-111
-155
-142
-165
-187
-203
-167
-168
-196
-188
-224
-224
-251
-208
-181
-172
-139
-145
-93
-58
-58
-54
-14
13
-35
-26
19
19
-25
-4
-11
-3
-3
54
115
61
95
97
106
104
98
85
119
99
98
117
84
78
56
47
49
66
43
61
56
71
100
95
115
194
235
182
223
224
240
216
226
191
230
263
252
284
336
393
455
463
475
545
577
588
592
621
575
557
544
582
562
579
577
542
534
531
543
536
493
517
498
489
509
501
511
502
486
468
470
442
465
478
420
408
445
454
473
465
508
500
512
486
469
481
407
425
361
418
415
379
362
374
414
350
343
328
310
252
299
220
200
225
189
235
232
214
202
203
229
183
177
204
176
225
226
202
218
239
191
189
199
174
199
219
126
124
109
88
86
71
144
133
159
138
106
65
21
15
-2
28
31
63
72
75
108
80
40
68
8
18
-23
-72
-71
-92
-58
-103
-95
-110
-107
-103
-90
-60
-32
-40
-41
-46
-59
-47
-29
-63
-65
-44
-113
-111
-84
-84
-91
-62
-67
-52
-33
-65
-64
-47
-55
-44
-9
5
9
-26
-27
-55
-26
-60
-81
-39
-84
-84
-105
-128
-67
-40
-38
-28
-16
4
-36
-18
18
-15
-19
5
41
34
16
31
58
78
35
87
56
36
71
65
119
133
164
160
200
195
179
172
195
206
186
193
188
217
200
199
243
242
177
158
132
87
86
81
64
50
81
115
139
151
149
182
200
172
202
215
206
237
267
235
274
309
286
348
373
377
372
412
358
320
327
330
335
295
277
317
274
290
311
348
348
315
364
335
335
303
311
287
321
263
233
227
206
159
159
110
91
182
166
209
198
231
184
220
239
183
200
195
176
166
145
136
121
164
178
191
197
166
173
184
170
187
168
142
173
152
182
167
163
140
134
131
120
79
33
76
73
54
40
15
-15
0
-13
19
35
3
-14
-8
4
0
-41
-38
-34
-18
8
-2
57
62
33
33
47
49
64
70
82
85
88
105
122
102
105
117
115
132
153
195
239
228
183
154
162
99
118
104
124
134
107
156
185
221
168
188
118
91
80
34
77
70
73
63
77
64
81
28
58
126
54
72
19
33
48
15
46
69
84
84
98
113
100
84
56
89
120
82
99
137
135
114
134
158
167
171
165
161
157
133
120
126
78
74
92
117
122
92
80
126
106
94
88
59
75
101
107
93
154
198
192
226
217
251
259
220
241
200
207
211
263
246
228
251
167
188
195
175
135
68
53
46
68
38
47
77
43
91
48
23
20
16
-19
-57
-103
-93
-89
-135
-143
-151
-146
-140
-170
-173
-154
-185
-172
-209
-192
-145
-135
-166
-186
-189
-199
-204
-233
-263
-231
-229
-262
-230
-247
-270
-251
-271
-322
-365
-419
-421
-424
-419
-392
-428
-454
-501
-539
-570
-633
-660
-662
-677
-682
-716
-749
-738
-756
-756
-750
-739
-733
-728
-698
-712
-731
-724
-736
-759
-759
-775
-756
-783
-723
-705
-742
-742
-711
-685
-657
-658
-621
-613
-607
-617
-641
-623
-636
-633
-625
-628
-647
-645
-619
-638
-641
-641
-635
-637
-628
-530
-533
-534
-470
-442
-405
-403
-396
-400
-408
-400
-402
-367
-350
-301
-248
-215
-230
-225
-215
-161
-138
-158
-167
-104
-107
-119
-128
-144
-152
-150
-102
-86
-39
-63
-93
-94
-64
-83
-34
-3
43
62
80
87
63
90
95
135
142
107
116
133
129
178
151
187
198
210
199
140
210
193
218
200
172
188
177
179
157
128
133
141
116
158
170
114
137
180
161
140
153
100
175
218
222
242
234
196
209
226
170
199
188
177
207
245
209
247
228
274
239
191
262
193
164
135
145
144
129
109
89
107
125
128
71
86
83
64
22
12
28
19
41
-9
-41
-15
-38
-48
-47
-43
-70
-61
-46
-18
-88
-54
-7
-30
-4
-32
-4
34
58
63
23
33
7
-12
11
-18
-23
-18
-3
-7
9
63
85
62
60
88
94
68
99
58
101
97
95
57
1
-5
-32
-27
-92
-67
-56
-106
-56
-29
-49
-91
-114
-117
-164
-163
-144
-134
-168
-141
-181
-177
-136
-140
-149
-135
-132
-161
-126
-110
-83
-111
-83
-89
-86
-70
-63
-86
-92
-91
-68
-65
-139
-146
-105
-88
-122
-117
-122
-111
-117
-131
-148
-158
-128
-98
-102
-84
-85
-101
-147
-156
-91
-134
-88
-105
-103
-76
-89
-62
-78
-113
-92
-112
-177
-176
-171
-115
-142
-152
-159
-122
-90
-95
-117
-121
-91
-68
-70
-34
-3
-11
-20
-81
-52
-46
-94
-124
-127
-131
-182
-204
-194
-189
-210
-165
-143
-170
-159
-142
-161
-152
-164
-201
-228
-234
-238
-221
-229
-208
-234
-240
-168
-188
-188
-198
-199
-207
-221
-193
-219
-243
-262
-267
-250
-253
-280
-298
-260
-323
-312
-293
-298
-303
-341
-312
-361
-371
-345
-347
-329
-335
-331
-339
-305
-321
-347
-352
-295
-293
-321
-298
-265
-268
-336
-294
-290
-275
-319
-305
-279
-313
-268
-252
-299
-274
-256
-261
-267
-262
-195
-203
-201
-224
-211
-219
-251
-257
-273
-259
-257
-251
-256
-278
-270
-295
-349
-376
-396
-351
-386
-326
-355
-338
-322
-331
-329
-320
-370
-358
-348
-318
-306
-363
-352
-308
-283
-335
-293
-299
-293
-301
-340
-371
-349
-378
-360
-314
-326
-313
-323
-334
-392
-397
-354
-374
-372
-395
-434
-475
-451
-428
-417
-384
-387
-361
-324
-297
-290
-272
-233
-242
-252
-221
-225
-201
-216
-248
-207
-188
-222
-171
-153
-170
-176
-140
-101
-92
-51
-76
-40
-31
-73
-36
-39
-71
-33
-29
-67
-35
-32
-77
-49
-29
-37
-4
-70
-18
-37
-57
-88
-155
-107
-77
-56
-82
-107
-120
-83
-58
-75
-79
-77
-55
-34
-15
-15
-25
-74
-43
-73
-71
-63
-79
-67
-21
88
70
-59
-180
-98
116
209
83
-67
-74
39
155
99
23
78
72
38
13
55
55
-17
-60
15
84
78
-31
-104
-59
20
129
108
57
-71
-183
-111
-12
112
50
-128
-140
-93
-47
-12
-108
-161
-171
-153
-142
-185
-232
-289
-280
-214
-134
-171
-261
-363
-366
-297
-262
-321
-326
-375
-401
-410
-385
-369
-379
-418
-457
-453
-454
-508
-548
-554
-514
-432
-447
-532
-594
-621
-610
-585
-576
-559
-604
-599
-571
-594
-571
-502
-472
-473
-465
-497
-507
-547
-531
-461
-442
-403
-443
-423
-429
-489
-454
-450
-371
-371
-429
-422
-348
-278
-315
-297
-286
-233
-202
-239
-251
-265
-230
-114
-119
-123
-151
-150
-103
-62
-63
-103
-55
-30
8
57
65
48
34
57
118
167
147
107
86
141
136
148
171
197
213
225
269
303
330
352
321
345
359
365
335
340
381
367
353
304
346
333
353
347
430
465
397
383
377
427
428
439
421
352
387
373
333
381
350
297
313
310
285
276
291
257
204
209
266
302
268
241
230
243
221
171
147
107
55
23
-40
-30
-37
7
-15
-7
-40
-124
-163
-153
-115
-147
-86
-103
-141
-183
-189
-118
1
44
56
170
308
446
509
495
638
814
980
1086
1130
1178
1276
1416
1491
1576
1625
1624
1616
1545
1504
1515
1529
1483
1437
1435
1401
1311
1185
1108
1071
1071
941
860
779
690
630
580
559
553
525
421
417
425
425
400
407
445
411
343
375
363
297
304
222
189
100
-25
-130
-230
-285
-398
-494
-629
-739
-843
-885
-979
-1080
-1178
-1268
-1327
-1227
-1011
-1215
-1732
-2067
-1643
-1037
-1019
-1459
-1300
-418
52
-446
-1056
-527
732
1434
1146
850
1136
1523
1604
1566
1805
2234
2292
1924
1627
1621
1732
1521
1077
803
985
1084
657
-61
-470
-208
38
-50
-338
-493
-383
-209
120
466
363
-68
72
1180
2118
2038
1373
1272
1932
2558
2657
2477
2464
2511
2541
2730
2962
2642
2022
1742
2002
2319
2124
1570
1118
1068
1247
1406
1391
1046
721
663
903
1203
1293
1146
1086
1317
1702
1919
1908
1817
1903
2234
2533
2657
2484
2317
2243
2322
2511
2505
2212
1886
1715
1540
1413
1058
761
570
428
235
-206
-738
-434
1469
3476
2853
-439
-2025
836
5417
6476
3623
1493
2736
5289
5661
4418
4005
4875
5340
4864
4597
4689
3969
2265
1258
2345
3988
3835
1194
-1362
-1579
204
1539
744
-879
-1710
-1284
-859
-694
-392
293
877
1035
1010
923
1182
1993
3263
4110
3994
3466
3432
3917
4134
3971
3859
4147
4440
4148
3343
2378
1677
1655
2097
2466
2030
827
-192
-462
-102
376
560
320
-86
-347
-171
199
483
669
909
1246
1564
1678
1475
1349
1463
2023
2556
2577
2209
1625
1261
1328
1676
1775
1453
830
303
55
-48
-255
-638
-864
-949
-990
-1004
-1171
-1465
-1846
-2121
-1979
-1637
-1321
-372
1345
2374
1221
-620
-161
3113
6030
5866
4134
3507
4808
6141
6170
5606
5406
5668
5882
6107
5985
5011
3220
2036
2620
3820
3910
2212
85
-761
-163
837
980
220
-633
-906
-715
-239
443
873
1042
1151
1784
2752
3566
3852
3626
3605
4460
5931
6631
6014
4797
4340
4853
5603
5985
5425
4386
3504
3171
3394
3443
2951
2152
1656
1679
1837
1527
801
400
550
1063
1578
1659
1198
745
875
1731
2569
2827
2497
2187
2298
2721
3135
3167
2965
2803
2734
2656
2563
2207
1617
1187
1084
1133
967
279
-489
-990
-1111
-1028
-1193
-1685
-2313
-2872
-2965
-2870
-2949
-3220
-3613
-3807
-4005
-3833
-2316
133
1106
-1094
-3728
-2574
1873
4890
3572
1008
910
2958
4126
3386
2591
2729
3193
3090
3098
3033
2000
-93
-1377
-445
1078
1071
-973
-3336
-4014
-3279
-2351
-2333
-3034
-3811
-4141
-3936
-3485
-2879
-2648
-2504
-2277
-1346
-329
-177
-640
-772
239
1650
2346
2032
1414
1077
1187
1560
1988
2171
1728
807
131
-30
-58
-394
-821
-1072
-1221
-1415
-1742
-2194
-2549
-2472
-1997
-1520
-1600
-1980
-2332
-2203
-1616
-1063
-750
-796
-893
-889
-814
-673
-552
-580
-580
-571
-639
-869
-1382
-1896
-2088
-1961
-1957
-2291
-2888
-3447
-3643
-3714
-3962
-4302
-4612
-4798
-4983
-5148
-5270
-5444
-5668
-5675
-5540
-5474
-5610
-5931
-6024
-4698
-2217
-684
-2053
-4683
-4681
-1269
2191
2451
637
-314
614
1835
2126
2070
2132
2131
1786
1862
2314
1796
-51
-1743
-1403
93
574
-945
-3202
-4336
-4131
-3234
-2754
-2973
-3710
-4380
-4445
-3824
-2926
-2661
-2887
-2674
-1580
-495
-370
-751
-796
-41
1065
1903
2096
1675
1044
813
1220
1859
2077
1575
750
192
5
-127
-427
-798
-1002
-1217
-1387
-1711
-2213
-2588
-2662
-2338
-1921
-1703
-1807
-2071
-2195
-1917
-1297
-721
-593
-756
-724
-484
-337
-422
-474
-367
-90
-52
-444
-1105
-1537
-1637
-1562
-1480
-1710
-2168
-2742
-3206
-3428
-3595
-3866
-4164
-4275
-4269
-4414
-4790
-5163
-5350
-5235
-4996
-4984
-5168
-5522
-5471
-3964
-1425
-274
-1983
-4079
-3091
612
3259
2741
1103
984
2333
3275
3085
2933
3032
2940
2681
2819
3095
2154
152
-1202
-564
687
630
-1128
-3149
-3912
-3414
-2715
-2623
-3180
-3870
-4147
-3965
-3466
-2910
-2625
-2358
-1777
-850
-123
18
23
337
1199
2250
2925
2940
2521
2128
2061
2359
2820
2951
2495
1636
907
545
403
174
-185
-633
-1003
-1311
-1828
-2250
-2498
-2371
-2191
-2031
-2036
-2112
-2149
-2159
-1787
-1182
-587
-449
-451
-339
-150
13
126
287
500
714
575
76
-402
-594
-515
-531
-846
-1420
-2001
-2484
-2860
-3094
-3349
-3804
-4305
-4505
-4531
-4629
-4916
-5382
-5615
-5583
-5254
-5014
-5041
-5363
-4839
-2553
-282
-413
-2645
-3421
-837
2812
3950
2477
1539
2314
3589
3938
3821
3860
3748
3314
3193
3640
3464
1862
-129
-486
625
1316
303
-1865
-3263
-3190
-2479
-2103
-2471
-3120
-3559
-3592
-3129
-2468
-1991
-1874
-1653
-878
200
793
742
804
1391
2363
3059
3224
3123
2982
2835
2751
2826
2955
2818
2217
1510
1005
673
307
-134
-552
-800
-974
-1348
-1752
-2100
-2176
-1978
-1878
-1870
-1883
-1718
-1533
-1334
-1051
-711
-332
-158
-6
151
414
532
500
485
588
794
585
105
-314
-432
-487
-737
-1126
-1537
-1986
-2414
-2813
-3070
-3397
-3778
-4029
-4207
-4379
-4635
-4900
-5019
-4926
-4929
-5051
-5157
-5073
-4913
-4085
-2003
-166
-657
-2870
-3269
-384
3045
3632
2022
1312
2435
3755
3762
3306
3291
3424
3325
3336
3607
3061
1230
-491
-413
873
1235
-177
-2184
-3282
-3131
-2485
-2263
-2573
-3250
-3718
-3721
-3308
-2620
-2195
-2104
-1952
-1017
223
780
545
366
1047
2268
3244
3495
3079
2614
2581
2868
3259
3388
2951
2153
1556
1334
1144
619
11
-444
-600
-749
-1154
-1765
-2295
-2381
-2027
-1692
-1720
-1878
-1936
-1816
-1572
-1051
-537
-353
-387
-246
65
309
396
365
612
942
1069
816
240
-237
-381
-360
-422
-626
-1155
-1865
-2387
-2646
-2900
-3348
-3755
-3967
-4043
-4326
-4664
-4966
-5286
-5348
-5233
-5070
-5093
-5303
-4876
-3144
-884
-305
-2014
-3423
-1716
2007
3993
3034
1703
2149
3604
4241
4058
3992
4158
4028
3746
3997
4195
3114
1064
62
872
1802
1289
-649
-2369
-2778
-2421
-2034
-2142
-2608
-3317
-3765
-3613
-2960
-2247
-2016
-2012
-1544
-359
648
743
581
1199
2465
3518
3820
3748
3703
3692
3733
3918
4242
4188
3639
2888
2452
2253
1913
1255
604
272
34
-355
-925
-1361
-1651
-1635
-1512
-1504
-1677
-1772
-1604
-1413
-1154
-701
-247
71
176
312
659
946
1083
1185
1491
1810
1794
1375
955
739
798
767
360
-51
-484
-914
-1252
-1642
-2154
-2655
-3041
-3243
-3310
-3509
-3818
-4252
-4627
-4716
-4580
-4380
-4341
-4410
-3739
-1756
300
131
-2030
-2706
37
3863
5044
3559
2439
3275
4816
5135
4963
5098
5160
4748
4406
4800
4734
3229
1167
613
1690
2383
1231
-1074
-2483
-2497
-1843
-1528
-1886
-2628
-3355
-3654
-3352
-2399
-1673
-1573
-1609
-1190
-129
1051
1745
1905
1971
2600
3743
4746
4896
4441
4182
4347
4907
5297
5042
4182
3225
2715
2772
2834
2252
1175
249
1
43
-213
-770
-1302
-1471
-1401
-1291
-1153
-1057
-1125
-1187
-857
-201
343
413
363
567
1096
1591
1636
1604
1679
1889
1953
1729
1476
1246
974
669
413
57
-375
-799
-1205
-1780
-2336
-2667
-2851
-3073
-3467
-3766
-3986
-4169
-4370
-4528
-4503
-4452
-4469
-4585
-3936
-1908
98
-191
-2212
-2765
-249
3225
4295
3067
2250
3031
4385
4774
4642
4628
4658
4431
4231
4616
4526
2985
1036
604
1661
2268
1279
-716
-2069
-2199
-1653
-1197
-1472
-2215
-2833
-3122
-2842
-2158
-1655
-1600
-1482
-859
161
967
1251
1616
2274
3052
3673
4162
4478
4681
4593
4396
4507
4744
4854
4282
3419
2857
2587
2344
1962
1442
800
165
-327
-658
-954
-1193
-1329
-1485
-1631
-1605
-1414
-1395
-1462
-1286
-829
-314
-53
103
295
546
779
1032
1351
1650
1679
1355
1028
1018
1097
1044
684
185
-257
-554
-797
-1112
-1552
-2112
-2600
-2804
-2965
-3269
-3750
-4185
-4320
-4288
-4309
-4393
-4632
-4854
-4877
-4355
-2445
-227
182
-1897
-3423
-1430
2537
4420
3300
2034
2544
3980
4578
4393
4441
4650
4440
4140
4482
4752
3464
1239
350
1400
2540
1846
-381
-2112
-2496
-2040
-1596
-1660
-2170
-2950
-3508
-3450
-2814
-2129
-1912
-1994
-1691
-601
541
967
861
1013
1994
3255
3953
4001
3773
3717
3808
3994
4437
4574
3919
2936
2362
2335
2217
1595
856
354
39
-433
-1058
-1517
-1763
-1928
-1966
-1914
-1756
-1818
-2097
-2159
-1757
-952
-532
-424
-415
-194
243
517
737
1070
1360
1495
1341
1152
1128
958
799
651
500
282
-152
-718
-1185
-1446
-1723
-2164
-2703
-2999
-3189
-3517
-3968
-4226
-4208
-4185
-4364
-4537
-4514
-4615
-4811
-4180
-2088
166
103
-2211
-3191
-856
2790
4057
2862
1970
2744
4078
4334
4036
4080
4336
4211
4128
4450
4263
2691
773
428
1547
2238
1315
-728
-2276
-2534
-2047
-1724
-1877
-2332
-2971
-3305
-3260
-2691
-2127
-1987
-1901
-1416
-223
857
1039
621
620
1905
3769
4764
4221
3195
3059
3824
4683
4961
4545
3704
2912
2632
2675
2443
1616
760
416
452
283
-440
-1419
-2013
-1808
-1225
-799
-941
-1609
-2136
-1886
-878
-40
125
-68
-52
319
751
1124
1392
1597
1702
1875
2015
1817
1487
1171
1057
1101
1040
658
-62
-761
-1161
-1402
-1595
-1857
-2310
-2829
-3269
-3627
-3952
-4159
-4256
-4152
-4096
-4223
-4421
-4740
-4979
-4661
-2988
-459
573
-1032
-2978
-2262
1103
3768
3700
2475
2223
3309
4075
4145
4160
4243
4195
3964
4237
4382
3343
1382
154
726
1862
1832
208
-1812
-2795
-2641
-1988
-1697
-1974
-2710
-3379
-3588
-3366
-2785
-2420
-2194
-1833
-1036
-148
132
-29
-9
846
2240
3375
3728
3267
2576
2274
2810
3760
4208
3656
2616
1819
1428
1363
1159
595
-39
-495
-651
-946
-1588
-2410
-2736
-2404
-1879
-1675
-2027
-2415
-2557
-2196
-1506
-723
-345
-405
-494
-392
120
620
925
1004
990
1039
1025
888
640
390
255
192
8
-388
-1037
-1694
-2062
-2339
-2491
-2654
-2960
-3415
-4062
-4528
-4688
-4611
-4516
-4498
-4579
-4800
-5023
-4988
-4901
-4764
-3916
-1908
31
-237
-2363
-3348
-1104
2381
3694
2811
2030
2453
3253
3431
3472
3860
4004
3547
3283
3535
3305
1786
72
-203
817
1406
459
-1417
-2940
-3287
-2769
-2100
-1958
-2512
-3398
-3978
-3833
-3004
-2244
-1928
-1797
-1534
-892
-285
-78
158
732
1652
2537
3051
3102
2702
2201
2302
3074
3761
3652
2649
1631
1111
958
801
551
201
-285
-938
-1519
-1728
-1935
-2268
-2383
-2126
-1717
-1502
-1749
-2085
-2010
-1413
-579
-41
14
-22
-45
135
607
1133
1448
1286
1063
978
1108
1089
809
384
186
159
-98
-601
-1281
-1843
-2120
-2229
-2330
-2683
-3286
-3841
-3982
-3770
-3719
-3999
-4303
-4444
-4287
-4046
-3889
-3888
-4023
-4096
-3905
-2498
-209
822
-716
-2595
-1809
1421
3907
3544
2242
1934
2946
3656
3596
3520
3536
3348
3023
3233
3402
2608
817
-363
94
1164
1156
-384
-2093
-2787
-2486
-1850
-1699
-1987
-2503
-2837
-2814
-2409
-1728
-1330
-1218
-1089
-449
462
856
810
893
1539
2313
2771
3086
3491
3509
2661
1915
2409
3662
3940
2636
1436
1071
1123
1093
817
423
-88
-576
-782
-668
-753
-1062
-1340
-978
-374
-78
-235
-505
-468
-30
699
1271
1445
1254
1067
1332
1823
2082
2027
1854
1774
1726
1543
1252
969
744
573
352
122
-282
-829
-1364
-1700
-1811
-1897
-2157
-2592
-2981
-3104
-3102
-3038
-2983
-3042
-3117
-3166
-2961
-2728
-2604
-2610
-2743
-2815
-2305
-599
1413
1793
27
-1578
-401
2845
4849
4102
2528
2397
3526
4167
3933
3648
3538
3338
3150
3299
3313
2303
504
-451
302
1378
1190
-406
-2057
-2440
-1773
-965
-761
-1184
-1770
-2110
-1947
-1341
-711
-454
-376
-175
445
1043
1185
1129
1217
1740
2484
3003
2849
2509
2313
2432
2580
2638
2742
2497
1889
1175
731
622
468
273
56
-93
-323
-663
-868
-860
-660
-435
-230
-90
-71
-96
-115
174
618
937
1036
1079
1117
1169
1298
1404
1391
1374
1406
1344
1064
677
290
109
106
45
-351
-959
-1383
-1730
-1900
-2034
-2226
-2386
-2651
-2806
-2880
-2835
-2867
-2932
-2796
-2557
-2254
-2280
-2476
-2553
-2353
-1858
-1717
-1963
-2165
-1461
352
1761
1155
-895
-1492
656
3450
3991
2552
1395
1752
2591
2766
2608
2371
2130
1726
1688
2165
2012
671
-837
-911
209
956
319
-1231
-2220
-2053
-1201
-615
-625
-1099
-1619
-1813
-1550
-937
-467
-488
-707
-476
150
695
720
490
494
927
1546
1971
2003
1570
1002
848
1310
1870
1861
1151
369
48
165
312
317
151
-188
-323
-230
-181
-277
-305
-233
26
341
454
309
137
133
404
928
1210
1077
819
715
816
1012
1020
880
801
597
380
155
-58
-273
-616
-918
-1117
-1327
-1613
-1876
-2052
-2074
-2140
-2275
-2388
-2477
-2571
-2544
-2418
-2215
-2171
-2260
-2267
-2069
-1803
-1788
-1864
-1937
-1920
-1983
-2092
-1727
-231
1373
1153
-987
-2259
-667
2273
3371
2064
679
794
1820
2156
1813
1665
1726
1601
1545
2016
2032
1005
-431
-754
545
1618
1218
-400
-1575
-1529
-664
42
-2
-470
-1085
-1414
-1359
-940
-488
-470
-663
-679
-276
51
-50
-168
3
651
1208
1296
1006
721
792
975
1254
1511
1561
1348
983
666
673
803
898
1016
952
699
410
236
206
353
675
854
701
434
218
233
418
650
703
585
369
297
358
350
315
161
156
166
158
-166
-609
-898
-926
-786
-773
-928
-1279
-1642
-1841
-1737
-1599
-1573
-1720
-1991
-2055
-1953
-1777
-1709
-1632
-1541
-1425
-1420
-1431
-1403
-1369
-1346
-1297
-1312
-1468
-1779
-2003
-1273
324
1189
-117
-2128
-2108
262
2373
2050
485
37
913
1591
1462
1342
1557
1655
1525
1851
2339
2025
793
-147
418
1678
2096
1003
-376
-843
-366
298
432
108
-449
-954
-1177
-1106
-746
-574
-733
-986
-840
-339
-205
-549
-802
-395
399
879
648
248
244
623
1086
1329
1435
1401
1253
1143
1106
1280
1400
1324
1232
1266
1388
1149
748
638
896
1257
1225
888
547
304
326
518
670
642
317
11
-19
59
-11
-243
-358
-246
-190
-321
-585
-917
-1021
-863
-578
-374
-500
-967
-1272
-1160
-889
-655
-661
-712
-723
-772
-723
-649
-577
-552
-449
-362
-410
-561
-823
-952
-939
-846
-935
-1298
-1815
-2341
-2395
-1278
407
565
-1433
-3293
-2334
535
2055
1156
-112
-28
1079
1719
1702
1708
1820
1920
2116
2838
3202
2319
919
430
1496
2685
2620
1333
42
-338
13
584
632
88
-661
-1138
-1277
-1172
-1002
-1218
-1534
-1520
-1041
-609
-703
-1078
-1166
-610
335
1104
1250
938
701
856
1518
2270
2534
2372
1973
1941
2220
2435
2377
2165
2042
1996
2010
1861
1596
1169
1002
1039
1095
970
630
244
-27
-19
37
-6
-191
-419
-556
-546
-420
-301
-298
-335
-298
-191
-132
-118
-77
84
296
407
449
406
393
442
598
794
762
605
421
382
457
449
265
-15
-227
-367
-522
-717
-937
-1254
-1596
-1859
-2027
-2263
-2576
-2888
-3153
-2760
-1338
-149
-847
-2961
-3444
-1010
1837
2249
845
171
1040
2274
2611
2637
2933
3294
3268
3325
3820
3866
2863
1692
1849
2936
3482
2531
812
-98
19
498
565
69
-753
-1473
-1808
-1806
-1462
-1290
-1492
-1888
-1868
-1251
-844
-981
-1226
-772
184
950
1163
1070
1119
1389
1871
2396
2993
3301
3113
2535
2202
2390
2771
2861
2489
2089
1773
1541
1307
935
533
228
159
171
-7
-348
-780
-1073
-1011
-710
-437
-394
-541
-729
-759
-467
3
191
159
256
532
832
1002
984
1048
1135
1226
1430
1587
1514
1195
814
760
930
901
533
56
-214
-349
-534
-835
-1136
-1461
-1716
-1921
-1977
-2074
-2416
-2823
-2975
-2897
-2785
-2813
-3027
-3311
-3108
-1764
-97
24
-1603
-2537
-1051
1744
3025
2099
1115
1482
2639
3276
3273
3364
3381
3103
3000
3517
3837
2907
1385
824
1545
2244
1798
353
-976
-1323
-921
-480
-651
-1367
-2122
-2527
-2443
-2057
-1735
-1789
-2023
-1884
-1324
-739
-522
-579
-476
-5
782
1480
1660
1561
1522
1709
2230
2720
2874
2455
2044
2047
2180
2041
1644
1269
916
732
615
352
-139
-577
-669
-531
-480
-579
-895
-1187
-1136
-844
-468
-224
-267
-385
-273
41
434
617
677
844
1112
1320
1357
1260
1161
1218
1391
1502
1389
982
589
360
312
295
152
-123
-497
-864
-1152
-1371
-1572
-1791
-1959
-2070
-2122
-2216
-2482
-2742
-2705
-2540
-2409
-2376
-2443
-2553
-2582
-2584
-2495
-2375
-2266
-1487
-37
738
-343
-1968
-1635
875
2930
2558
1215
771
1453
2123
2139
2293
2399
2230
1745
1687
2048
1719
533
-320
126
961
894
-285
-1591
-2029
-1693
-1214
-1068
-1420
-2057
-2608
-2802
-2504
-1915
-1610
-1643
-1701
-1460
-1009
-830
-812
-652
-85
503
771
769
730
743
896
1298
1796
1955
1603
1045
726
887
1104
1006
740
402
91
-134
-278
-438
-673
-794
-704
-599
-658
-931
-1245
-1270
-972
-547
-378
-610
-827
-734
-480
-135
66
100
18
-77
31
182
291
199
184
222
239
58
-196
-377
-448
-430
-574
-727
-942
-1209
-1391
-1392
-1398
-1569
-1752
-1838
-1857
-1924
-2042
-2190
-2210
-2235
-2137
-2061
-2135
-2314
-2558
-2494
-2303
-2232
-2372
-2555
-2769
-2662
-1554
-116
29
-1509
-2619
-1520
860
1886
963
42
271
1128
1463
1341
1330
1253
1060
1090
1528
1727
861
-482
-916
-146
604
291
-939
-2041
-2368
-1967
-1443
-1399
-1807
-2425
-2818
-2727
-2364
-2015
-1946
-2084
-1958
-1516
-1006
-904
-996
-961
-544
181
631
670
417
251
344
758
1264
1553
1391
923
637
646
730
739
613
337
110
-67
-340
-713
-1035
-1101
-900
-762
-845
-1133
-1463
-1617
-1450
-1087
-840
-711
-791
-996
-920
-601
-305
-141
-50
88
262
306
266
194
249
367
550
641
508
200
-89
-93
62
198
-23
-327
-653
-868
-990
-1143
-1187
-1193
-1359
-1714
-2002
-2165
-2139
-2185
-2233
-2308
-2309
-2345
-2527
-2625
-2596
-2371
-2131
-2090
-2162
-2396
-2462
-1650
-243
389
-629
-1852
-1403
507
1828
1337
431
440
1159
1574
1344
1150
1200
1184
1008
1151
1293
829
-224
-873
-383
331
276
-654
-1689
-1977
-1638
-1232
-1200
-1552
-1909
-2050
-1977
-1718
-1382
-1216
-1225
-1108
-614
-134
-47
-219
-197
341
1068
1429
1282
954
855
918
1141
1465
1658
1457
895
491
472
551
427
122
-157
-290
-450
-641
-777
-982
-1117
-1065
-907
-749
-800
-922
-993
-805
-389
-52
202
246
252
370
627
969
1194
1266
1368
1493
1532
1437
1373
1374
1491
1512
1366
1165
957
682
542
428
259
85
-182
-413
-656
-802
-899
-978
-1162
-1260
-1347
-1420
-1349
-1356
-1409
-1504
-1425
-1218
-1047
-1045
-1019
-950
-850
-708
-593
-618
-638
-689
-769
-718
-371
443
985
446
-562
-696
436
1570
1518
803
477
864
1230
1168
1130
1173
1186
1088
1174
1386
1161
506
-66
170
742
900
478
-222
-645
-626
-267
47
131
-172
-525
-663
-559
-305
-125
-109
-159
-51
159
220
81
33
279
621
880
798
597
532
509
639
826
1016
1117
924
591
361
424
669
817
743
538
313
221
203
158
223
343
422
430
385
318
288
322
468
691
840
914
806
737
885
1073
1188
1267
1218
1217
1221
1181
1092
1015
1007
1011
970
861
690
416
328
221
173
142
-53
-204
-405
-556
-672
-724
-715
-791
-907
-946
-908
-969
-1087
-1123
-1052
-953
-911
-983
-1036
-1061
-1109
-1095
-1016
-970
-1076
-1126
-1141
-1196
-1223
-1265
-973
-179
354
-81
-1010
-1106
-26
1036
1011
507
402
709
968
852
946
1162
1211
1045
978
1236
1149
563
-5
23
472
659
275
-266
-617
-688
-595
-463
-483
-666
-902
-1116
-1144
-891
-620
-591
-705
-604
-305
-164
-151
-136
18
280
478
554
570
628
578
578
858
1184
1344
1052
587
355
480
698
745
554
281
-46
-213
-226
-246
-177
-219
-299
-359
-262
-179
-229
-232
-90
234
429
499
340
218
255
516
949
1139
1104
818
600
705
904
1023
921
734
676
612
465
233
39
-79
-164
-218
-308
-503
-855
-1181
-1262
-1114
-1013
-1106
-1367
-1559
-1631
-1583
-1425
-1272
-1133
-1175
-1246
-1181
-1157
-1060
-996
-870
-671
-638
-668
-856
-1068
-1082
-914
-822
-669
-263
-13
-451
-1277
-1373
-362
690
728
119
-193
2
257
229
340
697
757
509
288
501
589
203
-147
82
513
515
91
-440
-587
-495
-265
-49
1
-217
-591
-798
-706
-391
-174
-129
-196
-231
-182
-189
-182
-96
61
286
400
285
142
89
146
278
513
576
517
315
176
176
270
387
390
307
226
141
124
159
184
318
356
346
324
357
405
387
397
567
756
840
770
614
603
720
878
969
954
853
637
593
693
701
591
432
217
88
-53
-209
-336
-397
-461
-600
-802
-886
-945
-998
-997
-968
-894
-1003
-996
-984
-949
-912
-916
-831
-804
-799
-847
-910
-857
-866
-838
-831
-848
-913
-1033
-1058
-1074
-1108
-1170
-1272
-1360
-1343
-982
-481
-365
-880
-1433
-1110
-136
373
79
-282
-251
5
178
213
396
538
403
340
525
830
619
28
-181
276
733
628
169
-215
-330
-208
-11
60
-94
-462
-778
-810
-548
-334
-447
-642
-655
-526
-318
-279
-345
-308
-140
52
222
273
229
150
229
512
722
783
654
553
530
640
712
741
734
685
539
479
452
504
485
400
433
476
531
436
346
260
264
351
427
388
211
93
73
132
217
298
205
26
-145
-150
-96
-99
-160
-157
-168
-217
-261
-385
-375
-459
-516
-479
-365
-356
-576
-754
-687
-441
-297
-338
-408
-427
-433
-458
-419
-320
-338
-401
-482
-493
-499
-603
-676
-743
-732
-800
-898
-995
-1108
-1257
-1379
-1440
-1364
-1366
-1451
-1226
-779
-650
-1107
-1478
-1077
-282
51
-262
-514
-282
-6
86
171
415
571
496
467
725
940
796
494
431
650
817
655
412
234
206
229
280
321
192
-22
-288
-361
-198
-37
-84
-197
-220
-130
41
146
128
97
118
174
251
359
303
194
208
375
611
704
607
492
383
356
402
532
574
456
272
159
238
343
319
187
109
94
182
181
97
29
33
89
206
321
281
131
40
84
288
419
471
353
175
158
220
318
325
355
373
377
297
247
179
129
169
249
281
208
64
-101
-153
-75
-26
-108
-154
-225
-366
-441
-475
-475
-426
-513
-642
-732
-784
-862
-923
-984
-1029
-1045
-1083
-1165
-1221
-1251
-1312
-1296
-1273
-1256
-1275
-1345
-1116
-644
-327
-525
-935
-795
-115
475
465
197
258
605
837
888
1017
1117
1057
962
1122
1406
1385
1009
765
910
1152
1124
878
629
482
453
502
583
557
354
37
-22
93
196
160
-12
-130
-112
-6
-62
-130
-129
-138
-98
-40
-89
-81
-95
-44
198
289
294
278
299
340
393
416
502
485
468
450
427
494
410
374
377
501
622
552
480
427
443
528
585
628
541
414
315
480
608
643
535
444
459
539
549
464
429
382
411
327
354
366
284
225
208
242
259
172
36
-63
-122
-147
-136
-148
-275
-377
-452
-425
-433
-506
-606
-712
-792
-808
-867
-880
-954
-1036
-1007
-996
-960
-935
-906
-902
-878
-818
-779
-787
-704
-661
-630
-339
79
175
-146
-365
-82
518
794
638
471
592
687
649
677
843
878
719
623
766
959
753
343
220
417
530
385
90
-132
-220
-221
-169
-102
-181
-410
-615
-651
-529
-525
-555
-632
-658
-555
-484
-508
-594
-568
-516
-411
-277
-198
-183
-158
-8
107
139
167
125
249
197
163
114
81
91
57
64
9
-17
-122
-117
-138
-161
-268
-294
-252
-284
-265
-273
-269
-302
-338
-324
-270
-232
-212
-202
-290
-266
-223
-130
-57
-62
-71
-93
-126
-141
-91
-66
-50
-134
-228
-307
-406
-501
-582
-537
-532
-599
-739
-867
-940
-952
-932
-962
-957
-989
-1051
-1051
-1006
-932
-868
-830
-737
-793
-790
-723
-667
-660
-612
-620
-653
-619
-671
-745
-752
-709
-706
-644
-634
-576
-413
-276
-391
-635
-559
-116
194
126
-42
-28
99
194
292
360
421
366
338
412
606
591
425
405
542
639
601
500
441
430
430
456
429
331
209
52
30
143
145
123
16
-49
-90
-100
-65
-66
-95
-36
31
126
124
42
13
124
211
276
372
347
296
171
187
313
399
398
381
366
398
403
295
300
337
384
370
335
358
356
364
396
446
485
420
336
364
421
460
469
465
439
422
376
386
405
390
403
404
464
401
326
265
200
219
188
162
122
52
-92
-85
-85
-153
-187
-259
-286
-395
-428
-459
-476
-463
-484
-478
-506
-601
-623
-610
-563
-515
-586
-617
-638
-654
-682
-670
-588
-502
-502
-547
-513
-482
-402
-248
-43
95
35
-95
81
421
682
646
588
706
832
963
931
930
948
987
1017
1102
1123
992
750
651
778
830
753
581
438
328
266
276
272
237
54
-58
-57
-18
-58
-123
-116
-17
60
106
115
119
172
241
322
400
538
526
488
499
476
593
596
625
632
617
622
571
575
541
504
490
525
580
565
490
473
513
555
596
614
618
592
577
640
682
698
678
721
753
712
752
758
787
790
702
660
596
538
455
376
354
330
277
165
51
13
-37
-145
-210
-267
-320
-267
-246
-288
-306
-358
-406
-413
-328
-244
-328
-378
-350
-295
-132
-83
-97
-182
-192
-91
23
70
53
20
60
121
108
35
-88
-107
-54
5
62
30
-28
-144
-136
12
168
249
103
-10
121
325
420
401
381
375
458
515
531
637
683
577
581
660
713
657
535
514
503
527
460
417
288
153
110
95
153
132
61
-22
-107
-180
-182
-114
-94
-53
-66
-58
-36
64
103
93
154
161
272
317
393
387
406
409
492
570
655
633
538
483
544
597
574
484
369
318
241
205
249
279
192
115
97
85
-45
-126
-177
-139
-95
-105
-132
-194
-208
-228
-204
-198
-193
-241
-232
-167
-78
-29
10
-6
38
56
93
186
164
108
44
67
85
72
-20
-180
-270
-255
-254
-316
-445
-548
-621
-633
-634
-683
-689
-755
-864
-916
-867
-774
-824
-909
-882
-803
-732
-709
-677
-640
-539
-440
-368
-223
-169
-183
-106
-17
92
127
134
128
151
210
230
177
135
99
137
168
88
-33
-66
-113
-181
-47
-43
-63
-121
-139
-78
-38
-2
-24
26
-9
16
29
16
13
44
84
64
58
100
121
80
120
165
223
292
291
251
248
254
249
208
143
125
90
15
-77
-60
-64
-103
-152
-123
-159
-193
-215
-282
-208
-170
-144
-113
-77
-137
-138
-107
-80
11
34
27
-10
-19
34
36
161
199
173
155
144
185
206
204
207
195
145
111
51
12
-61
-83
-106
-103
-135
-294
-369
-401
-409
-507
-508
-489
-560
-547
-565
-552
-552
-625
-613
-621
-643
-630
-585
-527
-481
-445
-434
-389
-331
-323
-283
-223
-178
-273
-268
-162
-124
-151
-139
-94
-43
5
-18
-51
-21
-8
15
62
94
57
-34
52
86
65
119
116
120
105
76
140
177
177
263
255
278
245
221
247
225
227
169
158
165
133
78
94
98
94
59
21
-24
-78
-83
-81
-61
0
1
11
18
28
58
21
42
22
53
118
100
95
107
159
180
211
160
162
132
162
209
255
248
199
203
218
243
150
59
26
10
16
-24
20
11
1
70
143
175
144
103
92
139
170
169
187
167
123
208
141
28
-6
-37
-77
-104
-119
-146
-121
-172
-219
-250
-276
-312
-337
-314
-335
-374
-400
-415
-376
-347
-319
-307
-297
-308
-314
-264
-228
-147
-131
-102
-61
27
38
63
111
86
170
191
182
175
105
62
125
152
224
168
119
84
46
43
72
91
111
99
40
118
224
319
303
282
291
311
332
325
371
374
374
333
342
427
404
332
286
314
318
302
278
286
247
266
265
293
279
255
202
206
212
126
166
178
104
130
136
130
185
188
190
147
177
194
234
285
322
387
383
394
390
400
442
463
491
514
500
465
486
476
448
399
359
355
323
296
306
281
313
322
270
263
208
154
83
77
56
37
23
26
-58
-87
-65
-71
23
21
-15
-58
-39
13
39
76
108
167
207
162
166
155
158
146
130
133
72
41
48
67
21
-21
-8
-38
9
-20
-70
-113
-155
-153
-126
-172
-155
-118
-175
-118
-95
-19
27
73
112
171
220
215
241
238
303
259
303
330
271
230
180
163
155
125
75
18
-29
-76
-141
-160
-146
-235
-236
-278
-319
-312
-318
-338
-374
-359
-352
-319
-269
-232
-254
-231
-182
-131
-75
-23
-12
-44
40
80
143
227
208
214
194
233
289
321
303
265
241
236
239
268
223
192
210
172
108
86
51
11
13
24
-16
-106
-188
-242
-212
-189
-272
-286
-251
-250
-250
-232
-222
-189
-169
-145
-89
-35
-14
-81
-93
-33
-16
-8
-11
-49
-39
-64
-47
-30
-112
-159
-200
-241
-214
-174
-221
-297
-329
-327
-362
-308
-294
-316
-327
-354
-308
-286
-285
-327
-323
-332
-279
-170
-151
-199
-155
-175
-119
-70
-70
-177
-207
-176
-185
-188
-241
-233
-229
-229
-254
-231
-261
-269
-334
-353
-280
-301
-335
-350
-360
-405
-395
-355
-342
-310
-268
-286
-210
-232
-228
-138
-101
-99
-113
-90
-73
-9
-4
-21
-25
-27
-9
-17
-57
-22
-2
4
10
27
35
-19
-12
24
-15
-33
-25
-34
-50
-61
-101
-146
-91
-75
-47
10
34
55
31
-15
34
70
64
39
11
-42
-87
-60
-124
-184
-137
-182
-180
-159
-158
-134
-198
-198
-182
-153
-157
-207
-217
-216
-176
-194
-220
-190
-250
-210
-209
-187
-167
-183
-202
-242
-179
-137
-77
-108
-140
-95
-120
-133
-184
-227
-235
-257
-269
-283
-303
-383
-414
-406
-405
-385
-395
-429
-459
-492
-499
-489
-456
-466
-441
-400
-358
-328
-403
-355
-345
-271
-162
-181
-220
-258
-180
-97
-106
-141
-90
-96
-88
-81
-68
-101
-110
-80
-104
-138
-150
-181
-265
-300
-244
-203
-238
-230
-233
-293
-343
-311
-264
-283
-253
-285
-270
-209
-183
-129
-148
-100
-86
-49
-59
-94
-39
-1
18
71
56
-1
-11
-16
-93
-162
-146
-157
-205
-209
-186
-215
-251
-222
-211
-295
-260
-219
-289
-307
-311
-269
-263
-281
-248
-277
-289
-195
-179
-172
-207
-182
-153
-120
-30
-19
-30
32
74
142
113
116
103
49
39
-31
9
22
27
-12
-40
-113
-174
-176
-211
-203
-232
-314
-388
-320
-381
-467
-503
-472
-445
-473
-457
-497
-535
-537
-504
-409
-372
-359
-319
-323
-269
-246
-253
-276
-275
-261
-254
-195
-204
-241
-247
-219
-209
-218
-169
-193
-218
-209
-160
-122
-146
-168
-158
-163
-114
-74
-44
-35
23
43
26
83
114
90
25
61
66
95
61
35
22
4
22
-31
-53
-100
-159
-210
-176
-177
-259
-313
-350
-284
-275
-276
-255
-224
-220
-181
-92
-116
-55
-73
-94
-106
-66
-55
-53
-46
-27
13
0
19
24
31
66
91
103
111
77
113
89
79
79
22
-28
-55
-68
-110
-106
-127
-183
-198
-209
-262
-225
-180
-185
-164
-181
-138
-127
-129
-111
-134
-120
-107
-136
-159
-160
-209
-179
-234
-230
-226
-236
-222
-188
-181
-211
-155
-170
-174
-170
-132
-161
-187
-184
-170
-148
-218
-238
-220
-221
-193
-167
-144
-146
-145
-107
-14
-14
0
-10
-8
4
66
117
109
114
171
203
191
203
135
104
124
128
124
90
45
-7
-51
-96
-75
-105
-133
-136
-168
-156
-184
-176
-187
-165
-148
-137
-87
-46
-33
-34
-49
-44
50
85
78
39
-2
18
57
96
63
85
115
87
119
135
114
172
208
136
134
163
106
109
76
121
60
-15
-8
-8
10
-16
-75
-111
-52
-84
-76
-77
-70
-57
-23
23
28
50
62
50
82
106
103
107
59
47
58
64
57
111
138
122
108
95
112
96
70
58
5
-38
14
0
-46
-47
-21
43
34
13
14
12
11
-17
-22
12
81
142
153
171
162
136
143
199
116
98
61
54
64
3
-13
2
-12
-44
-46
-63
-20
-23
-50
-78
-80
-72
-67
-18
-9
-26
-45
-63
-45
-62
-43
-11
-12
-5
6
38
31
53
95
110
87
134
177
177
157
189
195
150
194
190
134
121
121
96
83
14
39
58
1
-1
2
-13
-55
-112
-58
-117
-135
-132
-115
-144
-126
-108
-82
-17
-19
-5
-13
26
72
94
105
154
155
178
172
184
197
154
163
172
169
159
163
173
116
137
112
88
99
45
23
78
56
-35
37
6
-47
9
9
8
16
-18
15
-23
3
-17
-57
-75
-112
-72
-64
-43
-43
-36
-36
7
-2
-16
-3
-52
-56
-153
-174
-172
-206
-239
-274
-273
-275
-312
-356
-320
-336
-323
-301
-311
-339
-288
-250
-240
-242
-223
-230
-253
-223
-254
-255
-214
-159
-170
-170
-125
-119
-78
-21
-51
-43
-4
-6
-8
-36
-95
-130
-93
-138
-189
-212
-218
-199
-204
-211
-220
-171
-125
-158
-159
-166
-175
-101
-90
-123
-91
-122
-140
-105
-103
-145
-147
-173
-166
-104
-77
-69
-87
-134
-125
-154
-135
-183
-211
-201
-205
-150
-199
-169
-213
-163
-117
-98
-76
-93
-64
-62
-45
-18
18
6
-16
-38
10
24
3
51
30
54
82
50
56
75
84
54
49
83
47
63
65
81
35
24
30
25
15
10
3
-30
15
-29
-47
-39
-38
-12
-30
29
1
12
60
54
92
69
49
42
24
75
36
37
67
94
75
92
118
109
137
116
120
184
212
184
183
157
160
189
172
199
192
193
188
240
296
275
309
314
357
370
423
369
357
357
349
305
295
298
319
321
299
342
366
423
459
448
437
433
422
432
448
477
504
504
462
484
463
477
426
412
365
373
382
399
446
452
449
467
499
481
488
495
482
461
462
439
476
448
399
410
446
483
473
450
473
508
520
487
461
420
409
431
416
461
390
352
376
360
366
356
378
345
362
333
319
295
312
308
330
326
337
313
302
292
239
314
291
305
261
319
323
339
356
360
377
341
331
346
347
353
364
345
349
321
353
366
342
362
368
384
421
401
388
390
400
385
417
387
390
429
399
394
397
464
450
416
427
469
471
429
446
440
429
412
384
396
358
371
333
303
256
289
293
267
326
294
335
314
317
303
300
304
285
310
282
259
259
263
331
396
399
433
458
506
514
544
518
474
521
487
488
456
416
393
366
369
325
328
303
262
258
251
222
207
196
196
144
159
212
171
182
198
172
215
223
220
210
195
220
251
267
334
289
299
320
329
339
311
314
262
250
245
229
218
202
149
172
165
113
105
132
102
101
137
98
116
123
109
88
52
55
36
27
-7
-20
-26
-29
7
-31
14
-2
-34
-19
1
46
22
11
-5
18
-5
-50
-61
-66
-41
-61
-59
23
44
72
116
75
82
95
24
5
2
5
32
10
-5
8
-14
19
3
51
37
21
46
47
38
21
67
8
36
24
0
-3
-32
-53
-65
-81
-109
-89
-128
-142
-144
-122
-143
-202
-173
-207
-172
-157
-239
-279
-294
-313
-290
-318
-272
-240
-198
-213
-219
-198
-209
-204
-234
-228
-217
-198
-209
-204
-223
-198
-201
-201
-186
-179
-135
-167
-109
-127
-195
-234
-178
-192
-284
-280
-327
-325
-343
-376
-405
-406
-409
-400
-408
-378
-369
-370
-368
-358
-294
-325
-317
-347
-317
-289
-290
-303
-274
-275
-309
-315
-328
-339
-325
-353
-391
-373
-393
-339
-377
-365
-357
-381
-386
-423
-410
-429
-415
-365
-364
-426
-417
-425
-457
-449
-499
-539
-531
-563
-553
-542
-525
-515
-482
-470
-411
-372
-307
-303
-292
-265
-267
-210
-249
-277
-280
-234
-237
-266
-246
-239
-292
-276
-240
-253
-225
-252
-219
-227
-252
-241
-311
-285
-237
-268
-251
-244
-302
-321
-354
-335
-300
-301
-264
-239
-272
-248
-227
-219
-246
-230
-276
-283
-251
-274
-296
-288
-243
-248
-229
-215
-245
-266
-285
-304
-276
-217
-242
-269
-271
-261
-231
-193
-209
-192
-164
-179
-185
-231
-264
-271
-259
-252
-205
-197
-225
-221
-266
-307
-299
-264
-217
-181
-215
-207
-209
-191
-200
-233
-218
-204
-281
-317
-295
-289
-315
-295
-225
-268
-255
-232
-254
-250
-220
-193
-210
-213
-134
-136
-128
-81
-87
-61
-92
-113
-121
-134
-76
-107
-50
-23
-18
-51
-47
-36
-33
12
71
75
60
36
21
53
-3
-16
-10
55
19
40
29
-31
-27
-36
-23
-22
-5
-7
15
51
62
80
49
52
74
69
54
19
62
75
41
54
28
33
49
33
0
-12
-14
-8
-7
-54
-65
-37
-36
-25
40
55
34
90
78
96
72
27
40
-10
36
66
66
88
91
107
128
156
181
191
163
135
119
131
170
126
95
61
20
30
4
-11
-42
-65
16
-38
-19
7
-24
12
-46
-48
-70
-74
-16
0
-45
-41
-10
8
11
11
49
61
63
18
64
79
77
87
58
12
30
27
18
46
73
19
40
65
5
-14
-68
-45
-58
-74
-74
-63
-54
-116
-98
-90
-84
-88
-66
-100
-78
-59
-57
-18
-18
5
3
12
-5
-5
-2
18
17
22
18
-21
-6
3
15
20
27
31
50
56
18
64
20
-27
-31
-99
-89
-120
-141
-176
-168
-158
-183
-178
-150
-170
-185
-146
-182
-147
-127
-146
-110
-70
-70
-106
-46
-68
-95
-96
-138
-153
-172
-127
-120
-145
-127
-159
-115
-172
-196
-203
-263
-229
-265
-231
-189
-206
-192
-204
-173
-194
-158
-130
-113
-51
-109
-84
-117
-76
-53
-37
-25
-57
-13
36
31
20
-18
-13
-59
-120
-108
-110
-145
-155
-167
-155
-196
-228
-191
-171
-173
-199
-167
-229
-236
-205
-188
-151
-129
-70
-9
-15
-24
-18
-15
22
34
26
24
24
55
86
53
41
50
47
11
0
58
-2
64
73
21
81
50
94
50
30
60
35
66
117
134
115
102
132
86
46
117
80
90
95
112
103
142
148
89
88
104
103
111
110
156
191
161
143
90
138
106
126
194
167
174
164
181
172
171
165
168
228
231
229
200
211
242
228
273
242
214
256
224
265
259
245
221
267
319
298
331
270
219
249
263
215
213
205
155
162
155
145
127
142
131
64
36
79
82
144
227
208
231
200
246
311
291
356
374
392
411
379
392
409
416
405
383
392
376
379
406
406
435
442
405
404
366
330
289
230
203
215
218
196
207
211
174
166
183
173
194
236
257
255
295
286
286
284
290
286
325
320
321
291
254
279
283
323
324
281
276
298
336
364
300
344
308
316
308
300
342
288
281
271
296
302
264
301
310
327
361
370
369
412
412
390
408
384
401
390
376
380
330
314
324
349
340
313
293
286
317
297
330
288
340
340
312
321
355
297
156
165
189
254
243
187
197
310
406
447
413
395
432
501
541
548
534
498
492
482
514
516
491
458
469
518
504
518
439
461
517
471
444
416
375
315
272
283
250
219
235
196
237
235
214
162
141
156
141
143
110
143
179
163
211
219
171
192
186
196
197
204
187
177
110
112
91
127
134
136
119
120
128
149
207
189
208
211
244
247
310
300
374
310
317
344
297
302
315
329
294
299
309
317
257
286
302
320
297
251
214
165
107
42
14
9
-50
-87
-109
-128
-113
-160
-126
-132
-98
-99
-113
-149
-179
-141
-170
-140
-135
-152
-118
-123
-130
-110
-113
-104
-87
-73
-117
-59
-83
-99
-33
-66
-115
-116
-102
-97
-127
-133
-136
-166
-184
-210
-226
-270
-258
-262
-283
-275
-267
-240
-286
-261
-261
-251
-223
-230
-257
-257
-296
-290
-281
-307
-288
-327
-274
-275
-281
-258
-309
-313
-328
-302
-298
-290
-272
-222
-206
-191
-181
-178
-189
-176
-204
-256
-254
-310
-294
-307
-275
-240
-204
-179
-167
-123
-130
-161
-164
-126
-113
-148
-138
-162
-208
-175
-129
-184
-175
-200
-182
-164
-216
-211
-220
-231
-207
-187
-239
-221
-198
-209
-153
-157
-177
-148
-194
-191
-198
-212
-157
-137
-169
-98
-78
-112
-73
-61
-26
-17
-24
-1
-80
-76
-93
-115
-61
-17
-65
-80
-34
-78
-83
-87
-112
-117
-72
-116
-149
-101
-84
-92
-111
-111
-40
-55
-46
-44
-4
10
2
5
7
45
60
4
-20
-5
-28
-11
-49
-53
-63
-44
-47
-52
-57
-90
-75
-83
-35
-53
-109
-139
-132
-88
-109
-94
-116
-129
-140
-93
-82
-77
-44
-92
-86
-49
-44
-108
-92
-19
-53
-94
-80
-18
-62
-116
-99
-93
-102
-88
-62
-105
-103
-76
-88
-108
-143
-126
-133
-117
-100
-108
-142
-166
-108
-136
-128
-137
-150
-117
-111
-95
-43
-49
-58
-31
-23
-14
-57
-30
-30
-5
38
-6
38
53
32
-2
9
-6
-24
-52
-83
-102
-77
-59
-79
-78
-113
-71
-70
-107
-96
-72
-24
-24
32
50
22
41
14
28
33
12
-24
-2
19
27
28
88
131
128
158
183
164
178
192
171
166
156
148
165
126
95
94
80
115
128
82
84
67
57
64
110
123
81
115
102
105
109
115
129
92
76
67
63
50
100
60
63
108
81
57
92
130
146
166
122
159
131
172
133
85
109
78
60
26
-8
-13
16
12
40
14
96
111
96
114
74
114
106
84
120
128
94
125
79
106
81
106
117
92
142
124
114
174
89
62
107
114
137
77
116
108
97
71
83
57
70
53
73
95
107
102
24
66
42
76
78
46
73
86
5
39
45
43
83
93
98
100
116
93
54
98
81
91
93
64
89
95
59
28
24
50
45
-55
-31
-23
-16
-56
-90
-31
-12
-1
-29
-12
-37
-9
1
0
26
30
70
52
65
72
54
30
28
47
80
90
99
82
85
109
100
87
93
100
117
100
71
56
62
59
16
38
-5
45
-17
-38
9
-12
-13
-8
-24
-12
47
-2
7
33
23
7
-17
26
14
-18
-23
-23
7
-1
-13
-21
-4
13
4
6
19
21
-9
-29
-34
-50
-10
-58
-74
-128
-151
-146
-163
-170
-197
-184
-202
-209
-179
-152
-149
-171
-141
-131
-155
-129
-172
-192
-170
-140
-165
-147
-113
-91
-122
-115
-116
-109
-123
-179
-202
-157
-106
-145
-155
-143
-217
-155
-193
-226
-196
-251
-228
-271
-248
-240
-185
-191
-152
-130
-188
-190
-181
-188
-214
-196
-190
-205
-162
-181
-135
-151
-187
-164
-153
-119
-191
-169
-169
-200
-239
-232
-293
-293
-303
-326
-328
-316
-335
-368
-366
-358
-347
-318
-287
-308
-299
-318
-357
-400
-386
-382
-375
-333
-322
-325
-308
-290
-305
-277
-312
-331
-308
-252
-209
-221
-222
-268
-221
-216
-263
-279
-274
-286
-312
-328
-312
-286
-292
-305
-330
-342
-297
-303
-270
-291
-352
-302
-283
-323
-334
-270
-329
-344
-347
-327
-327
-354
-324
-325
-319
-335
-383
-295
-281
-279
-302
-276
-236
-294
-284
-271
-303
-305
-317
-309
-335
-307
-313
-329
-307
-320
-302
-314
-316
-289
-287
-283
-274
-282
-271
-265
-268
-270
-268
-249
-246
-229
-235
-202
-217
-245
-228
-302
-290
-339
-369
-344
-298
-269
-305
-296
-292
-264
-266
-320
-331
-269
-219
-240
-238
-223
-228
-224
-240
-186
-176
-192
-182
-177
-176
-149
-135
-143
-140
-126
-109
-123
-95
-117
-101
-140
-161
-155
-143
-168
-195
-175
-211
-228
-198
-196
-210
-177
-181
-175
-142
-104
-104
-106
-64
-122
-130
-92
-129
-150
-159
-143
-147
-139
-172
-149
-135
-179
-136
-151
-118
-143
-151
-136
-132
-192
-187
-196
-225
-199
-253
-250
-249
-249
-245
-239
-235
-232
-268
-264
-226
-247
-218
-172
-207
-196
-162
-132
-94
-88
-79
-79
-48
-24
-34
-83
-17
38
26
26
48
30
-27
-17
-78
-70
-30
-16
-2
8
33
-73
-74
-73
-119
-176
-162
-181
-221
-216
-171
-192
-205
-172
-179
-181
-199
-216
-273
-306
-260
-284
-290
-199
-207
-201
-204
-232
-201
-174
-175
-187
-155
-114
-84
-74
-54
-32
-2
-45
-64
-60
-75
-35
-51
-54
-43
-31
-74
-77
-86
-124
-138
-126
-159
-188
-202
-220
-249
-289
-234
-234
-191
-220
-231
-194
-172
-136
-119
-99
-139
-183
-183
-129
-131
-156
-124
-143
-150
-130
-118
-87
-97
-114
-107
-90
-22
-47
-63
-56
-82
-140
-161
-142
-160
-178
-186
-185
-229
-183
-218
-246
-254
-250
-161
-157
-172
-153
-107
-97
-135
-48
-73
-103
-125
-115
-99
-132
-106
-151
-149
-149
-127
-124
-134
-128
-167
-134
-133
-152
-87
-61
-72
-77
-110
-74
-43
-81
-97
-81
-100
-80
-63
-84
-94
-108
-129
-123
-113
-154
-128
-87
-117
-105
-136
-129
-109
-162
-128
-131
-134
-133
-107
-132
-99
-132
-143
-135
-164
-150
-168
-129
-186
-190
-197
-178
-152
-187
-147
-123
-161
-120
-112
-158
-112
-114
-106
-113
-121
-133
-135
-103
-130
-90
-142
-109
-77
-163
-113
-140
-128
-90
-91
-60
-64
-81
-63
-80
-77
-52
-82
-89
-102
-128
-122
-104
-94
-93
-69
-98
-94
-87
-84
-86
-83
-109
-97
-100
-110
-108
-54
-57
-23
-32
-80
-52
-99
-87
-74
-41
-84
-111
-99
-127
-143
-100
-137
-158
-152
-160
-162
-151
-124
-133
-102
-117
-107
-72
-94
-100
-103
-56
-65
-49
-47
-68
-72
-62
-34
-10
-30
8
14
-13
35
2
29
40
-3
2
-10
-49
-44
-55
-91
-93
-125
-109
-147
-135
-183
-174
-200
-212
-252
-242
-246
-262
-229
-214
-174
-159
-178
-199
-152
-144
-107
-86
-73
-93
-101
-66
-61
-49
-18
-48
-13
20
6
-13
-40
-47
-50
-24
-16
-8
-42
-43
-32
-46
-19
24
46
19
6
19
-8
-49
-85
-137
-95
-117
-126
-176
-240
-147
-178
-164
-162
-210
-185
-192
-187
-122
-107
-86
-95
-37
-29
-46
-37
-51
-23
0
15
-6
-32
-20
20
33
32
63
61
61
54
82
100
106
127
133
129
155
149
141
147
144
167
130
153
146
136
149
159
144
104
128
91
86
88
62
17
9
-27
-41
-32
-49
-10
-53
-65
-20
-23
-56
-42
-46
2
38
10
0
-76
-56
-73
-84
-23
-15
-13
-41
15
-2
-6
8
17
52
10
56
99
100
85
85
106
84
122
119
176
183
207
198
172
181
164
109
84
57
49
58
18
45
62
43
26
-42
-9
-8
-16
-25
-53
-87
-104
-97
-95
-74
-107
-62
-85
-118
-151
-161
-156
-193
-181
-177
-160
-100
-113
-77
-89
-84
-101
-100
-60
-100
-103
-93
-72
-99
-107
-97
-141
-131
-138
-110
-119
-117
-158
-120
-143
-213
-170
-165
-126
-99
-125
-153
-131
-107
-135
-164
-187
-199
-225
-221
-210
-181
-168
-171
-186
-184
-184
-190
-186
-215
-193
-189
-196
-188
-149
-198
-208
-155
-200
-236
-216
-203
-202
-232
-193
-133
-138
-101
-115
-113
-92
-108
-87
-81
-114
-93
-144
-170
-187
-177
-168
-223
-171
-195
-175
-198
-213
-175
-158
-164
-184
-211
-157
-155
-147
-127
-166
-166
-204
-143
-149
-163
-132
-169
-134
-117
-78
-40
-55
-62
-51
-33
-72
-75
-45
-17
-21
-20
-20
-9
12
17
41
36
23
28
-26
-15
5
-37
4
20
5
40
56
10
10
-37
-37
-14
-77
-17
-33
-9
-28
-74
-101
-108
-103
-109
-104
-88
-73
-97
-118
-176
-128
-140
-155
-161
-110
-150
-180
-157
-122
-55
-55
-39
1
-46
-37
-5
10
18
-6
-37
-28
25
9
21
21
-28
6
-6
-56
-71
-94
-128
-135
-151
-143
-117
-122
-75
-114
-106
-136
-171
-121
-122
-129
-62
-38
-78
-42
-39
-13
-55
11
5
1
74
60
89
92
126
147
146
106
104
80
101
106
106
121
64
27
10
-34
-51
-57
-98
-118
-125
-97
-90
-67
-29
-49
-28
-52
-70
-26
-86
-112
-157
-120
-125
-151
-161
-192
-186
-208
-214
-179
-195
-130
-77
-162
-164
-161
-137
-162
-164
-154
-154
-134
-182
-161
-137
-143
-110
-141
-147
-154
-182
-158
-183
-153
-170
-130
-92
-87
-126
-140
-158
-171
-160
-178
-152
-123
-123
-114
-100
-150
-108
-99
-77
-134
-114
-122
-168
-119
-150
-137
-142
-175
-154
-142
-166
-209
-227
-173
-189
-196
-229
-226
-194
-209
-186
-217
-211
-184
-199
-162
-200
-249
-239
-231
-242
-268
-277
-272
-242
-303
-274
-246
-288
-250
-249
-252
-256
-205
-207
-247
-278
-319
-318
-291
-299
-320
-294
-299
-276
-256
-256
-237
-191
-228
-186
-176
-167
-125
-151
-150
-156
-149
-125
-108
-119
-98
-115
-114
-98
-127
-71
-56
-55
-77
-80
-71
-85
-78
-43
-22
49
72
53
43
43
-4
8
13
10
-9
-21
-5
-18
6
9
25
-12
-23
-4
14
-12
0
13
23
4
-27
-15
18
-35
-54
-44
-25
-34
-56
-88
-95
-88
-100
-106
-89
-67
-114
-39
-61
-32
29
45
41
34
56
81
112
145
143
154
211
210
258
233
256
239
232
322
315
291
276
289
273
263
294
272
270
277
261
242
249
261
270
288
258
237
308
290
286
297
326
360
355
362
322
341
311
349
334
363
374
401
437
470
465
467
514
484
514
503
518
535
525
534
528
506
449
450
399
375
350
377
384
374
380
398
412
392
439
390
409
387
356
392
414
408
409
432
428
413
423
390
360
362
391
402
345
411
423
454
464
420
413
371
402
397
373
388
399
351
296
272
295
280
261
312
315
283
286
320
322
304
240
268
264
249
295
336
326
309
363
358
376
429
377
384
345
333
342
274
310
304
220
197
154
80
83
36
21
12
23
11
22
-17
-1
25
14
48
17
25
15
10
26
36
49
33
-20
3
-24
-54
-5
-55
-13
-5
-5
27
-45
-70
-56
-35
-58
-85
-83
-123
-153
-140
-154
-178
-170
-181
-166
-158
-241
-213
-180
-216
-180
-158
-122
-174
-143
-117
-134
-122
-160
-130
-98
-112
-141
-170
-168
-145
-106
-130
-135
-111
-86
-140
-162
-170
-139
-140
-151
-176
-153
-121
-162
-145
-176
-149
-149
-184
-151
-193
-131
-112
-102
-82
-77
-70
-47
6
-8
-13
-31
20
59
72
52
47
70
96
119
172
151
152
153
178
190
189
251
233
232
249
271
296
311
274
307
362
313
364
364
349
359
367
401
382
426
434
462
448
446
527
526
535
562
582
606
635
605
612
664
647
721
689
705
726
683
697
700
740
726
789
800
808
822
815
862
793
803
833
884
824
800
828
834
861
834
841
867
878
850
838
849
871
883
894
865
911
905
876
854
857
889
862
869
868
865
855
826
843
858
815
805
855
834
808
793
764
799
802
748
749
739
698
684
683
653
623
602
598
599
582
622
588
632
585
595
621
559
624
649
641
637
623
567
575
591
577
545
492
532
502
509
542
525
529
464
486
469
454
440
465
489
502
461
434
402
352
327
303
266
231
244
221
248
257
229
233
229
193
172
131
122
131
107
113
79
92
80
105
71
47
41
2
-25
-22
11
-7
-21
-14
-18
22
62
44
88
123
136
119
121
137
138
137
119
117
90
74
125
62
51
40
55
102
39
75
54
46
29
17
8
-14
-44
-62
-46
-101
-95
-69
-59
-64
-49
-35
-81
-80
-68
-26
-62
-50
-52
-21
-9
-25
-29
-50
-52
-63
-47
-41
9
-23
-19
-3
34
18
20
32
45
79
26
59
51
64
59
35
22
40
38
41
29
31
31
-11
-12
-44
-3
-2
-20
-29
-18
-1
50
96
133
162
155
164
115
153
144
147
183
223
267
260
287
247
201
209
188
211
274
286
316
326
359
323
379
394
414
409
328
313
290
316
321
314
323
298
284
324
286
287
259
246
249
286
347
305
306
358
353
342
369
361
356
351
396
398
398
398
401
440
455
448
443
441
445
450
465
498
455
489
479
465
446
427
441
397
406
362
327
319
290
294
236
200
202
151
151
148
158
172
182
174
200
209
189
173
169
151
127
152
133
164
164
160
176
243
217
236
225
182
224
225
242
244
296
312
273
237
206
217
192
201
215
222
219
254
268
249
217
194
183
192
142
107
105
88
82
45
33
57
38
80
120
76
87
44
42
50
45
19
-19
4
-2
-28
-45
13
15
24
27
29
-26
-39
-38
-65
-41
-77
-141
-111
-119
-169
-169
-192
-192
-183
-177
-168
-161
-166
-116
-130
-138
-188
-169
-180
-173
-186
-240
-218
-211
-215
-186
-203
-206
-181
-223
-184
-209
-192
-180
-173
-162
-105
-114
-124
-149
-172
-199
-209
-197
-272
-284
-282
-292
-310
-319
-359
-303
-282
-258
-275
-235
-215
-206
-212
-259
-233
-255
-260
-290
-309
-330
-318
-329
-348
-361
-333
-356
-380
-302
-317
-336
-372
-360
-346
-329
-338
-370
-373
-383
-363
-387
-415
-421
-423
-432
-410
-412
-413
-447
-444
-416
-401
-399
-394
-388
-434
-404
-432
-439
-442
-412
-418
-439
-417
-415
-369
-338
-310
-299
-361
-359
-299
-355
-373
-326
-330
-327
-271
-289
-278
-245
-269
-249
-290
-298
-315
-300
-295
-307
