SAMPLES:	17156
BITSPERSAMPLE:	16
CHANNELS:	1
SAMPLERATE:	16000
NORMALIZED:	FALSE
-97
-123
-95
-110
-140
-162
-134
-132
-124
-70
-49
-40
-5
-42
-52
-70
-62
-8
-28
-3
41
48
74
111
32
62
53
45
91
60
73
42
18
53
26
-26
-2
-27
-40
-46
-27
-28
-13
-30
-65
-9
0
-6
15
30
45
10
17
42
31
60
77
60
49
35
32
44
35
73
89
89
84
94
90
57
60
80
61
86
52
6
6
-26
-16
-22
-42
-38
20
-24
-57
-60
-129
-135
-132
-176
-242
-214
-160
-126
-92
-61
-62
-76
-96
-51
-32
-23
-31
-31
6
-22
2
11
-14
31
43
22
16
18
24
21
53
43
8
10
-4
-32
-16
-14
-29
-77
-79
-66
-75
-62
8
-10
-25
27
-21
21
22
43
22
11
35
47
70
65
85
89
102
78
106
95
76
85
94
69
49
101
92
100
74
70
15
-26
-10
-55
-55
-62
-83
-38
-54
-87
-71
-115
-103
-116
-37
-3
-50
40
57
66
47
34
56
60
30
57
43
56
77
46
42
23
42
14
39
38
32
98
104
82
77
75
74
76
26
29
-15
-30
-9
-40
-78
-100
-89
-94
-66
-61
-88
-67
-99
-92
-52
-78
-87
-59
-68
-51
-32
-18
27
-9
-6
1
-69
-90
-118
-122
-112
-132
-104
-38
-77
-48
-15
6
32
12
-3
-60
-58
-68
-67
-95
-107
-80
-58
-54
-30
16
87
49
54
109
52
109
93
81
55
46
65
34
64
41
52
20
15
2
-6
8
18
-19
-43
28
23
15
11
-5
13
11
13
23
20
-15
-47
-73
-93
-83
-113
-87
-79
-54
10
20
28
25
60
-2
-11
-14
-102
-43
-16
-36
-12
2
29
15
-36
-15
14
-40
-57
-22
-31
20
6
29
41
-6
-28
-18
5
57
91
63
0
16
35
48
71
95
78
20
50
-4
45
48
39
27
49
74
97
157
60
74
103
100
121
138
72
119
84
36
32
51
69
36
51
29
46
8
10
35
-10
37
106
136
98
21
59
13
-40
-38
-65
-83
-91
-103
-121
-137
-98
-141
-99
-90
-95
-54
-20
-9
21
34
87
134
87
86
50
87
132
135
118
110
96
104
52
97
114
93
103
89
71
55
10
-20
-20
-73
-58
-100
-112
-85
-88
-149
-162
-161
-189
-168
-164
-218
-127
-92
-92
-79
-96
-83
-92
-53
-53
-10
-2
40
79
52
83
62
54
34
19
38
53
52
10
32
32
63
93
34
42
-4
-27
-40
-66
-105
-121
-36
-32
-58
-58
-36
-31
-78
-63
-9
-37
11
12
-49
-115
-63
-23
-15
5
-27
-34
-62
-61
-28
-73
-77
-52
-50
-95
-167
-119
-141
-76
-45
-93
-121
-105
-90
-121
-155
-186
-139
-169
-206
-124
-81
-81
-29
-28
-16
49
61
49
77
85
129
130
93
96
107
68
69
80
69
78
91
57
51
70
68
69
80
86
64
17
28
14
21
10
-22
-27
-44
-54
-74
-89
-93
-31
-57
-44
-25
-5
47
62
84
62
63
100
93
60
30
24
23
-25
-41
-24
-3
36
26
56
72
99
91
94
61
70
84
91
90
75
41
41
23
-36
-31
-20
12
-53
-28
-50
-85
-69
-41
10
33
32
52
67
29
-28
24
1
-15
-6
-21
-33
-46
-35
-38
-99
-130
-137
-132
-150
-122
-56
-79
-39
-63
-98
-76
-53
-42
-22
-38
-15
0
-4
41
36
29
28
104
75
99
127
177
151
165
208
171
167
169
101
108
172
90
91
111
103
132
104
49
54
26
44
68
6
-36
16
35
5
26
58
54
34
44
84
45
84
84
92
74
52
64
14
20
41
51
75
93
105
160
119
67
73
16
46
44
51
68
67
31
15
-8
-31
-25
-95
-79
-139
-120
-76
-95
-72
-58
-77
-39
-28
-16
-28
-39
0
-42
-17
-12
17
45
-10
15
-25
-25
-35
7
47
51
0
1
8
-12
21
-22
-7
-34
-26
-20
-21
-41
2
-57
-76
-22
-67
-55
-51
-71
-82
-38
-52
-42
-58
-60
-24
-45
-52
-1
-12
-7
72
94
88
150
91
68
110
124
163
148
129
155
178
142
103
151
132
138
151
134
118
120
154
136
110
129
123
83
98
37
56
41
47
29
-12
-1
-29
-18
-68
-7
30
25
12
-38
-52
-34
-22
6
5
1
-28
-46
-33
-15
13
-21
39
51
62
89
68
57
60
76
37
24
28
48
79
62
56
16
52
43
24
36
40
51
11
19
55
54
64
81
87
45
22
20
10
6
-28
-21
-21
-35
15
12
-3
12
1
28
65
70
44
10
51
70
101
100
86
77
80
52
24
31
47
38
-12
-26
-37
-34
-26
-20
-33
-22
-48
-8
-28
-24
37
16
12
1
-38
-34
-21
-26
39
28
61
99
107
113
55
46
24
46
64
56
62
97
92
44
59
65
60
27
8
55
34
21
52
1
44
39
11
1
-1
5
-52
-43
-55
-55
-63
-34
-43
-21
-55
-50
-15
9
31
45
78
60
60
95
153
99
40
45
91
88
85
45
127
87
64
90
43
54
51
24
45
37
4
42
19
44
-26
-35
-22
-95
-129
-148
-133
-128
-100
-130
-122
-111
-127
-112
-89
-87
-67
-59
-54
-29
-24
-18
7
38
27
19
74
98
76
81
98
71
39
76
93
68
106
122
170
207
194
168
152
95
130
173
143
126
95
87
85
92
53
10
24
53
17
0
-6
6
-32
-30
-21
-10
-5
-34
-40
-61
-35
-35
-29
-39
-17
11
-12
22
52
111
101
71
93
126
125
116
131
131
165
143
200
161
163
166
179
181
190
222
204
134
147
154
133
109
75
45
26
72
7
13
8
-8
-19
-74
-101
-106
-125
-124
-145
-140
-137
-95
-127
-83
-98
-106
-64
-97
-45
-66
-8
-50
5
57
110
144
163
195
223
166
155
166
105
115
75
61
56
53
86
54
64
79
23
-16
-35
-31
-12
9
-50
-55
-46
-82
-102
-86
-50
-54
-78
-99
-64
-49
-35
-64
-49
-49
-86
-119
-97
-82
-77
-92
-55
-40
9
43
31
12
12
4
-1
76
52
62
42
62
85
62
110
91
30
3
-17
-68
-71
-55
-82
-64
-99
6
16
5
-11
-27
-41
-71
-99
-88
-78
-149
-45
-69
-67
-35
-45
-11
49
49
49
20
10
17
-31
6
-32
-55
-55
-40
-26
-30
-51
-24
-49
-52
-52
-58
-38
-39
-65
-112
-61
-38
-29
-32
-40
-25
-24
-7
-56
-60
-32
6
-1
29
8
25
40
1
73
112
93
133
131
92
78
70
86
67
43
58
100
101
67
67
94
136
131
124
97
64
65
76
59
90
92
83
77
36
10
17
1
-13
-37
-77
-71
-40
-54
-18
-4
-14
11
-28
22
38
54
90
113
118
142
125
115
188
127
122
157
136
93
56
72
63
19
55
75
37
67
66
37
66
110
105
87
38
7
33
71
49
42
64
49
0
36
5
-12
0
-17
-17
-36
-44
-40
-20
-10
-29
-24
-40
-22
-15
20
63
93
103
75
111
74
96
93
105
105
92
63
62
61
36
100
70
18
50
67
38
15
-15
-25
-14
-31
-38
-30
-20
-93
-100
-92
-188
-223
-212
-238
-230
-190
-198
-141
-100
-93
-86
-65
-40
-62
-33
-14
37
25
18
26
25
43
68
53
45
63
28
94
120
116
191
188
214
226
178
164
138
124
124
46
-3
-39
-43
-76
-51
-64
-97
-108
-135
-148
-163
-155
-170
-179
-168
-159
-111
-65
-52
-35
-74
-88
-109
-138
-108
-124
-60
-11
12
91
86
107
130
154
153
189
167
208
250
290
255
268
290
253
237
214
186
170
142
112
186
147
133
135
35
-19
8
-1
-45
-62
-89
-113
-91
-70
-59
-62
-75
-71
-51
-113
-125
-88
-67
-33
-22
-1
27
95
107
87
85
38
72
75
56
60
127
105
130
131
144
118
134
141
145
125
77
58
65
15
-28
-11
-23
-71
-96
-74
-155
-150
-158
-126
-58
-31
-5
-38
5
65
37
17
-2
1
21
2
62
31
-18
-22
-51
-62
-80
-99
-108
-90
-103
-44
-56
-24
4
2
45
103
87
76
99
61
87
79
116
113
86
92
123
125
104
98
129
128
115
114
155
139
172
193
176
161
151
94
2
4
9
-18
-80
-83
-71
-123
-110
-93
-107
-123
-185
-148
-105
-130
-155
-149
-122
-136
-145
-170
-195
-165
-145
-156
-155
-154
-120
-108
-86
-57
-88
-55
-55
-24
-26
-6
-7
-8
20
-45
3
35
53
94
154
112
156
152
163
141
112
163
105
78
55
79
66
46
17
3
3
-27
-15
-43
-2
17
-37
-30
-66
-54
-44
-41
-82
-85
-59
-70
-72
-54
-60
-18
-15
-48
20
-1
-18
16
53
72
57
74
109
112
132
151
131
96
120
67
78
92
50
53
29
12
-9
-24
-30
-57
11
0
-20
15
-8
-76
-91
-106
-170
-107
-106
-143
-99
-127
-100
-76
-121
-86
-48
-39
-13
-28
11
16
1
44
45
54
101
97
100
79
63
25
39
73
71
71
60
104
73
57
69
83
69
54
37
18
-1
20
-48
-6
-15
-8
22
14
18
11
42
27
13
-53
-55
-111
-74
-121
-154
-144
-176
-177
-188
-143
-109
-67
-91
-105
-61
-48
-44
9
-14
40
46
22
11
29
23
7
-23
-24
32
11
71
83
70
71
48
58
115
118
87
74
62
99
69
79
40
61
21
16
31
-38
-5
-22
-66
-83
-73
-52
-32
-120
-59
-57
-38
-19
-35
-5
-26
-39
-103
-98
-76
-28
-25
-8
-5
-30
-28
-5
21
57
42
25
25
17
53
50
36
51
32
27
6
4
6
14
66
23
-7
-29
-13
-20
-28
-24
-30
-17
-4
7
-34
-61
-41
27
51
-5
10
-12
6
28
73
21
-37
-15
-46
-11
-36
-88
-94
-76
-53
-75
-50
-39
-73
-50
-64
-95
-67
-58
-11
-10
-12
-26
-37
11
-12
59
30
48
38
3
14
32
27
101
133
93
75
38
60
12
49
45
74
94
56
35
57
38
-8
22
-4
-36
-27
-38
-60
-57
-74
-57
-52
-93
-102
-116
-86
-66
-45
-14
-20
10
-62
-34
-28
-46
-23
-15
30
28
78
123
109
137
165
157
188
203
225
204
158
139
101
137
97
75
68
52
60
77
72
111
125
135
141
88
90
88
24
-7
8
-22
-43
-113
-81
-163
-165
-116
-128
-112
-114
-129
-93
-40
-70
-45
13
-8
10
55
11
82
88
84
77
95
112
104
155
191
194
192
231
209
224
203
195
215
217
176
135
155
128
89
101
99
116
121
98
75
75
78
87
71
39
63
15
-22
-27
-34
-49
-76
-68
-74
-130
-136
-129
-129
-147
-129
-108
-41
-21
-29
-16
-1
-4
50
18
-8
-34
-59
-32
-25
9
19
21
47
20
47
22
50
58
-11
16
33
0
-11
12
0
10
-25
-73
-119
-81
-75
-56
-18
-26
-52
-65
-36
-54
-34
-27
-30
-21
31
65
68
87
124
77
71
96
69
79
90
110
108
105
139
141
127
152
146
116
100
128
104
119
117
89
128
109
106
64
49
52
8
14
5
16
2
-1
-11
34
15
26
34
-12
8
-29
0
-39
-64
-30
-3
1
54
59
54
69
49
29
28
59
11
34
48
94
80
50
86
64
43
-11
-71
-75
-30
18
25
17
55
58
78
90
104
102
48
51
62
53
31
30
48
-1
-4
1
-19
35
70
125
161
151
172
139
187
164
159
166
143
162
145
136
84
47
-12
-30
-61
-40
-20
34
48
81
130
111
134
108
70
110
75
56
24
37
23
-34
0
-8
9
24
48
-29
-14
70
67
92
110
92
89
84
125
114
89
37
15
46
25
70
58
42
43
82
104
120
96
73
65
54
37
26
4
36
2
-4
18
46
23
-5
26
0
-10
-1
14
17
53
83
80
85
68
5
38
12
-38
-56
-88
-53
-24
-34
-3
5
-36
-69
-14
34
36
46
8
11
55
89
78
66
81
87
79
-8
-9
-48
-62
-51
-29
-50
-41
0
27
38
9
78
18
15
51
73
80
71
76
59
121
80
31
74
82
58
41
62
74
103
127
123
119
135
103
95
80
34
11
-13
-41
-10
3
24
31
40
70
17
-1
9
-18
-40
-79
-54
-34
-62
-83
-100
-81
-80
-63
-40
-17
-41
-81
-10
3
-17
13
25
3
65
60
30
67
21
30
42
5
-20
22
71
102
87
113
102
108
132
105
102
81
90
114
91
85
37
42
43
5
36
13
4
-8
-23
-6
-3
38
83
52
10
63
-17
-19
-43
-74
-55
-105
-93
-87
-50
-35
16
-38
8
4
-5
-4
38
95
112
126
119
94
81
98
73
58
74
37
-23
-23
-11
6
-27
16
36
50
77
31
61
60
6
3
40
53
25
54
22
24
25
34
32
32
66
65
86
144
122
131
181
149
142
140
132
156
157
136
134
65
102
136
109
121
118
118
127
135
110
115
100
75
113
51
34
17
30
33
10
-4
9
59
39
82
89
5
-18
-13
-33
-5
-18
28
8
13
9
20
1
-9
40
5
44
40
61
85
77
100
82
72
57
57
77
63
36
21
-18
-70
-97
-65
-69
-139
-94
-83
-85
-69
-43
-69
-79
-34
-39
-35
-71
-77
-82
-69
-46
-7
2
5
77
39
43
76
53
55
107
79
110
143
107
149
142
141
173
192
146
163
163
123
119
102
91
156
139
93
72
49
70
59
96
73
77
44
62
83
47
23
20
27
20
2
9
52
32
68
42
41
34
33
19
7
11
11
-40
-26
-18
-6
-21
-26
-47
-70
-23
-35
-35
-55
-59
-82
-87
-97
-89
-68
-25
-63
-34
0
23
7
-47
-23
1
0
-4
12
21
32
24
57
36
58
97
63
30
17
36
46
39
32
21
37
20
25
32
-16
21
26
36
82
87
51
76
50
77
43
48
53
59
-23
-30
20
5
49
25
66
94
103
112
87
89
84
116
98
85
140
120
129
126
138
93
108
125
140
150
116
60
96
120
90
96
47
3
-31
-52
-80
-71
-94
-113
-56
-116
-95
-98
-96
-112
-117
-82
-111
-113
-132
-102
-72
-17
-25
-16
-21
-60
-43
-79
-91
-73
-76
-34
-58
-36
-48
-15
-4
-45
1
94
98
110
142
146
128
112
121
85
94
63
42
20
47
62
47
87
-18
4
15
-44
2
-54
-53
-34
-52
-35
-20
-25
16
6
-13
4
-52
-81
-74
-92
-130
-142
-131
-102
-94
-127
-141
-134
-84
-95
-72
-59
-51
-56
-97
-123
-117
-126
-121
-61
-77
-54
-28
-23
-20
-7
0
24
32
46
74
125
106
68
68
41
43
29
27
-10
-19
-58
-84
-137
-91
-115
-95
-71
-80
-91
-116
-55
-76
-37
-29
-80
-116
-87
-69
-91
-115
-100
-121
-123
-109
-105
-71
-85
-22
23
18
31
23
-4
9
-20
-7
-27
-75
-31
-49
-57
-22
-22
-27
-6
9
-6
-13
23
22
52
2
-49
-8
-66
-94
-99
-116
-101
-109
-160
-185
-134
-189
-181
-141
-209
-211
-189
-178
-159
-173
-190
-161
-197
-164
-246
-266
-253
-302
-287
-276
-267
-239
-198
-199
-192
-193
-167
-154
-160
-155
-153
-203
-168
-143
-171
-126
-126
-103
-105
-88
-70
-57
-64
-98
-117
-116
-64
-111
-79
-63
-54
-41
-16
-27
-46
-14
-11
-44
-54
-56
-62
-32
-54
-104
-85
-94
-118
-80
-56
-150
-200
-161
-181
-223
-197
-190
-155
-163
-143
-124
-112
-89
-77
-105
-56
-43
-53
-21
-42
-47
-79
-102
-102
-101
-104
-88
-91
-57
-61
-58
-53
-62
-65
-46
-21
20
35
-15
27
35
-44
-67
-128
-195
-163
-223
-234
-231
-232
-166
-186
-142
-115
-104
-112
-108
-84
-68
-87
-103
-35
-47
-123
-96
-92
-113
-126
-121
-146
-191
-204
-247
-223
-227
-184
-161
-154
-121
-135
-99
-51
-93
-105
-91
-69
-47
-26
-21
-21
54
-23
-19
0
-51
-50
-93
-36
-47
-98
-85
-109
-93
-27
9
7
14
3
37
14
11
-1
-67
-70
-95
-78
-121
-75
-73
-100
-35
-64
-92
-85
-91
-60
-31
-21
0
12
31
21
35
27
17
23
14
21
16
-11
-15
-68
-115
-96
-131
-127
-86
-130
-152
-160
-201
-190
-196
-214
-224
-216
-198
-232
-263
-306
-273
-339
-323
-289
-267
-231
-247
-208
-212
-214
-184
-173
-165
-113
-73
-69
-109
-68
-33
31
-4
-37
-29
-12
-20
-75
-8
-8
20
26
-13
-34
-65
-47
-74
-69
-92
-137
-108
-116
-106
-176
-170
-162
-183
-245
-234
-237
-246
-215
-223
-202
-215
-212
-200
-207
-218
-133
-129
-142
-143
-162
-73
-76
-68
3
26
62
34
6
44
42
105
48
23
0
-54
-46
-18
-74
-106
-110
-139
-104
-81
-64
-50
-13
29
8
-11
-14
-35
-90
-122
-100
-96
-82
-128
-119
-131
-115
-97
-15
-62
-85
-23
-51
-4
-31
-37
21
17
45
69
81
69
66
103
109
76
36
41
42
33
38
20
-32
-37
-18
-44
-42
-40
-80
-52
-45
-51
-61
-49
20
-18
-40
-53
-77
-80
-57
-66
-68
-36
-35
-8
10
48
26
0
70
49
39
25
45
79
84
124
105
47
58
36
-14
-14
8
-28
-12
1
28
-10
-57
-48
-44
-73
-44
-46
-29
-19
-67
-75
-76
-43
-62
-36
-42
-84
-91
-114
-153
-133
-129
-64
-12
30
47
68
98
116
164
149
167
178
189
166
154
169
157
128
121
142
120
137
127
115
125
133
114
101
76
107
60
3
58
-20
-37
-21
-6
-19
-34
-6
1
9
71
36
61
132
113
111
76
32
27
11
32
46
41
50
69
85
80
92
83
85
79
38
77
50
74
91
41
26
53
56
39
25
0
-15
-13
-27
-26
14
3
12
-11
-2
3
3
3
54
97
166
150
140
174
142
136
107
80
61
59
44
42
43
35
84
119
123
128
123
109
99
78
59
87
66
48
17
64
23
58
73
42
42
-12
42
14
86
113
94
107
123
140
104
100
130
77
35
33
39
23
67
42
60
38
41
75
32
89
57
99
103
103
64
82
90
71
105
117
93
96
102
49
27
-19
-40
-23
2
9
2
6
38
24
12
1
3
19
-38
-30
-9
-21
-42
-33
-8
-59
-56
-40
-65
-75
-59
-32
-33
-9
11
3
32
100
127
126
168
195
189
109
140
179
178
158
117
103
50
32
-6
-33
-76
-70
-99
-122
-129
-123
-120
-101
-63
-81
-27
21
17
6
15
9
36
20
23
28
0
13
48
65
28
23
43
73
66
116
111
158
163
150
160
127
112
88
37
-2
10
-5
-17
5
28
24
12
31
20
55
40
41
64
63
71
45
76
80
71
122
83
45
11
16
35
27
9
18
30
50
54
21
11
-32
-14
-38
-23
-39
-21
38
-2
51
55
59
121
110
75
117
157
78
95
77
65
19
14
12
-46
-17
-55
-74
-91
-129
-143
-126
-148
-171
-130
-110
-137
-142
-132
-144
-123
-151
-148
-170
-185
-159
-147
-132
-113
-76
-55
-5
6
20
10
28
62
68
71
78
61
19
0
16
-2
30
51
59
37
51
87
73
86
79
60
39
-4
-12
-71
-83
-124
-176
-203
-232
-251
-216
-157
-120
-108
-145
-121
-124
-159
-124
-133
-124
-137
-144
-107
-84
-92
-97
-98
-89
-40
-46
-19
30
67
87
101
124
145
149
182
159
168
191
99
134
87
5
-29
-43
-6
-14
-1
-11
8
34
7
32
36
66
79
9
41
108
88
57
59
29
29
-13
7
-3
-24
-14
-45
-59
-71
-59
-43
-24
-37
-15
-66
-63
-85
-61
-54
-79
-71
-38
-6
-38
-12
-33
-49
-10
28
78
77
57
129
157
110
135
120
87
71
71
87
37
18
22
28
80
66
65
41
19
43
55
86
76
14
-8
-3
-61
-70
-75
-100
-78
-106
-156
-116
-176
-158
-158
-162
-121
-141
-178
-164
-176
-120
-92
-130
-127
-121
-123
-120
-141
-126
-142
-146
-73
-46
-20
-20
-27
-42
-47
-42
-39
-23
-39
-45
42
60
48
26
98
84
86
75
32
50
19
94
66
58
42
45
46
51
-8
-45
-56
-96
-100
-71
-37
-40
-50
-15
-25
-18
-33
-82
-86
-113
-129
-146
-124
-117
-110
-156
-130
-99
-95
-99
-102
-69
-46
-40
-14
5
-30
-17
-4
-43
-11
-49
-84
-29
-82
-36
-19
-31
-20
-76
-105
-84
-123
-95
-111
-101
-20
-37
13
-33
-72
-107
-113
-84
-104
-129
-139
-156
-159
-189
-166
-122
-99
-63
-101
-43
-40
-17
6
-5
-19
-19
-24
-11
-33
-25
-48
-72
-52
-33
25
-44
-2
31
33
17
66
53
35
41
38
53
38
87
86
110
118
86
75
24
21
26
2
-3
-55
-82
-78
-110
-83
-80
-137
-84
-81
-76
-33
-58
-29
10
-12
8
-33
-13
17
-47
-42
13
44
39
40
66
58
8
25
17
20
24
74
63
62
92
49
61
54
63
56
56
68
92
84
79
5
-2
37
-72
-63
-65
-86
-107
-100
-67
-69
-65
-68
-95
-99
-72
-71
-33
-7
-16
-28
15
14
24
44
5
10
0
-12
-19
-23
-18
-20
-21
-19
47
61
25
-2
-24
-18
-14
-40
-52
-27
-80
-54
-61
-118
-105
-78
-93
-95
-138
-145
-115
-153
-126
-138
-103
-76
-55
-61
-78
-38
19
49
83
75
46
52
36
29
17
38
10
59
77
77
46
31
24
-33
-8
-41
-76
-64
-64
-66
-9
27
-8
23
-5
55
71
25
32
-17
-57
-25
-15
-25
13
-26
7
-39
-22
-14
-50
-15
-60
-4
-28
-42
12
16
56
29
29
75
60
28
76
65
73
54
56
20
-13
7
-25
-25
-39
-20
-45
-36
-63
-67
-89
-102
-65
-63
-57
-89
-71
-68
-62
-38
-81
-75
-116
-98
-76
-79
-52
-55
-16
-35
-73
-62
-53
-73
-116
-133
-75
-77
-90
-113
-115
-124
-117
-173
-188
-168
-166
-139
-143
-136
-156
-128
-133
-152
-136
-105
-69
-65
-33
-36
-29
-14
1
-2
-7
-7
2
-32
-21
-2
-9
54
86
99
157
164
198
186
159
174
149
190
140
137
109
56
33
4
-58
-77
-92
-148
-179
-215
-226
-212
-190
-176
-156
-209
-187
-204
-259
-281
-278
-226
-224
-189
-188
-203
-196
-187
-158
-131
-92
-45
-13
7
53
52
53
34
-1
-19
-31
-15
-23
2
-24
-14
30
-9
16
56
-1
-11
-30
8
21
15
35
35
47
11
-34
-28
-85
-80
-76
-74
-95
-144
-149
-160
-173
-144
-117
-118
-77
-63
-99
-94
-70
-110
-67
-73
-97
-62
-83
-22
-59
-80
-108
-106
-105
-121
-87
-128
-33
-28
7
16
20
56
-10
15
-4
-2
-6
-44
-40
-14
-5
-25
-32
-53
-82
-134
-142
-121
-125
-104
-115
-104
-74
-82
-113
-107
-116
-44
-4
-37
-1
-15
-13
-10
17
3
21
-6
46
40
-9
-13
-3
59
25
76
50
31
34
46
41
32
101
89
106
67
95
51
33
87
-22
3
-32
-36
-12
-51
-66
-34
-40
-63
-47
-35
-33
-17
2
-55
-84
-93
-60
-71
-77
-73
-35
-59
-71
-45
-65
-76
-44
-43
-55
-47
-37
-28
-79
-117
-82
-51
-37
-62
-43
-62
-33
-41
-11
-9
-38
30
17
45
-5
16
35
10
62
32
40
40
25
36
35
11
-35
-30
-50
-55
-85
-66
-63
-46
-69
-66
-61
-57
-63
-77
-72
-88
-71
-66
-31
-7
13
19
-2
5
5
-5
26
-16
-14
-36
-36
4
-2
11
34
34
17
-9
-24
-16
-48
-27
-48
-64
-58
-2
24
20
37
53
57
10
38
7
23
1
23
61
59
69
37
30
58
50
72
100
94
69
80
62
20
11
1
18
-5
19
19
-33
53
22
27
45
41
21
-31
-19
-13
-1
3
24
14
30
25
76
117
91
84
100
69
58
91
58
78
116
157
166
164
175
163
184
148
128
91
32
48
4
19
25
46
41
6
-16
-41
-37
-48
-41
-36
-35
-40
-48
-2
-4
-45
-36
-51
-38
-21
-6
8
-82
-49
-29
-59
-30
-27
-48
-55
-80
-76
-68
-57
-19
-5
-1
19
33
4
55
64
67
34
30
55
85
110
81
95
108
130
93
55
93
133
116
123
181
134
133
177
144
134
115
98
57
67
70
14
-28
-16
-74
-42
14
0
54
8
60
75
50
71
92
103
113
121
94
67
84
128
106
111
111
79
94
77
99
112
86
48
69
113
112
128
139
144
116
115
146
95
94
42
33
55
-3
25
7
-1
-28
-51
-11
-7
-8
-35
-12
0
-61
-53
-35
10
2
29
51
45
104
96
76
96
107
146
101
56
70
31
71
102
119
139
123
96
92
126
97
76
69
70
91
48
47
86
59
32
60
96
39
-4
-54
-31
-29
-53
-13
-12
24
5
13
9
4
0
19
80
74
47
75
52
46
29
-2
30
12
59
64
16
58
100
110
122
127
86
84
92
87
134
158
190
144
116
127
86
63
67
40
19
33
8
15
13
14
-4
4
5
33
73
90
82
95
111
92
83
110
98
102
126
130
156
188
208
177
129
158
196
202
210
206
220
199
205
182
217
217
197
168
128
158
174
161
125
121
92
90
89
121
83
110
71
0
46
37
68
23
4
-10
18
1
20
75
98
133
202
271
250
254
268
293
200
187
167
132
107
21
98
112
77
118
125
141
180
140
127
62
127
149
91
107
106
59
28
36
-33
-10
-49
-5
42
78
54
96
97
75
149
182
202
219
208
177
124
124
102
25
31
-6
20
-9
15
30
41
89
101
125
42
46
8
17
25
-10
20
16
26
35
19
-7
6
-13
-11
45
89
70
72
109
100
145
153
124
140
128
146
86
72
86
31
32
7
8
17
-27
-19
-56
-49
-16
-30
-87
-115
-150
-168
-159
-154
-116
-120
-125
-77
-54
-61
-17
-52
-86
-26
-39
-47
12
20
-23
-27
46
56
60
32
73
53
47
44
38
38
-16
-4
4
-56
-17
6
3
-28
1
23
32
27
13
39
35
32
37
32
5
-11
-7
41
7
-6
-10
-73
-76
-120
-89
-74
-47
-54
-81
-66
-100
-122
-133
-137
-127
-89
-106
-78
-95
-118
-99
-106
-116
-134
-142
-129
-118
-92
-108
-95
-71
-12
10
1
15
44
5
2
91
77
81
64
81
83
68
87
42
16
34
29
20
34
21
-17
-26
-26
-26
-75
-29
-41
-71
-34
-34
-15
-32
-54
-23
-40
-97
-38
-53
-76
-90
-70
-12
-15
19
26
36
22
31
20
23
57
42
63
20
30
16
32
54
57
79
29
96
83
98
116
87
73
49
51
-10
0
2
-38
-47
-75
-78
-95
-136
-141
-128
-93
-121
-103
-102
-149
-165
-185
-155
-124
-86
-62
-31
-30
-33
-14
-37
-38
-18
14
21
32
39
33
36
2
31
47
64
29
36
46
53
60
71
91
69
32
-11
-32
-85
-31
-76
-52
-76
-89
-62
-89
-56
-85
-83
-84
-75
-102
-148
-71
-87
-93
-75
-128
-114
-43
-45
-63
-85
-76
-71
-21
10
-11
-12
-41
-86
-81
-56
-96
-85
-63
-131
-137
-95
-95
-101
-78
-11
-31
-88
-71
-94
-127
-114
-145
-157
-192
-206
-155
-126
-162
-174
-134
-132
-70
-75
-70
-84
-71
-55
-94
-107
-66
-91
-57
-70
-89
-67
-90
-76
-79
-1
-4
-11
-26
27
32
-5
33
-26
-47
-75
-94
-106
-115
-108
-111
-176
-164
-164
-140
-95
-135
-91
-48
-87
-114
-77
-78
-110
-138
-158
-119
-126
-171
-122
-112
-112
-134
-121
-113
-138
-123
-124
-105
-49
-18
-66
-28
23
-26
-66
-53
-64
-80
-71
-57
-8
-48
-29
-34
-70
-36
23
-8
-42
-12
-7
1
-3
11
19
27
22
29
13
58
56
32
34
42
11
69
49
-3
40
13
15
27
18
-23
-57
-56
-41
-121
-143
-88
-100
-78
-55
-64
-83
-57
-26
-16
-4
-33
-41
-27
-41
-37
18
-10
-38
-31
-39
-16
-31
-17
-25
-31
-26
-38
-28
-51
-99
-92
-57
-35
-102
-142
-123
-136
-103
-89
-113
-82
-76
-69
-87
-116
-80
-86
-78
-104
-52
-30
22
-11
-17
52
40
75
90
95
76
66
48
55
57
18
12
-12
-22
-20
24
35
36
47
28
19
4
-45
-34
-42
-71
-1
4
33
2
-10
-33
-72
-64
-38
-8
-62
-23
-24
-18
-16
-11
-37
-18
8
-39
-5
-22
-37
-79
-65
-91
-40
-51
-81
-94
-95
-96
-125
-147
-156
-109
-124
-129
-91
-101
-132
-125
-52
-71
-96
-82
-65
-101
-144
-120
-182
-179
-123
-104
-94
-79
-58
-54
-33
-15
-2
-7
-46
-49
-52
-3
-14
2
21
37
20
-7
-1
-53
-31
-38
-40
-68
-43
-12
-20
5
44
21
-7
-27
-31
3
-36
-40
-91
-83
-81
-65
-44
-79
-71
-63
-39
-36
-28
-54
-72
-73
-52
-57
-33
5
24
-11
-15
-26
-13
25
13
-9
27
43
40
52
71
97
69
55
25
-16
5
7
-5
20
32
43
18
32
39
41
7
24
27
41
6
-2
23
6
10
-1
-9
37
67
96
64
41
62
78
39
31
9
-11
-3
-24
9
30
36
19
-9
3
19
-20
-5
-36
-73
-60
-57
-35
-52
-50
-65
-76
-15
47
14
0
11
-7
-21
42
44
28
27
9
7
-21
-48
-16
25
48
-4
-4
30
23
31
43
99
40
26
59
42
18
29
-28
-51
-62
-28
-17
-60
-38
-36
4
-9
9
30
19
46
26
16
9
43
61
46
40
49
-4
21
8
10
52
37
25
73
55
45
58
69
81
72
104
68
118
130
139
168
179
219
212
187
152
182
185
159
128
120
92
96
119
104
71
62
103
51
27
-8
4
-6
-35
-5
-44
-32
-97
-84
-96
-111
-112
-75
-57
-39
-20
3
35
11
77
85
70
62
63
65
57
87
58
109
96
82
131
95
90
88
141
108
68
50
48
51
41
24
-6
-22
-18
-10
8
20
-7
24
-9
-11
13
44
80
79
57
76
118
118
105
91
41
46
96
53
30
44
-13
-8
0
28
54
18
14
32
72
44
17
44
27
70
42
29
64
79
74
47
87
77
62
47
68
100
84
61
58
57
3
-44
-68
-36
-30
12
20
37
55
12
-24
-68
-16
-21
-27
3
-16
36
18
7
36
13
0
-49
-78
-53
-17
-18
45
15
16
45
24
33
-4
3
39
42
34
34
26
57
61
22
-2
-17
-16
-39
-73
-10
7
25
65
47
66
26
56
26
1
-13
3
-21
-24
16
-16
24
3
-3
19
23
52
72
61
44
55
45
70
80
106
39
-8
-11
-47
-5
-19
-65
8
-15
-7
0
-55
-16
-75
-58
-37
-16
-46
-78
-3
21
22
31
28
37
32
3
20
48
56
56
86
133
165
174
194
201
204
178
162
140
103
97
93
33
27
20
37
58
66
56
70
117
142
182
164
189
172
155
164
160
167
176
149
95
102
88
64
44
15
42
75
-24
-30
51
114
45
-33
-15
52
162
83
62
139
185
137
94
117
121
98
106
105
116
128
103
122
179
178
110
97
145
156
151
134
148
199
179
134
118
112
175
147
64
39
30
73
105
47
53
58
58
62
28
5
25
13
36
21
1
-36
-45
-44
-20
21
-25
-6
-15
-6
2
-30
-79
-164
-192
-204
-189
-213
-259
-240
-246
-221
-233
-250
-168
-215
-218
-256
-185
-187
-197
-190
-257
-248
-263
-230
-245
-253
-268
-253
-189
-201
-228
-147
-106
-53
-17
12
124
205
279
340
407
443
427
510
522
531
625
669
777
877
935
952
944
993
1008
1009
996
978
968
890
861
773
688
590
474
406
325
195
51
-89
-190
-278
-425
-602
-723
-884
-1027
-1094
-1275
-1366
-1496
-1588
-1761
-1930
-1970
-2040
-2143
-2162
-1913
-1689
-2063
-2501
-2188
-1254
-706
-1373
-2085
-1424
-58
320
-424
-806
-14
955
947
411
483
1132
1489
1378
1288
1464
1675
1606
1595
1869
2078
1839
1607
1698
1961
2016
1606
1311
1342
1482
1367
1000
751
755
785
711
546
341
240
255
288
223
64
-85
-89
-27
-11
-52
-144
-242
-214
-144
-75
-184
-286
-238
-168
-207
-397
-467
-385
-355
-407
-592
-796
-846
-886
-1016
-1274
-1519
-1672
-1707
-1696
-1735
-1668
-1670
-1910
-2146
-1928
-1352
-1044
-1448
-1883
-1451
-572
-226
-649
-938
-419
348
473
225
216
716
1195
1208
1096
1248
1440
1443
1440
1594
1716
1622
1459
1511
1678
1640
1485
1292
1196
1231
1217
954
736
727
827
754
433
206
278
421
286
-128
-278
-65
32
-146
-461
-390
-85
-46
-268
-292
-59
66
-28
41
218
362
314
298
531
721
713
637
718
841
881
772
699
704
660
544
388
226
71
-19
-123
-298
-571
-787
-964
-1071
-1371
-1726
-1882
-1919
-2115
-2250
-2097
-2133
-2550
-3018
-2767
-2042
-1775
-2421
-2936
-2268
-1256
-1129
-1724
-1825
-1030
-323
-356
-643
-336
253
579
615
721
1021
1164
1146
1253
1630
1849
1713
1616
1812
2153
2188
2024
1878
1908
2111
2155
1904
1612
1611
1807
1713
1303
967
1062
1384
1343
713
248
539
1047
931
239
-91
242
684
519
28
-75
129
208
116
89
218
156
-3
114
360
304
-60
-221
-12
244
69
-332
-461
-300
-321
-592
-857
-935
-983
-1175
-1327
-1545
-1837
-1985
-2160
-2365
-2548
-2490
-2198
-2357
-3105
-3468
-2842
-1741
-1751
-2960
-3376
-2172
-792
-1043
-2049
-2073
-748
184
-200
-655
-190
704
1115
896
970
1376
1646
1581
1847
2347
2496
2259
2139
2526
2948
2865
2585
2453
2550
2737
2557
2158
2005
2129
2245
1938
1412
1125
1299
1425
1172
804
601
551
445
346
333
247
-88
-292
-197
-86
-152
-476
-594
-444
-379
-549
-728
-623
-467
-453
-580
-657
-570
-425
-446
-473
-554
-658
-739
-728
-745
-894
-1099
-1244
-1311
-1440
-1638
-1856
-1901
-2093
-2366
-2521
-2445
-1911
-2045
-2921
-3518
-2986
-1592
-1255
-2662
-3571
-2443
-549
-424
-1795
-2281
-876
594
302
-675
-382
842
1649
1257
883
1489
2149
2060
1885
2217
2633
2559
2263
2393
2801
2925
2587
2300
2355
2636
2516
1966
1685
1889
2098
2015
1306
781
880
1302
1266
649
18
-45
261
296
66
-185
-333
-380
-361
-328
-290
-362
-527
-459
-353
-399
-521
-505
-267
-108
-252
-432
-367
-184
-157
-324
-466
-431
-453
-636
-788
-828
-933
-1097
-1257
-1477
-1595
-1828
-2109
-2272
-2468
-2771
-2701
-2056
-2154
-3252
-4066
-3255
-1411
-1133
-3117
-4309
-2632
-274
-345
-2215
-2716
-720
949
256
-974
-463
1128
1832
1092
798
1589
2230
2116
2028
2516
2889
2729
2410
2581
3086
3200
2795
2519
2640
2985
2764
2201
1943
2102
2553
2370
1330
585
1064
1948
1714
551
-204
301
983
648
-46
-231
-8
-17
-267
-271
-85
-243
-571
-490
-197
-275
-670
-715
-382
-226
-498
-839
-719
-434
-392
-644
-870
-840
-802
-935
-1068
-1188
-1256
-1356
-1531
-1672
-1843
-2027
-2267
-2416
-2527
-2690
-2634
-2225
-2246
-3084
-3873
-3352
-1775
-1237
-2769
-4075
-2905
-664
-301
-1915
-2666
-1108
742
557
-688
-496
1004
1998
1410
806
1454
2318
2353
2121
2374
2811
2786
2595
2631
2998
3166
2956
2719
2706
2985
2933
2567
2399
2522
2654
2227
1550
1412
1864
2017
1307
684
790
1190
968
290
10
279
279
-220
-489
-342
-283
-535
-765
-610
-487
-752
-1035
-845
-608
-736
-1120
-1120
-838
-769
-1018
-1245
-1157
-1046
-1191
-1441
-1516
-1511
-1442
-1590
-1826
-1927
-2012
-2015
-2156
-2494
-2733
-2795
-2644
-2206
-2218
-2847
-3442
-3233
-2125
-1264
-2017
-3230
-2851
-1127
-36
-794
-1836
-1243
395
1094
321
-148
649
1835
2006
1392
1364
2060
2513
2397
2293
2636
2978
2858
2663
2834
3089
3049
2800
2625
2774
2851
2560
2261
2260
2377
2153
1525
1196
1426
1687
1287
585
401
735
847
381
-15
141
253
-46
-340
-300
-174
-296
-481
-468
-364
-441
-670
-696
-451
-391
-678
-818
-665
-442
-532
-753
-727
-559
-697
-958
-1034
-960
-969
-1218
-1404
-1506
-1632
-1776
-1912
-2177
-2472
-2754
-2951
-2665
-2136
-2371
-3317
-3908
-3122
-1675
-1513
-2860
-3616
-2515
-836
-689
-1737
-2079
-825
432
293
-409
-112
847
1595
1424
1266
1735
2169
2236
2276
2539
2939
3047
2847
2863
3150
3426
3272
3017
2923
3034
2971
2713
2520
2486
2559
2303
1804
1697
1827
1833
1368
988
1013
997
679
298
262
388
75
-372
-522
-348
-349
-696
-878
-722
-641
-849
-1084
-1013
-798
-782
-949
-1008
-916
-834
-968
-1052
-961
-930
-1069
-1238
-1226
-1190
-1233
-1373
-1522
-1614
-1688
-1715
-1792
-2040
-2305
-2546
-2668
-2596
-2151
-2096
-2954
-3695
-3205
-1891
-1253
-2426
-3603
-2772
-932
-407
-1386
-2022
-912
591
704
-67
89
1030
1825
1765
1511
1811
2301
2336
2391
2732
3047
3101
2855
2879
3259
3518
3241
2988
2878
3002
3069
2717
2357
2449
2616
2389
1622
1215
1584
2003
1433
491
323
799
883
228
-252
-59
5
-338
-673
-600
-524
-722
-928
-868
-721
-864
-1200
-1088
-722
-652
-906
-1051
-829
-602
-687
-872
-845
-707
-605
-746
-970
-973
-843
-816
-976
-1247
-1437
-1386
-1372
-1521
-1887
-2247
-2276
-2353
-2220
-1877
-2177
-3025
-3432
-2667
-1356
-1409
-2938
-3706
-2168
-314
-503
-2007
-2351
-723
717
238
-720
-280
1010
1749
1267
1000
1530
2100
2072
2102
2420
2657
2568
2385
2610
3055
3104
2762
2572
2691
2919
2854
2367
2125
2352
2734
2380
1398
984
1652
2254
1612
501
217
946
1248
512
-178
-77
234
-65
-529
-469
-182
-311
-756
-736
-447
-519
-916
-1017
-610
-332
-725
-1147
-898
-457
-493
-823
-1020
-799
-592
-747
-1021
-1091
-874
-841
-1180
-1524
-1575
-1428
-1494
-1845
-2034
-2111
-2258
-2580
-2561
-1873
-1860
-2919
-3689
-3027
-1384
-1113
-2850
-3825
-2214
-24
-262
-2203
-2642
-594
1271
630
-941
-567
1229
2179
1443
829
1481
2359
2399
2184
2420
2953
3013
2781
2755
3188
3379
3096
2789
2935
3179
3151
2660
2324
2531
2868
2609
1740
1284
1606
1936
1404
658
572
882
682
118
-193
71
83
-379
-675
-531
-374
-666
-943
-834
-651
-826
-1167
-972
-559
-561
-890
-979
-663
-390
-485
-663
-635
-431
-412
-548
-507
-393
-353
-543
-859
-882
-822
-792
-1087
-1536
-1711
-1525
-1674
-2241
-2893
-2532
-1425
-1545
-3200
-4449
-3368
-944
-577
-3064
-4851
-3027
-95
124
-2257
-3517
-1405
1191
1072
-827
-1301
338
2122
1897
725
644
1587
2278
2507
2370
2366
2564
2657
2809
3247
3346
2977
2572
2760
3277
3342
2553
1942
2353
3064
2805
1463
773
1648
2484
1669
213
-165
747
1204
221
-674
-362
177
-66
-748
-893
-584
-535
-844
-886
-730
-829
-1112
-931
-456
-313
-785
-1004
-502
-17
-54
-434
-408
-28
185
-27
-343
-261
-57
-28
-255
-580
-687
-592
-727
-1027
-1341
-1530
-1592
-1810
-2168
-2531
-2983
-2818
-2048
-2064
-3428
-4653
-3957
-1781
-1123
-3317
-5145
-3765
-861
-366
-2471
-3707
-1834
646
569
-1087
-1172
527
1971
1660
943
1211
1997
2400
2534
2825
3182
3171
3069
3297
3767
3800
3480
3324
3415
3668
3603
3093
2664
2765
3065
2915
1983
1236
1416
1804
1471
496
-107
150
296
-139
-574
-591
-508
-735
-1071
-1071
-916
-1016
-1284
-1185
-1051
-1166
-1355
-1140
-735
-661
-907
-886
-486
-189
-201
-347
-219
-10
108
-37
-157
-115
-116
-143
-308
-461
-563
-712
-927
-1155
-1336
-1613
-1874
-2024
-2239
-2704
-2938
-2318
-1929
-2812
-4198
-4205
-2432
-1192
-2587
-4569
-3880
-1387
-382
-1883
-3311
-2082
266
673
-689
-1086
242
1753
1791
1138
1349
2105
2481
2658
2904
3202
3222
3120
3310
3732
3861
3554
3325
3356
3498
3486
3136
2693
2649
2750
2630
1942
1256
1349
1756
1411
486
-36
280
509
-68
-698
-674
-389
-668
-1140
-1162
-860
-897
-1257
-1348
-989
-860
-1050
-1006
-646
-474
-757
-886
-515
-27
-77
-383
-371
11
162
-91
-290
-192
71
3
-364
-716
-656
-586
-820
-1173
-1495
-1757
-1973
-2139
-2312
-2599
-3182
-3082
-2390
-2572
-3893
-4723
-3565
-1721
-1898
-4091
-4809
-2627
-577
-1002
-2670
-2597
-534
750
12
-665
145
1336
1864
1626
1671
2147
2482
2693
3258
3683
3529
3256
3516
4118
4237
3738
3449
3617
3753
3580
3215
2828
2652
2638
2478
1983
1311
975
1064
1040
541
-98
-281
-199
-242
-565
-759
-800
-929
-1161
-1310
-1291
-1202
-1215
-1189
-1138
-1169
-1167
-1012
-617
-486
-664
-774
-484
-88
48
-83
-119
-3
69
12
-91
-53
-22
-165
-394
-589
-626
-612
-865
-1313
-1583
-1501
-1598
-2152
-2833
-3013
-2890
-3013
-2911
-2854
-3486
-4454
-4461
-3177
-1969
-2765
-4577
-4405
-2071
-521
-1340
-2851
-2160
188
1162
54
-582
588
2237
2655
1883
1736
2561
3311
3499
3575
3752
3884
3809
3895
4167
4162
3815
3570
3590
3651
3356
2806
2431
2569
2592
2129
1261
663
811
1177
738
-249
-796
-543
-173
-549
-1255
-1486
-1197
-1133
-1377
-1629
-1553
-1360
-1431
-1488
-1304
-1241
-1312
-1174
-797
-587
-782
-934
-507
87
120
-247
-312
116
470
264
-74
-127
203
265
-107
-474
-498
-338
-505
-959
-1344
-1514
-1537
-1726
-2073
-2464
-2720
-2998
-2844
-2361
-2586
-3679
-4331
-3488
-1909
-1562
-3179
-4230
-2751
-586
-427
-1930
-2398
-650
1196
893
-248
75
1617
2573
2174
1688
2142
2941
3145
3168
3274
3490
3451
3346
3613
3855
3627
3215
3142
3290
3197
2761
2278
2198
2184
1956
1477
948
703
697
556
90
-271
-345
-459
-726
-929
-943
-915
-1108
-1304
-1312
-1072
-1048
-1248
-1275
-1058
-924
-1040
-1072
-742
-487
-573
-681
-493
-168
-69
-205
-163
106
142
-86
-144
48
141
-88
-401
-376
-257
-463
-791
-1014
-1046
-1212
-1562
-1773
-1866
-2006
-2309
-2647
-2819
-2414
-2185
-2735
-3598
-3624
-2427
-1273
-1873
-3283
-3124
-1249
71
-648
-1763
-1154
714
1582
604
142
1230
2516
2653
1982
2020
2718
3153
3132
3111
3277
3353
3116
3068
3252
3303
2916
2577
2510
2579
2391
1969
1562
1440
1410
1142
617
136
58
145
-45
-505
-811
-740
-617
-900
-1315
-1239
-898
-968
-1280
-1355
-1029
-756
-883
-1025
-854
-545
-476
-591
-458
-138
19
-8
-17
45
194
268
297
335
255
202
274
219
74
11
-39
-174
-366
-523
-606
-745
-968
-1278
-1498
-1516
-1736
-2072
-2310
-2541
-2650
-2439
-2048
-2361
-3248
-3590
-2595
-1220
-1411
-2956
-3343
-1504
239
-89
-1501
-1374
552
1754
928
76
907
2315
2597
1768
1480
2305
2942
2708
2418
2564
2916
2857
2598
2598
2786
2599
2203
2086
2116
2057
1670
1179
1045
1127
974
483
-106
-244
-8
4
-561
-1005
-919
-573
-542
-891
-1017
-775
-602
-744
-865
-710
-460
-432
-447
-305
-128
-245
-320
-71
318
366
134
92
480
733
582
396
448
641
631
379
201
183
180
33
-275
-478
-585
-587
-774
-1120
-1412
-1549
-1523
-1664
-2091
-2357
-2459
-2566
-2715
-2408
-2097
-2569
-3364
-3431
-2182
-1011
-1689
-3228
-2970
-961
266
-565
-1691
-982
941
1586
676
271
1206
2211
2228
1750
1871
2368
2410
2242
2505
2917
2896
2369
2232
2771
2987
2445
1820
1840
2201
2062
1397
987
1182
1357
990
298
-108
90
350
83
-378
-583
-554
-443
-483
-613
-625
-614
-667
-606
-416
-411
-560
-548
-319
-112
-190
-342
-83
250
270
133
110
329
565
518
481
508
616
658
531
428
279
216
200
122
-88
-395
-488
-561
-730
-1043
-1353
-1308
-1390
-1772
-2104
-2230
-2266
-2361
-2714
-2731
-2164
-2058
-2912
-3586
-2841
-1366
-1014
-2427
-3412
-2033
-58
61
-1320
-1708
-202
1339
1049
43
350
1569
2183
1638
1220
1724
2271
2183
1939
2166
2396
2299
1995
1990
2311
2219
1814
1526
1699
1802
1567
1143
1049
1240
1221
809
232
86
406
668
376
-244
-464
11
373
214
-310
-374
-81
45
-148
-341
-205
-27
-14
-107
-146
-38
16
62
143
157
115
94
223
319
322
222
208
294
335
135
-62
-77
54
14
-281
-557
-701
-625
-692
-987
-1287
-1317
-1340
-1449
-1690
-1947
-2018
-2049
-2217
-2504
-2253
-1797
-1932
-2694
-3035
-2234
-1080
-1151
-2451
-2834
-1393
-14
-248
-1410
-1419
46
970
446
-307
253
1296
1576
1131
1016
1439
1827
1726
1711
2059
2179
1935
1800
2104
2416
2164
1705
1717
1997
2024
1671
1300
1379
1640
1538
1016
632
705
913
747
219
-55
-2
75
-20
-160
-211
-213
-401
-458
-309
-191
-278
-443
-368
-267
-242
-387
-352
-101
-44
-153
-241
-94
126
185
97
36
66
149
183
218
211
69
-51
-7
4
-93
-321
-491
-618
-691
-731
-925
-1179
-1331
-1335
-1287
-1518
-1854
-1992
-1895
-2017
-2186
-1923
-1789
-2189
-2767
-2713
-1686
-985
-1711
-2813
-2447
-942
-309
-1098
-1879
-1184
132
305
-421
-337
529
1206
1056
762
1055
1605
1748
1641
1815
2026
2042
1866
1966
2325
2362
2065
1882
1992
2130
2079
1781
1525
1549
1608
1421
1068
855
961
988
680
349
214
250
234
-7
-166
-134
-171
-356
-536
-382
-189
-248
-463
-516
-352
-209
-228
-261
-144
-48
-103
-175
25
186
116
52
118
230
221
152
135
143
146
32
-17
11
-42
-139
-351
-492
-500
-525
-695
-907
-1036
-1144
-1210
-1333
-1605
-1747
-1814
-1956
-1910
-1633
-1604
-2109
-2680
-2444
-1401
-869
-1717
-2734
-2314
-878
-323
-1155
-1797
-1112
183
399
-307
-389
469
1257
1156
749
932
1523
1724
1644
1774
2059
2071
1967
1951
2202
2312
2059
1845
1870
1966
1808
1583
1490
1507
1400
1144
838
684
705
690
430
126
-93
-141
-159
-297
-470
-514
-553
-633
-672
-670
-598
-595
-530
-469
-532
-549
-367
-65
33
-60
-161
-39
255
375
300
229
219
305
427
432
352
295
334
328
294
172
18
2
4
-167
-433
-522
-559
-715
-935
-1083
-1067
-1105
-1345
-1708
-1879
-1870
-1993
-2148
-1998
-1874
-2325
-2843
-2763
-1891
-1315
-1919
-2762
-2465
-1183
-538
-1075
-1695
-1120
75
456
-28
-210
408
1161
1270
1015
1009
1391
1732
1830
1843
1806
1887
1955
2015
2090
2072
1990
1951
1959
1786
1669
1547
1425
1398
1257
1086
737
462
455
498
383
20
-254
-265
-143
-272
-431
-387
-341
-298
-440
-483
-350
-126
-85
-137
-93
73
203
293
340
421
529
517
528
579
679
697
649
553
573
673
647
526
394
343
349
213
30
-30
-36
-198
-398
-496
-499
-660
-955
-1124
-1107
-1136
-1362
-1660
-1762
-1660
-1804
-2160
-2363
-1998
-1571
-1917
-2636
-2763
-1994
-1084
-1245
-2241
-2426
-1313
-277
-458
-1234
-1101
6
678
266
-53
378
1139
1426
1152
1097
1420
1688
1619
1639
1844
1927
1818
1734
1909
2045
1796
1540
1589
1750
1652
1357
1074
1119
1249
1150
803
461
452
627
570
261
53
79
194
211
97
25
117
159
74
99
214
240
218
192
230
289
279
367
498
463
299
298
490
628
555
356
287
446
559
412
239
235
273
161
-61
-149
-125
-104
-199
-383
-539
-608
-649
-668
-769
-931
-1082
-1161
-1168
-1178
-1282
-1395
-1443
-1483
-1546
-1749
-1793
-1453
-1180
-1495
-2045
-2039
-1274
-586
-1003
-1870
-1884
-865
-163
-461
-1087
-935
-67
409
200
-79
250
837
1131
937
858
1024
1247
1396
1460
1438
1441
1518
1569
1641
1609
1508
1530
1601
1629
1558
1427
1291
1354
1428
1385
1193
875
822
989
987
741
488
509
621
534
295
229
258
190
63
4
39
22
-43
-21
-14
-37
-153
-167
-21
-28
-114
-276
-172
-38
-12
-189
-281
-225
-115
-39
-126
-167
-138
-101
-120
-104
-48
3
53
-18
-108
-96
-92
-137
-142
-147
-276
-353
-346
-289
-339
-543
-664
-810
-830
-947
-1179
-1395
-1267
-1067
-1355
-1888
-2128
-1606
-976
-1328
-2174
-2168
-1381
-804
-999
-1597
-1410
-599
-219
-537
-613
-178
285
409
323
427
745
948
1027
1197
1380
1455
1455
1598
1833
2025
1911
1917
1988
2135
2114
1957
1845
1948
1933
1763
1529
1334
1345
1352
1228
891
666
497
483
484
324
107
-68
-181
-298
-383
-434
-509
-601
-694
-823
-834
-779
-693
-641
-685
-702
-635
-449
-322
-254
-232
-133
26
94
146
256
328
433
467
498
558
696
765
826
800
754
724
682
707
674
537
400
332
255
120
-135
-317
-433
-581
-836
-1075
-1311
-1534
-1754
-1683
-1590
-1891
-2382
-2708
-2427
-1847
-1876
-2552
-2882
-2281
-1532
-1451
-1949
-2072
-1422
-735
-664
-802
-597
8
504
521
502
730
1118
1454
1693
1678
1737
1893
2109
2279
2309
2187
2147
2211
2269
2167
1914
1797
1902
1842
1628
1239
968
928
835
641
263
-9
-149
-258
-364
-519
-635
-723
-903
-1052
-1050
-1023
-933
-940
-1018
-952
-846
-667
-552
-432
-359
-197
-87
5
145
245
371
518
664
768
845
914
987
1132
1159
1127
1078
1098
1181
1190
1053
849
793
705
555
314
160
-20
-181
-353
-574
-798
-990
-1129
-1273
-1467
-1827
-2050
-2042
-2169
-2429
-2475
-2256
-2334
-2688
-3000
-2824
-2175
-2002
-2459
-2671
-2194
-1474
-1204
-1446
-1446
-871
-248
-91
-52
208
700
1078
1110
1239
1508
1711
1845
1929
2107
2194
2169
2155
2192
2316
2245
2127
2043
2039
1950
1707
1456
1347
1299
1105
814
578
480
434
253
-23
-184
-259
-328
-461
-588
-572
-517
-650
-801
-766
-587
-461
-507
-580
-506
-252
-39
46
19
79
195
385
594
647
685
717
814
963
1023
984
996
1093
1094
1001
915
891
923
807
681
433
343
309
174
-3
-234
-309
-433
-699
-901
-999
-938
-1019
-1329
-1601
-1699
-1594
-1651
-1889
-2185
-2232
-2148
-1965
-2012
-2289
-2463
-2405
-2115
-1812
-1928
-2200
-2015
-1535
-1173
-1185
-1228
-989
-502
-175
-146
-26
323
675
888
920
1018
1286
1478
1644
1747
1852
1967
2048
2098
2131
2140
2051
2056
2018
1982
1883
1711
1508
1443
1441
1197
868
634
545
484
339
73
-83
-166
-250
-345
-451
-460
-451
-550
-661
-629
-533
-482
-511
-575
-550
-420
-315
-278
-231
-146
2
136
255
353
455
499
642
749
800
851
932
1028
1053
1033
932
935
966
921
883
816
668
570
427
362
334
204
44
-33
-144
-277
-448
-643
-716
-829
-1047
-1318
-1463
-1424
-1528
-1771
-2082
-2220
-1976
-1814
-2084
-2535
-2544
-2111
-1665
-1735
-2258
-2225
-1543
-1034
-958
-1194
-1123
-607
-92
43
165
289
508
956
1251
1345
1273
1431
1785
2052
1914
1792
1938
2270
2440
2170
1938
2035
2189
2080
1863
1710
1651
1528
1340
1138
955
782
572
443
277
49
-227
-384
-348
-447
-721
-914
-865
-672
-737
-888
-901
-687
-468
-512
-576
-453
-169
-34
18
84
235
432
518
656
854
1032
1084
1081
1182
1321
1395
1367
1443
1434
1429
1389
1343
1299
1189
1110
998
832
661
574
440
233
19
-122
-259
-379
-530
-810
-981
-1076
-1187
-1377
-1563
-1705
-1754
-1778
-1961
-2146
-2245
-2230
-2334
-2480
-2365
-2158
-2167
-2394
-2507
-2185
-1676
-1645
-1859
-1805
-1299
-800
-674
-714
-483
113
448
436
579
909
1287
1471
1414
1480
1755
1995
2051
2050
2067
2155
2142
2108
2029
2028
1975
1805
1690
1585
1449
1291
1151
1005
823
662
462
227
82
-50
-214
-408
-546
-665
-671
-749
-914
-1096
-1026
-781
-667
-782
-922
-817
-400
-112
-145
-208
-55
275
503
596
627
845
968
1088
1103
1208
1294
1374
1394
1340
1394
1398
1398
1361
1327
1286
1174
1055
1053
989
815
556
366
285
212
-1
-220
-348
-471
-593
-756
-936
-1091
-1190
-1299
-1457
-1613
-1581
-1616
-1774
-1947
-2032
-1967
-1998
-2122
-2282
-2331
-2147
-2015
-2039
-2262
-2370
-2024
-1572
-1407
-1594
-1566
-1170
-676
-357
-465
-479
6
522
667
702
792
1119
1452
1538
1540
1684
1842
1958
2059
2147
2205
2093
2042
2051
2051
1933
1735
1633
1605
1475
1203
956
876
747
541
309
76
-95
-200
-294
-404
-615
-764
-792
-754
-779
-904
-993
-1026
-943
-762
-611
-582
-578
-529
-314
21
159
119
135
429
788
869
864
978
1172
1313
1342
1358
1510
1645
1500
1398
1457
1516
1393
1222
1153
1150
1038
849
712
585
479
281
119
-69
-182
-281
-531
-687
-826
-945
-1030
-1152
-1311
-1386
-1491
-1556
-1602
-1699
-1778
-1839
-1908
-1961
-2049
-2111
-2128
-2163
-2156
-2131
-1923
-1661
-1570
-1816
-1961
-1535
-806
-630
-1075
-1342
-638
313
379
-170
-197
598
1279
1170
821
1023
1683
1954
1707
1574
1816
2038
2017
1942
1929
1902
1823
1765
1775
1673
1412
1255
1170
1123
894
593
428
466
358
17
-271
-350
-325
-434
-544
-692
-816
-782
-754
-802
-937
-891
-744
-693
-761
-785
-639
-398
-207
-174
-194
-121
132
468
674
717
683
829
1104
1307
1333
1299
1385
1558
1626
1494
1468
1546
1568
1465
1287
1162
1037
970
882
713
497
377
263
154
-18
-262
-496
-627
-663
-878
-1065
-1242
-1379
-1448
-1554
-1689
-1807
-1792
-1748
-1812
-1861
-1853
-1764
-1687
-1711
-1713
-1702
-1623
-1574
-1548
-1578
-1615
-1526
-1122
-878
-1166
-1587
-1332
-434
28
-498
-1211
-761
421
820
98
-368
322
1277
1316
694
573
1263
1587
1339
1059
1160
1448
1364
1252
1248
1282
1136
984
1099
1254
1034
677
728
876
783
499
325
363
454
391
76
-67
-37
53
61
-117
-277
-278
-181
-95
-251
-427
-356
-186
-124
-238
-298
-160
17
92
35
34
236
357
359
343
471
567
619
589
585
631
648
651
649
642
592
498
481
534
482
353
164
100
132
120
-37
-201
-303
-325
-389
-467
-526
-622
-674
-699
-737
-776
-781
-830
-818
-864
-926
-971
-1002
-975
-956
-977
-1012
-994
-980
-923
-880
-913
-938
-953
-901
-959
-1063
-1162
-1111
-856
-637
-770
-1276
-1365
-716
-122
-322
-1172
-1270
-342
354
-45
-768
-502
388
737
228
-88
469
995
906
587
733
1124
1162
1051
1134
1369
1324
1144
1195
1471
1424
1142
1025
1238
1350
1096
787
789
936
828
557
406
391
380
310
136
-7
-169
-245
-223
-276
-434
-506
-461
-468
-615
-804
-765
-701
-749
-841
-934
-840
-682
-680
-678
-611
-498
-435
-353
-270
-225
-124
0
101
156
218
276
398
506
505
441
500
598
699
709
553
620
756
760
719
611
554
578
590
443
313
269
247
182
90
-39
-104
-145
-218
-283
-328
-430
-532
-585
-619
-660
-768
-867
-941
-938
-979
-1135
-1255
-1320
-1309
-1433
-1659
-1711
-1538
-1214
-1325
-1881
-1996
-1405
-730
-770
-1515
-1644
-757
38
-231
-857
-668
272
774
452
188
653
1242
1363
1133
1190
1536
1645
1632
1697
1854
1775
1639
1643
1794
1752
1457
1249
1320
1401
1094
703
571
621
564
224
-116
-221
-244
-330
-532
-783
-982
-1015
-1095
-1228
-1312
-1385
-1387
-1363
-1348
-1273
-1252
-1190
-1010
-895
-804
-817
-707
-355
-162
-160
-114
152
470
603
525
607
898
1125
1117
1073
1168
1253
1259
1183
1248
1340
1262
1119
1119
1134
1050
861
766
759
723
546
381
313
257
189
60
-82
-162
-245
-396
-425
-524
-570
-652
-726
-719
-752
-769
-846
-832
-867
-884
-916
-988
-949
-898
-887
-948
-977
-950
-933
-985
-1076
-1015
-837
-702
-658
-884
-1075
-768
-215
-67
-358
-650
-267
493
622
219
161
654
1092
1013
649
774
1212
1311
1143
978
1129
1254
1159
1029
1054
1021
843
666
686
670
495
252
260
323
210
-40
-164
-101
-129
-282
-554
-660
-668
-599
-678
-769
-807
-789
-712
-726
-719
-690
-574
-444
-394
-372
-310
-173
-106
-42
19
82
81
190
365
490
480
426
576
800
868
717
672
888
1079
961
766
750
897
952
789
658
681
761
685
583
457
494
516
489
444
397
304
263
245
204
147
72
-1
28
-26
-76
-87
-124
-152
-136
-171
-235
-236
-272
-260
-307
-342
-404
-413
-435
-493
-573
-622
-694
-769
-782
-868
-904
-972
-1055
-1032
-972
-884
-908
-1171
-1260
-958
-629
-700
-1087
-1177
-794
-326
-388
-779
-683
-117
132
-48
-161
113
464
440
279
342
611
622
529
573
754
778
679
685
843
903
751
642
745
819
660
531
576
691
636
461
386
396
360
317
203
215
142
35
-29
40
73
-20
-171
-145
-35
-80
-159
-188
-90
-38
-26
-141
-163
-104
-68
62
89
2
-105
47
339
465
344
228
436
618
656
617
657
790
883
900
945
1013
1033
1000
1030
1050
1040
1068
1060
1068
1022
857
844
888
806
639
441
343
308
221
49
-102
-184
-273
-411
-533
-653
-697
-788
-938
-1099
-1215
-1199
-1231
-1277
-1403
-1450
-1462
-1481
-1575
-1654
-1673
-1629
-1605
-1681
-1639
-1498
-1301
-1228
-1326
-1351
-1061
-705
-633
-702
-707
-332
122
192
27
115
513
877
818
702
877
1193
1279
1178
1198
1255
1328
1316
1259
1256
1226
1101
1001
1049
968
810
626
601
673
519
264
167
202
115
-123
-334
-356
-346
-468
-592
-658
-639
-615
-657
-669
-648
-614
-639
-630
-606
-521
-421
-301
-262
-161
-45
63
172
190
348
509
598
623
643
782
994
1054
997
943
1043
1135
1080
1053
1055
1074
1059
1018
975
911
825
743
696
624
479
346
309
241
161
7
-101
-190
-266
-374
-492
-577
-726
-775
-865
-957
-1036
-1099
-1130
-1117
-1167
-1215
-1106
-1025
-1056
-1100
-1072
-960
-891
-914
-917
-886
-761
-704
-691
-656
-595
-519
-472
-490
-439
-348
-234
-141
-194
-302
-144
123
192
69
-84
104
444
417
148
43
219
411
380
134
22
209
302
252
107
70
111
171
88
46
29
5
77
90
99
140
116
138
122
195
210
126
152
203
284
249
201
219
321
391
319
260
243
330
364
342
317
290
289
316
296
200
163
93
72
95
87
32
5
37
67
33
-1
-25
-24
11
2
-36
-35
-15
80
125
177
171
168
249
276
255
246
304
349
336
304
325
263
292
301
324
269
186
170
166
170
75
-5
8
37
-59
-140
-170
-204
-207
-304
-398
-446
-423
-373
-436
-544
-577
-529
-577
-643
-628
-661
-661
-668
-736
-708
-698
-738
-765
-838
-835
-780
-792
-778
-828
-855
-858
-742
-631
-660
-721
-694
-492
-329
-326
-428
-266
-53
-32
-86
-19
169
248
174
155
341
440
343
297
460
648
659
490
470
602
688
619
490
528
567
462
376
348
305
288
203
158
117
61
12
2
-6
-38
-115
-216
-195
-205
-201
-218
-250
-308
-255
-203
-240
-284
-241
-97
8
-41
-83
20
152
274
249
254
373
484
519
529
608
700
717
712
750
771
755
756
787
804
746
615
610
633
593
522
432
355
329
311
227
115
-1
-13
-96
-155
-275
-354
-386
-457
-508
-573
-543
-566
-614
-698
-759
-739
-722
-735
-736
-756
-728
-744
-726
-738
-733
-700
-687
-689
-677
-585
-534
-569
-604
-499
-440
-420
-477
-499
-379
-329
-347
-362
-343
-182
-64
-113
-104
-101
-75
-12
56
149
166
41
0
176
315
183
-15
21
179
270
80
-113
26
253
223
56
-61
56
188
159
13
50
105
69
82
49
52
59
50
25
96
100
95
137
119
199
236
207
260
306
430
528
492
479
535
629
624
561
535
605
653
604
554
523
586
637
581
541
514
507
484
445
399
367
379
319
311
207
132
121
63
13
-96
-114
-162
-199
-258
-308
-326
-393
-421
-469
-523
-501
-457
-431
-444
-459
-472
-442
-375
-375
-367
-355
-259
-245
-252
-206
-141
-80
-119
-106
-122
-47
-55
-78
-58
-49
-47
-145
-193
-161
-134
-159
-224
-274
-249
-236
-324
-395
-423
-392
-436
-531
-531
-529
-492
-480
-564
-558
-465
-440
-436
-443
-434
-332
-243
-193
-154
-159
-62
87
111
80
92
142
264
327
336
395
470
532
556
604
581
638
738
752
756
745
772
764
731
686
634
626
555
572
545
428
432
428
351
329
320
229
238
183
221
199
172
125
95
91
47
38
-7
-28
-38
-56
-51
-43
-18
-37
24
65
44
24
25
133
116
91
119
120
146
124
94
48
88
113
93
133
115
152
196
186
193
209
179
179
210
150
127
65
62
117
83
-8
-78
-69
-99
-194
-220
-296
-280
-266
-318
-332
-338
-355
-394
-452
-560
-533
-583
-676
-685
-683
-659
-711
-765
-765
-681
-665
-664
-657
-589
-446
-399
-396
-405
-332
-251
-167
-132
-105
-41
3
71
133
179
217
284
321
384
397
452
467
465
500
473
427
370
362
327
357
360
322
300
359
373
293
300
283
316
289
257
255
237
206
168
177
134
114
58
73
92
20
-61
20
152
193
129
88
149
204
125
9
57
122
109
69
6
29
28
19
96
83
51
15
61
113
176
149
115
203
217
214
202
200
262
242
230
176
202
240
212
171
134
95
104
78
35
34
-5
-28
-20
-45
-121
-137
-245
-298
-312
-332
-407
-427
-481
-492
-493
-574
-604
-618
-630
-575
-550
-634
-620
-577
-579
-615
-570
-564
-526
-503
-413
-381
-388
-372
-362
-310
-325
-328
-361
-332
-323
-274
-248
-170
-173
-107
-61
-37
27
51
110
116
148
187
313
301
255
294
293
400
388
415
414
427
450
417
414
475
493
470
478
461
498
508
449
461
459
453
390
320
278
270
236
199
193
154
165
128
94
-15
-43
-21
36
42
14
-88
-87
31
36
-16
-97
-119
-85
-87
-117
-92
-61
29
-31
6
-21
-46
9
49
90
57
52
70
109
124
155
168
154
110
105
38
76
71
51
53
-30
-32
-70
-70
-84
-111
-126
-136
-137
-213
-203
-194
-204
-230
-287
-292
-260
-323
-419
-490
-487
-472
-548
-611
-665
-616
-583
-577
-612
-646
-585
-521
-461
-449
-437
-435
-445
-392
-368
-319
-291
-282
-201
-98
-99
-135
-113
-42
68
118
125
228
311
380
387
388
456
488
507
495
483
492
492
482
432
428
428
399
390
380
421
382
366
376
354
349
293
262
278
221
193
117
68
49
28
-43
-89
-92
-81
-122
-255
-256
-194
-222
-193
-279
-309
-176
-136
-220
-278
-246
-131
-58
-123
-16
47
52
127
173
253
263
301
371
397
409
418
422
450
503
474
462
503
459
439
388
356
363
350
355
279
262
209
187
143
51
18
-59
-110
-165
-213
-230
-295
-342
-371
-456
-557
-568
-683
-699
-720
-771
-746
-740
-695
-660
-640
-630
-599
-552
-501
-498
-480
-425
-369
-316
-297
-242
-145
-37
-44
-39
19
93
145
201
243
181
268
371
412
381
356
416
488
457
433
410
400
431
393
391
350
427
430
329
327
314
230
216
212
190
156
85
100
78
88
76
23
0
-63
-136
-145
-191
-228
-264
-310
-302
-276
-255
-358
-370
-280
-200
-199
-282
-300
-166
-116
-188
-223
-176
-7
46
15
-14
115
97
96
144
146
241
223
212
257
323
284
247
270
308
278
216
220
268
254
233
195
118
80
96
55
11
-17
-85
-84
-152
-163
-209
-196
-153
-188
-212
-238
-280
-220
-238
-290
-315
-329
-365
-332
-338
-343
-384
-370
-352
-322
-246
-272
-228
-250
-192
-158
-118
-86
-108
-70
-38
0
11
15
2
50
97
79
103
145
137
126
183
216
204
218
210
220
214
230
215
137
183
214
227
234
162
163
168
167
119
102
81
79
71
28
21
21
31
47
61
97
74
75
100
98
160
214
176
181
244
246
258
224
186
224
235
218
232
235
190
173
159
141
124
16
51
34
21
22
-69
-93
-135
-136
-130
-188
-228
-239
-222
-234
-246
-255
-276
-234
-280
-308
-300
-289
-245
-221
-237
-232
-243
-260
-305
-294
-252
-219
-160
-190
-176
-185
-167
-144
-130
-79
-101
-110
-99
-90
-65
-76
-87
-48
-49
-52
-89
-105
-94
-91
-59
-21
16
61
91
162
99
115
161
108
159
140
130
110
127
136
111
152
138
92
47
61
14
54
54
41
25
12
-3
-10
-33
-31
-32
-63
-42
-91
-99
-79
-40
-89
-80
-99
-43
-36
28
34
65
107
141
156
127
150
135
153
191
201
222
206
212
251
194
176
162
94
94
74
24
21
-25
-87
-111
-137
-194
-184
-220
-312
-372
-398
-423
-486
-548
-580
-547
-541
-544
-542
-498
-519
-529
-521
-509
-455
-411
-408
-379
-362
-338
-358
-329
-250
-188
-161
-146
-72
-61
17
30
14
80
76
123
130
69
139
194
199
139
122
153
159
119
47
85
148
88
26
23
66
40
19
-50
-56
-63
-103
-159
-214
-146
-124
-126
-135
-152
-142
-181
-198
-185
-224
-174
-157
-164
-146
-124
-66
-65
-97
-87
-79
-83
-95
-54
-22
11
47
65
83
90
161
110
80
113
122
63
59
36
28
5
27
31
11
-7
-31
-76
-134
-154
-210
-220
-253
-288
-252
-297
-335
-340
-345
-364
-398
-329
-299
-322
-350
-339
-330
-302
-285
-265
-229
-216
-225
-189
-168
-164
-134
-138
-200
-184
-156
-133
-99
-94
-24
-31
20
30
31
-11
-38
-57
-52
-32
-39
-32
-19
-70
-95
-81
-151
-149
-193
-171
-168
-177
-198
-234
-209
-265
-226
-217
-223
-244
-261
-240
-222
-193
-179
-175
-197
-161
-214
-205
-207
-172
-95
-113
-55
30
86
102
119
156
212
156
195
211
227
188
215
229
246
245
204
219
180
166
146
165
145
114
119
95
55
89
95
14
12
-49
-112
-151
-168
-238
-233
-283
-328
-368
-423
-458
-467
-495
-548
-537
-512
-496
-492
-469
-495
-468
-447
-418
-360
-397
-352
-268
-269
-272
-260
-130
-126
-125
-84
-32
-29
-27
-9
-30
-35
-19
-17
-44
-49
-44
-21
-22
-23
-35
-83
-61
-76
-151
-206
-204
-207
-250
-277
-279
-284
-361
-368
-414
-432
-387
-366
-399
-315
-327
-333
-239
-272
-281
-285
-257
-277
-210
-158
-147
-69
-27
11
83
124
166
216
173
231
283
310
380
444
421
468
517
511
558
562
518
474
512
500
479
494
483
447
380
324
259
214
143
96
62
-22
-59
-101
-115
-192
-258
-288
-310
-317
-330
-350
-441
-485
-525
-552
-583
-574
-584
-609
-579
-586
-561
-532
-485
-461
-415
-374
-327
-318
-268
-219
-162
-81
-101
-85
-68
-36
-29
27
78
67
23
60
70
33
22
-24
-16
-54
-56
-79
-109
-86
-131
-138
-179
-163
-172
-192
-198
-244
-263
-316
-287
-294
-308
-308
-302
-335
-368
-325
-336
-350
-277
-299
-268
-201
-212
-183
-154
-128
-87
-116
-21
70
104
128
158
241
280
299
269
303
318
285
274
301
309
351
361
347
304
301
331
305
283
282
248
190
173
139
88
75
19
-32
-33
-18
-59
-119
-166
-184
-240
-282
-256
-279
-256
-218
-240
-314
-299
-269
-306
-263
-265
-254
-219
-235
-196
-170
-153
-105
-69
-6
34
12
36
144
174
156
224
191
186
177
112
99
102
99
139
138
46
69
49
-11
-31
-53
-67
-105
-111
-126
-129
-154
-155
-154
-124
-152
-146
-138
-104
-66
-102
-72
-64
-38
-32
-9
26
49
87
96
117
175
186
166
222
274
279
275
299
326
295
254
286
246
245
276
287
243
200
212
155
150
130
137
140
134
117
104
93
91
26
0
2
-16
-27
-42
-6
25
59
38
67
69
86
74
57
98
110
129
103
105
105
100
70
63
86
71
96
110
99
124
175
167
166
149
92
125
115
84
57
70
96
53
52
57
72
62
74
92
126
116
119
147
165
172
124
97
94
104
48
55
-41
-69
-79
-128
-123
-136
-147
-155
-154
-156
-175
-163
-127
-193
-159
-151
-109
-130
-128
-96
-93
-81
-65
15
36
55
122
131
120
199
223
239
240
240
273
331
326
347
298
284
313
281
216
190
194
176
177
205
196
124
118
93
105
93
69
95
67
86
76
49
51
95
65
77
54
18
21
-25
-16
-1
3
17
30
49
14
-20
11
28
45
65
64
83
81
69
81
107
101
115
124
134
146
180
156
181
226
203
178
193
191
202
180
228
255
199
206
183
183
207
209
141
137
165
151
135
138
123
130
88
38
62
8
63
11
-11
-47
-42
-17
-35
-18
-30
-11
-52
-23
-4
34
23
37
45
135
155
167
168
172
170
168
179
158
196
145
177
211
207
201
219
224
223
217
190
184
221
199
154
217
243
213
210
155
189
173
140
130
91
76
62
66
96
67
118
142
119
190
151
134
135
82
82
92
81
85
74
69
62
88
136
156
185
173
126
119
181
202
169
166
171
164
142
176
194
171
160
142
155
154
152
132
162
153
102
114
52
40
44
47
74
45
46
78
80
106
116
112
107
50
20
37
86
78
93
85
95
107
45
36
27
47
20
33
38
36
74
106
121
108
149
152
144
94
99
112
177
177
130
134
179
198
198
194
185
165
121
140
159
131
142
133
156
178
168
145
121
146
171
147
118
107
81
63
74
8
-6
27
3
16
43
36
29
36
94
99
145
117
123
168
103
144
147
110
154
109
85
113
102
143
180
208
182
148
155
145
105
91
90
107
97
53
63
86
44
10
5
-19
-33
-62
-75
-69
-94
-86
-104
-116
-126
-131
-127
-146
-141
-158
-154
-156
-156
-156
-101
-129
-74
-77
-88
-66
-97
-78
-52
-27
22
65
58
87
114
140
184
222
153
134
149
195
245
256
229
276
285
270
303
302
345
305
269
300
288
235
176
155
113
108
108
39
39
11
-16
-6
-64
-36
-37
-48
-43
-74
-48
-41
-94
-92
-139
-136
-143
-175
-227
-179
-156
-181
-163
-167
-148
-134
-120
-105
-90
-52
-3
-4
-2
-11
-23
-23
11
-8
-19
-28
7
68
-7
-15
-36
-38
8
-10
73
80
-50
-22
35
-19
-36
34
-9
-132
-124
-27
-81
-140
-142
-174
-202
-147
-77
-146
-201
-182
-132
-138
-107
-68
-74
-80
-39
-39
-44
-44
-10
22
43
121
162
154
159
204
227
208
200
236
255
261
275
268
251
229
269
197
173
209
197
174
146
129
127
63
23
44
17
-10
-57
-26
-34
-76
-131
-105
-122
-157
-138
-160
-157
-137
-162
-187
-140
-155
-167
-158
-131
-127
-147
-118
-80
-74
-76
-74
-60
-70
-22
19
-28
14
32
43
23
22
53
43
53
41
30
-1
-21
-56
-50
-16
-41
-41
-83
-90
-70
-88
-102
-140
-138
-153
-213
-202
-194
-201
-202
-196
-185
-232
-240
-273
-251
-233
-266
-232
-228
-174
-160
-176
-153
-164
-172
-180
-191
-153
-92
-42
-39
-48
2
64
80
83
102
76
92
108
107
81
103
150
173
163
177
194
131
196
192
176
154
179
176
103
94
25
7
-26
-62
-54
-55
-66
-78
-91
-133
-180
-218
-244
-258
-236
-265
-228
-205
-186
-146
-180
-142
-162
-165
-151
-146
-136
-110
-112
-108
-58
10
23
8
25
-5
-13
-66
-17
-44
-36
-43
-30
-19
-29
37
17
14
-1
5
21
-18
-70
-141
-126
-114
-199
-162
-164
-188
-144
-180
-160
-138
-144
-141
-127
-125
-172
-214
-216
-203
-230
-226
-264
-241
-204
-196
-177
-179
-165
-134
-133
-129
-154
-117
-87
-103
-99
-84
-46
-102
-107
-84
-114
-124
-125
-71
-78
-52
-64
-4
51
18
14
-7
39
29
36
41
28
15
28
62
56
-7
-24
-64
-82
-31
-42
-122
-112
-49
-57
-34
-87
-87
-82
-97
-79
-81
-120
-174
-92
-103
-133
-119
-62
-62
-89
-26
-23
-40
-26
-37
8
-2
-7
13
-51
-45
-64
-77
-59
-65
-73
-108
-115
-89
-102
-78
-108
-112
-102
-109
-101
-122
-83
-126
-100
-92
-139
-126
-95
-83
-47
-42
-55
-22
-37
-16
11
2
-54
-72
-77
-129
-95
-20
-39
-52
24
47
48
103
87
76
31
37
45
60
70
71
66
81
86
43
84
47
67
64
70
84
90
92
96
120
119
68
35
15
-21
14
-33
-44
-64
-85
-78
-84
-127
-140
-133
-154
-148
-129
-165
-134
-98
-101
-59
-56
-60
-38
-49
-65
-93
-58
-68
-88
-51
-48
-22
50
53
20
65
78
61
68
76
53
62
62
49
72
72
58
95
94
59
34
1
-65
-36
-83
-66
-83
-106
-95
-104
-91
-120
-127
-181
-154
-181
-167
-133
-138
-133
-123
-138
-106
-74
-55
-35
-50
-71
-95
6
-7
13
122
112
119
168
172
171
172
168
159
169
215
236
210
204
187
158
136
152
106
85
90
80
44
0
-14
-63
-83
-130
-167
-179
-153
-155
-162
-137
-194
-175
-138
-130
-117
-97
-99
-84
-66
-122
-93
-101
-76
-70
-35
27
2
11
18
42
79
115
178
150
192
153
113
148
173
171
191
196
149
200
128
120
78
66
108
79
77
85
34
49
42
44
48
19
13
33
44
3
45
-3
-31
1
-52
-25
-34
-12
11
-13
-14
-90
-74
-55
-91
-75
-75
-82
-36
-58
-34
-57
-80
-83
-58
-55
-28
-28
-33
-3
16
57
-1
-5
30
20
64
73
113
95
79
174
185
153
203
200
181
181
164
163
124
149
119
146
102
71
24
-14
-20
-6
-28
-49
-13
5
44
32
46
73
82
96
114
134
167
121
110
164
138
106
116
126
136
64
0
9
-9
-28
-13
-38
-74
-67
-104
-117
-31
-84
-137
-119
-130
-64
-19
-14
-6
33
14
75
51
62
75
57
71
63
81
38
48
30
65
3
-49
-26
12
75
115
116
103
122
166
168
121
133
131
89
50
23
11
31
38
28
-13
19
39
62
93
74
118
151
142
103
164
144
90
126
176
179
125
142
77
71
59
27
104
33
55
74
88
52
21
54
20
34
49
42
41
36
22
42
40
-12
-36
-7
38
-4
34
35
52
102
57
53
65
101
92
79
113
183
180
113
122
100
85
106
72
77
77
-2
2
41
46
6
-18
-26
-73
-126
-103
-134
-162
-216
-235
-232
-263
-261
-190
-158
-185
-197
-207
-126
-100
-136
-77
-74
-63
-63
-93
-127
-151
-90
-103
-107
-51
-11
-36
-12
0
74
121
154
171
160
179
170
213
219
196
161
180
177
140
160
144
161
168
171
211
209
222
194
187
195
194
219
216
187
132
178
179
117
67
52
30
15
-17
-41
-13
-29
-3
-20
-48
-31
-84
-84
-97
-129
-147
-137
-94
-84
-76
-106
-42
-33
-40
-20
27
32
34
40
86
27
40
52
69
69
83
130
80
101
135
129
99
104
71
79
74
68
52
82
103
99
87
70
35
64
63
43
57
18
27
28
28
29
54
66
43
32
103
67
44
49
63
74
94
154
185
186
138
178
200
141
128
179
195
189
225
181
177
237
247
252
243
232
270
259
270
273
234
217
259
254
254
250
295
278
287
314
279
266
246
217
183
166
105
76
64
46
2
23
25
36
72
76
58
77
86
89
86
41
48
71
57
28
69
7
33
32
14
33
-20
14
19
66
72
98
108
122
138
136
176
164
163
126
75
72
53
7
31
18
-19
-22
-25
-23
39
47
61
93
86
91
97
113
123
144
159
112
112
118
70
56
-2
-23
-31
-24
-4
-12
17
-25
3
57
66
83
102
51
38
71
67
62
10
38
46
23
84
42
60
139
208
256
256
260
252
283
254
198
193
176
162
127
127
172
186
212
160
149
133
52
97
82
92
143
103
93
82
52
34
39
35
-22
-63
-73
-48
-78
-89
-84
-41
-36
-5
-21
-33
19
-9
15
16
41
33
13
-4
-11
-22
-37
-52
-34
-47
-92
-79
-103
-131
-79
-77
-61
-50
-72
-23
-8
32
28
89
79
67
71
24
50
42
17
45
59
90
46
68
117
133
118
111
124
103
112
139
142
94
75
23
-4
-11
-30
-43
-1
34
19
18
-43
-55
-42
-38
-14
-14
-52
9
58
87
87
66
55
19
60
93
103
93
109
87
153
192
226
246
218
216
189
139
102
147
121
62
71
78
45
6
-37
-39
-35
-57
-32
-76
-69
-64
-68
-24
-41
4
8
26
-8
-22
-24
-70
-86
-107
-105
-66
-68
-92
-99
-44
-17
-21
18
58
92
85
77
35
68
68
19
14
-2
16
17
-72
-86
-88
-96
-100
-100
-91
-120
-108
-94
-99
-132
-105
-83
-55
-39
-37
18
100
90
95
114
110
147
167
147
203
179
135
186
188
209
205
189
177
159
199
209
182
164
142
91
28
-16
-106
-128
-113
-118
-113
-156
-85
-96
-135
-116
-163
-169
-152
-158
-159
-119
-106
-95
-49
-26
-28
-26
-13
9
-4
-20
10
30
24
33
46
37
44
24
41
46
46
16
-14
-30
-37
4
26
25
67
105
123
107
92
92
86
72
100
132
121
110
144
110
110
74
36
32
9
6
-11
-3
49
-6
-52
-56
-99
-107
-148
-143
-183
-226
-253
-269
-222
-201
-192
-140
-109
-56
-52
-43
-16
-2
16
41
52
74
53
87
132
177
136
82
113
160
133
135
147
125
194
200
223
219
183
162
198
188
167
168
162
105
90
29
1
12
-4
-4
-15
41
-13
25
-27
-33
46
12
6
7
-36
-39
-62
-122
-79
-90
-70
-62
-65
-59
-50
-84
-119
-70
-47
-17
-54
-66
-23
-10
-20
-21
-16
27
51
-7
-12
16
-3
-39
1
-4
-27
17
20
57
65
37
-35
-31
8
13
-11
7
60
43
23
74
56
33
50
14
57
5
-7
-7
-24
40
48
41
44
32
17
33
23
2
-13
-49
-33
-17
4
-51
-79
-41
-68
-53
-44
-56
-66
-70
-80
-99
-31
-60
-108
-36
-36
-64
-17
10
33
136
155
147
153
126
132
112
175
182
179
143
92
144
150
120
30
17
56
23
22
44
47
-6
-54
-18
-52
-39
-66
-121
-79
-68
-33
-101
-117
-160
-161
-155
-159
-146
-138
-128
-103
-99
-72
-118
-147
-143
-116
-26
-36
24
54
38
17
34
37
41
38
47
27
41
53
60
43
59
-9
-32
17
16
2
23
34
22
55
24
9
10
52
57
52
57
73
74
47
93
67
18
36
40
29
29
29
27
-11
-3
61
99
86
85
73
89
84
48
70
41
25
30
-48
-44
-41
-51
-47
-59
-55
-42
-19
-20
22
13
6
-7
-17
-75
-48
-47
-82
-84
-102
-75
-73
-16
0
-40
-47
-63
-49
-61
-55
13
10
0
73
91
71
42
81
33
-31
32
23
25
28
36
42
-7
14
15
-7
-32
-62
-92
-139
-162
-157
-185
-211
-186
-219
-189
-162
-205
-212
-219
-210
-139
-150
-122
-88
-51
-2
-45
-51
3
2
-11
-1
4
47
1
37
83
79
99
100
60
81
125
109
118
99
110
102
76
87
106
94
124
81
51
60
34
31
-5
-23
-10
-16
-6
-16
-18
-32
-86
-87
-62
-94
-77
-29
-49
-44
-100
-144
-130
-159
-137
-152
-169
-167
-209
-175
-180
-128
-94
-124
-142
-64
-40
-22
22
25
57
54
33
14
-37
-25
-39
-43
-75
-88
-64
-68
-32
-45
6
-12
13
1
30
40
76
83
-5
-32
-36
-44
-68
-91
-136
-133
-88
-91
-108
-75
-106
-111
-79
-46
-70
-74
-81
-66
-60
-74
-18
-48
-79
-31
-29
-17
-18
19
44
58
46
60
68
72
105
97
85
90
62
116
90
68
100
31
-47
-65
-8
-45
-23
-36
-75
-98
-8
22
-27
-34
-62
-88
-99
-67
-82
-34
-73
-102
-95
-77
-70
-39
-3
-13
42
54
41
41
50
66
50
23
29
31
23
42
28
9
1
73
79
115
102
113
128
69
55
58
98
132
102
96
75
60
93
96
86
114
71
38
49
48
-14
-21
-4
-19
10
-18
-21
-46
-68
-48
-53
-77
-58
-92
-89
-86
-98
-78
-74
-37
-30
-39
-30
31
49
57
26
20
61
62
151
96
81
89
90
103
85
109
121
98
106
114
107
59
53
66
47
87
111
72
75
116
99
30
16
-22
-47
-31
-35
20
30
-30
-78
-4
-17
-26
40
-26
-14
12
28
46
27
-20
-40
-58
-90
-80
-68
-38
-31
-4
-23
42
20
-3
24
-23
-31
-60
-52
-51
-21
-26
-37
-37
-23
23
20
-27
-36
-87
-106
-107
-90
-49
-32
-26
-29
-7
-5
-31
-44
-12
-41
-79
-80
-26
-37
-9
18
-4
-2
-35
-27
-16
-26
-18
-43
-50
-4
11
-7
-20
-12
-53
-114
-115
-77
-60
-68
-54
-29
-40
-39
-79
-61
-37
-94
-75
-124
-138
-124
-125
-102
-80
-92
-100
-126
-137
-79
-90
-68
-61
-17
-58
-71
-21
-68
-47
-78
-43
-24
-42
-36
-50
-48
2
10
3
-10
-19
-50
-67
-20
-14
-35
-43
-10
42
-3
-25
-4
16
16
4
0
-33
-51
-40
-56
-114
-118
-91
-103
-82
-113
-106
-102
-99
-71
-71
-38
-45
-44
-27
-20
-70
-108
-112
-68
-86
-102
-60
-100
-96
-81
-77
-6
-36
-25
-11
-15
19
54
64
60
71
84
114
129
164
188
217
196
261
233
226
240
227
231
145
135
107
138
111
72
93
104
119
44
28
46
34
42
15
-6
-12
-14
-39
16
-3
-35
-34
-63
-100
-72
-58
-113
-110
-86
-81
-82
-88
-81
-119
-131
-121
-124
-64
-51
-22
-1
-43
-36
-11
-9
10
4
35
45
68
97
127
129
100
111
82
111
127
129
125
78
73
85
63
68
43
70
86
36
11
21
-30
-62
-36
-17
-35
-100
-101
-153
-173
-164
-196
-148
-136
-125
-141
-113
-131
-116
-45
-56
-66
-53
-57
-60
-107
-62
10
16
13
7
41
37
44
5
-36
-55
-45
-62
-39
-14
11
21
16
35
90
115
86
123
181
171
119
145
121
73
99
96
91
76
33
51
65
80
59
13
31
33
22
-3
-37
-65
-57
-31
-11
-2
41
20
4
63
53
41
36
17
36
64
56
71
86
67
40
-22
9
-19
-26
34
25
48
37
13
13
12
11
35
62
46
46
26
3
-14
-55
-106
-83
-120
-83
-114
-105
-102
-73
10
-8
55
33
50
40
39
94
61
52
83
83
141
111
123
93
63
92
75
78
57
100
69
87
86
91
83
121
115
99
97
61
54
30
36
-23
-50
-42
-27
-14
-10
-35
35
56
16
61
8
19
9
-17
-8
-28
-42
-51
-52
-56
-8
-7
-52
-12
3
-30
26
74
67
70
9
-6
30
38
16
72
108
56
114
48
56
29
-11
47
21
-22
-7
36
15
41
-32
-26
0
-36
-63
-60
-66
-86
-80
-62
-69
-17
-47
-74
-22
-11
6
-70
-84
-80
-103
-83
-127
-120
-108
-101
-38
-79
-94
-70
-94
-30
-37
-41
-19
-19
-22
46
54
42
56
68
127
143
108
120
128
131
85
79
98
38
37
55
49
82
96
96
116
125
139
95
92
42
79
87
51
59
38
14
-18
11
-37
-50
-73
-100
-145
-163
-175
-173
-183
-146
-112
-122
-102
-63
-51
-23
-43
-33
-29
-49
-31
-57
-53
-35
-63
-54
2
9
55
48
61
149
152
107
124
152
184
139
191
198
150
197
170
163
178
140
144
143
82
126
87
95
47
30
42
32
77
69
60
39
59
5
-33
-74
-62
-67
-56
-45
-51
-72
-75
-83
-84
-81
-65
-19
-60
-77
-52
-11
-28
-18
-4
0
-1
-24
-54
-2
13
53
88
64
25
14
31
25
30
45
94
92
114
137
156
113
101
105
87
53
130
127
102
127
84
124
85
70
67
48
-7
-27
-54
-64
-40
-92
-58
-173
-151
-154
-162
-161
-139
-75
-69
-36
-69
-59
-39
-23
5
-11
-56
-6
-48
-4
25
15
13
36
70
19
10
-1
62
100
107
103
113
129
82
66
46
48
11
-57
-82
-113
-130
-113
-107
-117
-95
-91
-75
-37
7
-65
-58
-60
-38
18
-12
51
42
39
45
63
33
40
-1
-41
4
-17
-9
1
42
69
84
74
92
85
104
110
116
137
66
10
28
66
41
8
19
34
20
48
53
50
54
87
44
89
88
85
94
59
59
-7
21
-37
16
54
33
54
49
61
39
30
-26
-30
-21
-9
8
-48
-45
-77
1
30
61
82
48
58
43
64
-4
31
25
-3
48
31
8
15
-7
-52
-59
-39
5
24
14
13
13
46
15
36
61
70
73
49
80
79
67
19
58
28
19
35
68
106
78
106
108
113
60
69
71
53
27
18
-24
-30
-32
-16
-1
13
-6
-36
-59
-65
-27
-77
-38
21
12
-4
16
19
4
9
50
37
74
114
153
179
170
182
186
234
223
206
189
145
153
122
110
144
111
107
153
141
124
90
90
87
115
78
92
84
82
33
28
57
25
45
31
-12
-19
6
24
24
-13
26
70
34
78
81
76
48
25
13
-6
-3
-42
-60
-84
-29
-45
-34
-24
34
49
37
99
115
167
175
188
240
157
152
168
179
149
134
197
196
186
168
212
200
205
210
181
137
168
183
151
170
106
75
9
-11
-9
-50
-28
-69
-42
-1
-17
-36
-73
-63
-57
-27
28
63
66
76
96
61
36
40
2
13
21
19
-20
-15
7
-30
9
-31
-17
-10
-15
21
69
114
107
109
56
101
93
72
63
43
38
70
53
35
66
43
53
36
-11
21
36
66
72
117
138
113
144
106
80
96
83
132
108
86
84
72
110
92
14
41
-25
-25
11
20
50
32
55
28
69
43
41
32
1
23
7
-11
-16
-8
-44
-42
-42
-70
-91
-111
-75
-89
-83
-53
-43
-18
7
32
-2
-10
-11
-8
-33
-3
-15
15
-8
-10
42
87
38
42
68
15
41
-18
15
22
30
-8
43
101
37
48
-4
-17
11
7
-37
-82
-92
-67
-51
-47
-31
27
35
47
5
3
-11
-19
-39
-72
-67
-60
-30
3
-5
-14
-30
-31
37
22
32
58
52
33
24
38
16
-2
18
35
78
27
27
45
21
37
85
90
84
100
75
99
108
57
73
60
46
56
68
100
55
81
70
59
40
34
50
55
27
14
37
52
27
20
21
0
-67
-63
-73
-71
-54
-42
-17
-47
-18
-74
-45
-10
-8
8
0
30
-1
-6
-19
-1
0
15
2
53
73
21
62
73
86
113
141
102
167
192
149
146
102
79
98
80
104
125
120
154
124
107
88
44
41
1
-33
-8
5
-9
-47
-49
-96
-80
-65
-82
-98
-107
-109
-114
-113
-81
-77
-94
-60
-71
-64
-90
-127
-78
-58
-35
-20
-39
-40
-45
-37
-60
-49
-57
-29
-37
-47
-10
14
37
43
89
94
118
78
0
47
23
24
50
82
96
67
26
39
45
20
20
43
27
25
-24
33
26
-1
61
-4
-13
-4
-9
-11
41
4
39
82
55
54
29
10
-12
10
-29
-16
-15
22
29
-53
-51
-89
-50
-79
-48
-16
-29
0
-4
-22
-15
25
32
16
9
22
28
4
-5
-37
-75
-91
-86
-88
-155
-89
-40
-96
-62
-54
-2
3
-43
-56
-37
-81
-76
-47
-38
24
7
-4
-37
-29
-15
-48
-33
-25
56
61
54
93
95
113
124
176
202
136
109
87
73
74
80
55
65
88
20
-7
6
6
-44
-78
-89
-105
-107
-76
-91
-81
-92
-76
-111
-147
-101
-55
-53
-86
-93
-109
-65
-58
-38
24
1
-7
55
47
30
61
44
31
64
102
107
102
115
146
99
126
158
156
107
72
65
39
35
52
29
63
39
9
16
-23
13
7
-1
-43
-18
-2
5
-18
14
5
-21
25
15
-7
-3
-6
-34
-55
14
25
17
15
-2
5
3
13
-13
1
38
24
40
33
40
59
72
73
80
57
67
73
64
20
48
39
48
24
23
45
74
74
46
81
77
93
98
80
61
87
84
94
55
37
38
41
-18
-20
-29
-44
-72
-92
-75
-43
-35
-101
-74
-73
-93
-76
-83
-73
-54
-13
-1
-6
-24
-76
-29
-39
-10
-61
-47
-30
-64
-65
-54
-48
-21
-17
-30
-34
-12
-8
-54
5
-22
-29
-1
-7
-36
-32
-49
-48
-24
-2
-6
6
22
21
38
44
30
15
-38
-46
-77
-83
-62
-89
-66
-42
-30
-33
26
43
32
35
66
80
50
91
99
70
82
67
76
39
25
16
10
13
40
8
-5
29
35
32
27
35
41
53
1
18
-38
-19
1
-6
4
-1
-36
-46
-56
-56
-54
-48
-27
-36
-35
7
-34
-56
-78
-81
-60
-105
-83
-119
-52
-19
-51
-52
-56
-37
-19
15
31
22
9
31
56
54
50
61
35
31
31
46
61
58
99
78
68
70
66
94
71
37
76
90
106
130
132
110
107
92
65
46
64
56
-10
5
14
8
21
2
-20
14
-11
-18
-26
-16
-12
-55
-74
-80
-20
-49
-53
-40
-20
-47
-81
-79
-58
-49
-93
-32
-27
-27
-3
52
23
9
49
52
87
62
63
80
54
90
99
84
80
39
50
70
22
24
42
37
23
7
-13
-1
-21
-52
-39
-95
-92
-156
-157
-105
-126
-117
-86
-136
-131
-110
-122
-100
-121
-116
-106
-125
-106
-116
-86
-114
-101
-35
-35
-60
-93
-81
-44
-11
-59
-57
-64
8
32
24
-5
-32
7
-27
17
2
40
40
17
0
-25
-27
-66
15
-10
-40
-40
-26
-30
4
3
26
5
-3
38
-2
-22
-79
-83
-57
-12
38
32
11
21
-20
-65
-71
-69
-70
4
-1
-71
-56
-41
5
-17
5
1
-44
-43
-62
-49
-25
-62
-41
-8
-29
11
19
29
12
40
56
47
74
122
117
71
109
117
146
169
173
141
91
131
146
182
185
155
157
139
94
92
75
81
73
59
32
16
5
2
-6
-20
4
28
28
32
56
105
45
31
-12
-13
-6
21
-9
-46
-7
-87
-83
-76
-49
-78
-37
-52
-29
2
4
64
75
124
102
100
149
161
147
147
100
93
63
74
86
91
55
105
111
106
98
91
118
75
66
42
27
17
16
-16
-26
-14
-43
-88
-83
-55
-25
-33
-6
-18
-38
-6
43
7
-48
-37
-20
24
30
-29
-84
-141
-124
-143
-108
-79
-63
-35
-57
39
22
4
54
39
68
63
85
67
69
65
51
-2
-54
-30
-19
3
23
19
8
46
23
30
33
29
77
92
89
105
106
82
61
50
46
30
46
41
30
71
65
129
121
100
121
99
107
112
145
102
64
36
28
44
45
16
42
48
72
88
111
135
137
149
135
129
130
126
92
104
109
114
106
110
122
111
112
83
111
175
162
147
178
158
140
139
118
97
125
107
97
119
84
105
130
157
160
104
92
54
73
46
19
37
-7
-32
-27
-3
-2
-16
-24
21
17
45
51
30
45
11
69
86
103
106
71
63
58
38
68
31
10
31
66
14
2
30
37
69
122
136
182
168
159
146
83
83
92
112
58
77
13
16
46
36
62
53
70
62
45
52
10
2
20
100
97
94
102
101
92
90
92
87
89
125
130
92
126
139
139
164
113
117
136
138
173
122
121
121
107
118
102
125
122
137
137
139
113
92
98
90
120
93
72
114
76
77
78
26
22
-13
-10
-39
-23
50
78
68
57
99
113
114
90
134
85
75
119
80
116
105
43
47
85
30
46
38
44
58
37
45
32
79
71
104
146
130
165
161
132
136
124
102
72
61
79
42
34
55
106
149
134
67
101
78
52
35
7
19
50
85
49
58
47
32
20
-7
32
23
49
78
48
44
51
84
72
48
63
67
63
113
105
143
124
148
152
158
185
120
130
115
156
204
155
151
139
120
122
110
102
93
28
14
9
-32
7
0
31
52
38
41
106
99
105
117
128
136
117
155
131
138
141
143
122
125
103
72
94
73
124
175
157
133
161
167
174
183
186
172
172
134
132
131
122
89
69
92
144
131
111
77
98
90
10
43
82
49
28
41
63
78
32
20
60
81
55
77
58
42
58
34
19
20
21
22
31
-2
52
75
76
73
88
80
48
105
84
60
97
113
144
124
181
165
148
111
106
84
58
45
60
114
109
145
144
199
132
166
163
173
170
114
126
122
134
57
69
57
37
57
-26
-21
7
-44
-49
-37
-44
-47
-63
-35
15
8
-19
-16
-6
-29
-18
-47
-84
-14
-15
-25
-12
-1
13
47
61
42
72
121
91
100
105
81
100
29
-12
2
-35
-29
-52
-34
-29
-63
-39
-27
-16
-16
-17
4
-5
-86
-19
-30
-40
-70
-99
-74
-68
-47
-33
-56
20
48
6
-1
-35
-18
9
-45
-121
-116
-97
-65
-74
-54
-59
-113
-166
-113
-104
-114
-120
-90
-83
-71
-78
-119
