SAMPLES:	16899
BITSPERSAMPLE:	16
CHANNELS:	1
SAMPLERATE:	16000
NORMALIZED:	FALSE
-137
-207
-214
-166
-176
-211
-221
-190
-204
-184
-182
-136
-125
-174
-174
-182
-163
-129
-141
-138
-132
-56
-48
-78
-79
-134
-133
-127
-136
-163
-171
-159
-180
-134
-129
-104
-94
-87
-92
-70
-35
-65
-82
-105
-88
-65
-72
-73
-54
-49
-62
-86
-84
-100
-108
-136
-130
-110
-145
-97
-35
-75
-81
-60
-41
-24
-63
-69
-51
-100
-93
-78
-107
-53
-95
-80
-36
-55
-63
-86
-79
-96
-54
-87
-99
-117
-117
-130
-116
-91
-125
-108
-113
-87
-110
-87
-94
-118
-121
-115
-107
-110
-103
-55
-45
-68
-75
-58
-67
-97
-82
-84
-52
-67
-49
-58
-30
-19
-71
-50
-61
-61
-79
-101
-128
-88
-80
-95
-90
-137
-143
-144
-120
-144
-128
-95
-102
-69
-32
-53
-44
-68
-85
-21
-8
-18
-28
-31
-65
-46
0
-44
-6
21
-29
-10
-13
-45
-74
-78
-65
-83
-85
-49
-58
-99
-96
-96
-86
-52
-45
-49
-17
-44
-56
-82
-70
-112
-128
-99
-85
-19
17
-13
-24
-6
-3
0
38
57
42
39
40
33
41
85
77
90
64
20
18
12
41
-4
8
28
46
67
82
52
55
68
12
-12
13
24
0
-4
36
10
-1
36
37
52
31
21
33
71
62
67
60
85
114
129
116
93
89
79
53
56
89
72
18
24
10
15
4
-18
23
35
42
49
60
77
64
2
40
37
53
46
21
49
77
20
53
46
23
38
64
83
150
161
123
217
215
193
160
151
97
67
46
35
58
55
33
81
74
123
167
162
192
183
152
168
126
80
79
89
70
81
81
67
98
135
107
100
154
68
105
116
129
103
165
177
202
154
84
105
80
83
12
27
14
20
16
-7
38
56
102
113
135
192
221
146
140
97
82
103
65
129
79
134
129
69
130
95
173
177
158
169
158
182
152
91
88
113
70
112
76
85
100
92
87
33
16
15
38
63
56
87
119
123
91
43
22
18
91
75
86
65
67
47
62
73
76
125
113
149
155
153
166
186
173
141
113
153
144
147
124
129
142
128
163
153
148
185
172
168
153
112
107
103
80
34
25
66
75
141
141
105
122
117
94
74
110
104
130
111
115
166
185
206
214
179
161
202
165
115
111
118
114
106
100
99
32
26
40
36
56
39
46
64
44
48
59
74
98
98
71
65
89
115
85
102
107
92
138
150
178
205
303
304
293
361
319
292
306
319
310
263
217
206
183
202
180
159
175
179
192
226
222
261
234
228
188
160
169
184
162
174
177
157
166
191
154
143
153
138
131
129
153
127
151
146
187
208
241
278
257
266
294
196
194
187
122
169
120
95
103
69
58
111
101
113
133
131
116
147
135
111
149
145
160
187
171
146
149
172
193
190
145
126
153
177
151
148
205
217
230
270
273
278
282
274
288
324
333
333
290
244
245
272
285
291
342
359
372
348
356
409
379
392
393
397
340
319
340
315
322
305
271
269
272
273
251
243
277
300
308
280
278
237
223
186
148
123
88
91
109
109
93
101
143
134
155
200
211
266
267
289
323
279
256
228
171
170
138
125
173
143
218
201
181
216
229
258
260
288
277
242
270
242
204
218
174
137
133
143
137
121
131
165
201
219
295
316
311
299
297
262
238
248
213
194
241
240
240
261
313
338
355
350
351
407
422
442
438
483
441
408
358
318
300
261
267
237
221
204
193
237
204
218
227
236
224
268
285
289
251
273
301
230
266
231
209
201
186
200
208
204
181
159
127
119
134
160
137
148
176
155
166
160
196
190
205
191
218
202
126
121
105
64
99
148
174
193
229
235
192
214
227
195
232
242
231
283
307
331
302
287
283
279
268
345
333
301
321
272
267
303
330
294
300
307
314
254
276
276
236
180
151
113
129
144
132
167
141
191
225
252
252
218
240
178
150
204
242
250
201
197
184
198
173
214
234
159
149
119
106
106
123
138
171
145
164
159
133
115
83
43
84
87
127
95
97
81
45
84
31
43
61
96
123
111
129
154
138
174
169
141
194
194
226
244
235
264
268
236
260
263
226
255
245
263
321
317
284
268
278
273
231
196
227
251
204
227
220
185
126
124
112
98
139
113
78
82
87
51
63
49
89
57
56
86
50
126
37
68
87
104
88
109
137
136
175
128
155
123
154
171
213
172
119
131
141
128
68
110
74
74
79
100
118
106
162
143
137
140
140
144
133
159
140
160
179
147
193
202
184
179
115
105
101
55
99
95
57
110
86
141
188
156
182
144
146
129
162
138
70
106
138
70
79
75
67
69
55
46
77
111
77
71
16
21
6
11
30
43
36
13
33
4
-16
-23
13
31
46
43
46
33
26
43
-14
-64
-32
1
13
2
-41
-70
-69
-39
-41
-15
-34
-48
-43
6
40
42
101
131
97
76
3
-48
-97
-56
-68
-89
-104
-93
2
-44
5
22
-10
-17
-30
-109
-86
-73
-82
-69
-121
-92
-147
-186
-231
-253
-268
-271
-215
-189
-146
-176
-132
-113
-115
-86
-141
-152
-171
-150
-201
-168
-157
-138
-111
-131
-116
-131
-122
-93
-95
-125
-95
-71
-93
-67
-64
-74
-63
-93
-121
-171
-179
-234
-236
-284
-221
-214
-181
-199
-230
-222
-311
-263
-259
-239
-273
-271
-289
-264
-222
-268
-242
-252
-194
-242
-214
-177
-199
-200
-218
-250
-278
-271
-266
-179
-225
-215
-153
-185
-132
-110
-141
-171
-198
-215
-237
-279
-239
-225
-282
-279
-292
-243
-285
-281
-276
-306
-273
-289
-251
-260
-249
-266
-279
-308
-290
-213
-243
-268
-242
-309
-303
-282
-284
-300
-340
-346
-390
-396
-450
-435
-417
-453
-423
-476
-452
-397
-404
-420
-444
-433
-399
-373
-346
-332
-357
-408
-406
-389
-425
-452
-457
-442
-489
-477
-458
-487
-496
-482
-501
-499
-488
-397
-346
-331
-335
-340
-335
-341
-353
-409
-401
-367
-325
-330
-268
-345
-339
-342
-376
-401
-370
-378
-473
-460
-470
-484
-440
-437
-470
-442
-486
-478
-499
-501
-462
-437
-452
-422
-440
-517
-471
-477
-469
-450
-435
-440
-468
-444
-455
-471
-446
-462
-475
-439
-436
-450
-397
-356
-333
-353
-362
-376
-405
-442
-484
-481
-498
-474
-498
-515
-486
-513
-536
-470
-511
-555
-497
-491
-498
-500
-461
-461
-457
-436
-415
-433
-437
-415
-425
-412
-444
-480
-475
-464
-516
-536
-495
-506
-517
-495
-481
-455
-470
-440
-442
-429
-427
-455
-478
-459
-460
-481
-455
-442
-486
-470
-435
-418
-421
-458
-413
-433
-441
-497
-487
-497
-491
-494
-522
-436
-464
-473
-496
-480
-473
-459
-417
-404
-442
-459
-432
-383
-386
-369
-344
-323
-309
-287
-223
-249
-264
-255
-267
-275
-246
-263
-277
-286
-310
-336
-299
-258
-215
-188
-241
-252
-243
-268
-277
-264
-297
-252
-314
-373
-349
-393
-398
-415
-383
-397
-388
-354
-349
-347
-368
-344
-312
-315
-269
-248
-258
-242
-234
-219
-195
-212
-206
-162
-170
-198
-235
-239
-218
-247
-283
-309
-274
-274
-302
-304
-294
-325
-341
-279
-312
-273
-232
-226
-201
-189
-192
-201
-196
-225
-154
-147
-170
-184
-201
-183
-176
-166
-156
-156
-163
-156
-154
-140
-124
-93
-115
-101
-109
-104
-105
-108
-104
-123
-117
-139
-135
-151
-143
-179
-156
-172
-193
-178
-165
-126
-116
-123
-157
-140
-147
-159
-171
-112
-128
-115
-103
-96
-64
-88
-125
-119
-131
-156
-202
-233
-223
-164
-126
-138
-82
-62
-74
-51
-39
-71
-43
-20
-9
73
77
86
113
130
126
82
113
48
62
90
57
92
92
44
101
97
74
57
40
-11
-58
-68
-97
-48
-90
-98
-123
-119
-93
-112
-98
-100
-105
-118
-112
-105
-108
-78
-66
-95
-36
-26
-33
-15
-29
-87
-57
-66
-87
-81
-43
-49
25
61
31
53
24
42
90
91
66
92
105
127
67
28
-42
-46
-102
-140
-164
-173
-183
-143
-148
-134
-72
-89
-73
-68
-41
-28
43
3
5
15
17
48
28
7
4
17
-12
16
-3
-2
20
6
27
35
33
5
2
9
4
30
-3
0
12
-6
16
-8
-21
-48
-66
-63
-47
-45
-42
-33
-14
12
44
17
14
4
22
50
17
57
27
-7
-1
6
-38
-1
23
74
69
-1
48
54
39
27
6
-7
-23
-32
-4
-38
-91
-70
-29
3
51
56
17
101
103
98
97
92
150
133
152
135
102
158
130
148
159
105
107
133
150
155
111
133
108
101
166
154
107
100
50
15
43
-1
-8
-13
-44
-26
-66
-68
-83
-102
-82
-52
-57
-94
-26
-31
-48
-32
-64
8
25
54
30
-34
22
31
33
19
27
106
100
139
200
212
168
215
212
181
212
158
141
109
126
146
141
120
117
123
89
76
106
119
107
111
113
90
66
91
60
63
59
70
30
21
37
-10
-1
56
115
110
125
137
155
205
172
158
205
210
216
160
137
138
145
173
172
164
153
140
96
98
127
79
89
113
128
174
163
223
184
161
178
190
198
197
195
189
149
149
168
154
121
95
90
37
45
95
107
69
67
82
64
81
96
85
90
105
89
86
44
62
75
46
95
129
117
157
128
92
185
196
228
201
205
194
202
243
197
227
239
248
262
249
234
247
230
190
151
157
155
115
128
104
117
140
92
125
173
199
178
135
150
159
138
105
142
166
158
157
196
199
193
206
194
191
158
186
216
212
229
189
156
172
175
168
169
179
199
165
151
141
130
143
164
207
216
192
188
180
220
251
256
307
307
304
289
274
278
242
252
257
304
269
242
235
256
248
279
264
219
291
238
227
232
227
228
256
196
203
228
214
205
151
184
170
188
196
214
220
231
253
266
289
306
296
335
331
297
318
302
273
284
259
256
289
283
309
313
254
301
278
234
235
218
213
166
156
197
204
191
225
233
218
233
238
253
264
218
199
169
176
204
219
188
241
258
225
219
207
223
224
227
228
153
192
239
247
271
288
302
298
280
288
329
294
237
292
308
290
301
317
351
290
338
374
315
321
368
406
401
380
371
363
333
355
300
278
250
284
284
213
239
207
209
227
232
249
211
196
203
212
231
223
207
182
192
212
229
208
194
235
242
263
318
312
312
347
346
331
313
316
284
289
284
287
276
279
217
212
162
122
126
123
142
137
113
126
126
157
171
184
211
194
216
301
277
291
327
306
374
359
323
351
379
393
420
406
395
406
379
366
342
332
309
275
300
272
278
267
244
238
210
203
203
205
207
195
196
199
163
155
174
149
150
170
199
224
237
227
224
245
231
256
251
275
290
290
289
279
280
279
296
269
246
254
246
219
236
229
222
225
246
243
246
248
202
245
218
188
181
185
236
280
344
357
348
348
337
380
375
393
402
344
368
340
342
352
277
273
253
243
220
173
152
103
119
139
114
92
105
133
101
124
97
84
94
109
94
95
93
119
112
75
92
102
138
177
182
215
228
249
259
251
260
280
262
250
289
212
231
245
255
213
194
158
113
153
154
183
174
189
218
183
168
192
154
124
115
93
115
109
79
76
35
57
57
60
92
102
50
94
130
94
142
167
201
220
217
200
226
224
227
255
255
278
229
280
267
233
233
186
201
221
218
249
230
214
210
193
224
208
236
183
176
94
76
102
87
103
131
119
102
138
134
110
103
166
142
124
110
109
81
95
108
89
110
131
159
191
199
193
191
176
123
128
126
150
206
222
268
210
241
264
253
230
230
265
242
274
252
291
289
293
233
210
238
219
253
237
215
208
195
181
165
148
173
192
228
162
172
201
205
220
202
220
195
162
142
124
148
121
120
180
176
167
166
197
220
266
236
231
273
341
304
244
310
337
302
283
313
247
251
189
189
162
137
154
142
132
129
142
150
66
59
45
16
45
12
-9
-31
-37
-61
-56
-53
-63
-29
8
-4
-7
107
63
60
104
113
161
172
189
165
146
125
80
102
140
157
171
170
188
185
174
156
155
160
135
150
146
138
114
95
91
35
8
-13
-45
-65
8
11
-66
-63
-24
9
44
38
0
-6
-19
-23
-35
8
18
14
-13
-47
-38
-15
24
45
16
39
60
80
88
104
139
155
120
142
204
151
119
92
68
63
61
64
41
62
34
-21
-34
-76
-75
-80
-82
-114
-123
-142
-126
-119
-140
-106
-84
-60
-83
-60
-50
-84
-69
-80
-53
-32
-18
13
-13
-45
19
28
-21
18
73
55
58
75
50
60
66
64
112
108
114
62
28
66
31
16
6
39
74
59
2
34
5
-37
-34
-20
5
-13
-38
-11
6
8
-22
-17
-39
-56
-63
-78
-21
-10
-35
-17
-8
19
40
12
47
35
22
63
79
82
103
66
46
35
32
-2
-33
-39
-48
-39
1
68
26
6
18
-27
-51
-72
-56
-50
16
17
32
15
19
2
-28
-34
-13
-11
-26
-44
-31
2
11
-29
-69
-10
0
21
75
47
66
70
48
14
15
27
30
32
-31
45
12
10
0
21
1
51
60
18
-7
-7
-11
-63
13
9
35
20
36
22
38
10
11
50
44
26
31
87
60
76
76
24
27
22
20
40
7
7
-31
-3
7
-12
18
29
19
-2
-17
-22
-53
-67
-95
-115
-147
-136
-99
-77
-63
-90
-45
-23
-2
53
13
35
82
53
79
62
55
25
28
24
13
68
108
130
107
90
140
153
141
132
75
69
41
-9
-25
5
9
-8
-40
-64
-48
-36
-49
-77
-64
-39
5
19
113
84
77
71
71
86
109
68
32
1
-54
1
-19
14
17
-12
38
67
128
138
134
96
75
73
105
117
95
47
43
15
-11
-18
8
-4
-50
-33
-50
-13
-29
1
-37
-37
-20
-18
-88
-87
-83
-129
-108
-104
-119
-140
-145
-148
-179
-179
-163
-164
-121
-60
-61
-52
-17
4
-6
-34
-33
-52
-19
-40
-98
-137
-116
-114
-106
-59
-34
-65
-83
-66
-116
-131
-80
-76
-28
-43
-78
-90
-74
-95
-94
-91
-114
-71
-50
-44
-34
-47
-67
-75
-79
-90
-59
-50
-80
-43
-84
-65
-50
-90
-69
-39
-11
56
99
81
56
72
57
89
91
49
79
40
24
-4
3
-12
-73
-46
-38
-121
-79
-68
-96
-127
-133
-98
-54
-59
-101
-80
-89
-69
-89
-138
-93
-132
-147
-111
-108
-136
-129
-130
-84
-78
-58
-3
-21
32
-21
-20
-16
-22
26
47
64
83
40
23
-33
-34
0
-21
22
-27
48
28
8
-30
-49
-31
-65
-18
-4
34
30
30
36
33
-9
-83
-110
-143
-186
-211
-203
-160
-205
-218
-207
-256
-226
-225
-225
-146
-156
-142
-124
-97
-126
-128
-56
-97
-58
-73
-20
-7
-19
-18
23
17
21
59
71
59
14
33
8
-8
-14
-11
-3
-32
17
-32
-77
-60
-69
-52
-80
-83
-99
-37
-31
-17
-2
-35
-38
-74
-103
-66
-95
-80
-129
-108
-66
-80
-27
-12
30
35
24
-1
-18
-17
-26
-17
-21
-42
2
27
42
-4
13
-20
-33
14
-18
-19
-29
-66
-20
-38
-26
9
-23
-19
-66
-52
-77
-109
-69
-90
-89
-43
-43
-89
-33
-61
-81
-36
-63
-51
-82
-44
-53
-17
-28
-6
45
37
35
-42
-53
-37
-48
-38
-7
9
46
28
54
111
112
97
87
95
108
118
124
159
144
130
88
76
55
38
45
27
9
-2
23
4
-30
-44
-11
-30
-42
-57
-24
-18
11
-20
-54
-57
-48
-56
-81
-50
-64
-30
-49
-47
-21
34
35
81
77
80
86
68
92
116
74
78
108
117
91
74
97
79
96
107
81
47
74
71
67
98
90
86
127
130
105
84
66
72
75
45
26
1
21
46
-11
2
67
119
94
119
165
159
131
136
134
98
123
94
101
69
69
67
51
102
63
36
24
24
111
81
99
93
55
29
63
92
9
26
42
28
18
10
-4
45
54
78
53
63
75
99
124
99
95
88
97
106
111
89
77
91
117
119
97
41
69
36
40
84
62
73
21
-5
-24
-10
19
69
59
69
58
61
80
64
74
33
17
37
29
31
84
55
117
75
47
95
86
81
67
113
116
92
142
137
165
172
147
170
197
196
176
193
176
167
191
211
259
250
217
243
246
242
231
240
220
239
218
228
203
150
226
187
188
171
131
103
108
87
38
55
34
2
84
120
66
115
109
132
147
150
184
157
183
169
139
145
144
198
182
148
134
130
174
209
180
150
164
178
173
184
190
193
186
200
178
190
185
149
117
132
171
162
132
124
133
108
89
122
134
156
201
236
229
220
229
226
251
257
238
237
258
251
256
223
220
229
207
238
229
204
233
205
238
302
296
282
291
297
280
296
317
239
252
250
232
236
272
286
234
243
230
204
185
174
194
159
141
168
153
159
120
100
147
133
135
109
76
73
96
111
107
126
149
214
246
211
215
278
246
265
244
226
228
201
279
262
301
307
298
319
276
294
313
342
299
347
368
326
306
260
255
223
192
147
167
180
170
121
128
178
169
138
142
137
148
151
141
84
85
111
102
93
121
100
109
138
131
120
173
228
246
255
294
266
241
273
266
248
226
211
253
300
267
307
255
271
274
273
264
209
193
167
200
208
190
276
243
232
268
236
214
230
271
254
251
219
211
188
208
212
199
193
229
252
210
252
228
216
256
230
264
282
299
247
261
227
170
178
184
195
205
206
191
252
255
224
172
237
200
204
236
236
285
253
253
253
273
222
168
144
136
91
105
176
176
213
202
190
173
192
179
162
160
193
191
228
241
204
245
215
197
195
219
184
185
208
208
212
282
279
270
311
273
319
287
292
331
271
284
298
267
206
190
216
233
259
248
252
288
273
270
262
267
333
304
355
371
340
323
350
352
405
383
379
413
430
411
402
389
332
327
367
391
384
407
363
359
340
351
328
356
379
331
315
346
331
324
319
262
273
296
354
352
349
388
391
378
419
399
391
409
424
392
380
375
320
323
252
247
296
306
313
333
304
250
323
329
302
368
333
340
348
301
319
301
327
370
355
374
391
410
331
361
382
333
373
390
406
408
447
460
429
430
389
391
355
360
358
314
347
375
323
354
354
314
332
352
334
352
339
327
358
361
348
332
342
298
265
272
317
242
275
355
349
430
411
383
402
382
334
315
313
323
258
291
298
255
245
242
292
247
273
298
296
356
346
342
314
286
289
273
295
291
240
269
283
283
314
312
347
328
322
327
324
337
330
414
441
397
440
387
359
360
301
315
283
263
243
216
274
277
280
274
278
278
265
275
261
245
202
250
249
224
213
184
211
229
167
191
164
200
258
291
281
234
264
251
209
221
253
262
276
254
271
267
240
225
205
204
219
246
235
203
203
230
224
217
174
177
210
242
226
190
171
213
192
109
101
102
55
84
32
-7
27
72
79
89
115
156
174
153
188
174
201
190
140
141
173
169
179
224
194
207
226
238
192
175
186
170
213
140
139
164
171
185
181
140
100
57
100
73
78
50
39
74
29
45
18
58
75
48
3
-15
-79
-114
-127
-133
-119
-121
-103
-124
-130
-105
-155
-145
-210
-217
-200
-147
-83
-84
-83
-36
-40
-55
-113
-116
-85
-129
-135
-108
-80
-64
-114
-129
-105
-78
-60
-104
-116
-81
-96
-88
-60
-47
-82
-105
-103
-109
-134
-126
-137
-148
-123
-115
-132
-101
-102
-88
-114
-111
-129
-137
-96
-134
-84
-116
-110
-94
-101
-106
-160
-167
-161
-176
-135
-120
-131
-126
-114
-119
-128
-128
-95
-89
-103
-38
-41
-21
-80
-146
-88
-125
-145
-120
-89
-72
-8
-48
-68
13
8
4
19
42
46
94
73
75
60
37
74
127
138
94
83
15
-3
27
25
22
99
99
98
102
32
72
13
-15
-39
-18
-5
-52
-88
-109
-125
-147
-145
-141
-131
-154
-117
-112
-64
-68
-85
-66
-54
-50
-49
-24
-78
-91
-61
-81
-60
-7
38
45
58
67
107
145
72
82
124
94
74
67
84
49
74
81
64
70
59
38
53
39
26
26
78
42
11
-1
-33
-23
-14
12
-1
1
-12
-4
4
10
21
37
71
63
57
50
59
45
40
111
100
112
73
63
93
80
79
25
7
-22
-66
-75
-57
-29
4
-38
-26
-14
4
-11
-20
7
7
-5
9
10
-19
27
20
30
11
-6
44
11
6
-4
47
52
86
99
96
60
45
102
59
39
-5
8
32
-10
-45
-40
-51
-64
-1
-6
-26
-42
0
39
4
5
56
45
21
21
1
-4
2
29
6
-18
-23
-6
-25
-10
-5
-63
-39
-65
-74
-72
-78
-67
-58
-2
-9
-65
-104
-100
-70
-80
-84
-82
-83
-94
-93
-35
-18
3
30
50
44
54
79
48
56
47
23
10
14
12
7
-3
20
24
-5
6
47
22
25
-5
-48
-29
-14
-60
-67
-90
-103
-107
-116
-80
-88
-108
-118
-100
-122
-115
-114
-106
-90
-78
-81
-69
-42
-18
-27
-64
-13
-8
7
14
29
57
92
95
39
73
90
106
82
37
60
13
-14
-8
-31
-4
-60
-27
-72
-91
-97
-107
-57
-111
-122
-94
-119
-152
-150
-160
-152
-138
-161
-197
-197
-176
-175
-152
-158
-181
-184
-202
-181
-163
-173
-153
-133
-150
-172
-146
-143
-153
-162
-154
-155
-124
-94
-90
-99
-140
-144
-147
-169
-141
-165
-201
-196
-230
-256
-275
-263
-252
-285
-282
-277
-248
-240
-247
-255
-266
-303
-312
-313
-325
-311
-288
-247
-288
-257
-231
-214
-209
-256
-236
-217
-229
-258
-262
-288
-272
-298
-302
-267
-289
-297
-277
-296
-316
-285
-281
-288
-311
-279
-273
-308
-298
-281
-330
-402
-350
-362
-354
-324
-310
-326
-370
-330
-318
-344
-300
-313
-263
-227
-235
-206
-235
-305
-293
-248
-284
-299
-309
-329
-326
-356
-342
-313
-305
-302
-273
-265
-241
-238
-255
-252
-275
-300
-316
-310
-311
-341
-327
-329
-303
-333
-325
-307
-319
-313
-329
-322
-367
-346
-389
-387
-383
-364
-351
-381
-378
-343
-352
-359
-357
-395
-320
-313
-334
-312
-347
-330
-325
-306
-266
-254
-294
-334
-342
-387
-372
-365
-375
-347
-365
-368
-360
-370
-358
-373
-389
-351
-385
-367
-423
-428
-388
-399
-371
-455
-475
-492
-457
-462
-440
-416
-419
-416
-385
-347
-325
-281
-281
-259
-236
-163
-152
-161
-119
-149
-207
-225
-221
-205
-202
-193
-165
-147
-159
-198
-169
-165
-176
-183
-192
-170
-150
-163
-173
-226
-255
-263
-294
-333
-341
-315
-351
-354
-368
-364
-397
-370
-348
-388
-402
-380
-434
-377
-346
-320
-322
-310
-294
-358
-324
-296
-331
-344
-250
-304
-284
-289
-240
-214
-172
-136
-147
-145
-161
-127
-148
-192
-161
-158
-192
-204
-182
-187
-203
-217
-239
-199
-229
-244
-285
-299
-330
-323
-285
-305
-288
-287
-306
-325
-351
-346
-309
-300
-335
-296
-224
-252
-200
-187
-204
-183
-164
-142
-131
-141
-139
-104
-148
-153
-116
-121
-183
-172
-144
-136
-137
-174
-157
-150
-169
-196
-267
-273
-276
-252
-269
-303
-286
-270
-262
-222
-219
-209
-236
-261
-227
-206
-219
-245
-217
-194
-189
-157
-90
-72
-95
-68
-87
-94
-126
-97
-138
-144
-120
-87
-82
-104
-52
-54
-47
-32
-15
-11
-52
-46
-69
-54
-45
-76
-80
-66
-71
-74
-70
-52
-71
-57
-88
-99
-99
-136
-108
-129
-123
-150
-164
-153
-160
-182
-222
-194
-175
-157
-163
-155
-136
-117
-146
-146
-107
-57
-55
-47
-45
-97
-66
-48
-74
-55
-68
-47
-79
-87
-38
-47
-40
-60
-69
-110
-113
-80
-80
-113
-115
-79
-46
-43
-114
-142
-118
-74
-44
-47
-28
-21
-34
-57
-96
-66
-49
-50
-8
4
-4
-18
1
-13
-4
-14
-4
0
46
63
61
39
11
79
29
39
78
29
-11
12
-34
-16
41
-12
22
31
-21
1
-32
-36
-6
-43
-47
-27
-28
5
40
21
33
58
28
52
76
61
51
13
-58
0
21
-29
10
63
38
74
95
69
105
89
127
142
175
149
102
92
78
49
38
44
58
64
44
73
51
44
66
54
77
92
110
138
147
161
185
170
163
123
123
127
118
114
84
153
132
137
142
134
181
141
173
196
198
201
184
188
172
180
169
174
171
155
159
133
161
133
139
189
170
167
151
177
193
198
197
165
201
218
166
143
124
136
220
211
194
166
130
115
137
132
140
171
142
100
94
93
61
30
37
56
78
65
72
78
135
112
119
146
150
211
142
182
218
199
225
206
216
254
221
234
196
167
233
216
224
240
200
159
171
212
210
238
225
177
179
146
155
163
145
103
91
96
125
124
143
121
93
123
164
139
91
140
123
103
116
109
148
131
91
89
94
92
32
29
63
-6
7
22
-3
-23
-24
10
8
15
45
31
53
39
39
95
71
58
36
75
78
100
122
151
136
182
212
158
163
140
161
132
142
130
71
45
53
40
-15
16
-22
-20
7
-13
32
38
60
99
80
135
90
80
122
70
120
112
112
86
88
124
119
137
183
180
189
255
242
309
320
320
360
356
309
281
293
295
286
278
285
341
354
383
372
371
329
327
295
292
348
274
226
224
286
279
263
266
260
259
279
284
255
243
196
208
205
190
186
217
238
201
232
242
220
268
276
266
262
259
228
265
286
267
317
324
375
375
359
365
328
360
361
364
331
343
360
350
406
408
437
459
493
478
422
420
434
449
414
415
359
323
345
304
331
309
292
284
246
269
303
308
290
286
322
319
284
315
346
372
347
350
321
308
313
289
249
242
235
205
234
200
237
247
250
245
249
212
235
212
196
196
188
206
165
197
196
153
119
131
107
75
76
56
103
95
124
150
155
121
141
145
155
169
115
127
125
140
144
151
169
165
146
136
146
172
199
212
175
176
157
171
216
220
256
285
293
347
371
346
449
437
454
463
401
413
463
504
544
509
499
567
529
487
532
482
441
394
371
425
406
424
407
413
372
347
349
368
376
355
363
362
388
398
328
315
330
299
292
328
297
277
301
303
320
333
303
268
274
273
289
305
317
287
265
242
251
223
234
241
228
194
204
211
177
185
167
144
170
168
145
174
168
173
176
176
196
181
195
251
267
305
296
290
234
277
304
270
256
267
297
337
367
417
475
417
485
525
514
592
586
537
567
544
552
592
581
636
608
626
649
684
728
707
719
768
803
823
817
858
931
940
967
1002
958
1009
982
984
1005
1002
1001
1020
1005
989
1081
1071
1092
1075
1081
1094
1088
1118
1148
1143
1140
1158
1179
1158
1151
1144
1135
1132
1107
1096
1091
1112
1109
1075
1104
1129
1156
1225
1243
1187
1215
1210
1142
1171
1167
1191
1151
1112
1135
1151
1168
1118
1146
1185
1174
1174
1201
1179
1158
1198
1143
1139
1152
1091
1049
1045
1015
1041
1028
998
958
894
862
835
837
830
815
854
872
898
891
877
936
879
875
864
833
840
877
832
784
832
886
821
826
842
840
787
766
765
734
738
744
752
737
728
741
741
689
633
632
633
646
677
640
692
742
757
791
831
814
862
911
893
975
1043
1073
1092
1096
1163
1181
1219
1310
1347
1380
1376
1407
1422
1383
1425
1457
1445
1487
1455
1470
1425
1356
1366
1337
1342
1307
1271
1258
1230
1193
1139
1095
1011
927
879
842
757
709
642
626
608
559
523
474
449
421
383
363
345
339
357
361
372
350
388
324
298
302
271
264
211
190
251
218
228
275
241
322
276
246
316
303
265
250
223
221
233
194
190
178
162
130
63
32
35
16
-21
-61
-101
-117
-146
-212
-187
-205
-232
-229
-237
-262
-239
-181
-174
-159
-103
-15
17
113
145
211
295
351
384
433
524
574
615
638
615
640
697
687
678
700
701
692
680
696
677
738
741
728
737
712
740
765
750
685
691
637
603
597
597
558
505
472
400
385
388
356
388
424
369
400
334
289
271
256
248
141
98
117
67
27
5
-63
-116
-171
-160
-214
-226
-247
-226
-247
-217
-225
-269
-212
-241
-226
-270
-263
-309
-370
-405
-428
-421
-419
-414
-456
-469
-447
-473
-484
-523
-549
-496
-557
-591
-610
-653
-682
-742
-782
-834
-872
-881
-979
-1067
-1070
-1108
-1192
-1258
-1305
-1323
-1290
-1303
-1265
-1231
-1167
-1115
-1082
-1038
-944
-836
-755
-676
-620
-590
-500
-458
-395
-325
-249
-165
-110
-15
35
126
195
275
317
357
356
385
450
466
501
514
451
461
478
449
472
452
452
377
377
307
267
199
116
142
7
1
-46
-38
-59
-116
-130
-210
-205
-232
-290
-325
-365
-399
-387
-387
-387
-423
-465
-420
-420
-435
-378
-388
-376
-376
-349
-362
-358
-393
-329
-301
-282
-257
-273
-284
-311
-303
-356
-285
-325
-281
-247
-245
-235
-250
-312
-333
-386
-436
-489
-544
-579
-586
-617
-668
-734
-742
-777
-840
-848
-934
-992
-1008
-1079
-1149
-1210
-1256
-1380
-1459
-1487
-1495
-1545
-1547
-1549
-1558
-1526
-1509
-1473
-1448
-1392
-1285
-1204
-1092
-958
-861
-769
-652
-560
-452
-361
-315
-247
-172
-133
-49
-7
84
148
242
331
342
478
495
576
572
606
653
682
710
742
762
720
678
647
680
628
619
644
600
565
543
526
489
429
398
333
302
303
252
203
196
127
118
64
15
-21
-99
-78
-115
-160
-162
-173
-152
-91
-80
-56
-90
-99
-127
-140
-169
-182
-170
-195
-217
-174
-153
-178
-176
-197
-198
-208
-161
-191
-171
-195
-224
-173
-211
-202
-178
-194
-265
-316
-372
-411
-489
-515
-571
-615
-666
-679
-769
-807
-851
-946
-981
-1066
-1129
-1211
-1280
-1361
-1462
-1535
-1555
-1579
-1610
-1577
-1549
-1529
-1474
-1432
-1348
-1276
-1206
-1028
-876
-824
-709
-593
-536
-393
-316
-252
-160
-112
-62
17
107
196
304
375
503
574
685
768
778
861
898
862
859
921
912
918
942
927
887
874
875
824
788
770
699
688
683
624
590
555
533
513
462
461
407
372
320
257
213
109
139
80
85
122
106
32
46
88
41
10
13
3
-54
-24
-70
-96
-106
-71
-30
-40
-40
-10
-42
-28
6
18
-17
4
8
32
99
95
119
65
148
108
60
39
-1
-28
-84
-59
-124
-175
-204
-195
-219
-337
-374
-449
-520
-583
-702
-798
-893
-992
-1065
-1136
-1227
-1274
-1323
-1373
-1403
-1431
-1391
-1406
-1354
-1298
-1175
-1063
-952
-809
-672
-497
-440
-370
-268
-196
-105
-33
80
163
247
325
455
518
605
728
773
895
949
992
1059
1120
1175
1157
1194
1184
1170
1248
1215
1163
1124
1095
1055
993
993
969
931
913
884
839
814
854
788
727
718
694
681
637
592
583
498
444
439
415
368
396
417
326
282
292
267
238
221
189
182
162
130
103
148
126
88
63
19
8
22
14
-15
-55
-83
-77
-89
-86
-108
-89
-129
-136
-138
-105
-106
-186
-157
-219
-250
-262
-294
-312
-371
-380
-416
-455
-443
-461
-565
-662
-780
-869
-926
-993
-1055
-1107
-1161
-1164
-1169
-1158
-1132
-1170
-1108
-1068
-1024
-903
-779
-639
-501
-405
-295
-208
-105
-45
8
122
190
295
396
461
552
606
681
724
809
857
932
1006
1106
1171
1179
1216
1255
1266
1270
1297
1286
1282
1259
1244
1204
1190
1222
1136
1073
1082
1005
928
908
869
810
776
707
696
663
604
542
472
408
366
318
248
222
249
222
169
161
154
124
113
65
43
35
26
76
57
103
127
103
126
118
116
138
101
149
169
179
168
122
128
149
109
57
36
15
-54
-80
-80
-99
-133
-173
-177
-241
-257
-278
-301
-269
-371
-424
-496
-536
-605
-733
-813
-934
-1026
-1117
-1160
-1223
-1275
-1298
-1346
-1343
-1291
-1303
-1260
-1186
-1189
-1058
-962
-868
-734
-611
-539
-451
-346
-256
-194
-96
-23
22
72
146
288
340
396
457
555
584
651
719
756
829
888
914
901
913
940
960
958
903
906
886
813
775
817
807
709
662
681
623
590
587
534
528
483
480
387
352
280
242
186
167
90
44
34
-22
-54
-95
-94
-118
-170
-152
-169
-205
-182
-268
-304
-302
-363
-334
-360
-388
-366
-380
-369
-417
-436
-437
-473
-442
-426
-384
-446
-437
-418
-435
-419
-464
-474
-501
-565
-558
-641
-639
-642
-738
-717
-777
-813
-812
-853
-884
-975
-1040
-1090
-1171
-1215
-1350
-1464
-1552
-1651
-1759
-1759
-1781
-1857
-1857
-1869
-1854
-1848
-1786
-1705
-1626
-1545
-1390
-1273
-1150
-999
-945
-865
-738
-638
-567
-474
-397
-293
-240
-147
-100
-19
64
143
231
217
318
428
430
501
515
479
537
486
455
469
435
400
389
477
454
474
481
438
484
434
339
290
289
176
146
104
109
120
96
72
49
63
-4
-18
-58
-98
-149
-191
-238
-249
-273
-312
-264
-330
-357
-402
-459
-482
-577
-624
-629
-588
-556
-545
-516
-528
-464
-449
-474
-469
-476
-489
-531
-513
-469
-449
-477
-417
-434
-422
-370
-349
-318
-352
-335
-355
-367
-386
-355
-413
-483
-501
-545
-607
-695
-784
-905
-987
-1020
-1099
-1170
-1241
-1345
-1396
-1421
-1446
-1495
-1583
-1602
-1591
-1533
-1551
-1519
-1492
-1471
-1347
-1282
-1222
-1066
-943
-832
-731
-623
-551
-532
-460
-396
-306
-213
-129
-89
-3
68
155
276
344
360
395
474
508
549
588
620
659
622
616
688
685
666
663
662
644
599
550
562
530
524
522
497
438
351
296
258
226
245
181
135
123
86
86
74
49
-25
-90
-136
-155
-203
-171
-182
-213
-231
-261
-277
-239
-227
-224
-237
-256
-215
-239
-243
-283
-284
-249
-274
-292
-341
-353
-369
-359
-351
-379
-352
-340
-324
-283
-262
-231
-245
-225
-236
-215
-209
-261
-271
-283
-311
-391
-433
-472
-583
-646
-682
-697
-713
-782
-839
-907
-1036
-1168
-1270
-1363
-1445
-1493
-1543
-1546
-1538
-1531
-1528
-1486
-1437
-1433
-1348
-1298
-1254
-1142
-1001
-920
-859
-787
-696
-595
-600
-513
-419
-330
-199
-154
-30
10
65
141
246
320
407
449
425
471
526
537
543
591
585
554
560
567
527
529
535
551
525
546
580
553
507
479
501
480
500
407
372
352
334
271
257
179
144
122
57
52
-34
-20
-64
-90
-146
-107
-164
-236
-269
-294
-309
-376
-354
-361
-384
-397
-439
-480
-476
-472
-482
-461
-427
-376
-390
-377
-309
-289
-281
-253
-232
-207
-195
-176
-149
-102
-95
-102
-123
-161
-191
-220
-222
-298
-359
-418
-451
-442
-515
-538
-627
-687
-795
-844
-904
-988
-1052
-1186
-1289
-1346
-1401
-1465
-1481
-1510
-1475
-1489
-1469
-1405
-1371
-1301
-1273
-1216
-1158
-1049
-951
-873
-852
-804
-745
-703
-608
-526
-487
-427
-341
-258
-180
-146
-65
14
38
116
175
241
311
355
430
521
525
537
557
555
582
534
502
503
475
425
462
488
509
489
432
448
370
270
264
191
171
125
30
-21
-75
-101
-126
-127
-164
-176
-190
-209
-198
-278
-289
-324
-364
-360
-420
-418
-425
-476
-476
-422
-449
-458
-448
-427
-322
-265
-266
-225
-173
-154
-108
-71
-81
-51
-22
-21
-13
12
2
-24
5
-15
-2
8
4
9
-31
-38
-94
-116
-145
-255
-257
-313
-349
-434
-506
-594
-727
-722
-808
-910
-983
-1040
-1109
-1228
-1304
-1342
-1428
-1481
-1525
-1540
-1547
-1585
-1544
-1494
-1486
-1456
-1349
-1289
-1223
-1209
-1075
-931
-894
-783
-655
-557
-443
-323
-164
-99
-87
-65
38
130
268
369
418
525
565
649
677
751
803
859
943
973
955
896
879
849
838
858
910
877
810
655
547
442
447
485
425
353
309
372
278
162
48
-78
-123
-119
-107
-92
-142
-248
-336
-385
-353
-295
-220
-281
-331
-350
-387
-362
-296
-258
-211
-218
-181
-151
-144
-68
39
68
58
85
91
63
66
49
29
67
-7
-45
-29
-47
-144
-257
-344
-415
-475
-514
-639
-797
-940
-1081
-1224
-1376
-1455
-1590
-1694
-1840
-2023
-2215
-2390
-2499
-2655
-2749
-2991
-3158
-3059
-2705
-2575
-2926
-3448
-3610
-2942
-2158
-1905
-2157
-2234
-1967
-1553
-1334
-1072
-540
-106
-122
-254
43
664
1146
988
719
950
1569
1917
1704
1420
1408
1622
1799
1885
1940
1889
1529
1064
1018
1386
1663
1286
619
304
288
368
324
75
-244
-480
-680
-752
-654
-562
-728
-1090
-1265
-1090
-815
-829
-1066
-1200
-1121
-787
-609
-585
-593
-630
-671
-596
-310
-55
-16
-307
-483
-312
42
199
83
-147
-198
-48
16
28
-34
-134
-331
-506
-491
-310
-336
-707
-1027
-1069
-861
-822
-1050
-1445
-1723
-1723
-1553
-1505
-1805
-2213
-2525
-2476
-2308
-2286
-2673
-3203
-3465
-3413
-3246
-2898
-2704
-2773
-3354
-3844
-3657
-2711
-1909
-2214
-3047
-2930
-1576
-642
-935
-1687
-1328
-131
598
542
375
617
1059
1091
1142
1759
2493
2335
1544
1283
2138
2954
2717
1944
1706
2119
2288
1913
1587
1565
1558
1103
758
806
841
463
-136
-378
-205
-199
-799
-1349
-1345
-993
-1015
-1442
-1781
-1674
-1407
-1405
-1491
-1456
-1375
-1260
-1204
-1094
-939
-737
-606
-528
-358
-136
-81
-91
-123
186
554
559
333
191
386
540
586
570
608
563
389
217
241
279
137
-102
-403
-503
-510
-600
-839
-1029
-990
-1003
-1372
-1691
-1683
-1652
-1928
-2178
-2282
-2278
-2367
-2619
-2851
-2972
-2992
-3108
-3323
-3481
-2944
-2449
-2762
-3724
-4145
-3320
-1813
-1576
-2487
-3106
-2199
-809
-460
-1090
-1405
-473
559
757
598
738
1286
1439
1153
1575
2481
2650
1904
1323
1922
2952
3040
2275
1690
2066
2413
2175
1671
1461
1715
1519
910
610
679
621
106
-301
-287
-209
-662
-1270
-1406
-1007
-901
-1413
-1855
-1758
-1384
-1358
-1589
-1612
-1369
-1186
-1232
-1395
-1121
-720
-655
-759
-594
-257
-129
-229
-217
207
571
446
91
80
369
541
428
291
384
500
378
67
23
97
57
-144
-399
-451
-556
-883
-1177
-1168
-1119
-1347
-1780
-2111
-2066
-2064
-2386
-2793
-2856
-2853
-2976
-3448
-3824
-3898
-3615
-3119
-3042
-3614
-4358
-4308
-3384
-2251
-2295
-3078
-3296
-2144
-1029
-959
-1454
-1197
-53
781
701
672
1082
1655
1772
1752
2246
2895
2842
2293
2305
3119
3660
3304
2663
2686
3119
2926
2322
2050
2313
2351
1739
1048
996
1112
848
280
-37
-64
-297
-882
-1215
-978
-758
-1146
-1717
-1817
-1538
-1444
-1685
-1739
-1356
-1143
-1288
-1541
-1379
-918
-667
-691
-702
-379
-146
-169
-145
169
575
668
520
393
547
743
710
625
816
896
662
304
234
357
350
99
-158
-204
-348
-731
-1053
-1039
-922
-1067
-1625
-2000
-2007
-1949
-2220
-2617
-2803
-2833
-3025
-3429
-3730
-3960
-3678
-3261
-3291
-3765
-4350
-4289
-3318
-2512
-2679
-3117
-2903
-1887
-1261
-1350
-1577
-814
416
788
626
735
1285
1971
2036
2182
2805
3255
3061
2809
3088
3807
4071
3707
3349
3580
3852
3546
3061
2945
3302
3203
2482
1950
1874
1885
1542
1134
853
651
240
-310
-549
-434
-483
-858
-1231
-1400
-1244
-1337
-1565
-1553
-1360
-1244
-1456
-1592
-1447
-1086
-827
-878
-762
-544
-509
-469
-291
38
340
432
385
505
637
718
728
862
1067
1128
962
655
683
836
896
676
459
427
305
0
-213
-221
-133
-319
-789
-1131
-1161
-1220
-1457
-1804
-1979
-2111
-2308
-2710
-3100
-3288
-3362
-2975
-2779
-2961
-3727
-4126
-3693
-2647
-2349
-2883
-3307
-2550
-1436
-1201
-1764
-1812
-548
602
629
254
430
1346
2069
1985
2164
2602
2998
2882
2831
3227
3729
3698
3340
3335
3761
3717
3228
2945
3143
3446
3039
2336
2117
2280
2286
1846
1327
1098
925
496
108
56
124
-162
-617
-946
-892
-827
-1073
-1175
-1093
-978
-1041
-1287
-1323
-929
-625
-665
-766
-618
-445
-358
-197
-37
214
317
359
486
640
692
702
811
979
1032
895
712
814
965
855
663
530
527
457
203
-86
-78
39
-89
-531
-938
-962
-886
-996
-1368
-1738
-1913
-1966
-2154
-2487
-2782
-2901
-3144
-2929
-2651
-2818
-3448
-3910
-3453
-2452
-2181
-2934
-3304
-2519
-1214
-955
-1619
-1903
-634
570
527
32
394
1543
2208
1829
1649
2376
3116
3097
2788
3136
3748
3794
3405
3304
3840
4050
3703
3343
3381
3591
3261
2664
2641
2840
2696
2049
1501
1480
1466
988
416
399
583
360
-192
-494
-457
-351
-621
-820
-660
-605
-790
-997
-853
-513
-346
-500
-639
-419
-144
-17
50
240
525
635
521
611
927
1103
1123
1075
1132
1210
1181
1100
1094
1163
1038
916
801
715
531
284
240
242
247
-51
-507
-725
-680
-684
-962
-1334
-1587
-1786
-2018
-2171
-2363
-2514
-2768
-3015
-3273
-3040
-2754
-3013
-3648
-3892
-3241
-2318
-2325
-3028
-3110
-2038
-960
-1025
-1659
-1493
-176
614
433
314
934
1906
2132
1616
1826
2695
3163
2930
2736
3153
3698
3654
3287
3412
3915
3830
3260
3037
3213
3333
2887
2416
2481
2551
2144
1570
1368
1429
1169
695
378
451
361
-180
-564
-513
-242
-471
-938
-1044
-762
-712
-977
-1075
-733
-441
-605
-812
-599
-148
-35
-108
12
405
714
615
546
805
1124
1236
1144
1055
1247
1401
1347
1281
1308
1326
1223
1085
990
915
682
515
402
304
57
-273
-451
-527
-630
-927
-1292
-1488
-1627
-1774
-2042
-2336
-2520
-2733
-3060
-3281
-3605
-3571
-3128
-3089
-3528
-4162
-4021
-3076
-2309
-2735
-3273
-2821
-1496
-996
-1520
-1811
-845
613
782
203
325
1307
2167
1990
1693
2334
3077
3066
2700
2896
3583
3781
3491
3258
3625
3837
3363
3118
3222
3400
3028
2351
2222
2513
2315
1672
1300
1427
1312
750
282
212
478
210
-336
-567
-463
-453
-740
-862
-692
-522
-637
-800
-697
-412
-317
-262
-109
176
275
192
343
737
1072
1114
1068
1188
1359
1444
1410
1481
1652
1659
1504
1363
1343
1413
1338
1222
1099
1021
809
545
433
379
229
-74
-350
-575
-734
-892
-1193
-1425
-1617
-1831
-2099
-2441
-2599
-2688
-2881
-3180
-3351
-3595
-3601
-3201
-3078
-3361
-3857
-3751
-2886
-2192
-2497
-3026
-2657
-1515
-889
-1197
-1477
-750
483
752
383
525
1447
2167
2021
1804
2359
3042
3115
2781
2904
3364
3581
3361
3277
3498
3501
3214
3058
3259
3236
2843
2310
2298
2491
2238
1594
1332
1404
1214
682
254
315
406
86
-370
-505
-450
-531
-686
-696
-631
-593
-858
-791
-488
-220
-229
-321
-99
163
236
186
416
794
999
945
910
1084
1360
1464
1407
1558
1682
1636
1494
1449
1519
1571
1475
1298
1126
925
816
716
622
416
183
-86
-452
-558
-687
-832
-1154
-1477
-1711
-1840
-2015
-2276
-2520
-2696
-2748
-2870
-3119
-3535
-3638
-3109
-2758
-3063
-3854
-3989
-3124
-2112
-2335
-3056
-2808
-1487
-621
-1091
-1712
-1024
538
1055
439
324
1216
2127
2091
1694
2095
2842
2915
2515
2571
3162
3415
3139
2957
3289
3499
3139
2796
2970
3253
2801
2167
2071
2350
2116
1403
1017
1173
1196
680
55
16
258
53
-470
-677
-520
-526
-661
-818
-701
-576
-656
-765
-594
-296
-303
-328
-231
66
227
270
339
586
841
899
972
1103
1251
1378
1417
1516
1554
1432
1418
1392
1373
1311
1091
1021
996
936
681
430
356
253
32
-253
-476
-579
-730
-978
-1270
-1459
-1628
-1902
-2091
-2210
-2307
-2543
-2793
-2930
-3039
-3254
-3443
-3315
-2810
-2634
-3048
-3640
-3408
-2356
-1670
-2147
-2646
-1985
-785
-514
-1087
-1209
-145
1057
896
326
665
1678
2209
1845
1637
2302
2888
2731
2377
2649
3235
3316
2981
2780
3028
3074
2703
2536
2652
2606
2113
1717
1743
1806
1421
878
752
826
580
97
-234
-106
5
-312
-716
-737
-604
-615
-752
-758
-547
-503
-620
-600
-272
-82
-40
-43
63
385
483
417
547
840
1056
993
822
960
1115
1187
1116
1151
1223
1271
1219
1064
1026
1085
1049
833
569
472
379
189
45
-191
-393
-601
-773
-939
-1132
-1346
-1510
-1696
-1836
-2046
-2206
-2277
-2362
-2461
-2605
-2668
-2779
-2996
-3088
-3093
-2693
-2330
-2489
-2929
-3169
-2468
-1375
-1197
-1787
-1943
-1172
-190
-271
-636
-464
579
1325
997
762
1288
2187
2348
1894
1916
2512
2858
2555
2317
2678
3002
2893
2481
2406
2760
2635
2254
2039
1993
1884
1454
1151
1158
1129
751
289
237
217
12
-315
-463
-296
-365
-766
-935
-726
-528
-652
-907
-793
-470
-375
-451
-368
-37
189
289
269
411
628
678
756
901
1127
1207
1114
1097
1242
1453
1385
1178
1179
1254
1176
948
772
767
761
577
340
218
156
41
-207
-492
-678
-758
-936
-1174
-1269
-1452
-1616
-1896
-2082
-2119
-2194
-2312
-2426
-2458
-2488
-2536
-2601
-2596
-2639
-2660
-2693
-2224
-1826
-1975
-2498
-2577
-1701
-716
-793
-1578
-1528
-472
441
139
-416
-3
1239
1559
1024
903
1565
2420
2300
1774
1954
2568
2761
2294
2178
2470
2638
2378
2104
2221
2326
1969
1613
1626
1741
1529
1054
887
1016
890
437
146
249
291
-64
-381
-354
-138
-254
-566
-552
-341
-238
-393
-388
-84
138
19
-54
199
518
635
538
598
831
990
934
903
1070
1251
1245
1118
1152
1214
1236
1107
1037
1051
1004
752
484
484
458
261
-31
-205
-286
-442
-621
-815
-970
-1006
-1134
-1342
-1521
-1664
-1775
-1758
-1825
-1957
-2139
-2224
-2233
-2092
-2154
-2369
-2393
-2116
-2092
-2294
-2363
-2230
-1506
-1157
-1464
-1935
-1815
-804
-47
-386
-998
-685
380
889
399
-33
478
1560
1730
1145
1018
1703
2402
2199
1721
1861
2359
2494
2133
1989
2245
2358
2130
1916
2012
2005
1692
1470
1527
1587
1357
867
732
846
780
449
194
281
255
88
-134
-142
22
-20
-164
-239
-187
-97
-95
-66
145
263
178
183
432
701
695
596
709
918
947
787
800
1012
1181
1053
861
882
1037
1094
873
713
699
704
536
293
231
229
171
-93
-435
-604
-598
-656
-893
-1092
-1155
-1196
-1374
-1597
-1706
-1629
-1634
-1807
-1929
-1942
-1843
-1836
-1982
-2020
-1853
-1714
-1802
-1991
-1925
-1858
-1490
-1103
-1213
-1579
-1762
-1250
-415
-97
-610
-845
-187
750
710
179
148
1067
1773
1408
996
1345
2063
2179
1710
1543
2041
2363
2009
1755
2023
2226
2081
1791
1775
1912
1702
1333
1310
1468
1343
983
711
747
764
590
286
298
414
273
44
-66
126
176
70
25
96
165
114
138
266
373
395
246
366
620
688
591
589
826
868
769
686
854
1011
927
667
554
735
771
586
410
404
396
268
0
-151
-154
-149
-280
-553
-756
-792
-736
-805
-996
-1145
-1162
-1179
-1267
-1357
-1452
-1467
-1355
-1413
-1528
-1548
-1410
-1318
-1326
-1365
-1371
-1265
-1262
-1332
-1325
-1479
-1117
-568
-762
-1363
-1644
-1022
-60
-21
-883
-1108
-243
650
476
-266
-258
868
1401
748
283
777
1616
1685
1059
1027
1577
1837
1537
1364
1648
1824
1686
1440
1463
1637
1375
1169
1362
1529
1365
897
822
1054
1195
903
572
647
707
561
310
331
536
468
234
195
341
378
249
273
441
539
397
207
346
539
496
355
285
380
446
343
291
457
569
445
211
189
250
295
199
63
-7
-144
-267
-337
-379
-383
-518
-652
-788
-879
-982
-1001
-965
-979
-998
-1087
-1059
-1062
-1056
-1016
-966
-1036
-1155
-1173
-1073
-1047
-1064
-1109
-1074
-1006
-1058
-1091
-1108
-1049
-1047
-1175
-923
-581
-685
-1213
-1499
-901
-141
-234
-1034
-1179
-294
337
-66
-648
-480
473
794
174
-48
530
1104
989
592
836
1363
1451
1137
1110
1412
1544
1403
1250
1494
1520
1248
1115
1363
1543
1218
803
841
1227
1252
823
524
736
964
771
381
384
588
616
416
213
275
402
362
252
263
251
155
122
224
282
178
39
64
168
52
-90
-73
88
111
-73
-243
-169
-64
-108
-281
-351
-307
-309
-446
-530
-468
-462
-574
-723
-698
-671
-670
-700
-738
-726
-740
-814
-826
-855
-759
-726
-801
-778
-807
-827
-772
-699
-756
-801
-785
-783
-818
-908
-960
-903
-939
-1077
-1307
-971
-582
-783
-1367
-1663
-1092
-385
-606
-1439
-1466
-577
-8
-450
-897
-533
308
422
-124
-179
422
893
665
328
596
1116
1166
929
1023
1380
1462
1262
1261
1566
1687
1426
1324
1521
1651
1349
1138
1246
1535
1410
997
856
1056
1053
708
499
636
806
499
257
260
427
340
50
20
130
175
-87
-305
-201
-73
-187
-387
-427
-287
-252
-341
-432
-387
-249
-276
-367
-452
-390
-313
-374
-387
-365
-395
-356
-256
-211
-215
-250
-205
-136
-136
-190
-181
-203
-123
-144
-252
-274
-240
-174
-156
-191
-173
-169
-243
-279
-273
-297
-414
-451
-547
-598
-614
-720
-888
-977
-1025
-1135
-1277
-1363
-967
-937
-1404
-1928
-1751
-984
-740
-1349
-1813
-1303
-447
-381
-912
-1010
-353
291
28
-313
34
600
864
662
647
1087
1324
1255
1206
1448
1605
1491
1418
1571
1748
1614
1428
1613
1863
1714
1318
1080
1317
1472
1139
782
744
936
820
510
318
420
463
156
-120
-150
-54
-93
-271
-356
-312
-313
-478
-527
-496
-440
-423
-502
-477
-442
-460
-467
-367
-273
-307
-336
-285
-128
-76
-51
-89
6
198
236
107
27
141
276
295
171
137
132
196
265
208
113
64
51
66
-9
-40
-27
4
-33
-179
-330
-361
-299
-364
-592
-774
-780
-715
-832
-1065
-1177
-1116
-1115
-1392
-1596
-1690
-1356
-1135
-1376
-1792
-1938
-1415
-878
-995
-1464
-1393
-857
-317
-538
-816
-571
70
384
80
80
545
982
980
779
991
1375
1498
1403
1438
1615
1708
1633
1640
1821
1876
1790
1621
1687
1778
1573
1326
1283
1413
1211
764
556
642
605
236
-62
67
192
-13
-366
-428
-282
-282
-556
-709
-582
-455
-507
-691
-617
-489
-478
-508
-459
-295
-259
-346
-281
-98
29
-16
-45
195
457
460
383
396
602
748
698
602
673
843
871
830
762
728
758
680
598
554
486
435
322
241
142
1
-98
-134
-197
-424
-619
-654
-689
-746
-898
-1097
-1163
-1137
-1200
-1291
-1417
-1466
-1407
-1385
-1630
-1712
-1610
-1213
-1028
-1371
-1742
-1631
-954
-479
-697
-1136
-937
-186
235
-81
-300
57
732
912
619
715
1144
1508
1446
1294
1468
1739
1779
1627
1749
1835
1769
1668
1638
1714
1611
1327
1270
1346
1323
1022
662
548
570
492
203
10
-48
-170
-344
-501
-492
-448
-645
-838
-867
-897
-945
-964
-899
-767
-714
-808
-749
-547
-353
-217
-204
-164
-33
121
256
342
482
596
670
739
815
908
892
974
1089
1145
1079
950
1014
1065
1067
958
818
796
808
714
577
408
300
282
76
-163
-325
-328
-362
-598
-863
-897
-877
-1007
-1158
-1201
-1188
-1098
-1126
-1289
-1280
-1204
-1196
-1188
-1195
-1138
-1080
-1128
-1111
-1045
-1063
-1099
-808
-612
-726
-947
-874
-405
0
-164
-428
-174
417
583
358
295
631
1003
940
722
880
1238
1288
1097
1035
1252
1389
1247
1105
1160
1271
1138
1035
1037
1097
1008
782
741
687
570
353
210
201
138
8
-247
-313
-350
-493
-607
-653
-706
-736
-823
-787
-719
-702
-705
-638
-427
-363
-370
-312
-91
102
119
173
290
495
675
620
671
847
962
1014
1039
1041
1129
1223
1225
1188
1115
1063
1087
1047
888
715
661
571
478
331
167
73
-35
-183
-404
-620
-676
-693
-844
-931
-1013
-1016
-1004
-1073
-1163
-1144
-1033
-1050
-1071
-1147
-1094
-995
-921
-931
-992
-866
-796
-719
-679
-698
-614
-553
-589
-599
-504
-234
-135
-296
-533
-481
-70
264
78
-246
-84
381
445
82
-78
203
560
473
262
345
718
781
580
523
658
764
588
458
576
652
524
416
383
479
421
244
190
267
334
200
-8
-47
24
-88
-259
-243
-110
-139
-206
-258
-178
-97
-168
-123
-52
3
-32
-11
193
312
358
327
433
620
736
755
688
703
829
853
827
758
828
807
749
753
752
756
658
501
498
471
362
208
101
28
-62
-196
-331
-309
-323
-370
-482
-531
-563
-568
-560
-655
-666
-720
-688
-569
-549
-594
-545
-472
-355
-309
-276
-273
-195
-63
-99
-101
-70
15
68
106
61
-7
7
88
101
-29
-124
-206
-267
-267
-155
-269
-646
-880
-733
-434
-397
-724
-968
-699
-452
-507
-747
-733
-432
-316
-488
-539
-295
-80
-24
-105
-47
197
274
160
294
552
543
456
541
700
827
688
552
722
851
734
545
513
728
845
642
416
470
596
546
396
322
417
462
362
299
354
339
325
301
315
352
242
158
161
292
305
239
169
158
226
219
133
146
151
175
171
169
151
137
84
109
171
118
3
-64
51
100
-14
-116
-70
17
-6
-82
-104
41
142
47
-26
32
180
166
106
70
121
194
209
229
261
216
179
143
157
167
112
22
-16
-10
-101
-160
-242
-301
-377
-453
-528
-614
-690
-849
-995
-1051
-1014
-975
-1105
-1313
-1418
-1233
-977
-970
-1221
-1213
-825
-629
-570
-625
-531
-236
-116
-101
83
376
490
481
539
758
972
963
1001
1225
1330
1313
1194
1290
1454
1475
1243
1096
1213
1309
1173
889
821
912
782
469
340
399
393
188
42
-57
-121
-236
-328
-425
-480
-564
-667
-635
-635
-626
-707
-683
-561
-522
-543
-531
-450
-341
-232
-189
-105
75
225
200
186
312
466
562
545
575
669
718
725
713
805
812
794
734
680
735
753
714
617
594
511
452
366
371
322
226
127
66
-20
-138
-202
-308
-406
-481
-581
-669
-730
-746
-797
-855
-962
-966
-1021
-1124
-1117
-1157
-1175
-1247
-1294
-1336
-1316
-1279
-1307
-1323
-1288
-1085
-928
-972
-1094
-1079
-618
-245
-338
-596
-435
57
344
235
47
301
692
823
689
732
972
1080
964
826
989
1115
1023
936
1023
1039
900
743
710
779
706
499
337
333
288
136
-35
-147
-49
-159
-462
-586
-509
-496
-670
-867
-887
-743
-670
-844
-798
-616
-568
-522
-388
-242
-118
-90
-22
92
160
294
311
387
537
653
653
667
792
906
877
794
856
965
958
898
814
802
716
623
578
506
405
265
193
95
-6
-86
-164
-259
-294
-285
-396
-467
-543
-592
-635
-721
-815
-835
-803
-763
-772
-810
-833
-810
-721
-738
-769
-752
-667
-635
-677
-696
-598
-501
-485
-477
-459
-403
-385
-398
-369
-339
-365
-391
-412
-410
-214
-188
-396
-532
-354
-68
-24
-317
-502
-190
89
36
-178
-186
87
145
26
-70
61
210
34
-61
-1
125
89
-44
-48
101
105
-31
-122
15
103
31
-101
-1
119
37
-115
-146
-23
1
-68
-117
-95
21
-12
-79
29
155
172
85
121
208
264
214
241
254
287
334
291
327
341
405
426
397
370
378
320
263
280
175
131
131
126
78
-4
-33
-38
-73
-125
-185
-300
-312
-273
-314
-331
-357
-276
-284
-318
-302
-272
-297
-244
-227
-190
-104
-106
-71
-53
-31
22
67
30
91
93
120
73
69
46
67
44
-17
-25
-39
23
-80
-168
-230
-214
-276
-362
-430
-507
-556
-653
-737
-816
-901
-973
-1021
-958
-925
-1070
-1250
-1241
-955
-804
-935
-1182
-1029
-618
-500
-645
-768
-526
-236
-175
-237
-150
112
263
172
172
311
433
436
430
564
650
623
603
676
799
815
671
621
790
827
615
454
440
523
452
322
255
246
192
51
-47
-98
-111
-200
-238
-217
-258
-367
-426
-440
-313
-309
-469
-465
-379
-346
-447
-451
-338
-299
-287
-341
-315
-173
-181
-163
-101
0
122
183
291
350
431
430
525
600
638
705
665
706
735
713
685
765
777
767
657
611
572
512
442
350
346
342
256
109
-15
41
-7
-166
-289
-336
-334
-451
-590
-703
-693
-663
-824
-1010
-980
-977
-1011
-1060
-1152
-1143
-1089
-1114
-1186
-1155
-1155
-1139
-1098
-1035
-1042
-1047
-892
-769
-667
-761
-748
-584
-330
-234
-353
-325
-116
145
218
109
130
323
474
496
465
519
614
612
570
531
615
613
532
493
490
475
352
320
284
222
111
11
-56
-62
-111
-183
-279
-305
-244
-317
-438
-457
-443
-458
-468
-459
-395
-346
-351
-323
-306
-231
-149
-82
-30
57
98
149
180
236
388
437
401
450
497
551
627
615
675
741
742
731
737
736
664
602
581
552
582
476
425
410
398
337
167
143
114
95
-13
-72
-103
-93
-139
-239
-304
-296
-301
-402
-461
-507
-486
-505
-564
-589
-668
-693
-656
-702
-690
-646
-624
-611
-585
-461
-454
-518
-513
-443
-394
-400
-437
-397
-314
-288
-269
-306
-271
-262
-244
-319
-351
-307
-372
-322
-281
-334
-443
-582
-529
-408
-439
-601
-701
-696
-584
-564
-699
-771
-688
-601
-653
-638
-542
-467
-406
-365
-265
-161
-166
-190
-129
27
128
94
102
197
348
368
345
357
478
518
515
500
503
576
595
623
560
603
574
502
515
485
452
369
284
323
294
206
109
142
168
119
-5
-38
12
35
-40
-133
-81
-17
-3
16
-21
-18
90
100
134
148
168
179
185
170
169
167
191
205
280
294
244
225
228
209
146
85
93
95
88
48
38
53
39
29
-31
-18
-105
-146
-157
-228
-283
-338
-362
-356
-382
-436
-458
-459
-480
-488
-506
-546
-602
-668
-699
-753
-804
-763
-759
-822
-898
-929
-951
-995
-974
-1017
-1040
-1024
-1042
-1052
-1089
-1070
-1054
-973
-983
-961
-929
-803
-653
-654
-636
-579
-422
-262
-175
-160
-91
18
137
212
264
350
415
479
489
529
567
594
566
660
638
583
559
553
610
561
506
529
541
493
411
331
292
275
213
81
27
-32
-98
-185
-248
-254
-309
-360
-369
-367
-307
-297
-285
-255
-221
-166
-152
-100
-66
-17
50
58
111
165
200
239
215
285
341
386
442
505
537
534
563
525
502
473
448
416
368
264
202
162
68
17
-90
-131
-194
-246
-253
-290
-333
-389
-402
-437
-456
-506
-560
-544
-551
-542
-610
-621
-633
-586
-550
-541
-509
-464
-415
-455
-436
-401
-431
-442
-432
-455
-412
-398
-396
-375
-390
-410
-413
-429
-415
-446
-378
-383
-412
-435
-507
-482
-529
-532
-523
-506
-510
-540
-563
-599
-561
-560
-501
-458
-451
-401
-307
-272
-243
-250
-196
-90
-41
29
48
110
189
240
303
359
407
417
421
508
464
432
439
466
474
531
554
497
534
533
450
382
359
395
353
324
269
221
229
168
122
122
160
145
85
10
-39
-72
-113
-97
-199
-231
-260
-256
-222
-249
-271
-304
-242
-283
-239
-248
-273
-256
-232
-203
-207
-173
-95
-66
-113
-40
-24
-7
29
31
104
109
133
160
181
203
225
281
309
338
346
317
283
277
253
231
152
82
46
58
-3
-87
-127
-171
-191
-227
-285
-381
-370
-320
-427
-471
-475
-524
-556
-593
-603
-615
-650
-637
-693
-713
-684
-732
-706
-719
-657
-688
-672
-672
-636
-526
-481
-463
-435
-409
-382
-249
-223
-233
-217
-73
-20
-21
28
35
136
220
244
320
404
471
540
524
559
599
564
559
578
560
522
502
491
456
411
432
386
350
373
296
297
237
163
117
33
17
-70
-171
-219
-229
-248
-276
-288
-305
-339
-383
-407
-431
-412
-378
-333
-278
-265
-225
-124
-64
-78
-124
-62
59
83
78
105
150
217
237
334
351
368
353
369
330
351
374
313
299
296
347
288
287
301
280
204
194
177
104
43
24
-15
-50
-72
-134
-232
-315
-304
-353
-418
-474
-486
-501
-512
-470
-501
-480
-481
-480
-448
-467
-495
-467
-383
-346
-352
-319
-302
-267
-238
-265
-228
-205
-181
-121
-103
-65
-62
-39
85
102
130
107
142
145
140
142
67
54
93
135
101
0
-6
3
-7
-15
-14
-1
51
89
92
89
59
143
180
124
126
147
175
104
99
123
96
105
91
169
131
126
148
159
146
140
154
196
202
214
246
219
239
211
215
167
153
182
128
112
148
171
156
121
134
118
156
136
74
106
135
132
153
127
123
95
53
76
67
29
-17
-2
-8
-38
-36
-32
-24
-5
18
-15
-73
-26
14
0
-17
-28
-36
-23
-1
-26
0
-21
-27
14
-24
-15
17
52
15
46
47
122
132
60
46
73
43
-5
-42
-49
-88
-94
-75
-121
-151
-166
-185
-174
-123
-164
-216
-245
-195
-181
-230
-312
-320
-289
-288
-302
-298
-277
-275
-263
-224
-279
-277
-218
-210
-194
-129
-59
-3
-15
5
91
142
172
142
183
193
182
175
215
251
273
297
274
273
313
305
281
336
317
306
333
304
284
228
278
253
224
231
195
206
156
126
95
78
12
21
-47
-117
-83
-85
-95
-98
-106
-77
-83
-19
-7
-47
-32
-7
-47
-29
-18
-17
-5
-21
11
40
71
67
131
135
133
183
245
258
242
261
255
236
245
204
210
196
178
165
166
167
121
128
73
44
62
66
67
14
-15
-62
-122
-109
-132
-179
-195
-138
-149
-164
-219
-232
-197
-202
-200
-214
-220
-243
-223
-205
-195
-171
-195
-180
-189
-223
-190
-191
-169
-108
-141
-71
-77
-44
17
39
44
11
21
2
15
55
98
134
84
102
160
171
210
179
198
231
223
215
185
183
186
152
131
113
127
89
63
52
21
32
11
-29
-1
-29
-46
-80
-102
-93
-78
-133
-142
-146
-116
-98
-65
-64
-52
-51
-89
-76
-55
-14
-21
-15
32
80
48
91
99
92
116
126
163
158
197
202
224
127
163
215
209
206
215
251
264
237
232
290
326
347
345
357
247
101
17
21
58
39
-35
-160
-174
-85
4
-48
-142
-180
-128
-28
24
63
3
-48
43
131
150
134
105
111
113
161
182
135
126
163
191
238
232
220
252
252
220
214
179
167
130
70
40
39
41
25
-9
-65
-79
-28
-20
-46
-46
-47
-79
-44
-56
-84
-113
-123
-172
-198
-136
-163
-184
-163
-160
-168
-160
-167
-116
-104
-94
-102
-83
-39
-12
19
-2
-27
3
64
43
53
18
32
67
52
107
115
123
168
165
179
177
165
174
101
144
147
151
169
119
81
86
118
103
83
108
126
106
101
124
138
120
144
88
77
90
57
20
-32
-11
-18
-43
-51
-61
-46
-69
-42
-29
43
35
52
115
78
86
105
101
82
83
88
96
54
83
88
113
84
98
135
93
119
149
154
164
152
136
163
158
179
151
187
168
140
112
131
135
122
166
88
69
38
43
30
-71
-58
-111
-139
-188
-207
-224
-209
-165
-156
-137
-158
-168
-173
-150
-185
-152
-133
-185
-149
-154
-181
-164
-147
-150
-121
-118
-114
-85
-75
-10
-28
8
21
47
111
76
50
56
120
77
120
115
68
48
32
44
23
55
53
11
9
-10
-71
-45
-41
-54
-25
-31
-46
-59
-72
-74
-75
-53
-17
-53
20
-19
-62
-50
-110
-99
-99
-88
-101
-32
-13
26
35
38
80
96
117
162
144
147
218
217
274
311
293
284
255
264
251
228
202
223
204
207
239
219
247
224
171
104
97
41
21
25
-16
-29
-66
-56
-69
-115
-136
-150
-211
-186
-234
-190
-204
-223
-241
-251
-160
-184
-170
-221
-244
-240
-189
-173
-159
-97
-99
-105
-55
-16
-27
-31
22
53
50
30
22
64
94
120
92
102
100
112
49
25
36
32
54
49
-9
12
20
4
17
32
29
42
32
39
58
48
80
57
44
79
109
106
97
157
252
239
208
232
238
226
209
228
206
221
250
226
276
273
262
234
218
216
172
159
167
157
140
131
107
95
99
106
128
46
89
97
83
101
51
83
100
136
111
122
138
138
99
99
95
71
72
23
48
-9
8
15
13
-33
-21
-51
-71
17
-1
-40
-68
-29
-25
-94
-79
-58
-57
-57
-70
-50
-46
-34
-24
-36
-78
-76
-103
-46
-52
-26
-1
-26
28
39
6
36
36
25
16
2
63
60
104
95
124
147
153
118
99
115
111
90
100
45
34
-9
16
37
18
27
2
21
-4
32
61
106
104
119
102
87
102
102
95
90
75
112
123
112
169
124
78
119
89
69
151
144
160
164
114
137
150
117
154
115
108
135
68
94
101
81
92
77
43
54
-28
32
0
-7
18
-29
-39
-54
-42
-42
-36
-1
-16
-20
3
-36
-53
-31
-11
-8
-11
26
8
53
50
54
46
37
-11
-27
-27
-35
-37
-90
-89
-91
-95
-135
-87
-89
-81
-51
-23
-40
-61
-47
-47
-33
-25
-42
-24
-34
-25
-57
-22
22
-4
6
30
23
46
117
152
167
185
204
202
263
246
216
240
224
225
226
158
144
149
122
133
76
55
45
76
138
95
87
140
160
107
79
76
85
60
59
40
8
61
39
6
13
-6
-37
-30
0
-23
-43
-39
-42
15
-2
-15
7
-50
-62
-46
-78
-78
-80
-82
-59
-44
-45
-19
-1
12
-36
-44
-41
17
54
30
77
46
42
65
60
79
90
118
128
97
48
102
147
135
103
74
106
99
58
39
13
8
-23
-69
-33
-21
-22
-6
-47
-57
-68
-106
-74
-110
-165
-127
-150
-135
-104
-81
-19
-8
18
2
7
49
41
82
84
74
146
189
181
151
168
164
209
211
203
241
246
270
234
198
176
183
123
77
90
111
116
95
98
86
58
57
80
8
-31
-35
-67
-65
-54
-74
-87
-31
-35
-43
2
-32
-36
-22
-75
-43
-71
-84
-65
-74
-66
-73
-137
-65
-77
-127
-107
-112
-95
-127
-129
-141
-132
-172
-125
-135
-140
-94
-141
-129
-105
-104
-39
-109
-127
-84
-76
-76
-75
-46
-50
-34
-14
7
-42
-7
58
92
107
97
84
78
69
7
70
59
11
19
20
67
54
32
62
62
47
23
35
52
47
50
54
76
34
88
77
77
75
66
52
10
70
76
59
58
80
45
88
73
56
62
102
84
68
79
44
53
45
4
-17
-2
-16
-3
-6
-13
-3
6
33
33
23
39
37
49
37
-6
4
-35
-27
-94
-81
-45
-100
-76
-80
-99
-100
-73
-86
-108
-153
-185
-162
-189
-256
-249
-214
-211
-228
-230
-248
-246
-172
-174
-193
-129
-151
-93
-33
1
51
67
56
22
55
56
51
12
56
46
46
93
81
83
80
74
99
137
104
40
68
16
2
3
-17
8
-16
-13
-5
60
68
29
25
30
1
33
49
26
69
58
37
61
62
52
30
93
92
15
-9
10
25
7
33
19
17
5
-17
-3
3
29
35
15
14
13
-9
-18
-14
18
53
9
-11
36
34
10
-22
-24
-4
-44
-57
-78
-51
-76
-109
-92
-106
-111
-97
-91
-92
-137
-168
-142
-149
-157
-160
-156
-176
-155
-128
-151
-174
-156
-199
-238
-222
-199
-209
-172
-157
-177
-113
-103
-96
-131
-148
-186
-154
-106
-116
-118
-138
-116
-85
-70
-73
-43
-43
-71
-73
-28
-48
-56
-47
-48
-12
-34
-65
-49
-40
-21
-21
-56
-6
-49
-18
6
-52
-69
-111
-83
-34
-42
-20
14
40
76
32
52
62
1
-26
-21
-71
-117
-88
-129
-111
-143
-80
-26
-3
26
12
24
72
51
-8
-22
-46
-50
-69
-63
-80
-107
-98
-100
-154
-148
-137
-132
-168
-91
-85
-61
-31
-79
2
-4
7
34
-25
-69
-78
-117
-165
-189
-182
-150
-138
-140
-107
-66
-52
-51
-66
-43
-52
-97
-146
-156
-127
-148
-190
-152
-170
-190
-166
-191
-165
-163
-170
-148
-141
-103
-78
-60
10
1
-26
2
10
-19
7
-10
24
9
9
27
16
-20
-13
41
34
56
81
83
129
130
138
192
188
207
208
166
119
88
114
110
60
64
52
43
27
51
12
-30
14
36
46
28
88
102
101
55
52
19
-21
-25
-67
-83
-102
-120
-131
-179
-194
-218
-205
-147
-245
-204
-172
-173
-159
-150
-108
-118
-123
-72
-69
-61
-51
-60
-36
-50
-66
-71
-95
-73
-60
-42
-4
1
-26
-9
20
11
23
37
66
15
18
41
33
-10
41
55
34
33
26
48
25
41
-7
-14
23
57
44
40
43
64
117
135
148
120
113
92
51
53
61
92
92
89
94
63
47
11
73
70
53
38
22
24
-12
3
-13
3
-31
-65
-34
-25
-40
5
-61
-77
-74
-104
-80
-72
-21
-17
30
59
122
192
169
167
136
157
144
84
91
71
107
129
141
142
98
68
20
10
14
36
15
-16
21
38
22
-3
54
41
62
50
3
32
16
8
15
25
17
-2
-4
19
47
45
66
51
33
21
27
43
8
29
51
81
84
49
54
56
28
84
110
75
131
154
93
101
102
130
162
134
105
131
150
116
127
128
131
140
135
112
78
109
109
124
160
182
167
182
184
204
203
202
190
193
209
178
191
170
209
178
211
265
266
274
270
264
257
223
264
303
240
206
204
260
225
221
221
186
147
135
180
181
170
180
163
160
162
136
141
208
191
135
149
122
99
165
143
101
91
38
23
12
63
7
30
41
62
39
-4
-48
-12
44
-15
57
108
118
134
141
150
150
134
140
190
157
221
236
267
343
278
271
291
312
323
281
335
319
390
359
385
368
362
409
405
410
398
432
430
412
396
412
390
377
413
378
369
378
345
371
415
381
386
366
330
365
329
389
373
378
374
407
409
372
364
336
352
384
423
353
405
402
426
412
405
447
411
414
400
394
364
421
395
364
372
395
398
337
361
351
319
349
319
307
330
320
304
284
307
330
342
304
326
303
259
271
325
273
265
280
221
262
288
322
355
370
353
366
366
360
336
325
348
321
354
419
407
398
463
519
524
531
498
497
535
551
547
502
504
553
567
526
555
597
548
500
466
434
474
467
453
497
550
541
544
530
489
470
472
475
473
486
409
399
415
436
408
445
447
437
457
442
516
527
540
575
562
568
585
603
591
604
618
604
591
559
604
543
540
541
512
533
522
576
544
592
595
586
597
609
584
550
485
459
423
375
427
403
406
397
345
353
328
302
334
306
269
278
300
309
330
302
298
273
335
298
325
312
283
334
310
372
370
368
389
438
452
433
467
462
448
465
419
459
473
457
493
439
414
417
427
395
323
366
329
356
382
340
366
317
327
298
320
340
330
323
333
346
310
361
388
398
468
468
495
506
524
542
500
538
546
534
568
547
544
558
601
620
613
615
630
609
591
573
531
581
519
503
544
493
520
534
501
509
487
451
452
467
434
413
417
422
433
376
381
370
372
396
397
350
287
315
317
332
331
305
310
285
338
378
368
406
415
373
322
329
323
351
328
336
341
364
386
321
337
314
254
272
261
240
254
286
304
314
317
343
360
407
416
442
481
481
509
485
465
394
397
328
305
321
293
302
316
388
415
387
371
361
391
372
346
399
359
403
395
354
376
338
353
318
285
258
284
243
266
288
298
336
328
353
366
364
363
351
322
313
325
309
304
296
363
400
343
355
362
379
366
315
362
310
308
308
332
344
304
340
306
353
373
341
357
313
319
311
311
266
270
275
267
276
270
239
251
204
156
141
126
183
109
133
101
96
74
37
23
78
65
9
27
52
59
63
79
113
126
80
90
129
149
125
110
148
140
149
152
118
149
179
165
176
171
146
150
113
136
104
97
86
75
73
62
47
32
30
42
47
67
136
29
36
43
20
18
-9
-3
2
-4
50
17
27
30
25
42
21
49
21
-7
23
67
72
77
96
91
51
82
58
84
73
23
27
13
49
84
137
87
63
63
54
60
52
65
91
88
53
41
1
-41
-83
-62
-102
-76
-66
-113
-65
-31
-38
-56
-46
-64
-59
-108
-94
-131
-151
-147
-182
-187
-213
-174
-161
-160
-161
-93
-73
-124
-92
-86
-74
-72
-75
-84
-68
-73
-105
-60
-81
-87
-105
-83
-84
-106
-42
-57
-45
-63
-73
-93
-92
-102
-108
-94
-91
-88
-100
-99
-71
-53
-34
-57
-51
-64
-58
-36
-64
-35
-89
-101
-119
-159
-161
-184
-191
-187
-206
-192
-230
-198
-209
-262
-266
-278
-309
-349
-361
-354
-357
-373
-353
-359
-315
-303
-306
-345
-368
-334
-321
-321
-318
-298
-249
-266
-246
-241
-203
-177
-167
-99
-94
-84
-44
-31
-30
-24
-38
-22
-31
-70
-69
-38
-76
-88
-116
-86
-105
-108
-79
-77
-75
-68
-78
-67
-100
-136
-117
-194
-233
-254
-277
-314
-316
-304
-294
-286
-307
-349
-296
-208
-190
-181
-144
-181
-175
-132
-120
-111
-84
-70
-77
-101
-98
-131
-98
-108
-175
-169
-153
-132
-173
-174
-151
-141
-137
-76
-107
-117
-115
-147
-169
-209
-239
-257
-259
-302
-304
-320
-336
-333
-280
-268
-280
-269
-278
-307
-318
-294
-267
-266
-270
-249
-244
-220
-251
-275
-267
-299
-306
-352
-366
-316
-288
-325
-324
-343
-348
-340
-314
-258
-244
-234
-228
-217
-176
-170
-209
-195
-222
-191
-200
-197
-187
-166
-172
-228
-222
-208
-188
-210
-239
-229
-247
-297
-262
-259
-230
-195
-148
-139
-145
-112
-150
-170
-175
-205
-178
-99
-132
-143
-135
-160
-161
-206
-190
-200
-200
-189
-211
-136
-119
-114
-76
-129
-98
-9
-79
-95
-69
-108
-109
-156
-166
-202
-172
-133
-105
-66
-60
-29
-60
-20
-35
-52
-78
-123
-107
-83
-94
-122
-118
-149
-165
-141
-129
-121
-111
-111
-131
-132
-148
-166
-112
-131
-159
-146
-102
-120
-171
-144
-189
-185
-195
-186
-187
-147
-179
-185
-119
-130
-89
-88
-87
-105
-67
-74
-97
-116
-166
-174
-182
-165
-82
-101
-78
-28
-89
-60
-28
-31
-6
-18
-65
-39
-37
-20
-15
-6
15
44
39
-36
-64
-105
-37
-45
-81
-51
-29
-24
-18
-8
-21
18
50
59
32
23
32
-29
-36
-91
-115
-122
-123
-111
-92
-91
-38
-53
-44
-30
-53
7
20
-33
-35
-39
-48
-76
-97
-103
-102
-71
-89
-120
-92
-111
-113
-148
-131
-115
-169
-159
-168
-208
-213
-215
-165
-163
-202
-162
-173
-173
-159
-160
-162
-180
-172
-136
-162
-147
-86
-43
-94
-90
-91
-99
-55
-71
-113
-96
-74
-94
-79
-79
-105
-102
-102
-84
-77
-75
-39
-32
-64
-76
-53
-74
-108
-82
-83
-28
-44
-70
-73
-136
-175
-154
-160
-130
-110
-101
-72
-61
-55
-17
-20
-32
-3
-22
-7
14
-20
-57
-62
-83
-66
-32
-53
-42
-60
-64
-34
7
63
83
125
135
143
139
113
51
26
-26
-93
-98
-72
-73
-68
-66
-56
-50
-91
-54
2
22
10
-26
-19
39
45
9
10
15
-12
-3
-34
-6
11
40
104
70
97
140
109
121
99
63
24
13
21
27
16
-21
-7
-24
-71
-80
-61
-125
-126
-142
-176
-195
-182
-185
-194
-197
-218
-223
-216
-190
-192
-159
-171
-174
-170
-164
-178
-194
-154
-156
-114
-132
-94
-114
-167
-125
-157
-108
-73
-67
-69
-22
-43
-13
-15
1
47
65
75
64
86
86
97
108
164
155
112
102
100
91
77
102
140
137
147
160
122
96
81
41
26
41
64
82
87
104
95
74
76
92
79
50
-8
-21
-49
-127
-96
-59
-69
-84
-66
-82
-28
7
-28
-36
-87
-79
-100
-72
-40
-41
-49
-53
-29
-28
-49
-53
-61
-34
-25
-14
-12
-6
-2
-32
-23
3
31
91
58
44
66
80
63
29
40
22
26
-5
18
30
62
66
25
63
61
41
49
51
27
96
78
80
112
90
106
108
108
106
73
58
117
125
123
133
144
112
74
86
60
77
123
96
124
98
63
94
84
86
92
65
75
90
89
103
96
77
81
73
122
119
115
103
104
116
79
94
100
82
88
117
167
168
161
171
201
173
141
208
217
224
238
210
232
193
177
208
194
199
203
237
244
254
248
257
245
218
246
239
227
279
236
203
217
205
172
140
112
113
112
98
92
25
88
145
143
126
170
188
161
219
190
206
190
165
143
140
118
103
139
131
130
126
210
230
224
261
242
263
286
316
307
313
346
329
344
350
367
378
345
313
321
355
330
318
357
318
302
336
356
340
318
324
327
296
248
241
196
227
229
161
141
182
157
209
200
182
179
195
248
253
206
204
214
218
256
233
271
265
225
259
244
317
372
344
405
408
371
398
428
379
407
408
384
370
403
382
364
357
395
380
389
406
347
336
346
296
277
276
280
270
236
250
231
166
157
164
152
170
175
178
182
168
176
163
178
240
249
270
275
275
310
289
296
256
278
270
259
284
283
237
253
277
303
325
331
318
295
329
355
399
349
346
332
324
345
331
331
283
282
289
261
282
272
276
271
255
294
272
290
282
236
181
174
125
150
198
119
123
126
156
132
144
191
154
190
197
192
219
185
148
166
162
160
190
209
219
229
218
213
232
244
261
326
380
371
347
336
337
373
353
307
326
314
281
245
282
238
233
282
305
293
257
293
294
334
257
193
230
218
213
225
229
200
255
258
259
243
279
282
255
256
263
270
237
297
293
294
290
283
268
284
262
230
204
217
279
260
269
235
221
250
222
217
175
170
163
124
143
66
77
42
48
92
115
140
112
141
131
136
131
121
144
193
138
86
123
97
128
148
132
158
175
226
252
252
273
307
271
233
209
261
248
228
232
259
248
291
302
254
285
298
294
314
333
343
336
255
284
245
259
216
169
179
170
171
185
181
203
243
176
192
182
172
188
170
146
157
130
163
139
110
138
104
143
107
133
164
182
218
190
160
185
115
70
97
82
140
181
198
185
190
230
191
238
181
153
211
206
234
203
207
229
269
226
247
251
221
298
261
222
219
222
201
158
134
159
137
126
180
147
120
122
121
152
136
140
159
132
124
88
159
162
120
145
70
72
124
73
82
73
42
81
62
75
74
59
78
99
66
117
109
80
98
62
78
69
24
-22
-1
8
39
44
9
4
0
39
47
29
49
33
16
65
33
45
12
-20
53
54
86
85
62
69
44
58
28
-11
50
50
48
58
47
55
62
65
45
40
29
32
24
-18
-8
0
26
33
25
66
80
97
120
88
84
72
78
61
9
-16
-5
26
4
25
67
70
76
72
82
47
18
28
-12
-70
-110
-119
-111
-99
-118
-116
-113
-108
-87
-91
-103
-96
-47
-76
-73
-47
-49
-35
-74
-67
-91
-71
-114
-112
-157
-188
-151
-174
-134
-112
-81
-86
-89
-77
-116
-102
-147
-150
-111
-93
-90
-104
-86
-141
-139
-155
-146
-202
-185
-164
-232
-182
-178
-145
-158
-180
-179
-193
-207
-183
-139
-145
-184
-184
-196
-166
-202
-196
-195
-181
-220
-245
-218
-214
-193
-164
-178
-168
-97
-115
-137
-87
-76
-104
-88
-150
-113
-170
-187
-153
-135
-158
-201
-168
-175
-142
-107
-82
-109
-109
-109
-162
-198
-182
-169
-206
-197
-149
-130
-139
-149
-181
-188
-142
-172
-224
-203
-205
-191
-170
-234
-218
-196
-177
-237
-243
-199
-212
-187
-181
-185
-154
-141
-202
-230
-216
-233
-213
-204
-216
-197
-178
-190
-274
-233
-199
-193
-183
-168
-170
-196
-213
-190
-226
-179
-192
-246
-222
-206
-203
-219
-230
-235
-212
-241
-194
-180
-218
-245
-248
-242
-218
-276
-302
-252
-261
-254
-234
-203
-217
-234
-244
-250
-254
-223
-219
-223
-199
-224
-181
-201
-223
-166
-193
-161
-158
-151
-128
-136
-135
-131
-154
-125
-180
-192
-229
-222
-198
-226
-173
-241
-225
-209
-206
-183
-199
-210
-239
-250
-226
-195
-202
-194
-178
-203
-145
-145
-159
-162
-150
-148
-117
-138
-121
-78
-86
-79
-115
-100
-134
-135
-147
-170
-154
-177
-194
-197
-230
-241
-224
-233
-215
-219
-287
-240
-269
-277
-319
-354
-289
-346
-335
-308
-329
-338
-301
-213
-213
-234
-261
-229
-161
-161
-143
-96
-50
-36
-71
-37
-34
-53
-50
-77
-76
-43
-55
-48
-63
-106
-108
-122
-150
-159
-137
-147
-110
-113
-108
-121
-104
-99
-143
-115
-145
-100
-107
-118
-155
-160
-185
-224
-216
-219
-221
-255
-266
-279
-321
-369
-327
-319
-338
-310
-281
-265
-232
-259
-249
-221
-233
-228
-267
-230
-245
-243
-253
-288
-235
-175
-157
-107
-93
-91
-83
-70
-52
-54
-13
55
30
-17
8
-1
-46
-51
-14
-43
-72
-103
-86
-132
-169
-169
-188
-157
-179
-188
-186
-215
-237
-224
-213
-238
-247
-179
-191
-212
-182
-196
-202
-204
-221
-256
-238
-290
-275
-257
-268
-274
-292
-249
-260
-218
-221
-267
-242
-214
-222
-184
-172
-196
-209
-192
-246
-209
-245
-290
-286
-234
-247
-282
-186
-179
-190
-165
-129
-64
-47
-63
-12
-37
-59
-98
-112
-120
-162
-157
-192
-175
-161
-157
-159
-145
-146
-147
-169
-223
-223
-222
-241
-199
-163
-207
-242
-260
-257
-232
-181
-187
-242
-260
-268
-216
-187
-190
-158
-208
-198
-235
-241
-238
-222
-184
-189
-183
-185
-189
-226
-274
-258
-200
-210
-198
-177
-187
-188
-238
-192
-224
-245
-237
-241
-258
-222
-206
-246
-180
-163
-163
-173
-142
-132
-83
-118
-144
-199
-231
-152
-198
-173
-168
-206
-195
-237
-202
-153
-203
-215
-200
-187
-146
-115
-157
-181
-156
-231
-256
-226
-223
-236
-226
-218
-204
-178
-196
-232
-229
-208
-168
-175
-176
-150
-160
-160
-140
-175
-151
-139
-174
-192
-228
-218
-211
-208
-257
-251
-268
-268
-199
-251
-248
-245
-219
-216
-255
-210
-222
-239
-201
-242
-246
-246
-230
-228
-209
-207
-201
-189
-232
-177
-172
-209
-180
-204
-191
-125
-158
-124
-110
-140
-132
-140
-178
-173
-181
-169
-216
-210
-186
-235
-205
-196
-279
-263
-279
-304
-293
-307
-323
-345
-329
-303
-343
-327
-283
-318
-301
-294
-297
-287
-284
-306
-294
-235
-234
-199
-189
-135
-111
-144
-140
-142
-154
-126
-149
-177
-132
-155
-180
-126
-136
-139
-130
-154
-129
-167
-151
-179
-149
-167
-185
-182
-180
-163
-203
-216
-252
-217
-209
-199
-192
-182
-190
-182
-150
-153
-95
-79
-59
-76
-54
-29
-54
-82
-134
-149
-138
-155
-194
-158
-141
-136
-118
-138
-105
-93
-94
-133
-109
-116
-121
-117
-112
-98
-166
-193
-191
-181
-176
-164
-189
-173
-180
-160
-143
-109
-128
-131
-64
-70
-54
-66
-87
-111
-85
-105
-138
-86
-106
-108
-144
-130
-77
-122
-187
-204
-187
-184
-191
-229
-194
-212
-244
-221
-175
-202
-207
-226
-217
-220
-238
-253
-249
-255
-227
-168
-170
-155
-164
-89
-91
-101
-101
-121
-118
-153
-149
-120
-72
-112
-186
-178
-163
-173
-177
-184
-181
-181
-156
-123
-98
-89
-99
-115
-166
-148
-157
-136
-179
-155
-147
-147
-142
-144
-91
-56
-7
-3
-5
-5
-35
-19
-15
-21
-15
-25
-21
35
35
16
10
13
-39
-35
-44
-103
-107
-97
-112
-150
-123
-119
-131
-176
-199
-191
-168
-178
-193
-153
-149
-88
-130
-100
-31
-6
40
64
89
67
95
92
128
79
58
67
65
138
129
124
124
136
131
115
120
95
131
85
50
33
9
-22
-64
-72
-83
-99
-93
-130
-148
-128
-145
-184
-214
-167
-132
-82
-102
-70
-65
-93
-90
-138
-74
-53
-71
-60
-59
-82
-115
-100
-87
-93
-98
-82
-90
-84
-135
-141
-119
-103
-24
-45
-21
28
9
-47
-94
-122
-158
-127
-141
-114
-140
-127
-88
-114
-85
-81
-72
-1
23
0
23
24
8
30
47
42
-10
-26
-22
2
44
6
-30
-24
-12
-26
-23
-14
-27
-16
-12
-29
-34
-63
-64
-26
-58
-44
6
-63
-67
-56
-63
-81
-24
16
-1
11
2
-41
-12
-5
-23
-98
-129
-144
-159
-178
-189
-160
-165
-182
-183
-175
-203
-218
-217
-199
-204
-188
-228
-213
-194
-155
-142
-125
-130
-149
-166
-237
-207
-217
-184
-181
-215
-213
-209
-208
-189
-180
-156
-119
-112
-128
-126
-136
-150
-166
-202
-155
-174
-205
-196
-229
-201
-154
-170
-187
-219
-194
-201
-209
-191
-192
-189
-216
-243
-275
-257
-259
-243
-225
-242
-253
-241
-284
-335
-350
-341
-367
-376
-326
-298
-290
-270
-276
-243
-238
-227
-227
-209
-229
-247
-221
-263
-261
-264
-229
-229
-193
-175
-228
-180
-190
-211
-176
-170
-149
-189
-185
-223
-210
-244
-272
-244
-267
-252
-248
-256
-225
-247
-241
-219
-255
-212
-204
-223
-230
-171
-152
-209
-183
-203
-244
-248
-264
-298
-306
-302
-285
-283
-292
-277
-299
-285
-296
-297
-319
-360
-381
-344
-391
-436
-411
-386
-364
-338
-320
-369
-338
-336
-346
-374
-361
-276
-226
-254
-286
-265
-298
-313
-318
-363
-331
-349
-320
-340
-315
-300
-291
-276
-294
-326
-329
-337
-355
-353
-333
-344
-322
-327
-346
-318
-340
-337
-344
-367
-409
-406
-428
-433
-381
-401
-387
-345
-356
-352
-340
-335
-316
-335
-332
-342
-332
-338
-396
-365
-388
-321
-305
-339
-334
-335
-305
-316
-285
-352
-331
-342
-339
-335
-383
-363
-392
-371
-369
-342
-312
-381
-366
-378
-357
-339
-329
-299
-328
-312
-287
-274
-322
-345
-330
-333
-360
-343
-334
-302
-296
-301
-285
-287
-312
-316
-359
-406
-401
-413
-355
-395
-388
-382
-386
-365
-421
-429
-383
-417
-438
-434
-364
-333
-305
-332
-341
-374
-399
-367
-392
-403
-458
-410
-421
-354
-335
-303
-238
-245
-261
-276
-281
-289
-257
-298
-293
-279
-247
-250
-316
-328
-357
-384
-419
-446
-409
-481
-486
-473
-492
-451
-455
-469
-490
-503
-562
-553
-551
-583
-598
-568
-548
-504
-483
-490
-494
-463
-437
-422
-365
-377
-354
-330
-341
-294
-263
-291
-276
-250
-253
-243
-213
-234
-276
-266
-303
-255
-209
-226
-212
-195
-213
-251
-183
-246
-302
-283
-374
-340
-294
-388
-376
-399
-372
-379
-396
-443
-431
-449
-496
-534
-509
-460
-474
-459
-480
-424
-418
-425
-433
-471
-445
-476
-435
-466
-461
-446
-393
-346
-314
-320
-333
-384
-395
-397
-412
-408
-412
-384
-389
-353
-381
-376
-364
-368
-373
-392
-344
-395
-400
-395
-393
-375
-416
-422
-437
-407
-417
-413
-436
-398
-396
-369
-323
-372
-363
-381
-397
-359
-321
-323
-334
-323
-351
-340
-327
-316
-313
-326
-336
-347
-332
-371
-355
-321
-355
-354
-378
-360
-380
-359
-339
-362
-384
-414
-408
-420
-406
-451
-472
-386
-409
-408
-365
-381
-418
-432
-396
-423
-369
-378
-373
-388
-382
-363
-389
-346
-342
-307
-282
-302
-287
-279
-270
-294
-270
-271
-276
-259
-239
-202
-186
-183
-230
-260
-265
-255
-313
-330
-324
-296
-276
-313
-282
-328
-327
-331
-377
-313
-345
-379
-348
-387
-430
-444
-455
-475
-431
-376
-379
-315
-313
-317
-309
-317
-301
-321
-321
-294
-304
-295
-304
-297
-293
-293
-286
-322
-304
-326
-389
-346
-300
-318
-318
-286
-287
-273
-295
-308
-269
-334
-294
-294
-346
-326
-342
-313
-286
-341
-299
-326
-360
-337
-359
-334
-371
-326
-325
-309
-283
-276
-301
-300
-327
-362
-324
-375
-343
-349
-388
-333
-295
-231
-176
-225
-201
-218
-221
-174
-161
-165
-140
-149
-150
-174
-180
-168
-233
-227
-198
-158
-167
-137
-118
-164
-154
-150
-186
-187
-229
-292
-271
-253
-249
-251
-271
-238
-272
-328
-343
-352
-293
-317
-342
-342
-361
-341
-385
-384
-356
-312
-289
-323
-345
-351
-375
-346
-376
-389
-396
-431
-397
-387
-380
-355
-281
-310
-261
-262
-284
-278
-304
-366
-397
-360
-326
-295
-351
-371
-367
-389
-372
-361
-389
-344
-322
-323
-288
-279
-245
-230
-236
-218
-174
-141
-155
-169
-154
-160
-203
-195
-195
-212
-225
-226
-235
-274
-265
-265
-281
-263
-292
-322
-299
-339
-312
-274
-315
-307
-313
-331
-297
-308
-271
-264
-238
-228
-237
-281
-285
-252
-294
-279
-304
-279
-220
-250
-236
-230
-242
-228
-270
-251
-305
-243
-193
-204
-163
-159
-186
-205
-204
-234
-281
-316
-289
-305
-342
-345
-345
-345
-332
-305
-316
-333
-345
-386
-317
-331
-322
-297
-303
-228
-224
-225
-244
-232
-243
-208
-207
-164
-180
-230
-189
-189
-131
-171
-190
-195
-214
-227
-237
-190
-227
-175
-186
-202
-196
-218
-243
-220
-224
-293
-270
-263
-249
-207
-175
-163
-192
-184
-199
-243
-207
-251
-247
-231
-266
-274
-259
-229
-224
-248
-248
-241
-266
-292
-307
-334
-317
-294
-246
-250
-242
-252
-244
-230
-247
-275
-313
-295
-299
-273
-311
-278
-264
-251
-217
-232
-213
-223
-228
-208
-203
-199
-186
-167
-112
-150
-152
-146
-140
-118
-136
-130
-117
-103
-96
-69
-61
-89
-124
-125
-148
-172
-183
-145
-142
-169
-178
-193
-181
-212
-243
-217
-248
-284
-291
-273
-268
-266
-216
-184
-147
-213
-190
-226
-232
-211
-262
-193
-235
-199
-202
-231
-151
-179
-147
-134
-159
-115
-105
-118
-102
-109
-105
-123
-188
-178
-170
-212
-247
-264
-286
-258
-254
-271
-247
-212
-243
-202
-223
-226
-221
-231
-173
-183
-171
-221
-210
-212
-267
-239
-250
-265
-245
-230
-202
-218
-173
-134
-112
-93
-89
-72
-58
-69
-74
-37
-75
-100
-110
-166
-144
-133
-133
-140
-159
-135
-96
-117
-92
-58
-66
-43
-72
-88
-84
-55
-10
-73
-74
-27
-73
-75
-109
-118
-106
-62
-87
-132
-129
-123
-98
-149
-149
-153
-129
-155
-154
-143
-169
-167
-148
-137
-139
-137
-102
-76
-56
-82
-93
-119
-95
-43
-120
-67
-57
-34
-47
-49
-27
1
-5
-38
-55
-13
-4
9
-57
-121
-61
-58
-69
-105
-71
-120
-127
-108
-103
-53
-82
-85
-103
-64
-83
-75
-53
-100
-106
-78
-112
-121
-94
-96
-109
-112
-98
-88
-60
-37
-66
-14
-17
-39
-80
-94
-57
-88
-73
-47
-29
-27
-14
-5
-13
2
12
6
15
40
19
40
7
21
36
-28
-12
-89
-87
-145
-133
-113
-143
-143
-128
-126
-119
-98
-135
-122
-130
-117
-120
-62
-52
-83
-33
-64
-86
-69
-35
-42
-30
-44
-8
-19
4
36
43
75
63
20
30
11
-39
23
-20
-4
-15
-23
16
-18
-19
-8
8
18
57
23
75
122
101
80
58
80
64
29
-17
4
34
64
84
11
18
95
101
145
62
26
63
37
25
-40
-24
-46
-35
-13
-11
25
18
-35
9
28
12
-12
-13
-30
-11
-50
-60
-13
13
61
25
19
24
59
28
36
3
-18
41
60
67
83
99
103
87
121
140
142
148
181
144
133
120
132
152
77
76
75
43
52
78
69
52
63
80
52
52
46
42
46
46
38
21
0
67
65
11
47
41
51
81
66
18
56
72
91
116
149
148
177
221
210
244
256
189
137
150
124
155
63
51
34
33
55
49
56
96
108
72
126
63
35
29
13
34
32
78
12
-3
46
37
36
36
66
51
48
53
49
57
93
102
148
164
169
131
93
145
183
184
184
183
187
230
271
269
259
309
275
279
290
221
174
138
121
79
74
43
36
11
19
33
12
24
15
43
46
72
77
62
36
85
50
57
68
65
75
73
103
138
144
161
145
121
142
153
235
210
288
