SAMPLES:	17078
BITSPERSAMPLE:	16
CHANNELS:	1
SAMPLERATE:	16000
NORMALIZED:	FALSE
-360
-372
-340
-302
-289
-247
-232
-228
-234
-231
-204
-212
-193
-167
-154
-144
-124
-147
-114
-108
-92
-86
-87
-53
-46
-30
-56
-33
-3
-22
-41
6
36
14
1
-24
-48
-44
3
34
68
80
85
73
97
99
83
76
59
108
99
111
129
156
184
168
201
245
283
278
294
344
330
320
405
425
421
421
436
429
399
402
419
458
425
426
449
432
446
468
469
438
434
424
422
413
392
379
373
382
377
411
389
362
333
284
303
328
292
283
284
214
207
224
246
237
174
210
183
198
192
204
215
152
115
122
131
109
108
93
129
118
72
96
65
32
21
22
-12
0
-18
-27
-10
-54
-59
-77
-57
-61
-99
-109
-154
-190
-180
-173
-174
-141
-174
-135
-105
-110
-95
-101
-150
-155
-138
-150
-183
-127
-128
-159
-160
-176
-174
-172
-157
-142
-128
-118
-119
-53
-8
-24
1
-45
-61
-81
-159
-176
-179
-248
-229
-254
-329
-312
-258
-294
-294
-328
-311
-299
-258
-239
-265
-257
-280
-259
-275
-298
-400
-368
-365
-402
-351
-359
-397
-381
-407
-402
-359
-382
-424
-416
-400
-425
-430
-467
-521
-508
-497
-547
-550
-549
-530
-540
-565
-583
-568
-535
-559
-539
-486
-474
-424
-470
-461
-496
-487
-454
-446
-422
-478
-463
-491
-511
-488
-485
-515
-459
-432
-428
-409
-401
-378
-387
-412
-442
-464
-494
-470
-478
-491
-456
-499
-465
-460
-473
-449
-398
-388
-418
-423
-452
-430
-388
-408
-421
-419
-441
-425
-415
-418
-374
-441
-394
-417
-461
-416
-418
-349
-292
-304
-315
-324
-310
-352
-389
-367
-368
-414
-428
-409
-397
-359
-392
-387
-384
-347
-322
-304
-274
-259
-292
-327
-298
-337
-287
-315
-304
-310
-318
-296
-277
-220
-236
-255
-269
-227
-248
-222
-250
-215
-189
-261
-216
-203
-177
-216
-201
-215
-235
-233
-203
-172
-169
-139
-180
-158
-95
-80
-103
-77
-136
-152
-165
-94
-131
-141
-81
-85
-91
-68
-96
-83
-102
-122
-98
-123
-77
-85
-107
-161
-153
-129
-153
-167
-167
-169
-186
-142
-157
-149
-89
-89
-70
-55
-66
-84
-98
-56
-38
4
4
-14
11
-25
-9
-14
-1
5
8
25
-19
-20
-19
-31
-44
-43
-44
-61
-86
-103
-102
-78
-135
-152
-150
-159
-161
-193
-172
-190
-245
-235
-204
-180
-221
-275
-265
-297
-309
-347
-342
-336
-304
-350
-316
-276
-348
-292
-325
-326
-315
-313
-361
-392
-373
-405
-436
-455
-454
-416
-384
-414
-467
-458
-438
-432
-460
-419
-422
-473
-481
-529
-515
-513
-512
-532
-520
-490
-521
-521
-485
-492
-437
-385
-412
-436
-445
-470
-466
-423
-460
-432
-477
-468
-407
-463
-468
-459
-437
-441
-449
-401
-405
-377
-358
-320
-303
-285
-304
-323
-351
-333
-289
-319
-299
-279
-262
-263
-239
-218
-204
-233
-212
-169
-212
-223
-190
-183
-182
-177
-177
-187
-175
-209
-217
-231
-217
-237
-211
-200
-214
-165
-123
-142
-95
-47
-97
-101
-27
-79
-74
-36
-102
-90
-20
14
9
41
53
44
86
117
152
132
126
179
168
154
139
152
183
179
145
131
152
188
200
160
222
243
263
262
209
232
222
228
241
246
262
229
187
238
265
258
250
267
327
300
292
288
291
337
276
308
290
256
314
294
375
335
305
311
275
321
317
334
292
278
273
270
252
264
278
272
263
295
312
283
320
317
303
329
308
312
292
307
353
323
352
336
348
341
303
235
217
190
198
203
167
218
164
160
156
118
124
118
125
134
141
78
45
46
62
41
45
33
54
38
-6
-19
21
32
21
26
53
24
52
44
15
48
39
53
11
-10
-23
-30
-59
-58
-75
-88
-124
-155
-157
-195
-200
-249
-219
-231
-227
-209
-226
-227
-266
-313
-379
-424
-420
-367
-370
-380
-354
-353
-306
-293
-327
-295
-298
-360
-325
-327
-320
-378
-391
-382
-411
-418
-409
-392
-383
-392
-407
-330
-351
-368
-354
-327
-307
-302
-295
-283
-247
-253
-326
-316
-304
-339
-320
-355
-340
-350
-333
-301
-314
-302
-318
-362
-348
-348
-316
-295
-283
-294
-291
-263
-279
-285
-303
-299
-353
-337
-356
-339
-337
-344
-297
-313
-323
-334
-330
-319
-278
-297
-314
-294
-330
-304
-226
-246
-226
-208
-215
-223
-262
-266
-247
-284
-287
-301
-300
-315
-333
-321
-331
-347
-255
-280
-282
-226
-265
-278
-304
-267
-291
-308
-316
-373
-374
-361
-297
-308
-298
-221
-237
-261
-232
-235
-211
-204
-262
-184
-147
-191
-148
-118
-159
-162
-154
-160
-147
-163
-135
-134
-112
-70
-134
-113
-103
-149
-123
-142
-126
-145
-150
-125
-147
-201
-149
-171
-169
-179
-179
-107
-163
-137
-137
-132
-125
-122
-118
-108
-50
-105
-102
-49
-47
-30
-11
-11
18
7
9
27
-29
-26
-33
-9
-35
-45
-54
-64
-30
-66
-58
-36
-6
-50
-92
-66
-85
-53
-90
-167
-159
-163
-174
-193
-222
-173
-206
-258
-217
-194
-214
-201
-241
-247
-258
-243
-262
-244
-209
-232
-225
-234
-214
-259
-293
-283
-266
-289
-292
-296
-287
-228
-248
-221
-245
-276
-219
-253
-256
-276
-253
-236
-252
-246
-228
-245
-263
-268
-233
-255
-213
-195
-223
-230
-219
-233
-222
-228
-279
-307
-308
-324
-308
-326
-329
-286
-350
-325
-355
-367
-367
-325
-321
-375
-333
-409
-431
-429
-434
-399
-432
-436
-450
-427
-415
-442
-478
-433
-394
-414
-413
-379
-319
-341
-289
-259
-267
-271
-298
-281
-291
-258
-214
-227
-200
-196
-153
-164
-159
-108
-133
-163
-168
-154
-139
-109
-82
-79
-68
-22
-3
32
23
-5
-11
13
15
42
46
66
122
169
177
191
215
234
266
258
267
284
334
410
430
440
437
487
501
509
508
537
590
584
605
646
644
647
605
626
636
667
706
689
719
698
657
693
705
665
711
732
735
761
742
703
742
750
664
683
663
653
694
639
646
643
649
643
628
670
680
655
643
648
668
693
702
694
711
699
711
732
744
726
701
695
684
674
675
643
644
650
701
692
685
689
624
638
637
596
533
505
549
535
548
538
512
530
527
558
535
539
521
453
434
375
415
409
371
397
358
317
320
298
316
305
305
318
312
351
287
264
275
340
337
297
323
283
324
304
275
271
250
236
233
225
264
244
254
270
232
254
272
258
252
288
253
224
237
218
222
243
213
203
155
133
86
111
135
137
122
116
170
168
176
129
216
188
156
194
177
192
164
183
227
257
268
316
314
297
373
378
386
375
343
342
374
372
359
366
382
418
408
412
409
409
397
489
475
452
500
500
485
452
459
465
492
426
426
421
456
488
489
483
473
521
524
500
535
506
489
511
452
416
419
401
389
396
403
416
413
448
423
438
454
432
478
435
426
412
390
391
362
415
414
433
424
435
415
382
431
444
440
498
488
479
481
510
490
517
502
479
525
547
599
549
559
537
526
457
458
472
483
570
559
552
573
576
549
526
524
544
522
521
499
470
500
541
551
511
516
523
482
490
474
457
472
415
400
412
410
406
392
352
330
384
356
368
372
388
352
384
411
359
357
373
352
310
281
240
181
175
184
148
118
151
79
118
191
177
175
112
119
159
158
195
226
196
207
200
223
235
172
185
122
116
113
91
141
164
111
133
158
110
154
68
131
101
53
54
35
52
74
46
24
13
-48
-62
-46
-134
-135
-130
-117
-89
-104
-133
-150
-177
-206
-210
-183
-203
-225
-215
-202
-204
-231
-239
-277
-254
-261
-232
-233
-253
-254
-347
-313
-358
-339
-299
-322
-312
-291
-345
-363
-353
-350
-356
-314
-339
-343
-319
-334
-335
-357
-320
-335
-368
-369
-401
-397
-439
-474
-433
-396
-440
-390
-369
-398
-321
-302
-330
-362
-353
-401
-402
-358
-336
-353
-340
-336
-346
-349
-352
-372
-385
-336
-345
-315
-321
-311
-284
-285
-271
-215
-267
-272
-253
-237
-254
-261
-317
-331
-335
-335
-253
-237
-231
-237
-253
-260
-220
-256
-266
-248
-270
-267
-197
-223
-230
-231
-266
-274
-313
-297
-301
-341
-320
-337
-301
-273
-273
-245
-242
-194
-208
-227
-201
-212
-209
-189
-221
-224
-209
-174
-187
-191
-193
-142
-170
-121
-86
-98
-72
-72
-98
-79
-41
-47
-27
-44
-16
-22
-56
-42
-11
-15
-38
42
51
17
62
92
100
110
118
62
63
90
66
45
46
69
118
76
69
100
74
97
113
109
138
139
191
172
205
259
248
222
176
235
261
331
340
367
380
380
406
401
367
381
344
359
401
423
397
407
426
398
401
426
385
402
428
428
463
460
467
472
467
500
510
504
501
517
514
514
505
542
568
534
554
516
532
541
531
502
524
533
459
481
470
449
436
422
432
411
424
444
438
488
487
467
432
413
435
481
535
446
486
523
458
409
410
376
377
370
339
366
370
354
331
346
282
317
328
251
284
256
213
205
179
162
137
113
128
102
95
102
83
118
98
109
93
99
136
139
149
167
128
164
165
197
198
188
200
261
283
258
243
226
270
227
232
201
167
147
111
160
153
142
124
192
164
125
139
167
120
88
91
121
137
74
94
133
102
134
130
109
145
120
125
216
187
157
154
156
233
238
226
202
167
163
118
100
152
159
140
120
162
223
172
156
174
196
241
278
268
252
272
337
384
371
373
340
316
291
284
242
273
252
224
246
266
298
246
309
303
260
291
263
250
262
280
303
282
301
279
294
317
259
250
281
324
327
315
295
297
312
280
277
309
339
312
260
253
281
325
292
264
303
308
341
350
322
329
347
369
351
351
332
365
338
333
356
316
299
315
340
304
320
308
272
277
284
283
346
318
316
335
296
310
353
375
332
342
363
405
401
380
441
391
378
390
415
448
458
500
534
554
545
524
536
522
519
559
524
502
507
535
562
545
516
518
509
534
533
537
498
474
490
436
443
449
410
425
415
378
376
375
411
369
380
402
361
369
377
394
370
395
421
420
455
478
471
448
414
432
455
496
463
455
532
480
495
486
522
507
490
470
441
455
497
483
414
442
438
446
434
472
442
445
464
432
452
427
452
481
517
538
555
548
521
533
574
529
522
540
507
537
565
590
570
613
619
635
614
619
615
618
655
653
697
685
727
733
704
721
695
755
780
803
804
778
738
701
774
749
750
760
766
769
788
795
809
798
772
790
766
807
798
809
787
748
821
743
704
705
676
697
694
683
666
635
619
619
621
604
609
623
609
579
559
596
602
597
622
606
598
594
623
636
634
622
662
634
650
628
682
701
703
725
744
764
749
791
753
813
783
808
843
800
831
836
868
867
874
898
907
877
841
868
877
865
872
821
770
765
750
708
711
714
733
743
722
700
686
679
699
724
688
687
712
679
687
712
642
677
688
717
741
757
785
800
848
847
829
888
880
824
827
814
791
783
740
733
731
726
717
764
818
810
769
732
706
672
704
663
677
670
630
633
633
638
647
623
666
643
622
663
620
635
588
611
604
562
632
604
647
669
648
643
672
703
682
742
761
776
772
760
787
748
756
752
725
735
726
695
684
669
639
607
588
578
604
642
642
696
660
651
607
576
574
578
521
495
515
468
436
486
455
423
420
392
426
426
446
406
417
423
462
423
427
421
402
382
357
358
306
374
372
372
376
367
335
363
323
282
317
334
272
274
287
270
285
240
244
252
231
200
171
151
157
50
3
-31
-27
-27
-63
-60
-61
-68
-57
-63
-137
-145
-168
-179
-234
-246
-211
-211
-169
-208
-224
-211
-182
-196
-175
-164
-159
-178
-167
-148
-171
-184
-206
-205
-169
-215
-251
-292
-323
-319
-357
-375
-378
-379
-389
-381
-408
-441
-442
-489
-495
-543
-552
-592
-651
-659
-730
-734
-753
-800
-736
-762
-820
-823
-856
-827
-833
-825
-796
-801
-819
-866
-856
-884
-905
-896
-940
-952
-964
-954
-946
-959
-952
-935
-949
-944
-964
-966
-920
-973
-970
-1010
-1046
-1055
-1096
-1087
-1113
-1121
-1114
-1154
-1168
-1159
-1086
-1114
-1143
-1169
-1118
-1113
-1129
-1100
-1119
-1097
-1069
-1081
-1101
-1176
-1173
-1132
-1149
-1136
-1093
-1059
-1059
-1034
-1048
-1002
-1066
-1029
-993
-1004
-977
-938
-914
-983
-973
-974
-945
-999
-1030
-1010
-987
-957
-980
-999
-1004
-990
-975
-972
-994
-967
-969
-990
-1012
-1063
-1059
-1035
-1062
-1085
-1086
-1136
-1119
-1070
-1044
-1055
-1056
-1049
-1016
-996
-1011
-984
-962
-963
-920
-926
-913
-880
-887
-847
-848
-843
-852
-842
-801
-766
-784
-724
-734
-786
-763
-795
-797
-734
-760
-729
-763
-793
-810
-824
-812
-796
-830
-821
-809
-840
-800
-780
-792
-811
-789
-784
-771
-813
-756
-792
-792
-795
-824
-798
-819
-822
-783
-792
-764
-756
-723
-675
-691
-689
-707
-678
-662
-691
-730
-731
-701
-692
-695
-681
-677
-682
-722
-739
-715
-692
-698
-683
-663
-621
-602
-591
-577
-584
-542
-525
-529
-571
-579
-551
-588
-571
-598
-604
-566
-550
-601
-580
-588
-580
-603
-611
-591
-630
-610
-609
-582
-598
-612
-640
-633
-607
-596
-644
-685
-659
-695
-666
-678
-648
-646
-630
-620
-599
-597
-579
-528
-523
-508
-510
-552
-552
-556
-500
-485
-530
-484
-483
-450
-463
-407
-405
-409
-356
-374
-378
-407
-465
-468
-435
-442
-429
-456
-438
-489
-518
-517
-550
-552
-566
-573
-572
-538
-514
-535
-513
-530
-530
-548
-561
-540
-539
-532
-541
-484
-491
-475
-473
-458
-440
-440
-416
-445
-454
-410
-348
-347
-356
-338
-286
-299
-307
-303
-322
-303
-281
-275
-285
-246
-220
-214
-142
-147
-133
-105
-131
-167
-246
-244
-291
-290
-278
-225
-210
-231
-259
-308
-307
-346
-329
-294
-310
-324
-339
-312
-312
-304
-289
-339
-301
-289
-301
-344
-349
-351
-371
-356
-340
-301
-294
-275
-316
-284
-227
-258
-256
-245
-234
-205
-158
-133
-151
-136
-134
-152
-146
-167
-205
-220
-253
-228
-222
-269
-248
-206
-201
-190
-198
-218
-221
-213
-260
-276
-272
-242
-242
-196
-206
-198
-174
-200
-185
-212
-219
-167
-136
-195
-145
-125
-144
-111
-65
-62
-59
-49
-38
-72
-69
-79
-100
-85
-48
-42
-68
-65
-78
-36
-58
-61
-93
-116
-114
-98
-92
-112
-101
-106
-112
-82
-78
-128
-116
-101
-134
-122
-60
-88
-17
7
-8
8
-9
3
-18
34
54
-12
-5
26
41
54
34
8
0
-18
0
7
47
6
4
7
-18
-20
-29
-43
-29
-46
-85
-113
-65
-23
-91
-119
-126
-88
-99
-127
-83
-62
12
14
15
70
14
21
57
24
-3
-47
-78
-101
-75
-58
-50
-18
-19
-35
-1
-23
-13
16
-40
9
12
-10
-2
15
-1
9
4
-52
-94
-81
-74
-98
-94
-108
-9
-56
-43
-84
-119
-93
-126
-81
-125
-142
-168
-146
-142
-198
-160
-137
-156
-133
-77
-86
-108
-134
-166
-199
-238
-246
-247
-235
-234
-247
-249
-237
-246
-287
-259
-231
-242
-261
-212
-197
-202
-210
-237
-226
-240
-293
-291
-320
-364
-349
-389
-352
-307
-232
-205
-187
-161
-190
-200
-182
-139
-136
-153
-135
-126
-123
-152
-143
-153
-143
-128
-189
-192
-225
-209
-193
-165
-161
-107
-122
-93
-124
-144
-79
-155
-129
-104
-66
-47
-11
2
-16
7
0
47
58
28
33
17
48
68
70
99
74
98
118
105
139
114
122
123
160
174
146
154
140
142
155
180
153
146
160
143
175
162
164
201
206
220
195
210
196
200
215
197
183
203
206
230
267
260
250
256
247
237
235
195
253
223
217
223
215
217
220
233
221
189
156
138
163
162
174
258
269
268
230
276
245
203
187
196
221
191
226
224
225
260
218
278
306
284
343
355
365
350
346
398
386
368
385
306
318
300
294
298
268
245
279
272
275
328
306
322
278
291
310
257
230
226
202
182
187
192
192
219
203
207
236
253
278
310
314
335
357
352
333
362
328
371
393
385
414
409
423
383
360
404
390
410
409
421
402
362
349
351
367
320
315
331
287
319
288
273
339
298
308
307
339
351
342
324
365
377
336
373
375
396
428
395
381
379
386
402
419
439
447
495
510
529
559
583
570
534
563
540
473
454
405
409
361
342
322
328
340
330
342
324
343
369
377
332
347
352
296
277
277
284
276
247
201
193
156
210
228
229
216
216
239
301
269
238
278
291
333
300
251
252
319
340
366
401
415
413
419
429
436
480
525
500
479
545
503
540
494
512
561
503
532
493
494
434
367
421
438
445
396
443
507
451
510
518
473
436
487
493
455
474
494
507
515
537
553
557
571
644
630
626
678
676
671
640
653
669
700
708
691
684
703
751
772
791
798
806
812
804
860
846
863
858
845
905
897
850
822
804
793
823
779
814
825
827
825
860
863
830
831
855
908
889
915
872
867
862
855
835
879
858
850
862
864
904
939
959
1005
993
966
963
960
990
988
984
957
933
915
900
955
950
945
965
954
957
993
933
919
963
969
953
993
930
925
1013
993
977
929
881
897
880
870
903
893
923
942
943
987
995
995
1007
995
997
996
1012
977
1034
1048
994
980
976
978
970
978
976
999
1013
985
1003
1034
1032
959
1041
983
954
1017
988
968
869
908
891
899
858
854
849
800
813
837
833
821
794
796
812
786
771
828
772
730
736
717
735
714
711
670
664
668
633
640
619
622
585
580
585
583
546
531
537
512
544
522
523
535
537
526
489
464
459
448
423
415
471
398
378
357
320
299
307
316
243
243
233
251
267
214
221
186
181
127
130
100
54
17
19
-2
-63
-26
-40
-66
-22
-45
-74
-47
-35
-7
-12
-58
-70
-67
-113
-66
-59
-83
-73
-101
-110
-170
-141
-194
-226
-191
-227
-241
-242
-259
-288
-272
-295
-360
-375
-360
-424
-471
-482
-504
-491
-489
-482
-473
-524
-544
-515
-541
-571
-541
-595
-607
-683
-681
-668
-706
-758
-771
-793
-843
-847
-885
-866
-881
-862
-871
-865
-873
-905
-886
-879
-901
-929
-964
-1000
-1030
-1000
-1009
-1034
-1044
-1055
-1021
-1048
-1030
-1045
-1052
-1064
-1061
-1041
-1021
-1034
-1087
-1098
-1087
-1101
-1093
-1087
-1107
-1081
-1130
-1123
-1133
-1127
-1097
-1062
-1018
-1023
-965
-927
-914
-915
-876
-910
-909
-892
-901
-880
-891
-890
-851
-827
-856
-827
-831
-861
-871
-846
-805
-770
-774
-731
-719
-734
-704
-700
-669
-614
-630
-642
-608
-609
-649
-593
-528
-543
-533
-467
-489
-441
-436
-426
-357
-346
-334
-334
-255
-244
-178
-145
-107
-34
-61
2
25
6
10
65
98
98
72
134
132
166
148
177
202
218
212
187
256
247
282
255
254
292
226
236
263
250
274
235
245
296
253
257
292
303
342
357
347
385
416
439
421
415
434
444
487
542
526
494
519
514
542
590
549
593
635
702
767
779
734
777
818
759
761
797
781
763
761
764
759
791
802
771
798
819
867
891
873
907
949
929
880
929
911
847
866
807
777
780
737
704
687
663
650
665
653
675
625
624
649
624
615
632
627
590
554
496
497
482
448
381
311
304
302
297
311
292
304
274
297
251
224
206
183
178
104
87
51
-24
-90
-133
-203
-258
-330
-388
-388
-429
-425
-452
-433
-439
-436
-439
-439
-455
-485
-479
-484
-501
-467
-462
-441
-448
-464
-441
-456
-455
-479
-470
-478
-450
-439
-463
-424
-439
-454
-449
-425
-483
-441
-423
-415
-429
-459
-400
-423
-429
-404
-388
-424
-420
-400
-394
-375
-392
-363
-353
-336
-297
-213
-165
-123
-100
-88
-20
13
65
116
147
199
279
355
399
477
532
574
625
657
704
785
887
904
969
1053
1110
1237
1310
1380
1442
1587
1686
1768
1892
1976
2076
2189
2250
2297
2429
2462
2491
2472
2536
2571
2539
2599
2659
2704
2717
2682
2712
2732
2762
2791
2808
2829
2883
2843
2858
2909
2895
2885
2864
2807
2735
2720
2688
2683
2627
2584
2571
2612
2540
2500
2496
2450
2449
2434
2428
2393
2339
2281
2225
2130
2079
1998
1891
1839
1754
1668
1569
1519
1443
1392
1357
1284
1214
1179
1113
1046
948
924
840
764
696
655
648
591
592
524
464
407
314
254
220
174
168
167
126
55
38
-19
-33
-74
-88
-79
-136
-125
-155
-216
-309
-310
-386
-456
-446
-500
-491
-515
-623
-721
-736
-774
-845
-851
-874
-863
-852
-934
-948
-937
-992
-1000
-989
-1018
-1072
-1113
-1123
-1127
-1111
-1129
-1187
-1207
-1160
-1203
-1192
-1220
-1258
-1245
-1231
-1199
-1201
-1201
-1224
-1234
-1249
-1230
-1252
-1210
-1227
-1289
-1248
-1252
-1289
-1274
-1266
-1246
-1243
-1247
-1241
-1285
-1263
-1321
-1332
-1351
-1351
-1295
-1335
-1336
-1327
-1292
-1327
-1291
-1263
-1261
-1229
-1243
-1207
-1184
-1088
-1062
-1021
-917
-916
-884
-827
-788
-781
-763
-698
-693
-659
-591
-508
-442
-409
-323
-286
-221
-167
-129
-137
-39
27
73
143
162
249
258
343
420
468
472
516
558
618
685
764
874
931
948
998
1053
1077
1131
1157
1219
1287
1266
1292
1297
1340
1367
1397
1445
1436
1439
1405
1431
1369
1349
1360
1337
1294
1303
1307
1326
1347
1301
1265
1223
1217
1147
1120
1083
1114
1087
1033
1020
1050
1027
971
968
909
845
820
798
754
780
779
745
680
618
613
642
593
544
516
457
425
336
306
247
194
140
82
66
18
33
-17
-55
-76
-96
-118
-195
-263
-319
-317
-355
-413
-418
-486
-513
-563
-606
-611
-702
-691
-696
-755
-804
-777
-789
-821
-798
-818
-831
-837
-829
-838
-854
-891
-928
-967
-979
-1009
-1030
-1070
-1070
-1075
-1047
-1049
-1097
-1132
-1132
-1134
-1147
-1120
-1132
-1109
-1112
-1132
-1121
-1123
-1122
-1132
-1100
-1059
-1080
-1047
-969
-927
-880
-930
-927
-888
-834
-750
-749
-681
-608
-582
-534
-465
-440
-379
-314
-216
-154
-68
13
121
190
236
343
415
531
594
707
799
916
925
995
1112
1129
1223
1250
1325
1377
1436
1500
1499
1535
1576
1574
1649
1627
1703
1738
1671
1756
1801
1809
1795
1813
1812
1821
1819
1791
1785
1767
1781
1796
1810
1744
1697
1672
1683
1631
1629
1643
1585
1583
1548
1510
1455
1454
1429
1400
1340
1269
1267
1286
1228
1186
1167
1154
1170
1143
1119
1161
1083
1045
1084
988
953
953
948
960
974
954
933
914
898
902
919
885
860
860
851
822
755
764
723
677
699
663
594
568
556
472
422
394
332
293
286
274
263
201
139
62
-6
-41
-102
-133
-158
-192
-198
-269
-292
-324
-405
-465
-475
-509
-592
-643
-712
-748
-797
-848
-863
-876
-894
-905
-921
-964
-1044
-1078
-1148
-1183
-1238
-1296
-1303
-1330
-1378
-1373
-1378
-1385
-1332
-1374
-1405
-1416
-1442
-1429
-1422
-1440
-1442
-1481
-1489
-1483
-1460
-1442
-1497
-1518
-1513
-1517
-1531
-1556
-1530
-1539
-1545
-1537
-1511
-1556
-1527
-1522
-1565
-1594
-1530
-1540
-1526
-1506
-1500
-1512
-1529
-1484
-1502
-1482
-1459
-1452
-1419
-1434
-1402
-1445
-1436
-1413
-1423
-1366
-1369
-1327
-1324
-1337
-1308
-1298
-1318
-1296
-1332
-1277
-1292
-1319
-1309
-1326
-1318
-1363
-1328
-1369
-1376
-1333
-1402
-1371
-1357
-1380
-1379
-1430
-1445
-1407
-1411
-1367
-1414
-1481
-1458
-1423
-1397
-1390
-1363
-1371
-1352
-1345
-1319
-1333
-1282
-1286
-1282
-1209
-1142
-1121
-1102
-1088
-1064
-1039
-989
-952
-998
-981
-943
-961
-894
-873
-874
-822
-816
-769
-792
-772
-747
-760
-759
-723
-658
-636
-655
-625
-599
-580
-523
-457
-483
-411
-384
-364
-373
-360
-377
-395
-303
-326
-273
-248
-174
-190
-188
-113
-95
-56
-19
-7
-15
66
84
56
60
35
70
107
82
71
76
70
51
82
65
27
61
42
80
110
99
111
106
122
118
96
188
172
165
168
176
175
146
205
167
176
210
251
226
207
186
178
211
178
191
207
165
159
169
168
120
108
111
54
83
52
46
-10
-34
-39
-86
-130
-157
-133
-157
-177
-228
-229
-257
-254
-272
-270
-226
-266
-299
-274
-223
-204
-233
-235
-212
-211
-203
-205
-221
-267
-328
-284
-331
-356
-342
-412
-360
-338
-369
-389
-440
-413
-430
-495
-528
-531
-570
-602
-580
-616
-620
-663
-684
-705
-726
-755
-717
-715
-712
-713
-730
-660
-668
-722
-761
-736
-762
-794
-784
-791
-827
-861
-870
-866
-817
-839
-859
-826
-762
-771
-787
-784
-807
-778
-794
-793
-843
-880
-895
-919
-892
-923
-906
-932
-945
-920
-910
-921
-938
-878
-907
-860
-858
-844
-850
-890
-912
-943
-950
-961
-961
-959
-990
-1026
-999
-979
-962
-946
-990
-956
-956
-973
-893
-905
-908
-910
-923
-927
-930
-959
-986
-1003
-1013
-1054
-1016
-1032
-1002
-945
-950
-900
-886
-861
-825
-782
-785
-821
-802
-772
-770
-770
-830
-832
-813
-786
-804
-814
-779
-801
-849
-880
-819
-779
-828
-840
-859
-845
-840
-818
-831
-842
-825
-823
-807
-747
-769
-787
-733
-746
-758
-758
-707
-740
-688
-643
-653
-609
-566
-608
-637
-613
-626
-567
-570
-592
-622
-677
-652
-638
-688
-678
-670
-646
-635
-679
-625
-665
-691
-667
-680
-691
-752
-739
-743
-770
-754
-772
-725
-735
-728
-702
-734
-694
-683
-686
-682
-641
-643
-677
-668
-671
-651
-643
-641
-597
-562
-577
-586
-525
-510
-511
-546
-580
-578
-600
-602
-625
-620
-632
-615
-620
-621
-625
-600
-611
-602
-590
-624
-640
-680
-616
-610
-618
-643
-624
-630
-597
-586
-617
-620
-645
-632
-691
-619
-633
-657
-644
-649
-635
-582
-603
-665
-624
-625
-607
-667
-643
-640
-644
-633
-684
-646
-635
-692
-710
-739
-728
-711
-740
-757
-713
-708
-754
-769
-753
-751
-778
-811
-829
-814
-888
-874
-864
-868
-892
-896
-897
-951
-939
-951
-975
-942
-940
-952
-938
-1001
-1017
-1019
-1040
-1074
-1095
-1064
-1067
-1040
-1088
-1107
-1063
-1052
-1072
-1103
-1064
-1059
-1081
-1062
-1067
-1072
-1120
-1164
-1160
-1141
-1140
-1148
-1150
-1188
-1191
-1208
-1156
-1152
-1213
-1180
-1176
-1242
-1212
-1213
-1229
-1233
-1244
-1214
-1253
-1269
-1257
-1258
-1223
-1223
-1218
-1221
-1257
-1268
-1249
-1264
-1244
-1282
-1293
-1273
-1303
-1334
-1345
-1337
-1385
-1401
-1424
-1446
-1400
-1394
-1380
-1370
-1304
-1325
-1281
-1324
-1345
-1331
-1354
-1357
-1440
-1468
-1443
-1429
-1358
-1372
-1402
-1390
-1430
-1356
-1347
-1323
-1274
-1274
-1299
-1277
-1317
-1335
-1301
-1256
-1238
-1287
-1276
-1279
-1271
-1259
-1277
-1277
-1294
-1253
-1202
-1224
-1195
-1197
-1187
-1206
-1181
-1185
-1174
-1125
-1168
-1163
-1144
-1116
-1082
-1059
-1100
-1073
-1034
-1038
-1029
-1061
-1065
-1053
-1043
-1053
-1035
-1051
-1035
-1070
-1092
-1085
-1140
-1096
-1105
-1103
-1063
-1044
-994
-996
-1031
-979
-957
-940
-974
-959
-935
-927
-903
-869
-899
-850
-842
-873
-859
-782
-716
-737
-695
-669
-614
-595
-593
-587
-527
-487
-466
-438
-423
-404
-354
-332
-284
-307
-280
-246
-263
-238
-224
-220
-195
-150
-136
-118
-120
-135
-72
-46
-56
-13
24
56
71
110
121
150
194
195
234
257
317
403
460
487
562
576
618
632
602
662
651
634
663
692
634
611
653
681
697
690
699
678
660
712
735
723
764
672
652
676
693
699
665
669
680
661
650
637
660
670
663
708
702
737
754
775
823
821
775
800
775
771
717
738
765
800
809
804
803
822
797
795
767
725
739
759
760
704
721
732
750
737
704
716
730
711
727
691
730
680
641
671
628
610
640
623
593
585
579
569
562
602
640
636
636
594
530
546
537
482
440
443
447
446
451
360
348
320
322
329
315
380
405
362
321
349
359
332
256
262
233
223
238
157
143
110
69
18
-11
-1
-23
3
-37
-42
-20
-41
-56
-103
-131
-160
-174
-162
-161
-187
-237
-254
-266
-271
-262
-330
-343
-328
-351
-317
-330
-340
-363
-395
-389
-433
-422
-440
-440
-490
-519
-556
-562
-548
-567
-588
-598
-586
-623
-634
-715
-719
-736
-751
-792
-817
-773
-837
-896
-877
-953
-991
-1023
-1015
-964
-1009
-1007
-1026
-1054
-1067
-1055
-1106
-1120
-1162
-1216
-1225
-1247
-1268
-1264
-1272
-1284
-1286
-1274
-1267
-1273
-1299
-1320
-1296
-1314
-1360
-1345
-1351
-1384
-1379
-1366
-1336
-1364
-1373
-1354
-1386
-1393
-1455
-1416
-1395
-1419
-1426
-1435
-1410
-1418
-1409
-1412
-1413
-1411
-1380
-1357
-1390
-1359
-1345
-1363
-1361
-1330
-1320
-1334
-1381
-1363
-1350
-1356
-1387
-1420
-1394
-1380
-1397
-1386
-1367
-1376
-1368
-1314
-1281
-1299
-1278
-1247
-1218
-1247
-1193
-1226
-1254
-1215
-1208
-1235
-1220
-1183
-1184
-1126
-1106
-1094
-1082
-1082
-1065
-1038
-1047
-1084
-1054
-1058
-1079
-1102
-1111
-1156
-1136
-1103
-1115
-1082
-1125
-1119
-1141
-1098
-1060
-1047
-1074
-1068
-1063
-1070
-1081
-1081
-1060
-1092
-1068
-1074
-1047
-1029
-1014
-992
-967
-941
-923
-891
-877
-900
-915
-891
-899
-918
-874
-860
-828
-776
-773
-777
-756
-711
-706
-680
-626
-577
-554
-532
-462
-471
-484
-443
-402
-431
-393
-375
-391
-408
-390
-395
-422
-361
-340
-303
-297
-291
-216
-164
-178
-173
-139
-155
-109
-110
-155
-113
-95
-108
-116
-64
-32
6
32
29
44
58
71
120
141
165
137
147
218
164
233
239
239
253
241
229
190
235
255
287
289
298
293
280
254
240
253
220
169
116
207
204
200
259
209
188
219
220
189
158
136
153
201
199
140
176
171
155
170
183
151
130
123
166
141
90
85
111
122
89
148
89
88
77
17
17
28
44
20
-1
-9
-19
-51
-23
-4
-34
-30
15
34
56
35
58
48
0
-23
-57
-67
-102
-111
-112
-151
-172
-147
-173
-170
-126
-131
-145
-158
-119
-125
-143
-161
-178
-191
-199
-207
-241
-250
-231
-241
-227
-182
-156
-172
-170
-153
-152
-139
-167
-192
-198
-191
-202
-208
-208
-178
-195
-228
-275
-291
-279
-259
-255
-258
-281
-247
-289
-308
-280
-258
-247
-285
-358
-361
-360
-355
-372
-381
-382
-407
-376
-427
-378
-380
-416
-442
-401
-375
-369
-380
-385
-379
-401
-403
-404
-384
-357
-371
-407
-442
-457
-422
-428
-406
-364
-369
-386
-397
-367
-368
-404
-389
-373
-385
-371
-399
-410
-453
-489
-477
-478
-463
-486
-481
-496
-527
-558
-552
-532
-603
-594
-554
-585
-613
-647
-668
-652
-679
-688
-673
-663
-662
-668
-668
-655
-658
-619
-596
-627
-652
-625
-639
-650
-616
-621
-635
-638
-638
-601
-615
-594
-600
-596
-592
-612
-640
-642
-602
-664
-633
-670
-707
-684
-747
-736
-778
-759
-716
-717
-751
-747
-713
-756
-786
-755
-747
-768
-800
-797
-831
-821
-842
-828
-851
-847
-842
-840
-833
-877
-866
-838
-858
-833
-770
-770
-738
-744
-757
-769
-778
-761
-743
-763
-735
-765
-801
-733
-709
-758
-796
-775
-750
-715
-710
-680
-687
-661
-674
-681
-667
-673
-665
-686
-678
-719
-743
-746
-748
-735
-744
-740
-745
-752
-773
-791
-785
-772
-773
-797
-747
-749
-734
-711
-741
-725
-695
-683
-650
-663
-644
-653
-659
-598
-638
-619
-637
-599
-612
-648
-583
-621
-592
-544
-528
-516
-510
-519
-504
-490
-457
-466
-439
-419
-441
-419
-446
-462
-466
-450
-414
-408
-433
-381
-402
-385
-388
-415
-417
-443
-408
-414
-394
-335
-325
-272
-257
-271
-263
-226
-166
-145
-112
-108
-60
-52
-19
-27
-29
31
-31
-5
5
39
34
73
97
99
172
203
272
245
229
252
249
261
243
230
262
234
268
263
195
218
242
269
258
275
332
313
327
358
346
367
345
335
380
335
360
385
394
405
405
423
452
437
446
456
428
486
503
495
570
541
605
568
552
595
571
590
539
587
606
580
580
590
559
547
498
430
435
386
403
426
435
461
466
469
471
458
482
499
456
457
472
512
474
443
482
487
460
408
406
396
439
432
439
480
481
470
475
480
504
465
451
488
454
435
367
414
394
429
398
372
407
375
394
394
386
408
378
355
339
312
289
248
273
304
326
309
292
286
264
258
251
251
249
206
213
190
192
186
185
195
210
226
146
103
37
119
155
145
132
143
170
151
163
115
130
136
100
87
99
98
131
156
160
136
180
175
143
104
67
78
64
64
94
98
110
146
166
162
166
178
104
88
71
88
9
-8
27
50
38
18
38
39
21
26
28
75
83
42
52
41
24
8
-31
-18
-49
-68
-78
-70
-55
-44
-81
-111
-86
-84
-139
-151
-155
-136
-127
-147
-116
-118
-85
-98
-107
-95
-118
-107
-79
-104
-110
-126
-134
-129
-143
-112
-94
-90
-82
-119
-137
-111
-81
-134
-142
-100
-91
-93
-100
-86
-71
-44
-55
-88
-139
-120
-109
-148
-155
-126
-138
-103
-40
-76
-50
-45
-72
-111
-111
-96
-142
-82
-94
-129
-157
-176
-193
-188
-195
-200
-199
-224
-248
-245
-249
-296
-284
-298
-258
-279
-265
-320
-312
-286
-269
-251
-300
-307
-359
-319
-312
-260
-257
-299
-319
-328
-336
-311
-280
-342
-320
-338
-336
-372
-369
-305
-331
-264
-240
-218
-204
-178
-179
-188
-203
-190
-159
-163
-125
-128
-162
-169
-172
-167
-182
-183
-186
-169
-176
-179
-165
-135
-137
-178
-197
-244
-179
-194
-266
-269
-242
-249
-262
-257
-210
-161
-162
-185
-139
-154
-184
-142
-204
-228
-192
-185
-224
-249
-277
-258
-233
-250
-253
-232
-266
-269
-237
-262
-244
-297
-346
-275
-242
-269
-274
-282
-278
-305
-329
-378
-396
-392
-403
-371
-368
-309
-273
-267
-268
-245
-240
-244
-234
-168
-173
-206
-159
-202
-206
-169
-200
-198
-176
-205
-165
-187
-181
-206
-198
-164
-144
-125
-112
-112
-182
-139
-141
-151
-159
-139
-106
-39
-77
-85
-53
-54
-51
-79
-82
-83
-65
-54
-36
-34
-43
-31
6
12
-9
-23
-2
-36
-25
-52
-64
-31
-2
-40
-59
-37
-71
-28
-38
-72
-41
-30
-62
-42
-75
-35
-26
-10
21
-23
-31
-16
16
12
31
12
56
89
35
49
91
68
87
128
145
153
177
168
171
172
168
205
159
214
196
227
227
229
329
329
362
425
489
463
442
479
477
444
489
490
468
502
502
492
498
531
523
495
527
488
517
507
518
517
518
531
454
488
541
560
558
569
601
595
568
563
588
592
537
527
502
523
523
517
470
490
505
501
489
497
561
555
556
549
575
549
508
487
526
527
546
556
589
614
607
589
587
617
601
586
572
627
605
638
606
624
655
623
680
697
680
694
679
660
651
665
686
675
664
634
633
582
594
568
519
515
533
492
538
590
531
512
488
517
509
478
491
508
472
474
459
462
493
466
473
439
462
444
407
479
475
491
490
497
483
517
533
508
491
480
477
460
433
430
480
453
421
416
388
390
315
297
307
267
284
274
233
300
313
216
252
263
231
259
273
271
285
315
300
315
315
286
301
272
299
315
319
353
330
377
344
367
345
336
399
399
369
341
397
339
348
361
366
344
308
299
275
324
305
317
321
326
339
352
370
326
359
304
286
308
335
306
327
332
341
350
384
373
353
375
396
431
338
359
340
359
407
456
558
459
475
599
588
586
511
521
579
574
498
561
661
634
516
450
490
504
509
452
408
401
434
426
425
486
517
518
463
490
516
501
477
432
453
478
516
487
499
575
705
668
452
435
792
1090
845
483
610
977
1017
730
640
831
883
752
753
807
791
569
440
628
708
563
387
397
542
536
499
474
471
448
463
497
582
583
493
486
508
624
593
488
445
478
565
521
519
511
549
567
606
626
613
590
539
536
538
554
512
437
409
464
439
454
455
452
452
470
485
482
478
418
432
458
496
510
468
470
505
558
578
567
581
573
538
534
567
525
482
482
446
484
491
474
497
437
413
403
368
356
339
376
382
322
274
228
238
246
217
183
163
167
147
150
148
180
134
127
160
209
190
156
175
131
146
128
142
125
101
97
86
97
61
-24
-51
-46
-85
-91
-82
-82
-145
-185
-163
-122
-167
-289
-266
-227
-224
-274
-299
-248
-290
-293
-247
-93
0
-60
8
78
174
300
444
540
573
624
676
795
807
868
932
957
1017
1009
982
927
876
871
829
829
795
658
565
489
502
482
453
375
232
188
201
133
70
16
-50
-82
-139
-161
-234
-271
-312
-360
-334
-365
-517
-580
-549
-626
-655
-700
-799
-959
-1098
-1148
-1139
-1227
-1448
-1598
-1668
-1793
-1892
-2017
-2140
-1972
-1282
-400
-602
-1752
-2282
-969
965
1442
438
-320
348
1301
1586
1443
1598
1843
1746
1527
1587
1709
1380
794
647
1063
1191
508
-531
-1062
-788
-314
-312
-854
-1475
-1815
-1723
-1493
-1351
-1239
-1192
-1209
-1253
-1143
-717
-210
37
105
394
818
1171
1300
1316
1446
1731
2174
2326
1883
1372
1296
1590
1712
1447
1007
534
175
95
143
-64
-453
-832
-886
-913
-1061
-1330
-1482
-1430
-1334
-1328
-1412
-1501
-1635
-1632
-1493
-1294
-1312
-1403
-1501
-1456
-1362
-1381
-1406
-1571
-1814
-2036
-2108
-2219
-1836
-626
298
-689
-2936
-3222
-497
2273
1854
-474
-1394
69
1579
1523
1051
1295
1846
1686
1321
1385
1537
1004
266
436
1295
1452
179
-1269
-1639
-661
313
115
-1004
-1980
-1982
-1538
-1236
-1143
-1030
-1009
-1223
-1299
-945
-374
-259
-345
88
944
1313
683
214
764
1956
2699
2463
1728
1485
1918
2254
2070
1702
1614
1611
1227
847
627
344
-80
-101
220
156
-502
-1126
-1048
-661
-472
-606
-829
-965
-1015
-959
-662
-433
-515
-683
-652
-510
-481
-633
-846
-889
-836
-738
-762
-1166
-1555
-1778
-1722
-1740
-1971
-2291
-2664
-3060
-3155
-2327
-743
-418
-2344
-4181
-3050
350
2225
908
-1012
-719
1097
2248
2154
2043
2499
2762
2668
2715
2996
2833
1964
1496
2055
2797
2472
859
-504
-496
496
1058
352
-977
-1809
-1805
-1418
-1087
-1008
-1069
-1441
-1668
-1475
-848
-257
-139
-93
394
1200
1479
1157
1107
1799
2688
3173
3154
2643
1993
1835
2396
2988
2799
1994
1200
869
932
909
613
126
-177
-246
-317
-538
-925
-1138
-1010
-648
-464
-672
-1065
-1149
-824
-322
-6
20
-115
-248
-227
-63
182
221
101
-52
-171
-209
-438
-885
-1161
-1021
-928
-1314
-2021
-2572
-2736
-2851
-2727
-1611
221
275
-2654
-5134
-2979
2214
4289
1467
-1649
-927
2189
3666
2986
2360
3052
3693
3528
3387
3593
3202
2204
2037
3105
3784
2439
92
-1076
-257
1238
1423
-8
-1829
-2589
-2073
-1126
-570
-880
-1876
-2657
-1992
-525
160
-471
-1128
-425
1146
2116
1777
1088
1307
2413
3424
3797
3483
2835
2339
2560
3362
3599
2921
1885
1449
1575
1694
1411
761
193
-75
-14
-61
-417
-936
-1099
-824
-427
-408
-805
-1012
-867
-419
68
285
207
25
-19
377
939
1126
899
681
648
693
596
355
201
99
-175
-641
-1154
-1571
-1875
-2155
-2478
-2918
-3528
-3578
-2207
-683
-1401
-3905
-4795
-2290
1155
1918
280
-963
-66
1768
2758
2937
3078
3311
3349
3587
4105
4233
3453
2653
2807
3630
3701
2516
963
224
563
1142
987
-65
-1293
-1943
-1950
-1644
-1391
-1557
-1912
-2118
-1830
-1129
-581
-546
-753
-87
1259
2029
1626
1186
1774
2895
3517
3564
3491
3348
3126
3045
3302
3310
2903
2358
1964
1785
1486
1016
644
411
256
-39
-365
-644
-880
-1019
-885
-619
-566
-745
-878
-651
-204
92
236
279
393
601
659
745
947
1113
1078
799
574
604
566
342
-35
-422
-648
-868
-1294
-1961
-2557
-2793
-2717
-2816
-3322
-3492
-2618
-1671
-2203
-3591
-3704
-1540
738
931
-232
-530
699
2024
2467
2520
3014
3547
3634
3481
3535
3529
3176
2952
3079
3203
2722
1653
841
713
923
781
123
-681
-1247
-1422
-1418
-1348
-1521
-1758
-1748
-1393
-967
-966
-952
-244
752
1053
847
1135
2054
2733
2702
2622
2929
3275
3342
3271
3174
2971
2607
2325
2294
2097
1503
842
614
547
170
-353
-685
-738
-890
-1048
-1057
-1034
-1075
-1037
-810
-441
-183
-95
81
334
665
819
920
1043
1237
1411
1363
1157
950
831
800
761
409
-238
-817
-1094
-1249
-1604
-2185
-2734
-3211
-3633
-4016
-4472
-4235
-3010
-1861
-2597
-4512
-4648
-2082
513
687
-342
-301
1078
2191
2428
2699
3379
4029
4123
4265
4540
4352
3652
3356
3787
4120
3433
1943
999
902
979
912
377
-536
-1296
-1718
-1832
-1825
-1671
-1571
-1684
-1853
-1445
-923
-787
-721
-259
746
1558
1778
1579
1499
2016
2869
3355
3341
3101
2911
2791
2851
2949
2623
2051
1617
1431
1274
842
321
-54
-249
-360
-482
-739
-1165
-1331
-1133
-801
-504
-481
-655
-770
-445
166
663
870
728
644
783
1122
1457
1410
1071
822
845
765
414
-11
-344
-537
-822
-1252
-1828
-2352
-2886
-3359
-3629
-3908
-4290
-3915
-2436
-1414
-2757
-5019
-4659
-1201
1650
1286
-411
-743
816
2394
3035
3314
3707
3970
3921
4210
4572
4334
3542
3227
3682
3891
3117
1711
767
663
1050
1092
366
-847
-1720
-1843
-1560
-1187
-1287
-1647
-1836
-1607
-1033
-600
-416
-221
181
921
1685
1942
1761
1681
2197
2999
3506
3278
2826
2583
2621
2852
2800
2382
1767
1234
1025
912
584
116
-424
-591
-544
-710
-1124
-1412
-1231
-913
-824
-866
-853
-739
-530
-215
190
526
569
457
513
842
1145
1156
938
773
661
440
179
-46
-254
-502
-794
-1201
-1759
-2261
-2670
-2949
-3295
-3640
-4121
-4155
-2774
-1184
-1769
-4418
-5389
-2539
1351
2041
-147
-1435
-74
2148
3006
3011
3099
3422
3492
3750
4334
4432
3458
2454
2918
3880
3684
2031
437
53
679
1199
811
-467
-1708
-2051
-1651
-1270
-1333
-1492
-1584
-1488
-1358
-1046
-586
36
475
681
943
1381
1621
1677
1905
2369
2733
2716
2513
2351
2269
2101
2047
2030
1759
1316
743
358
167
38
-205
-566
-810
-973
-1185
-1394
-1341
-1075
-920
-880
-811
-721
-568
-341
12
299
540
676
683
609
632
797
856
801
609
265
-149
-423
-498
-661
-1080
-1547
-2046
-2539
-2955
-3277
-3413
-3797
-4493
-4331
-2751
-1223
-2199
-4867
-5291
-2037
1501
1609
-543
-1483
50
1984
2682
2760
2886
3108
3104
3419
3918
3809
2816
2199
2757
3465
3016
1442
63
-123
483
980
446
-844
-1950
-2200
-1808
-1487
-1375
-1626
-1870
-1846
-1278
-589
-209
-129
-43
367
1183
1854
1847
1567
1600
2112
2682
2822
2517
2063
1740
1840
2093
1952
1381
698
262
183
214
0
-586
-1017
-1086
-911
-1011
-1248
-1405
-1360
-1034
-738
-528
-570
-565
-346
133
530
597
518
498
667
785
785
643
386
82
-85
-162
-394
-732
-1146
-1592
-2005
-2364
-2752
-3134
-3470
-3837
-4448
-4376
-2999
-1376
-1942
-4515
-5595
-3081
777
1866
71
-1493
-730
1348
2631
3019
2950
2894
2914
3399
4261
4159
2962
1977
2465
3450
3350
1893
193
-485
-27
715
603
-561
-1970
-2546
-2159
-1569
-1321
-1634
-1960
-1902
-1468
-901
-515
-364
-100
712
1585
1899
1622
1472
1972
2764
3294
3261
2870
2412
2086
2135
2347
2196
1698
1149
707
468
205
-162
-419
-618
-666
-805
-1138
-1388
-1391
-1169
-948
-824
-816
-912
-911
-565
-122
109
110
67
157
396
623
508
306
189
201
103
-191
-456
-684
-940
-1289
-1711
-2167
-2579
-2884
-3238
-3529
-3983
-4313
-3543
-1864
-1238
-3054
-4969
-3923
-381
2021
1274
-550
-749
957
2502
2988
3041
3048
3088
3275
3826
4135
3483
2398
2242
2978
3318
2503
877
-211
-162
461
666
-155
-1368
-2136
-2059
-1753
-1579
-1651
-1797
-1689
-1530
-1303
-951
-303
376
912
1213
1309
1502
1852
2352
2767
2984
2945
2794
2603
2506
2325
2108
1970
1815
1524
1036
572
150
-115
-329
-584
-741
-951
-1232
-1491
-1590
-1295
-1027
-1028
-1090
-1105
-886
-624
-340
37
320
349
304
421
743
1033
948
721
572
424
152
-82
-296
-454
-583
-970
-1644
-2263
-2530
-2598
-2833
-3303
-3888
-4182
-3350
-1653
-1110
-2922
-4820
-3832
-268
2061
1246
-480
-647
1023
2586
3213
3343
3271
3121
3272
4015
4450
3758
2525
2252
3028
3485
2630
919
-236
-264
291
504
-201
-1405
-2302
-2406
-1919
-1515
-1666
-1982
-2010
-1690
-1312
-1023
-709
-270
320
980
1545
1705
1573
1719
2326
2973
3287
3092
2686
2355
2321
2273
2173
2011
1619
1052
582
303
137
-130
-432
-614
-711
-889
-1230
-1382
-1274
-973
-796
-790
-831
-707
-358
-80
134
312
554
689
701
749
850
930
907
902
764
534
224
-65
-219
-292
-630
-1183
-1751
-2023
-2179
-2633
-3229
-3629
-3958
-4144
-3392
-1832
-1235
-3041
-4988
-3833
-90
2136
988
-830
-448
1640
3008
3023
2865
3178
3650
3935
4187
4122
3337
2442
2519
3373
3529
2337
470
-445
-263
417
488
-490
-1766
-2627
-2500
-2027
-1715
-1873
-2263
-2331
-1874
-1242
-844
-639
-452
29
990
1926
2011
1486
1346
2133
3187
3556
3082
2380
2079
2253
2578
2567
2091
1491
937
691
691
500
-45
-553
-584
-427
-546
-1019
-1325
-1256
-868
-575
-465
-446
-484
-333
-41
443
784
810
682
688
974
1246
1361
1178
887
701
526
363
212
9
-475
-1008
-1406
-1556
-1817
-2357
-2780
-3091
-3295
-3644
-4070
-4437
-3941
-2399
-1246
-2209
-4132
-3949
-1210
1338
1456
372
202
1308
2499
3001
3245
3568
3735
3614
3798
4130
3755
2761
2350
2777
2962
2227
954
84
-82
91
120
-397
-1275
-1964
-2156
-2122
-1932
-1832
-1858
-1819
-1574
-1264
-1046
-743
-234
371
956
1436
1741
1684
1714
2207
2887
3167
3060
2892
2623
2540
2620
2529
2138
1669
1321
1084
885
545
157
-137
-189
-167
-303
-585
-810
-830
-570
-128
127
13
-306
-244
272
809
1115
1076
915
865
998
1231
1288
1150
852
657
669
576
245
-335
-735
-754
-888
-1395
-1811
-2149
-2571
-3034
-3246
-3280
-3549
-4169
-4676
-4002
-2046
-721
-1980
-4288
-4095
-790
2205
2097
413
1
1460
3063
3580
3581
3581
3620
3692
4221
4761
4303
2909
2070
2733
3615
3221
1609
143
-194
335
745
358
-829
-1833
-2132
-1761
-1284
-1193
-1489
-1849
-1729
-935
-205
-217
-466
-99
1042
2017
2184
1634
1291
1830
2809
3418
3329
2817
2238
2149
2478
2739
2426
1814
1375
1279
1206
908
470
60
37
175
140
-181
-629
-737
-399
50
236
-7
-214
-29
520
899
970
932
944
1010
1159
1328
1261
1057
756
682
839
865
443
-255
-660
-653
-485
-800
-1512
-2031
-2264
-2335
-2518
-2798
-3170
-3509
-3872
-3736
-2526
-951
-806
-2630
-3898
-2253
1050
2572
1572
444
881
2292
3190
3351
3428
3677
3751
3920
4327
4376
3534
2492
2546
3342
3571
2417
883
47
171
611
542
-140
-1135
-1835
-2011
-1726
-1326
-1243
-1567
-1901
-1688
-986
-444
-312
-330
139
984
1631
1719
1477
1401
1954
2766
3280
3242
2694
2234
2242
2639
2849
2457
1887
1517
1436
1344
978
473
236
297
268
57
-245
-418
-447
-321
-91
111
141
-37
-78
126
473
633
674
648
690
667
552
468
417
518
559
444
34
-344
-563
-624
-552
-696
-1197
-1791
-2202
-2290
-2228
-2346
-2779
-3311
-3541
-3640
-3800
-3277
-1836
-903
-1953
-3674
-3266
-491
1628
1373
233
186
1496
2414
2563
2551
2941
3356
3431
3573
3783
3335
2308
1935
2508
2975
2330
973
-108
-218
228
310
-251
-1086
-1721
-1924
-1876
-1715
-1742
-1857
-1853
-1700
-1492
-1436
-1216
-852
-325
303
759
780
538
770
1522
2227
2493
2421
2200
1994
1976
2173
2346
2228
1888
1526
1299
1102
855
530
309
285
211
-38
-304
-414
-403
-354
-282
-229
-320
-501
-510
-399
-143
131
150
104
-34
46
180
122
139
231
332
217
-19
-314
-544
-637
-543
-550
-895
-1392
-1836
-2016
-2171
-2288
-2545
-2881
-3163
-3464
-3789
-4098
-3860
-2621
-1233
-1484
-3253
-4122
-2383
375
1434
667
-9
442
1250
1843
2383
2885
3143
3073
3223
3560
3345
2417
1814
2309
3031
2731
1431
142
-284
-35
238
50
-653
-1625
-2305
-2439
-2141
-1750
-1651
-1792
-2090
-2146
-1840
-1318
-833
-514
-158
379
773
778
778
1246
1968
2524
2733
2551
2144
1872
2056
2308
2320
2021
1575
1174
925
622
277
44
-56
-141
-462
-829
-1153
-1201
-1144
-1012
-868
-739
-865
-1145
-1111
-767
-275
-1
53
-23
-34
-66
25
299
585
633
349
98
-151
-251
-268
-313
-480
-814
-1215
-1623
-1991
-2212
-2332
-2534
-2886
-3320
-3693
-4139
-4533
-4296
-2917
-1402
-1594
-3676
-4883
-3057
116
1481
502
-508
-99
1048
1932
2487
2811
2902
2916
3229
3586
3357
2523
1923
2332
2998
2826
1539
130
-503
-297
147
85
-789
-2047
-2877
-2901
-2374
-2006
-2049
-2274
-2471
-2474
-2135
-1627
-1083
-670
-216
381
885
957
774
1062
1879
2632
2886
2731
2295
1890
1899
2245
2553
2354
1561
885
700
749
558
113
-204
-379
-593
-928
-1186
-1191
-1109
-1034
-993
-945
-1001
-1134
-1098
-707
-155
68
40
-9
64
161
256
461
727
735
408
115
1
28
-90
-346
-535
-837
-1261
-1711
-2022
-2060
-2225
-2591
-3091
-3410
-3554
-3742
-4126
-4592
-4030
-2468
-1341
-2373
-4382
-4330
-1641
1010
1145
-215
-725
312
1623
2301
2514
2679
2756
2873
3356
3632
3144
2161
1802
2416
2906
2347
857
-314
-557
-102
202
-334
-1418
-2418
-2757
-2514
-2087
-2005
-2284
-2423
-2306
-1982
-1682
-1402
-1020
-512
185
724
883
775
921
1497
2105
2491
2470
2192
2002
2051
2217
2192
1962
1626
1244
987
802
547
170
-184
-277
-260
-460
-818
-1141
-1096
-798
-561
-603
-849
-917
-686
-276
76
179
243
273
365
517
683
795
893
873
755
656
466
329
151
93
6
-312
-801
-1293
-1511
-1686
-1812
-2041
-2512
-2977
-3280
-3437
-3572
-3816
-4213
-3976
-2839
-1647
-2004
-3548
-3872
-1976
485
1188
334
-275
309
1512
2343
2739
2864
2709
2566
2925
3524
3464
2536
1772
1956
2503
2341
1264
77
-442
-251
58
-181
-969
-1874
-2373
-2327
-1902
-1555
-1629
-2001
-2058
-1569
-981
-754
-742
-429
274
986
1285
1238
1238
1554
2071
2495
2642
2519
2330
2241
2317
2333
2050
1693
1450
1339
1163
751
312
47
4
58
-106
-489
-866
-907
-755
-462
-229
-233
-247
-258
-62
249
501
638
686
789
853
963
949
882
922
876
735
582
413
240
52
-267
-596
-822
-1106
-1378
-1575
-1861
-2142
-2538
-2796
-2917
-3037
-3315
-3688
-3889
-4097
-4191
-3521
-2135
-1396
-2367
-3769
-3278
-806
1183
1168
198
32
927
1891
2380
2595
2674
2723
2866
3256
3382
2635
1752
1709
2301
2476
1727
490
-432
-539
-96
176
-272
-1244
-2061
-2239
-1891
-1570
-1533
-1729
-1798
-1540
-1174
-801
-575
-594
-354
514
1519
1733
1134
768
1369
2398
3067
2918
2266
1871
1966
2280
2431
2203
1695
1256
1062
999
878
482
106
25
128
120
-205
-628
-788
-542
-107
88
-91
-405
-462
-185
292
638
631
506
462
563
671
771
808
674
539
487
456
223
-172
-451
-495
-514
-724
-1181
-1603
-1875
-2115
-2210
-2249
-2410
-2779
-3220
-3456
-3408
-3261
-3302
-3579
-3915
-3873
-3001
-1675
-1212
-2148
-2964
-2035
77
1396
1201
619
818
1607
2283
2715
2911
2816
2606
2721
3292
3427
2615
1619
1499
2003
2161
1538
521
-195
-391
-184
-133
-475
-1086
-1650
-1850
-1684
-1539
-1593
-1710
-1663
-1346
-1045
-933
-767
-476
-157
165
648
1131
1288
1161
1279
1761
2220
2402
2227
2057
2029
1996
1908
1838
1726
1495
1181
1038
911
680
401
238
220
180
38
-131
-236
-323
-222
-197
-107
-52
-49
21
106
234
292
367
556
794
726
512
414
350
296
249
131
88
-114
-383
-597
-799
-964
-1209
-1386
-1555
-1679
-1911
-2254
-2466
-2516
-2547
-2693
-2874
-2992
-2980
-2984
-3058
-3112
-3141
-2735
-1612
-613
-807
-1920
-2109
-504
1442
1973
1321
930
1451
2294
2768
2905
2824
2679
2598
2881
3115
2682
1816
1369
1647
1875
1534
635
-240
-612
-518
-335
-488
-972
-1537
-1885
-1848
-1529
-1333
-1419
-1525
-1391
-902
-567
-451
-210
201
627
1028
1435
1676
1740
1753
2072
2576
2794
2614
2391
2296
2377
2419
2371
2212
1861
1415
1178
1210
1121
787
365
127
133
-1
-168
-222
-323
-326
-320
-239
-184
-200
-261
-248
18
348
446
236
49
158
322
511
523
454
276
101
-45
-95
-148
-256
-505
-795
-986
-1171
-1331
-1597
-1786
-1900
-1988
-2149
-2335
-2470
-2455
-2400
-2296
-2292
-2319
-2362
-2350
-2284
-1998
-1216
-377
-46
-694
-1263
-480
1205
2280
1985
1398
1468
2013
2431
2534
2541
2451
2333
2338
2459
2310
1698
1090
988
1298
1279
625
-179
-586
-579
-419
-393
-651
-1069
-1415
-1391
-1070
-784
-772
-874
-741
-299
47
162
244
570
1154
1527
1629
1717
1871
2063
2258
2564
2786
2703
2329
2082
2100
2161
2048
1800
1584
1252
868
568
489
433
215
-54
-221
-285
-467
-630
-596
-474
-381
-409
-467
-425
-366
-270
-156
9
192
308
251
122
135
262
421
432
251
-15
-267
-342
-338
-357
-490
-742
-884
-1096
-1285
-1462
-1503
-1395
-1384
-1465
-1635
-1731
-1631
-1402
-1177
-1016
-1063
-1201
-1262
-1225
-1169
-1009
-655
0
602
386
-486
-740
307
1664
2014
1447
965
1069
1391
1591
1767
1798
1634
1397
1424
1534
1270
634
321
659
983
632
-13
-587
-668
-455
-139
53
-234
-717
-1056
-834
-368
-94
-171
-277
-147
166
404
549
610
750
1123
1609
1835
1545
1131
1257
1913
2333
2120
1547
1156
1197
1397
1444
1190
825
502
359
351
315
19
-293
-411
-202
-131
-405
-740
-810
-567
-282
-97
-265
-436
-573
-440
-90
193
174
-72
-87
57
188
183
168
209
134
30
-47
-153
-321
-409
-288
-298
-464
-703
-846
-772
-682
-700
-859
-938
-986
-1055
-1074
-1004
-919
-1019
-1119
-1156
-1071
-1107
-1243
-1326
-1355
-1352
-1058
-535
-287
-685
-1272
-1071
-66
710
737
311
168
427
773
1024
1101
1069
989
1001
1197
1301
944
635
705
923
1014
762
383
168
240
470
614
568
357
124
9
168
345
421
370
220
370
503
490
429
373
502
780
858
740
612
545
665
821
800
695
623
615
570
396
273
261
278
204
125
4
-117
-210
-194
-77
-121
-263
-347
-336
-259
-183
-100
-43
6
38
55
120
171
211
341
397
502
532
501
491
521
562
544
438
260
119
23
33
13
-82
-222
-320
-442
-509
-546
-535
-542
-633
-709
-739
-759
-939
-1017
-1005
-944
-861
-910
-1046
-1203
-1299
-1193
-1139
-1279
-1433
-1461
-1105
-566
-418
-945
-1349
-980
-110
335
165
-129
-49
259
569
756
907
989
994
1188
1527
1637
1322
1039
1101
1389
1546
1367
1031
758
637
821
866
639
377
39
-134
-123
-63
-220
-472
-640
-623
-629
-787
-934
-1016
-937
-852
-735
-703
-738
-826
-889
-595
-179
-128
-316
-394
-213
120
301
278
168
236
371
463
497
523
457
408
489
597
645
411
264
291
484
546
425
293
148
211
263
336
358
296
191
149
238
281
151
6
-34
16
29
-93
-219
-285
-292
-208
-172
-260
-400
-549
-587
-502
-427
-464
-593
-663
-735
-701
-674
-740
-817
-861
-804
-812
-846
-923
-1047
-1097
-980
-994
-1112
-1288
-1410
-1317
-905
-429
-467
-919
-1062
-460
282
514
401
484
707
897
1018
1189
1402
1517
1513
1603
1683
1552
1217
1135
1331
1373
1172
821
550
333
272
196
-33
-313
-655
-863
-970
-1043
-1194
-1337
-1362
-1331
-1296
-1322
-1405
-1362
-1139
-843
-542
-367
-310
-151
110
428
731
950
1120
1222
1451
1602
1635
1689
1891
2029
1993
1836
1694
1617
1523
1494
1451
1231
884
702
637
634
461
202
-22
-102
-131
-277
-324
-454
-435
-350
-186
-73
-132
-218
-222
-95
53
230
246
202
168
256
396
504
513
493
512
498
525
485
375
272
326
401
351
192
-29
-137
-121
-89
-143
-335
-490
-640
-655
-567
-531
-668
-816
-806
-737
-681
-735
-803
-910
-874
-554
-39
97
-287
-629
-238
571
886
670
454
565
800
836
960
990
861
797
869
981
749
405
194
331
486
292
-66
-365
-529
-491
-297
-263
-319
-591
-760
-605
-388
-255
-290
-295
-142
187
463
474
441
543
738
1117
1392
1519
1402
1319
1400
1665
1918
1810
1518
1307
1339
1435
1390
1161
867
714
613
545
355
39
-178
-216
-154
-234
-417
-606
-635
-494
-332
-246
-323
-422
-368
-142
187
408
351
393
596
855
1062
1101
1135
1208
1289
1433
1476
1380
1225
1102
1087
1106
1049
812
587
410
237
124
-13
-176
-344
-506
-615
-685
-754
-812
-864
-868
-856
-851
-909
-950
-865
-810
-679
-689
-716
-720
-721
-562
-519
-481
-562
-634
-483
-211
23
-118
-447
-518
-178
220
272
63
-5
172
294
345
426
506
412
367
547
690
597
359
248
408
611
583
424
284
278
360
400
420
373
247
242
329
378
322
249
216
244
269
241
196
129
83
109
281
343
243
97
48
162
287
331
194
81
65
150
255
263
221
174
208
270
294
286
227
266
389
473
401
324
416
582
704
763
691
678
719
844
888
879
774
664
682
706
757
669
462
330
277
299
247
170
60
-94
-111
-100
-139
-283
-419
-489
-464
-477
-522
-567
-624
-658
-616
-620
-635
-668
-697
-622
-576
-513
-489
-456
-414
-427
-387
-309
-243
-222
-215
-227
-217
-183
-110
-98
-153
-155
-227
-180
-8
96
-7
-163
-204
46
340
279
117
153
285
410
464
448
442
468
532
627
723
694
494
456
627
689
640
480
314
271
274
237
161
109
-38
-124
-126
-64
-9
-62
-61
36
188
334
366
449
572
708
725
760
855
896
944
932
1119
1186
1142
1116
1111
1154
1121
1128
1063
984
877
798
731
664
580
397
358
304
203
125
53
-39
-60
-41
-32
35
25
-9
25
123
275
325
319
346
346
438
474
527
562
518
538
629
652
601
579
495
450
397
347
313
258
194
109
16
-19
-39
-77
-107
-132
-168
-231
-212
-164
-130
-140
-103
-22
-10
-45
-59
-34
23
64
-1
-63
-22
89
83
-24
-79
-39
-46
-83
-15
44
-53
-205
-168
18
108
-82
-209
-143
-70
-54
-23
45
8
16
95
209
308
224
215
366
405
425
446
508
576
601
661
736
749
734
712
732
756
744
855
851
809
816
726
723
823
850
750
591
564
570
579
530
403
385
321
342
386
288
132
67
120
181
198
106
54
87
159
245
261
233
163
161
276
420
440
397
361
373
459
460
356
333
326
368
428
459
394
236
194
249
277
227
144
57
-27
-51
-54
-70
-152
-243
-270
-275
-279
-351
-419
-409
-434
-375
-346
-400
-465
-384
-338
-328
-326
-372
-396
-423
-456
-444
-378
-412
-451
-451
-405
-401
-477
-600
-616
-578
-492
-453
-486
-518
-577
-551
-411
-336
-276
-240
-298
-275
-239
-149
-91
-95
-152
-54
90
106
98
141
161
186
251
355
315
286
277
282
397
360
303
231
133
168
175
141
62
24
-11
-33
-39
-88
-157
-230
-222
-194
-180
-234
-278
-332
-329
-296
-295
-304
-307
-289
-325
-242
-175
-150
-122
-165
-152
-123
-141
-150
-138
-115
-124
-145
-132
-111
-184
-189
-191
-194
-196
-282
-305
-323
-302
-338
-337
-310
-349
-357
-367
-332
-380
-412
-423
-463
-420
-450
-424
-418
-378
-351
-384
-394
-427
-404
-389
-339
-289
-314
-294
-289
-277
-245
-285
-280
-227
-245
-225
-218
-239
-241
-231
-289
-270
-282
-323
-336
-384
-341
-384
-364
-356
-393
-399
-376
-317
-246
-211
-256
-181
-148
-113
-86
-20
-47
-64
-16
25
81
56
50
-20
6
11
-31
-32
54
56
-9
37
34
47
20
34
127
167
206
174
117
131
169
208
272
346
365
397
429
470
528
546
584
593
663
641
619
604
608
642
629
589
477
394
409
420
342
341
325
258
169
141
124
164
205
270
267
219
215
161
163
224
264
207
181
188
180
178
168
149
214
128
88
82
72
110
61
48
24
1
-7
-67
-111
-65
-68
-140
-210
-255
-272
-305
-288
-225
-167
-220
-273
-258
-128
-43
6
68
49
98
245
359
383
402
371
389
423
394
315
219
216
202
186
147
52
-51
-193
-234
-226
-259
-375
-545
-616
-599
-562
-581
-581
-613
-609
-531
-503
-435
-341
-330
-265
-198
-55
23
-38
18
188
291
284
328
307
332
400
382
426
426
397
337
338
414
368
312
295
313
238
184
153
113
32
-52
-71
-36
-31
-167
-198
-210
-156
-92
-68
-105
-94
-81
-118
-37
4
-1
-39
1
43
13
-16
6
-3
-18
-101
-174
-245
-294
-299
-358
-376
-430
-504
-531
-566
-546
-572
-599
-528
-505
-539
-551
-502
-501
-413
-399
-395
-332
-292
-218
-158
-50
19
26
33
102
147
217
226
255
181
126
71
50
56
77
10
-65
-125
-211
-286
-397
-407
-492
-503
-580
-646
-657
-641
-709
-801
-779
-713
-698
-704
-671
-675
-626
-604
-534
-439
-408
-372
-348
-258
-126
-102
-107
-107
-57
0
-66
29
112
104
112
93
73
14
31
38
21
-58
-59
-86
-103
-81
-87
-70
-49
-46
-16
9
23
63
80
63
77
47
32
68
81
99
77
3
-3
-5
-12
-1
-95
-178
-194
-250
-319
-361
-411
-453
-498
-472
-478
-508
-493
-474
-439
-414
-398
-314
-298
-239
-213
-130
-125
-156
-47
-2
27
94
113
119
159
159
204
123
78
77
48
50
75
68
18
-47
-82
-109
-158
-189
-223
-274
-435
-486
-529
-520
-510
-481
-445
-436
-398
-394
-361
-316
-194
-125
-163
-198
-134
-176
-155
-66
-127
-122
-133
-169
-165
-133
-168
-181
-188
-121
-98
-121
-133
-127
-81
-127
-134
-182
-204
-199
-164
-244
-293
-237
-239
-254
-222
-215
-159
-79
-50
43
13
40
36
14
-24
-52
-8
7
-27
-49
-85
-57
-27
12
-20
-62
-42
-45
-40
-28
-42
-103
-121
-83
-32
-69
-90
-102
-102
-63
-37
-1
40
5
-22
-3
96
112
122
113
177
183
136
182
169
158
111
74
31
33
-9
-65
-134
-143
-172
-246
-282
-327
-335
-337
-348
-337
-376
-407
-476
-463
-366
-389
-323
-336
-371
-328
-298
-213
-171
-188
-196
-253
-157
-26
-62
-100
-104
-84
-23
-19
-23
-54
-68
-47
-96
-86
-111
-165
-215
-270
-288
-297
-329
-327
-329
-395
-356
-339
-304
-301
-299
-339
-328
-260
-186
-244
-319
-282
-250
-240
-256
-241
-310
-255
-227
-188
-171
-245
-252
-234
-248
-254
-242
-213
-236
-249
-181
-144
-231
-176
-143
-118
-117
-181
-175
-147
-96
-56
-34
-48
-26
20
42
91
85
57
60
20
42
59
85
67
21
43
30
12
17
-1
-67
-106
-195
-214
-231
-332
-347
-382
-437
-476
-455
-491
-528
-543
-538
-509
-428
-399
-380
-385
-379
-343
-327
-298
-330
-348
-300
-301
-267
-232
-215
-213
-188
-136
-140
-174
-182
-135
-118
-126
-94
-41
-53
-72
-53
-99
-147
-137
-173
-216
-231
-263
-357
-356
-343
-342
-352
-412
-412
-445
-467
-504
-449
-410
-442
-502
-491
-480
-439
-367
-323
-270
-254
-219
-229
-113
-111
-100
9
-16
-9
25
23
31
25
111
170
133
131
106
102
142
144
137
95
59
75
57
74
96
66
52
33
7
-19
-66
-44
-13
-19
9
-29
-73
-66
-123
-95
-52
-31
-44
-88
-124
-94
-103
-183
-158
-184
-168
-156
-113
-111
-157
-122
-141
-64
-73
-83
-57
-75
-14
14
-5
-53
-51
-4
17
26
63
57
40
105
155
112
107
93
75
77
83
90
71
106
80
74
59
8
-51
-61
-104
-89
-111
-172
-126
-172
-124
-130
-142
-169
-174
-125
-87
-94
-119
-142
-135
-129
-93
-72
-53
22
15
115
176
185
218
196
263
324
338
308
275
279
262
298
292
238
229
250
215
238
276
245
222
200
199
213
201
176
240
225
214
224
164
193
180
187
161
76
27
-13
9
3
14
-9
-29
-16
-64
-52
-65
-71
-69
-120
-95
-143
-135
-126
-187
-137
-111
-110
-122
-115
-66
-49
-5
16
38
18
64
87
144
118
154
209
216
258
170
164
139
161
101
93
41
18
18
6
-27
-30
-56
-107
-104
-70
-97
-185
-220
-222
-201
-237
-289
-322
-397
-412
-395
-386
-369
-359
-315
-283
-192
-157
-157
-125
-78
-27
-20
1
-24
-21
-14
44
92
91
95
78
37
47
57
-3
33
36
3
-43
-56
-69
-57
-94
-58
-94
-106
-121
-174
-171
-156
-141
-90
-63
-66
-68
-31
-25
-71
-96
-80
-72
-89
-109
-172
-189
-196
-146
-193
-266
-267
-274
-276
-273
-283
-318
-316
-313
-367
-365
-385
-424
-410
-402
-455
-409
-387
-427
-449
-380
-334
-322
-344
-365
-305
-270
-300
-320
-245
-280
-263
-280
-275
-262
-359
-390
-436
-449
-459
-448
-465
-490
-523
-576
-579
-626
-689
-648
-712
-712
-743
-781
-751
-773
-769
-782
-735
-759
-769
-757
-729
-682
-631
-595
-560
-553
-574
-551
-533
-477
-492
-486
-461
-442
-439
-416
-371
-373
-382
-429
-425
-408
-350
-374
-392
-420
-422
-406
-389
-424
-471
-490
-524
-543
-528
-593
-614
-590
-579
-597
-583
-557
-559
-541
-494
-519
-555
-544
-591
-549
-581
-581
-579
-547
-546
-522
-530
-458
-429
-441
-414
-436
-423
-427
-422
-430
-440
-392
-383
-408
-417
-441
-477
-445
-482
-472
-463
-504
-542
-495
-505
-517
-486
-547
-513
-509
-496
-526
-544
-550
-541
-513
-545
-540
-486
-489
-513
-493
-445
-467
-461
-514
-542
-542
-561
-601
-620
-609
-627
-585
-667
-658
-629
-583
-540
-563
-561
-530
-542
-541
-478
-458
-412
-419
-423
-376
-387
-317
-282
-298
-239
-233
-244
-255
-273
-196
-183
-254
-247
-246
-195
-222
-239
-247
-267
-260
-293
-300
-362
-406
-420
-464
-475
-470
-463
-530
-509
-503
-530
-518
-529
-535
-572
-576
-556
-537
-554
-500
-497
-474
-475
-451
-431
-431
-375
-413
-404
-351
-336
-294
-287
-301
-237
-233
-214
-204
-175
-174
-119
-76
-143
-136
-126
-141
-143
-183
-207
-254
-215
-253
-301
-298
-337
-326
-336
-340
-356
-316
-350
-393
-403
-428
-428
-448
-431
-405
-418
-420
-441
-414
-441
-436
-406
-420
-412
-386
-403
-400
-371
-383
-337
-300
-260
-225
-256
-257
-232
-272
-256
-226
-192
-182
-194
-222
-210
-177
-179
-156
-183
-169
-159
-116
-88
-44
-35
-62
-13
-72
-70
-103
-89
-58
-99
-80
-82
-134
-144
-185
-222
-253
-288
-284
-310
-335
-348
-368
-391
-399
-390
-395
-375
-361
-402
-367
-363
-382
-378
-391
-411
-444
-406
-394
-373
-297
-279
-248
-194
-179
-116
-104
-114
-71
-62
-89
-10
46
61
119
127
107
85
123
111
115
89
132
121
61
45
23
9
52
44
-42
-62
-60
-93
-100
-99
-163
-100
-140
-145
-107
-122
-128
-112
-98
-102
-70
-90
-86
-29
-19
-9
10
58
74
97
139
90
110
141
152
154
110
125
150
136
162
167
208
220
220
228
236
190
147
163
143
139
132
98
86
91
100
97
82
75
83
43
74
78
32
14
2
-1
-17
-2
-16
20
-6
-47
-95
-132
-90
-112
-107
-102
-137
-83
-91
-62
-24
-14
31
23
63
42
33
71
93
98
141
110
127
145
158
207
224
192
208
189
223
211
235
267
237
247
232
191
138
136
140
110
108
62
45
79
51
57
80
51
76
95
80
70
89
105
114
181
185
215
187
221
218
206
170
156
169
151
167
152
112
136
146
129
98
95
108
120
145
143
127
118
112
74
107
103
95
71
80
97
114
147
136
133
106
83
80
96
90
116
73
66
54
24
41
-24
-75
-59
-66
-135
-108
-133
-157
-180
-191
-188
-225
-216
-204
-267
-275
-229
-282
-249
-233
-259
-246
-222
-218
-159
-131
-134
-114
-105
-92
-41
-38
19
65
45
79
73
49
106
126
91
131
54
108
83
29
84
13
38
41
24
20
51
26
44
92
45
76
110
118
95
65
54
79
109
115
65
62
83
57
114
107
132
168
154
151
105
114
115
95
98
102
163
143
159
160
147
129
117
94
69
72
62
93
110
84
108
110
60
20
-7
32
26
13
-12
-20
0
-3
-21
-47
-63
-131
-126
-141
-116
-126
-142
-155
-171
-153
-169
-181
-167
-147
-159
-152
-173
-190
-174
-211
-178
-128
-135
-120
-76
-109
-83
-20
-48
38
19
24
51
15
18
-5
-26
-22
-13
-2
-2
-10
17
59
41
46
73
96
35
41
24
29
84
72
113
118
117
82
107
98
135
174
114
121
120
134
138
184
183
224
223
247
236
220
225
230
202
249
277
244
279
264
240
275
300
256
262
219
214
210
213
197
145
125
66
26
5
-9
-85
-20
-24
-73
-39
-20
-31
11
46
23
51
28
6
36
13
7
-34
-63
-92
-63
-72
-46
-69
-80
-38
-19
3
-14
5
19
-11
11
66
56
71
60
71
113
119
114
69
68
75
51
26
39
29
-5
13
-11
-2
-4
24
35
29
18
-3
-74
-88
-112
-171
-173
-181
-184
-203
-194
-238
-219
-241
-225
-246
-223
-198
-200
-230
-204
-152
-189
-192
-194
-194
-120
-40
-37
42
81
89
111
144
145
165
184
158
198
177
132
124
120
114
70
89
67
48
15
40
60
73
77
22
15
-55
-83
-49
-87
-196
-154
-168
-213
-250
-306
-330
-363
-386
-345
-331
-345
-260
-293
-277
-276
-256
-232
-219
-189
-209
-183
-189
-184
-179
-188
-169
-180
-174
-160
-184
-146
-116
-124
-123
-116
-69
-116
-113
-107
-123
-112
-152
-165
-188
-179
-148
-187
-194
-160
-167
-169
-128
-145
-153
-155
-157
-167
-143
-162
-160
-140
-189
-190
-195
-191
-211
-175
-170
-183
-143
-175
-199
-204
-198
-153
-169
-170
-106
-82
-48
-20
8
-1
-10
-38
-12
3
-44
19
25
-3
18
60
54
63
87
83
74
71
7
-1
-2
-35
-71
-69
-74
-96
-114
-178
-185
-162
-196
-162
-161
-120
-131
-142
-108
-120
-118
-99
-75
-120
-96
-108
-100
-93
-64
-60
-36
-33
-75
-62
-43
-39
-40
-43
-33
-9
15
14
51
48
53
42
52
50
32
102
74
84
97
77
68
87
100
81
94
80
61
67
42
9
11
-42
-26
-62
-35
-51
-64
-65
-98
-83
-100
-59
-45
-39
-39
-21
-4
8
26
3
-15
18
18
55
98
123
141
116
160
140
117
79
51
102
81
113
106
137
96
112
84
27
32
23
7
-30
-50
-63
-52
-68
-124
-147
-157
-183
-219
-206
-224
-240
-203
-219
-210
-222
-232
-207
-192
-140
-141
-186
-165
-197
-142
-117
-135
-128
-106
-95
-129
-132
-141
-168
-179
-184
-148
-172
-187
-139
-152
-123
-135
-135
-95
-50
-72
-45
-18
8
3
12
111
94
65
63
71
71
41
56
36
37
13
-62
-68
-118
-144
-217
-239
-224
-227
-274
-269
-208
-208
-163
-168
-158
-172
-177
-153
-172
-126
-102
-93
-88
-75
-89
-53
-52
-72
-77
-41
3
-21
1
-52
-32
-22
14
3
-72
-81
-106
-49
-43
-42
-39
-46
-34
-93
-91
-109
-161
-150
-149
-191
-195
-258
-264
-214
-234
-235
-244
-321
-273
-283
-337
-305
-307
-293
-304
-288
-264
-218
-181
-182
-185
-180
-222
-134
-82
-113
-155
-120
-119
-116
-96
-112
-166
-172
-141
-163
-111
-110
-110
-117
-93
-45
-20
5
24
-10
0
39
32
5
-32
-50
-66
-18
-55
-22
2
-13
24
-12
-5
-11
-46
-19
9
34
40
37
-7
-30
3
7
47
63
44
26
49
51
87
88
84
149
179
254
289
256
259
240
212
190
154
165
141
95
58
13
-13
-65
-66
-66
-65
-97
-143
-87
-116
-145
-180
-216
-205
-196
-193
-242
-271
-324
-227
-231
-262
-241
-222
-184
-154
-153
-143
-141
-146
-116
-124
-65
-44
-65
-40
-48
-95
-83
-103
-139
-106
-131
-119
-89
-50
9
12
9
11
23
-17
-46
-8
-62
-65
-68
-89
-80
-86
-120
-110
-132
-157
-96
-44
-12
-68
-49
-72
-73
-60
-104
-160
-135
-112
-77
-93
-153
-146
-153
-165
-134
-142
-180
-155
-156
-156
-155
-147
-128
-76
-80
-104
-84
-95
-99
-50
-77
-79
-55
-48
-82
-88
-75
-35
-93
-128
-104
-132
-104
-127
-106
-89
-114
-105
-158
-217
-195
-173
-192
-179
-203
-193
-211
-219
-210
-217
-192
-200
-246
-245
-231
-247
-285
-294
-288
-296
-303
-281
-284
-267
-264
-250
-216
-258
-263
-243
-266
-243
-302
-247
-250
-296
-283
-294
-276
-290
-299
-308
-282
-293
-281
-280
-244
-223
-223
-193
-150
-167
-134
-114
-132
-129
-133
-141
-170
-226
-204
-199
-196
-189
-113
-74
-77
-81
-90
-61
-95
-80
-51
-32
-38
-71
-103
-137
-128
-119
-119
-146
-133
-114
-69
-53
-67
-50
-60
-27
-46
-31
-32
-91
-92
-106
-83
-57
-67
-42
-84
-122
-136
-99
-142
-157
-168
-178
-179
-209
-201
-251
-238
-248
-225
-260
-285
-292
-354
-335
-318
-298
-278
-312
-337
-356
-368
-376
-368
-360
-380
-355
-314
-338
-372
-337
-325
-274
-272
-316
-322
-304
-277
-305
-267
-238
-209
-197
-207
-188
-245
-235
-245
-244
-219
-228
-194
-195
-175
-187
-193
-156
-152
-115
-85
-116
-99
-29
-70
-61
-53
-126
-101
-135
-137
-119
-106
-127
-116
-121
-135
-124
-142
-141
-171
-197
-140
-149
-146
-96
-107
-139
-110
-38
-27
-18
-36
-48
-33
-8
6
-16
19
34
38
11
-8
-13
-36
-18
-72
-49
-58
-71
-51
-90
-116
-122
-116
-184
-177
-139
-196
-176
-170
-212
-202
-203
-228
-225
-218
-212
-194
-216
-198
-202
-176
-156
-153
-150
-178
-156
-119
-136
-157
-132
-110
-114
-99
-98
-114
-117
-110
-44
-25
-27
2
-53
-47
-17
-1
18
39
45
13
9
-5
17
39
24
41
75
118
142
137
147
157
161
159
181
181
159
85
91
123
129
135
118
138
135
132
102
56
58
-4
-14
-35
-33
2
-31
-33
-92
-38
8
2
-36
-35
-21
-35
2
3
60
114
150
157
180
168
143
133
91
141
178
146
130
200
216
158
148
173
214
201
206
163
199
187
199
240
167
260
201
236
260
258
251
234
269
269
306
294
278
289
301
305
337
362
361
361
353
328
331
330
385
354
348
380
380
453
440
475
532
546
566
551
544
525
574
577
555
554
562
522
513
529
530
526
495
548
516
519
577
562
590
529
541
573
533
587
554
581
598
619
646
619
596
598
604
615
609
598
634
655
645
682
678
655
694
651
626
567
637
651
579
606
564
587
565
546
592
599
633
645
634
607
532
532
524
476
494
473
472
472
482
474
435
486
519
497
515
519
477
486
476
479
458
456
491
420
381
358
358
363
344
311
294
246
207
158
188
212
177
205
231
237
170
149
167
173
161
176
243
238
214
180
215
207
188
213
193
218
179
267
312
336
348
366
373
407
394
365
372
353
353
313
324
347
342
319
317
300
354
361
290
297
297
336
368
365
336
340
425
371
320
360
336
340
367
392
394
458
465
425
459
424
428
459
478
464
512
528
583
621
582
587
556
602
634
597
627
673
665
680
668
649
679
676
661
675
692
676
679
693
750
734
775
719
762
799
819
816
798
852
825
890
937
912
903
907
867
877
870
822
806
785
785
819
818
753
741
779
718
782
808
748
763
738
690
650
643
667
674
688
666
631
636
652
666
702
700
678
718
649
609
617
592
582
590
592
615
613
632
587
560
519
519
522
502
548
534
484
497
473
400
396
385
391
396
370
338
362
404
422
419
397
349
319
311
344
342
333
363
311
288
281
229
233
203
200
181
176
219
241
297
277
314
267
250
226
189
258
249
235
243
210
153
191
161
175
189
142
133
188
148
183
192
147
236
245
229
215
253
216
157
189
210
180
159
148
164
112
129
174
168
140
191
196
250
265
254
259
270
248
263
297
296
329
307
350
332
388
353
368
355
341
377
379
391
363
395
431
396
415
448
392
442
394
451
452
415
401
362
351
325
328
302
292
318
365
333
351
402
411
403
381
388
440
418
415
438
413
474
489
480
473
382
358
371
336
328
297
282
310
310
306
296
304
312
295
272
242
279
230
238
212
170
186
250
306
286
291
315
329
350
394
387
337
330
323
326
293
275
263
244
239
260
220
201
257
233
243
272
293
304
286
246
235
221
175
150
83
118
95
92
112
119
143
181
195
185
196
167
184
185
216
228
187
222
225
190
179
160
190
176
172
108
115
109
112
86
101
69
80
80
60
83
64
102
102
86
101
110
98
140
133
47
77
68
25
29
0
33
-46
-76
-61
-96
-41
-99
-110
-130
-140
-154
-198
-166
-178
-217
-200
-211
-178
-184
-200
-223
-251
-248
-281
-252
-226
-209
-223
-242
-260
-269
-247
-220
-172
-207
-194
-173
-197
-193
-252
-297
-330
-323
-291
-308
-322
-296
-300
-316
-322
-349
-380
-376
-407
-419
-394
-423
-373
-372
-372
-352
-348
-334
-381
-374
-347
-369
-390
-344
-340
-365
-302
-307
-298
-249
-253
-240
-204
-232
-241
-258
-254
-262
-292
-291
-279
-277
-309
-295
-263
-283
-226
-204
-207
-232
-194
-177
-177
-134
-147
-140
-172
-182
-188
-173
-134
-136
-136
-188
-250
-175
-198
-178
-195
-235
-223
-274
-256
-278
-304
-257
-252
-229
-249
-271
-273
-225
-245
-219
-238
-191
-162
-170
-159
-181
-157
-163
-135
-128
-96
-167
-192
-173
-189
-151
-198
-181
-153
-155
-157
-169
-164
-159
-151
-153
-166
-121
-140
-136
-86
-105
-84
-104
-127
-87
-92
-100
-56
-89
-45
-24
-21
36
70
115
130
168
141
157
189
145
145
103
75
97
39
41
22
8
20
33
85
61
52
65
26
53
105
83
71
36
90
49
87
69
79
87
43
75
27
23
82
84
58
43
63
73
98
126
73
75
93
85
51
40
20
-2
-30
-68
-93
-104
-155
-180
-130
-149
-204
-173
-190
-219
-280
-259
-244
-284
-282
-268
-261
-309
-330
-343
-351
-323
-256
-278
-272
-276
-267
-238
-273
-206
-215
-167
-173
-210
-204
-224
-233
-207
-203
-204
-209
-233
-250
-270
-280
-294
-269
-253
-232
-219
-264
-288
-278
-322
-321
-362
-316
-336
-363
-363
-424
-385
-375
-417
-375
-362
-369
-294
-296
-292
-289
-308
-316
-304
-335
-337
-356
-368
-380
-367
-367
-381
-364
-383
-382
-365
-417
-394
-331
-341
-333
-328
-347
-391
-371
-385
-374
-417
-451
-449
-493
-477
-481
-508
-534
-525
-504
-503
-484
-459
-426
-394
-396
-349
-287
-266
-267
-298
-236
-232
-193
-215
-223
-159
-157
-140
-147
-169
-158
-132
-116
-72
-87
-33
-18
-30
-37
-65
-96
-103
-115
-141
-158
-170
-205
-233
-184
-187
-135
-206
-174
-163
-231
-204
-216
-213
-207
-196
-220
-219
-235
-195
-150
-180
-205
-176
-189
-211
-202
-179
-162
-192
-211
-178
-217
-235
-213
-295
-285
-314
-318
-318
-303
-273
-326
-276
-301
-319
-326
-308
-269
-299
-249
-205
-217
-182
-178
-188
-213
-182
-176
-239
-266
-255
-247
-288
-246
-280
-297
-294
-291
-271
-286
-235
-243
-251
-213
-166
-154
-84
-103
-132
-136
-136
-173
-227
-238
-203
-169
-217
-194
-218
-201
-217
-234
-167
-163
-151
-152
-124
-125
-151
-183
-179
-183
-234
-211
-216
-245
-273
-305
-312
-307
-325
-289
-294
-328
-302
-293
-215
-186
-254
-234
-205
-160
-136
-129
-121
-146
-142
-95
-75
-88
-53
-64
-48
-59
-50
-50
-49
-38
-39
-4
28
-32
-2
57
50
70
77
85
81
81
71
86
35
32
48
24
41
24
18
-7
38
71
105
108
91
68
110
134
108
145
149
148
154
150
122
124
163
151
75
89
86
57
75
58
82
74
97
114
119
144
172
172
141
111
108
175
147
117
152
159
182
183
150
180
150
121
142
179
220
245
247
268
344
380
373
356
305
335
319
284
297
326
307
243
288
297
300
335
311
320
293
299
318
330
342
317
332
268
326
336
356
372
361
388
394
429
477
507
517
552
630
630
635
702
732
802
799
800
797
784
773
807
824
749
768
772
794
837
817
822
852
877
849
830
876
861
898
890
865
902
918
881
843
889
861
810
816
841
839
850
841
867
819
771
827
857
883
871
831
795
821
860
860
872
897
904
912
889
915
950
953
914
914
922
947
974
996
964
956
987
996
1067
1046
1055
1069
1024
1059
1056
1050
1037
976
994
966
942
910
893
931
853
834
793
756
737
706
723
727
745
722
772
777
759
770
704
682
647
601
533
500
518
535
590
554
545
576
516
502
511
481
520
509
450
474
436
445
480
432
416
414
411
376
297
311
289
268
270
245
265
250
185
167
165
157
146
165
99
92
78
45
50
23
56
33
20
41
50
-31
-19
-63
-102
-66
-57
-85
-94
-114
-70
-49
-35
-37
-61
-22
21
9
23
-5
-26
-3
39
40
16
9
-19
1
9
14
-23
-27
-77
-108
-54
-26
-58
-41
-40
-42
-46
-69
-49
-64
-77
-95
-90
-88
-99
-107
-164
-124
-141
-172
-137
-90
-68
-107
-146
-138
-136
-130
-139
-95
-85
-75
-91
-96
-110
-168
-161
-217
-216
-193
-213
-232
-207
-237
-233
-269
-250
-254
-276
-251
-279
-255
-325
-303
-306
-277
-284
-331
-349
-358
-330
-362
-360
-363
-381
-387
-424
-382
-377
-398
-410
-396
-333
-374
-381
-388
-440
-414
-406
-420
-432
-481
-493
-467
-449
-503
-494
-527
-524
-541
-611
-569
-569
-521
-495
-490
-504
-516
-521
-547
-554
-565
-593
-585
-561
-562
-611
-609
-557
-561
-565
-563
-581
-578
-577
-554
-536
-505
-529
-541
-548
-586
-564
-543
-555
-533
-528
-514
-511
-459
-439
-471
-460
-447
-453
-482
-456
-452
-425
-449
-427
-423
-470
-391
-418
-384
-359
-347
-357
-361
-324
-310
-273
-251
-224
-214
-213
-225
-194
-139
-106
-105
-126
-89
-77
-96
-96
-56
-18
15
45
48
62
43
74
70
27
-5
2
-8
-48
-34
-32
-46
-106
-86
-70
-78
-94
-110
-93
-126
-99
-64
-47
-37
-36
-15
17
-3
26
8
35
24
4
43
67
97
70
87
63
47
82
101
103
86
60
50
89
96
67
113
93
111
87
105
119
75
39
41
37
15
12
11
3
-21
9
-41
-40
-74
-47
-60
-31
-11
-7
-11
-31
-20
-37
-12
-12
-43
-40
-38
-79
-64
-91
-105
-91
-106
-77
-65
-36
-66
-84
-112
-130
-107
-101
-106
-103
-97
-73
-114
-110
-111
-178
-175
-183
-172
-235
-265
-291
-279
-305
-247
-229
-260
-225
-204
-169
-187
-171
-146
-143
-149
-171
-211
-240
-252
-289
-317
-310
-349
-368
-370
-339
-308
-284
-304
-319
-334
-372
-386
-324
-375
-398
-407
-393
-346
-359
-370
-373
-373
-382
-369
-397
-411
-407
-394
-392
-392
-409
-416
-383
-373
-338
-291
-374
-338
-307
-388
-379
-331
-309
-318
-324
-296
-283
-312
-317
-354
-332
-325
-346
-354
-306
-310
-350
-370
-384
-317
-353
-413
-356
-364
-419
-382
-436
-444
-434
-466
-447
-444
-502
-509
-529
-527
-527
-525
-511
-551
-506
-520
-518
-505
-497
-484
-450
-405
-421
-438
-439
-358
-340
-361
-346
-332
-356
-369
-362
-408
-434
-425
-423
-453
-460
-453
-424
-365
-356
-374
-351
-366
-336
-339
-365
-353
-315
-354
-387
-394
-400
-408
-455
-478
-463
-469
-457
-442
-434
-411
-437
-456
-448
-433
-460
-457
-455
-449
-446
-414
-373
-373
-345
-359
-344
-380
-386
-378
-392
-374
-351
-357
-341
-277
-265
-283
-258
-256
-221
-211
-205
-210
-211
-222
-205
-212
-229
-278
-295
-331
-369
-409
-411
-393
-389
-361
-419
-421
-429
-406
-412
-372
-346
-335
-348
-380
-378
-349
-339
-372
-369
-372
-373
-374
-379
-371
-376
-378
-336
-380
-344
-332
-327
-325
-320
-293
-241
-227
-235
-225
-229
-244
-272
-259
-270
-283
-287
-320
-310
-377
-384
-363
-399
-361
-345
-321
-385
-378
-386
-411
-363
-361
-316
-353
-328
-375
-440
-410
-431
-421
-392
-387
-424
-398
-426
-389
-363
-399
-359
-304
-278
-292
-317
-291
-277
-302
-265
-260
-261
-239
-263
-263
-263
-263
-278
-297
-312
-279
-262
-255
-209
-230
-208
-190
-157
-145
-181
-181
-195
-156
-193
-187
-199
-237
-180
-218
-261
-216
-264
-281
-216
-301
-294
-316
-367
-333
-346
-339
-391
-382
-333
-313
-282
-258
-220
-217
-199
-183
-172
-142
-167
-176
-195
-202
-190
-199
-244
-292
-235
-270
-256
-245
-242
-228
-234
-235
-254
-253
-239
-274
-291
-296
-250
-280
-262
-244
-276
-269
-278
-253
-287
-326
-328
-325
-338
-256
-233
-299
-300
-293
-286
-290
-301
-273
-312
-321
-282
-229
-242
-229
-184
-198
-218
-208
-148
-125
-154
-137
-145
-153
-123
-107
-125
-121
-106
-115
-108
-116
-66
-79
-103
-87
-55
-48
-42
-1
1
-9
-20
-42
-116
-107
-106
-159
-203
-178
-182
-208
-224
-234
-224
-249
-274
-275
-271
-259
-282
-283
-296
-284
-262
-264
-263
-238
-303
-315
-297
-311
-268
-259
-254
-252
-247
-231
-186
-130
-98
-155
-132
-123
-124
-126
-138
-130
-165
-183
-145
-100
-83
-114
-109
-133
-135
-120
-110
-115
-148
-209
-203
-181
-161
-149
-184
-144
-176
-181
-158
-184
-229
-210
-192
-169
-176
-173
-107
-126
-159
-147
-77
-57
-35
-26
-38
-24
8
-18
-18
-7
-76
-83
-83
-60
-86
-54
-59
-58
-73
-43
-24
-74
-53
-23
-57
-93
-89
-109
-98
-101
-110
-97
-115
-144
-153
-173
-228
-238
-248
-225
-257
-267
-271
-249
-231
-265
-238
-268
-260
-259
-246
-255
-245
-253
-238
-175
-123
-91
-112
-121
-161
-136
-106
-110
-101
-32
-49
-48
-3
-49
-4
8
-50
-60
-37
-37
-28
6
-3
9
-37
-39
-20
-35
-55
-36
-8
-63
-71
-60
-66
-67
-114
-62
-73
-95
-57
-84
-70
-54
-115
-53
-65
-79
-93
-132
-102
-111
-82
-89
-120
-117
-94
-125
-165
-177
-176
-177
-162
-191
-202
-202
-199
-163
-115
-111
-130
-107
-104
-107
-83
-124
-105
-102
-106
-70
-64
-54
-27
-19
-32
16
63
28
11
-7
20
19
20
20
-11
-26
-10
-5
-73
-80
-122
-112
-97
-129
-145
-127
-129
-136
-76
-39
-58
-42
-50
-58
-40
-55
-30
-42
-54
-28
-31
1
-39
-48
7
-8
27
-17
34
44
37
55
67
41
58
104
55
84
37
24
10
12
26
18
-26
-57
-48
-67
-67
-55
-14
30
-3
40
45
42
22
54
79
94
87
57
111
117
102
72
101
90
157
160
138
125
108
90
140
143
140
213
231
196
141
157
132
91
118
121
129
129
75
106
175
149
135
149
186
196
202
180
186
209
173
177
155
153
155
130
123
178
121
150
201
181
169
232
265
231
241
220
270
284
254
298
260
250
293
302
291
286
313
306
364
381
371
400
404
353
392
418
420
426
372
379
368
314
274
238
235
194
204
176
132
154
147
165
148
142
133
119
130
150
173
188
192
213
245
222
204
237
207
172
213
218
257
292
252
285
280
299
342
332
322
292
295
241
234
214
173
146
128
114
33
8
-17
-14
-65
-31
4
-1
-29
-7
23
19
49
45
50
34
80
26
27
0
-8
-15
-69
-101
-150
-147
-103
-93
-74
-75
-74
-85
-142
-107
-152
-205
-210
-249
-303
-278
-212
-211
-235
-280
-262
-304
-269
-259
-264
-237
-256
-208
-239
-195
-185
-227
-241
-235
-266
-291
-235
-243
-224
-169
-178
-182
-137
-166
-179
-132
-191
-184
-157
-163
-157
-231
-227
-242
-295
-328
-352
-380
-384
-353
-349
-352
-301
-241
-199
-217
-191
-182
-187
-150
-169
-198
-184
-182
-177
-156
-180
-186
-203
-215
-194
-148
-164
-137
-98
-80
-72
-93
-52
-38
-100
-86
-96
-115
-89
-83
-96
-154
-145
-144
-131
-130
-149
-165
-160
-147
-149
-143
-107
-150
-122
-132
-141
-127
-144
-152
-140
-154
-144
-115
-135
-146
-111
-100
-136
-136
-95
-112
-120
-125
-76
-113
-121
-96
-64
-68
-135
-97
-34
-72
-64
-56
-87
-48
-70
9
-9
-9
14
18
-5
-4
8
-38
-38
-41
-84
-124
-163
-165
-137
-153
-139
-134
-109
-126
-89
-83
-102
-80
-101
-97
-79
-156
-93
-11
-34
23
66
75
58
94
88
102
100
127
149
146
154
151
182
186
191
152
136
109
139
136
122
115
65
52
51
-6
11
6
-6
4
-74
-64
-123
-103
-81
-107
-98
-115
-103
-92
-90
-83
-66
-82
-83
-71
-50
5
23
44
39
38
61
90
1
-30
39
22
18
9
-37
-12
64
80
94
59
103
100
139
130
107
89
22
38
40
17
2
24
-11
19
43
15
8
38
58
71
109
68
101
63
37
48
0
38
27
26
13
18
33
-15
34
41
37
79
88
145
119
127
134
103
79
101
100
99
107
123
93
74
82
66
57
22
8
29
76
32
46
8
25
10
-38
-24
-37
-13
21
17
-30
-44
-37
-42
-47
-27
8
37
65
32
45
63
93
97
174
219
206
232
208
212
223
206
194
206
212
188
184
183
165
170
130
139
169
149
156
159
169
206
168
145
159
130
93
99
100
85
67
51
37
91
71
82
104
80
81
99
109
154
107
123
134
174
194
187
243
205
179
208
214
231
197
197
215
205
207
172
190
140
128
177
138
147
171
186
219
203
205
198
126
115
98
39
32
-10
10
45
28
61
58
47
68
116
133
127
158
151
169
148
122
128
138
111
73
81
96
86
88
111
52
102
47
73
145
122
121
87
59
64
116
95
29
30
48
9
-14
-24
-13
-1
28
14
35
53
-7
40
-9
8
30
40
69
-6
49
50
17
45
34
-24
-73
-40
-13
-44
-21
-29
-32
-21
-12
20
24
6
9
30
54
85
105
123
122
121
138
44
42
67
52
81
95
94
111
94
69
84
76
77
76
81
69
43
20
41
11
15
-1
-58
9
1
16
-2
41
32
-16
17
-28
2
7
22
4
34
28
-32
-13
-11
-31
-10
-29
-55
-56
-56
-30
-54
-54
-72
-67
-70
-104
-58
-72
-87
-65
-83
-65
-88
-58
-62
-45
-30
-61
-4
-9
3
-34
21
16
-2
24
45
66
34
33
63
62
68
21
-3
26
-26
-55
-18
-38
-57
-57
-49
4
-11
-65
-93
-84
-108
-90
-83
-62
-88
-121
-63
-107
-114
-113
-189
-141
-125
-160
-162
-158
-121
-115
-130
-79
-70
-73
-26
-77
-48
-78
-87
-125
-131
-84
-188
-158
-197
-211
-230
-233
-208
-207
-214
-242
-257
-286
-321
-349
-311
-351
-336
-325
-334
-340
-365
-399
-444
-444
-430
-433
-444
-430
-403
-370
-373
-356
-368
-392
-340
-351
-336
-306
-346
-351
-361
-300
-274
-304
-278
-291
-272
-287
-255
-265
-296
-315
-304
-311
-318
-307
-275
-296
-298
-289
-288
-293
-325
-322
-334
-371
-350
-381
-417
-421
-429
-375
-411
-396
-410
-422
-437
-445
-461
-480
-497
-481
-465
-493
-524
-514
-535
-556
-519
-490
-484
-455
-508
-523
-485
-481
-428
-450
-408
-379
-425
-439
-446
-410
-399
-414
-451
-462
-428
-443
-404
-371
-418
-418
-389
-368
-374
-381
-400
-400
-410
-372
-405
-418
-407
-420
-419
-403
-377
-419
-408
-422
-418
-376
-387
-377
-330
-387
-344
-333
-349
-310
-294
-241
-241
-276
-309
-352
-300
-298
-316
-332
-329
-264
-305
-353
-323
-326
-379
-402
-392
-381
-387
-358
-317
-365
-359
-348
-411
-446
-461
-442
-378
-402
-371
-330
-324
-292
-301
-355
-350
-286
-290
-289
-299
-296
-252
-182
-154
-175
-166
-176
-175
-217
-224
-264
-290
-275
-257
-250
-253
-210
-228
-215
-224
-238
-236
-236
-241
-224
-199
-187
-240
-243
-243
-272
-279
-279
-286
-308
-339
-307
-266
-230
-226
-184
-165
-136
-142
-140
-146
-168
-168
-174
-106
-150
-151
-126
-124
-125
-130
-116
-124
-112
-147
-101
-100
-74
-46
-52
-24
-16
-31
-60
-87
-67
-71
-80
-30
-11
-15
-45
-47
-25
3
-53
-2
30
5
-11
-16
28
-18
-19
4
-7
-38
-62
-94
-89
-80
-72
-99
-70
-122
-155
-117
-139
-119
-118
-111
-104
-75
-46
-12
17
15
-12
15
47
17
-6
-28
13
50
0
44
102
107
107
129
120
102
60
60
49
31
63
74
95
50
79
94
70
70
64
57
80
31
43
43
23
58
75
111
104
91
124
144
163
147
128
160
127
111
131
82
84
111
94
133
130
163
171
203
235
231
207
177
211
165
141
137
141
141
90
122
111
125
98
77
58
33
103
88
96
175
225
247
261
292
283
264
267
267
296
281
316
280
269
280
252
311
317
305
354
353
338
333
313
315
305
268
268
245
169
166
169
177
179
170
194
179
144
159
133
126
189
180
172
184
169
186
200
210
211
195
151
156
199
202
222
245
256
262
257
241
280
314
317
321
284
265
264
282
276
272
320
342
301
304
315
286
228
226
248
251
261
232
222
239
226
204
202
197
203
203
232
263
295
308
312
311
255
257
244
220
181
166
130
141
119
126
149
142
155
108
65
167
212
245
284
233
250
199
226
194
205
120
68
97
89
96
52
132
131
148
106
124
120
169
196
145
148
132
142
122
103
75
44
6
55
52
42
95
157
133
155
179
