SAMPLES:	17074
BITSPERSAMPLE:	16
CHANNELS:	1
SAMPLERATE:	16000
NORMALIZED:	FALSE
-98
-70
-96
-97
-82
-95
-53
-62
-37
-13
3
69
49
101
76
40
58
13
-4
-2
30
33
10
32
25
74
32
33
25
56
88
33
38
71
59
48
6
86
77
38
49
53
64
-23
-34
-30
8
26
39
81
57
65
22
85
125
103
91
131
166
153
182
212
169
104
96
52
18
12
-33
-68
-51
-27
-49
-20
29
6
42
29
8
-18
1
-14
-13
12
47
20
70
65
58
42
-12
33
35
45
62
80
69
61
111
136
113
103
85
62
43
31
58
19
43
81
66
34
66
59
24
67
26
51
25
24
50
49
76
71
98
90
150
85
110
135
74
33
83
85
94
145
85
139
94
128
113
83
95
65
43
42
80
44
40
85
76
34
73
74
43
52
65
58
68
28
-11
-30
-26
-23
-92
-88
-86
-117
-127
-118
-139
-129
-131
-159
-122
-115
-87
-110
-161
-100
-66
-29
-7
24
23
47
68
56
92
70
95
105
118
84
98
103
97
105
153
138
109
132
74
106
107
47
70
130
178
188
185
146
121
143
167
151
105
79
0
30
4
-41
-37
-70
-29
55
49
23
-10
-27
16
18
60
39
68
104
96
94
110
111
55
111
79
50
72
67
55
74
48
43
66
86
100
70
52
24
6
-35
-18
-71
-79
-62
-57
-49
-38
-57
-74
-72
-62
-71
-31
-1
-19
-38
-53
-42
-36
-41
-35
-25
7
4
44
112
128
109
115
112
78
70
42
37
41
72
63
75
94
134
100
119
104
142
181
167
185
136
122
133
158
111
134
132
71
84
96
97
65
124
80
27
31
38
22
-12
-53
-60
-6
-55
-28
15
-6
9
3
-14
-33
-28
-33
9
-24
-58
-49
-51
0
-64
-36
-55
-91
-92
-116
-117
-68
-26
-42
-10
-9
18
-4
17
68
65
106
86
104
85
80
60
58
5
16
18
-33
27
67
73
57
81
86
29
7
-43
-21
-37
-37
-57
-67
-80
-123
-116
-113
-42
-40
-13
-18
62
120
97
99
86
49
33
44
39
34
2
9
3
23
52
102
91
109
106
149
163
133
125
115
117
100
68
59
64
24
-19
-9
-37
-65
-91
-120
-82
-128
-96
-96
-62
-18
-42
-30
-64
-39
-101
-94
-81
-92
-89
-96
-10
10
14
17
40
79
105
156
115
141
154
151
99
95
96
75
92
88
91
35
23
29
69
36
47
81
55
91
102
64
51
12
-60
-40
-76
-42
-15
-65
-16
-66
-42
-22
-24
-2
15
38
81
55
84
73
35
9
-2
17
32
46
68
70
56
121
91
91
124
122
99
88
77
144
146
83
134
115
76
80
49
110
106
109
176
163
159
130
105
97
85
64
63
50
43
60
106
99
95
119
130
141
110
127
115
106
128
100
128
158
143
189
163
173
211
208
204
264
261
219
283
250
253
200
220
215
162
193
222
231
184
191
194
175
137
115
152
168
105
152
170
136
170
169
156
126
115
132
112
158
198
174
175
179
134
140
146
130
137
148
158
184
179
164
169
142
180
175
202
167
203
248
201
171
141
131
76
26
26
63
60
27
5
54
73
95
109
112
154
146
164
178
171
171
176
181
172
175
189
197
217
213
202
226
314
276
250
329
340
361
342
359
334
358
358
325
339
349
306
258
262
245
219
207
218
149
146
129
102
67
70
23
8
-16
-25
-4
-40
11
-29
-29
-16
8
23
57
83
117
114
146
100
42
118
132
160
238
297
288
288
319
295
266
252
267
256
268
286
301
317
308
296
260
265
242
235
208
210
217
198
179
160
146
110
90
62
68
36
31
51
56
45
63
93
79
105
116
99
99
132
121
95
125
154
123
122
121
155
183
154
165
217
224
251
206
188
168
182
165
121
113
109
112
90
148
132
89
68
99
67
109
130
138
171
124
123
126
62
73
114
140
116
124
154
142
206
198
177
181
158
159
173
145
142
116
126
76
63
92
37
59
105
91
106
129
152
131
146
111
53
75
61
93
81
43
53
82
20
-28
28
-1
-12
-9
1
-19
-38
-14
-38
-52
-7
20
13
-24
-52
-63
-32
-79
-84
-78
-22
30
25
43
35
66
52
40
26
67
-31
-6
23
22
48
23
20
-13
1
-51
-60
-84
-73
-102
-145
-154
-162
-143
-130
-108
-137
-188
-163
-152
-162
-165
-162
-163
-145
-190
-182
-148
-204
-156
-139
-150
-100
-103
-97
-74
-123
-73
-51
-41
-29
-12
14
-3
40
26
20
75
22
13
-6
-21
0
-6
-56
7
3
-27
-23
-4
-5
2
-2
-31
-30
-17
-25
-25
-6
-43
-36
-57
-115
-26
-47
-91
-82
-118
-118
-105
-141
-156
-132
-131
-117
-85
-105
-94
-42
-45
-37
-27
-59
-84
-77
-86
-55
-60
-57
-48
-39
-44
-91
-108
-122
-119
-132
-91
-10
-49
-56
-35
-84
-111
-118
-165
-158
-169
-160
-139
-94
-88
-69
-60
2
26
38
48
56
64
14
1
-20
-17
-8
16
-31
-5
15
7
1
-11
69
55
65
81
-16
-41
-48
-45
-39
-87
-51
-97
-111
-149
-174
-204
-202
-198
-192
-231
-241
-206
-249
-201
-176
-151
-115
-160
-152
-146
-197
-209
-214
-198
-178
-145
-161
-170
-140
-124
-118
-81
-94
-63
-50
-37
-60
-32
17
-56
-35
-38
-16
-30
-37
-6
22
-13
-35
-27
-45
-32
-31
-24
-62
-73
-56
-17
-51
-83
-61
-34
-45
-10
-50
-41
-57
-86
-98
-147
-116
-145
-151
-132
-148
-163
-154
-171
-142
-138
-171
-133
-94
-91
-84
-75
-67
-62
-98
-121
-185
-152
-153
-185
-190
-216
-149
-152
-182
-167
-188
-201
-176
-200
-207
-158
-145
-138
-134
-186
-219
-199
-187
-203
-244
-249
-227
-260
-191
-223
-246
-241
-271
-317
-315
-314
-264
-258
-289
-286
-276
-236
-254
-239
-223
-197
-230
-190
-133
-119
-116
-151
-116
-112
-103
-101
-98
-115
-130
-109
-200
-209
-215
-182
-162
-151
-131
-146
-143
-156
-143
-170
-180
-161
-211
-213
-257
-279
-312
-280
-267
-249
-191
-218
-208
-174
-189
-219
-175
-210
-279
-305
-292
-258
-264
-219
-207
-202
-173
-180
-199
-208
-189
-198
-194
-163
-151
-119
-115
-135
-98
-143
-170
-173
-155
-144
-152
-147
-145
-147
-136
-158
-150
-126
-145
-106
-128
-142
-157
-149
-179
-179
-122
-130
-140
-159
-173
-231
-230
-200
-183
-174
-175
-218
-232
-211
-221
-200
-231
-244
-299
-255
-269
-291
-236
-259
-210
-192
-170
-150
-89
-131
-78
-65
-97
-46
-99
-71
-79
-69
-68
-59
-30
-10
9
52
12
6
-25
-58
-17
-9
37
1
-31
-65
-150
-157
-198
-203
-202
-213
-202
-184
-211
-195
-201
-176
-113
-127
-156
-129
-147
-175
-138
-175
-165
-139
-93
-109
-118
-148
-118
-131
-122
-79
-64
-27
-19
-90
-53
-3
-59
-28
13
20
31
48
53
44
22
38
-10
-41
-29
0
-43
-30
-53
-86
-74
-89
-96
-142
-199
-196
-192
-241
-212
-185
-129
-93
-100
-94
-99
-110
-140
-112
-106
-96
-111
-117
-132
-154
-148
-160
-118
-113
-91
-26
-4
-33
-45
-12
7
-15
-24
-79
-53
-77
-107
-143
-134
-102
-132
-117
-140
-121
-196
-204
-215
-234
-226
-228
-210
-228
-194
-213
-189
-202
-209
-194
-202
-205
-200
-174
-189
-197
-193
-196
-154
-122
-118
-105
-68
-104
-75
-56
-41
-19
-27
-6
-60
-48
-52
-50
-35
-32
-19
-29
-5
10
43
63
5
11
11
-11
-38
-80
-54
-94
-61
-51
-71
-44
-53
-64
-71
-56
-93
-116
-115
-105
-103
-50
-44
-33
-10
-8
-22
-56
-70
-31
-68
-75
-66
-114
-57
-70
-85
-45
-55
-64
-67
-95
-77
-91
-82
-45
-90
-31
-36
-51
-56
-43
6
-14
7
23
32
31
43
38
54
74
97
37
36
43
-2
-22
-17
-10
-4
14
-4
-24
17
33
20
68
47
53
42
34
-1
-47
-91
-122
-126
-117
-121
-142
-146
-133
-143
-127
-113
-132
-85
-148
-138
-117
-132
-93
-85
-80
-84
-52
-29
10
42
72
92
72
63
59
31
65
72
44
60
61
67
86
97
87
79
78
108
107
106
79
9
6
-4
-49
-83
-78
-125
-153
-162
-189
-194
-209
-175
-155
-151
-128
-80
-69
-6
16
52
52
19
60
8
0
-5
-7
-32
-34
3
12
8
-27
-12
-41
-17
4
2
8
-7
19
13
-9
-49
-61
-43
-59
-108
-83
-55
-29
-47
-49
-34
-46
-32
-59
-8
-50
-82
-63
-56
-51
-20
-50
-54
-55
-59
-70
-58
-59
-27
-69
-74
-5
-4
-10
-46
9
45
-12
-18
0
-21
-50
-33
13
2
26
12
44
-5
8
9
-34
-37
-71
-95
-106
-51
-96
-143
-128
-100
-57
-84
-82
-99
-54
-66
-86
-54
-75
-66
-64
-76
-58
-95
-98
-70
-82
-67
-37
-55
-93
-84
-32
-24
-60
-56
-35
-18
-70
-58
-62
-78
-38
-33
-19
-71
-16
-48
-58
-10
-65
-24
-47
-39
-63
-80
-100
-79
-90
-107
-91
-173
-133
-105
-127
-142
-117
-134
-203
-178
-175
-194
-262
-235
-240
-274
-249
-182
-190
-196
-134
-186
-184
-171
-171
-139
-126
-99
-88
-68
-72
-91
-72
-75
-108
-105
-96
-119
-181
-226
-207
-178
-198
-132
-113
-142
-137
-142
-135
-115
-56
-62
-84
-103
-111
-164
-161
-159
-130
-138
-152
-131
-137
-104
-104
-146
-150
-150
-97
-94
-40
-54
-91
-51
-88
-69
-53
-56
-72
-89
-86
-89
-101
-126
-145
-157
-129
-176
-195
-231
-198
-159
-209
-207
-161
-183
-232
-237
-286
-204
-205
-180
-172
-169
-154
-132
-131
-189
-173
-140
-163
-167
-158
-172
-194
-166
-180
-175
-157
-170
-126
-94
-30
-96
-89
-92
-135
-182
-197
-208
-242
-233
-233
-234
-214
-238
-277
-229
-261
-246
-239
-258
-217
-160
-173
-152
-152
-167
-156
-168
-156
-190
-185
-123
-148
-133
-114
-142
-153
-146
-130
-183
-127
-133
-136
-81
-113
-96
-95
-124
-126
-173
-164
-149
-193
-225
-232
-205
-230
-204
-209
-173
-152
-194
-222
-217
-207
-237
-179
-168
-219
-238
-237
-210
-198
-193
-177
-115
-60
-86
-35
-66
-65
-83
-45
-10
-38
4
-37
-45
-92
-101
-164
-209
-249
-224
-206
-209
-226
-204
-185
-179
-165
-138
-174
-184
-203
-233
-262
-234
-220
-276
-259
-258
-199
-191
-192
-208
-199
-160
-156
-142
-129
-87
-115
-88
-82
-103
-112
-127
-141
-123
-156
-133
-122
-176
-122
-127
-111
-135
-152
-141
-208
-195
-260
-177
-205
-184
-180
-210
-187
-248
-231
-253
-235
-236
-241
-263
-263
-241
-224
-250
-246
-275
-251
-202
-210
-225
-221
-217
-215
-127
-151
-113
-129
-185
-182
-210
-178
-161
-169
-150
-153
-180
-168
-168
-176
-147
-129
-172
-165
-169
-154
-150
-185
-211
-190
-150
-92
-85
-101
-102
-81
-80
-129
-124
-111
-132
-106
-104
-111
-64
-120
-111
-81
-99
-90
-106
-150
-200
-170
-156
-187
-220
-246
-211
-223
-232
-224
-254
-268
-261
-241
-258
-252
-251
-215
-244
-252
-206
-203
-222
-255
-232
-237
-224
-188
-230
-203
-178
-112
-62
-16
32
-1
-9
-21
-45
-64
-36
-76
-78
-110
-118
-103
-134
-121
-101
-84
-91
-83
-103
-151
-150
-142
-136
-122
-101
-124
-131
-161
-103
-100
-97
-71
-91
-57
-91
-47
-73
-65
-46
-78
-80
-107
-146
-188
-165
-196
-193
-173
-151
-130
-139
-106
-84
-77
-83
-96
-141
-143
-135
-119
-97
-95
-79
-58
-54
-75
-60
-47
-50
-87
-110
-66
-69
-33
-23
-54
-101
-80
-53
-75
-61
-14
-43
-36
26
-21
-19
-16
-5
-20
-5
11
39
74
84
142
105
59
14
1
15
-22
37
58
47
42
44
55
28
6
-4
0
-28
-28
-38
-21
-33
-13
-3
-39
1
-4
13
-15
-3
-35
-108
-66
-87
-71
-106
-131
-146
-99
-143
-105
-51
-64
-43
-47
-41
-24
40
43
55
22
14
28
-10
-1
5
-30
21
11
-49
15
54
15
19
21
-18
17
34
-25
-34
-8
-29
-79
-72
-64
-72
-66
-94
-92
-89
-96
-108
-51
-95
-83
-37
-44
9
14
43
-14
-19
-11
-7
5
-20
-39
-16
7
3
21
9
57
98
92
99
116
137
147
123
122
68
85
99
91
91
55
32
40
59
83
70
63
88
108
76
26
37
0
-32
-57
-47
-34
-57
-15
-30
-64
-87
-125
-89
-88
-52
-40
15
33
50
26
41
77
100
85
67
100
86
111
120
65
53
72
70
44
43
81
102
119
100
89
81
97
115
137
133
110
143
92
85
109
93
98
130
86
57
48
42
32
-3
-3
0
-4
-55
-8
-38
-20
13
32
2
-12
47
41
16
17
44
23
14
27
68
34
28
51
69
99
99
68
59
56
57
86
90
99
66
38
-6
-10
37
1
16
9
-22
-1
-15
-26
-23
-43
-76
-57
-41
-93
-82
-45
-42
-1
26
26
42
42
-6
45
79
41
39
47
19
29
51
76
62
105
163
158
164
101
118
121
112
81
87
58
68
77
85
115
56
46
-30
-69
-88
-98
-121
-122
-146
-135
-115
-94
-73
-25
-6
-8
-2
-16
-32
-43
-17
-1
-17
20
37
-6
-13
36
41
58
103
104
71
100
122
78
73
67
73
109
87
108
101
72
95
88
87
70
124
29
-17
46
17
-43
-57
-28
-53
-58
-72
-75
-60
-55
-46
-60
-28
-37
-97
-76
-59
-61
-22
-4
31
46
59
66
53
68
74
37
11
36
29
74
23
50
53
62
87
70
96
88
134
134
146
146
121
139
93
74
100
51
19
32
18
4
-12
-11
-6
-6
10
78
102
146
170
136
105
70
85
78
58
51
28
-15
-13
32
14
54
54
80
111
76
78
119
121
126
182
101
87
86
4
-21
-43
-127
-100
-59
-102
-53
-55
-54
-32
-54
-78
-68
-92
-96
-81
-125
-90
-63
-62
-45
-14
-14
-44
-28
-29
-13
-24
22
5
16
50
36
51
72
127
106
168
168
134
128
101
115
103
111
104
119
69
66
70
14
-13
-9
-86
-109
-49
-43
-55
-60
-38
-72
-138
-77
-86
-67
-52
-11
-27
-35
48
40
107
82
94
115
93
130
98
83
88
81
34
-8
6
34
5
23
-11
-46
-45
8
54
26
28
-8
-13
-1
32
-69
-74
-65
-91
-69
-68
-31
-46
-21
-24
-18
4
12
59
-1
9
-6
29
74
106
162
172
215
172
190
192
173
127
125
127
106
102
76
44
95
102
109
113
80
61
25
47
93
154
119
121
158
160
149
184
169
123
144
132
98
73
54
58
57
65
76
93
80
109
87
77
73
85
147
136
128
128
132
135
146
155
147
150
161
190
155
207
233
192
207
246
282
297
332
326
283
262
284
308
249
261
244
197
213
154
138
101
107
132
155
152
133
95
91
64
36
69
41
37
63
52
41
46
49
13
19
82
81
84
36
45
41
45
64
56
100
133
191
209
267
266
310
317
266
310
314
290
233
211
207
222
182
179
179
141
180
184
151
119
125
122
110
110
114
117
87
103
96
63
111
85
60
72
28
34
53
55
66
104
153
169
193
202
205
162
178
156
159
132
125
112
73
82
101
155
137
125
108
131
137
87
86
111
104
126
120
130
106
150
163
152
169
171
191
207
239
209
181
190
222
210
203
182
189
241
245
237
237
219
191
156
141
137
136
96
105
107
118
58
63
40
38
81
83
51
44
58
66
89
41
32
45
9
32
55
69
83
75
47
31
2
-4
-2
-13
27
40
59
56
80
54
120
123
96
139
108
76
38
14
6
55
98
85
43
77
56
95
58
65
81
86
134
167
160
202
207
165
137
138
120
75
74
38
13
45
57
52
88
58
110
142
140
141
166
156
196
190
167
163
149
149
107
95
107
104
96
97
83
99
70
55
24
29
33
17
7
34
35
18
28
-29
0
-22
-41
-32
-17
-31
-84
-43
-47
-23
-12
6
31
24
46
96
133
117
107
111
161
132
128
128
160
125
173
217
159
180
109
130
139
102
104
95
91
70
93
70
97
152
128
128
164
210
205
174
187
160
167
183
121
130
141
115
129
121
76
100
135
97
113
114
94
61
64
35
48
92
39
-3
47
40
36
62
95
90
57
87
15
34
22
58
49
18
49
27
57
45
94
126
83
100
90
64
69
71
105
128
136
89
103
65
38
86
76
79
57
67
115
109
77
53
98
85
49
31
9
68
27
36
-9
23
46
-22
8
13
10
15
-33
-32
-30
-21
-23
-69
-3
37
61
55
73
84
102
108
61
59
38
39
50
41
42
49
-6
1
54
53
6
-10
53
34
40
36
80
90
54
100
71
61
72
62
66
72
61
40
42
38
-43
-93
-82
-91
-82
-77
-63
-47
-55
-48
-50
-42
-52
-22
10
-11
-12
-28
-25
-42
-73
-15
20
-4
37
60
61
86
92
49
85
86
70
28
39
63
24
47
43
13
11
39
40
50
49
14
18
41
66
117
70
54
27
-4
4
11
41
31
69
91
94
113
73
30
30
8
24
58
-14
-9
-4
-20
49
6
-19
6
-38
-50
-40
-52
-83
-86
-116
-132
-135
-171
-126
-132
-105
-64
-72
-72
-22
8
16
-22
-24
-30
8
59
43
3
12
8
-7
37
18
59
65
96
108
122
128
121
112
110
60
31
41
18
43
9
-32
-37
-71
-50
-38
-29
15
-4
-52
-30
-47
-33
40
-3
-67
-68
-56
-64
4
-23
-6
73
58
72
81
95
67
47
70
42
48
43
56
74
13
38
-15
25
-12
-26
13
-26
20
11
54
15
-4
24
-43
-36
-41
-72
-59
-11
10
18
-13
-15
2
-2
7
27
55
18
34
60
67
77
32
24
97
115
130
173
115
72
15
-1
-25
-25
-10
-17
-14
-26
12
23
-28
-29
-26
-37
-41
-34
-3
-58
-58
-32
-72
-48
-5
-57
-11
-38
-45
-57
-73
-30
-37
-64
-92
-41
-8
16
15
19
84
80
67
16
-6
-9
-46
-11
-73
-50
-45
-47
-29
-68
-38
-30
-34
-29
-31
-9
-17
21
51
105
120
130
166
135
103
68
39
1
-8
-43
30
85
87
96
95
76
41
-1
-2
-55
-70
-79
-67
28
35
-29
-20
-19
-53
-53
-66
-42
-32
-45
-69
-64
-36
-75
-28
41
40
50
87
94
104
118
79
68
9
39
61
51
27
26
19
32
49
23
23
-34
-28
-34
-72
-82
-74
-43
-79
-82
-113
-95
-120
-119
-85
-123
-66
-112
-97
-81
-117
-90
-103
-116
-88
-100
-66
-54
-53
-28
-15
22
14
-3
-5
23
8
60
72
121
137
75
79
52
33
5
-1
-20
10
-80
-64
-79
-130
-111
-124
-104
-123
-123
-184
-166
-96
-113
-75
-23
1
11
23
39
30
-11
-47
8
50
16
77
117
84
85
134
91
69
51
-3
10
-6
-24
21
0
7
31
-22
14
-7
14
2
-49
-14
27
23
22
65
9
-9
31
37
19
-36
-16
-3
7
10
35
17
23
59
59
46
27
30
32
25
-11
-48
-35
-21
-60
-30
-84
-119
-87
-92
-53
19
-22
-67
-75
-81
-119
-142
-156
-168
-189
-126
-128
-139
-79
-72
-61
-78
-69
-78
-57
-49
-45
-50
-11
16
9
-3
-69
-72
-109
-116
-152
-153
-176
-177
-64
-59
17
23
8
52
-21
-34
12
2
5
36
-2
-9
-7
-59
-44
-72
-105
-46
-40
7
25
62
75
41
17
-4
-55
-34
-20
-61
-73
-68
-38
-51
-16
-48
-60
-58
-111
-99
-111
-91
-80
-98
-90
-99
-104
-77
-113
-108
-90
-111
-80
-99
-111
-53
-19
-10
-2
26
25
76
146
170
148
83
80
61
65
45
19
83
75
80
77
75
97
72
101
82
54
33
-10
-86
-133
-119
-169
-156
-138
-122
-118
-108
-84
-73
-76
-95
-102
-49
-27
-2
33
2
14
-2
-11
-18
-18
-53
-26
-6
11
-2
-9
-50
8
16
2
56
-34
5
-20
-65
-35
0
-47
-60
-24
-84
-98
-109
-137
-117
-62
-60
-66
-24
5
-11
8
-1
-8
35
88
75
98
104
112
92
116
109
87
117
90
121
81
65
75
78
95
72
53
72
19
5
46
35
48
77
72
57
79
66
30
48
65
64
61
95
140
106
86
60
35
53
80
55
28
30
5
28
-2
9
12
8
25
26
15
-1
38
-26
-5
11
0
21
47
45
32
46
30
46
48
13
1
-18
11
15
45
34
87
113
21
60
6
-38
-18
-5
-22
-80
-60
-64
-40
-29
-29
0
18
51
-1
2
-15
-23
-6
2
47
34
64
95
99
115
115
132
127
94
113
153
157
117
127
206
166
205
204
126
73
94
86
11
26
3
32
-1
-5
11
1
30
49
67
-8
44
6
-23
-4
-15
-27
-47
-23
-22
-3
36
62
41
8
5
49
-26
-71
-20
-29
-50
-89
-75
-67
-70
-46
-58
-33
2
-23
-19
-41
-39
-37
-43
-34
-44
-8
-34
-45
-113
-80
-16
-50
1
31
25
54
70
122
115
104
60
73
52
-4
2
10
16
15
23
35
28
16
45
9
-31
-63
-68
-106
-90
-104
-115
-119
-129
-95
-29
-51
-82
-88
-58
-97
-86
-53
-67
-53
-70
-41
-57
-81
-110
-92
-69
-65
-14
-39
-62
-45
35
29
12
-13
-46
-7
-12
-15
-35
24
67
68
73
74
67
28
41
73
31
-3
-43
-14
0
-4
-13
-57
-20
2
30
-18
1
-7
-26
8
-18
5
23
13
-18
1
-70
-34
-70
-82
-76
-8
39
66
101
62
87
57
40
41
47
19
6
-5
3
-20
4
23
118
117
71
75
89
98
67
48
56
71
13
15
-4
25
39
31
-16
-33
-46
-62
-99
-162
-142
-139
-158
-184
-209
-236
-249
-252
-201
-164
-138
-133
-159
-172
-205
-193
-214
-234
-200
-157
-135
-109
-22
-42
-38
-4
-46
-47
-10
-63
-68
-44
-38
-42
-50
-52
-51
-17
-12
-7
-32
-7
-25
-37
-63
-58
-32
-77
-67
-2
3
-19
4
-34
-62
-87
-145
-201
-194
-225
-269
-237
-251
-315
-255
-286
-312
-270
-232
-196
-219
-197
-223
-183
-147
-155
-147
-160
-169
-179
-164
-129
-157
-218
-221
-188
-189
-188
-212
-190
-156
-169
-143
-124
-140
-73
-58
-116
-117
-153
-149
-183
-167
-191
-176
-189
-174
-202
-260
-245
-238
-194
-267
-220
-197
-175
-154
-164
-197
-197
-171
-200
-175
-134
-156
-172
-163
-146
-134
-109
-137
-112
-113
-179
-142
-171
-152
-144
-148
-163
-174
-148
-153
-195
-165
-150
-174
-165
-166
-167
-180
-227
-257
-234
-217
-239
-261
-257
-307
-322
-263
-286
-301
-281
-271
-298
-316
-333
-292
-281
-295
-292
-261
-209
-268
-219
-211
-210
-189
-186
-193
-209
-180
-170
-184
-216
-163
-135
-110
-163
-157
-139
-105
-105
-103
-85
-152
-160
-143
-167
-210
-159
-180
-242
-234
-202
-213
-168
-191
-198
-184
-201
-202
-257
-264
-284
-284
-312
-339
-313
-323
-303
-274
-260
-242
-253
-255
-292
-307
-294
-284
-268
-221
-196
-186
-173
-185
-181
-229
-273
-260
-253
-236
-225
-222
-206
-176
-165
-154
-139
-159
-199
-211
-232
-260
-259
-285
-268
-265
-230
-208
-212
-224
-276
-271
-322
-338
-341
-311
-286
-280
-271
-207
-215
-277
-250
-230
-252
-267
-258
-250
-294
-243
-268
-282
-254
-321
-279
-266
-217
-198
-192
-220
-149
-115
-187
-171
-218
-235
-214
-229
-257
-257
-302
-299
-309
-339
-359
-346
-289
-300
-273
-220
-210
-250
-243
-218
-300
-314
-259
-270
-265
-225
-224
-204
-205
-205
-214
-207
-183
-169
-192
-213
-192
-204
-188
-238
-229
-247
-247
-234
-241
-311
-292
-291
-273
-269
-262
-192
-233
-229
-220
-213
-220
-190
-192
-241
-213
-198
-264
-246
-215
-203
-199
-241
-196
-145
-136
-135
-132
-178
-165
-171
-163
-184
-185
-199
-208
-184
-191
-162
-136
-109
-170
-162
-144
-163
-188
-209
-202
-208
-186
-268
-268
-240
-256
-256
-247
-269
-252
-272
-250
-237
-228
-177
-203
-209
-169
-144
-156
-170
-180
-125
-103
-55
-37
-55
-45
-44
-59
-18
-39
-44
-49
-92
-144
-124
-102
-115
-132
-100
-136
-135
-100
-139
-138
-137
-155
-207
-193
-229
-224
-154
-176
-135
-147
-97
-97
-127
-66
-72
-46
-32
-13
9
8
6
-4
-33
-32
-21
6
-9
-35
-3
-18
-4
12
8
-27
-49
-28
17
34
43
38
52
2
38
55
-26
-69
-27
-13
-13
-16
-34
-4
12
22
-39
-37
-15
-39
-69
-28
-60
-4
18
87
74
83
177
116
142
150
171
127
123
139
105
97
96
154
115
104
64
86
67
10
31
-5
-8
-8
-25
-77
-64
-40
-49
-58
8
12
-3
42
64
18
37
119
92
93
111
127
195
187
170
188
216
259
270
301
273
252
267
260
278
296
295
277
259
254
241
207
188
195
189
182
182
193
192
206
185
246
267
258
217
228
243
179
155
159
165
154
204
235
310
319
325
396
383
408
378
336
383
361
365
426
412
388
416
367
365
396
391
377
362
377
373
369
387
341
339
370
288
287
289
320
331
324
318
319
293
280
293
264
280
259
267
255
258
258
218
206
202
225
235
236
261
259
251
268
295
316
339
349
354
372
405
366
395
323
307
311
303
298
269
302
296
335
298
382
388
335
388
396
422
411
403
436
468
471
466
488
516
460
446
439
410
406
390
409
401
415
401
405
394
402
447
442
436
443
431
440
429
434
432
411
390
384
391
371
358
321
305
331
358
315
323
343
355
424
400
385
344
354
369
346
371
339
303
294
312
280
298
313
268
276
308
341
346
370
337
332
372
350
294
326
319
278
333
368
352
342
401
390
388
414
423
441
431
393
380
385
349
298
261
267
255
226
226
202
162
193
143
163
181
191
192
215
220
207
196
176
178
181
173
167
167
190
126
135
140
156
166
115
131
98
92
150
183
159
159
172
183
168
195
179
156
132
130
145
171
233
148
130
108
125
145
123
185
168
176
233
242
242
224
243
188
236
187
163
189
216
267
263
282
210
227
257
254
245
274
240
228
217
243
229
256
231
270
260
199
217
155
112
80
23
18
30
17
45
47
42
9
-2
-36
-26
27
41
-1
42
34
16
12
2
21
37
53
43
65
78
125
126
149
120
133
169
178
175
113
98
68
79
49
63
101
121
92
101
107
45
46
45
55
72
18
48
28
-1
-34
-26
-37
-102
-72
-72
-31
-9
44
48
58
78
18
34
3
-17
-37
-20
-36
1
-9
16
32
59
78
75
111
38
56
79
37
20
11
0
7
-32
-53
-49
-59
-49
-28
-47
-67
-34
7
-6
30
62
11
15
0
9
-29
-48
-49
-59
-46
-74
-45
-28
-51
19
-16
-2
17
16
61
68
76
19
12
15
11
15
-1
-30
-38
-57
-37
-15
12
-12
-4
8
-8
4
-14
-9
-15
10
12
-53
-46
-25
6
31
49
58
83
138
122
98
146
162
125
127
164
117
135
176
129
133
104
113
106
87
80
41
79
45
62
90
43
63
80
67
44
31
22
25
50
39
47
48
54
45
-10
-8
-83
-118
-105
-99
-100
-89
-91
-30
-49
-13
-11
10
10
18
51
48
67
46
45
16
27
49
22
82
149
128
138
137
165
215
235
207
193
161
176
181
202
220
208
269
238
287
282
232
255
244
225
248
284
239
220
186
219
167
173
171
164
174
130
153
128
149
116
106
140
117
104
96
97
68
66
38
47
25
24
64
19
72
32
46
86
41
114
163
128
163
134
165
150
123
150
134
152
166
165
162
191
187
207
208
138
151
145
166
120
104
122
93
113
107
142
105
127
131
161
160
164
178
177
210
200
182
159
185
188
128
142
148
143
138
88
123
125
140
114
103
149
131
141
180
168
150
173
189
132
206
145
176
249
179
218
250
256
256
265
251
238
214
242
220
183
183
163
155
193
204
144
135
126
112
114
143
113
102
133
203
208
99
120
269
252
138
110
220
419
354
211
290
420
459
402
400
476
461
407
473
538
496
561
617
631
629
639
648
607
551
515
528
501
451
417
326
241
282
202
100
28
-53
-69
-180
-283
-304
-307
-385
-416
-446
-477
-493
-545
-556
-518
-561
-641
-659
-670
-691
-696
-735
-827
-761
-650
-608
-679
-719
-564
-330
-380
-435
-311
-105
139
150
271
414
535
678
784
922
1027
1149
1235
1297
1390
1457
1569
1629
1651
1658
1697
1763
1799
1723
1687
1695
1688
1647
1578
1453
1393
1282
1064
921
829
724
510
258
75
-66
-248
-497
-808
-1045
-1224
-1494
-1732
-1984
-2177
-2440
-2613
-2754
-2456
-2289
-3056
-3695
-3041
-1709
-1917
-3359
-3608
-1696
-366
-1595
-2751
-1526
351
121
-1152
-668
1217
1614
323
8
1458
2486
1799
1048
1569
2416
2349
1911
2095
2572
2278
1730
1878
2398
2284
1609
1323
1601
1556
1054
875
1133
1094
441
-3
287
533
326
-209
-538
-235
141
119
-261
-360
-100
138
83
-133
9
285
289
123
204
464
690
610
458
421
483
644
616
353
259
330
212
-104
-379
-426
-592
-1056
-1370
-1417
-1545
-1683
-1749
-2092
-2658
-2715
-2022
-1835
-2648
-3363
-2550
-1384
-1680
-2653
-2296
-1030
-734
-1492
-1515
-298
359
-198
-673
74
1027
971
443
514
1209
1524
1205
1161
1598
1755
1416
1218
1490
1814
1601
1204
1231
1408
1350
1205
1309
1213
881
716
821
828
582
483
637
638
285
260
642
833
413
77
334
708
746
479
477
658
712
653
707
873
825
570
438
492
427
347
237
-29
-328
-534
-603
-592
-889
-1524
-1815
-1866
-1867
-2291
-2460
-2164
-2565
-3584
-3737
-2454
-2021
-3296
-4427
-3406
-1665
-1928
-3436
-3178
-1413
-946
-2133
-2300
-551
527
-476
-1556
-544
1044
943
-112
-139
1068
1479
800
671
1571
1970
1189
678
1312
2156
1840
1055
1087
1493
1439
1029
1057
1400
1219
609
627
944
847
681
688
634
327
386
796
1001
616
265
571
882
779
720
909
995
714
531
781
956
777
478
411
363
429
448
245
-62
-367
-555
-706
-836
-1031
-1324
-1724
-2032
-2185
-2377
-2802
-2785
-2472
-3178
-4393
-4245
-2668
-2347
-4036
-5301
-3781
-1686
-2402
-4369
-3906
-1620
-1206
-2986
-3277
-1011
276
-1198
-2628
-1268
934
672
-980
-957
740
1369
317
30
1341
2042
981
191
1195
2496
2007
867
1123
1998
1986
1262
1346
2050
1887
995
778
1688
2271
1489
713
976
1754
1699
1171
1139
1427
1366
902
809
1172
1353
948
533
475
654
714
475
152
-80
-165
-194
-311
-471
-681
-998
-1365
-1609
-1598
-1658
-1991
-2463
-2732
-2776
-2916
-3253
-3648
-3667
-3268
-3432
-4486
-4922
-3711
-2628
-3430
-5069
-4740
-2443
-1598
-3273
-4212
-2516
-772
-1632
-3012
-1981
133
-14
-1839
-1799
379
1461
151
-1004
111
1644
1219
240
716
1934
1679
461
516
1920
2398
1227
592
1359
2078
1543
983
1541
1932
1276
770
1370
1858
1560
1124
1216
1375
1368
1432
1655
1589
1101
970
1238
1443
1276
1103
1027
756
581
759
860
519
52
-131
-231
-335
-389
-587
-1004
-1411
-1571
-1594
-1755
-2020
-2282
-2681
-3042
-3154
-3153
-3468
-3957
-4202
-3742
-3775
-4864
-5354
-4197
-3224
-4097
-5555
-5084
-2976
-2323
-3849
-4569
-2962
-1488
-2268
-3317
-2204
-407
-603
-2149
-1867
73
851
-337
-1067
165
1351
912
198
922
2035
1722
751
1033
2314
2449
1435
1179
2041
2597
2107
1591
2011
2514
2173
1661
1896
2385
2314
1743
1505
1781
1942
1707
1377
1285
1200
1026
784
666
710
546
155
-144
-173
-115
-273
-658
-855
-836
-958
-1206
-1435
-1420
-1475
-1790
-2049
-2051
-1993
-2213
-2561
-2785
-2807
-2813
-3144
-3618
-3765
-3851
-3470
-3104
-3986
-5267
-4756
-2912
-2706
-4595
-5796
-4111
-1886
-2742
-4972
-4396
-1787
-1391
-3556
-3886
-1189
327
-1501
-3195
-1530
1087
771
-1201
-1209
736
1566
556
161
1409
2294
1532
872
1641
2834
2766
1828
1685
2288
2673
2450
2216
2508
2453
2041
1907
2395
2606
2363
1799
1477
1775
2105
1887
1347
1020
1020
1117
934
721
657
624
195
-169
26
356
216
-461
-677
-424
-300
-484
-749
-761
-850
-1150
-1441
-1275
-1141
-1544
-2126
-2351
-2154
-2109
-2532
-3021
-3193
-3228
-3613
-3984
-3489
-3305
-4558
-5586
-4614
-3114
-3494
-5347
-5652
-3666
-2454
-3825
-5088
-3667
-1805
-2430
-3995
-3105
-647
-266
-2042
-2510
-366
1258
352
-802
227
1922
1745
801
1396
3055
3176
1808
1560
3202
4117
3053
2087
2811
3820
3355
2531
2826
3652
3327
2271
2139
2976
3205
2336
1561
1691
2194
1936
1310
1165
1339
1101
565
377
672
795
153
-416
-306
39
13
-312
-563
-490
-538
-740
-859
-862
-896
-1216
-1451
-1520
-1373
-1374
-1737
-2021
-2170
-2236
-2486
-2632
-2865
-3165
-3465
-3794
-4005
-3537
-3206
-4180
-5317
-4756
-3179
-3190
-4831
-5617
-3947
-2482
-3621
-4908
-3474
-1481
-2121
-3774
-2768
10
485
-1696
-2173
335
1947
634
-553
985
2787
2095
746
1739
3842
3730
1785
1568
3581
4528
3193
2210
3103
4034
3273
2312
3067
4019
3124
1711
1953
3088
3003
1796
1250
1810
2041
1524
1097
1278
1401
921
399
484
892
862
321
-116
-41
297
254
-88
-270
-270
-304
-522
-582
-433
-465
-788
-1146
-1092
-887
-1003
-1412
-1719
-1812
-1900
-1998
-2153
-2402
-2718
-2907
-3138
-3393
-3561
-3174
-3107
-4191
-5097
-4363
-3051
-3129
-4546
-5222
-3674
-2178
-2959
-4243
-3455
-1677
-1548
-2732
-2484
-437
517
-656
-1415
82
1827
1486
448
884
2287
2466
1757
2027
3248
3633
2611
2188
3269
4210
3598
2682
2959
3661
3475
2786
3142
3630
3036
2248
2416
3036
2991
2253
1693
1968
2162
1934
1582
1512
1493
1288
973
990
1137
999
589
195
113
250
219
-126
-449
-554
-502
-567
-799
-900
-959
-1172
-1501
-1758
-1621
-1557
-1864
-2283
-2517
-2362
-2324
-2601
-3089
-3203
-3259
-3502
-3917
-3638
-3012
-3679
-4773
-4641
-3196
-2662
-3583
-4705
-3988
-2332
-2155
-3191
-3256
-1799
-1051
-1738
-2099
-649
779
284
-677
-34
1726
2175
1301
1049
2178
2886
2367
2140
3018
3865
3218
2317
2791
3991
3999
2880
2571
3319
3599
2921
2612
3164
3426
2634
1976
2400
3037
2756
1730
1433
1846
2025
1606
1241
1262
1263
932
591
682
933
654
145
-53
117
193
-6
-273
-435
-521
-486
-470
-588
-695
-853
-1039
-1120
-1033
-1020
-1137
-1439
-1492
-1637
-1789
-1834
-1937
-2190
-2496
-2719
-2757
-2902
-2863
-2547
-2923
-3840
-3884
-2764
-2330
-3052
-4019
-3611
-2212
-1992
-2993
-3182
-1924
-1221
-1911
-2142
-879
444
143
-807
-226
1335
1873
1062
839
1869
2609
2092
1896
2757
3514
3046
2258
2737
3885
3958
3057
2821
3426
3692
3161
2884
3302
3421
2793
2354
2533
2961
2696
1968
1686
1959
1944
1601
1442
1398
1197
782
585
788
913
527
81
-90
114
170
-94
-261
-330
-458
-601
-650
-571
-617
-821
-1055
-1028
-1042
-1007
-1131
-1265
-1394
-1557
-1523
-1488
-1687
-1895
-2002
-2310
-2469
-2574
-2647
-2456
-2443
-3151
-3689
-3194
-2324
-2446
-3239
-3565
-2694
-1871
-2136
-2689
-2138
-1251
-1279
-1707
-1219
67
543
-115
-376
742
1799
1594
1009
1400
2261
2332
2014
2355
3192
3385
2626
2440
3221
3786
3309
2695
2805
3218
3140
2739
2693
2946
2903
2507
2187
2323
2634
2486
1764
1413
1567
1656
1495
1270
1106
898
812
701
769
818
629
160
-36
152
318
125
-219
-323
-345
-426
-458
-473
-435
-585
-945
-998
-662
-574
-860
-1142
-1215
-1112
-1126
-1320
-1501
-1462
-1848
-2164
-2101
-2035
-2312
-2470
-2110
-2417
-3202
-3167
-2271
-2001
-2680
-3325
-2834
-1571
-1325
-2111
-2157
-1168
-652
-967
-993
-94
777
445
-203
371
1778
2057
1296
1153
1926
2505
2141
2061
2698
3085
2585
2061
2597
3380
3269
2377
2123
2607
2926
2543
2183
2453
2536
2130
1628
1938
2445
2141
1410
1164
1400
1616
1455
1030
913
886
764
676
767
885
641
249
198
493
642
414
179
26
31
-19
12
112
-20
-235
-416
-354
-84
25
-463
-847
-591
-541
-824
-1032
-1031
-1159
-1488
-1712
-1867
-1903
-1898
-2198
-2316
-2244
-2585
-2934
-2613
-2037
-2321
-2899
-3055
-2170
-1437
-1837
-2306
-1799
-913
-757
-1055
-721
247
516
-58
-93
984
1808
1379
796
1239
2059
2120
1687
1908
2585
2631
2029
1911
2708
3201
2581
1854
2116
2704
2616
2105
2039
2388
2249
1695
1790
2160
2057
1526
1204
1191
1478
1462
1106
958
973
887
648
680
831
760
495
249
273
492
489
211
5
91
262
262
79
44
105
74
-42
-60
3
-33
-348
-591
-397
-380
-654
-896
-966
-1108
-1335
-1487
-1559
-1781
-2069
-2237
-1894
-1982
-2707
-3003
-2537
-2084
-2440
-3136
-3173
-2169
-1746
-2382
-2763
-1900
-1048
-1369
-1728
-1105
-178
-213
-824
-629
400
903
337
105
808
1428
1225
1053
1614
2161
1901
1382
1784
2583
2741
2050
1805
2270
2638
2339
2088
2372
2485
2225
1942
2160
2494
2413
1865
1613
1830
2019
1748
1424
1379
1343
1169
1034
1059
1084
868
582
509
570
571
370
175
133
185
72
-5
1
52
-122
-244
-230
-161
-135
-441
-621
-476
-495
-777
-986
-907
-984
-1384
-1480
-1421
-1639
-2083
-2322
-2064
-1788
-2536
-3210
-2949
-2238
-2329
-3152
-3586
-3018
-2102
-2466
-3113
-2678
-1709
-1748
-2215
-1861
-830
-464
-954
-1234
-458
573
355
-172
238
1131
1314
931
1205
2021
2206
1727
1586
2276
2817
2577
2149
2320
2667
2627
2324
2360
2572
2493
2156
1905
2206
2511
2232
1699
1648
1949
1967
1667
1523
1477
1450
1278
1175
1164
1215
1121
839
649
702
888
723
444
373
403
374
255
172
102
-108
-140
-228
-326
-401
-435
-629
-783
-878
-1002
-1130
-1174
-1360
-1731
-1970
-1958
-2012
-2413
-2710
-2625
-2409
-2913
-3529
-3428
-2765
-2750
-3392
-3848
-3474
-2574
-2653
-3245
-3164
-2324
-1991
-2210
-2084
-1352
-727
-1080
-1326
-641
309
430
4
131
960
1491
1211
1283
1981
2291
2022
1934
2443
3049
2987
2453
2419
2858
3048
2670
2484
2783
2795
2565
2274
2445
2730
2507
1904
1777
2204
2046
1691
1570
1611
1483
1174
1019
1039
1087
827
464
417
552
484
288
176
88
65
39
-23
-102
-37
-164
-412
-386
-284
-373
-576
-594
-634
-763
-860
-963
-1038
-1131
-1415
-1759
-1955
-1940
-2216
-2627
-2917
-2526
-2699
-3472
-3783
-3363
-3001
-3569
-4095
-4114
-3286
-2952
-3518
-3637
-2935
-2409
-2497
-2508
-1962
-1158
-969
-1280
-1032
-34
566
275
203
828
1497
1561
1517
2043
2528
2587
2337
2618
3265
3471
3148
2910
3257
3605
3489
3063
3085
3325
3214
2793
2791
3090
3009
2490
2118
2277
2266
1927
1514
1435
1474
1226
921
847
940
838
491
237
317
418
160
-158
-237
-172
-248
-450
-533
-481
-496
-645
-801
-855
-786
-732
-924
-1243
-1160
-1145
-1429
-1586
-1550
-1783
-2109
-2106
-2264
-2571
-2835
-3047
-2970
-2737
-3305
-3885
-3635
-3068
-3199
-3906
-4064
-3588
-2937
-3073
-3536
-3267
-2513
-2310
-2573
-2314
-1475
-1026
-1197
-1310
-593
472
605
353
585
1318
1847
1810
1929
2549
2993
2800
2693
3157
3750
3762
3353
3322
3609
3775
3585
3314
3397
3444
3063
2783
3047
3148
2554
2079
2195
2224
1877
1623
1351
1164
1033
767
562
542
527
213
-143
-134
10
-187
-528
-622
-644
-686
-791
-832
-811
-804
-947
-1124
-1066
-966
-1004
-1200
-1351
-1421
-1364
-1449
-1640
-1771
-1962
-2039
-2210
-2396
-2471
-2759
-2931
-2945
-2777
-2913
-3670
-3865
-3273
-2987
-3584
-3918
-3714
-3201
-2915
-3267
-3304
-2770
-2256
-2308
-2268
-1748
-997
-681
-866
-574
335
1028
967
922
1478
2191
2353
2290
2766
3341
3434
3158
3322
3845
4110
3862
3563
3693
3962
3857
3497
3316
3334
3158
2783
2589
2675
2561
2052
1706
1642
1571
1433
1006
701
698
542
314
81
48
-40
-309
-509
-460
-391
-592
-733
-751
-779
-858
-835
-928
-971
-908
-1010
-1075
-941
-814
-1076
-1231
-1094
-981
-1210
-1424
-1463
-1608
-1680
-1832
-2139
-2311
-2239
-2464
-2791
-2941
-2685
-2625
-3274
-3654
-3299
-2797
-3016
-3534
-3626
-3110
-2510
-2808
-3095
-2610
-1829
-1853
-2079
-1528
-637
-240
-524
-384
470
1247
1187
1057
1423
2293
2524
2231
2625
3292
3381
2969
3057
3670
4013
3621
3168
3395
3774
3578
3128
3007
3147
2930
2359
2105
2299
2328
1788
1104
922
1156
1092
500
69
214
99
-201
-327
-294
-357
-641
-861
-831
-632
-674
-942
-1160
-1095
-901
-922
-1183
-1215
-1005
-1070
-1261
-1066
-761
-869
-1165
-1216
-1003
-879
-1095
-1315
-1362
-1300
-1436
-1723
-1853
-1869
-2162
-2512
-2707
-2429
-2283
-3058
-3449
-3034
-2523
-2865
-3309
-3339
-2811
-2341
-2726
-2914
-2364
-1701
-1727
-1785
-1244
-444
2
-287
-124
764
1500
1337
1252
1876
2591
2684
2525
3016
3535
3603
3264
3310
3830
4035
3666
3254
3352
3551
3361
2905
2818
2951
2680
2249
2076
2108
1975
1488
964
866
1016
793
223
11
4
-178
-405
-450
-519
-650
-874
-938
-808
-766
-876
-1008
-924
-859
-681
-621
-671
-766
-763
-732
-661
-507
-474
-608
-662
-659
-691
-639
-705
-876
-1096
-1157
-1156
-1222
-1411
-1592
-1911
-1955
-1983
-2081
-2075
-2500
-2873
-2776
-2375
-2567
-2972
-3106
-2730
-2248
-2413
-2537
-2210
-1651
-1512
-1592
-1307
-498
21
-187
-194
541
1325
1310
1206
1449
2068
2416
2306
2498
2998
3218
2962
2931
3315
3647
3501
3152
3112
3364
3326
2969
2756
2759
2513
2013
1706
1873
1794
1282
805
552
662
689
283
-306
-228
-130
-361
-521
-490
-447
-691
-843
-698
-458
-458
-629
-720
-636
-442
-356
-294
-291
-425
-361
-197
-110
0
-46
-258
-324
-155
-98
-248
-376
-538
-711
-666
-748
-1074
-1226
-1452
-1704
-2011
-1880
-1702
-2438
-2916
-2755
-2600
-2688
-2915
-3298
-3172
-2627
-2596
-2916
-2653
-2065
-1992
-1992
-1620
-973
-452
-382
-477
64
916
1107
1001
1342
1952
2226
2138
2420
2900
3157
2976
2938
3309
3628
3532
3195
3177
3403
3402
3119
2892
2848
2741
2261
1816
1783
1939
1474
850
563
602
577
336
62
-163
-196
-336
-395
-329
-287
-478
-656
-628
-325
-132
-277
-471
-451
-175
-36
69
187
273
117
115
342
541
506
285
118
133
333
300
18
-232
-385
-524
-650
-742
-997
-1397
-1641
-1810
-2054
-1917
-1947
-2668
-3056
-2847
-2616
-2801
-3019
-3319
-3140
-2564
-2676
-2834
-2539
-2030
-2022
-1942
-1440
-862
-469
-486
-436
76
887
1108
1035
1273
1823
2109
2153
2460
2797
2971
2881
2872
3200
3510
3379
3050
2984
3114
3116
2878
2712
2623
2425
2080
1751
1746
1717
1341
733
509
733
642
206
-12
11
-125
-207
-342
-289
-191
-343
-539
-487
-190
-25
-59
-156
-26
171
259
280
395
396
321
338
442
440
400
403
244
169
250
268
-19
-102
-218
-550
-718
-761
-1051
-1462
-1649
-1935
-2351
-2418
-2202
-2766
-3405
-3475
-3051
-2955
-3346
-3783
-3816
-3035
-2794
-3186
-3153
-2575
-2213
-2133
-1961
-1432
-775
-543
-669
-386
696
1218
983
972
1560
2284
2391
2377
2660
3227
3217
2980
3152
3612
3789
3313
2960
3172
3454
3251
2846
2671
2658
2474
1963
1642
1694
1505
914
475
528
602
289
-94
-195
-129
-217
-379
-410
-215
-293
-494
-541
-323
-112
-138
-212
-123
191
241
173
297
527
450
321
354
512
548
392
322
454
377
121
-62
-94
-307
-650
-789
-992
-1190
-1394
-1677
-2049
-2207
-2286
-2671
-2835
-2640
-3094
-3685
-3558
-3021
-3124
-3576
-3716
-3438
-2736
-2679
-2953
-2750
-2105
-1698
-1707
-1420
-659
-33
-42
-27
498
1417
1824
1678
1673
2311
2892
2902
2895
3197
3556
3395
3239
3431
3818
3754
3254
2929
3102
3255
2999
2579
2363
2277
1949
1616
1448
1361
1064
563
224
221
369
37
-289
-359
-394
-373
-367
-416
-363
-322
-447
-410
-60
134
88
55
90
272
426
424
411
523
425
331
447
592
336
127
152
72
-28
-85
-181
-464
-675
-812
-987
-1301
-1416
-1665
-2027
-2267
-2467
-2601
-2857
-2940
-2803
-3128
-3710
-3577
-3000
-3009
-3372
-3642
-3475
-2608
-2231
-2582
-2500
-1845
-1347
-1219
-1026
-429
221
330
245
646
1622
2050
1708
1626
2248
2908
2887
2870
3149
3440
3307
3073
3222
3582
3578
2986
2625
2730
2902
2561
1988
1758
1721
1508
1075
815
873
730
209
-310
-142
196
-108
-726
-730
-376
-477
-626
-554
-423
-371
-431
-477
-259
20
19
-58
-14
260
486
487
420
440
610
637
520
458
622
564
128
186
369
170
-83
-191
-346
-549
-680
-871
-1105
-1255
-1445
-1778
-1850
-1915
-2313
-2545
-2675
-2529
-2374
-2804
-3273
-3044
-2238
-2249
-2920
-2979
-2322
-1719
-1715
-1896
-1644
-916
-475
-549
-409
400
1069
944
832
1343
2255
2503
2129
2038
2672
3110
2914
2753
3015
3215
2893
2602
2797
3134
2973
2290
2001
2187
2247
1846
1374
1255
1244
962
535
439
460
329
-157
-434
-226
24
-246
-653
-568
-416
-433
-579
-479
-316
-287
-362
-316
-31
126
95
-20
58
291
410
357
288
483
588
387
287
448
596
343
65
151
214
87
-113
-305
-359
-358
-568
-837
-925
-1059
-1252
-1300
-1469
-1724
-1791
-1878
-2069
-2154
-1945
-1926
-2265
-2463
-2198
-1699
-1664
-2042
-2140
-1493
-851
-1011
-1208
-789
-198
-62
-61
162
753
1225
1025
800
1375
2069
1980
1560
1647
2114
2237
2014
1946
2169
2222
1906
1682
1872
2050
1714
1224
1091
1242
1208
889
587
613
522
230
136
289
290
-58
-322
-297
-59
98
-105
-398
-311
-93
-122
-143
57
159
66
37
234
456
502
406
285
452
693
773
766
725
684
792
718
664
784
685
358
210
340
328
64
-197
-177
-249
-448
-527
-674
-791
-1064
-1299
-1331
-1382
-1572
-1748
-1839
-2000
-2157
-1901
-1673
-2043
-2496
-2104
-1433
-1508
-1980
-2190
-1495
-872
-1038
-1371
-1033
-342
-218
-458
-326
372
780
514
189
738
1525
1537
1029
978
1643
1881
1627
1438
1733
1951
1659
1319
1547
1900
1746
1194
971
1299
1495
1139
806
826
838
651
427
601
739
570
260
265
511
648
569
292
322
485
529
374
453
550
449
265
292
585
677
587
372
426
643
708
598
477
551
492
354
285
440
477
266
12
49
215
154
-129
-360
-313
-271
-479
-766
-810
-751
-883
-1131
-1279
-1242
-1282
-1515
-1710
-1737
-1852
-1855
-1532
-1790
-2395
-2407
-1681
-1542
-2003
-2291
-2020
-1333
-1194
-1628
-1693
-985
-585
-779
-772
-326
191
192
-115
2
663
1026
766
555
936
1405
1449
1278
1438
1728
1707
1498
1550
1948
2047
1612
1311
1484
1676
1575
1166
1127
1275
1149
910
924
1119
1014
645
422
688
932
747
421
446
608
605
425
461
601
562
443
298
468
671
605
303
286
507
601
545
443
490
537
501
280
348
470
261
-39
-109
32
-31
-235
-373
-510
-558
-507
-682
-921
-865
-915
-1329
-1379
-1172
-1319
-1625
-1719
-1672
-1696
-1693
-1924
-1982
-1590
-1771
-2439
-2304
-1470
-1367
-2098
-2473
-1877
-1140
-1045
-1589
-1716
-891
-358
-695
-852
-148
492
348
-56
221
1121
1493
1033
690
1187
1820
1730
1526
1800
2107
2029
1811
1923
2364
2394
1930
1637
1796
2060
1885
1481
1354
1415
1260
903
886
1024
900
488
118
329
667
522
22
-151
48
94
-47
-213
-127
-67
-220
-376
-270
0
6
-224
-301
-74
144
88
13
51
115
70
92
94
144
149
16
-93
-28
106
-12
-227
-337
-382
-284
-311
-522
-553
-585
-714
-763
-735
-867
-1033
-1112
-1192
-1362
-1341
-1388
-1547
-1673
-1839
-1786
-1445
-1746
-2377
-2212
-1438
-1303
-1931
-2205
-1681
-879
-947
-1509
-1455
-626
-232
-533
-605
80
682
478
157
450
1234
1481
1093
935
1447
1941
1780
1513
1729
2023
1841
1596
1594
1900
1874
1385
1165
1335
1493
1320
996
867
877
794
648
502
470
396
172
-22
92
188
16
-136
-66
53
-6
-42
-51
64
148
88
-1
110
259
281
153
129
310
461
431
317
315
341
351
286
211
265
331
181
86
106
235
211
11
0
99
-15
-120
-114
-120
-323
-353
-365
-520
-536
-543
-652
-743
-649
-758
-898
-873
-926
-1232
-1317
-1257
-884
-1041
-1881
-1964
-1212
-803
-1347
-1914
-1787
-971
-603
-1151
-1542
-955
-244
-478
-819
-389
388
453
-60
-97
705
1312
930
527
791
1365
1405
1124
1205
1590
1655
1318
1310
1761
2054
1770
1303
1289
1614
1703
1313
1046
1207
1354
1174
908
986
1189
1066
707
557
793
941
776
579
508
606
751
638
541
639
600
447
280
427
631
537
303
292
438
571
523
364
344
437
363
212
297
423
370
189
119
187
352
340
109
41
234
314
119
14
196
61
-160
-112
-22
-108
-143
-192
-390
-330
-268
-510
-772
-692
-767
-1066
-1128
-1161
-1288
-1114
-1341
-2105
-2148
-1400
-1320
-2002
-2421
-2147
-1458
-1337
-1846
-2047
-1376
-914
-1177
-1269
-690
-33
-154
-507
-184
642
1058
812
586
947
1614
1723
1635
1736
2058
2222
2132
2220
2505
2694
2512
2353
2385
2523
2573
2420
2231
2091
2081
2004
1833
1764
1630
1430
1144
1007
966
877
658
339
124
98
37
-91
-243
-311
-390
-500
-558
-502
-447
-527
-665
-648
-445
-316
-296
-323
-218
-94
-46
38
259
342
250
247
427
633
682
693
702
712
760
718
710
773
764
574
403
345
342
307
103
-138
-319
-440
-561
-671
-827
-1110
-1264
-1335
-1490
-1610
-1807
-2028
-2133
-1817
-1965
-2635
-2585
-1927
-1721
-2149
-2356
-2050
-1242
-871
-1344
-1455
-727
-48
-82
-220
271
954
1073
883
1027
1709
2216
2024
1840
2148
2678
2725
2603
2698
2841
2795
2638
2647
2734
2704
2487
2166
1941
1930
1842
1615
1297
1108
991
865
753
554
389
240
59
-67
-129
-78
-95
-317
-514
-437
-286
-272
-317
-312
-271
-189
-58
103
234
295
373
442
574
748
852
830
781
931
1171
1232
1220
1225
1218
1103
1139
1173
1126
1017
874
773
595
581
572
385
129
28
-16
-132
-217
-344
-560
-735
-775
-848
-920
-977
-1054
-1223
-1353
-1316
-1316
-1416
-1531
-1605
-1610
-1593
-1577
-1321
-1307
-1673
-1628
-1160
-935
-1114
-1306
-1139
-628
-376
-587
-690
-308
166
127
-13
389
923
1003
792
823
1308
1709
1608
1336
1448
1833
1880
1816
1724
1738
1737
1648
1531
1443
1568
1523
1298
1018
995
1031
1050
946
623
546
629
605
486
365
247
216
230
179
166
224
148
43
41
139
245
263
253
236
324
452
545
546
525
528
562
576
697
727
755
746
720
713
803
896
782
672
672
751
718
671
577
479
442
377
293
314
238
62
-73
1
37
-109
-238
-286
-274
-367
-512
-630
-734
-707
-870
-1089
-1132
-1088
-1161
-1448
-1557
-1478
-1522
-1641
-1694
-1762
-1834
-1715
-1709
-2017
-2048
-1757
-1589
-1774
-1828
-1711
-1414
-1022
-1002
-1113
-830
-305
-180
-118
204
531
680
710
866
1221
1509
1529
1431
1531
1801
1940
1931
1952
2027
2033
2020
2050
2090
2059
1900
1698
1554
1481
1405
1306
1081
897
776
680
595
453
360
163
72
47
46
18
-105
-159
-172
-184
-178
-105
-71
-88
-134
-48
128
148
109
101
209
345
427
489
533
604
603
567
611
738
700
555
549
589
590
440
363
312
251
176
54
19
17
-118
-338
-485
-508
-484
-683
-828
-847
-932
-1072
-1236
-1215
-1153
-1320
-1483
-1561
-1504
-1541
-1651
-1685
-1709
-1711
-1631
-1605
-1710
-1731
-1652
-1569
-1599
-1500
-1289
-1288
-1428
-1368
-1033
-825
-871
-1006
-816
-308
-162
-318
-189
195
408
433
526
801
1009
1095
1039
1052
1295
1439
1365
1229
1281
1435
1436
1338
1237
1188
1131
1051
1040
1057
1003
886
790
708
593
512
522
384
234
196
220
168
73
9
60
39
10
-6
-1
67
46
-14
-48
70
88
80
18
-22
43
17
30
-28
-14
35
-5
4
26
85
127
93
148
136
121
145
66
10
9
-10
-33
-106
-126
-113
-134
-215
-263
-290
-305
-320
-385
-406
-487
-467
-572
-598
-687
-710
-703
-845
-905
-911
-889
-950
-938
-958
-981
-982
-1040
-1077
-1134
-1081
-1041
-1173
-1203
-1109
-1131
-1130
-1186
-1132
-1098
-1152
-1134
-1076
-861
-830
-875
-866
-625
-376
-393
-409
-303
-92
-21
8
-9
154
274
351
314
387
573
642
678
644
678
728
805
796
799
759
771
782
739
736
644
663
607
590
530
504
451
368
421
394
370
331
313
301
204
90
77
70
36
-62
-127
-55
-14
-32
-60
-36
46
102
72
14
34
142
180
173
162
167
189
195
156
92
107
115
33
13
-10
-78
-106
-108
-170
-249
-268
-274
-239
-331
-462
-493
-480
-536
-662
-734
-690
-740
-834
-848
-867
-893
-883
-884
-892
-910
-900
-904
-931
-933
-932
-884
-914
-904
-851
-881
-951
-993
-905
-865
-913
-944
-921
-873
-866
-886
-884
-849
-827
-753
-683
-730
-739
-631
-509
-455
-408
-363
-314
-113
-27
-77
-11
178
335
326
373
523
661
697
691
695
833
931
923
905
881
926
926
983
938
895
885
843
775
637
599
566
478
353
223
191
159
45
-70
-69
-124
-232
-314
-284
-303
-341
-416
-473
-459
-414
-404
-498
-540
-533
-516
-594
-625
-617
-580
-616
-633
-528
-498
-467
-517
-497
-457
-448
-467
-507
-515
-506
-502
-415
-369
-356
-324
-405
-328
-245
-239
-270
-244
-192
-258
-233
-160
-203
-244
-262
-312
-320
-324
-336
-371
-385
-313
-345
-462
-471
-471
-461
-518
-592
-572
-569
-586
-678
-815
-802
-769
-797
-816
-939
-1016
-990
-918
-999
-1016
-982
-1073
-1013
-912
-870
-913
-899
-812
-670
-631
-609
-558
-400
-220
-169
-69
61
195
294
374
499
523
557
614
632
627
620
638
646
661
577
545
550
450
367
342
259
169
100
35
-38
-115
-209
-293
-358
-398
-453
-506
-566
-680
-649
-634
-632
-602
-558
-508
-435
-413
-365
-238
-174
-196
-160
-31
14
32
-3
75
166
162
215
266
341
317
287
273
259
257
211
125
62
43
1
2
-24
33
-11
-76
-106
-129
-70
-80
-117
-88
-77
-15
-43
-168
-135
-116
-149
-251
-280
-198
-243
-302
-363
-386
-346
-400
-420
-446
-462
-470
-484
-498
-535
-577
-676
-733
-765
-824
-800
-811
-862
-838
-769
-795
-769
-734
-710
-668
-691
-623
-480
-412
-408
-379
-221
-161
-202
-102
-2
69
108
178
246
352
431
509
484
534
596
579
595
545
520
491
470
512
517
445
407
418
464
383
274
237
233
225
211
208
227
194
243
223
198
227
224
281
291
289
338
324
323
371
400
347
363
360
387
380
340
357
364
361
342
343
265
307
353
312
249
240
253
207
140
153
197
229
207
203
222
174
200
179
168
146
183
180
207
187
212
253
205
250
262
287
266
300
301
275
294
316
320
284
232
230
210
151
123
106
18
-85
-135
-164
-170
-203
-219
-227
-241
-273
-306
-287
-308
-335
-383
-469
-499
-472
-496
-543
-577
-556
-466
-467
-463
-422
-360
-317
-285
-263
-184
-119
-111
-13
62
142
210
288
370
405
438
573
636
726
756
843
880
893
935
906
908
936
955
1014
983
915
974
940
893
866
829
774
753
710
647
639
597
595
504
467
500
444
402
374
328
304
321
325
312
287
334
324
311
356
303
314
317
280
287
290
317
321
336
379
361
363
420
375
381
413
353
358
388
357
276
315
349
329
277
269
328
314
234
207
226
228
151
125
92
81
57
14
-66
-51
-86
-134
-154
-225
-290
-319
-311
-375
-393
-428
-416
-425
-463
-512
-547
-504
-501
-526
-515
-576
-530
-443
-427
-470
-361
-241
-212
-219
-188
-113
-44
33
66
78
167
281
333
297
379
419
469
558
565
546
587
666
634
653
650
675
724
725
695
709
732
726
682
578
575
576
540
481
432
425
441
407
342
350
326
265
267
229
177
126
97
116
69
88
77
91
69
50
113
117
102
169
153
155
175
177
202
153
168
172
128
94
67
115
140
179
164
113
151
173
177
197
142
87
150
152
65
32
-2
-57
-68
-106
-213
-226
-226
-215
-285
-324
-367
-275
-216
-328
-422
-412
-317
-372
-459
-522
-484
-444
-511
-576
-548
-555
-531
-540
-594
-595
-476
-458
-462
-449
-412
-324
-309
-260
-289
-238
-198
-182
-172
-111
-94
-143
-125
-90
-67
-90
-39
68
141
120
138
164
212
245
233
199
150
182
140
101
61
42
92
122
143
88
51
75
68
25
38
55
127
195
238
281
340
383
414
400
382
392
436
410
392
416
450
481
492
497
484
546
551
490
495
541
518
455
386
384
314
293
215
175
125
58
49
-33
-111
-157
-177
-204
-301
-364
-401
-444
-448
-513
-498
-481
-462
-511
-488
-501
-528
-475
-468
-431
-466
-466
-454
-419
-457
-430
-367
-302
-258
-252
-190
-201
-218
-224
-181
-212
-183
-141
-137
-128
-67
-93
-119
-85
-89
-90
-98
-130
-128
-120
-104
-119
-197
-187
-190
-171
-185
-204
-193
-210
-249
-245
-285
-304
-278
-245
-283
-356
-317
-326
-324
-325
-361
-288
-213
-238
-222
-223
-178
-98
-46
8
85
101
157
234
237
262
248
280
393
404
390
467
446
448
391
363
316
284
253
271
215
119
79
-1
-86
-144
-183
-212
-262
-320
-370
-372
-388
-432
-437
-423
-423
-434
-482
-501
-477
-498
-513
-532
-461
-379
-375
-315
-285
-273
-214
-185
-151
-154
-81
-30
-31
-32
-7
14
2
-6
-6
19
52
50
12
34
38
98
119
48
35
28
-14
-34
-65
-102
-105
-200
-233
-214
-277
-364
-401
-363
-405
-387
-450
-445
-444
-466
-468
-484
-515
-555
-582
-509
-483
-506
-487
-484
-444
-433
-391
-386
-341
-261
-186
-145
-116
-86
-18
-7
-31
6
20
40
37
50
17
-18
-38
-45
-58
-102
-103
-67
-38
-40
-30
-49
-58
-108
-61
-113
-152
-169
-144
-162
-206
-263
-240
-257
-266
-249
-256
-156
-174
-118
-94
-102
-101
-103
-104
-117
-129
-123
-39
-20
-56
-97
-115
-77
-12
-19
-21
-40
-35
-5
1
17
76
89
62
19
70
84
131
96
88
60
52
80
68
86
60
76
40
56
73
-31
-94
-145
-135
-135
-170
-186
-210
-221
-315
-354
-368
-410
-492
-504
-495
-476
-480
-457
-468
-502
-484
-517
-537
-565
-507
-485
-503
-480
-493
-428
-438
-479
-441
-416
-373
-313
-230
-238
-202
-112
-95
-101
-105
-116
-102
-86
-74
-94
-53
-30
-51
4
20
2
34
65
64
46
52
-10
-25
13
8
-44
-46
-60
-106
-116
-131
-142
-187
-203
-220
-207
-173
-158
-138
-152
-141
-170
-189
-210
-213
-187
-203
-204
-266
-272
-259
-224
-240
-255
-185
-198
-194
-205
-160
-95
-82
-55
-49
-20
-66
-18
-17
4
31
91
89
53
54
85
96
87
139
147
177
94
88
95
99
92
29
-45
-68
-101
-105
-132
-199
-172
-222
-307
-300
-316
-318
-317
-335
-280
-308
-283
-228
-275
-286
-323
-304
-309
-351
-348
-374
-346
-217
-216
-203
-162
-167
-109
-121
-117
-152
-151
-123
-134
-93
-112
-87
-49
-51
-51
-37
-48
-55
-33
-58
-109
-59
-47
-23
0
-38
-21
-13
-36
-86
-74
-95
-62
-72
-85
-64
-6
30
9
40
13
-13
-21
-63
-65
-65
-27
-43
-50
-2
5
73
27
8
0
2
-33
-73
-48
-21
-1
-38
2
-25
-74
-113
-173
-194
-252
-210
-224
-209
-147
-154
-102
-152
-117
-52
-123
-114
-48
-57
-64
16
56
28
37
77
106
97
105
57
63
140
158
141
109
120
95
51
12
-24
-26
-38
-47
-64
-110
-144
-154
-169
-189
-213
-219
-174
-195
-166
-162
-180
-191
-223
-236
-249
-261
-244
-198
-182
-200
-166
-149
-195
-182
-190
-208
-183
-133
-155
-114
-131
-144
-147
-146
-142
-178
-167
-180
-162
-191
-111
-61
-29
-22
-32
34
-9
-24
-31
23
30
46
48
67
103
77
38
38
43
20
25
22
62
71
45
82
81
26
62
43
-11
-17
-66
-45
-97
-116
-103
-87
-121
-160
-175
-242
-243
-251
-311
-281
-267
-268
-287
-270
-232
-231
-242
-190
-164
-143
-107
-143
-137
-103
-70
-22
35
16
11
44
45
45
82
46
46
62
120
124
126
98
64
105
75
89
37
-30
-14
-62
-62
-101
-147
-157
-144
-189
-229
-175
-225
-227
-222
-207
-230
-257
-280
-286
-270
-308
-256
-281
-302
-259
-309
-288
-301
-301
-330
-378
-367
-387
-303
-259
-197
-175
-121
-87
-103
-80
-98
-72
-17
12
-11
7
34
68
105
73
78
48
38
32
23
12
16
18
22
-40
-54
-55
-78
-86
-97
-124
-125
-164
-220
-233
-235
-287
-319
-343
-314
-281
-270
-279
-280
-202
-233
-237
-211
-220
-203
-207
-165
-136
-137
-87
-55
-16
-52
-28
30
25
19
36
47
12
25
-7
12
34
5
32
31
15
-18
-8
-4
-42
-77
-21
-52
-53
-118
-116
-69
-173
-157
-175
-135
-184
-222
-202
-216
-230
-240
-273
-300
-283
-354
-309
-338
-324
-312
-293
-219
-227
-181
-193
-208
-188
-178
-174
-181
-208
-162
-159
-169
-225
-202
-190
-195
-167
-153
-166
-138
-138
-152
-129
-115
-117
-183
-200
-199
-241
-210
-218
-214
-204
-219
-202
-192
-191
-211
-243
-193
-174
-105
-107
-105
-59
-40
23
43
38
54
51
-6
-5
-10
38
29
40
74
38
57
45
63
65
62
95
84
92
106
121
117
102
127
109
79
76
18
27
1
-6
-26
-61
-46
-29
4
-26
22
46
10
11
11
-27
-57
-51
-55
-69
-95
-138
-105
-92
-133
-76
-80
-63
-76
-94
-75
-74
-94
-93
-115
-136
-155
-224
-205
-223
-214
-231
-231
-259
-223
-190
-151
-142
-163
-130
-183
-157
-167
-185
-167
-156
-124
-126
-120
-61
-119
-111
-63
-117
-81
-51
-18
-3
55
96
138
147
133
194
158
173
200
212
168
137
116
118
110
87
68
46
93
107
69
78
61
-41
-66
-129
-152
-203
-212
-209
-222
-196
-211
-211
-190
-144
-110
-119
-130
-84
-105
-86
-108
-41
7
-10
60
28
72
102
98
150
132
118
124
117
131
145
166
148
147
157
155
183
210
171
137
114
106
134
89
89
101
77
50
28
0
-49
-46
-43
-72
-57
-16
-22
-77
-80
-28
-46
-34
-37
-71
-81
-53
-56
-85
-97
-28
-15
-38
-14
-38
-40
-1
57
-3
-33
-37
-30
-99
-116
-40
-69
-19
5
1
-5
10
62
82
103
125
149
177
175
137
109
104
72
28
23
14
22
16
-45
-26
-36
-95
-91
-69
-65
-65
-96
-60
-73
-58
-37
-11
-7
-12
32
24
76
63
38
16
25
71
108
169
161
218
245
264
338
346
357
393
374
365
408
376
378
362
309
308
326
313
321
276
253
263
260
258
260
198
183
153
107
123
78
77
-6
-79
-51
-19
-78
-82
-29
-48
-18
-20
14
71
61
25
-24
25
44
16
11
41
43
20
35
14
32
85
80
77
141
146
203
237
176
169
139
157
149
167
199
178
195
147
144
114
150
203
169
197
178
167
192
146
209
215
204
242
171
189
153
143
195
182
199
174
139
167
188
209
205
232
271
223
228
244
261
238
213
199
159
136
115
110
100
100
84
110
168
123
124
129
140
183
154
169
170
208
227
207
273
272
273
330
350
359
279
283
284
284
304
286
294
302
242
254
249
203
194
178
99
132
159
119
107
113
102
54
87
104
106
69
73
125
135
145
155
158
128
147
192
226
239
269
261
301
323
324
342
393
416
414
462
434
391
344
387
342
333
344
303
271
242
180
146
89
60
112
51
96
109
36
36
9
-16
-43
-68
-77
-84
-64
-71
-39
-12
-6
2
9
48
50
41
61
47
112
138
99
122
114
128
195
197
208
248
294
297
307
343
317
318
296
323
308
311
357
357
340
336
348
368
343
315
317
346
315
277
290
280
286
258
246
237
222
199
170
153
149
152
145
129
143
127
114
140
194
200
201
190
135
185
192
188
180
183
191
202
260
274
312
347
388
416
377
355
334
334
306
330
345
349
313
344
352
371
366
348
341
276
309
235
201
189
127
78
89
31
3
6
-28
-67
-99
-41
-7
6
53
38
50
63
104
109
113
123
195
200
179
208
196
249
236
260
302
331
311
336
403
384
387
433
392
382
369
351
338
345
367
396
391
427
404
384
365
385
427
393
395
332
257
199
197
175
120
123
80
33
-17
17
0
-27
-20
-29
-33
-5
-26
-24
-63
-112
-58
-48
-23
-8
-17
-1
28
-14
-26
1
33
57
109
166
241
300
316
372
374
340
355
337
407
360
359
390
369
416
357
328
290
234
201
150
120
143
132
138
149
130
75
99
92
82
105
75
7
16
41
45
11
9
54
45
43
103
173
192
197
277
287
265
311
282
297
305
267
243
232
235
268
241
211
264
240
247
321
303
315
290
268
260
259
230
157
130
77
49
2
-39
-31
-91
-138
-160
-127
-93
-97
-103
-87
-100
-99
-102
-98
-116
-116
-124
-115
-37
-30
-13
7
36
24
74
105
97
153
132
174
199
197
210
212
226
217
188
205
233
196
212
221
179
208
197
215
170
161
208
179
140
162
179
191
177
162
142
190
242
158
166
158
159
127
153
103
67
72
73
72
56
48
-28
-25
15
78
97
77
125
156
173
142
152
121
106
112
160
148
162
189
178
169
195
233
152
124
117
150
110
112
94
67
94
38
1
-3
-6
-32
-31
-32
-74
-107
-124
-154
-125
-177
-196
-154
-132
-111
-151
-130
-115
-115
-119
-86
-87
-69
10
9
43
40
37
20
61
92
43
96
113
116
118
113
114
133
148
108
72
41
62
60
109
81
65
127
140
131
140
125
127
104
64
92
40
34
47
-5
7
21
68
49
104
98
72
53
61
85
72
25
34
58
49
51
21
53
12
-6
27
36
-16
-29
-54
-57
-51
-64
-63
-74
-72
2
-6
20
19
-20
-1
1
-8
-12
-18
22
71
19
48
60
55
15
26
14
-5
-3
23
12
-5
-39
-38
-40
-76
-71
-97
-70
-76
-102
-101
-84
-121
-142
-164
-155
-158
-151
-177
-174
-117
-109
-91
-130
-94
-27
-43
-34
-14
-26
-12
-40
-52
-52
-59
-14
18
17
46
44
39
67
68
25
31
31
25
44
28
31
25
30
27
24
48
15
-5
-31
-24
-4
8
7
-23
-10
-15
-9
-36
-39
-58
-65
-69
-84
-91
-74
-50
-97
-106
-102
-94
-106
-23
-7
-54
-33
-57
-59
-95
-63
-61
-41
-9
-44
-27
6
43
35
88
63
86
88
48
77
54
44
9
38
47
12
35
19
-17
-64
-106
-140
-139
-133
-149
-177
-161
-152
-182
-169
-135
-100
-112
-128
-142
-190
-218
-197
-167
-149
-109
-110
-139
-113
-15
-50
10
32
-25
-28
-5
26
-4
57
-7
7
35
23
12
40
92
64
18
49
67
36
24
52
103
106
84
52
43
54
30
-7
20
-4
-47
-67
-68
-41
-46
-59
-61
-18
-26
12
-36
-49
21
15
14
-19
-7
-40
-65
-75
-62
-79
-114
-88
-71
-43
-50
-42
-30
-9
40
61
74
74
99
93
124
140
124
93
50
35
-22
27
-24
-66
-88
-120
-54
-51
-25
-25
-18
29
-2
11
-7
-40
-23
-45
-65
-82
-118
-143
-168
-135
-172
-180
-195
-165
-152
-151
-140
-129
-61
-78
-46
-60
-33
-70
-55
-1
-21
-17
27
62
66
30
48
91
60
65
58
66
45
7
30
7
-16
27
-22
-48
-82
-131
-171
-195
-203
-227
-177
-156
-153
-171
-163
-164
-144
-127
-143
-99
-84
-95
-137
-123
-100
-118
-75
-85
-93
-72
-68
-89
-147
-101
-54
-48
-52
-59
-35
-20
-76
-142
-128
-190
-222
-188
-192
-159
-141
-145
-116
-87
-88
-64
-47
-33
-68
-49
-22
-63
-64
-43
10
-13
-1
15
19
33
16
35
51
72
72
42
26
0
-21
6
-38
-59
-26
-61
-93
-105
-94
-161
-176
-141
-147
-214
-190
-160
-176
-163
-174
-206
-151
-138
-140
-84
-85
-140
-134
-131
-130
-156
-163
-166
-157
-164
-122
-70
-71
-73
-63
-52
-88
-97
-92
-114
-145
-99
-120
-84
-110
-132
-86
-125
-101
-94
-90
-29
-21
-56
-46
8
5
-29
-87
-78
-118
-121
-142
-121
-125
-85
-82
-66
-68
-98
-102
-126
-81
-69
-84
-83
-57
-87
-52
-71
-72
-49
-11
28
-13
-61
-24
40
29
26
9
-3
7
-5
-37
-46
-14
-45
-67
-92
-97
-111
-99
-91
-121
-94
-106
-95
-124
-83
-103
-107
-107
-132
-108
-166
-147
-166
-156
-187
-236
-206
-185
-157
-173
-171
-179
-133
-87
-104
-136
-161
-102
-106
-83
-55
-20
6
-8
-12
6
-3
-7
-15
-18
26
-8
22
-2
29
17
32
67
50
10
28
118
102
108
97
100
99
71
21
-21
-12
-41
-57
-29
-85
-91
-81
-104
-51
-23
8
28
33
-5
-52
-17
-69
-101
-127
-142
-143
-168
-159
-157
-158
-113
-141
-126
-134
-151
-72
-56
-87
-106
-118
-113
-123
-146
-120
-97
-83
-120
-147
-151
-180
-187
-165
-187
-180
-200
-194
-197
-240
-245
-224
-217
-223
-195
-216
-243
-245
-207
-209
-209
-242
-178
-150
-146
-158
-123
-79
-139
-73
-85
-122
-124
-68
-126
-84
-64
-50
7
-24
-10
-3
-9
-15
4
37
36
48
40
40
17
31
17
27
50
61
33
58
41
55
33
-25
-50
-96
-86
-112
-115
-123
-84
-55
-97
-136
-98
-111
-172
-212
-211
-230
-196
-172
-158
-192
-210
-218
-233
-202
-193
-136
-154
-115
-43
-53
-74
-34
8
-48
-42
-47
-67
-91
-152
-144
-144
-105
-123
-73
-42
-91
-60
-92
-114
-84
-69
-50
-50
-42
-27
16
6
20
24
-55
-60
-82
-178
-164
-144
-178
-151
-139
-173
-135
-85
-172
-141
-157
-169
-176
-209
-182
-181
-117
-115
-123
-70
-130
-98
-71
-63
2
25
45
77
58
96
91
41
40
49
44
41
49
-12
-39
-40
-54
-50
-47
-36
-23
-35
-68
-93
-124
-76
-86
-105
-83
-98
-117
-193
-150
-211
-209
-232
-228
-214
-248
-277
-240
-138
-131
-143
-151
-141
-158
-143
-137
-109
-124
-108
-71
-66
-106
-74
-56
-64
-26
-31
7
9
10
-5
-3
21
51
77
40
18
38
54
67
80
92
77
13
59
14
-14
-7
-43
-21
-68
-83
-85
-181
-179
-118
-179
-175
-148
-178
-155
-123
-122
-88
-112
-85
-70
-67
-29
-22
-18
23
32
85
64
53
47
-4
35
54
63
67
85
91
65
71
92
26
50
78
71
65
56
32
25
-10
19
-21
-29
27
19
23
73
118
104
108
127
125
88
107
112
110
144
103
128
147
124
136
152
166
161
143
114
56
94
74
71
48
26
58
72
89
108
124
151
151
139
124
130
116
105
129
150
189
203
194
192
218
246
224
226
205
147
126
172
146
106
68
47
82
-12
-36
-60
-91
-60
-129
-124
-78
-106
-66
-120
-44
-47
-85
-5
-24
-34
-64
-80
-91
-103
-98
-59
-22
-10
19
31
86
98
63
120
123
87
73
95
116
91
112
132
131
143
155
118
67
104
116
80
82
136
147
147
172
140
142
145
132
103
45
86
90
75
21
66
70
30
40
2
15
31
64
76
75
101
135
73
80
70
84
110
128
113
133
128
68
69
46
91
105
90
85
64
70
90
83
117
109
111
151
114
104
64
41
0
51
62
57
71
71
167
159
175
190
99
75
63
67
88
93
141
117
115
103
71
112
144
127
129
162
170
210
227
238
223
214
250
268
310
331
344
321
298
289
286
275
308
325
257
254
250
264
279
280
255
247
252
188
206
184
165
125
71
69
67
125
84
79
108
146
170
163
182
198
159
145
166
165
194
194
240
194
260
233
233
226
141
178
172
182
160
177
148
158
151
103
152
110
112
117
151
144
125
142
130
124
113
185
141
123
145
142
136
149
199
143
128
145
88
107
115
161
141
141
200
140
130
82
122
134
104
115
164
133
107
138
124
139
117
150
121
171
180
187
158
114
159
147
197
237
211
199
228
226
211
202
229
237
205
196
181
139
130
120
113
105
87
107
142
121
119
170
175
163
136
124
101
106
150
144
100
129
142
143
156
140
139
129
114
163
178
162
217
241
270
257
236
229
159
165
158
174
162
105
133
145
103
109
121
115
106
114
127
124
181
181
123
159
132
112
157
126
151
137
74
22
-1
4
-53
-71
-78
-93
-104
-76
-72
-72
-27
-6
26
36
112
83
96
112
44
78
50
44
89
105
103
119
153
187
163
198
225
254
261
266
305
279
254
213
270
297
233
206
200
177
143
139
133
131
160
177
108
108
113
163
191
142
158
166
153
107
135
123
135
174
191
226
275
279
303
383
375
379
380
384
384
363
360
366
324
247
290
286
200
226
184
128
118
87
91
101
144
157
121
125
65
48
31
11
43
-7
3
10
-30
-43
-48
-33
-52
-58
-40
-11
-4
18
40
36
64
46
48
52
95
117
104
123
152
145
174
188
177
151
164
112
93
101
88
123
118
114
122
112
124
146
164
178
205
203
216
287
260
257
244
261
267
248
242
198
175
171
215
213
200
217
225
202
228
207
182
190
149
160
170
142
150
144
127
116
121
135
137
114
96
100
85
28
34
49
29
3
76
63
39
79
29
70
56
57
39
42
73
52
60
25
-7
-11
0
-26
-15
-9
8
3
31
38
29
52
39
60
85
85
66
62
86
92
94
86
73
104
104
86
84
61
51
59
79
45
74
111
114
138
119
99
117
121
184
150
130
147
135
77
84
99
53
53
98
109
71
89
71
109
67
1
2
-75
-61
-57
-65
-93
-78
-62
-112
-140
-121
-71
-83
-63
-47
-62
-75
-56
-32
6
-25
4
8
-20
20
44
51
57
95
104
122
156
204
195
164
169
193
174
169
170
124
112
152
115
117
94
94
77
66
76
75
127
155
124
111
86
8
24
57
22
11
25
0
-13
-3
-32
-15
-17
-72
-67
-46
-18
-24
-36
-38
-11
-19
-40
3
4
35
-4
18
17
-3
34
76
46
41
40
24
68
65
35
36
59
88
60
71
69
58
-6
-42
23
28
31
0
41
39
39
46
47
58
18
3
-22
31
1
3
14
-37
-86
-54
-72
-66
-2
-12
41
56
100
60
44
33
8
-12
-8
25
30
80
100
123
81
84
123
129
154
144
147
167
155
220
197
196
196
163
157
131
131
78
81
69
28
44
75
52
19
67
20
60
8
-35
-25
-60
-51
-58
-52
-39
-14
-58
-75
-54
-47
-37
-15
-34
-29
-22
-17
-17
-7
24
-25
-56
-66
-38
-26
-63
-34
-43
-51
-117
-105
-119
-82
-63
-97
-94
-86
-52
-57
-5
8
48
59
26
56
51
69
69
84
75
49
66
74
74
97
84
82
118
140
147
101
134
119
137
138
155
128
87
121
90
144
146
194
181
145
121
113
106
101
136
120
131
143
154
124
66
94
73
74
50
-12
-24
-77
-81
-95
-103
-103
-85
-66
-110
-132
-101
-103
-80
-75
-81
-70
-39
-13
16
13
42
72
61
156
145
172
223
198
179
188
164
101
123
128
166
214
144
107
150
113
66
46
40
98
65
64
101
98
63
61
65
55
7
23
5
-42
4
-15
12
-13
-17
-19
20
12
-3
28
-18
4
-3
-34
-3
21
17
5
40
-7
15
20
-29
-24
-5
6
46
49
54
53
52
80
60
40
33
82
73
55
69
55
10
12
10
-4
-57
-65
-72
-98
-36
-14
-13
-17
-28
-11
-88
-107
-78
-109
-136
-125
-92
-65
-166
-185
-217
-224
-210
-199
-193
-194
-237
-239
-172
-174
-190
-228
-256
-246
-241
-209
-191
-172
-121
-65
-29
-26
35
39
14
32
70
9
50
-2
20
45
-37
-25
-55
-44
-31
-26
-12
12
-7
-44
-35
-24
-53
-31
-67
-43
22
26
35
-12
-3
17
6
10
-13
5
6
-20
-59
-52
-59
-66
-94
-43
-95
-91
-117
-153
-90
-80
-78
-83
-82
-65
-43
-98
-108
-104
-157
-156
-212
-172
-178
-194
-217
-276
-201
-194
-180
-164
-186
-187
-176
-227
-227
-183
-179
-182
-166
-168
-205
-180
-126
-165
-197
-204
-172
-123
-169
-122
-96
-116
-89
-46
-79
-93
-117
-117
-122
-101
-121
-129
-101
-101
-109
-178
-192
-164
-149
-159
-156
-182
-186
-127
-82
-71
-79
-102
-87
-80
-51
-25
-48
-60
-47
-35
-55
-72
-66
-83
-74
-96
-89
-72
-123
-109
-134
-172
-139
-157
-142
-115
-158
-134
-133
-186
-142
-132
-141
-141
-173
-179
-143
-87
-100
-85
-78
-113
-107
-125
-118
-140
-123
-88
-113
-82
-88
-109
-156
-181
-199
-190
-188
-177
-182
-243
-205
-208
-236
-238
-216
-180
-172
-153
-118
-132
-123
-88
-95
-121
-89
-145
-132
-97
-119
-99
-68
-16
-38
-6
1
-16
-46
-18
-10
-58
-48
-9
-15
-57
-40
-27
-65
-79
-9
-45
-30
-20
-55
-52
-29
-17
-28
-55
-91
-93
-74
-106
-125
-115
-133
-137
-130
-130
-143
-90
-115
-124
-96
-102
-85
-81
-105
-51
-77
-77
-80
-84
-73
-77
-4
3
48
34
8
18
34
44
68
65
72
128
83
97
103
68
30
40
87
90
118
73
108
134
126
152
167
149
116
132
76
67
11
-5
8
10
-5
-64
-105
-159
-133
-146
-156
-151
-131
-127
-92
-87
-145
-111
-104
-101
-152
-142
-127
-150
-115
-98
-89
-50
-85
-90
-91
-69
-82
-13
-40
-56
-69
-68
-68
-109
-68
-85
-71
-77
-83
-79
-96
-130
-127
-135
-173
-161
-178
-178
-124
-136
-89
-86
-83
-49
-93
-70
-47
-9
25
-22
3
11
6
76
86
104
72
48
93
49
53
25
15
34
44
71
98
65
32
-1
4
46
-9
19
31
7
6
7
36
11
35
34
8
-4
-24
-44
-38
-35
-21
18
40
38
23
34
56
54
55
8
-32
-15
5
-40
-29
-20
-20
-12
-25
13
-57
-71
-55
-35
-10
-33
9
-7
-26
-11
-8
-23
5
7
5
3
-14
14
13
40
48
-3
16
61
26
50
56
3
-32
-16
38
34
41
39
13
79
80
106
138
119
99
70
140
110
112
79
36
66
53
52
82
100
96
88
138
162
129
117
89
38
49
63
35
-16
-2
-8
-28
-30
-46
-41
-65
-23
-30
-72
-78
-59
-58
-67
-7
-4
-10
-26
-2
17
25
11
47
43
53
74
103
79
72
155
135
104
120
130
130
182
187
148
143
148
145
164
183
205
198
212
242
193
135
148
158
182
116
113
107
64
53
70
39
47
141
146
160
138
127
126
168
125
87
70
85
139
111
114
152
146
139
134
129
152
177
177
161
160
148
180
225
187
202
98
86
75
84
121
80
64
32
8
2
-20
-50
2
47
43
65
48
50
98
44
72
84
96
140
140
142
154
127
84
81
78
93
84
115
114
111
162
201
195
138
113
148
126
144
178
144
109
68
127
147
138
163
163
168
191
231
193
223
217
185
156
161
161
129
143
92
64
131
149
127
142
173
159
176
176
147
111
163
134
127
134
126
176
102
120
160
168
151
96
92
86
60
69
80
83
89
119
84
34
82
126
96
44
80
108
66
79
103
105
135
129
83
79
51
66
89
101
94
96
81
61
47
41
73
63
79
122
154
127
165
134
115
169
175
188
207
196
175
217
149
209
201
169
166
166
175
129
129
121
99
157
109
87
135
105
105
86
136
110
114
101
75
86
69
101
99
149
131
145
156
148
148
176
167
183
147
144
180
141
138
147
191
144
126
104
158
121
144
118
81
78
33
49
37
40
35
25
2
-3
-12
-33
-7
-19
-50
7
-38
-1
15
47
88
17
94
89
68
140
140
132
110
107
109
103
97
77
93
136
119
137
128
125
193
193
177
223
201
153
158
150
153
144
174
181
136
146
134
126
158
172
127
134
141
102
145
129
136
194
134
109
98
160
143
123
147
111
101
74
82
67
44
71
82
48
21
42
68
65
77
140
114
102
126
108
131
110
85
50
51
44
56
75
72
56
96
156
110
140
129
124
119
153
170
190
199
204
192
203
180
194
149
96
104
62
45
32
59
61
74
95
102
66
74
74
37
38
42
65
47
70
62
134
131
164
181
187
193
219
238
222
242
216
198
241
210
190
216
163
170
174
136
142
178
173
149
78
112
119
68
42
26
42
28
5
9
-42
-19
-60
-77
-75
-75
-34
11
67
67
11
32
32
42
38
26
63
84
73
48
62
33
54
59
77
83
69
104
119
137
107
113
194
128
162
186
135
142
186
177
126
157
157
172
194
162
151
176
167
150
141
120
129
106
107
135
77
81
23
28
24
-8
11
-53
-51
-10
-28
-67
2
72
41
-14
18
-27
-54
-2
-21
-47
11
47
72
51
44
76
97
108
79
80
98
118
86
32
2
14
-21
-27
-38
-92
-113
-89
-123
-127
-123
-146
-188
-170
-152
-175
-123
-120
-130
-120
-91
-86
-116
-86
-52
-78
-76
-95
-76
-100
-83
-47
-84
-61
-29
-33
1
-33
20
53
64
72
27
84
71
63
100
101
90
103
110
92
44
21
58
56
66
65
76
92
84
87
40
38
33
20
-10
-50
-90
-97
-96
-70
-15
-56
-57
-84
-70
-43
-16
-55
-15
-1
-43
-19
-93
-45
-52
-96
-123
-141
-179
-181
-159
-176
-131
-157
-85
-65
-101
-105
-80
-97
-56
-86
-78
-51
-98
-57
8
2
2
6
-29
-4
4
9
-19
-32
-19
3
10
52
47
53
45
14
24
29
11
-4
49
68
28
30
-32
-31
-43
-51
-63
-84
-128
-131
-120
-78
-51
-51
-35
-42
-74
-99
-102
-103
-116
-103
-98
-133
-181
-203
-187
-235
-220
-220
-206
-214
-201
-192
-169
-205
-160
-149
-228
-177
-157
-165
-141
-112
-91
-122
-119
-76
-84
-49
-83
-155
-144
-144
-187
-204
-202
-222
-204
-183
-124
-101
-143
-123
-135
-136
-130
-109
-125
-94
-95
-129
-88
-83
-87
-112
-115
-104
-138
-175
-148
-39
-31
1
11
22
38
80
65
13
-5
13
32
-28
-64
-48
-9
-63
-43
-51
-49
-65
-77
-67
-101
-109
-149
-148
-165
-158
-114
-133
-140
-130
-119
-168
-177
-141
-129
-124
-106
-100
-92
-83
-86
-69
-83
-48
-51
-39
-76
-120
-195
-220
-178
-201
-124
-91
-46
-34
-16
-41
-62
-29
-82
-100
-97
-74
-127
-76
-74
-76
-58
-117
-65
-42
-39
-5
10
-19
-11
-51
-44
27
19
57
60
50
52
54
5
-28
-30
-5
-25
-40
-41
-54
-81
-99
-93
-151
-133
-124
-114
-112
-107
-75
-34
5
10
20
22
13
-6
-50
-80
-122
-98
-105
-93
-83
-115
-118
-98
-63
-42
-49
-63
-41
-35
-14
-57
-82
-93
-125
-125
-126
-103
-136
-161
-150
-189
-190
-256
-207
-151
-173
-150
-105
-59
-97
-85
-76
-85
-118
-137
-177
-153
-147
-126
-122
-144
-101
-77
-103
-108
-92
-130
-109
-87
-97
-97
-27
-50
-108
-105
-46
-56
-99
-79
-61
-121
-86
-42
-21
-19
-23
-18
-70
-32
-45
-52
-40
-14
-34
-38
-30
-54
-51
-82
-25
-67
-80
-16
-63
-62
-135
-79
-112
-122
-131
-169
-136
-136
-157
-159
-126
-182
-179
-132
-132
-111
-89
-81
-91
-125
-49
-43
-52
-20
-44
-20
7
3
7
-31
-26
-12
-36
-8
34
36
70
84
68
70
50
57
21
-1
12
28
45
43
43
32
36
12
19
-17
-37
-25
-43
-50
-66
-24
-26
-19
-4
-15
-53
-55
-73
-129
-115
-86
-98
-87
-73
-54
-69
-71
-77
-68
-42
-30
-37
16
53
34
43
48
80
90
65
61
113
142
141
130
160
115
116
106
81
17
-8
51
33
71
59
48
53
55
36
38
16
-20
-16
-44
-85
-50
-91
-76
-138
-118
-132
-128
-78
-64
-17
-26
-13
-10
-1
3
30
33
68
32
25
85
95
122
118
149
174
161
178
193
195
150
139
177
234
204
133
137
108
98
103
62
50
-4
-23
-30
-97
-98
-118
-140
-150
-205
-185
-181
-166
-164
-188
-162
-194
-206
-147
-99
-106
-129
-134
-44
-24
-48
-71
-26
15
61
107
121
67
91
167
192
172
177
181
191
181
170
155
153
109
107
88
34
-9
36
73
13
1
-23
-57
-56
-42
-149
-130
-111
-81
-89
-67
-50
-101
-74
-78
-94
-91
-61
-36
-47
-48
-30
-73
-25
-34
-1
-12
-1
56
67
28
43
67
57
87
73
101
80
86
95
56
64
52
109
62
89
71
41
86
73
104
31
23
43
33
60
50
33
-5
-29
-5
-34
-17
-66
-97
-161
-181
-131
-111
-132
-124
-80
-122
-109
-124
-100
-58
-60
-98
-113
-107
-72
-57
-64
-41
-12
-33
-31
1
-15
59
78
49
80
74
57
15
39
20
-15
55
42
18
11
-18
-48
-40
-74
-57
-69
-124
-72
-66
-70
-92
-90
-57
-49
-65
-74
-57
-62
-83
-90
-56
-40
-35
-78
-37
-90
-59
-19
-47
-32
-28
-11
-44
-50
-79
-31
-44
-53
-98
-94
-87
-83
-85
-75
-59
-65
-91
-117
-74
-33
12
8
3
39
42
41
49
88
72
18
6
106
130
108
125
84
80
50
72
86
52
-17
-33
-62
-41
-23
-76
-48
-37
-31
11
-43
-88
-104
-137
-131
-158
-201
-191
-199
-182
-123
-90
-67
-45
-1
6
45
22
68
70
49
134
104
124
131
108
55
76
63
84
114
95
108
99
134
114
74
66
60
21
19
13
-14
-57
-82
-100
-134
-99
-140
-152
-119
-163
-151
-127
-165
-207
-126
-124
-127
-151
-171
-148
-183
-147
-176
-196
-125
-122
-114
-55
-56
-14
-2
6
27
40
112
90
114
114
96
93
105
141
104
99
112
99
126
97
55
61
93
61
28
40
28
-29
-85
-39
-45
-59
-43
-28
-16
-15
-17
-19
-34
18
6
-2
-16
-32
35
-21
-23
-30
-1
0
4
-13
0
2
-15
16
43
68
74
61
58
67
75
107
120
92
115
123
87
120
88
102
54
85
126
109
154
125
163
179
170
223
211
178
181
128
135
152
99
145
118
133
143
155
183
121
128
138
161
109
126
180
125
138
116
106
102
68
11
-3
70
55
81
114
109
99
118
128
125
95
56
38
30
31
14
59
44
-2
5
18
51
11
-8
25
85
101
106
104
65
76
76
124
122
177
143
77
84
64
82
26
-2
12
34
55
88
89
132
138
86
73
93
81
73
27
54
62
31
41
39
61
41
38
53
87
60
84
102
90
107
99
98
139
106
139
114
83
127
105
153
165
151
99
68
133
60
71
75
88
137
125
147
125
157
166
138
135
154
154
182
168
180
184
142
159
182
149
136
142
79
103
77
37
-6
9
47
33
52
41
72
97
104
108
102
91
86
49
82
95
81
63
74
101
72
90
85
136
163
181
177
169
201
189
235
228
215
216
202
222
243
250
231
218
210
155
154
153
118
115
124
151
155
135
171
173
169
227
224
236
206
203
178
164
217
164
129
176
150
142
150
218
234
263
272
305
276
276
332
333
362
322
291
257
270
222
246
217
245
292
332
271
274
319
315
299
274
336
307
327
286
296
303
258
242
179
134
158
194
142
174
193
156
257
218
265
276
266
245
241
261
251
258
223
228
216
232
216
275
270
302
314
260
245
260
269
243
286
287
301
323
394
360
379
377
393
400
315
316
346
337
328
380
339
345
349
313
297
269
288
298
312
341
356
347
358
308
265
265
262
262
251
267
264
300
242
233
217
185
199
237
271
269
308
324
293
334
343
311
324
319
316
302
304
322
329
328
326
323
337
399
418
393
375
393
430
344
349
334
363
362
399
354
337
355
293
325
306
329
273
277
295
298
289
279
301
372
356
338
357
364
355
329
357
369
356
335
359
365
326
350
329
269
284
323
289
305
352
308
297
285
333
289
255
305
331
308
275
295
221
270
239
235
277
239
303
323
375
349
364
407
359
354
372
350
339
334
351
322
317
335
335
358
289
293
345
348
351
355
359
325
311
366
365
335
367
315
331
323
309
324
270
313
276
271
242
220
273
242
287
209
235
264
281
339
319
327
321
337
351
384
344
318
291
297
285
311
335
337
342
308
330
337
331
318
302
295
310
328
276
263
284
237
217
204
198
192
208
184
179
161
179
177
156
169
164
181
172
165
182
180
192
173
206
200
198
262
266
258
222
277
282
297
285
251
251
253
260
211
210
249
259
273
235
235
255
247
234
228
220
177
123
156
189
181
158
129
103
141
121
125
118
101
98
118
109
142
144
178
186
143
134
131
161
143
163
126
170
178
162
144
149
162
150
140
137
82
113
110
75
107
93
96
59
43
23
27
35
43
60
51
68
8
-18
-57
-82
-51
-75
-90
-99
-90
-56
-52
-6
13
-14
-17
39
30
90
101
76
49
55
33
-20
24
55
46
50
60
89
74
17
65
123
117
148
150
179
183
165
163
105
99
77
90
59
30
36
31
47
55
60
26
26
47
44
17
37
35
3
65
73
59
30
7
-3
-20
-36
-53
-58
-82
-105
-93
-100
-131
-90
-109
-83
-66
-138
-162
-213
-228
-236
-256
-233
-216
-212
-182
-186
-208
-188
-174
-170
-201
-155
-135
-181
-154
-177
-162
-182
-209
-203
-188
-171
-198
-194
-189
-178
-181
-174
-152
-182
-101
-91
-82
-26
-67
-95
-90
-106
-179
-167
-223
-231
-167
-192
-183
-175
-154
-130
-123
-118
-63
-97
-77
-127
-143
-132
-168
-148
-159
-158
-162
-139
-124
-92
-77
-88
-76
-55
-61
-64
-66
-121
-107
-146
-143
-148
-158
-144
-164
-221
-250
-221
-233
-253
-265
-229
-225
-282
-295
-249
-233
-215
-190
-209
-227
-259
-255
-197
-296
-289
-285
-295
-245
-239
-196
-260
-257
-194
-196
-246
-217
-238
-258
-252
-258
-288
-237
-220
-221
-226
-239
-284
-334
-295
-284
-342
-361
-349
-354
-305
-345
-339
-322
-311
-319
-298
-351
-332
-313
-277
-249
-303
-325
-267
-260
-261
-269
-233
-189
-210
-193
-163
-151
-198
-162
-190
-201
-212
-214
-209
-208
-199
-177
-181
-213
-252
-273
-255
-304
-330
-341
-378
-389
-395
-404
-382
-390
-397
-433
-430
-390
-417
-433
-353
-311
-302
-267
-279
-219
-205
-185
-162
-142
-157
-213
-205
-224
-280
-297
-259
-240
-251
-279
-269
-257
-269
-274
-233
-274
-297
-322
-305
-299
-301
-303
-273
-248
-260
-254
-270
-257
-280
-230
-239
-248
-212
-213
-175
-226
-260
-247
-277
-265
-269
-268
-261
-281
-320
-330
-326
-310
-321
-336
-371
-388
-391
-406
-384
-353
-397
-450
-429
-431
-434
-445
-407
-390
-407
-371
-362
-373
-361
-387
-345
-332
-364
-347
-319
-243
-253
-269
-243
-251
-245
-281
-270
-254
-270
-255
-229
-198
-222
-175
-176
-182
-206
-241
-186
-190
-224
-205
-227
-228
-231
-238
-289
-275
-305
-297
-288
-322
-299
-327
-312
-282
-313
-338
-338
-339
-266
-304
-271
-261
-290
-287
-337
-272
-308
-291
-295
-315
-317
-318
-313
-325
-302
-325
-315
-315
-272
-262
-265
-308
-315
-271
-267
-301
-300
-310
-309
-296
-345
-320
-346
-339
-352
-350
-313
-332
-290
-314
-308
-242
-222
-240
-215
-241
-261
-211
-206
-180
-168
-188
-198
-187
-180
-164
-140
-142
-105
-118
-155
-141
-139
-156
-123
-132
-151
