SAMPLES:	14129
BITSPERSAMPLE:	16
CHANNELS:	1
SAMPLERATE:	16000
NORMALIZED:	FALSE
196
175
149
165
90
58
54
55
23
-1
21
3
32
-3
-36
-60
-88
-68
-126
-126
-98
-85
-21
15
10
5
1
3
21
6
-7
27
48
62
74
111
77
119
151
129
147
169
151
160
145
189
172
115
109
98
112
84
84
63
91
73
20
-9
-27
-15
-23
3
17
-11
-68
-49
-23
-25
-21
2
-1
2
53
34
27
59
72
12
16
-1
15
50
36
37
37
37
45
72
62
38
30
91
87
69
123
142
61
60
98
41
66
51
49
-8
-15
-1
34
16
51
45
11
1
-21
3
-36
-30
-51
-8
-23
-87
-65
-91
-70
-62
-50
-47
-41
-10
-35
-69
-79
-97
-40
6
11
15
14
65
38
35
36
24
128
131
146
198
189
202
163
116
156
119
107
72
60
101
72
73
68
101
50
53
103
107
99
104
124
104
93
88
85
87
27
-8
0
59
7
-27
5
-22
-31
-11
-44
-61
-43
-49
-48
-2
-28
25
44
62
91
63
77
31
51
24
40
34
42
134
122
105
104
169
189
217
147
78
82
69
120
62
16
-2
-18
18
-31
-107
-116
-144
-58
-46
-57
-100
-94
-72
-45
-35
-22
-49
-103
-121
-73
-18
-79
-30
-60
-70
-84
-75
-4
36
16
7
50
27
-13
-69
-46
-34
-54
-49
-65
-91
-52
-77
-102
-11
-51
-51
-53
-31
-41
-66
-79
-82
-78
-103
-98
-97
-135
-144
-122
-160
-146
-139
-122
-79
-124
-89
-101
-77
-65
-71
-45
-66
-87
-118
-132
-153
-125
-95
-116
-159
-108
-58
-55
-74
-52
-46
-63
-110
-85
-100
-167
-145
-112
-174
-218
-163
-172
-151
-207
-168
-95
-82
-46
-60
-51
-69
-52
-84
-79
-79
-116
-142
-143
-176
-170
-148
-143
-109
-126
-78
-92
-81
-74
-128
-111
-126
-118
-117
-132
-141
-120
-152
-102
-86
-50
-85
-93
-47
-28
31
40
62
19
47
77
96
83
100
92
68
99
103
77
59
29
38
91
52
82
87
50
45
-19
-30
-46
-99
-96
-128
-154
-140
-118
-189
-192
-190
-192
-194
-264
-207
-206
-195
-187
-178
-159
-136
-138
-141
-109
-180
-163
-153
-124
-101
-130
-135
-140
-75
-121
-132
-132
-119
-108
-103
-101
-128
-120
-148
-139
-123
-149
-176
-148
-161
-193
-237
-216
-209
-197
-182
-99
-108
-137
-61
-104
-50
-63
-36
-15
-8
-22
-44
-45
-105
-75
-128
-169
-149
-158
-188
-133
-110
-137
-131
-131
-144
-144
-137
-135
-132
-190
-208
-209
-183
-163
-132
-168
-207
-160
-156
-102
-84
-65
-12
-29
17
44
54
28
31
40
42
104
63
73
49
71
86
29
25
18
-15
-75
-85
-61
-58
-97
-95
-149
-191
-195
-254
-330
-314
-292
-344
-320
-369
-388
-384
-370
-356
-378
-379
-359
-374
-347
-284
-346
-289
-255
-276
-253
-215
-185
-187
-140
-113
-129
-139
-141
-145
-146
-105
-113
-80
-65
9
52
46
37
59
63
39
98
104
90
63
32
6
-31
-69
-110
-81
-77
-69
-57
-121
-126
-146
-140
-108
-139
-133
-112
-113
-170
-176
-116
-95
-102
-66
-80
-74
-57
-49
-26
-72
-57
-57
-8
2
-27
-50
-69
-50
-78
-94
-127
-94
-110
-112
-102
-134
-173
-172
-123
-104
-152
-160
-160
-175
-192
-203
-197
-240
-247
-222
-202
-241
-221
-177
-162
-167
-177
-181
-117
-85
-50
-11
-37
-60
-102
-123
-110
-129
-151
-101
-88
-103
-87
-92
-64
-48
-49
3
-73
-127
-125
-144
-151
-177
-132
-174
-194
-220
-206
-202
-195
-194
-131
-126
-84
-91
-140
-105
-135
-185
-223
-260
-262
-291
-332
-294
-253
-199
-203
-194
-155
-144
-149
-94
-124
-113
-87
-60
-84
-66
-109
-140
-82
-120
-102
-89
-97
-94
-59
2
47
69
54
16
5
-30
-55
-94
-63
-94
-115
-152
-166
-197
-216
-178
-194
-245
-242
-240
-235
-246
-202
-206
-221
-216
-173
-146
-167
-189
-199
-178
-173
-141
-199
-146
-86
-111
-72
-41
13
-5
0
-58
31
31
10
69
33
39
-5
24
-23
-42
-86
-96
-96
-129
-143
-183
-172
-126
-120
-128
-86
-63
-19
-61
-78
-69
-92
-95
-100
-129
-161
-161
-187
-188
-199
-206
-157
-150
-170
-74
-61
-117
-127
-154
-107
-72
-92
-160
-169
-128
-100
-130
-92
-91
-60
46
68
77
114
70
98
132
116
63
48
60
5
60
63
12
25
25
13
-23
-50
-38
-66
-90
-67
-36
-89
-74
-62
-60
-57
-52
-9
-50
-70
-35
6
39
29
49
43
52
63
46
47
37
53
46
41
39
16
4
29
-28
-75
-86
-122
-95
-98
-103
-125
-67
-67
-26
1
25
39
19
22
31
48
12
18
22
34
58
75
23
12
27
70
73
108
106
97
79
63
51
13
-2
-35
-62
-113
-88
-135
-117
-70
-107
-151
-163
-180
-155
-153
-175
-152
-156
-148
-161
-172
-179
-135
-173
-159
-102
-128
-109
-110
-89
-68
-90
-94
-83
-107
-121
-52
23
-30
-14
46
64
26
46
70
60
102
106
140
155
148
160
167
156
182
178
172
189
183
122
114
118
98
28
33
40
-36
2
-12
-29
-57
-72
-91
-115
-137
-115
-136
-129
-117
-91
-55
-103
-64
-51
-70
-84
-94
-94
-86
-50
-38
40
62
34
81
104
121
186
184
157
190
239
210
189
229
184
131
164
142
86
54
74
89
72
12
45
26
-23
-23
-63
-95
-107
-87
-148
-128
-159
-171
-166
-184
-149
-157
-170
-123
-91
-141
-112
-47
-46
-26
-32
2
64
52
88
5
-33
-13
-10
9
33
65
65
119
133
134
136
126
163
163
139
155
159
148
181
166
176
182
178
150
120
142
129
134
106
93
74
90
84
21
16
-79
-70
-93
-110
-93
-115
-120
-119
-125
-175
-140
-182
-138
-147
-152
-151
-165
-133
-147
-91
-38
-21
20
55
30
77
33
2
1
36
50
60
66
108
137
133
141
111
86
67
97
105
65
28
60
78
5
-14
-48
-102
-100
-126
-162
-179
-196
-217
-206
-194
-182
-165
-89
-110
-83
-16
-49
-55
-69
-59
-47
-62
-41
-68
-70
-28
7
45
46
98
91
120
106
115
109
71
100
100
89
111
112
77
83
55
55
37
34
58
38
71
108
96
32
12
84
89
55
72
44
39
66
45
48
38
26
32
-7
-45
-45
-85
-90
-107
-94
-69
-11
-13
-16
-11
-1
11
50
44
47
10
-11
-7
-37
-25
-64
-54
-81
-56
-48
-4
5
-36
21
-25
33
64
136
140
96
106
97
123
51
78
105
116
119
132
162
153
194
199
221
205
279
259
250
262
216
174
144
129
49
-18
-41
-57
-121
-136
-129
-144
-114
-115
-93
-5
24
8
-29
47
19
4
16
17
7
-6
40
52
15
-18
25
2
25
74
103
102
123
79
42
32
-36
-2
-29
-15
-3
-47
-38
-69
-4
-20
-21
-42
-49
-68
-50
-35
-53
-32
-36
-4
-11
-13
-35
-47
-35
-34
-1
-3
-22
17
47
9
-43
-43
-67
-15
0
28
54
17
31
3
-27
3
2
-9
-4
-5
-34
-31
-40
-30
-52
-58
-25
-24
-1
24
67
31
73
111
63
82
81
32
28
33
23
-5
16
74
32
49
11
17
48
33
41
14
12
32
11
-15
-77
-63
-29
-54
-16
-18
-22
-21
17
32
21
13
57
75
22
39
76
40
-19
8
-14
-39
-59
-68
7
-19
7
85
119
127
145
241
200
172
189
164
101
121
107
109
88
112
126
119
124
126
144
101
144
121
120
121
116
62
36
53
25
55
67
23
-5
9
44
24
12
25
13
-12
-14
19
28
0
10
-17
25
53
77
91
23
44
54
82
91
129
117
79
109
79
78
97
101
106
121
68
76
102
54
51
88
67
70
33
3
38
58
26
-4
2
-23
-28
-51
-20
-49
-33
-28
-68
-39
-16
-34
-76
-35
-13
-56
-73
-17
17
33
62
70
94
67
67
44
40
7
35
56
40
48
26
59
35
93
-2
2
8
-6
24
3
38
76
47
-34
-63
-103
-56
-54
-81
-101
-93
-95
-126
-112
-122
-115
-72
-23
-75
-26
29
55
33
1
-9
40
26
16
61
46
99
123
111
144
118
155
178
152
154
117
71
95
69
46
58
48
13
-9
16
-10
-1
-49
-83
-84
-83
-19
-61
-81
-124
-86
-78
-108
-104
-83
-58
-88
-91
-107
-49
-25
-47
13
101
111
67
132
142
164
226
191
172
184
161
207
208
166
177
146
141
69
64
47
12
-41
-53
-40
-76
-85
-80
-86
-113
-91
-119
-132
-189
-230
-197
-256
-241
-269
-291
-270
-213
-178
-192
-180
-172
-113
-99
-43
-15
-73
-32
-13
40
19
3
21
-10
-18
50
84
49
71
60
76
122
104
145
152
152
110
43
86
26
25
-6
-53
-26
15
42
26
-2
70
54
54
39
40
51
48
17
-9
24
26
28
-10
47
50
46
49
59
92
66
77
105
127
136
143
155
146
95
90
121
74
50
43
27
77
102
115
167
86
51
75
76
111
84
105
90
69
40
71
91
94
92
61
75
61
23
28
-20
-20
10
-15
37
63
56
93
99
66
2
13
-11
-36
6
-21
-13
-12
-20
29
27
36
36
57
75
54
28
3
7
-15
19
30
28
8
20
7
-23
-27
-79
-74
-51
-69
-29
-26
-23
-8
-34
-13
-53
-56
-112
-109
-83
-127
-125
-125
-73
-66
-38
-43
-44
-5
7
-8
29
92
76
80
95
3
-44
-30
-35
3
45
38
29
52
45
48
43
45
14
-36
3
27
12
13
-18
-78
-67
-48
-82
-93
-146
-137
-153
-142
-114
-99
-55
-47
20
-1
24
27
5
37
13
-15
14
39
-9
23
52
39
72
14
5
30
-22
3
-61
-56
-43
-43
19
63
55
57
-6
4
21
-18
-50
-35
-1
-13
24
18
-43
-37
-17
-49
59
41
-1
-5
-64
-30
-20
-14
-5
-17
-59
-66
-105
-81
-82
-98
-75
-74
-57
-21
12
-23
-28
-4
2
14
-8
12
-22
-13
-15
-41
-14
7
56
12
81
77
79
75
93
119
90
82
55
37
17
46
32
25
13
12
33
33
-22
-48
-71
-59
-54
-45
-97
-113
-105
-139
-142
-137
-137
-212
-207
-214
-175
-160
-173
-121
-79
-67
-71
2
-26
-49
-9
-53
-45
-57
-88
-94
-103
-88
-58
-27
-13
-25
-52
-71
-61
-78
-63
-113
-72
-66
-63
0
-22
-89
-137
-132
-116
-87
-109
-65
-60
-27
-15
-25
1
20
51
91
85
67
96
96
135
105
71
40
-25
-53
-21
-55
-93
-50
-102
-158
-121
-103
-103
-88
-104
-129
-147
-159
-137
-137
-156
-187
-195
-212
-193
-137
-154
-136
-106
-77
-89
-76
-11
61
94
128
163
138
110
70
15
34
32
32
54
-11
-16
-20
-5
-14
-42
-64
-74
-82
-98
-129
-103
-130
-193
-136
-160
-169
-232
-226
-213
-221
-214
-192
-196
-202
-206
-191
-158
-157
-144
-123
-128
-133
-113
-93
-73
-76
-50
-19
-13
-35
19
-1
-18
21
21
34
37
4
-27
8
-6
-15
-16
-10
-30
-43
16
-20
-28
-4
5
-28
-26
-24
-84
-70
-82
-122
-118
-119
-101
-74
-94
-127
-111
-81
-84
-74
-67
-82
-73
-66
-75
-122
-74
-66
-77
-77
-130
-116
-146
-53
-25
-50
-25
-69
-57
-55
-120
-123
-148
-178
-154
-193
-177
-152
-184
-169
-186
-222
-178
-205
-227
-190
-273
-295
-253
-269
-230
-204
-247
-227
-209
-197
-171
-186
-172
-179
-136
-116
-104
-108
-145
-146
-136
-171
-115
-135
-174
-175
-204
-213
-184
-223
-248
-254
-236
-224
-236
-228
-195
-182
-188
-176
-190
-200
-259
-249
-257
-292
-262
-256
-204
-232
-218
-218
-199
-132
-163
-134
-127
-126
-147
-147
-129
-136
-105
-112
-90
-110
-154
-96
-57
-83
-90
-69
-67
-67
-119
-85
-44
-42
-27
-81
-33
-62
-47
-72
-29
-22
-61
-21
-9
21
-50
-38
-42
-70
-46
-83
-90
-109
-152
-149
-167
-153
-149
-162
-142
-176
-210
-202
-172
-176
-239
-227
-237
-168
-165
-128
-84
-120
-117
-86
-88
-135
-107
-52
-84
-67
-33
-48
-25
-23
47
42
70
90
97
23
-23
33
-17
-66
-80
-38
-81
-100
-129
-165
-222
-185
-119
-112
-137
-151
-113
-91
-134
-126
-110
-121
-131
-144
-105
-90
-79
-49
-65
-54
-77
-93
-69
-83
-2
17
31
44
36
30
25
40
53
-29
-81
-62
-48
-98
-57
-28
-78
-72
-43
-29
-28
0
-44
-28
-67
-37
-54
-85
-87
-125
-141
-124
-96
-140
-126
-123
-169
-227
-199
-186
-217
-264
-228
-195
-130
-94
-95
-100
-133
-90
-97
-129
-90
-81
-98
-66
-90
-136
-134
-120
-115
-118
-77
-45
-25
-33
-4
17
-37
-73
-56
-46
-40
12
15
-36
19
-10
-49
-31
-86
-68
-84
-167
-182
-189
-171
-223
-243
-228
-235
-202
-185
-180
-169
-180
-188
-178
-152
-128
-106
-97
-106
-77
-117
-146
-125
-121
-103
-120
-97
-51
-75
-64
-18
-33
-22
4
10
2
41
31
22
-9
-12
-14
18
-16
-39
-44
-50
-62
-114
-94
-70
-89
-139
-49
-61
-116
-82
-87
-129
-169
-158
-131
-165
-157
-153
-191
-190
-171
-171
-233
-198
-181
-156
-188
-163
-137
-110
-73
-83
-117
-61
-54
-44
-6
3
-16
-66
-52
-88
-74
-59
5
-30
-5
24
55
64
43
84
82
131
149
121
95
51
22
-14
-36
-27
-39
-58
-17
40
2
23
77
46
21
34
63
31
20
64
10
5
24
-19
-6
-45
-61
-30
3
7
-5
-29
-1
2
11
33
10
-23
-58
-74
-73
-60
-61
-29
-68
-51
-29
-7
-69
-80
-76
-76
-27
-8
7
-8
53
17
72
95
57
63
45
43
87
62
-22
12
-6
-35
-46
-33
-73
-49
-56
-123
-98
-59
-63
-101
-59
-69
-53
7
-2
-55
30
67
73
87
106
69
37
76
90
163
126
155
157
134
133
170
179
173
147
162
171
171
184
170
152
111
123
43
-4
-72
-98
-80
-129
-140
-141
-145
-147
-171
-180
-182
-213
-186
-171
-158
-130
-129
-119
-140
-129
-149
-69
-100
-119
-129
-45
-14
-66
22
34
62
41
81
82
101
121
45
87
31
3
12
-19
-34
-75
-63
-82
-51
-33
22
65
32
90
94
57
40
22
-34
-4
-4
-66
-60
-75
-73
-81
-43
-12
-13
-36
-51
39
-6
34
47
75
101
113
86
105
103
64
15
-10
-1
0
9
-32
-68
-82
-118
-115
-43
-58
-153
-127
-122
-214
-142
-114
-133
-123
-90
-102
-125
-110
-99
-91
-110
-87
-136
-96
-48
-46
-26
-116
-98
-95
-123
-119
-66
-88
-115
-80
-59
-82
-133
-105
-110
-162
-122
-114
-154
-122
-105
-86
-74
-69
-29
16
53
48
28
5
37
83
25
12
66
84
40
87
128
102
120
112
83
65
40
47
44
-32
-18
-67
-103
-134
-153
-121
-120
-88
-111
-97
-97
-103
-50
-64
-47
-40
11
-2
-41
-23
4
3
-13
52
47
37
25
67
-12
14
-27
-11
-14
-66
-42
-105
-145
-165
-112
-172
-201
-158
-187
-245
-208
-229
-232
-215
-225
-198
-195
-215
-216
-189
-201
-185
-207
-180
-124
-98
-38
-102
-74
-45
-50
-70
-65
-49
-25
0
-102
-64
-62
-23
-42
-23
27
4
26
47
1
-27
-7
-3
-15
0
-13
14
35
2
-14
-16
-15
-33
-77
-45
-108
-93
-53
-85
-93
-111
-113
-138
-118
-83
-76
-117
-102
-116
-185
-221
-203
-197
-165
-180
-201
-191
-200
-162
-218
-243
-217
-237
-256
-232
-199
-231
-203
-196
-209
-202
-191
-177
-151
-113
-64
-83
-70
-19
-33
-53
-29
-2
-40
-39
-63
-68
-107
-142
-77
-150
-184
-151
-172
-168
-143
-77
-134
-144
-122
-158
-195
-206
-144
-166
-222
-212
-223
-237
-283
-243
-224
-245
-164
-117
-120
-97
-68
-37
-52
-39
11
-9
-27
-26
-25
-65
-89
-45
-60
-117
-88
-89
-43
-20
-80
-41
-20
-103
-101
-31
-66
-61
-54
-83
-98
-135
-137
-184
-163
-176
-173
-117
-112
-74
-96
-133
-141
-133
-147
-178
-206
-215
-197
-219
-195
-163
-169
-192
-170
-180
-147
-146
-133
-144
-162
-122
-142
-132
-146
-165
-146
-136
-109
-140
-139
-120
-113
-89
-95
-117
-134
-105
-113
-147
-135
-124
-93
-99
-139
-107
-102
-127
-91
-135
-134
-135
-182
-182
-169
-214
-221
-207
-192
-196
-228
-204
-173
-125
-146
-181
-130
-91
-125
-64
-44
-38
-73
-55
-60
-32
-107
-130
-132
-138
-105
-90
-93
-139
-136
-133
-93
-127
-91
-98
-72
-107
-107
-109
-157
-105
-93
-111
-122
-148
-122
-149
-160
-144
-158
-147
-114
-70
-73
-90
-83
-71
-99
-100
-98
-149
-174
-156
-170
-182
-140
-180
-190
-170
-172
-204
-222
-161
-179
-127
-145
-113
-120
-138
-90
-78
-69
-84
-61
-101
-80
-109
-100
-73
-80
-32
-49
-94
-69
-40
-56
-68
-42
-32
-30
-32
-50
-48
-22
-66
-23
-6
-50
19
28
-18
1
12
2
-24
-58
-81
-56
-73
-85
-83
-96
-144
-166
-169
-182
-155
-136
-129
-89
-28
-5
22
-4
6
42
20
42
88
57
79
57
14
54
24
47
76
63
21
38
26
-2
51
17
-32
-52
-23
5
-45
-54
-18
-27
5
-11
-4
18
5
43
74
41
80
76
69
76
67
113
39
44
81
56
54
59
35
-8
27
46
36
23
6
80
80
8
2
16
-2
-37
-33
-82
-94
-51
-46
-14
-10
54
31
22
-7
-6
30
48
87
101
81
64
55
22
17
-12
-20
1
38
13
29
74
73
102
77
75
72
67
46
-59
-55
-58
-45
-113
-140
-105
-138
-169
-163
-152
-151
-189
-175
-169
-158
-180
-126
-68
-28
-3
10
54
62
70
68
78
70
95
170
170
152
161
141
142
105
148
138
143
161
173
146
108
93
92
69
40
46
32
52
66
-21
-36
-12
31
29
0
23
18
50
31
10
-8
-43
-8
16
41
41
23
54
103
87
113
120
151
187
151
183
131
189
192
221
214
220
240
226
204
112
93
26
63
46
46
18
-1
11
7
-50
-77
-112
-70
-77
-101
-67
-98
-83
-76
-68
-102
-106
-56
-59
-18
-17
-16
-1
-2
22
40
51
76
103
79
129
136
142
163
182
176
191
184
223
240
214
229
227
223
183
186
198
199
172
158
155
170
172
201
172
147
122
77
118
57
83
98
65
76
79
28
29
67
30
5
-26
-15
-31
-22
-4
-15
-3
-14
15
-18
-87
-8
-12
-67
-54
-23
29
7
25
43
32
36
46
76
160
169
182
238
200
232
273
307
269
247
256
231
223
199
203
170
118
131
122
148
152
175
140
112
151
136
142
67
59
49
28
-30
-75
-112
-100
-130
-151
-119
-146
-141
-139
-118
-125
-106
-112
-63
-38
31
75
97
178
250
283
244
264
254
250
211
171
153
206
203
137
126
120
156
179
172
193
195
181
189
141
159
146
113
95
112
90
77
50
-15
-16
25
27
43
69
63
32
25
6
-49
-75
-97
-92
-89
-141
-176
-123
-118
-92
-83
-68
-17
23
75
115
82
126
116
141
212
197
241
238
211
252
234
240
200
204
219
205
182
217
229
162
166
157
145
101
116
18
-32
-59
-52
-80
-105
-73
-73
-6
2
-20
-38
-46
-67
-97
-105
-132
-139
-138
-136
-87
-86
-21
-29
-11
50
103
115
98
153
104
127
171
190
195
165
192
203
134
91
112
66
65
64
58
35
27
80
30
43
14
-30
-39
-23
-57
-114
-88
-134
-162
-199
-194
-188
-153
-146
-118
-139
-116
-80
-95
-111
-120
-99
-107
-136
-173
-108
-68
-43
-29
-18
9
90
59
132
176
93
103
79
129
162
185
154
145
151
105
97
52
74
35
-3
41
7
-19
-20
12
1
-26
0
41
32
29
42
18
-25
-32
-59
-37
-69
-75
-10
-54
-55
-102
-106
-119
-129
-116
-74
-75
-81
-51
-48
28
28
38
-25
-3
29
22
-16
4
20
10
29
11
-4
-25
-29
-45
-92
-85
-50
-62
-52
-66
-89
-121
-99
-64
-68
-143
-126
-124
-142
-137
-126
-137
-172
-157
-170
-181
-217
-214
-229
-204
-179
-168
-178
-208
-123
-136
-120
-138
-128
-115
-115
-120
-82
-55
-97
-58
-63
-36
-48
-79
-55
-89
-86
-76
-80
-78
-38
-40
-35
11
51
51
42
66
60
67
72
109
40
43
-5
-68
-42
-33
-40
-26
-15
-94
-69
-59
-62
-33
-7
20
-68
-112
-91
-71
-70
-96
-117
-72
-53
-63
-67
-58
-44
-44
-22
-51
-41
-10
-6
0
-5
-12
-36
-48
-35
-61
-90
-115
-57
-35
-32
-62
-56
-34
-53
-22
-23
-21
-67
-87
-54
-134
-113
-93
-71
-58
-62
-44
-39
-9
20
51
89
111
99
126
116
69
44
17
22
12
-11
-65
-1
50
46
100
86
61
31
96
61
28
46
46
17
12
11
-11
-44
-30
-41
-92
-66
-107
-132
-141
-152
-154
-175
-162
-167
-191
-178
-183
-201
-236
-194
-136
-113
-142
-128
-125
-77
-21
-24
-9
-33
-28
-35
-37
-13
-39
9
57
69
22
49
103
45
61
81
104
99
98
56
6
13
-2
-18
33
67
73
40
31
4
31
-3
41
8
-10
-11
26
73
49
91
131
137
83
89
136
146
177
202
172
141
144
120
97
67
51
27
21
8
0
2
-31
11
38
25
60
93
90
74
70
85
96
113
135
138
145
115
103
110
126
122
105
103
56
105
58
80
60
8
35
-6
62
40
87
89
80
77
59
70
95
69
55
109
119
144
147
164
191
192
196
212
162
189
178
197
208
209
218
239
203
267
306
291
298
271
254
232
244
232
264
269
307
288
296
260
297
268
242
204
144
166
161
202
208
244
236
224
238
248
227
229
213
212
197
175
185
141
161
213
235
222
178
188
207
212
244
278
236
260
252
236
292
331
316
321
351
359
360
300
334
304
282
308
273
274
331
334
274
255
308
288
277
251
256
223
172
220
189
179
163
154
162
185
165
156
150
131
167
151
146
211
189
190
218
197
204
182
182
182
162
208
250
240
248
275
270
261
234
174
249
239
222
288
250
270
288
290
263
240
212
198
203
235
249
267
306
278
247
186
191
186
135
103
37
28
-16
-16
20
2
31
34
41
47
64
19
-6
10
-1
-1
-39
-9
-12
0
4
7
55
35
48
57
106
176
177
149
112
74
98
82
112
110
177
216
230
229
243
259
219
229
247
247
228
277
270
241
254
277
274
241
257
251
237
236
241
250
260
290
261
248
285
232
219
207
175
111
74
69
70
46
40
43
71
102
56
65
98
156
153
140
143
124
119
139
129
160
202
181
224
218
228
221
229
213
243
220
188
237
241
214
212
280
269
287
214
221
242
156
159
160
216
210
164
140
132
184
207
176
191
145
117
102
103
53
79
107
87
117
137
117
62
123
169
186
161
163
192
179
178
225
257
216
236
229
161
203
179
181
145
127
163
76
92
93
90
91
108
153
196
242
247
251
239
217
213
224
232
247
152
144
156
103
96
111
106
129
147
120
142
134
116
97
73
55
17
-17
-31
-51
-39
-16
-3
-17
20
-8
-31
33
46
57
58
65
57
76
62
76
79
106
152
125
145
119
95
91
114
111
149
74
114
130
144
128
89
85
72
47
13
90
40
15
-8
-3
2
30
32
43
22
48
97
46
43
26
36
19
63
87
123
112
180
234
158
133
65
41
-23
-31
5
19
31
4
-1
-13
-38
-30
-9
-41
-56
-136
-71
-119
-155
-90
-105
-123
-113
-71
-40
-42
-37
2
-40
-24
1
9
55
42
-6
26
71
75
31
30
45
30
-7
14
-9
-67
-27
-62
0
-3
28
46
9
-17
-23
-9
-61
-44
-101
-109
-75
-100
-92
-95
-97
-78
-70
-46
-11
0
-10
45
62
46
47
107
72
96
106
133
133
167
156
108
150
103
121
127
158
201
196
219
219
233
204
162
126
124
101
36
36
4
-5
-32
-20
-96
-179
-193
-211
-231
-288
-324
-332
-326
-406
-491
-499
-539
-591
-591
-545
-525
-520
-496
-430
-313
-249
-175
-68
42
112
203
257
318
393
434
455
469
494
448
433
408
419
409
370
401
409
384
343
374
391
419
441
493
496
504
527
509
513
462
508
456
388
395
344
274
187
126
31
-65
-152
-260
-316
-456
-617
-686
-801
-955
-1144
-1256
-1342
-1448
-1553
-1614
-1576
-1551
-1430
-1391
-1317
-1114
-737
-443
-376
-350
-39
416
688
647
674
958
1094
1109
954
946
1041
913
590
512
495
290
-44
-303
-251
-240
-402
-661
-674
-629
-569
-467
-413
-278
-149
-65
13
278
542
688
760
888
1060
1153
1217
1206
1256
1271
1152
1109
1105
1019
766
509
490
559
399
131
15
33
-5
-95
-163
-259
-171
-222
-141
87
179
-27
-352
-283
57
256
-37
-401
-454
-385
-387
-563
-666
-819
-1103
-1269
-1320
-1359
-1537
-1764
-1851
-1819
-1790
-1876
-1894
-1625
-1201
-790
-710
-661
-351
83
529
771
923
1128
1347
1522
1545
1561
1610
1469
1188
972
792
646
319
-33
-188
-241
-334
-635
-829
-973
-1044
-1027
-939
-808
-692
-648
-592
-350
-30
269
460
536
729
956
1135
1312
1375
1446
1392
1356
1380
1419
1278
971
712
751
989
960
665
443
460
357
139
142
380
494
284
-1
-58
81
140
145
131
82
-102
-278
-340
-332
-431
-618
-722
-801
-956
-1222
-1474
-1626
-1792
-1971
-2052
-2152
-2402
-2733
-2894
-2894
-2644
-1880
-1080
-955
-1478
-1581
-665
644
1135
871
899
1437
1859
1827
1860
2195
2325
1830
1312
1363
1464
1024
202
-222
44
163
-293
-995
-1321
-1314
-1318
-1238
-1041
-834
-896
-1138
-1071
-562
147
436
504
598
959
1398
1614
1750
1885
2066
2095
2200
2299
2266
1999
1615
1553
1771
1706
1300
840
702
776
666
382
263
329
204
-68
-154
-23
57
-71
-174
-26
39
-131
-263
-255
-194
-291
-459
-578
-659
-941
-1312
-1474
-1696
-1965
-2282
-2516
-2574
-2954
-3332
-3522
-3521
-3532
-3482
-2465
-1176
-1082
-2176
-2661
-1113
1122
1795
1113
890
1801
2654
2734
2713
3279
3630
2942
2030
2125
2718
2388
1019
182
664
1165
472
-824
-1544
-1466
-1278
-1305
-1328
-1299
-1467
-1942
-2137
-1460
-377
159
-87
-433
-43
791
1351
1492
1675
1968
2162
2226
2276
2423
2614
2748
2626
2350
1970
1794
1838
1844
1566
1209
961
798
646
353
95
-48
-143
-238
-236
-201
-260
-505
-685
-550
-351
-352
-623
-767
-879
-1033
-1152
-1245
-1368
-1735
-2224
-2474
-2499
-2597
-2874
-3335
-3687
-3840
-3960
-4084
-4097
-4112
-3301
-1849
-1207
-1925
-2884
-1981
475
2087
1830
1181
1677
2790
3323
3328
3856
4479
4149
3080
2720
3355
3620
2580
1275
1076
1554
1267
-57
-1150
-1488
-1400
-1501
-1703
-1756
-1918
-2413
-2938
-2716
-1649
-737
-779
-1283
-1315
-487
461
948
1225
1472
1760
2107
2516
2756
2617
2352
2563
3057
3731
3848
2928
1802
1390
2072
2769
2524
1567
674
223
143
314
494
182
-536
-1022
-926
-577
-664
-1055
-1362
-1324
-1095
-1079
-1268
-1630
-2000
-2241
-2046
-1679
-1674
-2250
-2939
-3343
-3294
-3140
-3070
-3237
-3732
-4149
-4288
-4111
-3781
-2410
-768
-482
-2077
-3386
-1724
1631
3189
1991
970
1892
3518
3901
3486
3852
4592
4296
3227
2902
3661
3917
2483
1025
1243
2161
1691
-189
-1604
-1592
-1042
-1126
-1490
-1633
-1872
-2608
-3346
-2973
-1480
-451
-941
-1942
-1887
-547
780
1114
988
1338
2122
2415
2357
2553
3132
3801
4091
3981
3673
3393
3117
2957
2850
2780
2638
2152
1531
1025
540
193
-13
-135
-406
-825
-1326
-1548
-1690
-1800
-1752
-1737
-1745
-1985
-2222
-2318
-2324
-2196
-2039
-1912
-2038
-2374
-2603
-2639
-2603
-2579
-2711
-2942
-3129
-3360
-3590
-3775
-3913
-3844
-2737
-917
-306
-1693
-3482
-2780
460
2996
2701
1145
913
2169
3218
3508
3979
4636
4425
3207
2543
3271
4115
3505
2060
1503
1986
2093
813
-682
-1229
-903
-689
-943
-1298
-1811
-2618
-3521
-3432
-2162
-941
-1091
-2292
-2847
-2028
-618
539
1166
1387
1184
1076
1823
3124
4014
3887
3551
3824
4335
4356
3828
3344
3073
2969
3104
2982
2393
1263
242
-1
337
334
-332
-1182
-1836
-2225
-2427
-2237
-1970
-2153
-2778
-3101
-2908
-2595
-2580
-2823
-2785
-2512
-2341
-2403
-2500
-2689
-2833
-2729
-2518
-2463
-2784
-3360
-3651
-3699
-3311
-3010
-2997
-2429
-1386
-747
-1497
-2415
-1675
842
2825
2457
1140
968
2223
3383
3630
3713
4061
3875
2965
2355
2926
3675
3300
2101
1261
1282
1235
429
-574
-930
-842
-863
-1205
-1611
-2035
-2613
-2987
-2781
-1993
-1169
-1121
-1846
-2182
-1429
94
1153
1382
1343
1476
1932
2501
3149
3811
4167
4219
4164
4109
4046
3768
3507
3435
3594
3424
2834
1932
1134
784
658
502
156
-409
-1286
-2007
-2232
-2129
-1995
-2041
-2372
-2795
-3029
-3031
-2969
-2991
-2960
-2865
-2665
-2751
-3121
-3269
-3181
-3022
-2913
-2807
-2862
-3151
-3652
-3905
-3823
-3529
-3672
-3637
-2407
-884
-625
-2123
-3023
-1308
2019
3677
2422
626
834
3022
4730
4751
4204
3990
3871
3484
3305
3725
4075
3333
1977
1343
1676
1816
746
-761
-1351
-880
-510
-852
-1751
-2639
-3103
-3142
-2585
-1743
-1480
-2170
-2856
-2535
-1189
191
756
769
676
1024
1682
2600
3591
4165
4016
3766
4105
4828
4972
4337
3766
3823
4132
3968
3368
2466
1661
1245
1276
1330
796
-291
-1297
-1786
-1658
-1499
-1691
-2248
-3015
-3438
-3378
-3055
-2938
-3234
-3626
-3696
-3484
-3344
-3307
-3260
-3181
-3218
-3087
-2907
-2780
-2986
-3458
-3514
-3266
-2893
-3113
-4151
-4115
-1743
704
500
-2294
-3921
-1453
2608
3939
2114
408
928
2614
3615
4077
4435
4085
2927
2266
2859
4032
4016
2471
1325
1434
1954
1651
598
-387
-815
-789
-521
-294
-731
-1881
-3121
-3435
-2425
-1004
-621
-1637
-2853
-2835
-1472
-88
503
502
414
490
926
1889
2894
3338
3341
3531
3979
4175
3889
3687
3901
4204
4208
3892
3495
2968
2231
1689
1780
2066
1637
555
-556
-1083
-1105
-999
-1202
-1716
-2396
-2994
-3091
-2998
-2985
-3114
-3205
-3282
-3462
-3588
-3384
-3026
-2925
-2962
-3014
-2750
-2476
-2573
-2828
-2935
-2653
-2357
-2317
-2625
-2616
-2359
-2039
-864
45
-363
-1577
-2050
-469
1882
2526
1368
335
741
1985
2914
2957
2750
2512
2095
2140
2453
2699
2622
2112
1635
1554
1481
1343
887
296
17
261
630
418
-468
-1542
-1772
-1137
-334
-45
-476
-1282
-1785
-1555
-812
51
364
-79
-501
-195
562
1361
1779
1894
2032
2272
2444
2568
2614
2685
3023
3384
3475
3165
2656
2352
2264
2228
2293
2269
1710
862
189
93
298
160
-340
-1060
-1625
-1883
-2011
-2172
-2404
-2666
-2944
-3102
-3214
-3293
-3359
-3320
-3192
-3109
-3058
-3090
-3087
-3177
-3120
-2890
-2679
-2569
-2662
-2832
-2967
-3218
-3139
-1581
465
643
-1569
-3766
-2863
905
3601
2614
-236
-1365
237
2531
3438
3003
2291
1799
1638
1818
2275
2943
3090
2397
1489
1227
1772
2034
1267
233
237
1200
1744
730
-994
-1666
-1076
-149
139
-309
-1077
-1885
-2214
-1630
-666
114
-105
-1006
-1374
-781
337
1064
1036
1019
1323
1583
1655
1610
2000
2621
3029
2963
2772
2643
2451
2240
2259
2580
2808
2373
1427
678
513
903
945
374
-509
-1181
-1433
-1608
-1765
-1969
-2230
-2612
-2912
-3055
-3057
-2997
-3045
-3006
-2858
-2799
-2805
-3015
-2976
-2719
-2436
-2097
-2127
-2276
-2432
-2578
-2635
-2807
-2941
-2111
-353
244
-1401
-3643
-3560
-482
2346
1929
-687
-2175
-963
1458
2706
2390
1742
1411
1394
1619
2149
3073
3587
2937
1939
1732
2382
2781
2005
844
856
1951
2398
1304
-368
-1087
-576
79
258
-84
-1005
-2119
-2694
-2250
-1147
-457
-715
-1687
-2499
-2188
-1081
-41
313
199
32
98
458
1069
1857
2372
2472
2328
2331
2598
2769
2793
2924
3224
3329
2918
2229
1672
1584
1652
1614
1216
462
-354
-910
-1093
-1148
-1276
-1680
-2244
-2812
-3174
-3196
-2980
-2807
-2921
-3191
-3370
-3359
-3273
-3147
-2947
-2708
-2516
-2474
-2593
-2743
-2859
-2822
-2702
-2796
-3199
-2860
-1445
-601
-1724
-3671
-3821
-1313
1288
1214
-1036
-2369
-1153
1261
2450
1978
1200
979
1190
1577
2135
2809
3067
2418
1592
1581
2299
2623
1852
893
989
1957
2195
1183
-98
-590
-176
169
302
-88
-933
-1757
-2205
-1887
-964
-440
-1152
-2359
-2856
-1997
-585
-2
-503
-1139
-873
46
732
936
962
1105
1511
1889
2251
2366
2283
2165
2299
2679
2922
2737
2166
1718
1608
1879
1952
1347
416
-204
-264
-127
-289
-876
-1604
-2112
-2327
-2305
-2225
-2374
-2684
-3083
-3241
-2974
-2613
-2635
-2945
-2995
-2828
-2552
-2514
-2722
-2892
-2858
-2718
-2769
-3024
-3503
-3794
-2760
-974
-609
-2366
-4438
-4026
-1083
1199
457
-1920
-2816
-1223
997
1756
1087
570
637
979
1342
1831
2607
2866
2219
1592
1929
2780
2915
1996
1424
2117
3020
2751
1411
264
340
1004
1221
828
172
-579
-1171
-1320
-742
-168
-527
-1633
-2603
-2354
-1149
-268
-615
-1520
-1717
-1042
-96
307
167
37
243
775
1411
1773
1635
1326
1498
2195
2851
2831
2278
1667
1471
2009
2447
2171
1253
400
199
466
544
77
-597
-1110
-1392
-1517
-1555
-1648
-1844
-2159
-2444
-2431
-2384
-2509
-2732
-2945
-2679
-2409
-2607
-3045
-3328
-3208
-2926
-3031
-3559
-4019
-4380
-4135
-2695
-1567
-2411
-4543
-5661
-3749
-453
494
-1569
-3730
-3179
-530
1478
1282
295
80
664
1478
1969
2550
3152
2961
2347
2457
3314
3767
3213
2360
2567
3676
3924
2747
1329
945
1596
2049
1685
948
72
-646
-1006
-741
-213
-366
-1426
-2615
-2815
-1853
-822
-892
-1807
-2411
-2104
-1209
-564
-535
-719
-648
-230
337
711
763
643
732
1207
1847
2067
1715
1265
1143
1696
2206
1918
1232
785
776
956
1014
767
324
-85
-361
-490
-427
-441
-668
-1074
-1317
-1283
-1292
-1581
-1900
-2090
-2058
-2107
-2397
-2753
-3020
-3057
-3132
-3371
-3767
-4128
-4478
-4376
-3238
-2458
-3307
-4946
-5588
-3897
-1367
-749
-2438
-3847
-2944
-794
694
655
70
247
902
1565
2140
2790
3404
3213
2791
3111
3925
4141
3476
2920
3364
4240
4130
2946
2000
1897
2324
2499
2023
1436
758
32
-241
-181
-98
-447
-1231
-1968
-1988
-1581
-1372
-1677
-2047
-1933
-1550
-1403
-1543
-1493
-1163
-660
-367
-295
-288
-299
-67
462
1009
1312
1149
912
950
1416
1958
1998
1682
1344
1360
1464
1511
1448
1271
911
579
353
301
317
62
-290
-542
-687
-849
-1124
-1384
-1521
-1610
-1858
-2203
-2463
-2608
-2721
-2925
-3259
-3534
-3768
-4036
-4355
-4055
-2992
-2737
-3853
-4995
-4642
-2606
-1119
-1739
-3169
-3114
-1388
196
285
-331
-96
860
1605
1848
1999
2474
2938
2907
3026
3604
3900
3474
2964
3293
4286
4505
3550
2631
2548
3044
3113
2509
1820
1511
1302
1081
788
500
272
-135
-651
-762
-571
-713
-1015
-1288
-1279
-1057
-977
-1188
-1252
-1062
-723
-467
-424
-342
-371
-312
-42
461
770
860
670
629
975
1307
1473
1394
1273
1248
1374
1389
1319
1254
1024
754
490
428
329
122
-222
-402
-441
-644
-964
-1344
-1567
-1628
-1802
-2203
-2425
-2587
-2782
-2985
-3293
-3411
-3544
-3600
-3120
-2716
-3071
-3653
-3798
-2855
-1537
-1401
-2335
-2781
-1719
-167
450
-144
-628
44
1090
1789
1861
1840
2106
2225
2350
2733
3145
3117
2797
2694
3134
3553
3327
2725
2500
2630
2806
2631
2129
1942
1822
1554
1301
1173
1118
930
547
212
256
336
180
-57
-87
54
-15
-301
-427
-244
49
132
10
-139
-109
78
160
279
342
338
300
330
540
668
614
496
488
695
752
580
326
243
324
257
134
-85
-253
-372
-436
-552
-785
-1030
-1260
-1243
-1228
-1396
-1604
-1856
-1990
-1969
-2028
-2169
-2294
-2427
-2648
-2892
-2656
-2015
-1881
-2573
-3256
-2892
-1635
-854
-1428
-2280
-2005
-760
215
93
-410
-236
560
1085
1183
1219
1525
1895
1942
2095
2421
2467
2204
2114
2523
3040
2956
2276
1871
2117
2564
2550
1997
1605
1699
1830
1708
1403
1122
902
757
715
788
687
431
182
132
301
273
-103
-348
-106
192
171
6
-87
-20
141
143
116
162
168
93
166
278
356
318
227
302
358
367
216
108
141
158
34
-197
-255
-227
-243
-350
-446
-555
-597
-701
-889
-908
-965
-1021
-1076
-1140
-1184
-1268
-1299
-1317
-1404
-1453
-1651
-1830
-1877
-1571
-1223
-1408
-1945
-2275
-1918
-1128
-819
-1252
-1676
-1407
-689
-199
-360
-640
-353
208
590
606
556
806
1092
1371
1543
1606
1514
1416
1570
1950
2190
2024
1723
1675
1854
1960
1870
1691
1664
1681
1657
1535
1373
1230
1196
1194
1151
1073
873
689
712
775
773
586
366
262
246
312
319
298
237
98
6
40
120
56
-124
-141
-7
4
-90
-184
-204
-91
-116
-246
-249
-229
-263
-296
-326
-403
-442
-477
-505
-370
-386
-532
-617
-591
-515
-526
-626
-626
-552
-531
-548
-680
-733
-655
-600
-706
-933
-972
-1012
-1111
-1138
-973
-856
-1089
-1508
-1738
-1459
-970
-895
-1195
-1388
-1274
-969
-736
-702
-689
-525
-304
-175
-182
-84
59
282
364
509
569
415
359
624
1013
1186
1031
928
928
993
1193
1299
1354
1339
1304
1309
1321
1302
1265
1198
1192
1171
1147
978
748
706
724
764
680
477
341
297
215
188
151
1
-100
-133
-108
-64
-111
-272
-414
-364
-307
-355
-381
-461
-535
-453
-388
-376
-374
-355
-310
-262
-257
-249
-261
-168
-34
41
26
7
-4
-21
47
117
243
287
141
80
45
41
38
60
110
-21
-100
-185
-315
-411
-456
-540
-614
-769
-951
-975
-915
-891
-1005
-1118
-1235
-1203
-1109
-1019
-956
-900
-897
-962
-972
-865
-614
-517
-539
-462
-380
-200
-57
30
117
277
403
445
512
654
883
1003
1003
1000
965
1041
1234
1294
1244
1183
1117
1069
1050
1012
994
935
894
794
644
531
565
533
432
414
373
274
187
193
81
-16
12
40
-48
-116
-142
-205
-159
-106
-45
-65
-124
-6
93
228
273
316
367
457
623
730
737
773
842
926
1031
969
948
897
993
1086
1020
932
832
828
818
779
801
638
483
353
272
255
162
7
-262
-404
-398
-409
-504
-616
-745
-798
-811
-803
-846
-841
-876
-881
-879
-896
-831
-832
-828
-846
-830
-811
-856
-868
-874
-815
-788
-821
-776
-728
-559
-383
-303
-249
-179
-163
-137
-45
77
289
348
332
234
286
394
429
450
466
465
433
488
539
562
586
571
485
413
388
408
379
322
319
321
294
168
139
158
187
272
296
240
232
277
408
510
488
468
456
551
605
678
767
807
791
785
813
842
885
843
834
806
778
769
793
779
707
601
430
377
361
346
264
125
19
-11
-48
-176
-230
-229
-277
-388
-443
-409
-426
-478
-544
-538
-477
-383
-379
-389
-356
-227
-143
-203
-246
-194
-52
-43
-74
-107
-82
27
57
-10
-26
-67
-62
-31
-36
-115
-197
-129
-77
38
43
-5
-101
-138
-102
-62
-3
-73
-158
-269
-282
-168
-150
-118
-142
-188
-245
-177
-127
-110
-83
-141
-98
-50
12
106
98
159
242
283
298
318
360
346
404
455
458
473
571
600
661
731
664
695
771
894
984
952
893
875
853
777
826
769
695
681
471
359
317
248
178
136
130
92
-79
-185
-280
-331
-207
-183
-252
-388
-428
-345
-356
-374
-389
-360
-367
-303
-240
-233
-190
-104
-77
-23
98
135
192
179
212
282
351
351
318
331
329
337
353
323
317
293
223
204
215
181
158
150
65
87
113
81
-63
-157
-132
-105
-129
-176
-185
-224
-312
-370
-298
-207
-187
-248
-319
-365
-349
-254
-212
-256
-291
-373
-383
-322
-217
-174
-134
-105
-113
-31
1
140
220
234
232
265
359
435
416
433
445
456
500
494
495
507
525
482
476
485
447
402
318
280
218
89
12
-2
-71
-125
-191
-197
-217
-247
-268
-311
-333
-337
-344
-341
-303
-250
-202
-218
-181
-127
0
0
-1
36
87
198
225
233
240
305
370
409
392
367
308
270
225
172
188
191
125
125
119
83
27
-5
29
56
37
-72
-125
-62
-38
-26
-61
-128
-185
-241
-302
-247
-153
-152
-204
-301
-312
-207
-157
-201
-168
-152
-161
-147
-135
-120
-72
101
91
65
57
74
159
128
229
286
227
245
269
344
456
469
417
365
415
461
437
406
374
291
255
257
199
110
96
38
-56
-37
7
-21
-162
-278
-296
-238
-243
-305
-378
-357
-344
-311
-295
-269
-189
-168
-128
-75
4
9
11
91
135
177
255
314
303
320
401
431
475
416
420
380
398
481
415
349
299
288
308
326
269
248
196
110
112
161
170
111
-35
-71
-55
-61
-107
-91
-81
-100
-125
-125
-111
-164
-154
-184
-197
-198
-188
-219
-213
-164
-115
-140
-227
-239
-174
-91
-74
-94
-95
-7
5
15
54
115
181
167
225
256
277
316
307
389
499
496
476
451
455
461
445
491
456
386
338
325
288
227
223
172
119
74
59
77
66
61
99
63
79
34
24
26
-66
5
24
62
101
141
150
186
242
245
322
337
472
564
594
573
473
506
493
521
470
324
295
225
224
184
173
173
112
47
89
173
155
62
12
-9
20
3
-51
-102
-104
-106
-56
-88
-170
-84
-77
-44
-132
-92
-107
-164
-193
-210
-183
-186
-289
-398
-406
-412
-363
-350
-346
-374
-336
-300
-251
-156
-82
-55
-20
35
62
151
182
221
321
342
374
367
361
416
515
566
591
643
598
560
557
498
430
448
449
367
299
228
207
270
282
256
216
198
180
123
114
184
126
73
16
51
48
66
61
49
37
11
22
-2
-27
-13
45
14
63
94
91
136
86
117
177
175
172
86
82
102
171
163
203
209
196
172
150
251
269
287
244
241
183
128
89
30
51
26
-59
-120
-193
-225
-254
-272
-317
-349
-385
-396
-464
-469
-349
-364
-329
-370
-434
-430
-363
-324
-242
-167
-132
-70
-26
82
122
132
165
233
242
250
320
334
359
406
418
389
384
431
465
448
459
525
486
450
438
389
383
335
277
268
274
281
296
281
292
315
255
196
172
134
145
132
84
45
-25
-22
-16
-47
-100
-109
-110
-190
-224
-157
-103
-88
-80
-74
-28
-69
-50
51
117
125
187
155
122
175
310
343
261
302
336
396
368
364
363
340
347
335
256
196
148
115
64
-26
-56
-127
-168
-212
-240
-298
-298
-329
-372
-356
-327
-337
-383
-359
-337
-226
-171
-186
-161
-152
-65
-32
6
80
135
97
73
119
152
210
197
169
195
224
286
290
299
332
405
457
389
415
403
471
502
466
455
428
382
328
321
348
337
307
342
293
260
249
250
226
154
141
55
46
16
10
30
8
8
-30
-57
-62
-33
-29
-14
-14
19
65
93
105
150
220
203
188
173
190
240
254
333
312
303
321
302
304
268
292
247
228
261
209
102
60
14
15
-59
-144
-210
-226
-233
-306
-294
-364
-356
-357
-335
-318
-330
-319
-305
-257
-263
-273
-276
-289
-242
-256
-251
-240
-193
-91
-99
-74
-30
-15
56
112
87
97
82
91
139
125
119
155
226
229
266
330
352
369
412
414
348
373
340
332
275
249
224
180
118
98
131
110
67
42
15
-23
-9
-13
30
103
37
57
42
10
57
67
69
35
57
58
91
91
117
164
178
156
103
80
93
103
99
160
140
129
72
49
91
34
27
26
22
-47
-113
-106
-58
-17
-77
-56
-101
-149
-102
-130
-51
-89
-109
-150
-161
-150
-135
-119
-171
-230
-266
-324
-340
-347
-318
-333
-356
-360
-395
-459
-376
-292
-309
-270
-273
-151
-158
-134
-73
-45
-41
-46
-21
111
148
208
282
285
350
405
435
440
449
457
421
355
342
318
245
190
199
172
118
110
38
-10
-12
1
18
-39
-78
-90
-38
32
41
-15
-50
-38
9
29
14
-17
-37
-41
-63
-79
-38
-29
-39
-18
-25
-28
-2
18
-45
-42
-73
-115
-155
-117
-74
-73
-117
-145
-96
-54
-49
-91
-75
-60
-27
-75
-134
-123
-142
-103
-140
-177
-191
-223
-222
-247
-259
-314
-370
-385
-376
-379
-354
-336
-339
-343
-307
-334
-297
-338
-325
-314
-338
-273
-263
-173
-140
-85
-74
-18
38
46
75
102
120
186
205
157
185
210
294
210
158
209
210
69
21
118
99
116
104
70
32
3
-16
-28
-44
-75
-104
-123
-133
-147
-180
-201
-214
-208
-252
-280
-274
-249
-268
-223
-206
-219
-179
-150
-83
-73
-53
-80
-127
-192
-125
-119
-178
-125
-77
-86
-70
55
44
-3
8
99
68
63
159
67
17
2
35
38
-24
-160
-166
-148
-207
-178
-198
-212
-219
-142
-118
-144
-109
-164
-240
-214
-163
-221
-259
-228
-193
-110
-111
-111
-164
-181
-157
-107
-86
-86
-56
-74
-59
-117
-139
-72
-38
-128
-182
-178
-202
-202
-208
-202
-225
-179
-95
-86
-112
-15
-38
-73
-10
43
5
-20
45
90
82
84
83
20
11
26
54
0
-83
-109
-150
-99
-189
-324
-239
-202
-218
-297
-290
-306
-363
-337
-277
-265
-255
-288
-333
-279
-222
-76
-91
-155
-96
97
80
26
29
76
130
33
120
74
-18
59
131
59
69
3
-35
85
-59
-54
-27
-62
-121
-130
-170
-54
22
-146
-208
-64
21
-109
-187
-76
-56
-24
53
-13
-105
-42
-170
-181
-75
-59
-232
-433
-240
-135
-336
-316
-60
-397
-370
-124
-258
-339
-184
-195
-345
36
-60
-324
-28
90
-180
-17
474
73
-271
93
415
233
150
194
244
350
131
72
300
285
32
102
185
21
-71
88
41
-196
-47
28
-45
-169
-299
-343
-128
-6
-159
-239
-164
-74
-116
-153
-86
-49
-95
-125
-129
69
227
-70
-236
72
137
-36
-37
196
62
-27
88
435
-72
-392
239
100
-375
155
450
-240
-348
150
47
-15
60
-27
-123
-97
-159
201
49
-453
-74
-7
-181
-131
-83
-340
-392
-317
-8
-294
-481
-253
-226
-355
-158
-46
-244
-445
-395
61
-250
-198
-41
-247
-275
257
183
-89
-32
283
529
132
317
553
54
-14
669
362
176
430
335
84
61
357
294
-48
8
138
-102
187
415
-145
-72
-53
-125
269
101
-492
-261
257
-138
-113
103
-427
-908
-34
286
-146
-145
-291
-638
-221
447
-292
-495
90
-94
-657
241
310
-938
-580
378
-146
-380
204
-535
-742
380
503
-485
-379
400
-468
-410
721
299
-967
-52
529
-559
-433
529
-192
-788
531
570
-357
-144
232
-383
107
922
195
-855
-365
-41
95
301
-143
-463
-160
206
-123
-90
45
-120
-414
257
818
113
-484
-292
350
742
374
-193
-231
193
21
128
490
-67
-291
180
348
-178
229
300
-339
248
632
-104
-144
26
-506
-375
480
797
-489
-921
305
213
-813
-285
483
-228
-685
-104
245
55
-742
-634
378
254
-601
-326
-27
-197
-241
-5
186
-369
-815
-199
347
60
-221
-193
-17
-155
-342
-290
62
-343
4
394
43
-581
-607
-76
397
-269
-360
213
100
-414
-104
526
-39
-67
200
311
118
131
-284
-275
200
425
-22
-665
-407
335
261
-358
-413
43
245
30
-309
-430
30
16
-102
260
-121
-489
-170
241
330
127
-371
-377
88
617
498
-214
-708
24
698
525
350
-361
-841
-104
890
634
-229
-493
-503
194
756
72
-721
-110
322
98
522
320
-851
-658
647
548
-185
-430
-413
-318
-21
581
146
-925
-737
312
321
-315
-414
-293
-245
-94
446
168
-695
-814
-25
282
-133
-339
-161
-248
-269
108
223
-28
-538
-414
243
342
-214
-332
-248
-74
-58
-297
-149
121
-94
-609
-170
313
-254
-696
-231
310
-3
-554
-328
109
-339
-693
248
308
-539
-683
-238
-114
-21
-155
-413
-278
-250
-443
-334
344
183
-640
-547
180
116
-409
-329
88
104
-167
-181
-2
-236
-594
-245
563
745
-214
-741
-81
407
172
-49
-22
3
104
154
241
106
-158
-137
99
80
-173
-260
-7
178
-205
-168
-96
-376
-435
-437
-135
54
-161
-469
-313
-288
-398
-345
43
-243
-727
-311
107
-134
-398
-196
-194
-373
-180
149
18
-345
-528
73
363
-207
-494
-298
-72
-3
227
-45
-438
-298
234
352
-83
-247
33
155
175
107
-166
-69
31
48
-30
-18
-73
-118
-235
9
177
-151
-231
-199
-138
-138
62
206
-129
-295
-487
-481
258
399
-377
-932
-568
78
22
-342
-766
-682
-430
62
411
-55
-902
-763
60
562
310
-156
-467
-263
459
571
413
-6
-277
-208
675
994
345
-187
2
311
469
648
225
-30
40
210
285
207
-106
-441
-248
44
171
-145
-323
-336
-444
-286
102
-129
-580
-396
-382
-380
-273
-182
-229
-298
-366
-277
-201
-127
-160
104
286
282
195
74
141
219
313
268
325
315
130
-107
107
316
254
170
221
123
-35
80
186
99
16
233
81
-48
-62
-78
-40
184
372
224
13
-323
-422
-52
257
147
-120
-249
-95
10
16
-184
-167
11
-21
-10
-70
-291
-419
-305
-40
8
-234
-244
-214
-507
-460
20
313
-100
-373
-295
-109
160
214
92
-31
106
129
35
-7
-142
-138
205
460
447
70
-247
-109
215
420
280
-15
-176
-112
-61
-123
-210
-272
-333
-230
-102
-149
-403
-543
-332
-99
-49
-37
-332
-614
-459
-79
-6
-235
-381
-504
-339
-135
-129
-127
-222
-215
44
294
170
36
166
278
358
375
201
70
109
287
452
309
116
106
249
157
154
33
-20
139
271
149
-104
-183
-304
-197
164
80
-267
-307
-186
-97
-119
-299
-476
-406
-120
-42
-172
-246
-259
-292
-113
25
-43
-95
-112
2
129
67
8
-170
-154
13
67
15
-3
-74
-111
-93
138
226
46
-87
-34
89
136
225
127
14
-106
-47
59
168
22
-249
-208
34
82
-116
-334
-445
-203
54
87
-55
-240
-344
-249
-55
-35
-188
-294
-202
-30
130
-13
-243
-172
81
212
237
172
53
-22
98
236
286
231
92
-40
-18
139
189
137
113
127
74
88
140
57
-83
-34
33
138
56
-236
-355
-251
-37
12
43
-43
-275
-320
-189
-88
-81
-123
-110
30
94
47
-144
-191
-28
163
140
1
-67
-106
-66
54
180
146
24
-29
4
6
15
85
154
185
134
43
66
200
182
152
198
189
72
-16
-83
-122
-48
35
144
129
-12
-176
-173
20
72
94
47
-32
-33
-58
-55
-123
-252
-244
-57
-8
-135
-324
-311
-122
24
2
-106
-133
-132
-71
136
195
109
44
107
209
213
154
146
215
366
382
299
244
213
219
299
372
313
275
213
235
263
216
55
156
170
113
72
-25
-4
-57
-9
-21
-47
-91
-207
-223
-238
-242
-268
-263
-108
-111
-171
-204
-229
-184
-86
118
126
66
167
195
263
284
259
341
402
385
369
333
314
278
282
416
368
272
167
156
218
308
300
179
85
35
57
13
91
109
-72
-104
-67
-149
-292
-390
-380
-261
-157
-197
-269
-309
-402
-367
-262
-214
-251
-294
-270
-167
-115
-109
-185
-214
-117
-43
-7
-83
-79
-92
12
115
153
-9
-120
12
202
326
238
146
159
250
301
278
213
208
197
234
313
225
101
12
91
213
241
133
-9
2
89
169
68
55
-39
-11
20
0
-25
-128
-96
9
47
-37
-110
-114
-53
-27
-12
-59
-51
-74
-4
57
45
26
19
52
67
43
1
53
103
34
69
149
130
172
119
109
143
44
44
54
27
-2
2
23
44
33
-70
-142
-108
-78
-162
-227
-259
-275
-347
-351
-263
-289
-343
-286
-211
-198
-216
-230
-209
-204
-170
-192
-222
-171
-134
-138
-51
-19
-77
-61
67
80
74
93
87
86
105
171
198
218
208
280
335
351
343
291
294
375
432
440
439
378
369
313
226
217
197
146
156
107
155
64
-42
-57
-50
-26
16
-57
-155
-170
-138
-138
-122
-125
-115
-128
-57
48
67
15
7
82
71
88
78
131
112
148
168
234
224
191
203
246
339
365
346
317
245
308
379
325
265
215
125
121
181
151
16
-32
13
-61
-102
-120
-109
-154
-119
-114
-157
-205
-216
-197
-201
-132
-109
-110
-107
-80
-42
30
12
-17
-13
-6
59
61
62
141
145
185
211
208
202
201
245
221
217
210
229
241
248
273
241
207
196
138
106
116
111
74
37
12
6
-117
-199
-196
-181
-213
-214
-179
-176
-209
-223
-220
-292
-301
-219
-196
-233
-203
-185
-213
-157
-172
-94
-36
-28
23
26
80
127
155
214
191
189
219
307
341
311
346
328
305
317
260
262
225
210
213
212
237
195
149
91
108
55
9
-82
-122
-165
-208
-166
-214
-210
-222
-262
-271
-265
-320
-273
-229
-248
-214
-214
-239
-134
-99
-106
-71
-23
11
10
78
127
113
137
130
211
307
250
277
189
240
236
244
258
196
148
139
166
82
107
85
13
-11
-36
-25
-117
-154
-80
-98
-133
-147
-144
-180
-130
-101
-97
-135
-187
-186
-208
-190
-137
-136
-94
31
92
55
162
225
254
281
318
343
360
382
359
368
330
367
337
307
350
337
293
243
231
206
164
164
190
189
122
105
64
36
33
4
13
25
-18
32
35
-13
-60
-68
-9
37
34
0
34
41
16
42
71
42
92
87
91
119
117
129
122
161
221
243
214
220
263
280
310
353
306
299
301
302
245
223
188
179
156
156
128
13
38
40
27
16
41
49
22
31
16
4
-19
-75
-130
-131
-104
-128
-186
-217
-213
-203
-226
-204
-172
-169
-128
-18
73
80
57
62
111
46
94
131
64
110
106
155
146
191
142
115
156
162
178
126
162
188
252
301
284
187
67
30
50
72
-5
-22
-85
-73
-88
-166
-179
-217
-193
-156
-121
-113
-124
-158
-92
-26
-8
-10
-66
-33
12
-56
-30
-60
-65
-15
9
-5
14
24
2
64
101
102
163
166
146
146
119
132
113
134
181
140
169
160
100
68
89
59
52
45
24
23
79
94
53
60
49
41
63
80
72
47
-5
-52
-79
-57
-87
-56
-56
-49
-24
-51
-62
-73
-100
-43
29
-32
-43
13
-5
-85
-86
-88
-109
-81
-99
-91
-64
36
3
19
73
110
76
99
190
131
137
124
167
124
147
139
123
125
110
83
27
-21
-28
-12
7
50
71
37
53
93
96
62
39
36
56
48
109
159
96
105
118
161
138
151
131
126
143
132
93
106
177
154
181
192
137
106
82
52
43
38
-51
-49
-32
-43
-55
-101
-106
-81
-23
23
60
0
-9
-21
-74
-48
20
7
-38
-34
-60
-116
-121
-136
-181
-175
-142
-99
-92
-119
-95
-89
-59
-62
-34
-48
-74
-62
-90
-95
-50
-16
-48
-17
47
13
73
143
136
171
166
194
207
183
236
231
210
242
197
266
258
263
251
242
250
227
202
136
107
78
67
-22
-36
-96
-106
-91
-92
-59
-73
-108
-79
-57
-77
-15
1
21
8
61
38
52
91
57
70
94
122
90
151
142
160
145
145
151
145
204
186
157
189
180
166
150
156
183
116
77
41
14
31
23
-11
-19
18
-28
-43
-19
-82
-70
-59
-41
-27
-29
-28
-19
-46
-15
4
-37
15
41
15
-9
31
15
12
88
118
138
102
86
76
60
118
147
177
192
172
165
146
151
185
198
216
189
119
143
143
136
132
125
204
199
146
165
169
149
158
175
114
144
123
102
106
82
127
73
101
113
63
70
87
70
68
4
3
37
31
55
4
-24
-55
-80
-85
-92
-114
-39
-41
2
3
-2
-17
-65
-17
30
12
8
27
-4
26
-37
-47
-55
-87
-57
5
-27
-29
-18
-15
-18
-56
-27
-50
-34
-25
-34
-32
-56
-40
-72
-44
-21
-20
-11
35
-9
-10
17
14
47
49
129
95
152
117
140
121
102
153
146
114
115
151
116
135
78
57
31
2
-33
-63
-79
-66
-71
-70
-101
-101
-167
-185
-153
-195
-157
-110
-104
-134
-74
-75
-57
-60
-112
-66
-83
-122
-152
-139
-76
-60
-65
-9
-5
-13
6
10
26
17
23
46
69
116
76
81
74
114
111
59
44
11
-15
-14
-30
-26
-31
-66
-72
-111
-97
-30
-39
-87
-98
-117
-124
-113
-84
-78
-107
-73
-87
-71
-100
-110
-79
-115
-109
-100
-49
-53
-23
-16
41
6
52
49
-13
86
89
95
117
104
75
96
66
57
24
-5
37
44
84
78
25
24
35
89
93
86
103
86
71
126
105
98
86
88
109
68
81
73
31
35
28
74
7
-44
-2
-76
-78
-37
-32
-23
-43
-12
14
-14
46
55
25
47
39
-5
-21
-27
-87
-78
-82
-78
-97
-136
-116
-90
-91
-101
-107
-88
-135
-107
-107
-49
-13
12
23
-32
-85
-93
-115
-104
-84
-98
-31
-91
-80
-82
-90
-56
-91
-114
-108
-121
-170
-169
-169
-148
-172
-170
-193
-201
-176
-171
-165
-169
-106
-66
-72
-59
-64
-35
-22
-37
-17
-45
-40
-53
-45
-71
-104
-29
-48
-24
3
8
-14
21
28
-16
27
53
8
-46
-36
-62
-31
-21
-30
-13
-64
-60
-54
-90
-75
-100
-77
-45
-95
-108
-130
-130
-145
-162
-129
-118
-95
-147
-103
-159
-151
-125
-110
-85
-131
-49
-103
-111
-52
-19
-11
-10
51
-6
-3
6
-21
26
75
84
94
125
104
65
75
12
-5
-36
-63
-52
-94
-72
-90
-109
-94
-80
-113
-133
-141
-191
-217
-255
-316
-372
-342
-388
-340
-289
-305
-256
-223
-176
-168
-148
-130
-102
-131
-54
-14
6
31
24
58
49
95
52
39
23
-33
-13
-8
-30
-63
-66
-47
-59
-63
-75
-64
-26
-61
-76
-106
-91
-72
-55
-70
-65
-20
-63
-79
-99
-79
-47
-39
-23
-42
-2
2
-47
-37
-28
-55
-51
-67
-85
-54
-61
-55
-68
-70
-48
-13
-18
-39
29
72
72
95
107
60
93
69
12
26
15
61
78
103
72
80
72
89
88
21
-30
-12
-20
-45
-62
-105
-101
-143
-162
-161
-185
-179
-209
-184
-204
-181
-177
-182
-168
-190
-203
-162
-93
-48
-15
-31
-20
-21
-8
25
29
72
93
54
63
98
92
152
135
120
127
111
72
56
87
49
9
13
-12
-72
-76
-63
-37
-60
-67
-68
-142
-143
-180
-162
-146
-149
-172
-208
-223
-229
-229
-206
-167
-144
-107
-100
-39
-46
19
23
9
73
90
108
141
141
132
171
163
106
112
122
148
205
187
211
163
165
175
153
118
66
79
48
16
-17
-15
-51
-70
-98
-145
-178
-241
-211
-226
-223
-222
-236
-221
-231
-201
-170
-164
-122
-115
-125
-148
-133
-76
-77
-36
-12
-42
-26
10
3
-12
6
35
45
110
93
58
71
101
85
67
69
-6
-26
-38
-65
-89
-92
-56
-43
-32
-50
-44
-50
-78
-64
-65
-67
-31
21
9
-15
9
-20
13
-29
-45
26
18
25
58
94
45
51
75
18
46
118
145
45
33
85
106
65
66
140
63
29
71
42
4
-12
57
44
18
63
18
29
42
57
76
37
36
30
39
31
3
-8
-18
27
-3
-39
-19
-59
-31
-29
-20
-5
-59
-57
-78
-39
-14
-3
-21
-50
-58
-21
-11
29
-11
-60
-46
-55
-46
-20
-30
-65
-58
-73
-89
-90
-64
-73
-66
-97
-41
36
-17
-20
-47
-52
-33
-4
76
108
68
77
85
63
66
61
83
88
87
122
156
155
148
103
128
195
227
240
257
254
223
189
188
200
190
183
144
110
102
71
22
13
26
-13
-28
4
48
10
57
5
-29
-1
-48
-31
-8
21
22
34
11
-44
-24
-61
-37
-40
-14
41
13
53
61
74
108
56
64
46
31
72
49
37
29
21
-22
-55
-45
-29
-2
11
2
-47
-74
-72
-21
-87
-62
-43
-22
-2
-19
33
1
20
56
87
102
57
160
211
191
153
129
181
207
235
255
279
272
239
212
228
263
239
241
254
214
268
271
251
198
169
230
225
207
181
190
107
79
133
115
95
63
54
40
13
-11
-41
-32
-62
-62
-38
-4
-49
-70
-89
-49
0
-2
-16
-7
-37
12
23
25
113
70
89
119
163
209
182
192
203
218
229
209
240
203
145
147
163
119
62
88
-7
-23
-45
-47
-22
-36
-52
-130
-124
-110
-131
-136
-81
-59
-61
-65
-105
-106
-50
-37
-53
-22
-20
-51
-32
-11
-14
-17
-12
52
105
96
128
113
93
106
56
30
17
42
37
89
66
41
27
-34
-9
-9
1
-78
-91
-41
-40
-42
-73
-114
-84
-80
-88
-87
-81
-54
0
-40
-37
-56
-104
-73
-64
-90
-99
-91
-54
-33
-46
-23
16
34
39
44
40
65
66
89
85
153
156
173
163
98
96
31
27
-9
-71
-50
6
-21
-50
-48
0
-41
-78
-18
-15
-2
-33
-22
-85
-85
-88
-118
-163
-199
-138
-167
-182
-174
-187
-177
-191
-109
-92
-98
-34
-6
22
2
33
13
34
55
76
37
37
85
59
66
71
148
158
142
144
160
150
161
202
227
201
138
101
124
113
47
36
21
12
-3
-40
-74
-112
-123
-118
-94
-153
-166
-170
-211
-161
-166
-176
-158
-116
-73
-93
-74
-44
-42
3
81
68
126
130
127
147
107
132
122
134
144
153
123
123
191
123
109
128
62
60
52
49
65
116
123
104
96
86
99
92
116
96
40
0
12
-56
-82
-64
-84
-129
-163
-159
-190
-229
-237
-249
-263
-265
-263
-285
-307
-286
-301
-223
-167
-234
-253
-229
-290
-235
-189
-198
-101
-95
-16
-5
-49
-30
12
17
14
55
25
55
77
88
117
97
75
82
39
6
12
-16
0
-55
-56
-102
-121
-116
-221
-255
-274
-312
-308
-334
-320
-256
-260
-206
-199
-170
-189
-149
-102
-104
-84
-72
4
-8
29
10
13
-43
-18
45
8
9
56
42
-57
-15
18
16
1
-31
-24
-102
-155
-62
-90
-192
-174
-172
-225
-226
-141
-132
-218
-184
-153
-191
-219
-195
-210
-232
-208
-179
-153
-181
-116
-99
-74
-106
-98
-115
-71
-39
-116
-101
-101
-58
-101
-34
-71
-72
-24
-39
-16
11
-3
-66
-101
-119
-103
-139
-154
-68
0
22
89
138
140
161
167
176
128
149
128
98
122
54
67
28
-2
29
-15
13
-19
-19
-1
28
38
-7
-18
2
12
-37
-62
-23
-12
-11
-24
2
12
25
18
37
37
35
125
117
150
149
187
223
216
200
180
192
193
166
169
228
205
116
156
167
91
59
44
-2
-40
-74
-128
-175
-191
-167
-207
-251
-248
-194
-242
-250
-271
-257
-217
-197
-115
-134
-138
-84
-31
-17
-22
-34
-86
-49
-77
-97
-59
-27
-1
2
62
85
120
119
186
142
129
132
124
111
74
76
41
78
41
36
7
-4
23
26
58
73
76
123
120
75
79
25
21
13
-5
-9
-43
-99
-102
-123
-118
-94
-65
-81
-118
-86
-56
-32
-36
-24
-34
-16
-1
35
47
21
38
25
-27
-15
-7
67
110
82
65
96
117
129
125
96
81
94
49
55
42
42
22
11
74
45
21
34
18
20
-5
19
32
27
22
-15
-19
-39
-56
-47
-76
-82
-82
-102
-65
-55
-46
-7
17
-14
43
11
4
-6
-32
-59
-46
-67
-79
-46
-68
-92
-64
-27
-44
-57
-40
-46
35
106
158
142
112
150
111
74
72
59
27
13
4
42
43
39
67
48
66
30
47
47
65
62
84
119
95
125
87
47
8
8
59
53
37
105
125
123
73
89
132
140
176
170
205
217
249
256
229
232
182
188
174
199
252
216
210
202
163
144
82
69
65
22
-24
-20
5
-19
-16
30
60
27
10
-10
-9
-1
-72
-84
-73
-89
-42
-38
-8
-12
35
10
33
82
24
71
38
83
129
72
107
95
115
160
178
157
144
179
152
135
91
62
79
39
29
2
-22
-58
-77
-113
-94
-74
-45
-78
-103
-68
-76
-44
-19
10
38
24
42
115
73
86
152
111
99
158
164
153
175
217
208
185
216
252
219
202
167
192
182
182
125
153
160
171
210
171
205
173
194
177
152
108
139
142
132
126
102
115
30
3
42
55
34
34
47
77
41
63
86
68
82
43
40
62
74
131
104
59
82
39
13
60
45
12
33
61
77
111
151
96
88
97
102
81
61
86
90
60
32
102
97
115
133
136
164
171
182
208
263
234
222
253
272
261
288
345
327
318
329
341
292
297
256
229
173
153
155
98
142
111
100
89
92
107
57
110
173
94
85
112
95
122
97
164
189
165
159
188
202
150
124
166
168
218
216
220
261
212
190
221
215
229
232
185
156
108
87
53
83
92
80
49
71
161
123
129
122
114
174
175
170
203
189
216
215
200
193
193
181
193
204
212
249
288
334
294
253
302
291
315
336
274
261
255
275
296
320
320
320
350
369
351
321
345
332
310
293
280
298
270
251
233
249
240
224
186
147
130
193
160
157
176
144
145
91
123
94
118
57
43
23
35
45
-24
61
31
3
33
17
48
126
154
201
226
236
247
289
294
245
276
270
257
291
212
211
197
224
226
142
110
92
138
73
118
72
85
109
99
115
88
113
72
45
25
82
56
53
63
80
119
115
122
113
174
226
251
247
266
277
269
329
305
235
218
234
233
189
199
212
159
116
134
142
172
153
130
142
151
183
116
135
141
114
86
100
125
130
140
97
153
182
183
199
229
230
256
277
292
282
243
267
281
279
295
291
292
275
284
298
293
308
298
324
289
277
295
294
334
361
340
269
266
297
305
242
269
303
263
292
281
289
245
237
250
266
271
252
292
269
268
309
293
258
246
274
277
280
248
246
228
187
190
226
228
255
251
237
228
196
236
193
194
161
176
163
231
258
267
198
168
158
124
147
154
166
92
107
132
145
189
158
145
170
165
173
121
125
115
106
183
197
202
216
183
187
178
165
194
208
193
213
204
212
216
236
256
247
239
267
270
275
303
260
290
315
238
238
206
171
148
133
136
116
141
113
135
157
118
128
201
200
215
191
139
182
213
163
109
122
110
153
144
138
150
103
97
64
89
89
143
158
145
138
114
138
120
108
126
100
101
101
116
61
34
24
5
-25
-51
15
-27
16
81
58
67
66
89
54
46
49
35
6
-8
57
69
29
7
38
-32
-16
29
26
14
21
43
44
-18
49
45
39
50
81
119
108
126
111
98
80
103
121
86
81
130
109
88
125
126
100
99
149
133
117
148
139
110
181
185
176
145
133
155
143
168
141
161
163
192
181
120
132
106
99
110
57
58
45
-3
-17
-51
-26
-22
-29
-2
6
30
60
90
91
91
68
52
44
60
47
1
44
81
51
25
55
-4
-19
15
22
-8
8
32
-18
22
71
7
6
41
-2
22
22
-15
47
13
24
40
10
0
-39
-17
-13
-30
-26
-7
-7
-5
14
42
72
108
60
69
29
53
4
-13
10
-26
-72
-73
-59
-44
-1
2
-1
-4
11
34
5
10
7
-10
14
-19
-47
-32
-37
-56
-143
-77
-50
-69
-78
-36
-11
-71
-63
-57
-73
-81
-64
-75
-65
-114
-52
-21
-61
-30
0
-4
-51
-66
-3
-10
-72
5
1
-57
-60
-67
-99
-139
-126
-92
-131
-79
-8
-31
-38
-68
-73
-69
-91
-134
-91
-88
-128
-91
-116
-128
-125
-156
-152
-53
-40
-12
-21
-2
33
19
42
25
43
51
26
25
-1
-8
30
23
10
-7
-35
3
-21
-27
-10
-26
-7
-66
-73
-113
-125
-84
-81
-93
-96
-60
-82
-84
-86
-65
-63
-85
5
-5
-5
-39
0
20
-23
-12
46
22
-9
21
21
3
32
72
9
73
113
74
5
0
19
-29
-8
12
-43
-93
-104
-127
-144
-198
-171
-146
-150
-142
-165
-105
-80
-89
-48
-70
-57
-65
-83
-94
-132
-140
-161
-145
-186
-135
-116
-113
-83
-68
-86
-85
-46
-71
-58
-53
3
-35
11
41
-8
14
-4
4
-6
1
-30
-28
-64
-74
-74
-92
-87
-125
-135
-182
-256
-256
-258
-257
-287
-301
-292
-354
-357
-357
-353
-345
-366
-281
-309
-303
-240
-302
-251
-223
-176
-185
-179
-207
-216
-187
-205
-156
-119
-27
-24
-6
-15
53
43
9
-20
-92
16
-12
-61
-26
-38
-32
-12
-33
-10
-25
-23
-17
-60
-64
-99
-91
-101
-117
-82
-75
-94
-91
-140
-172
-188
-181
-194
-207
-221
-238
-172
-134
-134
-111
-53
-46
-38
-25
-73
-50
-63
-138
-87
-192
-222
-248
-269
-266
-268
-224
-192
-248
-278
-234
-215
-225
-167
-161
-162
-140
-131
-146
-168
-138
-151
-150
-167
-185
-135
-158
-166
-139
-87
-49
-24
-26
-16
3
-15
1
-12
49
96
118
110
51
41
-20
-32
-67
-44
-3
10
27
-17
-35
-89
-53
-7
-5
26
45
28
78
73
15
-6
-44
-62
-46
-63
-133
-143
-177
-204
-160
-125
-185
-151
-125
-67
7
14
50
58
31
35
38
63
48
65
75
92
42
-25
-35
-66
-56
-72
-28
-22
-21
-20
-13
28
24
80
62
53
38
20
22
9
4
21
45
-30
-59
-34
-43
-61
-51
-53
-68
-32
10
-22
-20
28
-31
-76
-37
-81
-100
-114
-138
-119
-92
-85
-77
-57
-50
-52
-74
-91
-110
-112
-103
-114
-117
-131
-135
-119
-117
-111
-82
-172
-187
-139
-115
-108
-89
-89
-90
-80
-37
-25
-29
16
-36
-104
-97
-100
-62
-85
-69
-53
-56
-81
-79
-111
-144
-63
-40
-52
-65
-81
-76
-57
-89
-61
-96
-139
-119
-108
-93
-120
-113
-66
-45
-40
-14
-98
-55
-81
-74
-36
-72
-68
-37
6
-3
-17
15
-4
-2
59
40
65
86
91
78
73
104
141
109
95
106
71
57
80
120
96
80
166
173
182
190
127
117
78
74
57
-11
-28
-35
-102
-95
-80
-119
-99
-136
-158
-157
-162
-140
-122
-39
-25
-14
-18
2
-20
-10
-47
-82
-73
-89
-47
-45
-21
-45
-6
6
43
87
79
80
85
71
61
57
62
83
55
54
52
67
7
37
26
14
27
67
45
-4
60
39
38
15
91
97
84
99
84
29
56
67
52
63
90
111
78
113
135
106
67
70
73
102
127
88
104
106
64
63
94
108
47
95
86
16
37
14
18
8
3
-29
-3
-16
-23
-9
-36
3
-36
-2
-48
-106
-68
-116
-161
-141
-159
-124
-129
-117
-110
-168
-110
-116
-72
-103
-108
-64
-56
-35
-28
-30
-39
12
-25
21
62
48
19
41
49
25
21
49
83
-36
22
6
2
45
62
56
40
26
32
68
74
23
31
47
11
31
58
41
42
23
15
20
-6
-58
-67
-31
-30
-38
-8
-9
-49
-56
-118
-142
-130
-171
-156
-155
-183
-186
-140
-101
-162
-127
-165
-119
-128
-187
-181
-202
-132
-123
-87
-70
-77
-56
-63
-43
-5
-32
-68
-74
-48
-71
-39
-13
-11
-17
-34
-37
-46
-66
-67
-72
-91
-35
-47
-31
-25
-53
-58
-58
-59
-103
-89
-135
-130
-153
-92
-58
-85
-58
-28
45
6
48
31
26
69
53
25
35
40
49
69
56
39
15
6
19
2
-16
20
43
65
82
75
80
128
81
80
53
14
17
15
4
15
12
-30
-2
24
-23
-34
0
38
56
57
106
48
98
107
78
101
133
136
99
159
129
125
120
135
102
37
42
-10
0
-12
-19
11
-38
-8
-11
-45
-93
-78
-48
-54
-58
-9
-20
-18
17
15
42
27
44
47
57
131
157
180
170
188
224
251
221
268
275
219
245
267
234
191
205
201
138
183
212
217
184
180
178
196
236
229
218
213
241
173
170
131
106
121
91
124
87
41
71
46
84
113
78
118
93
107
144
134
116
114
96
104
144
107
102
119
88
77
30
18
22
-1
16
-8
-31
-34
4
-45
-28
-23
-8
35
60
97
67
106
67
55
84
63
75
88
58
82
84
73
86
55
77
116
58
87
90
73
68
68
86
87
66
67
64
17
38
43
44
52
60
36
37
22
43
41
73
76
61
88
43
38
49
96
102
102
100
66
97
88
34
48
20
42
37
11
1
-26
-19
-34
-35
-41
5
7
1
11
-35
-64
-55
-52
-65
-40
-62
-73
-44
-33
12
-24
-10
-42
1
60
43
57
108
109
176
221
171
169
217
234
224
244
290
317
257
264
260
237
256
254
228
272
245
239
216
137
139
124
147
139
162
153
131
123
78
138
87
58
48
73
61
31
57
47
63
30
14
-20
-65
-21
-39
-38
-8
-48
-52
-17
-26
-32
-40
21
56
91
108
115
91
98
102
68
73
65
54
30
53
23
32
48
50
84
86
65
53
78
102
60
96
135
96
155
161
131
115
74
61
53
36
65
11
20
29
10
51
48
59
35
95
49
34
67
83
91
86
76
63
86
56
71
99
122
117
87
84
96
102
95
104
69
113
195
179
123
122
126
142
149
165
171
102
27
34
-1
-34
-8
0
4
-32
-8
-27
-93
-68
-88
-80
-113
-90
-73
-85
-116
-85
-56
-66
-79
-52
-2
-26
24
38
42
38
73
64
96
91
32
11
-2
15
-22
-23
-10
-40
-51
-6
-39
-54
-4
23
7
-5
-7
21
-2
1
-16
11
-14
-29
-23
-51
-76
-7
-4
14
28
-2
-7
-7
72
53
15
-20
-13
-23
-23
-6
36
12
1
17
21
-2
-23
3
6
-23
-39
-72
-57
-30
-25
-49
-21
-69
-54
-39
-47
-16
17
8
-43
8
15
66
40
46
8
4
27
-10
-10
-89
-136
-141
-141
-136
-82
-87
-71
-61
-47
-66
-145
-111
-111
-104
-94
-98
-98
-132
-103
-142
-144
-151
-154
-240
-227
-210
-191
-197
-206
-151
-172
-149
-152
-101
-117
-72
-50
-29
10
-7
21
-6
-15
-23
-32
-22
-13
28
40
94
182
141
128
146
129
160
101
56
67
35
19
-11
-64
-116
-133
-131
-193
-228
-220
-219
-222
-181
-166
-165
-172
-166
-129
-161
-175
-129
-126
-163
-167
-128
-153
-139
-143
-165
-128
-104
-118
-76
-80
-24
22
17
30
-10
2
0
-14
-66
-94
-90
-113
-175
-134
-152
-166
-134
-220
-192
-147
-145
-145
-144
-146
-156
-147
-203
-203
-215
-189
-124
-119
-76
-90
-36
-32
-4
16
48
48
52
56
93
66
12
6
27
66
21
33
11
39
39
11
-15
6
37
13
-15
-26
38
21
41
29
10
-9
-48
-58
-50
-126
-129
-80
-128
-138
-142
-93
-135
-114
-102
-112
-90
-57
-26
-15
18
70
74
71
75
87
108
62
34
3
-14
-13
56
82
32
85
87
73
136
173
192
190
181
192
153
133
178
140
125
147
150
129
98
80
115
106
64
56
65
45
41
42
40
0
-36
9
-20
-15
2
17
-18
-30
11
27
28
55
30
55
64
19
20
-13
10
48
57
50
56
45
109
100
101
134
82
115
116
122
120
116
169
139
143
107
91
37
30
64
34
14
-28
-18
12
30
23
58
71
61
16
11
-18
-87
-84
-124
-134
-116
-121
-170
-162
-145
-146
-185
-151
-112
-123
-65
-54
-31
10
2
15
44
42
77
45
37
87
65
83
76
82
71
83
148
160
96
48
65
51
89
120
107
39
35
33
3
44
59
15
-7
-51
-55
-68
-150
-146
-150
-185
-132
-124
-150
-125
-93
-120
-102
-45
-22
-9
6
80
67
35
11
0
-49
-72
-32
-59
-103
-72
-48
-88
-78
-65
-115
-140
-142
-147
-171
-183
-117
-51
-45
-8
11
47
21
46
130
127
153
184
161
110
117
128
134
153
142
131
128
139
162
124
94
83
52
26
77
19
30
22
27
78
67
41
31
54
96
143
119
91
122
96
33
63
60
47
112
162
154
113
108
124
73
101
153
155
127
111
145
135
50
58
47
28
4
20
7
-11
-24
-44
-17
-43
3
59
72
50
90
78
131
139
199
195
199
222
210
188
148
152
153
193
149
234
265
323
349
332
333
330
425
