SAMPLES:	17587
BITSPERSAMPLE:	16
CHANNELS:	1
SAMPLERATE:	16000
NORMALIZED:	FALSE
-99
-77
-90
-156
-189
-157
-123
-143
-98
8
52
59
88
81
24
37
70
118
97
111
128
9
-42
-32
-5
22
17
31
-8
56
89
70
73
61
61
3
-18
-7
-57
-65
-66
-95
-102
-114
-141
-72
-83
-57
-30
-23
-34
-10
26
5
-2
-27
-11
-54
-39
-81
-84
-76
-92
-99
-49
-80
-97
-124
-152
-111
-171
-144
-128
-66
-85
-44
-21
-35
-27
24
48
-5
23
57
40
-29
10
49
53
72
64
57
86
47
68
64
58
89
70
75
45
41
22
27
63
42
8
-11
-42
-19
43
25
19
-8
-15
-18
5
14
40
44
-7
0
-3
-5
-24
5
36
47
-8
-21
-32
-47
-68
-17
30
74
95
80
60
50
113
60
47
33
39
23
40
54
97
50
51
67
65
103
138
153
139
205
233
200
167
142
127
151
120
139
142
113
140
166
206
175
175
186
200
182
165
151
159
162
103
146
118
107
75
122
116
142
160
98
122
145
158
165
173
217
232
154
235
207
211
222
277
264
267
337
360
329
323
313
299
356
327
305
237
227
258
240
209
217
189
169
119
157
243
232
313
279
240
326
298
260
212
254
228
190
204
193
160
137
134
142
178
157
197
199
207
232
240
283
295
298
278
284
299
313
326
248
201
211
200
220
200
228
279
235
277
256
278
299
259
284
253
221
225
239
194
169
193
172
111
85
113
84
108
91
101
86
70
74
60
135
137
126
171
139
101
140
119
51
51
-13
82
132
96
101
116
157
171
209
237
248
264
303
291
299
364
366
352
345
271
265
205
204
203
182
177
198
179
186
182
174
141
137
111
68
67
63
30
40
41
-8
37
39
19
75
64
79
101
118
176
120
144
155
235
283
239
255
253
272
261
239
264
249
193
233
240
220
194
183
191
175
161
146
134
137
115
77
105
120
139
160
146
126
139
123
113
100
90
95
85
46
0
21
-50
-55
1
-13
-15
-5
21
51
33
-9
65
79
89
108
84
121
157
116
108
109
75
59
43
65
106
112
111
108
118
94
94
105
82
61
-30
-52
-61
-65
-40
-66
-79
-119
-101
-60
-46
-63
-5
-3
63
8
11
16
-21
27
45
25
-24
11
-4
-38
-55
-103
-95
-51
-51
-86
-25
-2
30
46
14
42
43
18
56
41
61
97
45
108
47
32
77
65
53
47
87
110
80
85
92
86
115
91
73
110
77
63
41
56
52
41
54
7
32
30
30
31
21
21
52
47
10
33
27
4
4
65
40
-4
-12
-27
-50
-11
4
34
19
8
73
99
102
115
136
173
172
191
174
241
279
279
324
339
347
276
270
225
248
252
228
271
216
213
144
95
66
46
26
7
65
47
47
-3
-52
-62
-48
-40
-67
-67
-82
-45
78
118
129
140
180
211
225
245
280
304
261
315
331
350
393
357
406
408
389
367
357
361
324
321
299
317
294
329
292
276
306
257
276
284
251
191
165
152
160
158
157
162
119
157
164
202
263
205
215
264
298
299
321
353
346
355
369
359
376
376
350
351
414
421
354
429
454
409
419
436
399
412
395
390
367
346
343
346
279
274
336
271
229
220
223
176
281
300
303
316
317
371
328
341
323
377
333
317
286
268
273
224
230
222
211
223
224
219
247
290
333
273
271
264
294
280
271
247
271
281
298
295
288
316
264
223
186
182
183
182
233
223
191
199
182
154
145
162
150
145
127
119
130
60
97
112
111
134
132
146
149
141
143
116
128
176
191
234
188
206
202
221
270
261
238
209
203
193
174
202
242
245
246
261
257
291
311
295
309
271
288
334
302
255
274
301
266
291
234
178
152
124
133
138
149
117
107
164
169
178
234
177
166
137
146
153
113
85
57
-15
-18
-49
-61
-80
-123
-147
-117
-65
-40
11
41
88
73
153
146
120
119
120
80
124
136
113
114
156
127
119
187
207
228
196
172
158
149
135
128
130
151
155
190
139
140
100
136
112
122
102
22
65
25
-4
-2
14
-16
-18
-53
-58
-28
-45
-22
-5
34
67
64
100
94
52
47
85
130
87
113
162
164
170
200
247
196
179
204
235
228
196
218
208
148
172
188
149
110
85
48
53
22
-5
-20
-76
-45
7
10
-38
-50
5
29
-7
-41
-51
-84
-80
-92
-92
-47
-9
0
33
75
100
86
51
78
60
51
38
21
26
-32
-24
13
44
0
-24
-20
4
18
-14
42
29
8
11
20
-3
-43
-13
-31
-58
-38
-3
14
36
29
-6
22
16
-6
20
39
31
63
33
32
84
123
124
89
132
97
101
101
97
96
54
107
130
32
51
33
-21
-12
65
54
75
136
49
55
57
107
111
127
121
158
188
182
228
179
161
172
154
168
177
152
156
151
155
176
130
133
142
146
90
49
66
19
23
79
146
185
143
146
94
131
110
105
170
146
205
210
225
262
270
254
262
275
328
318
304
273
268
278
302
285
273
257
205
188
169
124
137
144
166
183
124
140
143
137
127
129
140
120
126
145
195
201
217
272
291
297
274
307
303
333
394
382
416
456
457
458
490
475
453
414
361
326
338
324
347
352
347
362
401
402
350
323
338
359
323
349
323
307
289
287
296
286
255
249
253
245
265
278
223
236
278
295
334
322
336
357
351
329
332
339
364
307
273
274
222
236
233
208
202
242
234
228
277
260
239
228
201
227
270
299
368
350
387
426
424
402
418
426
404
363
336
365
385
338
330
306
305
309
276
301
303
292
277
291
246
243
195
172
112
136
126
150
144
185
231
286
301
275
299
325
280
272
365
357
375
376
363
365
393
401
387
391
376
361
339
332
350
296
304
275
268
267
270
269
212
253
289
329
328
306
281
211
196
178
151
104
129
126
132
142
105
147
181
233
271
229
256
304
229
240
276
278
285
279
199
264
232
235
259
196
222
213
266
288
252
299
332
331
395
368
343
335
312
281
257
226
238
239
213
193
160
181
215
153
110
131
112
83
74
56
86
74
78
106
99
54
48
70
62
63
98
105
75
84
144
115
115
94
76
123
131
186
193
119
133
141
116
180
195
222
175
185
238
223
217
138
130
131
112
149
180
148
97
118
126
77
86
46
1
-1
-5
-17
14
35
-11
-31
-51
-59
-35
-24
0
-8
13
21
-18
-33
-17
9
24
55
69
51
117
116
74
109
89
60
72
29
84
76
77
103
109
112
66
102
103
68
76
55
43
-3
3
27
-23
-12
2
-3
-10
-79
-47
-104
-124
-126
-141
-111
-189
-195
-149
-116
-161
-136
-151
-160
-157
-151
-137
-168
-209
-189
-184
-170
-198
-154
-100
-132
-128
-81
-53
-108
-114
-81
-104
-47
-52
-83
-62
-68
-112
-158
-122
-103
-60
-75
-47
-29
-9
40
-20
-1
10
-18
-55
-49
-38
-52
-101
-196
-189
-180
-224
-261
-251
-240
-277
-275
-298
-328
-292
-285
-264
-295
-267
-267
-295
-289
-309
-276
-275
-253
-290
-301
-340
-312
-277
-294
-246
-298
-281
-220
-262
-283
-304
-279
-230
-161
-195
-218
-177
-157
-115
-124
-102
-144
-171
-237
-202
-151
-176
-172
-131
-93
-124
-114
-101
-126
-195
-133
-67
-139
-155
-100
-111
-148
-176
-196
-246
-281
-261
-245
-211
-236
-202
-178
-180
-149
-186
-172
-161
-172
-183
-173
-165
-174
-154
-151
-157
-170
-140
-139
-143
-168
-173
-145
-169
-165
-148
-172
-195
-189
-165
-186
-200
-193
-145
-237
-236
-196
-249
-271
-286
-244
-264
-292
-318
-312
-310
-332
-334
-319
-330
-343
-336
-381
-428
-413
-415
-409
-386
-378
-344
-331
-304
-238
-167
-163
-157
-155
-136
-186
-167
-134
-143
-160
-172
-118
-184
-191
-194
-254
-301
-294
-334
-324
-255
-267
-247
-278
-281
-258
-276
-297
-310
-330
-336
-331
-301
-314
-324
-322
-306
-335
-311
-340
-340
-334
-377
-366
-338
-342
-348
-350
-380
-407
-421
-445
-428
-427
-427
-463
-476
-462
-468
-439
-452
-482
-469
-447
-463
-434
-479
-486
-445
-415
-422
-413
-403
-452
-402
-396
-432
-411
-434
-464
-480
-465
-475
-523
-530
-502
-552
-517
-509
-519
-510
-504
-485
-510
-474
-488
-512
-540
-543
-516
-512
-503
-553
-532
-578
-566
-512
-501
-490
-506
-492
-485
-466
-463
-474
-456
-441
-397
-397
-390
-339
-368
-408
-421
-408
-410
-375
-443
-482
-441
-420
-470
-500
-516
-526
-528
-575
-578
-603
-602
-577
-532
-566
-571
-520
-526
-533
-533
-570
-561
-590
-575
-541
-549
-535
-531
-502
-478
-524
-511
-466
-495
-518
-553
-560
-561
-513
-518
-511
-512
-527
-525
-528
-555
-575
-608
-613
-616
-607
-566
-603
-614
-598
-606
-620
-621
-632
-636
-628
-647
-609
-588
-561
-600
-629
-611
-602
-578
-596
-587
-526
-489
-550
-519
-493
-462
-475
-499
-522
-570
-583
-575
-588
-619
-644
-636
-569
-568
-539
-523
-586
-610
-656
-686
-654
-635
-675
-730
-764
-809
-859
-895
-870
-927
-965
-953
-865
-860
-879
-830
-808
-829
-829
-849
-945
-919
-885
-849
-835
-836
-812
-757
-724
-713
-717
-702
-696
-680
-696
-713
-733
-729
-728
-728
-688
-707
-716
-715
-737
-813
-792
-770
-785
-778
-747
-789
-775
-791
-783
-700
-738
-757
-740
-715
-700
-712
-733
-746
-762
-791
-787
-755
-727
-668
-642
-613
-580
-622
-676
-683
-605
-583
-581
-626
-638
-665
-694
-683
-702
-685
-703
-655
-684
-771
-768
-793
-749
-739
-729
-731
-735
-722
-737
-745
-767
-737
-757
-774
-823
-828
-809
-791
-749
-765
-746
-707
-698
-666
-659
-650
-642
-671
-666
-642
-662
-688
-699
-718
-694
-696
-661
-647
-637
-653
-647
-602
-574
-637
-651
-600
-627
-680
-663
-734
-738
-711
-703
-719
-746
-719
-729
-676
-662
-644
-630
-601
-550
-526
-503
-588
-561
-531
-595
-569
-590
-596
-608
-608
-691
-653
-611
-638
-598
-622
-659
-708
-687
-672
-664
-618
-590
-569
-562
-543
-539
-510
-499
-468
-471
-504
-503
-539
-537
-578
-526
-532
-557
-525
-546
-559
-588
-583
-596
-596
-627
-613
-594
-592
-632
-645
-601
-580
-569
-564
-523
-552
-548
-547
-557
-537
-596
-638
-633
-615
-576
-577
-587
-553
-557
-539
-536
-586
-567
-597
-573
-546
-541
-515
-550
-533
-549
-598
-573
-557
-563
-587
-607
-614
-561
-546
-575
-547
-524
-546
-545
-587
-563
-551
-578
-642
-672
-678
-648
-582
-585
-590
-592
-628
-596
-604
-604
-588
-612
-621
-625
-571
-561
-555
-542
-529
-538
-478
-525
-435
-431
-486
-474
-463
-483
-511
-479
-511
-500
-515
-503
-532
-522
-495
-514
-481
-467
-469
-494
-544
-583
-517
-555
-585
-542
-547
-521
-516
-464
-502
-475
-478
-521
-494
-488
-469
-518
-540
-523
-503
-497
-517
-529
-531
-512
-495
-474
-440
-430
-383
-341
-369
-320
-311
-325
-287
-297
-313
-333
-303
-349
-380
-384
-354
-374
-383
-325
-327
-331
-321
-280
-278
-304
-368
-379
-393
-398
-393
-399
-387
-377
-377
-393
-355
-378
-392
-407
-380
-294
-300
-334
-282
-254
-280
-232
-241
-198
-168
-208
-218
-229
-238
-255
-254
-214
-245
-284
-256
-240
-254
-223
-179
-148
-162
-113
-90
-159
-160
-208
-192
-221
-254
-287
-254
-286
-280
-288
-312
-288
-335
-309
-295
-255
-232
-251
-281
-264
-242
-212
-228
-244
-176
-170
-176
-184
-156
-154
-190
-186
-146
-169
-154
-141
-190
-160
-147
-112
-98
-108
-112
-133
-104
-92
-102
-104
-133
-130
-168
-175
-202
-233
-211
-171
-158
-165
-125
-149
-169
-170
-155
-148
-143
-130
-165
-184
-176
-150
-182
-202
-251
-272
-244
-196
-176
-160
-114
-127
-63
-52
-27
2
-28
-54
-90
-113
-145
-121
-155
-179
-206
-227
-244
-280
-295
-280
-227
-213
-141
-140
-120
-86
-50
-36
-51
7
13
-9
-50
-9
-13
-4
6
-32
-39
-49
-61
-56
-120
-124
-66
-57
23
-10
8
19
18
-24
-22
-1
-49
-60
-113
-111
-114
-131
-109
-99
-103
-79
-45
-77
-81
-92
-100
-76
-58
-59
-76
-27
-11
37
52
75
145
140
184
170
185
173
95
110
71
37
-6
18
10
28
57
37
47
28
14
2
1
4
50
-4
13
-6
-39
-69
-94
-61
-83
-86
-58
-15
14
-20
-65
-17
4
23
44
36
50
36
20
5
18
-6
9
56
50
105
79
76
-3
15
47
59
68
54
103
91
53
92
129
49
99
108
97
97
34
72
61
85
56
21
35
32
103
92
121
111
159
189
138
96
57
70
51
59
-29
-43
-21
-55
-33
15
-1
18
51
0
32
47
26
52
84
103
83
90
77
89
35
32
39
-24
-38
-16
-1
43
46
61
92
120
76
67
84
91
107
137
159
109
121
133
86
56
-15
-22
-28
-27
-66
-35
35
-15
6
-1
-2
-55
-94
-25
-74
-94
-49
-86
-92
-83
-59
-94
-100
-106
-153
-134
-111
-76
-69
-99
-82
-42
-77
-44
-18
-20
-44
-37
-31
3
29
53
78
50
78
82
90
69
84
122
158
154
174
149
108
124
118
67
68
86
77
73
76
67
37
0
13
4
5
10
41
18
26
71
45
14
30
41
20
52
73
60
-7
-36
-67
-63
-130
-81
-49
-97
-92
-76
-30
22
72
46
85
89
118
112
90
112
69
56
63
69
86
65
98
87
65
92
115
88
113
103
113
90
155
123
62
79
32
23
-6
12
41
17
21
59
49
44
76
94
95
88
90
70
-1
0
26
22
-4
-18
-30
17
37
16
10
-21
-31
-27
8
-3
3
-7
25
40
57
61
63
85
53
63
57
19
-28
14
5
-13
-36
-14
23
20
72
28
20
12
7
24
-21
20
-16
-26
-27
-59
-51
-19
-17
-59
-58
-100
-62
-115
-145
-134
-60
-43
-20
39
11
42
0
24
21
16
36
72
76
146
139
116
150
156
162
141
112
80
49
53
4
16
53
19
-2
24
73
40
84
94
76
37
30
7
-10
-63
-65
-85
-95
-136
-120
-89
-95
-93
-112
-70
-78
-56
-53
-37
-46
-14
-15
-2
-18
-50
5
16
-8
-25
-29
2
41
15
-6
5
5
5
-26
-31
-57
-49
-54
-22
-19
-20
-16
-57
-106
-86
-40
-21
-32
-70
-63
-21
-37
-53
-28
13
42
35
33
19
29
-9
-2
-19
-15
-23
-12
15
-14
15
15
40
58
75
63
64
87
8
5
0
-41
17
22
-5
14
-12
22
46
62
77
73
38
56
92
188
187
144
129
108
117
78
83
104
128
89
67
45
44
38
-15
-43
-11
-41
-41
19
-24
-28
8
20
14
-14
-17
-23
-40
0
28
35
83
127
83
82
67
60
16
56
78
67
75
19
123
128
187
236
209
246
268
231
142
173
169
131
128
145
189
161
191
174
143
129
61
34
27
10
-5
5
5
34
-41
-42
-27
-28
-54
-57
-85
-47
9
6
49
91
39
17
40
51
93
22
79
38
15
29
13
41
-10
11
59
44
54
90
88
51
78
61
77
50
9
16
3
23
23
20
46
71
54
150
112
53
99
101
85
144
127
112
115
98
90
76
99
48
19
26
46
73
39
5
63
33
42
73
85
98
112
122
124
149
189
154
124
164
178
170
180
209
236
256
199
157
110
95
70
46
59
41
69
146
144
170
184
193
169
116
76
56
70
52
66
100
96
65
37
68
15
-18
63
50
8
32
25
10
-15
-10
54
14
25
51
39
-33
30
54
27
24
78
111
91
94
96
127
126
132
179
220
194
154
159
183
160
163
162
118
115
109
111
95
89
124
98
66
13
-13
-68
-6
-10
-2
5
-23
-30
-21
36
-26
-47
-44
-36
-8
4
-34
-27
-43
-10
-26
-40
-14
6
-17
-26
3
-3
46
114
119
132
199
193
202
231
220
186
200
200
207
199
170
139
136
148
137
134
128
148
105
111
129
96
61
12
27
2
-7
15
-8
-8
-8
28
25
50
10
-1
35
34
16
0
12
9
-25
-22
15
17
44
-6
-8
-4
-69
-59
5
-40
-18
22
38
52
73
86
85
71
69
22
20
57
40
56
24
71
86
23
30
44
86
59
39
57
25
-39
-5
46
-15
-40
-3
-26
-31
1
24
32
14
-3
14
58
84
95
69
45
61
58
14
18
4
10
12
64
29
58
51
80
45
21
73
75
77
71
92
95
104
89
86
81
74
51
73
80
112
95
68
101
140
104
95
90
66
38
32
55
-4
-56
-80
-43
-1
-13
5
-7
0
48
79
140
131
130
170
226
206
222
214
208
215
195
189
217
197
187
221
214
199
147
165
170
181
166
129
124
109
83
35
-12
-39
-38
-8
1
-5
4
16
12
-3
-9
58
10
50
69
75
64
56
76
32
28
34
36
58
66
80
98
96
114
157
192
161
139
155
152
152
121
133
100
30
45
84
26
15
98
63
52
87
42
33
25
18
23
24
39
26
28
-12
-26
-40
-32
-44
-106
-92
-133
-131
-175
-175
-134
-84
-75
-73
4
7
47
78
88
57
55
103
109
87
96
90
56
87
46
45
25
38
36
20
60
72
81
80
76
110
109
97
102
66
86
85
80
49
109
100
38
44
-6
-1
-31
-15
-28
-41
-41
-85
-4
-40
-58
-49
-78
-67
-101
-107
-139
-125
-79
-31
-76
-46
11
-39
-46
1
19
-6
24
17
19
20
-4
-17
7
86
103
58
66
87
55
112
132
100
127
151
185
166
196
205
156
71
133
157
71
114
116
98
53
79
97
58
104
109
84
51
78
56
33
-17
-47
-75
-113
-134
-143
-110
-73
-93
-76
-41
-51
-75
-42
26
28
49
30
33
58
46
43
35
21
-9
47
43
121
177
117
107
105
142
122
156
160
150
164
143
136
134
132
195
160
174
155
134
123
66
52
40
84
65
64
31
59
93
57
72
24
57
76
82
89
96
93
90
84
60
82
85
118
110
100
111
109
113
132
112
129
162
177
154
165
207
192
176
141
104
111
117
107
145
99
76
64
8
-20
-13
-36
-102
-121
-91
-53
-74
-48
-52
-22
-10
-37
-37
2
-7
8
59
27
21
31
21
33
75
97
77
82
99
87
84
68
42
98
84
94
136
144
161
144
153
160
173
167
161
156
144
147
184
225
257
248
284
305
247
214
175
125
107
88
140
157
128
121
149
166
104
123
135
70
126
79
60
49
83
70
39
76
88
110
94
84
80
2
2
63
68
118
134
169
196
221
225
219
263
241
238
259
239
232
278
264
250
259
240
185
162
168
207
188
238
244
235
214
248
248
249
246
263
291
271
248
176
183
167
180
173
131
119
151
141
159
197
252
229
245
227
232
293
257
269
247
290
309
321
318
258
275
302
254
242
228
201
181
207
237
243
261
236
210
239
244
212
237
272
286
240
266
264
251
264
262
232
244
281
288
340
280
302
301
261
216
230
278
233
228
196
255
262
263
238
231
209
167
202
217
256
259
211
224
241
247
270
271
294
281
277
234
232
245
178
192
251
252
252
250
312
311
294
326
330
328
257
282
271
266
352
355
355
279
264
233
225
227
172
197
223
198
185
189
160
189
222
225
233
254
229
222
219
211
211
262
225
174
179
164
154
165
179
161
189
185
197
191
161
147
119
157
167
170
177
164
173
169
170
146
109
134
141
168
214
187
216
183
202
210
166
158
132
144
120
135
154
175
198
180
210
223
220
221
225
269
225
216
252
247
239
227
242
211
141
153
175
181
160
167
185
139
125
176
174
128
142
156
176
175
187
156
142
191
164
182
198
197
239
257
282
296
250
294
288
275
295
291
280
251
241
263
293
251
241
280
301
296
257
227
212
211
205
226
202
168
144
98
140
124
129
96
76
145
161
153
137
178
119
130
164
155
143
167
226
272
269
238
245
263
205
203
267
242
230
217
264
243
234
256
234
219
229
203
222
205
157
127
162
143
87
114
77
82
53
32
73
73
69
143
166
144
205
231
203
207
185
252
244
261
270
271
303
271
299
324
319
277
327
342
364
333
311
313
322
341
321
314
274
229
227
240
221
202
235
225
212
249
233
248
310
287
280
259
271
256
231
210
117
113
120
69
63
58
44
49
20
12
21
-24
-36
-35
-26
-76
-99
-47
-27
-2
2
-2
19
68
11
50
29
43
101
115
145
155
187
187
218
232
320
328
322
374
376
370
315
367
317
260
247
289
231
186
199
205
193
158
122
109
130
114
186
154
116
79
90
44
28
39
64
106
89
99
141
160
149
161
123
111
85
113
134
177
166
164
144
170
198
161
215
186
199
185
172
192
189
195
140
131
161
146
134
92
67
90
43
59
105
133
126
131
148
154
113
159
185
164
156
87
127
108
114
122
124
141
117
110
140
131
123
140
172
179
244
245
243
262
248
283
252
264
269
225
225
237
279
210
217
214
166
174
167
194
157
170
209
235
269
254
290
292
219
228
204
144
156
141
145
186
154
104
160
167
173
158
158
140
72
82
88
141
108
115
88
64
94
149
127
142
224
197
167
154
138
100
137
192
234
177
171
176
141
131
117
129
147
195
193
138
173
179
185
162
131
123
145
60
81
108
39
35
43
72
22
35
2
-11
7
52
25
27
59
58
56
31
91
104
85
78
110
111
104
142
208
195
201
221
268
243
244
281
236
230
176
187
207
131
83
141
125
117
152
158
120
144
144
103
176
198
153
163
126
133
113
111
100
31
-5
18
8
27
28
47
104
88
109
125
117
116
99
85
130
171
177
162
155
167
160
99
37
95
120
75
96
116
146
126
141
155
189
177
187
199
227
239
208
237
214
197
148
148
156
123
118
165
138
157
154
111
179
200
180
167
165
159
184
189
185
179
162
198
162
125
128
150
149
121
126
164
152
120
163
202
214
202
185
233
255
260
235
228
214
197
211
190
200
172
182
182
195
257
236
248
197
90
177
384
443
105
-40
175
346
407
287
86
51
217
356
407
255
124
86
241
413
371
219
107
119
261
468
372
182
27
118
309
396
406
277
140
123
339
443
365
154
86
173
320
340
304
203
96
194
339
386
284
163
102
140
273
354
258
73
-25
49
183
234
123
25
-20
8
151
196
123
10
-22
66
201
259
168
77
50
176
270
282
208
84
102
241
323
299
245
154
169
271
374
397
302
213
172
189
238
273
210
151
147
238
269
215
161
136
165
199
204
187
153
108
143
173
179
179
105
72
105
172
124
58
57
25
113
164
182
271
221
162
217
285
265
170
154
121
121
130
98
93
60
61
60
61
10
-68
-83
-79
-91
-86
-88
-119
-114
-141
-171
-124
-152
-183
-205
-248
-249
-253
-259
-289
-311
-288
-247
-237
-148
-135
-37
24
56
117
95
130
198
237
269
328
330
345
357
398
414
449
491
532
581
568
574
552
570
583
606
618
636
603
629
606
627
684
668
680
656
681
765
799
785
845
882
887
906
918
954
933
947
934
899
786
606
425
315
183
-1
-152
-398
-658
-811
-923
-1105
-1317
-1488
-1633
-1720
-1825
-1968
-2077
-2088
-2117
-2044
-1975
-1974
-1961
-1949
-1796
-1661
-1479
-1410
-1316
-1130
-833
-448
249
894
882
516
421
1120
2119
2465
1988
1578
1814
2153
2175
1908
1681
1564
1200
840
727
805
572
2
-407
-304
-98
-268
-709
-928
-740
-303
135
232
275
296
353
581
1278
2096
2391
2241
2002
2247
2822
3068
2843
2590
2474
2356
2192
2061
1922
1503
1088
978
907
585
4
-559
-838
-901
-1018
-1266
-1599
-1945
-2379
-2656
-2621
-2541
-2666
-2956
-3118
-3072
-3050
-3130
-3193
-3111
-3092
-3020
-2918
-2837
-2762
-2665
-2573
-2052
-636
466
475
-479
-844
514
2543
3348
2736
2185
2471
3080
3201
3106
3194
3034
2382
1605
1406
1687
1423
251
-678
-597
-245
-731
-1840
-2536
-2273
-1630
-1370
-1433
-1525
-1755
-1992
-1793
-869
291
788
568
297
720
1821
2650
2923
2826
2724
3136
3560
3833
3689
3390
3121
3022
3159
2979
2321
1432
891
908
1091
875
244
-526
-890
-898
-657
-509
-731
-1151
-1408
-1275
-1049
-932
-1060
-1192
-1094
-954
-849
-922
-1092
-1342
-1437
-1325
-1193
-1335
-1783
-2165
-2416
-2418
-2494
-2660
-3041
-3422
-3713
-3823
-3861
-3570
-2270
-1223
-1366
-2474
-2853
-1316
957
1907
1281
980
1768
2725
3033
3030
3386
3750
3328
2734
2659
3129
3108
2024
1151
1319
1645
915
-458
-1264
-1042
-485
-539
-1031
-1463
-1877
-2270
-2296
-1573
-464
-126
-556
-584
47
618
1011
1777
2884
3662
3430
2834
3059
3991
4535
4303
3970
3749
3313
2625
2340
2454
2254
1577
902
570
253
-360
-786
-698
-548
-861
-1487
-1794
-1983
-2188
-2283
-1988
-1544
-1606
-2137
-2447
-2406
-2147
-1964
-1861
-1821
-2051
-2388
-2530
-2434
-2437
-2564
-2779
-2766
-2945
-3653
-4285
-4440
-3916
-2440
-1084
-1133
-2637
-3841
-2676
231
2255
1839
688
775
2001
3012
3473
3878
4160
3808
3225
3241
3884
4159
3273
2303
2455
3062
2594
1049
-394
-550
276
747
317
-687
-1732
-2526
-2598
-1801
-583
-196
-989
-1707
-1607
-608
725
1262
1261
1412
2006
2624
2978
3096
3317
3809
4190
4267
3982
3359
2753
2637
3055
3473
2983
1856
938
532
620
752
550
-15
-790
-1494
-1704
-1617
-1705
-1981
-2094
-2117
-2150
-2328
-2512
-2588
-2463
-2200
-2074
-2158
-2519
-2690
-2658
-2407
-2181
-2321
-2687
-3119
-3278
-3336
-3428
-3641
-3814
-4025
-3461
-2081
-1148
-1414
-2606
-2330
116
2359
2248
923
912
2832
4442
4242
3556
3766
4294
4043
3385
3523
4123
3707
2348
1627
2112
2351
1184
-553
-1067
-264
238
-455
-1615
-2258
-2412
-2486
-2515
-2083
-1442
-1414
-1842
-1615
-293
912
834
688
1512
2660
3364
3321
3418
3931
4375
4430
4494
4582
4087
3354
3108
3490
3588
2825
1854
1193
842
511
219
-69
-543
-1276
-1824
-1896
-1895
-2272
-2832
-2929
-2643
-2545
-2767
-2857
-2642
-2528
-2465
-2220
-2004
-2006
-2267
-2330
-1997
-1710
-1916
-2226
-2324
-2448
-2744
-3011
-3117
-3194
-3804
-3862
-2333
-1020
-1422
-3199
-3816
-2017
666
1599
747
-28
434
1737
2864
3602
3812
3515
2976
2917
3562
4439
4410
3394
2542
2612
2909
2379
1230
501
713
1133
893
-87
-1086
-1816
-2091
-1866
-1341
-1078
-1443
-2087
-2172
-1536
-377
617
628
234
368
1314
2392
2997
3070
3125
3469
3927
4106
3939
3700
3619
3794
4000
3900
3173
2277
1719
1751
1934
1764
949
-107
-740
-921
-869
-1193
-1754
-2351
-2744
-2883
-2917
-2910
-3106
-3281
-3333
-3280
-3217
-3359
-3542
-3532
-3261
-3072
-3180
-3610
-3855
-3599
-3228
-3251
-3719
-4121
-4295
-4532
-3366
-727
403
-1265
-3887
-3327
856
4263
3543
800
340
2500
4569
4931
4722
4674
4157
3512
3746
4905
5535
4331
2333
1892
3056
3323
1585
-458
-753
347
925
-49
-1701
-2757
-3108
-2922
-2307
-1458
-1387
-2393
-3373
-2809
-980
554
924
362
158
924
2253
3516
4090
3961
3849
4288
4945
5163
4755
4381
4551
4853
4758
4104
3140
2335
2026
2245
2309
1693
372
-769
-1038
-754
-756
-1362
-2114
-2690
-2889
-2905
-2746
-2739
-2992
-3263
-3249
-3003
-2884
-3100
-3194
-2960
-2454
-2340
-2672
-3118
-3260
-2864
-2578
-2663
-3337
-3859
-3271
-2962
-4395
-4564
-2034
505
-72
-3472
-4640
-979
3348
3348
426
-563
1616
3725
3849
3662
4070
3921
3147
2756
3801
5149
4452
2378
1757
2965
3492
2133
297
-67
869
1287
377
-728
-1289
-1630
-1966
-1855
-1206
-873
-1484
-2075
-1667
-675
251
489
386
635
1207
1714
2302
2908
3248
3240
3313
3744
4000
3877
3618
3598
3842
3844
3449
2883
2552
2362
2139
2024
1594
749
45
-166
-220
-659
-1338
-1836
-2134
-2432
-2706
-2849
-2930
-3120
-3398
-3428
-3303
-3388
-3603
-3525
-3206
-3089
-3254
-3447
-3413
-3328
-3246
-3170
-3220
-3491
-3862
-4074
-4082
-4035
-2570
-357
-110
-2338
-4381
-2856
1503
3972
2123
-641
-357
2515
4568
4372
3576
3220
2991
2997
3752
4677
4589
3132
1935
2461
3439
2935
1092
60
590
1502
1339
93
-1082
-1672
-1672
-1340
-845
-692
-1275
-2045
-1792
-593
278
453
72
69
757
1553
2096
2363
2512
2694
3040
3511
3698
3448
3299
3499
3856
3855
3364
2777
2548
2604
2609
2343
1743
1012
384
140
195
-140
-905
-1550
-1773
-1828
-2103
-2467
-2858
-3142
-3344
-3491
-3484
-3449
-3650
-3877
-3893
-3728
-3715
-3909
-4050
-3987
-3736
-3568
-3651
-3942
-4266
-4363
-4335
-4380
-2967
-592
-231
-2455
-4611
-3065
1535
4055
2045
-910
-721
2448
4868
4686
3611
2997
2747
2976
3904
4853
4627
3133
2057
2557
3407
2773
1100
395
1210
2003
1384
-158
-1150
-1222
-842
-595
-658
-892
-1287
-1498
-1184
-346
193
44
-182
58
729
1457
1860
1989
2068
2298
2642
2891
2985
2925
2952
3122
3336
3116
2532
2215
2343
2396
2215
1724
1091
520
225
290
198
-435
-1356
-1803
-1761
-1706
-2041
-2489
-2895
-3100
-3283
-3404
-3363
-3458
-3648
-3803
-3760
-3746
-3838
-4012
-4040
-3949
-3885
-3896
-4014
-4278
-4570
-4605
-4668
-4049
-2016
-594
-1643
-3998
-4352
-1079
2838
2971
-84
-1618
512
3869
4981
3913
2915
2767
3100
3887
4809
5153
4327
3035
2895
3770
3900
2567
1284
1496
2440
2451
1065
-369
-754
-422
-67
-220
-902
-1707
-1959
-1316
-338
-82
-591
-1072
-966
-280
696
1252
1020
485
691
1559
2303
2430
2021
1975
2382
2992
3126
2801
2420
2352
2519
2731
2615
2028
1359
1052
1183
1203
718
-286
-1086
-1197
-1103
-1333
-1978
-2663
-3034
-3238
-3375
-3530
-3803
-4257
-4531
-4663
-4695
-4898
-5139
-5241
-5268
-5289
-5361
-5397
-5611
-5630
-5683
-5274
-3339
-1596
-2148
-4185
-4667
-1683
2311
3318
1082
-868
421
3777
6012
5894
4546
3501
3859
5450
6733
6649
5403
4211
4132
4905
4966
3728
2273
1904
2363
2417
1418
-75
-1148
-1295
-801
-617
-1191
-2307
-2815
-2351
-1663
-1464
-1803
-1940
-1629
-1124
-634
-298
8
369
764
1161
1532
1825
1966
2222
2744
3133
3170
2804
2560
2735
2973
2862
2566
2224
1704
1297
1052
936
647
-22
-599
-1033
-1289
-1540
-2014
-2435
-2843
-3215
-3445
-3594
-3877
-4111
-4195
-4276
-4475
-4734
-4759
-4675
-4698
-4803
-5009
-5143
-5256
-5388
-5508
-4603
-2754
-2010
-3251
-4834
-4068
-820
1605
806
-1134
-856
1608
3773
4019
3370
3385
3840
4466
5284
5713
5596
4954
4650
5216
5611
4797
3345
2790
3386
3838
2979
1476
547
254
246
-16
-485
-1202
-1827
-1961
-1733
-1515
-1806
-2364
-2553
-2050
-1314
-855
-981
-1150
-950
-262
610
1052
1046
978
1308
2017
2664
2730
2536
2577
2788
2921
2878
2730
2497
2299
2219
2105
1710
1038
481
439
299
-291
-1162
-1845
-1948
-1995
-2389
-2976
-3506
-3899
-4075
-4128
-4329
-4725
-5124
-5233
-5171
-5258
-5528
-5778
-5910
-6046
-5511
-4134
-3337
-4042
-5326
-5088
-2584
-149
-161
-1737
-1856
231
2520
3226
2765
2586
3078
4001
4990
5483
5450
5088
5021
5622
6033
5569
4614
4197
4491
4656
4061
2814
1981
1822
1755
1285
362
-471
-847
-804
-983
-1424
-1868
-2083
-2005
-1854
-1869
-1865
-1685
-1499
-1248
-971
-661
-404
-114
326
792
1135
1426
1653
1951
2223
2531
2701
2682
2639
2526
2405
2331
2314
2082
1650
1215
1005
745
255
-348
-827
-1041
-1338
-1946
-2588
-3007
-3214
-3383
-3665
-4107
-4573
-4937
-5198
-5290
-5349
-5495
-5742
-6009
-6185
-5534
-4546
-4334
-4953
-5514
-4708
-2835
-1693
-2001
-2438
-1638
-71
1067
1345
1498
2096
2821
3522
4136
4674
5066
5103
5326
5649
5717
5510
5310
5343
5458
5089
4373
3693
3368
3203
2790
2059
1276
693
409
273
-291
-885
-1310
-1614
-1744
-1931
-2073
-2051
-2032
-2066
-2077
-1972
-1622
-1246
-936
-613
-328
15
452
852
1139
1540
1812
1870
2067
2324
2543
2605
2466
2269
2216
2093
1907
1691
1360
929
494
88
-395
-803
-1331
-1806
-2022
-2394
-3013
-3653
-4038
-4204
-4329
-4708
-5182
-5623
-5850
-5951
-5958
-5330
-4820
-4915
-5667
-6031
-4983
-3257
-2516
-3026
-3330
-2395
-871
82
209
340
1003
1918
2729
3269
3506
3737
4184
4932
5357
5185
4849
4863
5438
5850
5521
4737
4217
4249
4257
3817
3029
2402
2143
2003
1764
1200
426
-199
-427
-304
-490
-1097
-1732
-1794
-1454
-1288
-1521
-1779
-1718
-1535
-1275
-948
-703
-583
-391
-59
343
512
658
1007
1385
1464
1354
1368
1689
2011
1968
1602
1256
1142
1137
1144
924
442
-110
-465
-665
-943
-1449
-1920
-2322
-2735
-3025
-3350
-3766
-4267
-4621
-4794
-4998
-5110
-4924
-4896
-5197
-5644
-5457
-4470
-3724
-3892
-4219
-3721
-2627
-1682
-1406
-1272
-876
-146
604
1286
1818
2243
2738
3355
3972
4239
4296
4526
5039
5473
5447
5037
4815
4953
5137
5012
4513
3875
3485
3374
3290
2899
2158
1498
1172
917
475
56
-251
-485
-903
-1341
-1569
-1543
-1567
-1677
-1871
-1938
-1813
-1674
-1458
-1250
-1130
-929
-622
-285
-10
133
348
690
916
959
918
956
1198
1362
1349
1133
836
619
604
631
397
-117
-582
-944
-1119
-1324
-1719
-2200
-2657
-3032
-3282
-3590
-4004
-4469
-4779
-4575
-4261
-4445
-5081
-5378
-4921
-3967
-3591
-3906
-3981
-3340
-2480
-1932
-1722
-1411
-782
-86
493
921
1250
1742
2469
3037
3330
3355
3461
3874
4295
4495
4459
4283
4163
4276
4254
4092
3727
3427
3267
3070
2701
2300
1956
1763
1619
1209
751
502
365
110
-206
-578
-725
-753
-825
-1020
-1229
-1289
-1289
-1233
-1150
-1065
-1033
-943
-817
-645
-398
-310
-207
-26
111
236
201
255
280
366
411
283
73
-1
45
33
-168
-500
-698
-763
-886
-1176
-1555
-1850
-2032
-2157
-2429
-2764
-3138
-3370
-3503
-3401
-3207
-3438
-3908
-4204
-3905
-3370
-3232
-3454
-3467
-3101
-2608
-2246
-2019
-1755
-1273
-791
-359
26
390
893
1405
1842
2157
2358
2684
3049
3384
3552
3524
3569
3686
3797
3781
3641
3413
3324
3212
2997
2649
2308
2104
1951
1670
1283
831
556
463
307
56
-284
-539
-734
-823
-879
-943
-1182
-1414
-1447
-1356
-1187
-1199
-1129
-966
-819
-729
-627
-459
-339
-155
17
-8
-31
63
230
305
278
171
26
43
0
-45
-176
-324
-564
-910
-1112
-1155
-1223
-1410
-1765
-2198
-2322
-2158
-2217
-2559
-2745
-2965
-3050
-2901
-2831
-3012
-3229
-3178
-2889
-2537
-2496
-2556
-2434
-1949
-1594
-1493
-1314
-1008
-573
-89
377
544
724
1054
1348
1690
1964
2124
2245
2383
2648
2840
2870
2822
2765
2780
2819
2658
2419
2350
2267
2082
1854
1524
1168
839
707
622
485
233
-47
-327
-509
-507
-623
-866
-1123
-1163
-1085
-998
-1044
-1027
-1050
-1036
-948
-856
-690
-669
-619
-389
-139
-87
-58
34
58
139
173
182
157
191
235
148
116
77
-57
-199
-357
-452
-453
-519
-801
-1131
-1007
-947
-1236
-1486
-1735
-1606
-1515
-1858
-2138
-2080
-2048
-2117
-2181
-2151
-2016
-2028
-2137
-2270
-2069
-1722
-1493
-1562
-1528
-1339
-1088
-755
-438
-305
-241
-12
319
641
828
1129
1287
1402
1512
1545
1622
1848
1959
1885
1836
1815
1761
1671
1622
1434
1212
1035
793
597
490
250
-36
-209
-235
-311
-456
-681
-934
-1010
-1040
-969
-960
-1004
-1046
-1028
-1043
-868
-701
-649
-633
-581
-387
-196
-90
41
173
255
377
480
419
428
419
423
539
518
439
303
166
100
217
19
-136
-247
-549
-404
-455
-756
-683
-800
-1049
-855
-756
-1096
-1241
-1133
-958
-1063
-1216
-1271
-1217
-1093
-969
-915
-949
-852
-846
-895
-715
-749
-808
-620
-497
-496
-403
-265
-332
-164
26
53
-46
40
204
288
267
240
366
484
568
435
468
494
473
403
306
202
84
13
30
77
20
-55
-121
-111
-81
-54
-36
-108
-189
-250
-135
-36
-122
-111
-51
-43
-93
-80
-32
74
137
153
136
139
167
279
318
394
420
407
374
367
450
430
381
395
395
272
158
150
127
143
202
27
-99
1
-30
-188
-80
-37
-199
-265
-183
-275
-336
-249
-299
-353
-411
-398
-490
-446
-325
-295
-311
-311
-419
-385
-187
-132
-80
-91
-67
-94
41
167
139
203
205
170
120
155
286
182
74
-4
-124
-160
-128
-129
-168
-294
-427
-555
-541
-450
-447
-506
-591
-630
-553
-436
-371
-339
-383
-328
-203
-72
-6
39
184
355
462
574
630
620
692
780
826
820
722
600
595
690
814
766
619
480
435
513
499
451
287
191
150
119
89
25
-27
-100
-139
-86
-144
-228
-310
-337
-216
-251
-308
-354
-371
-304
-265
-235
-221
-214
-131
-132
-153
-107
-96
-67
-109
-145
-132
-171
-147
-148
-79
-33
36
81
24
3
-96
-40
54
96
65
-6
-61
-62
-19
59
98
-15
-19
-106
-94
-24
1
-90
-131
-164
-192
-136
-116
-53
-33
-54
-84
-86
-42
63
56
42
61
115
165
158
147
138
200
240
226
176
169
221
271
318
316
268
222
179
206
226
194
162
90
98
89
58
-55
-153
-166
-95
-123
-186
-215
-230
-122
-142
-153
-207
-238
-173
-223
-192
-109
-112
-87
-63
-53
-64
-38
-3
26
101
97
62
13
27
72
125
141
157
115
150
191
230
273
265
271
223
197
127
127
133
148
21
-74
-68
-33
-5
-13
-77
-181
-184
-140
-30
3
-26
-50
-32
41
99
109
104
163
224
243
302
335
294
314
272
281
333
279
263
305
268
289
178
109
60
28
4
-139
-184
-252
-362
-481
-596
-626
-580
-611
-669
-738
-744
-672
-609
-598
-644
-615
-547
-520
-451
-421
-305
-222
-150
-126
-47
-11
74
182
215
250
280
297
294
345
347
316
304
248
180
207
167
223
208
170
116
35
39
-12
-20
-60
-113
-157
-239
-244
-185
-206
-283
-282
-296
-289
-273
-255
-230
-180
-113
-84
-89
39
118
199
198
137
205
232
289
327
382
416
462
418
430
470
456
370
339
320
237
177
55
-6
-72
-94
-176
-331
-429
-483
-557
-623
-718
-849
-909
-934
-900
-858
-911
-973
-949
-860
-776
-746
-726
-727
-641
-533
-487
-399
-309
-152
-28
64
115
164
308
349
376
449
507
526
490
463
425
463
410
380
337
295
228
188
175
126
124
60
-56
-120
-199
-185
-213
-317
-345
-411
-392
-414
-474
-491
-503
-409
-369
-417
-417
-372
-285
-199
-163
-109
-69
19
76
141
198
171
240
334
408
469
436
397
474
545
535
506
471
369
392
408
342
224
96
-14
-104
-136
-205
-244
-324
-438
-527
-596
-574
-603
-696
-804
-840
-858
-924
-923
-862
-839
-767
-714
-662
-647
-575
-380
-198
-40
64
35
213
384
544
673
687
733
735
861
913
929
945
951
927
819
739
652
608
523
442
346
210
115
31
-13
-124
-249
-363
-505
-604
-634
-638
-735
-770
-746
-780
-784
-722
-666
-580
-539
-487
-448
-356
-317
-223
-134
-58
20
58
155
217
261
392
378
375
457
493
571
603
587
546
557
517
487
392
419
422
296
214
173
88
32
-46
-157
-187
-227
-300
-349
-379
-410
-439
-455
-470
-526
-543
-528
-460
-388
-344
-291
-220
-155
-67
28
130
232
344
516
546
573
624
680
801
874
840
840
810
844
820
763
691
627
598
471
431
370
315
144
-23
-136
-185
-222
-312
-357
-452
-492
-554
-627
-638
-642
-679
-753
-810
-772
-721
-644
-641
-606
-547
-452
-316
-278
-125
7
87
119
196
268
398
477
543
574
565
636
635
640
603
571
580
561
564
557
491
436
417
386
317
274
162
88
-26
-111
-118
-129
-213
-263
-249
-270
-243
-244
-294
-298
-237
-209
-195
-142
-90
85
251
286
285
355
431
566
599
683
764
823
890
953
979
998
1115
1119
1059
1016
940
917
916
795
729
611
483
445
338
236
100
-31
-128
-207
-341
-521
-579
-683
-740
-754
-817
-851
-827
-764
-749
-731
-717
-683
-589
-505
-441
-357
-293
-246
-170
-12
108
185
226
301
374
469
588
688
710
741
782
812
796
801
798
799
782
736
715
614
573
509
473
397
294
193
183
140
100
74
-7
-89
-167
-184
-162
-154
-201
-257
-375
-337
-253
-193
-190
-179
-92
-44
47
77
121
208
236
261
347
440
540
639
695
688
668
687
702
680
651
636
622
540
504
437
367
294
232
135
-26
-99
-203
-349
-428
-485
-515
-569
-622
-709
-708
-652
-735
-777
-734
-709
-692
-652
-611
-532
-454
-379
-312
-214
-112
-26
38
96
180
296
347
310
395
422
421
462
449
445
497
552
569
532
423
409
461
390
387
343
325
241
163
119
119
106
35
-60
-99
-136
-143
-150
-169
-140
-223
-197
-218
-200
-197
-170
-166
-133
-129
-136
-28
45
113
145
131
144
199
206
297
371
362
365
369
342
363
337
374
372
314
239
224
225
170
121
99
100
51
-19
-80
-155
-256
-318
-344
-375
-438
-513
-540
-481
-446
-453
-425
-463
-429
-346
-272
-215
-201
-177
-84
24
97
165
262
298
308
366
374
377
373
427
462
492
509
517
506
480
467
410
345
274
175
69
58
40
-28
-81
-173
-144
-92
-78
-75
-140
-195
-175
-148
-91
-92
-91
-93
-84
-39
9
26
49
42
39
49
91
88
73
113
99
125
119
121
156
148
177
167
130
144
99
36
75
57
60
97
85
94
52
65
-14
-18
-20
-36
-64
-115
-150
-201
-186
-213
-200
-241
-293
-239
-236
-255
-170
-169
-182
-148
-128
-56
-2
65
128
174
195
276
301
323
359
421
486
441
405
394
427
457
391
336
331
311
330
221
142
91
12
10
-29
-62
-73
-127
-157
-122
-164
-150
-230
-261
-293
-302
-238
-276
-245
-239
-193
-178
-161
-100
-60
-21
10
5
92
80
58
90
117
138
110
66
58
60
48
63
-36
-34
-31
11
28
85
114
64
77
102
148
116
80
52
6
-26
-31
-77
-100
-144
-138
-182
-255
-249
-222
-223
-215
-245
-216
-193
-138
-154
-187
-169
-160
-75
-57
-4
41
104
154
145
208
279
236
261
295
326
366
372
396
399
362
365
369
331
267
219
212
146
115
-5
-70
-66
-132
-178
-209
-222
-243
-285
-344
-398
-391
-388
-397
-379
-332
-306
-221
-172
-181
-109
-48
-13
5
14
66
104
126
117
117
148
153
203
183
173
219
214
293
358
384
349
364
357
341
325
334
381
433
419
353
314
277
278
307
269
186
131
63
49
70
24
-69
-157
-218
-220
-202
-183
-166
-168
-184
-176
-102
-76
-3
43
22
68
116
133
165
211
193
268
293
317
330
375
379
367
432
411
380
369
392
326
275
271
242
162
92
79
55
-11
-33
-80
-121
-136
-147
-104
-110
-136
-87
-96
-101
-110
-75
-16
-36
29
41
29
36
48
88
54
73
100
106
114
101
105
85
79
92
89
66
98
90
94
68
93
110
172
199
183
187
196
240
257
247
254
287
309
280
327
283
287
256
268
300
260
237
213
186
178
155
81
76
-7
-4
2
-30
-19
-72
-81
-78
-83
-8
24
10
-11
-9
7
7
40
20
29
74
32
13
20
-15
-30
-9
-8
-20
22
1
0
-44
-85
-68
-47
-57
-27
-26
-20
1
27
13
56
89
48
78
83
148
188
202
242
239
207
237
222
194
170
94
23
18
-16
-26
5
-23
-44
-88
-85
-138
-148
-137
-80
-141
-182
-166
-169
-115
-127
-128
-80
-63
-67
-14
59
63
70
131
173
233
191
185
189
176
167
199
194
165
118
125
124
110
48
12
16
-5
3
-21
-50
-71
-138
-104
-46
-9
-32
-100
-71
-46
23
37
21
9
2
-20
-24
-56
-66
-96
-99
-100
-93
-66
-104
-92
-101
-35
-10
-12
61
89
89
123
183
213
268
258
286
382
362
347
350
343
371
351
353
324
338
303
297
296
264
281
210
162
129
35
2
-55
-123
-106
-172
-164
-159
-170
-121
-92
-122
-125
-75
-60
-48
-21
-22
30
106
133
222
198
211
232
230
287
298
322
301
325
287
221
265
223
171
176
154
73
69
70
10
-36
-60
-63
-40
27
100
104
94
71
-6
29
61
50
47
63
38
96
121
154
190
143
178
130
134
93
92
102
77
70
91
104
139
175
180
210
258
228
214
236
261
361
374
342
350
364
339
341
339
337
346
311
267
235
246
281
268
253
146
100
55
4
24
-63
-90
-94
-133
-105
-117
-97
-103
-108
-64
-119
-105
-82
-50
-11
14
40
64
93
110
190
161
115
110
109
157
170
140
155
183
183
184
177
130
92
67
4
14
-5
-72
-78
-94
-90
-101
-92
-89
-81
-17
30
18
47
64
23
104
113
102
168
194
229
270
293
315
320
324
350
372
391
399
413
400
379
378
385
390
358
308
324
292
293
284
236
252
196
150
107
78
94
141
153
118
115
67
15
-5
-61
-52
-20
-48
-27
-31
-90
-83
-52
-11
44
35
97
179
202
227
248
288
308
295
339
331
362
333
223
211
227
264
188
187
161
196
160
116
129
112
117
86
-35
29
259
190
-116
-189
83
189
146
61
59
55
-39
103
339
131
-127
-35
238
148
66
117
197
584
657
159
-38
465
583
350
244
223
341
553
668
465
203
322
573
490
277
181
155
211
346
343
198
224
287
290
353
298
283
341
331
312
344
221
123
282
318
241
242
49
-126
216
393
36
-219
123
293
46
161
364
68
43
538
391
-51
133
552
484
252
398
474
356
446
588
407
232
432
594
338
204
449
285
232
348
211
134
287
132
70
77
18
158
58
-147
-13
351
40
-221
237
204
-243
191
372
-105
14
551
206
-248
419
643
-51
156
835
416
-185
436
981
393
182
582
412
394
710
491
183
365
100
174
647
350
-180
-63
496
582
22
-58
440
512
210
489
540
-22
-63
452
660
45
-56
368
321
-86
324
271
-232
13
590
212
156
680
183
-32
631
479
394
253
375
458
137
463
329
366
261
422
494
217
486
323
-162
597
894
-336
-413
760
217
-349
779
219
-443
496
247
-428
169
494
60
-221
7
473
-85
109
796
-9
-382
841
219
-740
758
629
-681
165
779
-37
-172
21
478
313
-385
467
382
-315
-66
243
119
401
137
159
-178
-145
321
395
358
-224
-319
285
425
-8
331
-77
-75
495
293
266
-271
-506
620
627
-509
146
485
-546
493
733
-484
152
630
-929
706
1548
-1082
-714
1561
378
-751
710
958
-941
-280
2160
25
-1529
978
1116
-1003
117
1294
-726
-436
972
408
-278
-239
-148
743
102
-9
-70
-465
592
888
-758
-405
836
-152
-374
642
539
-649
-773
1012
1207
-726
-1054
402
1047
-246
-820
851
439
-1323
316
1456
-99
-1080
550
831
-96
60
649
319
-576
768
1042
-603
-154
744
-316
-34
1158
280
-893
-39
1099
-229
-284
955
-85
-1023
1308
1051
-1292
-100
1100
66
99
594
-195
225
97
-101
290
737
211
-291
446
761
245
-443
626
654
348
-279
600
589
-263
265
595
-20
-105
542
673
-21
-631
266
761
-23
-621
170
128
-109
323
44
-721
175
197
-188
-127
-31
-326
337
455
-175
-443
-424
672
556
-475
-124
138
-270
595
886
-287
-685
146
473
534
561
-675
-638
361
1055
148
-270
402
95
-670
870
715
-581
64
346
-62
-101
787
-199
-401
733
67
-562
755
693
-723
-173
933
110
-444
44
190
364
371
-472
-575
867
14
-830
556
505
-693
-289
843
809
-804
-1058
718
706
-141
-409
-34
41
-327
-354
740
447
-1323
-347
1600
-407
-1706
982
1068
-1134
-156
1445
-93
-1178
63
434
233
392
-103
-622
15
341
-246
71
298
-774
-350
729
310
-582
-272
1
28
684
-333
-1102
323
644
-949
478
940
-970
-440
439
-538
-240
762
-855
-652
1210
-167
-1379
540
662
-1373
91
1123
-632
-1066
175
279
91
11
-188
-578
100
925
-601
-710
761
113
-390
760
321
-665
-280
485
585
320
-218
-599
-266
678
241
-637
269
44
-868
768
897
-1354
-807
654
128
138
-207
-967
-534
272
446
46
-700
-1139
44
1281
38
-1564
-217
1007
-370
-1125
502
136
-671
509
543
-1340
-654
653
396
-547
-756
46
430
-174
-713
107
523
-613
-718
790
258
-1031
-354
925
-82
-961
-292
454
81
-584
-481
882
479
-1395
-482
1245
341
-813
4
893
448
-658
-352
258
-446
-543
370
969
-153
-1526
-836
1275
746
-864
-440
-2
-189
-185
452
-220
-581
-243
233
607
-10
-1235
-200
1166
261
-301
-30
-650
-446
424
221
-451
-404
306
327
-127
-419
-552
-498
566
1018
-330
-560
137
-243
20
397
-349
-573
303
-14
-488
165
76
-1077
-702
670
417
-567
-591
236
457
-87
-272
54
99
-305
46
517
388
-384
-694
118
933
31
-985
109
1048
81
-1056
-50
-46
-755
-93
353
-505
-1180
-223
365
-327
-573
-350
-762
-282
561
159
-339
96
52
-273
310
203
-625
100
660
169
202
369
-294
-773
341
904
269
-34
-275
-216
420
498
-611
-749
-12
-80
-169
337
-335
-1244
-693
306
448
-796
-1354
-509
-54
-137
-404
-558
-251
-204
-518
-98
334
-143
-190
349
753
113
-710
-343
758
772
-4
-453
418
959
-60
-502
-98
168
336
284
-132
-262
-518
-285
323
38
-383
-210
-224
145
95
-849
-709
442
59
-277
-140
-778
-709
291
536
-270
-760
-174
140
-51
-190
11
-234
-67
302
107
-406
-387
-128
97
317
40
-636
-602
13
97
32
-38
-640
-332
594
229
-700
-312
355
-97
-219
-86
-228
-442
-164
-346
108
299
-489
-761
-422
205
344
-310
-816
-265
437
427
243
-216
-249
-301
155
865
318
-717
-553
389
1009
270
-1274
-984
625
907
-15
-440
-439
-591
82
972
357
-1068
-1101
240
1284
434
-761
-789
79
625
682
369
-630
-1168
24
1431
537
-887
-1007
-240
119
-4
-227
-270
-537
-549
328
640
-491
-1524
-68
1199
237
-680
-189
48
-443
15
670
215
-819
-493
726
711
-628
-966
41
288
-58
90
-58
-740
-637
-140
345
242
-371
-440
109
346
240
-41
-172
-65
-133
141
369
104
-495
-486
-20
458
123
-381
-354
-33
196
235
95
-211
14
416
131
-368
-508
-164
-37
39
286
-405
-925
-280
396
216
-397
-496
-62
748
1067
78
-526
-261
57
499
385
-280
-673
-300
400
389
-431
-609
-163
533
487
-299
-409
178
-65
69
809
-92
-875
-88
227
-313
187
110
-573
-443
-107
-452
-113
51
-521
-179
193
-441
-515
257
-32
-437
353
655
-95
-16
594
315
44
155
187
469
482
-313
-499
324
553
-55
151
210
-549
-349
532
384
13
104
-34
-131
205
190
-280
-243
86
112
-7
97
-364
-323
247
442
229
327
-42
-397
170
692
251
-304
-65
273
487
494
104
-337
101
557
458
362
148
-320
44
573
607
121
-157
165
105
-158
-76
97
-103
-179
3
33
-152
-312
-327
52
272
-23
-110
104
-33
-404
65
521
137
-322
102
255
-151
119
456
83
-83
128
306
156
-137
-91
229
449
336
349
283
106
-159
212
515
-15
-370
-23
254
-49
-134
-10
-33
-393
-438
14
242
-154
-349
60
253
215
106
-50
-228
-300
-78
369
330
-146
-622
-341
234
161
-196
-315
-22
306
439
273
-31
-135
-150
58
272
208
-196
-288
-1
86
32
-263
-309
-34
136
142
103
-133
-358
-78
166
92
36
-201
-222
57
218
-118
-339
-207
-55
-60
15
-73
-277
-214
-59
154
24
-206
-215
31
341
252
224
222
102
41
83
97
-49
-67
106
201
170
102
-230
-385
-174
60
148
130
-3
-154
-56
-58
-90
-81
-17
153
239
125
-44
-75
65
279
202
-24
-84
34
116
134
140
-2
-40
129
110
-181
-487
-216
236
382
99
-339
-489
-398
-51
208
39
-184
-69
111
0
-136
-85
20
301
595
549
95
-124
143
290
190
126
159
191
269
91
-104
-155
-56
123
244
152
-276
-373
-182
1
-58
-202
-158
-105
-99
-32
-104
-210
7
237
172
-132
-98
135
70
39
166
301
248
106
167
242
224
119
67
222
248
32
14
92
22
3
105
154
-7
-224
-115
21
37
91
133
63
-168
-206
-152
-26
21
-84
20
236
147
-96
-47
64
28
113
88
20
-17
-9
89
67
-83
-176
-100
-105
-184
-367
-463
-254
-10
-31
-199
-222
-240
-133
-47
-40
42
83
-2
59
78
-66
-276
-251
-22
167
12
-175
-45
30
-64
-151
-90
11
44
-5
-107
-165
-333
-524
-303
-64
-189
-434
-517
-482
-422
-390
-390
-404
-345
-323
-292
-253
-336
-290
-106
62
124
-105
-268
-185
58
158
55
-113
-177
-109
-82
-83
-100
5
105
15
-79
-108
-250
-292
-71
77
16
-164
-250
-251
-209
-186
-181
-65
19
-77
-86
-89
-176
-208
-44
51
-87
-210
-219
-275
-435
-438
-301
-246
-324
-308
-258
-301
-440
-390
-197
-122
-189
-232
-200
-220
-283
-179
-73
-224
-357
-322
-127
-85
-121
-69
66
53
-45
-110
-169
-269
-208
8
-20
-74
-148
-215
-311
-300
-230
-241
-179
-136
-150
-272
-262
-194
-142
-110
-168
-225
-195
-284
-441
-349
-181
-108
-106
-160
-231
-295
-286
-228
-160
-69
-147
-234
-172
-225
-319
-302
-114
-83
-51
-79
-191
-104
61
39
20
93
104
42
69
88
104
46
3
-6
-25
64
-134
-247
-85
-29
-79
-97
-138
-168
-222
-160
-41
-7
4
-82
-152
-166
-188
-210
-60
32
-27
-140
-194
-231
-183
-102
-185
-170
-177
-194
-181
-212
-308
-347
-204
-161
-251
-256
-160
-260
-300
-90
47
36
-71
-125
-74
-78
-127
-63
-19
46
67
-25
-26
-19
-74
-86
-29
-119
-160
-145
-112
-125
-153
-63
-154
-203
-254
-239
-300
-243
-144
-87
-30
-9
-57
-140
-127
-126
-49
-94
-99
-52
-71
-111
-120
-137
-125
-31
93
127
38
21
-50
-65
-37
19
64
60
79
85
-6
-50
20
39
27
51
51
8
0
-91
-33
-39
-126
-194
-185
-203
-239
-184
-127
-164
-307
-358
-278
-245
-234
-229
-126
-96
-196
-159
-122
-85
-118
-117
-72
-86
-87
-95
-96
-148
-150
-73
-96
-117
-107
-79
-94
-112
-46
-54
-69
-87
-11
39
-31
-101
-120
-127
-201
-225
-151
-103
-107
-132
-124
-216
-312
-275
-240
-145
-125
-125
-112
-33
-72
-102
-56
-64
-62
-34
-31
-47
51
42
20
111
143
176
191
185
219
241
180
191
217
239
182
187
131
118
87
44
45
-11
-81
-136
-187
-169
-115
-243
-279
-202
-198
-272
-257
-152
-147
-159
-106
-125
-169
-86
9
56
62
48
13
-25
-27
-23
32
41
-42
-32
17
19
-75
-87
-119
-110
-80
-66
-69
-55
-36
-30
-28
-55
-124
-138
-107
-131
-115
-140
-71
-13
20
31
30
58
12
-8
3
45
25
-9
22
13
106
125
20
34
83
40
52
46
39
-30
-19
0
-25
-8
-10
11
34
-3
-27
-67
-78
-28
-58
-87
-82
-65
-76
-28
-10
-123
-150
-94
-120
-185
-210
-150
-150
-176
-104
-151
-140
-63
-86
-103
-45
20
31
76
107
34
14
39
60
56
39
83
4
-59
-24
24
13
-4
9
6
-67
-82
-115
-120
-110
-161
-160
-123
-103
-148
-69
-135
-173
-118
-79
-110
-128
-136
-178
-210
-191
-167
-162
-179
-200
-129
-91
-67
-106
-48
-15
-29
41
60
39
30
31
52
123
114
102
120
70
47
83
129
72
46
8
-59
-13
-104
-119
-93
-51
-82
-159
-165
-143
-148
-244
-184
-224
-281
-276
-208
-228
-276
-261
-322
-293
-225
-141
-174
-230
-270
-232
-163
-103
-128
-138
-119
-53
-68
-68
13
-59
-57
-63
-74
-59
-12
-10
-36
79
76
2
64
61
84
70
59
81
36
13
-1
-5
0
-56
-112
-131
-106
-71
-104
-141
-103
-50
-63
-66
-109
-110
-112
-142
-125
-117
-101
-119
-88
-128
-223
-194
-190
-141
-100
-135
-172
-111
-59
-48
-23
-34
-26
18
23
-41
-30
-13
-11
-6
-43
-87
-27
17
80
107
23
18
-2
-17
-16
-114
-115
-148
-154
-126
-147
-165
-247
-261
-253
-215
-229
-249
-252
-183
-176
-158
-149
-115
-59
-77
-69
-60
-60
-53
5
26
30
23
21
28
80
81
-17
-8
-34
-75
-51
-28
-6
-26
-68
-150
-101
-104
-193
-165
-131
-160
-221
-263
-286
-323
-309
-307
-265
-313
-298
-292
-287
-219
-254
-220
-216
-199
-148
-154
-80
-56
-43
-52
-53
-1
9
23
62
110
96
75
27
29
35
31
50
40
25
45
45
21
-26
-85
-131
-134
-160
-192
-232
-283
-303
-303
-316
-364
-343
-307
-304
-314
-292
-219
-175
-138
-176
-182
-156
-152
-125
-88
-65
-9
-24
7
10
-29
22
55
102
60
0
-12
-37
-23
11
11
-42
-27
-25
-51
-58
-104
-106
-146
-165
-117
-198
-176
-166
-205
-166
-202
-205
-275
-328
-334
-344
-336
-352
-344
-321
-290
-264
-234
-263
-271
-265
-229
-180
-172
-174
-213
-214
-138
-102
-99
-137
-109
-30
-40
-34
-61
-64
-44
22
51
-32
-49
-5
60
27
-20
-45
-73
-63
-67
-38
-70
-69
-83
-62
-29
-52
-87
-69
-79
-80
-130
-115
-92
-105
-79
-100
-121
-114
-83
-109
-145
-149
-118
-175
-196
-199
-208
-275
-314
-265
-248
-181
-241
-181
-169
-221
-194
-172
-148
-233
-255
-232
-214
-228
-165
-160
-190
-138
-125
-132
-120
-118
-148
-156
-190
-220
-231
-211
-245
-196
-165
-232
-179
-141
-157
-175
-166
-142
-139
-107
-58
-84
-92
-105
-122
-167
-201
-193
-217
-179
-221
-152
-174
-199
-120
-66
-45
-88
-47
-24
-34
-47
-49
-100
-98
-135
-119
-125
-159
-197
-228
-162
-161
-152
-221
-211
-254
-264
-235
-221
-213
-247
-164
-204
-231
-190
-193
-211
-201
-158
-216
-177
-125
-145
-118
-146
-158
-131
-157
-166
-174
-107
-114
-102
-33
-81
-151
-151
-80
-12
-33
-7
34
79
68
62
97
60
71
68
103
113
70
28
16
-4
-35
-33
-12
-73
-136
-117
-98
-68
-108
-132
-121
-148
-126
-96
-92
-50
-4
20
-39
-11
-55
-131
-70
-32
-12
13
65
71
116
65
93
106
97
140
71
76
5
-9
13
6
-20
-58
-56
-137
-121
-93
-119
-106
-83
-108
-125
-145
-221
-201
-198
-173
-171
-166
-170
-121
-61
-70
-48
-1
-16
-1
59
7
44
24
-25
-60
-78
-55
-59
-88
-46
-69
-69
-49
-38
-55
-25
-46
-73
-33
-17
33
-28
-81
-110
-94
-122
-184
-97
-120
-152
-157
-107
-96
-45
-38
-75
-71
-63
-66
-83
-31
24
42
47
77
68
68
48
60
77
82
53
59
53
47
58
77
61
-7
30
-10
-34
-55
-70
-36
-68
-24
-4
32
19
-9
43
43
22
26
-10
-34
5
-15
-40
-18
-61
-85
-75
-109
-144
-119
-66
-80
-107
-113
-106
-111
-159
-137
-107
-109
-142
-109
-52
-87
-113
-73
-55
-69
-58
-37
-22
-39
-55
-20
-35
-14
16
-30
-4
30
22
-9
-9
8
-35
-45
-87
-124
-134
-147
-114
-153
-170
-146
-212
-211
-242
-280
-269
-257
-215
-211
-197
-170
-98
-146
-128
-84
-63
-37
22
85
85
27
64
47
7
48
89
74
-9
1
34
-15
-74
-81
-72
-74
-48
-56
-46
-42
-72
-111
-86
-61
-108
-81
-52
-70
-106
-76
-63
-48
26
9
29
-32
-2
-38
-94
-46
-71
-58
-104
-47
-68
-82
-31
-40
-27
-41
-83
-80
-107
-146
-159
-113
-129
-88
-97
-117
-105
-85
-75
-73
-107
-93
-60
-83
-67
-41
22
27
51
43
68
49
50
39
62
60
61
94
51
73
60
-35
-50
24
24
9
40
33
48
66
54
143
188
157
127
191
204
205
225
168
208
225
244
259
220
148
128
96
117
128
145
148
90
88
108
59
49
29
-6
-11
-25
-22
-32
-66
-44
-12
-34
-73
-125
-161
-161
-139
-160
-169
-114
-58
0
39
41
49
34
27
24
12
7
28
50
92
41
41
71
81
101
84
126
73
104
87
63
76
89
137
118
116
82
73
26
-7
48
34
48
34
-12
-12
-55
-35
-22
14
-25
-17
-6
4
38
94
122
105
156
161
141
126
153
170
186
221
174
143
188
138
194
205
177
198
195
236
197
243
252
208
203
186
121
92
67
74
81
19
59
41
40
84
117
122
123
88
101
143
73
58
59
29
11
13
22
12
33
-51
-63
-6
-51
-59
-62
-11
36
77
103
74
53
97
155
97
89
107
97
75
102
156
126
80
62
86
93
94
133
133
135
199
200
196
231
232
246
287
239
199
178
183
159
131
118
67
81
112
84
101
115
116
128
201
184
197
211
203
183
184
193
165
132
93
132
152
131
143
163
144
142
134
82
61
140
102
129
175
112
146
140
198
216
209
192
165
95
70
133
156
151
188
247
234
214
182
161
132
71
132
139
160
149
106
104
78
120
108
103
141
128
95
118
144
118
145
167
143
183
193
169
134
143
174
189
171
167
188
186
142
114
67
92
120
80
127
132
173
175
106
137
152
99
110
94
107
107
140
149
134
163
166
215
183
154
238
251
228
236
204
154
150
169
149
137
212
226
162
208
188
191
180
166
198
210
172
174
160
95
96
103
147
173
180
148
178
145
82
94
90
87
128
170
129
166
177
134
97
157
159
98
76
54
25
33
24
-8
62
33
51
51
84
89
39
67
62
30
33
138
106
101
105
92
113
107
155
103
84
120
125
158
123
178
194
155
145
180
200
178
233
237
237
258
248
278
251
252
255
183
192
145
139
110
91
124
88
116
122
160
189
118
74
76
57
48
45
20
1
-6
50
50
102
89
151
146
139
204
161
175
173
194
262
259
242
243
265
245
229
266
206
223
231
191
226
211
217
212
174
137
153
115
148
150
130
111
105
83
55
47
64
84
58
52
25
64
-10
-28
-29
-29
-24
-10
-12
4
16
47
60
81
89
101
85
89
116
107
86
154
164
165
201
159
126
121
190
233
235
270
259
290
288
289
293
245
239
229
221
193
210
180
133
133
121
110
71
24
51
104
84
54
98
65
81
53
29
42
53
106
64
86
78
51
42
53
82
88
75
91
82
102
147
130
125
142
143
95
119
93
99
105
123
159
139
146
92
100
120
84
144
184
215
200
203
210
114
72
113
134
135
147
148
112
101
103
53
57
44
55
49
42
56
84
87
126
151
105
63
19
22
76
68
38
53
48
41
37
41
4
17
56
-11
-60
-18
-49
-66
-58
-29
-24
-57
-75
-59
-70
-66
-38
-47
-16
-24
-41
-13
-19
-43
-7
-30
-69
-11
66
74
107
98
117
101
54
72
81
67
87
115
104
112
125
94
73
18
15
7
-25
-9
-33
-16
-22
10
45
63
83
76
97
106
105
123
148
156
138
153
101
67
92
84
158
110
136
141
148
194
147
165
114
142
169
170
77
63
94
83
51
26
58
19
45
-69
-6
25
7
27
79
85
69
103
81
74
9
55
50
5
-14
-34
-33
-58
-25
26
48
55
25
95
102
41
61
81
133
157
162
194
195
211
149
160
147
104
131
127
118
110
117
128
126
168
200
152
169
127
108
137
105
47
-2
4
0
-21
-16
-28
-41
-54
-89
-67
-114
-119
-144
-150
-114
-118
-164
-161
-113
-64
-49
-34
10
-18
-52
-68
-20
-50
6
34
42
28
43
107
96
82
43
23
5
50
0
23
25
-27
-82
-42
-11
2
-4
-10
-13
-29
-78
-60
-36
-47
3
-15
52
24
-25
-11
-18
-79
-67
-92
-112
-129
-161
-179
-180
-135
-184
-121
-164
-170
-137
-158
-92
-114
-66
-76
-102
-83
-93
-107
-75
-62
-28
20
-7
-27
-15
-25
-48
-42
-15
-20
-10
16
-41
-77
-91
-93
-94
-95
-89
-121
-111
-111
-174
-176
-151
-135
-159
-205
-163
-130
-173
-190
-178
-234
-231
-233
-223
-243
-240
-242
-248
-175
-197
-145
-106
-95
-102
-126
-114
-112
-109
-118
-78
-20
-1
0
0
22
14
27
10
38
13
-23
10
-14
-39
-44
-39
13
34
-18
-31
6
-20
-65
-77
-129
-141
-139
-149
-115
-75
-75
-75
-71
-72
-56
-12
-33
-46
-68
-59
-40
-21
18
10
48
60
46
15
27
53
-13
-10
36
72
37
19
29
-5
-23
-57
-67
-65
-51
-62
-33
-37
-63
-49
-28
-27
-5
-8
58
10
-8
-33
-19
-35
-81
-81
-92
-48
-113
-121
-131
-107
-96
-76
-59
-65
-63
-19
-1
23
56
85
112
109
143
105
105
89
35
-27
-27
-33
-46
-45
17
39
-39
-50
-52
-17
-61
-112
-123
-95
-105
-132
-152
-138
-159
-127
-55
-100
-88
-115
-54
-85
-77
-54
-87
-58
-76
-76
-74
-52
-47
-35
-22
-68
-121
-147
-111
-129
-125
-105
-87
-27
-5
13
14
-34
-54
-26
-53
-66
-22
-39
-84
-40
-72
-138
-156
-142
-162
-146
-149
-123
-111
-122
-118
-74
-38
-79
-131
-156
-165
-153
-153
-143
-122
-151
-109
-129
-140
-175
-197
-156
-187
-214
-146
-129
-126
-103
-104
-114
-122
-79
-65
-53
-83
-95
-60
-81
-98
-84
-51
-76
-91
-111
-99
-130
-153
-138
-108
-104
-150
-214
-238
-231
-249
-207
-222
-186
-109
-140
-107
-109
-175
-159
-169
-133
-88
-133
-142
-123
-75
-98
-103
-90
-79
-87
-68
-32
-48
0
7
-2
-7
-52
16
-24
-22
12
-6
19
5
-52
-46
-89
-121
-66
-48
-60
-90
-75
-40
-35
-74
-76
-108
-104
-79
-72
-77
-72
-73
-14
-65
-130
-121
-104
-189
-182
-183
-216
-153
-133
-102
-91
-67
-50
-50
-85
-81
-47
-68
-77
-36
-3
-28
-32
-28
-14
-23
-16
0
-32
-61
-59
-56
-93
-91
-59
-12
-7
-36
-31
-2
24
-5
-40
-32
-32
-45
-67
-77
-88
-107
-113
-155
-169
-170
-157
-176
-139
-85
-118
-111
-83
-100
-68
-77
-107
-83
-23
-20
-25
-27
-57
-107
-119
-88
-173
-173
-170
-171
-222
-270
-229
-211
-173
-164
-182
-210
-244
-208
-261
-293
-309
-317
-272
-250
-214
-175
-180
-194
-192
-222
-212
-233
-176
-182
-212
-232
-214
-192
-209
-183
-185
-145
-187
-186
-208
-230
-220
-241
-215
-208
-143
-134
-154
-139
-169
-171
-151
-202
-239
-196
-223
-256
-274
-228
-213
-205
-156
-158
-123
-134
-170
-152
-180
-150
-130
-128
-103
-112
-122
-113
-101
-137
-154
-146
-153
-134
-157
-155
-169
-161
-151
-151
-150
-197
-221
-241
-264
-243
-216
-241
-229
-255
-258
-252
-278
-272
-287
-277
-310
-344
-365
-339
-352
-363
-354
-336
-351
-322
-290
-267
-261
-270
-247
-236
-235
-210
-183
-204
-239
-239
-212
-174
-147
-176
-123
-129
-106
-103
-104
-53
-109
-154
-160
-119
-137
-142
-161
-137
-166
-166
-144
-208
-239
-287
-345
-326
-344
-380
-423
-397
-379
-403
-351
-259
-254
-203
-147
-103
-109
-69
-54
-84
-82
-92
-26
-67
-51
-1
30
16
26
42
11
55
38
51
63
53
45
45
21
71
59
39
101
41
40
-46
-38
-87
-153
-225
-276
-252
-307
-274
-254
-238
-265
-264
-194
-167
-209
-225
-176
-178
-171
-156
-159
-90
-121
-115
-133
-154
-67
-46
-52
13
19
46
25
-1
41
47
96
45
23
59
18
20
-37
-85
-77
-111
-72
-52
-81
-62
-13
-62
-54
-28
-85
-168
-174
-142
-169
-171
-121
-88
-128
-133
-55
-70
-85
-41
-36
-113
-112
-49
-38
-17
-40
-8
-28
-77
-98
-78
-67
-32
-27
-37
-29
-57
-99
-112
-130
-141
-118
-160
-95
-96
-67
-22
-70
-79
-104
-91
-92
-116
-159
-80
-93
-128
-53
-63
-47
-44
-37
-8
-24
-14
-22
-13
8
-48
-10
-14
-35
40
77
41
41
48
85
115
93
133
91
102
68
79
81
106
130
107
54
35
7
-3
11
12
-12
4
72
65
125
181
169
194
252
206
167
144
123
113
81
110
155
153
92
88
96
131
95
95
105
66
112
111
174
190
167
171
172
141
103
92
77
59
49
86
124
123
182
160
164
203
227
192
132
166
150
126
112
93
97
68
51
68
57
40
11
15
-5
-35
-53
-24
30
65
45
86
104
66
49
36
9
-34
-16
-36
45
78
58
150
163
180
228
298
281
263
285
300
298
263
318
288
296
302
314
369
367
352
356
331
344
332
293
325
293
331
331
289
210
162
110
34
50
24
30
34
72
113
34
47
82
99
100
81
94
117
103
79
90
121
156
196
136
133
133
169
167
185
153
190
212
150
175
209
226
190
184
155
137
114
55
76
66
48
46
46
53
62
97
41
-10
57
105
109
198
194
180
230
214
233
291
275
239
242
210
247
279
311
303
247
243
241
210
203
210
208
184
207
178
179
163
151
136
122
114
79
94
115
115
102
79
76
84
75
103
109
49
101
147
136
121
97
106
94
110
174
155
179
128
213
273
257
293
289
296
296
287
250
211
195
196
182
198
189
222
259
256
173
165
190
145
147
206
199
182
161
194
172
226
231
211
214
230
258
271
306
296
295
319
311
325
350
351
402
438
454
457
461
346
334
365
383
397
358
371
345
353
323
292
238
187
228
245
211
215
269
314
315
303
343
308
289
319
295
349
342
337
383
354
402
475
456
429
424
428
391
342
382
395
381
389
425
415
471
515
478
476
470
433
453
414
360
329
281
303
311
295
287
279
266
235
267
267
297
298
363
347
367
382
412
430
413
460
404
420
417
411
431
422
434
426
481
503
423
450
419
419
429
427
458
478
441
487
501
531
511
517
540
517
524
495
540
548
580
560
517
582
535
488
526
503
510
499
497
469
427
414
450
453
424
424
446
431
453
448
398
381
384
354
311
303
322
333
348
342
315
319
337
340
326
367
405
429
448
483
495
507
525
565
553
553
636
650
634
668
696
627
568
564
575
578
604
617
661
640
620
663
653
637
619
583
591
539
521
450
416
417
403
397
386
347
296
346
381
362
397
401
437
447
477
465
418
460
448
412
476
496
483
517
527
552
487
495
505
528
458
455
463
444
432
459
448
400
402
402
369
359
385
349
286
225
283
304
291
272
281
275
234
228
231
241
218
236
189
190
197
226
277
249
265
259
264
268
226
253
208
246
253
168
181
180
122
100
100
135
127
137
137
132
165
176
159
192
139
84
44
22
-6
-56
-42
16
6
-28
8
-20
3
13
-11
-48
-14
-17
-53
-49
-57
-38
-51
-78
-77
-120
-108
-126
-107
-135
-145
-136
-147
-128
-177
-141
-126
-99
-104
-65
-70
-69
-64
-37
-80
-99
-97
-135
-121
-114
-122
-152
-200
-179
-170
-211
-186
-260
-248
-253
-302
-284
-260
-307
-307
-281
-316
-328
-344
-293
-301
-333
-331
-298
-312
-345
-371
-426
-425
-394
-399
-323
-369
-362
-332
-375
-330
-360
-334
-280
-289
-234
-225
-264
-272
-297
-355
-388
-371
-348
-337
-347
-357
-329
-331
-360
-352
-357
-393
-438
-448
-459
-439
-474
-446
-425
-478
-437
-407
-451
-430
-475
-452
-424
-463
-464
-480
-458
-458
-459
-502
-485
-524
-517
-490
-539
-540
-525
-472
-514
-462
-396
-448
-464
-474
-446
-452
-479
-466
-437
-455
-507
-529
-545
-526
-543
-547
-542
-520
-492
-482
-491
-512
-519
-492
-409
-413
-434
-433
-454
-420
-464
-443
-540
-531
-511
-527
-476
-471
-425
-455
-445
-381
-383
-379
-363
-347
-335
-311
-331
-360
-375
-358
-380
-414
-410
-437
-430
-429
-448
-484
-531
-489
-517
-536
-527
-530
-490
-493
-515
-542
-570
-546
-571
-513
-501
-495
-489
-529
-487
-459
-455
-407
-412
-426
-429
-401
-359
-290
-301
-296
-262
-294
-308
-315
-290
-295
-277
-321
-327
-273
-278
-254
-259
-276
-321
-325
-294
-315
-398
-435
-459
-489
-441
-440
-441
-404
-429
-447
-475
-499
-495
-509
-519
-544
-563
-561
-487
-407
-370
-362
-329
-299
-307
-312
-339
-295
-263
-276
-250
-200
-175
-160
-170
-180
-222
-256
-256
-298
-285
-261
-292
-239
-244
-300
-300
-293
-281
-266
-289
-301
-317
-313
-352
-358
-406
-402
-385
-385
-340
-357
-341
-354
-345
-346
-393
-346
-353
-352
-338
-326
-335
-309
-288
-314
-273
-250
-225
-215
-211
-174
-162
-118
-118
-187
-172
-149
-110
-123
-168
-143
-134
-158
-195
-173
-177
-207
-194
-176
-166
-205
-204
-188
-212
-212
-215
-228
-214
-213
-237
-265
-276
-269
-292
-348
-350
-335
-312
-309
-318
-317
-293
-319
-274
-219
-259
-210
-179
-165
-143
-176
-175
-198
-192
-136
-157
-125
-99
-70
-62
-22
-18
-51
-39
13
26
37
9
42
110
103
114
66
12
-2
-19
-40
-98
-101
-145
-162
-182
-214
-194
-165
-199
-209
-149
-198
-161
-171
-115
-124
-107
-74
-76
-63
-50
24
48
15
24
101
30
-4
14
0
45
55
116
95
68
60
53
40
9
-29
-40
-36
2
26
4
25
1
-14
-15
-43
-80
-17
-19
-23
-3
-31
-7
-45
-10
0
52
107
93
167
160
210
232
217
261
260
230
296
253
284
292
251
236
218
207
220
237
205
179
148
158
154
173
144
113
106
86
90
89
39
70
22
11
14
18
12
-25
36
78
113
119
191
159
199
238
271
316
289
319
343
339
287
328
352
279
262
287
232
214
188
190
153
147
131
80
82
80
78
27
26
74
12
35
71
81
83
119
113
54
88
60
63
84
68
65
133
128
116
177
147
150
159
177
157
151
161
178
149
127
138
142
157
146
80
40
36
49
20
-7
40
65
44
56
127
81
35
43
79
54
71
132
123
149
128
103
106
76
77
54
20
22
29
75
80
80
94
62
25
32
-6
-10
28
83
90
111
122
91
71
56
25
29
16
-35
11
30
20
23
20
24
6
39
51
60
28
-51
13
28
62
105
120
110
73
52
74
82
95
65
48
11
-6
17
32
38
55
102
129
98
124
174
167
214
195
197
175
204
200
196
138
167
155
143
108
63
94
80
53
96
129
114
147
125
115
118
136
131
100
62
60
92
118
66
94
61
31
26
-9
12
13
61
41
74
74
106
143
66
79
77
67
49
54
18
36
4
-2
15
-15
3
9
42
-2
20
9
-8
3
-31
-33
-78
-30
-16
-34
-1
-72
-152
-161
-184
-169
-139
-99
-67
-30
-68
-23
16
5
52
53
25
12
0
-24
23
-7
-7
14
35
62
47
-12
-9
9
-37
-39
-4
10
-23
-16
19
-24
-42
-24
-45
-17
-47
-73
-80
-89
-96
-77
19
35
51
69
19
29
6
6
-4
-71
-95
-121
-121
-120
-96
-123
-109
-82
-95
-68
-109
-113
-145
-132
-168
-199
-202
-189
-171
-191
-155
-188
-143
-161
-157
-158
-204
-145
-166
-144
-168
-197
-240
-251
-250
-204
-176
-156
-173
-174
-130
-164
-199
-216
-158
-180
-186
-186
-143
-189
-213
-202
-179
-194
-231
-228
-268
-305
-313
-302
-286
-301
-233
-133
-122
-68
-78
-86
-135
-105
-100
-157
-181
-159
-116
-156
-150
-115
-129
-200
-198
-183
-268
-281
-182
-209
-245
-224
-223
-189
-241
-269
-283
-372
-377
-351
-303
-355
-341
-319
-268
-252
-261
-214
-216
-183
-138
-120
-115
-116
-87
-63
-111
-87
-94
-123
-85
-76
-54
-99
-151
-181
-188
-201
-263
-198
-210
-236
-250
-249
-242
-273
-319
-272
-278
-307
-283
-313
-300
-320
-299
-226
-180
-118
-78
-11
25
28
26
49
78
107
159
140
142
102
54
57
47
51
-6
-49
-33
-77
-65
-86
-126
-158
-153
-164
-126
-175
-178
-133
-201
-206
-198
-209
-190
-203
-253
-275
-264
-193
-219
-182
-145
-168
-151
-122
-68
-24
-6
45
53
89
76
88
60
16
38
-22
-30
-89
-116
-114
-157
-142
-146
-227
-278
-279
-351
-348
-272
-329
-267
-251
-255
-245
-251
-229
-244
-249
-218
-183
-184
-200
-176
-173
-186
-156
-71
-84
-90
-50
-73
-16
32
79
82
77
93
106
51
70
24
2
20
-4
-24
-84
-78
-63
-9
-121
-134
-106
-161
-179
-204
-194
-170
-166
-204
-192
-199
-208
-156
-141
-148
-180
-130
-111
-116
-153
-186
-183
-139
-110
-130
-105
-34
-32
6
-14
-33
-53
-49
-19
-1
4
-4
-5
-43
-37
-52
-80
-133
-104
-170
-153
-169
-173
-165
-188
-158
-174
-155
-138
-123
-152
-98
-91
-123
-108
-155
-164
-139
-154
-147
-180
-134
-116
-133
-102
-93
-107
-140
-126
-127
-144
-97
-64
-14
2
-7
58
35
-19
-11
-28
-52
4
-31
-10
5
-6
18
40
51
64
54
58
79
90
130
121
91
52
77
109
93
82
84
48
4
-22
-22
-29
-18
-28
-13
-13
-5
-64
-104
-103
-86
-53
-85
-63
8
-20
-54
1
41
39
33
27
-15
38
-4
30
36
51
78
87
91
117
120
129
134
138
148
107
97
93
88
61
62
22
-4
22
75
38
2
-54
-30
-69
-97
-42
-90
-106
-129
-63
-105
-57
-57
-43
35
29
58
85
119
103
136
169
207
196
207
160
154
140
112
38
35
46
41
8
29
65
13
41
14
26
43
67
72
44
46
44
75
39
-5
11
40
64
46
7
-24
-4
18
-2
67
66
49
41
86
113
136
184
150
180
148
185
171
170
205
193
183
140
139
97
103
113
152
129
99
123
147
139
98
69
84
48
30
28
10
59
34
67
85
112
120
149
134
161
207
200
223
247
270
258
246
275
319
299
346
356
321
314
351
414
346
406
399
437
423
398
460
427
392
371
368
328
272
248
238
236
202
250
239
246
281
278
238
258
249
230
286
284
303
334
365
367
393
335
323
357
418
448
492
517
558
565
554
537
566
562
515
542
474
481
476
483
460
445
430
440
412
311
312
339
344
377
379
352
379
429
425
415
390
411
386
328
331
354
372
386
423
452
434
409
417
408
435
418
464
467
473
475
463
456
409
437
429
355
334
336
349
378
430
438
421
404
446
426
459
437
419
420
429
446
417
454
396
399
377
419
455
413
443
460
405
409
403
342
338
359
340
376
385
383
364
336
269
208
206
206
206
207
207
208
235
214
217
238
226
240
261
246
221
262
254
290
269
258
287
231
266
274
296
304
328
326
325
334
348
299
204
243
203
213
180
218
220
171
191
189
205
205
240
178
207
226
220
239
243
265
250
219
269
225
173
210
203
190
214
184
189
224
222
250
200
158
172
179
193
204
225
211
185
193
165
159
167
180
172
144
151
131
101
104
56
63
81
69
92
85
57
28
69
64
59
88
87
86
86
119
118
103
114
118
79
92
69
56
24
-42
-52
-25
-6
-7
-4
-14
26
14
16
-5
0
-26
-70
-89
-47
-52
-15
-60
-45
-29
-73
-28
-71
-72
-84
-77
-64
-77
-73
-70
-91
-101
-101
-63
-80
-117
-88
-95
-52
-89
-79
-105
-92
-65
-52
-72
-98
-108
-151
-164
-98
-56
-106
-95
-121
-71
-90
-73
-19
-10
-23
-58
-36
-44
-40
-72
-59
-9
-48
-96
-58
-63
-52
-45
-71
-101
-104
-130
-161
-149
-147
-149
-145
-115
-145
-126
-115
-215
-212
-229
-225
-209
-231
-257
-268
-266
-246
-193
-194
-183
-214
-173
-152
-140
-106
-40
-77
-86
-69
-74
-75
-102
-77
-104
-89
-78
-68
-47
-45
-28
-68
-87
-101
-164
-134
-187
-204
-231
-283
-307
-305
-324
-337
-329
-376
-346
-420
-393
-362
-331
-326
-340
-333
-284
-320
-275
-223
-217
-151
-163
-78
-141
-123
-115
-114
-127
-140
-120
-109
-114
-113
-144
-177
-183
-184
-186
-254
-267
-270
-256
-252
-257
-270
-256
-287
-282
-347
-387
-345
-331
-369
-358
-331
-332
-327
-323
-289
-307
-323
-302
-217
-272
-276
-250
-226
-280
-264
-203
-205
-208
-200
-120
-161
-144
-89
-96
-153
-161
-147
-187
-202
-181
-191
-255
-288
-318
-345
-341
-362
-390
-387
-378
-384
-388
-394
-356
-341
-357
-326
-349
-398
-426
-412
-418
-457
-444
-381
-337
-376
-339
-368
-353
-303
-318
-235
-269
-280
-269
-236
-247
-267
-244
-253
-213
-225
-268
-303
-264
-264
-214
-235
-222
-174
-181
-168
-190
-194
-197
-228
-261
-232
-250
-258
-296
-286
-267
-306
-281
-237
-238
-270
-269
-278
-267
-235
-241
-249
-235
-281
-322
-259
-265
-236
-234
-247
-247
-221
-237
-229
-229
-234
-209
-235
-207
-233
-228
-247
-263
-245
-259
-294
-295
-240
-197
-240
-250
-246
-237
-228
-225
-150
-181
-182
-196
-186
-199
-156
-138
-183
-236
-251
-234
-296
-247
-257
-186
-163
-138
-151
-163
-156
-199
-165
-207
-208
-174
-190
-214
-221
-227
-201
-232
-223
-190
-178
-175
-188
-202
-204
-202
-247
-281
-263
-233
-235
-257
-274
-326
-290
-314
-306
-276
-263
-266
-186
-210
-238
-212
-178
-179
-228
-222
-299
-297
-333
-267
-255
-264
-197
-238
-238
-217
-241
-261
-287
-303
-299
-245
-225
-228
-220
-229
-216
-265
-208
-203
-200
-197
-223
-238
-217
-161
-229
-220
-226
-185
-170
-177
-194
-192
-195
-242
-255
-281
-266
-253
-264
-267
-267
-241
-202
-176
-183
-209
-160
-167
-133
-100
-127
-169
-216
-212
-271
-277
-273
-235
-246
-221
-198
-161
-157
-183
-125
-161
-159
-126
-155
-173
-189
-193
-195
-205
-179
-146
-159
-187
-156
-202
-210
-223
-241
-184
-162
-96
-97
-89
-65
-88
-44
-103
-104
-149
-225
-218
-213
-144
-126
-127
-66
-30
-23
-37
-43
-63
-56
-54
-23
-7
-12
4
-48
-107
-82
-86
-86
-38
-36
-64
-42
-87
-103
-45
-33
-3
-30
-28
-45
-64
-53
-38
-45
-56
-79
-66
-119
-159
-129
-171
-179
-150
-179
-156
-146
-94
-132
-137
-100
-90
-49
-46
-12
-27
-37
-18
-36
-64
-85
-64
-86
-105
-49
-47
-50
-34
-25
-67
-127
-70
22
39
97
67
42
48
64
45
47
28
43
-10
-86
-26
-13
-23
-33
21
40
23
89
60
27
64
98
106
91
112
177
151
110
122
70
82
104
65
13
-24
-43
-1
-69
-118
-63
-40
-30
-70
-57
-80
-63
-105
-112
-78
-110
-18
1
20
-28
-33
-14
-38
-13
9
29
20
76
94
114
136
149
104
126
110
97
92
58
40
29
14
-9
3
3
-36
-17
-8
-27
-71
-70
-25
-73
-81
-130
-121
-115
-86
-74
-37
-16
-3
25
3
-14
-33
15
36
39
44
30
51
19
27
-12
-7
-9
-27
-18
-56
-37
13
-44
-89
-102
-102
-38
-25
-49
-52
-42
-52
-106
-103
-117
-169
-156
-156
-150
-167
-183
-137
-117
-110
-113
-111
-78
-127
-97
-95
-80
-3
-5
-22
-7
-42
-43
-29
11
-9
-77
-98
-88
-79
-142
-97
-100
-81
-77
-53
-5
-28
3
40
7
50
101
68
53
54
63
60
56
41
-3
-75
-110
-96
-133
-178
-205
-199
-207
-226
-214
-194
-201
-192
-176
-191
-173
-166
-109
-119
-144
-141
-199
-202
-210
-230
-223
-200
-212
-189
-193
-157
-127
-113
-82
-58
-59
-26
-28
-43
5
-62
-91
-148
-109
-94
-202
-216
-200
-205
-207
-209
-269
-260
-320
-347
-310
-309
-231
-225
-181
-176
-169
-145
-95
-116
-118
-99
-155
-120
-109
-64
-101
-101
-53
-46
-30
-45
-56
-53
-84
-36
-74
-136
-127
-154
-165
-165
-158
-122
-112
-139
-185
-256
-213
-219
-240
-241
-234
-206
-207
-212
-197
-212
-193
-208
-249
-241
-278
-228
-219
-211
-208
-223
-244
-181
-157
-192
-187
-216
-179
-154
-164
-208
-226
-211
-185
-189
-209
-275
-308
-332
-291
-333
-314
-345
-370
-308
-344
-339
-316
-297
-246
-189
-207
-212
-217
-174
-131
-101
-105
-89
-71
-91
-94
-56
-84
-91
-129
-104
-53
-92
-89
-88
-84
-96
-126
-174
-160
-197
-208
-263
-302
-316
-287
-303
-371
-342
-351
-312
-285
-268
-232
-253
-257
-187
-175
-170
-166
-163
-174
-159
-152
-147
-162
-195
-156
-160
-191
-178
-145
-171
-130
-99
-138
-99
-100
-135
-158
-175
-207
-188
-174
-174
-154
-192
-185
-188
-132
-136
-194
-168
-152
-187
-238
-169
-167
-208
-233
-204
-250
-252
-218
-206
-216
-210
-186
-141
-151
-205
-84
-98
-124
-135
-174
-157
-156
-151
-184
-173
-162
-139
-154
-105
-83
-42
-26
-27
1
-27
-60
-45
-60
-74
-163
-157
-129
-155
-131
-144
-144
-143
-134
-140
-163
-182
-220
-276
-280
-300
-298
-292
-275
-268
-232
-218
-296
-275
-262
-272
-294
-336
-381
-329
-306
-248
-230
-254
-212
-181
-169
-201
-159
-191
-170
-128
-140
-88
-43
-39
21
0
-4
-10
-40
-3
-12
-37
-21
-3
-5
-39
-65
-100
-44
-88
-140
-75
-54
-85
-118
-123
-106
-53
-87
-46
-33
-78
-115
-88
-64
-126
-150
-141
-89
-120
-90
-94
-117
-181
-210
-211
-186
-159
-126
-57
-71
-48
-40
-33
-86
-54
-75
-120
-83
-119
-128
-113
-116
-138
-93
-109
-65
-58
-64
-19
-29
-4
-9
-41
-47
-35
-73
-24
-39
-80
-90
-137
-126
-188
-212
-207
-201
-145
-185
-191
-201
-191
-195
-196
-140
-129
-145
-112
-128
-90
-101
-97
-96
-109
-92
-78
-78
-86
-36
-49
-5
16
30
43
65
52
-15
-5
-34
-8
-20
-71
-53
-107
-60
-94
-77
-85
-143
-177
-207
-182
-189
-205
-170
-151
-141
-93
-60
-67
-59
-31
-107
-120
-107
-130
-129
-117
-67
-46
-68
-8
26
57
76
71
4
16
56
17
51
27
30
16
36
58
30
47
2
1
-41
-21
-6
-18
-13
-17
-35
-11
-47
-57
-68
-85
-101
-111
-59
-99
-30
-27
-20
-29
-7
3
-2
24
-12
-13
4
41
70
114
55
52
43
-6
39
68
51
38
19
72
34
54
60
-5
1
-20
-35
-6
-18
-66
-46
-73
-46
-73
-75
-3
10
22
33
23
101
109
36
54
40
16
29
18
63
97
42
41
46
12
22
61
46
-20
-44
-18
-44
-48
-30
-54
-68
-76
-127
-153
-114
-183
-188
-140
-138
-128
-93
-37
-40
-88
-72
-57
-53
-13
31
34
3
44
50
8
14
37
39
34
31
35
61
42
10
-25
-33
-12
-6
25
6
7
-22
-84
-98
-137
-133
-155
-215
-179
-181
-189
-185
-125
-108
-149
-165
-187
-136
-147
-144
-98
-80
-133
-112
-27
-69
-73
-48
-68
-36
-13
-16
-2
-44
11
60
47
40
106
83
71
96
72
59
7
32
-13
-16
-57
-84
-74
-79
-132
-152
-139
-203
-213
-271
-251
-269
-262
-265
-283
-254
-236
-201
-247
-224
-191
-191
-198
-177
-102
-106
-132
-89
-67
-134
-149
-144
-155
-131
-123
-132
-126
-128
-131
-137
-119
-75
-42
-38
-5
-13
-25
-27
-44
-85
-125
-99
-85
-75
-92
-63
-41
-31
-59
-92
-60
-25
-59
-21
-6
18
-1
-17
-56
-44
-34
-71
-56
-105
-113
-80
-88
-104
-137
-129
-156
-98
-45
-34
-38
-19
32
-19
19
-11
-8
-11
-43
-58
-74
-101
-82
-83
-28
-38
-71
-53
-60
-53
-64
-66
-94
-56
-49
-67
-100
-138
-137
-154
-174
-138
-159
-151
-116
-116
-133
-155
-117
-150
-194
-186
-204
-211
-145
-133
-175
-171
-188
-150
-181
-175
-119
-106
-103
-83
-61
-7
53
64
82
76
25
56
69
67
109
83
32
72
81
109
56
59
97
44
45
40
-31
-93
-43
-78
-114
-126
-99
-109
-85
-109
-93
-115
-100
-36
-42
-29
-13
-9
-9
72
72
69
104
114
91
116
117
68
82
29
99
93
123
135
132
120
35
44
37
38
8
5
-2
10
-24
-1
-25
-84
-83
-142
-118
-75
-102
-73
-62
-96
-110
-151
-129
-157
-191
-159
-117
-84
-76
-20
-24
-32
-21
5
-25
-9
7
4
61
29
36
62
45
51
24
39
39
29
-6
-23
-24
-43
-78
-99
-43
-55
-41
-31
-29
-19
-31
-21
-74
-39
-49
-74
3
38
53
41
41
-10
-54
-30
-52
-39
-49
-76
-12
22
35
97
89
87
89
63
60
58
80
62
89
123
91
96
111
108
168
186
160
147
100
99
124
103
47
52
32
13
46
31
-9
-65
-119
-100
-81
-100
-74
-99
-88
-74
-41
-2
11
-12
-5
32
15
22
24
57
78
104
75
68
82
24
49
60
62
28
29
49
40
89
111
89
112
118
124
106
135
150
84
81
60
47
-2
28
28
-3
-9
-56
-67
-74
-99
-78
-81
-30
13
22
68
40
76
69
39
59
94
108
78
96
81
70
76
41
32
17
18
17
7
42
19
-1
-2
32
47
-4
-33
-45
-29
-20
-50
-79
-45
-45
9
-15
18
72
79
61
3
40
-11
-30
1
-18
-58
-46
-69
-45
-55
-59
-45
-121
-122
-82
-75
-85
-45
-66
-38
19
-4
-21
-7
-21
-61
-89
-83
-44
-65
-134
-123
-85
-16
16
34
53
30
64
70
64
50
71
101
51
35
13
-27
-48
-49
-54
-70
-70
-65
-122
-83
-50
-74
-58
-72
-2
-12
1
55
43
3
-27
-5
7
15
39
76
22
19
13
19
43
16
63
26
-23
-45
-60
-70
-86
-135
-85
-68
-124
-128
-135
-141
-126
-210
-217
-121
-163
-153
-147
-202
-232
-220
-220
-217
-155
-184
-196
-170
-149
-115
-109
-105
-63
-50
-19
0
-64
-73
-35
-18
29
36
81
79
47
100
81
119
126
142
128
118
99
138
136
130
118
95
113
88
96
112
55
38
60
38
62
67
76
59
53
66
102
90
73
106
88
107
80
83
108
130
128
132
106
92
140
152
134
115
169
144
139
120
126
61
40
60
95
97
65
80
30
68
45
46
28
51
93
44
24
31
39
7
19
53
44
9
18
34
39
23
11
34
-10
-31
32
7
-35
-23
6
8
-22
-13
-25
-14
23
29
39
49
96
121
82
86
45
34
10
18
71
55
43
116
131
62
86
78
67
94
138
147
146
139
198
181
217
189
166
174
161
113
66
111
81
33
29
4
14
83
128
94
124
125
85
71
26
75
61
68
83
64
47
-36
-11
3
-29
1
31
45
55
53
54
10
0
5
-12
-27
-46
-67
-35
-65
-46
25
35
31
55
99
63
86
40
95
170
166
195
183
121
103
71
34
23
-9
-26
-16
4
10
81
152
126
126
148
187
153
163
181
163
127
64
71
57
37
-21
-19
-17
-25
-15
-45
-56
-34
37
14
19
39
42
40
22
20
14
-3
-8
0
-2
22
24
47
35
55
30
48
16
0
-30
-44
-5
-32
32
89
28
46
66
90
129
140
121
71
120
111
142
117
139
130
101
85
114
137
97
75
67
50
52
32
31
-2
9
12
9
32
-7
-14
-8
-14
-20
-9
-37
-2
0
-37
-68
-21
52
14
20
33
22
20
37
105
158
166
148
196
205
241
208
166
183
165
100
136
164
132
79
79
64
46
37
58
54
66
122
139
138
122
117
74
38
-25
-13
-30
-45
-60
-1
10
52
68
48
79
70
49
1
-19
9
20
-26
-10
-2
-25
-18
-42
-39
-69
-65
-29
-40
-24
-52
-98
-110
-93
-76
-66
-118
-87
-101
-168
-166
-207
-224
-236
-216
-200
-208
-168
-137
-151
-185
-74
-67
-72
-22
-60
-18
-22
4
22
11
-2
11
29
-15
-53
-57
-83
-91
-78
-116
-103
-56
-93
-54
-36
-27
-12
-38
-31
-45
-39
-46
-76
-21
-46
-29
-11
-5
0
20
74
63
86
74
81
72
58
36
24
15
20
15
-3
29
27
-43
-75
-80
-65
-80
-91
-78
-51
-35
-72
-91
-54
-68
-80
-73
-116
-119
-93
-66
-79
-88
-88
-19
-14
-2
19
25
-1
27
73
83
57
12
31
12
13
42
-2
38
-13
4
36
-29
-25
-12
-9
-38
-44
-54
-32
-46
-3
0
22
-3
-20
-51
-46
-47
-60
-53
-69
-37
-35
5
40
32
21
28
71
31
64
106
138
154
148
185
172
155
160
179
175
160
215
256
219
197
214
215
204
150
136
152
125
104
72
142
149
143
160
134
127
151
95
100
96
83
81
94
138
120
131
151
150
163
151
186
227
188
235
225
237
265
222
248
229
196
184
200
216
187
241
240
258
245
217
233
171
173
189
175
150
162
215
247
212
230
248
219
238
237
207
197
147
187
166
168
172
166
181
183
201
261
203
153
168
143
135
116
114
117
135
95
83
105
149
157
147
134
181
183
148
177
141
163
203
284
330
309
317
294
262
249
193
145
170
209
215
167
212
222
214
270
282
290
262
224
201
181
202
201
200
228
216
257
221
241
274
231
210
213
216
245
287
260
295
318
292
305
243
238
220
222
188
174
167
192
248
265
242
236
268
253
222
207
204
156
166
124
156
165
128
95
127
82
115
139
119
115
169
163
186
216
206
200
169
202
234
245
234
229
202
233
260
259
200
144
183
195
169
220
242
284
302
332
359
362
370
363
330
335
282
287
288
216
197
181
203
201
232
205
220
240
250
291
291
294
273
301
258
257
229
243
213
219
249
262
274
304
351
338
326
331
292
278
265
229
266
238
226
226
179
171
187
150
183
223
205
235
259
292
330
332
323
299
290
276
260
231
198
184
155
122
135
165
138
94
68
59
66
89
80
122
156
182
203
224
229
176
187
205
179
222
175
182
232
225
245
243
242
197
185
107
120
129
86
100
85
79
72
88
102
108
108
92
74
86
48
54
47
59
82
57
43
61
36
59
101
46
76
73
107
138
150
176
162
162
169
147
157
148
115
121
125
90
79
66
59
45
3
3
-67
-76
-45
-14
-41
-60
-12
-49
-28
20
23
10
18
31
-16
-12
22
112
49
