SAMPLES:	18040
BITSPERSAMPLE:	16
CHANNELS:	1
SAMPLERATE:	16000
NORMALIZED:	FALSE
-113
-93
-93
-99
-184
-210
-193
-225
-217
-201
-211
-248
-193
-211
-196
-224
-201
-167
-230
-177
-221
-224
-221
-212
-192
-196
-203
-222
-201
-221
-199
-238
-254
-255
-251
-195
-203
-165
-180
-228
-238
-221
-216
-202
-178
-202
-203
-259
-222
-219
-217
-184
-188
-221
-198
-159
-165
-145
-130
-107
-112
-88
-104
-117
-130
-112
-94
-104
-79
-83
-92
-115
-115
-118
-107
-125
-114
-90
-71
-50
-86
-112
-132
-109
-67
-69
-64
-73
-96
-106
-86
-37
-70
-51
-45
-60
-53
-43
-19
-26
-15
-48
-55
-101
-115
-110
-107
-107
-105
-88
-84
-90
-131
-100
-62
-84
-102
-154
-125
-104
-132
-156
-143
-135
-146
-163
-178
-152
-204
-226
-189
-211
-231
-187
-203
-151
-112
-140
-100
-91
-123
-132
-89
-99
-119
-92
-105
-91
-105
-61
-93
-118
-127
-90
-68
-73
-44
-58
-44
-51
-52
-57
-36
-35
2
-27
8
-34
-92
-97
-120
-130
-186
-178
-163
-109
-152
-88
-98
-85
-56
-106
-110
-109
-101
-111
-98
-132
-125
-148
-167
-164
-192
-119
-172
-164
-182
-161
-114
-92
3
-37
-32
-24
-22
-38
6
26
-8
30
5
-43
-41
-74
-96
-72
-82
-92
-92
-93
-69
-45
-56
-78
-8
-50
-67
12
-30
-56
-43
-30
-91
-82
-152
-210
-172
-211
-237
-259
-289
-254
-231
-231
-194
-178
-145
-123
-120
-88
-94
-97
-96
-96
-90
-124
-92
-55
-84
-64
-33
-7
67
38
23
56
47
82
66
54
116
109
62
86
79
39
87
67
28
6
-31
19
21
-22
-24
-4
2
-1
-11
-14
-44
-34
-13
-56
5
-26
-22
-38
-21
-19
-21
-81
-70
-24
-45
-32
-16
34
15
-29
-10
-75
-64
-44
-90
-81
-135
-119
-122
-123
-138
-144
-121
-48
-53
-23
-5
-72
-33
-58
-75
-126
-95
-114
-104
-36
-62
-97
-101
-54
-72
-12
27
34
50
78
83
71
120
182
155
91
98
38
10
11
1
-38
-65
-30
-58
2
-20
-23
5
-24
-15
-3
-48
-31
-58
-55
-39
-55
-77
-79
-29
-8
4
-15
-17
-23
-33
-45
-53
-75
-56
-44
-65
-22
-59
-77
-46
0
25
18
24
39
25
14
-16
-7
-8
-9
25
10
71
96
31
23
40
15
-8
-7
16
3
-15
23
-28
-11
15
-4
-2
-19
-15
-41
-30
-84
-97
-46
-27
-7
9
-4
-11
33
70
44
18
76
97
104
100
87
82
88
144
128
84
73
45
44
34
72
33
-3
4
-9
-51
-61
-79
-102
-107
-127
-109
-140
-100
-172
-198
-260
-295
-276
-288
-223
-215
-232
-240
-191
-230
-164
-144
-176
-146
-190
-205
-172
-150
-121
-103
-75
-37
-71
-85
-80
-34
-92
-66
-58
-83
-99
-148
-118
-174
-165
-163
-185
-191
-192
-157
-160
-136
-130
-106
-103
-101
-130
-89
-101
-138
-112
-140
-121
-115
-119
-136
-180
-166
-141
-140
-108
-37
-40
-64
-86
-100
-103
-53
-94
-135
-152
-170
-130
-132
-144
-144
-109
-151
-191
-214
-203
-204
-202
-200
-179
-149
-169
-148
-174
-202
-174
-182
-228
-167
-209
-267
-264
-292
-256
-290
-308
-317
-329
-361
-365
-355
-360
-357
-359
-370
-332
-271
-294
-321
-337
-322
-293
-259
-225
-202
-216
-202
-231
-235
-214
-264
-236
-235
-251
-258
-251
-191
-162
-167
-162
-169
-162
-167
-153
-123
-168
-183
-217
-239
-270
-285
-314
-315
-315
-364
-348
-369
-382
-358
-393
-339
-320
-293
-294
-310
-278
-279
-286
-307
-358
-314
-324
-311
-358
-341
-295
-275
-240
-250
-220
-190
-183
-214
-235
-204
-189
-210
-223
-212
-236
-243
-217
-219
-187
-238
-233
-231
-263
-249
-200
-198
-233
-238
-181
-190
-183
-180
-180
-203
-238
-246
-234
-229
-242
-185
-171
-147
-124
-121
-114
-117
-95
-79
-62
-70
-100
-112
-153
-155
-156
-213
-183
-218
-245
-198
-174
-194
-130
-125
-132
-132
-106
-117
-173
-103
-132
-118
-67
-45
-105
-140
-134
-229
-223
-237
-256
-228
-219
-242
-230
-194
-210
-173
-181
-219
-246
-283
-255
-204
-203
-188
-210
-191
-233
-251
-229
-236
-186
-181
-207
-194
-139
-110
-78
-72
-52
-46
-48
-20
5
30
34
57
60
94
70
64
78
49
43
1
3
16
-17
-3
-54
-92
-109
-129
-132
-120
-126
-168
-171
-156
-120
-111
-121
-148
-150
-151
-148
-118
-83
-116
-119
-81
-52
-51
-36
-71
-60
-73
-88
-83
-114
-66
-93
-84
-42
-63
-118
-80
-77
-108
-71
-39
-53
-50
-40
-41
-63
-26
-18
-26
12
48
42
17
49
25
46
25
19
9
47
49
54
58
70
61
67
32
43
58
2
11
-29
-33
-55
-83
-68
-112
-52
-135
-186
-151
-182
-133
-150
-161
-188
-168
-169
-160
-132
-129
-114
-133
-102
-89
-87
-85
-68
-26
-79
-111
-69
-35
-31
-37
-27
-8
17
49
69
57
48
39
20
22
40
39
31
-15
0
82
75
32
23
40
-7
-10
12
32
44
-6
77
86
111
94
82
56
107
117
88
64
43
60
16
21
-3
64
76
62
19
-5
11
26
93
78
55
70
79
64
86
86
25
37
36
75
129
70
31
77
103
102
75
91
60
32
51
45
49
49
61
77
68
69
44
25
24
19
44
62
79
60
33
106
64
77
76
98
37
35
83
77
94
90
114
112
126
137
138
135
145
91
83
111
128
92
100
131
111
74
30
-15
-24
-11
-1
-23
34
30
37
19
-17
-17
-80
-70
-30
-37
-34
-9
29
45
45
59
20
51
5
38
75
35
78
84
72
80
103
127
158
97
30
74
66
26
118
161
151
140
158
162
173
176
147
96
103
79
89
84
69
45
38
18
-31
-38
-67
-41
-59
-52
-76
-69
-26
-30
-15
-9
-11
-82
-87
-81
-30
-35
-32
-6
-64
-49
-53
-47
-61
-40
-13
-26
5
-4
-10
-46
-38
-39
-58
-14
-14
-40
-53
-72
-116
-132
-176
-151
-145
-151
-181
-174
-198
-237
-124
-151
-144
-126
-120
-94
-88
-86
-105
-112
-86
-112
-107
-98
-88
-77
-98
-80
-103
-105
-114
-103
-80
-131
-134
-96
-117
-125
-92
-86
-97
-113
-104
-138
-163
-153
-151
-129
-67
-67
-104
-57
-31
-48
13
-8
16
14
-37
-21
-53
3
-43
-21
-59
-82
-79
-105
-123
-142
-155
-192
-177
-129
-144
-134
-124
-105
-78
-34
-22
-23
-43
-114
-84
-139
-167
-137
-114
-99
-125
-111
-79
-68
-64
-86
-88
-109
-71
-71
-1
-26
16
5
-56
-27
-41
-40
-60
-101
-123
-115
-98
-105
-67
-27
-64
-79
-131
-122
-121
-135
-129
-140
-82
-36
-45
10
28
-8
19
23
20
46
54
81
99
117
128
102
91
78
43
25
4
-29
-25
-37
-50
-58
-69
-58
-73
-61
-62
-92
-107
-109
-99
-71
-45
-57
-54
-39
-112
-189
-175
-163
-155
-134
-154
-152
-158
-129
-128
-101
-105
-123
-53
-66
-61
-65
-80
-118
-99
-100
-84
-88
-84
-123
-127
-80
-94
-68
-8
-11
-6
-10
19
39
-37
-15
35
49
72
75
90
105
109
98
79
103
108
78
47
33
-11
-31
3
-5
17
6
33
24
46
14
48
52
20
50
93
106
52
72
55
15
-23
-2
-28
-13
-7
-8
-11
-34
-17
1
8
30
11
0
10
0
-5
13
-12
5
55
1
-7
14
22
53
97
76
96
66
56
44
61
84
44
69
56
36
18
18
45
6
-7
6
44
45
43
51
52
113
117
35
39
43
78
91
85
34
16
27
-3
35
69
92
57
42
41
45
3
53
54
22
15
54
44
5
14
5
15
-4
-14
45
70
95
123
75
59
117
111
88
67
56
38
4
3
28
15
22
30
41
46
49
70
23
93
129
91
70
63
33
-26
-58
-50
-35
-6
-4
24
54
69
120
128
106
86
103
75
127
153
119
84
62
45
58
46
14
51
25
48
47
19
25
48
36
55
86
66
27
21
-4
2
10
-52
-53
-63
-103
-115
-118
-121
-72
-49
-42
-59
-49
-37
-28
-30
-53
14
-11
-34
-7
-51
-37
-9
-41
-37
-16
10
5
19
24
14
42
48
25
9
-35
-34
-33
-30
-39
-69
-6
-10
-45
-67
-19
-3
-22
-48
-82
-87
-84
-56
-55
-71
-91
-85
30
28
25
23
13
25
-9
1
1
-8
-7
-26
-25
-46
-60
-107
-144
-132
-134
-70
-42
-19
33
70
104
127
91
102
72
40
51
23
13
5
-7
-43
-47
-72
-108
-82
-78
-59
-63
-72
-11
10
14
3
6
-25
-80
-90
-131
-143
-112
-140
-116
-166
-176
-194
-196
-184
-179
-152
-111
-73
-74
-72
-71
-28
-17
-45
-47
-85
-101
-55
-61
-42
-36
-49
-11
28
17
-21
-19
-36
-53
-65
-50
-85
-108
-128
-97
-75
-96
-62
-63
-47
-31
-76
-59
-60
-33
6
-14
14
5
-14
-29
-7
9
-16
-27
-14
-25
-10
-5
-27
-43
-37
-49
-12
9
-17
24
35
12
60
69
74
84
117
87
64
74
46
38
31
9
-3
14
27
75
119
110
132
182
141
158
122
118
142
101
110
84
99
137
141
108
78
34
42
61
34
63
66
70
72
85
64
54
64
80
109
52
49
66
104
72
78
120
155
160
171
190
178
166
130
108
105
81
66
89
102
143
140
110
176
225
225
206
217
223
202
161
99
102
101
143
138
100
96
88
86
103
90
76
98
93
108
139
107
132
107
114
140
94
58
27
15
4
37
60
103
102
103
131
98
168
170
166
159
183
188
153
156
104
83
112
136
154
179
207
219
185
165
170
203
226
213
230
240
211
194
196
181
154
109
92
118
150
121
166
159
170
219
149
217
204
177
182
214
221
241
242
185
142
176
207
222
251
205
244
239
199
243
219
225
227
202
242
223
205
211
157
143
181
176
180
211
212
204
234
207
174
199
201
204
154
146
106
78
91
87
79
93
102
104
123
119
103
90
135
136
126
114
114
113
132
97
134
148
172
127
83
139
132
180
169
179
153
166
195
191
158
174
195
182
199
228
189
180
189
200
195
171
183
172
150
133
119
62
32
33
57
89
68
42
86
79
76
66
25
39
76
48
70
113
120
130
173
229
223
222
224
197
218
264
258
257
297
321
276
254
224
213
163
188
159
200
205
156
182
208
165
177
232
220
184
183
141
114
112
75
56
25
-19
-35
-33
-55
-39
-42
-13
33
47
132
161
213
217
244
250
246
248
266
248
255
265
241
238
260
318
308
343
299
296
330
302
270
291
324
330
295
330
299
228
234
245
239
244
254
249
201
206
196
192
183
166
192
191
215
203
187
209
177
212
213
206
192
194
172
200
228
223
187
176
202
154
178
183
256
215
221
205
223
261
248
276
307
330
289
312
309
305
292
303
269
280
293
254
288
279
267
280
278
280
297
279
275
257
280
251
294
275
238
251
222
261
245
240
217
213
216
251
219
267
276
285
300
336
322
259
293
273
242
242
215
220
238
247
204
205
194
151
118
120
144
151
174
159
172
154
132
128
58
73
62
23
89
89
48
54
83
68
65
67
77
118
88
75
56
24
65
63
25
31
32
59
109
62
84
105
98
138
139
148
126
97
140
163
163
161
145
183
191
199
178
189
154
217
205
202
266
215
185
177
172
188
182
197
201
179
199
202
182
161
117
107
71
62
104
106
104
124
125
142
127
101
92
89
78
66
67
65
60
48
68
57
92
91
77
102
149
170
185
215
223
249
189
200
207
181
186
200
161
178
129
120
178
138
144
120
102
119
128
149
140
153
131
110
65
70
63
60
99
52
76
77
112
120
169
215
191
181
229
242
239
262
264
272
243
242
228
188
175
204
156
205
242
225
228
252
210
179
255
252
285
263
274
275
294
336
321
277
285
255
235
292
224
220
245
284
267
244
323
342
339
359
357
347
370
341
361
390
356
315
308
252
246
268
228
214
161
191
196
231
272
292
305
324
298
277
253
261
269
294
312
336
386
352
337
360
405
423
409
452
461
436
393
348
373
386
412
394
393
434
437
386
374
382
381
360
355
337
331
358
326
355
340
371
380
355
391
362
347
362
397
349
374
391
375
405
421
411
423
406
374
425
452
485
483
452
476
472
483
455
475
473
481
499
511
481
476
520
527
549
521
483
490
523
500
493
455
458
422
391
422
409
429
447
414
392
392
370
358
385
413
399
374
377
393
457
464
448
425
436
437
458
456
464
439
394
418
475
440
448
489
468
507
515
494
501
555
519
504
550
509
561
546
538
546
538
497
509
544
497
490
438
452
434
423
427
394
357
388
375
392
371
427
376
386
426
396
348
338
403
359
395
380
446
517
526
503
465
480
459
482
455
432
474
478
462
443
406
436
429
402
416
392
376
377
408
413
399
437
435
384
382
350
357
369
351
347
363
337
325
348
319
356
335
317
313
341
359
342
316
333
323
336
292
271
292
303
336
315
373
335
370
378
332
360
365
391
374
351
341
329
300
381
367
360
365
333
338
340
326
326
301
321
348
320
363
291
260
241
225
214
226
277
244
251
225
207
187
220
241
204
180
141
130
127
170
161
185
157
179
145
124
140
150
148
163
207
204
217
190
173
158
143
128
119
140
168
155
181
195
170
172
183
126
147
156
156
170
168
149
154
169
164
131
91
103
34
70
103
89
82
91
67
64
71
124
121
67
21
32
40
25
52
58
73
23
34
-3
-11
-15
-4
-65
-76
-66
-80
-42
-30
-55
-32
-26
-26
-48
-60
-52
-77
-60
-62
-76
-90
-83
-111
-106
-100
-162
-169
-164
-146
-156
-132
-161
-124
-78
-93
-90
-102
-112
-96
-98
-121
-118
-125
-108
-103
-93
-124
-129
-122
-122
-121
-88
-97
-49
-83
-79
2
11
34
23
42
11
41
16
-19
-38
-51
-6
-59
-64
13
21
15
-3
44
74
58
91
39
3
41
-11
-12
-37
-90
-88
-149
-184
-201
-244
-203
-164
-184
-220
-255
-269
-239
-270
-256
-285
-292
-248
-209
-220
-219
-185
-228
-223
-249
-235
-222
-198
-200
-188
-153
-117
-119
-70
-41
-54
-47
-66
-28
-31
-56
-37
-4
-6
-15
-28
-87
-80
-72
-94
-79
-124
-159
-150
-170
-142
-166
-189
-120
-71
-65
-84
-80
-92
-132
-141
-134
-200
-200
-190
-147
-179
-183
-189
-170
-173
-226
-202
-235
-198
-214
-225
-165
-169
-170
-183
-170
-211
-236
-260
-296
-317
-302
-272
-244
-227
-214
-210
-222
-206
-234
-197
-233
-227
-178
-167
-178
-160
-157
-208
-204
-185
-250
-275
-205
-175
-218
-228
-178
-232
-212
-278
-269
-255
-331
-356
-367
-411
-442
-449
-412
-407
-441
-404
-367
-337
-361
-326
-309
-254
-248
-205
-173
-214
-231
-221
-169
-164
-181
-202
-219
-193
-202
-251
-170
-168
-172
-179
-154
-166
-158
-134
-146
-98
-108
-100
-155
-181
-169
-230
-252
-264
-327
-301
-284
-316
-353
-382
-337
-335
-395
-412
-426
-361
-361
-317
-331
-310
-306
-295
-262
-257
-239
-241
-245
-286
-274
-278
-238
-272
-258
-247
-279
-290
-219
-230
-198
-156
-190
-196
-194
-168
-198
-211
-196
-163
-177
-138
-188
-215
-171
-223
-246
-218
-224
-250
-185
-229
-247
-232
-255
-211
-241
-229
-241
-217
-208
-220
-262
-286
-288
-302
-298
-318
-307
-284
-287
-287
-301
-264
-209
-175
-214
-235
-205
-170
-102
-140
-130
-178
-180
-164
-218
-236
-236
-243
-222
-262
-268
-255
-275
-271
-247
-254
-194
-214
-183
-143
-203
-154
-137
-143
-98
-111
-119
-109
-149
-165
-165
-175
-170
-145
-130
-120
-111
-111
-91
-76
-89
-157
-137
-65
-85
-107
-101
-73
-37
-76
-71
-102
-131
-98
-117
-130
-123
-152
-134
-136
-197
-231
-206
-188
-181
-183
-165
-151
-139
-178
-149
-149
-134
-131
-158
-120
-121
-67
-113
-72
-41
-30
-60
-52
-55
-87
-130
-132
-118
-156
-97
-98
-111
-74
-121
-146
-106
-130
-52
-63
-41
-76
-86
-69
-110
-43
-35
-47
-15
-19
-43
-3
11
3
-17
-54
-52
-40
-36
-37
-53
-32
-53
-56
-35
-34
-49
-24
-22
-20
2
-2
9
-3
-3
31
52
5
-25
-20
-19
12
8
-34
-24
-51
-54
-12
6
8
13
-18
-64
-39
-43
-26
-64
-79
-83
-73
-3
-15
38
48
38
61
72
47
67
82
93
106
98
48
5
36
1
8
8
-57
-44
-83
-44
23
-36
-19
-16
12
4
2
1
38
-8
38
14
-16
29
-11
-65
-52
-27
-26
-16
-12
50
41
56
30
66
67
30
42
52
43
46
44
47
113
125
156
99
109
133
118
132
105
108
90
8
51
63
-14
-43
-55
-48
-46
-46
-31
-24
-42
-45
-48
-66
-45
-20
-10
-16
-49
-49
-43
-26
4
-11
-22
-31
-26
4
40
63
73
88
82
108
115
97
103
72
20
1
-62
-17
-76
-68
-30
-44
-36
-43
21
70
84
59
69
45
-6
6
18
-35
-37
-44
-23
-27
-30
-74
-96
-41
-75
-49
-92
-50
-54
-62
-90
-82
-64
-54
-20
-76
-84
-85
-99
-130
-153
-195
-194
-150
-146
-141
-151
-113
-124
-163
-107
-115
-114
-136
-191
-204
-215
-217
-176
-204
-171
-181
-167
-115
-168
-125
-107
-106
-120
-103
-106
-84
-87
-152
-145
-135
-89
-70
-99
-112
-151
-161
-172
-226
-215
-225
-231
-212
-167
-187
-181
-184
-234
-254
-283
-307
-334
-343
-397
-417
-418
-419
-437
-400
-426
-447
-383
-410
-385
-343
-323
-279
-293
-269
-263
-261
-245
-264
-273
-288
-295
-320
-340
-364
-400
-366
-358
-405
-384
-331
-356
-370
-330
-309
-294
-277
-259
-229
-242
-255
-262
-258
-267
-302
-305
-336
-347
-334
-311
-318
-337
-296
-278
-311
-364
-346
-331
-309
-289
-290
-318
-299
-300
-315
-309
-309
-298
-318
-299
-312
-311
-290
-306
-323
-347
-313
-291
-320
-262
-249
-281
-248
-241
-227
-229
-267
-305
-339
-321
-319
-293
-326
-338
-324
-331
-306
-357
-366
-374
-356
-341
-330
-305
-326
-351
-328
-333
-336
-324
-312
-300
-305
-293
-249
-210
-230
-251
-232
-217
-238
-228
-203
-205
-209
-188
-207
-233
-231
-216
-196
-224
-217
-206
-209
-227
-217
-214
-178
-183
-204
-230
-181
-190
-229
-243
-285
-265
-302
-315
-346
-341
-292
-313
-303
-286
-279
-294
-278
-241
-276
-264
-267
-312
-309
-318
-329
-320
-305
-334
-321
-320
-306
-334
-328
-288
-330
-352
-300
-323
-286
-284
-300
-262
-219
-175
-179
-220
-242
-189
-193
-184
-180
-231
-247
-273
-232
-190
-221
-251
-261
-234
-216
-201
-193
-181
-169
-158
-141
-149
-135
-137
-192
-205
-205
-221
-221
-232
-206
-224
-274
-220
-241
-213
-261
-289
-255
-273
-245
-252
-276
-229
-221
-211
-212
-205
-217
-209
-221
-239
-289
-273
-291
-262
-196
-186
-124
-121
-103
-117
-88
-94
-120
-156
-162
-194
-195
-198
-199
-186
-184
-211
-209
-192
-194
-173
-236
-181
-150
-162
-121
-114
-134
-157
-147
-158
-146
-130
-191
-213
-113
-90
-119
-104
-101
-86
-66
-66
-8
21
21
18
42
26
15
37
-45
-29
-71
-77
-57
-71
-84
-78
-65
-127
-116
-96
-110
-112
-73
-70
-49
-44
-49
-22
-30
-38
-50
-79
-78
-70
-68
-49
-85
-116
-120
-124
-112
-60
-91
-82
-40
-69
-81
-90
-95
-104
-114
-107
-147
-152
-131
-172
-171
-150
-165
-146
-150
-122
-143
-180
-174
-176
-215
-228
-168
-238
-274
-215
-205
-184
-191
-128
-122
-156
-140
-119
-125
-134
-74
-65
-58
-30
-67
-68
-32
-68
-85
-68
-88
-79
-59
-82
-69
-78
-112
-73
-70
-40
18
-12
-19
-43
-65
-72
-98
-92
-196
-266
-289
-285
-336
-286
-279
-297
-266
-279
-228
-248
-249
-273
-257
-214
-243
-270
-249
-260
-259
-271
-259
-229
-265
-291
-304
-326
-283
-323
-351
-282
-289
-269
-257
-236
-223
-213
-165
-123
-155
-158
-209
-217
-206
-214
-204
-247
-212
-164
-165
-149
-156
-173
-229
-217
-222
-233
-203
-257
-278
-207
-249
-264
-253
-237
-213
-224
-192
-205
-166
-170
-184
-216
-185
-212
-241
-239
-220
-245
-254
-234
-266
-254
-221
-257
-288
-283
-279
-267
-268
-264
-284
-261
-241
-240
-225
-257
-281
-317
-347
-307
-280
-272
-261
-232
-218
-236
-220
-238
-216
-204
-215
-248
-234
-257
-289
-289
-281
-264
-301
-207
-195
-177
-160
-192
-205
-194
-171
-197
-200
-253
-239
-234
-249
-218
-230
-262
-284
-293
-279
-269
-315
-280
-296
-272
-236
-257
-253
-247
-224
-216
-179
-186
-173
-200
-218
-163
-139
-152
-184
-136
-127
-130
-78
-143
-153
-172
-160
-177
-250
-196
-218
-189
-170
-149
-136
-133
-133
-120
-95
-105
-114
-125
-137
-170
-141
-126
-135
-140
-188
-229
-217
-209
-209
-217
-166
-143
-139
-173
-158
-114
-138
-136
-163
-145
-140
-166
-139
-145
-139
-134
-175
-168
-181
-204
-186
-164
-238
-209
-184
-169
-199
-149
-170
-171
-134
-141
-116
-164
-149
-132
-148
-168
-159
-177
-195
-185
-153
-191
-133
-162
-184
-146
-85
-99
-100
-115
-144
-117
-95
-43
-53
-80
-63
-51
-80
-112
-90
-110
-89
-125
-161
-135
-121
-64
-81
-63
-114
-132
-109
-101
-89
-79
-55
-56
-73
18
17
14
55
16
45
22
-13
-32
-19
-73
-85
-91
-154
-146
-142
-115
-122
-131
-99
-70
-83
-100
-89
-106
-96
-114
-100
-90
-97
-135
-137
-92
-107
-120
-156
-133
-114
-84
-107
-120
-116
-67
-50
-60
-61
-110
-98
-83
-117
-138
-90
-91
-110
-175
-193
-225
-173
-133
-171
-137
-89
-27
-37
-35
-25
-61
-87
-64
-55
-43
-19
-30
18
-17
-17
-14
-32
-64
-67
-46
-58
-28
-14
12
19
28
1
21
51
-3
30
25
0
8
-31
-13
-41
-34
-31
-82
-48
-78
-76
-114
-95
-80
-64
-49
-44
-6
-19
-18
-61
-48
-43
-28
-19
-47
-69
-54
-20
-47
-95
-28
-69
-108
-92
-102
-80
-51
-34
-53
-119
-138
-110
-89
-46
-109
-132
-81
-75
-69
-17
-7
-1
-25
-40
-17
13
-11
16
17
-7
14
36
26
46
54
37
68
90
144
117
88
85
87
68
89
66
69
41
71
125
137
102
87
149
57
32
54
58
88
58
89
45
78
94
77
112
64
58
78
107
124
128
103
84
68
94
48
21
2
-24
-5
-31
-10
57
60
81
93
104
152
190
197
164
166
196
190
201
186
203
163
173
135
134
117
127
155
150
201
199
300
291
272
256
259
249
226
228
216
212
202
220
166
201
194
121
114
120
136
144
170
170
214
234
273
273
255
262
288
271
259
296
255
247
280
270
246
222
193
122
133
161
162
177
172
169
235
217
233
200
171
175
188
168
126
139
176
225
237
286
225
230
209
169
170
152
182
178
150
170
202
246
188
171
191
195
187
176
166
171
179
188
236
202
191
184
175
162
168
184
194
243
242
204
170
173
209
218
230
210
236
224
222
230
194
167
180
181
177
146
161
193
155
182
198
159
157
152
134
94
75
111
122
119
93
63
84
97
63
64
104
142
144
76
101
123
99
104
125
121
64
105
136
107
94
80
71
91
50
73
123
100
127
134
154
170
162
209
187
191
168
157
155
96
85
70
40
1
-22
-33
19
77
127
146
121
116
120
90
85
117
155
123
62
82
90
80
87
101
55
16
76
97
109
103
122
155
115
118
104
122
103
86
114
74
73
69
102
76
119
126
120
139
73
80
79
95
125
70
25
26
54
38
68
42
61
55
1
36
10
77
42
16
54
46
11
25
-30
-36
-33
-27
1
-14
55
28
14
24
67
31
18
44
-3
15
-9
26
-1
20
-18
-37
-28
-8
7
-34
-22
16
18
15
64
37
28
8
39
75
54
63
-1
-62
-85
-97
-74
-63
-71
-119
-153
-201
-167
-162
-182
-137
-147
-118
-83
-75
-37
-44
-48
-23
-6
-12
-40
-59
-39
-60
-34
28
8
-5
4
20
62
7
-52
46
11
-18
-1
-8
-15
-22
29
42
49
18
36
56
43
31
32
40
11
5
-16
-19
-33
-48
-4
19
69
45
-1
23
25
-16
-18
1
-34
-16
-10
13
10
13
-2
2
30
19
13
20
-15
-46
-20
-4
-37
-34
-20
-40
-8
-32
1
-26
-24
-5
2
24
64
25
28
37
79
135
89
74
83
41
66
68
0
1
38
37
-1
14
-66
-61
-56
-88
-125
-91
-58
-27
13
-11
-10
26
89
58
82
71
103
82
101
101
94
120
113
121
124
159
135
130
146
178
126
108
92
101
94
71
62
106
103
96
84
80
52
55
100
79
80
76
107
99
79
64
101
151
123
146
144
113
91
133
140
97
85
49
40
61
108
84
83
92
37
51
44
58
82
28
38
33
16
35
55
42
47
115
177
190
194
202
224
241
218
236
263
270
231
239
207
208
260
223
207
202
190
161
176
173
155
170
113
160
157
111
156
151
116
119
122
137
128
57
69
50
74
83
79
119
109
78
91
135
109
127
134
122
169
153
160
189
149
148
133
138
136
134
158
125
159
166
165
182
151
117
143
152
123
95
112
96
31
-1
11
18
28
70
86
97
79
128
119
95
86
92
135
72
95
92
57
97
74
62
60
47
86
107
102
102
118
132
117
114
105
93
57
86
61
82
141
119
89
90
114
91
66
100
96
89
91
99
172
107
101
104
129
164
119
94
127
144
117
68
86
70
89
91
90
97
55
35
15
51
47
67
96
121
47
99
96
60
74
76
102
36
40
43
63
71
87
47
124
141
104
86
84
70
9
-1
23
20
18
16
16
-2
-20
-11
1
22
-30
-5
-14
41
9
-28
12
7
6
-37
-24
-8
-19
-7
-1
-26
-48
-43
-11
-11
38
55
20
41
40
17
13
21
11
24
17
12
51
7
-26
10
11
7
-10
-49
-55
-60
-54
0
-10
-60
-23
-43
-27
-14
27
5
9
-6
-26
-24
-49
-106
-89
-16
-47
-62
-75
-76
-118
-144
-81
-94
-135
-120
-90
-95
-94
-94
-127
-131
-111
-67
-76
-142
-113
-63
-58
-56
-44
-74
-47
-69
-135
-90
-70
-121
-107
-63
-66
-80
-57
-42
-45
-54
-54
-2
16
30
17
-14
-46
-1
34
9
-12
-31
-37
-38
-70
-116
-115
-139
-148
-112
-99
-52
-64
-60
-77
-89
-91
-96
-58
-67
-123
-91
-104
-114
-79
-57
-12
-77
-64
-22
-39
-58
-66
-70
-49
-64
-120
-56
-78
-117
-117
-135
-153
-150
-161
-239
-259
-245
-245
-214
-210
-180
-228
-241
-191
-232
-217
-166
-153
-147
-184
-193
-153
-187
-184
-155
-137
-183
-175
-139
-140
-180
-146
-182
-181
-184
-202
-119
-165
-147
-160
-168
-168
-147
-191
-153
-136
-184
-199
-197
-156
-124
-149
-111
-145
-151
-220
-203
-134
-173
-185
-178
-159
-92
-103
-97
-88
-103
-82
-43
-16
-24
-41
-54
-84
-185
-161
-181
-183
-169
-238
-204
-150
-201
-247
-218
-195
-234
-238
-227
-236
-254
-291
-238
-201
-302
-287
-217
-232
-182
-198
-235
-276
-297
-286
-280
-285
-285
-303
-265
-233
-211
-212
-237
-264
-291
-288
-306
-208
-184
-233
-187
-185
-157
-243
-289
-263
-286
-273
-251
-251
-288
-258
-251
-241
-226
-198
-228
-236
-208
-218
-149
-143
-189
-204
-230
-304
-291
-303
-291
-260
-298
-257
-264
-316
-291
-219
-210
-245
-262
-279
-262
-233
-164
-179
-188
-206
-186
-195
-168
-131
-248
-215
-184
-210
-271
-235
-244
-239
-215
-233
-200
-248
-259
-258
-230
-214
-213
-258
-276
-251
-249
-238
-214
-222
-274
-211
-218
-255
-258
-246
-250
-224
-188
-215
-129
-184
-236
-192
-162
-160
-170
-191
-163
-135
-196
-180
-158
-164
-220
-242
-231
-181
-211
-238
-213
-222
-269
-294
-293
-266
-309
-294
-295
-305
-283
-328
-282
-286
-290
-311
-339
-262
-298
-359
-293
-234
-270
-317
-284
-236
-223
-256
-299
-240
-194
-195
-142
-128
-178
-160
-108
-129
-146
-138
-99
-81
-195
-208
-203
-279
-232
-277
-319
-277
-233
-272
-286
-272
-285
-275
-288
-260
-306
-240
-241
-250
-254
-252
-239
-257
-289
-269
-227
-254
-275
-288
-243
-261
-254
-230
-266
-266
-232
-255
-224
-205
-205
-204
-236
-234
-213
-243
-270
-239
-258
-224
-204
-200
-185
-209
-190
-221
-238
-214
-242
-222
-202
-174
-191
-215
-239
-229
-224
-234
-243
-288
-271
-233
-234
-236
-199
-171
-174
-204
-194
-147
-176
-179
-186
-206
-210
-222
-237
-260
-289
-353
-374
-337
-350
-393
-434
-303
-321
-306
-267
-300
-219
-225
-213
-223
-216
-215
-257
-289
-298
-281
-254
-235
-243
-239
-231
-253
-210
-270
-302
-233
-221
-228
-251
-256
-273
-349
-389
-345
-336
-360
-411
-390
-358
-317
-346
-383
-375
-351
-388
-336
-340
-361
-326
-337
-294
-283
-263
-289
-290
-281
-205
-190
-245
-212
-195
-191
-207
-173
-187
-216
-274
-264
-265
-261
-295
-216
-203
-273
-264
-218
-218
-283
-242
-218
-219
-240
-251
-268
-273
-284
-246
-230
-246
-225
-255
-261
-287
-275
-232
-215
-162
-161
-169
-219
-172
-164
-184
-171
-222
-258
-242
-278
-321
-291
-289
-296
-300
-272
-287
-322
-316
-339
-304
-327
-344
-308
-373
-365
-378
-387
-415
-431
-409
-381
-360
-355
-302
-291
-313
-250
-248
-247
-193
-189
-113
-101
-98
-129
-127
-124
-121
-142
-137
-183
-201
-213
-199
-163
-228
-271
-222
-230
-264
-220
-206
-194
-165
-138
-137
-110
-113
-127
-177
-169
-154
-211
-221
-209
-162
-193
-226
-179
-221
-209
-221
-230
-216
-182
-188
-210
-176
-190
-177
-231
-218
-207
-219
-221
-226
-221
-263
-253
-277
-279
-267
-264
-267
-247
-245
-233
-164
-201
-179
-187
-119
-110
-156
-155
-244
-297
-341
-323
-310
-258
-272
-309
-289
-259
-267
-292
-285
-321
-320
-276
-281
-282
-276
-278
-251
-190
-273
-238
-241
-252
-246
-315
-271
-253
-220
-182
-204
-228
-182
-185
-162
-190
-206
-222
-232
-201
-231
-191
-179
-195
-149
-180
-201
-219
-192
-168
-162
-151
-158
-183
-201
-146
-207
-215
-217
-209
-191
-179
-174
-171
-144
-232
-217
-187
-180
-253
-225
-171
-137
-192
-230
-208
-171
-92
-102
-91
-106
-137
-116
-110
-158
-161
-154
-160
-152
-186
-185
-193
-179
-138
-157
-102
-113
-85
-84
-110
-100
-100
-145
-153
-141
-165
-123
-148
-117
-138
-192
-184
-182
-155
-150
-126
-101
-79
-70
-66
-94
-116
-168
-174
-164
-146
-198
-171
-160
-188
-177
-146
-187
-213
-188
-138
-143
-193
-211
-211
-179
-224
-209
-177
-192
-185
-167
-150
-153
-158
-101
-76
-67
-99
-105
-89
-93
-101
-114
-94
-48
-15
-1
9
30
26
18
64
65
52
26
27
27
4
-1
-9
-28
-75
-97
-120
-87
-92
-100
-89
-140
-107
-132
-130
-107
-71
-19
-29
-52
-47
-17
-56
-30
-77
-27
17
-23
-15
-22
-13
-62
-56
-23
-40
-49
-95
-75
-43
-19
-25
-58
-53
-36
-39
-31
-52
-42
-38
-54
-96
-63
-49
-30
-36
-71
-84
-118
-149
-174
-178
-154
-158
-194
-205
-215
-175
-173
-174
-191
-174
-146
-153
-98
-75
-50
-73
-103
-59
-17
-61
-59
20
12
15
62
81
54
60
59
92
138
72
69
62
61
33
39
23
0
-35
-61
-42
-36
-58
-63
-56
-70
-94
-91
-105
-76
-99
-90
-41
-16
8
-26
-27
7
-25
-48
-18
-36
-58
-127
-123
-82
-87
-103
-89
-27
-22
-46
7
3
-10
-2
11
67
11
-1
-7
0
-17
-58
-33
-20
-74
-55
-47
-70
-64
-63
-97
-113
-91
-83
-67
-78
-60
-86
-60
-12
-32
-40
-17
31
38
65
88
17
50
22
21
82
99
127
111
170
184
144
102
101
84
50
22
32
36
-25
-60
-37
-68
-138
-134
-109
-110
-73
-76
-97
-138
-142
-89
-95
-105
-84
-109
-119
-104
-110
-92
-106
-78
-81
-94
-145
-138
-135
-130
-150
-121
-124
-170
-117
-122
-97
-72
-49
-30
-41
-4
-35
-59
-54
-62
-84
-109
-112
-117
-103
-121
-72
-19
18
-30
-35
-41
-40
-71
-154
-96
-118
-171
-151
-143
-119
-148
-162
-135
-148
-174
-182
-185
-198
-204
-152
-114
-134
-201
-161
-187
-130
-155
-165
-166
-153
-127
-146
-175
-163
-136
-150
-155
-168
-143
-192
-178
-153
-97
-86
-85
-53
-5
-28
7
15
-33
-44
-38
-68
-77
-53
-100
-57
-71
-107
-85
-62
-16
-43
-44
-23
-8
-10
28
38
39
-4
-50
-26
-48
-19
-62
-88
-101
-99
-38
-20
-36
-68
-28
-35
-62
-34
-66
-107
-124
-121
-113
-98
-98
-164
-185
-156
-163
-150
-158
-164
-191
-186
-144
-185
-163
-114
-106
-127
-91
-110
-117
-123
-168
-143
-138
-144
-91
-60
-38
-15
12
14
51
45
36
39
1
16
31
0
27
21
2
66
26
-10
-30
-57
-58
-27
3
21
-25
-84
-43
-49
-102
-66
-70
-109
-178
-192
-178
-166
-195
-200
-132
-84
-87
-143
-96
-71
-26
-73
-83
-70
-141
-46
-48
-87
-75
-130
-55
-25
-59
-37
-18
-35
-59
-29
19
-39
-22
21
-7
-14
-53
-79
-113
-138
-143
-152
-137
-101
-117
-94
-62
-59
-34
1
43
81
38
28
-2
-1
35
27
35
14
12
-17
-14
35
36
54
28
38
29
-19
7
22
-13
9
42
64
38
32
38
-36
-30
-70
-35
-52
-66
-70
-51
-39
-8
8
8
20
5
40
58
46
60
68
67
26
-17
26
2
30
15
-11
64
89
89
88
78
58
57
93
71
83
139
178
146
67
51
58
98
91
116
150
137
171
167
161
162
147
113
113
149
112
72
54
53
50
44
37
48
53
61
35
-10
38
82
104
42
53
134
106
76
15
-1
-45
-6
18
-13
19
69
45
54
54
107
218
211
219
211
228
210
243
221
236
197
179
200
192
163
102
108
85
111
75
68
76
49
43
19
-7
39
14
1
15
16
0
-20
25
34
-3
-2
-41
8
5
23
6
-17
62
110
133
133
163
216
214
170
162
169
132
166
162
154
118
140
182
143
109
42
87
76
42
52
80
125
146
121
126
72
55
70
80
120
101
125
155
165
156
177
146
67
62
53
70
75
55
48
95
83
48
82
140
81
51
79
117
135
86
119
165
228
204
223
262
207
164
201
181
153
138
187
172
167
178
176
178
171
174
155
206
193
248
250
278
288
291
283
261
270
265
266
273
238
225
204
151
143
127
97
131
151
115
195
181
165
223
205
232
261
236
236
225
178
222
209
175
187
160
164
187
158
144
127
93
188
160
142
199
189
174
177
156
177
181
190
166
152
109
74
118
82
90
94
91
99
23
34
61
81
57
86
148
183
224
245
187
210
231
245
224
176
217
143
184
216
177
185
191
195
228
224
188
215
228
241
236
232
276
274
275
279
240
223
224
216
247
253
227
211
252
252
200
222
186
181
225
208
240
219
194
184
175
172
132
153
105
120
128
67
95
89
131
133
138
94
110
136
112
107
118
135
101
150
151
167
156
131
146
209
221
213
216
236
255
295
269
272
311
252
258
227
171
196
134
99
101
72
93
113
170
180
164
175
212
206
192
307
318
289
307
294
270
297
290
268
297
269
240
192
231
196
213
256
174
208
134
108
171
157
188
168
216
199
141
151
143
95
54
78
56
78
60
37
62
88
70
115
101
64
112
97
122
117
160
196
107
75
72
17
81
104
74
60
78
115
67
82
133
159
157
145
126
140
145
137
123
103
141
146
80
116
74
58
72
105
93
76
87
100
139
87
88
105
98
97
118
55
24
28
-9
-5
36
76
85
64
29
52
28
19
25
31
29
21
30
3
43
66
102
71
33
75
74
97
111
157
128
144
109
110
89
85
106
71
104
145
141
133
142
151
158
169
135
115
91
90
121
73
67
103
123
150
116
37
14
25
-7
10
19
12
-4
-11
-7
29
65
70
21
41
40
-4
47
89
96
101
73
70
65
99
50
61
106
103
106
132
127
104
113
91
49
61
130
138
127
130
137
162
143
136
136
122
103
87
80
16
61
79
53
109
110
121
175
168
97
47
60
68
66
36
46
93
58
62
124
144
99
121
83
77
66
92
63
73
83
98
125
123
109
86
53
34
50
-3
6
44
26
30
95
46
53
63
47
69
79
57
46
47
-2
63
35
43
38
39
63
32
9
51
108
95
141
101
108
62
8
64
106
103
92
100
96
104
122
128
100
78
35
58
-26
-21
34
-19
-42
-14
-23
-8
27
29
31
5
13
-11
35
11
38
29
-22
4
36
34
30
83
89
95
99
107
142
139
111
139
113
101
97
141
163
114
121
135
112
113
120
120
144
126
126
155
163
164
147
146
100
111
144
153
91
107
133
124
95
80
130
135
125
76
129
169
157
88
90
119
104
102
57
45
22
48
16
57
89
139
116
83
108
126
108
76
95
142
169
144
221
176
158
176
169
175
133
105
134
116
118
131
156
177
200
159
142
160
189
157
150
196
161
183
138
159
176
119
145
123
111
74
64
67
51
65
33
19
24
49
70
48
38
88
79
95
119
99
88
96
110
44
44
79
111
48
44
55
86
130
158
193
205
245
229
218
242
228
228
199
175
111
136
145
176
219
140
120
173
143
149
164
164
164
155
141
130
157
145
83
94
126
26
49
35
56
30
34
78
40
71
117
133
110
125
156
139
129
141
137
109
102
107
119
116
111
121
105
61
56
37
16
21
10
39
44
45
35
43
66
96
86
95
87
66
48
66
31
18
47
54
15
27
98
101
150
121
148
150
128
85
54
105
98
110
137
132
130
107
92
69
94
51
7
64
66
38
57
45
35
49
5
18
22
102
80
41
77
96
106
53
39
27
30
55
41
91
54
16
-32
-5
-1
-27
-14
-42
-46
-69
-25
-24
-9
-6
-4
10
13
7
-4
-11
27
84
66
27
54
45
58
28
45
25
-45
-53
2
52
68
17
9
43
5
-24
-38
-3
-39
-51
-56
-32
-41
-29
-14
-19
-34
-13
20
37
26
20
53
62
74
41
39
16
-3
4
57
38
29
61
66
49
24
58
101
74
82
109
144
153
122
79
51
37
-11
-53
-34
-42
-92
-93
-62
-38
-2
-10
-31
-9
-17
-50
3
-11
-89
-100
-73
-110
-130
-115
-105
-84
-67
-49
-58
24
26
-9
-4
-17
-28
-20
-19
-29
-40
-73
-45
-44
-12
-46
-60
-31
2
12
23
41
58
40
3
10
-41
-18
18
19
2
0
-36
-20
12
-12
14
0
0
-27
17
-14
-40
6
-36
-39
3
3
16
-38
-32
-7
-49
-48
-50
-40
-62
-44
-42
-35
-27
-74
-80
-101
-76
-121
-117
-128
-138
-146
-147
-132
-144
-162
-160
-143
-148
-135
-180
-151
-127
-160
-159
-117
-129
-141
-127
-122
-104
-72
-26
-30
-27
-15
-50
4
-24
-46
-71
-79
-49
-92
-95
-86
-81
-117
-160
-110
-120
-194
-217
-201
-235
-238
-218
-194
-275
-245
-225
-255
-255
-234
-148
-124
-143
-137
-127
-154
-166
-153
-162
-152
-166
-207
-243
-229
-259
-229
-202
-204
-182
-187
-177
-156
-112
-130
-114
-106
-132
-110
-205
-231
-229
-256
-262
-245
-227
-219
-251
-248
-273
-214
-222
-251
-204
-190
-149
-212
-216
-241
-238
-278
-287
-296
-308
-268
-256
-266
-247
-209
-221
-236
-221
-249
-242
-238
-243
-246
-257
-220
-173
-155
-147
-175
-151
-151
-173
-133
-124
-126
-132
-75
-111
-86
-106
-110
-112
-150
-154
-175
-194
-214
-221
-222
-214
-192
-165
-149
-124
-104
-116
-128
-115
-85
-90
-126
-136
-202
-175
-122
-145
-162
-122
-133
-123
-103
-125
-116
-147
-151
-172
-196
-183
-209
-212
-150
-108
-114
-151
-193
-201
-211
-188
-129
-101
-62
-8
-40
-56
-82
-65
-78
-63
-94
-95
-67
-65
-89
-79
-84
-54
-32
-24
-23
-40
0
-37
15
31
-19
31
8
24
-26
-45
-49
-59
-56
-80
-65
-56
-48
-82
-69
-78
-58
-66
-91
-70
-81
-58
-101
-115
-138
-128
-120
-136
-130
-110
-87
-110
-97
-101
-37
-39
-43
6
-32
-14
3
-8
14
6
-18
10
13
57
77
64
33
26
11
24
12
32
69
54
111
165
153
120
107
74
134
138
110
91
86
60
84
85
78
25
102
94
68
126
60
113
107
105
87
92
93
73
40
61
64
44
72
77
58
106
127
91
57
79
76
76
121
81
85
59
115
92
68
70
76
102
49
51
86
77
46
76
59
86
135
119
112
157
145
150
159
116
112
89
121
85
36
33
84
77
59
69
100
155
163
170
154
175
173
249
243
171
169
147
97
141
149
139
124
113
123
165
170
156
155
205
247
221
256
256
219
151
229
222
248
224
162
237
194
227
191
166
188
110
126
136
119
142
111
103
119
126
149
119
85
63
44
-4
9
24
-13
-4
10
40
50
74
103
145
143
146
151
154
140
166
146
142
162
171
209
205
230
166
147
167
83
88
69
60
78
111
157
132
125
176
224
235
172
196
198
179
213
209
262
306
286
315
294
274
250
236
185
141
207
160
187
200
193
148
136
127
133
168
170
151
150
191
168
189
165
135
127
149
190
114
108
160
95
70
116
126
108
99
100
97
112
136
146
149
195
213
199
203
206
178
129
131
136
100
104
92
112
102
73
106
71
45
112
111
76
121
97
114
115
88
124
115
154
124
140
190
175
169
203
196
198
215
223
275
282
314
312
321
275
234
197
204
214
197
173
169
177
161
157
139
165
153
147
138
152
166
148
182
175
168
140
125
159
169
154
165
110
116
169
123
126
159
173
137
172
184
185
245
258
263
256
278
295
250
273
255
243
250
221
207
212
197
175
167
144
134
95
103
165
177
198
208
176
227
180
175
153
141
163
180
173
144
155
170
173
182
188
198
157
153
153
149
230
274
261
258
302
280
283
304
305
300
317
312
326
301
240
231
244
238
259
299
288
271
211
231
228
174
169
187
224
223
269
230
235
264
247
234
242
245
237
238
238
235
210
188
200
232
241
264
311
314
323
291
312
280
274
278
332
356
319
331
315
299
251
256
256
237
231
250
238
226
209
228
253
281
157
124
261
342
315
248
216
162
173
201
264
283
258
224
258
312
306
218
143
211
201
207
179
146
144
147
220
272
215
153
185
202
197
167
45
371
487
5
-96
391
464
56
-90
-80
140
295
266
160
206
120
-80
-10
259
274
192
171
150
261
222
129
6
-63
13
219
340
129
-107
-47
93
55
13
6
-19
-29
3
199
226
81
-82
-32
393
442
61
-76
351
371
113
-6
-147
-53
146
346
243
290
72
-159
-103
122
257
176
140
-55
92
156
93
-77
-113
-280
-192
437
487
-127
-473
-8
93
37
32
-81
37
32
268
204
211
-197
-320
-44
218
291
214
34
-69
-18
-40
52
148
170
91
93
224
208
44
63
96
104
120
171
139
84
70
197
147
-1
-7
140
134
75
75
128
160
129
33
-36
9
58
56
43
-4
-48
-80
-69
18
13
23
-27
7
53
101
61
59
23
46
83
92
85
164
177
141
156
187
131
38
36
69
128
93
78
5
41
135
69
33
17
12
37
20
-7
39
85
105
64
76
96
159
338
412
197
88
612
1196
810
-251
-230
983
1727
1103
241
285
753
971
1169
1340
836
267
450
1041
1163
495
-71
-95
166
192
-197
-666
-989
-935
-751
-797
-1287
-1704
-1871
-1794
-1626
-1630
-1927
-2286
-2307
-2005
-1667
-1460
-1102
-798
-1024
-1463
-1010
294
1116
872
280
625
1397
1585
1436
1664
2116
1929
1423
1336
1613
1399
891
709
877
730
31
-473
-506
-409
-514
-853
-1128
-1311
-1467
-1493
-1268
-1122
-1067
-1084
-1085
-851
-266
444
773
524
519
1649
2658
2147
1322
2171
3528
3214
2105
2202
2883
2355
1537
1867
2089
1025
-5
310
642
-181
-1179
-1258
-1163
-1606
-2047
-2026
-2118
-2595
-2768
-2626
-2617
-2915
-3030
-2839
-2687
-2750
-2821
-2747
-2272
-1070
119
-98
-1698
-2079
257
2995
3045
1299
612
1681
2667
2573
2706
3029
2673
1761
1610
2162
1946
934
311
687
813
-62
-1261
-1701
-1304
-959
-1059
-1576
-2139
-2498
-2358
-1829
-1334
-1087
-1244
-1353
-1138
-507
95
380
429
679
1198
1520
1510
1544
1889
2276
2414
2635
2966
2842
2160
1788
2245
2579
2262
1648
1381
1039
625
526
586
299
-317
-505
-432
-504
-754
-839
-790
-917
-1050
-997
-901
-1037
-1177
-1262
-1149
-1112
-1339
-1613
-1747
-1718
-1818
-1940
-2224
-2524
-2969
-3086
-1657
693
1105
-2257
-5382
-3044
2968
5243
1494
-2069
-767
2436
2993
2206
2708
3309
2206
1003
1867
3254
2415
420
420
1974
2071
-56
-1896
-1350
186
570
-429
-1710
-2366
-2361
-1854
-991
-427
-815
-1668
-1921
-1125
39
552
260
146
833
1590
1565
1324
1701
2621
3191
3210
3185
3012
2537
2335
2956
3421
2817
1678
1219
1328
1314
1039
726
350
-238
-463
-254
-172
-516
-887
-837
-760
-921
-1143
-1089
-887
-796
-875
-1135
-1392
-1630
-1691
-1588
-1602
-2092
-2651
-2686
-2565
-2824
-3732
-3566
-1056
1569
306
-4659
-6229
-920
5356
4737
-700
-2641
545
3353
2746
2389
3503
3468
1423
675
2661
3754
1932
36
1036
2585
1548
-1066
-1972
-512
724
340
-985
-2123
-2463
-2321
-1566
-545
-206
-938
-1958
-1834
-405
867
1027
504
607
1498
2092
1939
1876
2651
3930
4389
3245
1638
1532
3380
4872
4139
1927
682
820
1462
1871
1627
624
-620
-966
-377
-56
-615
-1234
-1230
-924
-905
-1246
-1582
-1473
-1003
-604
-681
-1258
-1918
-1924
-1474
-1162
-1386
-1987
-2590
-2816
-2847
-2962
-3489
-3971
-3975
-2624
-252
423
-2796
-6749
-4908
2012
5996
2313
-2703
-2239
2020
4051
3158
3078
3608
2862
1546
2254
4220
3894
1625
855
2400
3020
1026
-1287
-1194
542
1167
114
-1626
-2692
-2741
-2003
-971
-512
-1271
-2413
-2654
-1505
-151
327
-63
-324
362
1373
1848
1797
2279
3283
3742
3166
2737
3350
3989
3758
3339
3144
2661
1727
1350
1838
1733
843
220
-11
-232
-610
-660
-508
-714
-1129
-1399
-1396
-1375
-1309
-1167
-1147
-1442
-1871
-1998
-1912
-1927
-2078
-2328
-2681
-3214
-3461
-3541
-3649
-4017
-4233
-4294
-3607
-1397
446
-1248
-5684
-5855
526
6562
4671
-1198
-2395
1794
5047
4419
3678
4224
3993
2531
2623
4534
4793
2455
804
1988
3216
1708
-1001
-1776
-348
726
-44
-1890
-3314
-3582
-2805
-1761
-1184
-1675
-2783
-3263
-2254
-522
335
49
-184
769
2153
2910
2913
3158
3755
4252
4379
4482
4604
4390
4152
3909
3696
2987
2151
1729
1598
1275
666
100
-416
-917
-1229
-1190
-1184
-1432
-1747
-1901
-1919
-1995
-2060
-1959
-1845
-1877
-1979
-2103
-2127
-2123
-2075
-2111
-2358
-2854
-3254
-3141
-3109
-3475
-4395
-4939
-3197
259
1535
-2165
-7130
-5862
1968
7202
4001
-1830
-2317
1843
4244
3743
3699
4304
3447
1719
2232
4322
4293
1850
723
2227
3210
1221
-1482
-1664
211
1076
7
-1752
-2890
-3041
-2496
-1308
-505
-921
-2154
-2777
-1713
125
1187
996
562
895
2518
4258
4481
3078
2147
3908
6284
6257
3980
2771
3207
3857
3834
3171
2062
712
370
1040
1258
199
-1210
-1653
-1330
-1032
-1109
-1515
-1943
-2168
-2063
-1905
-1706
-1742
-1789
-1841
-1802
-1749
-1890
-1843
-1545
-1424
-1892
-2509
-2566
-2093
-2304
-3509
-4153
-3644
-3040
-2572
-1091
427
-1006
-4465
-5013
-606
4009
4327
1406
-796
-606
1163
3516
4825
4130
2413
1687
2560
3476
3079
2139
1862
2135
2011
1157
107
-548
-360
353
739
-133
-1949
-2999
-2352
-849
-151
-621
-1591
-1935
-1259
-267
376
390
635
1813
2763
2776
2218
2379
3238
4069
4538
4681
4040
2778
2554
3381
3834
2861
1558
1138
1244
1130
930
682
132
-666
-982
-630
-309
-550
-1141
-1419
-1434
-1257
-1230
-1252
-1296
-1330
-1327
-1422
-1522
-1590
-1555
-1551
-1875
-2389
-2819
-2888
-2961
-3306
-4013
-4556
-4869
-5085
-3617
-717
455
-3219
-7440
-5310
2259
6034
2035
-2526
-1238
3378
4771
3291
2829
3830
4155
3531
3813
4411
3583
2069
2239
3723
3506
1003
-1122
-427
1374
1665
-5
-1889
-2598
-2149
-1254
-807
-1170
-1905
-2140
-1613
-752
-253
-109
-42
642
1916
2726
2501
2196
2813
4017
4660
4370
3848
3619
3733
3979
3985
3259
2197
1597
1572
1646
1411
720
-14
-533
-601
-380
-376
-726
-1145
-1159
-883
-951
-1369
-1606
-1330
-755
-548
-962
-1539
-1651
-1105
-708
-1022
-1650
-1986
-2008
-2606
-3247
-3572
-3339
-3500
-4269
-5370
-5883
-3447
174
80
-5596
-8918
-3632
4803
5611
-727
-3900
-299
4037
4096
3099
3846
4430
3473
2988
4424
5192
3744
2463
3214
4068
2752
670
39
1062
1598
833
-513
-1639
-2184
-2138
-1623
-1213
-1428
-2245
-2851
-2574
-1634
-700
-268
-24
492
753
915
1341
2333
3231
3507
3241
2968
3002
3441
4073
4035
3174
2182
1776
2068
2339
2028
1350
661
223
-27
-65
-95
-252
-593
-987
-1118
-1114
-1206
-1344
-1321
-1273
-1304
-1304
-1386
-1483
-1603
-1512
-1358
-1629
-2309
-3008
-3011
-2695
-2665
-3366
-4115
-4727
-5310
-6376
-5537
-361
3506
-1071
-10882
-11736
-58
9833
5794
-4044
-5469
604
4454
3407
3378
4715
3751
1613
2291
5208
5198
2235
1421
3723
4521
1888
-797
-416
1605
2066
702
-1141
-2483
-2915
-2189
-887
-604
-1778
-3004
-3183
-2240
-1123
-606
-597
-605
-116
678
1051
983
1396
2532
3592
3441
2630
2393
3237
4160
4068
3143
2183
1897
2119
2407
2150
1484
769
258
17
-191
-283
-315
-517
-724
-949
-1287
-1672
-1742
-1473
-1399
-1470
-1497
-1540
-1731
-2013
-2144
-1953
-1694
-1879
-2626
-3377
-3643
-3369
-3453
-3793
-4446
-5265
-6351
-6372
-3299
594
-62
-6366
-10023
-4932
4039
5964
329
-3972
-1918
2436
4067
4128
4182
3718
2667
2905
4864
5619
3951
2314
2880
4036
3308
1181
47
619
1335
900
-442
-1841
-2793
-2902
-2284
-1522
-1804
-2968
-3903
-3794
-2700
-1558
-1245
-1578
-1800
-1247
213
1463
1458
817
1244
3106
4180
3299
2269
2995
4445
4735
3817
2778
2248
2314
3013
3482
2630
873
-157
234
1032
1018
0
-1020
-1273
-1148
-1106
-1401
-1712
-1906
-1887
-1796
-1973
-2374
-2731
-2507
-2053
-1797
-2360
-3455
-4150
-3928
-3157
-2928
-3761
-4799
-5668
-6142
-6286
-5313
-2148
330
-1802
-7580
-9244
-2755
5370
5415
-788
-3880
-531
3848
4662
4032
4238
4256
3606
3824
5103
5421
3805
2628
3595
4503
3055
521
-319
852
1593
504
-1301
-2566
-2857
-2597
-2332
-2321
-3110
-4118
-4378
-3521
-2417
-2042
-2504
-2808
-2088
-787
255
846
1228
1261
1411
2278
3754
4487
3874
3452
4081
4621
4127
3378
3346
3539
3348
2778
2113
1393
779
622
832
631
-294
-1250
-1419
-1084
-1045
-1501
-1914
-1976
-2104
-2339
-2422
-2193
-2058
-2480
-2935
-2984
-2832
-2982
-3448
-3650
-3420
-3482
-4145
-4905
-5224
-5180
-5470
-5514
-3215
-157
-996
-6383
-9036
-3388
4762
5581
-218
-3615
-670
3588
4469
4246
4683
4514
3378
3388
5192
5875
4108
2795
3696
4412
2814
477
-29
1158
1520
418
-1242
-2437
-2911
-2823
-2602
-2563
-2981
-3802
-4327
-4081
-3014
-2217
-2360
-2743
-2330
-1065
-76
252
1066
2331
2791
2058
2045
3818
5762
5721
4281
3482
3732
4142
4470
4435
3509
2204
1510
1754
1704
998
361
-3
-574
-1280
-1679
-1625
-1649
-2019
-2359
-2502
-2585
-2843
-3067
-2836
-2583
-2716
-3118
-3124
-2806
-2697
-3081
-3521
-3620
-3493
-3504
-3839
-4361
-4926
-5308
-5517
-3919
-809
232
-3732
-8389
-6098
2077
6514
2368
-3221
-2800
2074
4987
4711
4020
3710
3265
3224
4453
5374
4368
2697
2732
3700
3124
1273
237
685
1032
295
-680
-1577
-2581
-3284
-3036
-2225
-2288
-3498
-4469
-4136
-2986
-2258
-2316
-2519
-2176
-1297
-488
-34
499
1361
2229
2683
3268
3850
3790
3457
4039
5351
5298
3739
2515
2961
3603
3224
2279
1417
572
-171
-185
197
-234
-1527
-2517
-2318
-1651
-1755
-2420
-2742
-2582
-2427
-2786
-3127
-2781
-2293
-2174
-2454
-2716
-2750
-2870
-2927
-2735
-2561
-3090
-3965
-4293
-3869
-3791
-4590
-5626
-5202
-2137
538
-1412
-6704
-7830
-1450
5582
4607
-1375
-3445
346
4372
4754
3972
3986
3723
3057
3497
5008
5346
3780
2521
2860
3133
1891
226
-42
938
1037
-504
-2439
-3422
-3303
-2716
-2519
-2967
-3996
-4814
-4579
-3369
-2320
-2373
-2925
-2946
-1800
-409
313
423
819
1910
2861
2911
3151
4177
4903
4392
3721
4282
4919
4199
2916
2729
2978
2615
1494
566
57
-237
-384
-552
-1305
-2317
-2754
-2663
-2295
-2317
-2608
-2974
-3314
-3294
-3065
-2800
-2465
-2349
-2420
-2604
-2862
-2778
-2327
-1889
-2005
-2682
-3097
-3027
-2997
-3300
-3435
-3451
-4054
-5017
-3645
-19
936
-3656
-8001
-4846
3233
6200
1388
-3187
-1732
2720
4654
4358
3947
3412
2480
2711
4683
5615
3805
1636
1812
3149
2916
1156
-256
-314
114
-95
-1139
-2644
-3793
-3821
-2997
-2594
-3205
-4212
-4722
-4276
-3158
-2169
-1867
-2332
-2429
-1409
123
919
1155
1775
2774
3096
2570
2741
4210
5535
4987
3401
2712
3336
3946
3624
2682
1652
869
515
489
141
-684
-1383
-1583
-1726
-2045
-2417
-2593
-2560
-2622
-2684
-2583
-2437
-2487
-2546
-2344
-1816
-1534
-1688
-1940
-1783
-1264
-1060
-1188
-1534
-1833
-2102
-2079
-1899
-2133
-2823
-3696
-4184
-4473
-3366
-604
666
-2455
-6934
-5808
1005
5490
2463
-2291
-2120
1981
4236
3512
3193
3496
3386
2962
3607
4498
3699
2253
2335
3410
2789
575
-798
-124
811
221
-1267
-2641
-3396
-3362
-2718
-2123
-2515
-3815
-4391
-3716
-2450
-1700
-1825
-2068
-1779
-778
222
713
917
1665
2655
3046
3007
3012
3280
3754
4398
4718
4162
2783
2060
2414
2922
2663
1582
432
-472
-685
-286
-142
-844
-1669
-2010
-1957
-1962
-2078
-1878
-1551
-1544
-1811
-1956
-1806
-1502
-1138
-771
-523
-723
-1192
-1229
-769
-361
-613
-1145
-1434
-1529
-1669
-1971
-2210
-2645
-3284
-3748
-4051
-3863
-1993
180
-722
-4759
-6561
-2033
4135
4333
-580
-2999
-134
3444
3793
2977
3113
3164
2493
2545
3918
4260
2745
1550
2160
2644
1460
47
-76
621
438
-682
-1669
-1977
-2054
-2164
-2092
-2089
-2247
-2611
-2753
-2267
-1592
-1285
-1317
-1177
-535
219
563
716
1222
2209
2982
2718
2094
2483
3922
4649
3678
2286
2124
2902
3060
2300
1541
1244
886
443
170
69
-120
-430
-750
-1026
-1206
-1224
-1024
-706
-626
-1109
-1548
-1263
-516
-163
-552
-1035
-926
-517
-228
-279
-378
-379
-592
-810
-876
-696
-786
-1343
-1766
-1882
-1791
-2161
-2775
-3486
-3927
-3048
-623
788
-1748
-6013
-6003
-313
4491
2695
-2367
-3553
-63
3127
3174
2084
1756
1734
1831
2545
3529
3321
2012
1458
2273
2754
1857
772
579
1133
1283
692
-203
-1043
-1429
-992
-360
-439
-1444
-2344
-2088
-1272
-834
-984
-1401
-1483
-1066
-375
360
539
532
952
1785
2090
1605
1344
2503
3708
3366
2128
1493
2051
2639
2783
2559
1943
1060
748
1198
1683
1434
604
-55
-217
-46
112
35
-275
-649
-875
-768
-465
-411
-663
-800
-573
-330
-336
-363
-318
-135
-28
-13
-107
-422
-745
-710
-511
-483
-869
-1496
-2024
-2396
-2625
-2777
-3012
-2564
-1022
-509
-2988
-5951
-4561
622
3421
351
-3534
-2805
878
2874
2264
1700
1780
1773
2016
3266
4263
3717
2599
2569
3436
3362
2352
1786
2108
2377
1814
814
0
-365
-380
-302
-604
-1423
-2142
-2350
-2177
-2018
-1977
-2022
-2121
-2158
-1741
-1041
-544
-447
-331
377
1233
1466
1445
1889
2702
3103
3026
3070
3220
3178
2994
3112
3251
2827
2089
1724
1822
1779
1334
759
408
83
-322
-695
-708
-552
-730
-1141
-1584
-1567
-1252
-905
-587
-543
-835
-1164
-859
-61
421
184
-232
-321
-269
-232
-346
-368
-174
-329
-1020
-1866
-2259
-2038
-1974
-2670
-3846
-4451
-3537
-1678
-1049
-3217
-5913
-5223
-1073
1916
317
-2665
-2658
153
2218
2179
1758
1793
2036
2582
3600
4088
3272
2181
2479
3524
3390
1944
854
984
1403
1104
241
-715
-1455
-1840
-1854
-1766
-2195
-3116
-3680
-3298
-2570
-2335
-2695
-3028
-2654
-1736
-975
-625
-521
-173
538
1414
2079
2234
2151
2385
3132
3790
3671
2963
2423
2639
3140
3072
2241
1177
663
760
957
675
-236
-1221
-1479
-1164
-1062
-1487
-1978
-2125
-1948
-1641
-1457
-1433
-1461
-1281
-822
-563
-602
-599
-229
263
315
104
102
357
370
222
54
-39
-259
-594
-852
-1071
-1494
-2161
-2681
-2920
-2979
-3364
-4175
-4515
-3197
-1619
-2435
-5297
-5942
-2478
1018
357
-2381
-2686
-211
1766
1799
1613
1836
1883
1758
2531
3676
3605
2389
1784
2395
2777
2054
1110
917
1064
721
-81
-569
-843
-1046
-1335
-1573
-1822
-2148
-2387
-2310
-1970
-1723
-1693
-1811
-1704
-1216
-466
70
98
66
588
1623
2337
1922
1245
1710
3054
3622
2849
1800
1636
2184
2526
2380
1631
651
130
418
890
574
-362
-1049
-887
-652
-819
-1141
-1264
-969
-905
-1014
-1003
-726
-237
65
229
239
330
521
801
1180
1383
1389
1218
1081
1043
1007
770
501
378
214
-250
-988
-1492
-1749
-1850
-2161
-2793
-3535
-4138
-4261
-4227
-4683
-4845
-3854
-2767
-3547
-5501
-5274
-2334
103
-448
-2051
-1783
22
1207
1495
1994
2594
2505
2371
3098
3927
3742
3091
3333
3864
3399
2370
2039
2463
2560
1952
1259
795
243
-256
-477
-534
-868
-1463
-1778
-1833
-1881
-1924
-1916
-1769
-1535
-1328
-1294
-1300
-1029
-218
721
1162
752
54
272
1841
3314
3074
1623
891
1666
2555
2763
2313
1678
1167
956
1318
1575
1331
763
401
428
525
494
475
685
760
676
561
626
972
1121
1065
1006
1123
1254
1183
1047
1143
1383
1427
989
472
426
639
621
148
-330
-546
-747
-1090
-1491
-1649
-1769
-2195
-2752
-3110
-3189
-3163
-3353
-3719
-4074
-4280
-3626
-2087
-1166
-2204
-3982
-3287
55
2225
1246
-250
313
2245
3343
3574
3937
4061
3787
3838
4817
5539
4870
3829
3701
4159
3940
3179
2643
2496
2234
1586
997
388
-119
-424
-476
-687
-1202
-1785
-2134
-2075
-1867
-1567
-1518
-1811
-1885
-1477
-881
-379
-36
640
1535
1605
773
621
2339
4358
4411
2824
1992
2793
4087
4610
4275
3461
2788
2851
3419
3657
3151
2482
2118
2017
1807
1499
1403
1352
1217
879
432
145
56
274
469
432
-11
-444
-334
126
516
454
193
61
91
264
517
668
605
472
314
318
323
161
-4
-80
-67
-223
-587
-884
-1063
-1161
-1315
-1437
-1644
-1942
-2196
-2523
-2652
-1950
-623
-606
-2412
-3637
-1989
950
1634
62
-962
-43
1437
2016
2142
2382
2466
2379
2595
3135
3203
2812
2668
2864
2597
1800
1332
1424
1328
778
340
57
-492
-1128
-1276
-1043
-1240
-1807
-2119
-2107
-1930
-1809
-1684
-1496
-1316
-1127
-772
-279
256
967
1237
1119
1125
1717
2659
3171
3215
2849
2538
2502
2879
3214
2808
2213
1825
1755
1588
1265
922
464
74
-271
-524
-712
-957
-1245
-1350
-1311
-1345
-1421
-1300
-996
-793
-846
-741
-291
167
409
426
425
615
942
1265
1313
1229
1093
950
893
772
494
58
-328
-565
-760
-1135
-1631
-2180
-2565
-2774
-2775
-3032
-3629
-3984
-3894
-3627
-3690
-3998
-4213
-4142
-3848
-3630
-3403
-2749
-1955
-1966
-2792
-2699
-1029
566
453
-332
-248
509
972
1198
1755
2006
1441
876
1253
2035
1879
1104
887
1133
809
13
-167
172
2
-753
-1096
-1073
-1339
-1763
-1795
-1475
-1595
-2135
-2381
-2099
-1782
-1699
-1722
-1600
-1269
-1156
-1118
-764
-48
375
177
-59
155
654
1095
1403
1305
808
520
842
1261
1285
860
454
401
446
352
115
71
187
94
-244
-513
-530
-427
-395
-560
-731
-788
-824
-796
-723
-723
-734
-851
-905
-720
-587
-682
-789
-695
-571
-599
-745
-765
-778
-854
-869
-868
-962
-1306
-1644
-1580
-1314
-1267
-1670
-2120
-2114
-1819
-1745
-1928
-2006
-2004
-2026
-1977
-1839
-1696
-1715
-1898
-1886
-1617
-1423
-1490
-1768
-2007
-1783
-985
-214
-529
-1720
-2060
-755
683
434
-631
-740
-77
285
241
376
495
103
-165
340
813
408
-233
-54
504
417
-162
-205
73
163
50
14
46
-239
-513
-469
-158
91
-48
-499
-674
-470
-81
88
87
-27
-218
-36
574
892
363
33
646
1383
1101
317
327
882
1058
850
623
544
424
333
416
615
554
148
-150
-84
163
68
-43
-63
-111
-246
-443
-363
-295
-299
-378
-380
-276
-167
-114
-169
-138
-80
-145
-193
-94
58
89
-58
-163
-136
-111
-160
-224
-304
-291
-338
-441
-508
-531
-528
-584
-658
-658
-750
-855
-851
-791
-791
-909
-1122
-1162
-935
-750
-771
-982
-1138
-1028
-902
-855
-793
-797
-965
-1175
-1139
-895
-619
-525
-706
-1221
-1351
-679
-15
-93
-731
-797
-237
208
134
62
231
273
330
603
970
909
589
556
889
1070
790
624
658
829
752
634
545
438
308
145
173
174
123
-18
-171
-163
-125
-242
-269
-199
-218
-180
0
176
167
8
59
283
513
546
558
677
696
765
773
856
851
755
730
784
754
547
314
124
86
139
11
-318
-639
-703
-611
-622
-785
-996
-1087
-1085
-997
-862
-830
-882
-826
-805
-757
-600
-405
-174
-102
-146
-37
177
350
450
550
650
615
576
619
710
752
589
308
66
13
-5
-66
-347
-696
-960
-1050
-1008
-1045
-1262
-1573
-1713
-1735
-1747
-1834
-1982
-1860
-1706
-1756
-1810
-1770
-1556
-1350
-1169
-1066
-965
-812
-539
-39
238
73
46
444
944
1097
1034
1041
1063
1124
1248
1375
1240
1005
959
980
1007
799
478
250
176
252
214
-62
-379
-554
-476
-331
-334
-506
-747
-885
-776
-513
-412
-533
-542
-322
-107
-78
-31
196
368
516
612
598
599
670
788
896
809
733
736
781
848
776
622
478
526
638
541
247
-51
-48
62
10
-132
-246
-240
-267
-404
-361
-163
-102
-165
-241
-190
-63
11
-3
42
247
289
188
204
328
518
601
479
396
416
495
522
469
263
166
116
50
-82
-243
-371
-441
-399
-529
-782
-970
-878
-739
-712
-896
-1048
-1040
-829
-724
-572
-458
-509
-451
-306
-64
41
133
175
257
365
376
377
462
553
547
379
208
107
44
28
-64
-263
-598
-811
-772
-718
-856
-1110
-1233
-1240
-1272
-1306
-1256
-1209
-1217
-1233
-1198
-1102
-971
-755
-572
-428
-409
-305
-122
124
271
275
327
431
605
628
614
659
777
833
751
588
527
590
544
399
354
432
310
69
7
6
-3
-73
-150
-187
-215
-283
-275
-252
-202
-254
-273
-265
-298
-378
-396
-182
-44
-94
-283
-330
-188
-45
-125
-178
-150
-109
-59
-108
-134
-127
-39
58
38
-68
-192
-116
-4
39
-11
-8
56
92
120
149
206
249
211
148
121
184
293
237
223
243
210
186
136
48
-27
-73
-34
-52
-98
-249
-330
-315
-412
-470
-546
-616
-715
-784
-808
-933
-1091
-1127
-1136
-1174
-1256
-1399
-1335
-1245
-1250
-1303
-1239
-1116
-957
-1001
-986
-890
-834
-830
-738
-590
-546
-476
-410
-230
-53
-14
-3
3
78
224
193
214
344
398
297
240
275
246
204
120
39
-57
-128
-253
-294
-310
-405
-515
-500
-431
-445
-468
-521
-459
-370
-375
-369
-402
-354
-236
-101
-2
-39
-87
14
209
445
481
451
499
576
696
852
929
829
719
777
906
1000
909
782
775
824
832
735
672
634
566
535
508
473
434
287
221
280
234
156
52
-34
-62
-100
-168
-190
-204
-238
-272
-274
-263
-291
-286
-276
-333
-359
-336
-297
-309
-298
-210
-167
-197
-247
-207
-136
-92
-94
-212
-254
-116
-53
-54
33
56
105
88
130
228
295
269
268
312
284
262
240
254
245
132
90
87
66
3
-77
-112
-218
-289
-298
-266
-287
-396
-492
-490
-395
-327
-451
-555
-606
-488
-432
-432
-433
-406
-271
-147
-42
65
110
198
316
414
571
606
707
739
812
987
1046
1039
950
975
999
979
967
971
892
744
690
651
573
560
510
413
283
270
236
194
200
151
172
59
47
111
186
220
192
152
181
246
224
201
193
257
292
247
211
176
208
176
119
101
114
72
-110
-223
-111
-5
-39
-149
-213
-158
-88
-106
-117
-73
44
116
103
138
159
262
354
446
566
593
558
582
605
472
454
490
516
440
292
194
265
329
219
61
-46
-94
-135
-203
-281
-353
-396
-425
-492
-521
-424
-451
-502
-539
-612
-613
-536
-414
-370
-311
-220
-157
-108
-34
64
146
192
241
284
345
345
305
419
450
380
275
233
296
356
360
253
219
146
131
158
183
211
54
25
90
171
120
-32
-18
27
97
139
99
48
12
43
115
135
180
149
118
110
171
195
142
147
102
85
7
6
86
90
51
-15
-9
-61
-15
97
145
128
49
32
93
211
276
317
268
234
188
215
197
238
295
303
306
257
231
330
486
524
414
291
259
276
336
355
342
301
203
109
96
129
161
104
10
-102
-119
-76
0
53
14
-93
-220
-167
-109
-79
-103
-165
-163
-163
-104
-84
-12
22
17
68
134
173
115
48
155
326
409
414
341
381
442
547
553
467
411
345
262
330
388
308
174
76
13
-40
-111
-190
-267
-275
-336
-516
-533
-452
-422
-483
-564
-572
-556
-495
-423
-417
-523
-518
-445
-350
-231
-259
-183
-174
-95
69
139
163
118
100
229
458
485
343
311
385
499
511
478
473
368
304
277
314
332
270
166
85
68
85
2
-48
-5
21
-61
-119
-121
-67
-12
-37
-115
-120
-108
-123
-135
-195
-220
-234
-253
-264
-306
-313
-246
-199
-183
-234
-258
-176
-78
-28
26
84
142
155
247
329
398
482
504
446
468
500
573
695
667
591
548
563
481
496
445
418
397
300
195
49
-5
-22
-112
-277
-316
-457
-553
-539
-572
-663
-750
-751
-772
-750
-787
-747
-595
-571
-572
-541
-461
-354
-230
-117
-48
0
47
119
215
277
315
346
289
334
261
284
299
218
187
182
179
152
174
130
72
47
3
7
49
21
-41
-44
-23
-38
3
-8
-14
-63
-125
-127
-54
-8
-66
-85
-109
-66
-11
-14
21
22
-30
4
-2
-36
-77
-135
-136
-119
-196
-221
-209
-164
-77
-94
-103
-126
-137
-87
-12
-5
-56
-55
49
139
141
152
262
263
269
298
248
249
201
284
326
304
222
169
165
160
110
18
3
-37
-60
-94
-143
-140
-222
-252
-308
-317
-329
-371
-378
-435
-438
-458
-419
-378
-366
-405
-411
-356
-267
-279
-276
-275
-290
-244
-152
-33
-61
-95
-100
-63
-34
-23
-6
-14
-41
-17
34
46
18
32
45
66
44
9
6
-6
5
14
-15
26
-26
-79
22
31
33
-29
19
39
58
42
3
28
24
35
23
32
6
-19
-78
-55
-83
-157
-172
-160
-102
-204
-274
-234
-271
-351
-385
-346
-341
-395
-436
-434
-375
-369
-381
-358
-367
-387
-407
-326
-241
-147
-148
-127
-116
-83
-31
18
90
96
73
15
54
119
126
125
-24
-115
-28
-2
-38
-135
-247
-325
-358
-359
-399
-423
-470
-548
-619
-662
-661
-639
-674
-726
-768
-840
-805
-686
-695
-647
-582
-551
-510
-515
-412
-284
-204
-188
-146
-106
-14
68
167
173
119
137
108
165
137
89
2
-1
-16
-91
-54
-91
-114
-153
-189
-186
-219
-217
-218
-247
-293
-314
-353
-403
-354
-406
-412
-386
-412
-433
-419
-448
-450
-404
-421
-428
-460
-402
-403
-433
-405
-386
-378
-345
-351
-372
-386
-388
-358
-317
-325
-334
-306
-364
-320
-255
-208
-205
-197
-221
-245
-239
-268
-293
-290
-329
-322
-312
-339
-376
-349
-284
-304
-350
-410
-427
-458
-470
-455
-423
-390
-395
-423
-399
-387
-384
-381
-344
-320
-344
-398
-374
-327
-348
-336
-301
-296
-336
-241
-185
-150
-135
-187
-120
-103
-46
8
13
12
-5
-19
12
59
77
54
40
8
-35
7
133
133
77
46
50
130
105
87
45
14
29
43
33
16
-52
-43
-64
-78
-74
-72
-53
0
-1
36
112
154
162
203
247
283
235
217
208
237
270
245
292
226
163
194
173
158
147
158
84
33
0
-86
-77
-14
-40
-123
-175
-173
-121
-112
-103
-122
-135
-45
-11
-17
-68
-6
94
150
197
229
272
297
337
333
347
330
346
327
290
325
258
259
198
144
103
118
83
-5
14
4
63
55
45
25
-12
10
37
120
132
80
92
128
222
294
369
359
329
354
346
439
496
486
481
452
397
410
441
441
369
359
335
338
315
334
300
288
282
227
233
248
300
255
233
223
255
261
266
252
258
286
293
311
339
314
318
311
314
308
294
299
223
206
221
233
200
155
136
170
205
135
126
120
111
115
115
144
117
141
223
261
224
215
208
213
271
276
294
280
290
332
348
396
426
453
450
470
469
388
411
387
342
314
283
239
187
174
194
174
100
106
92
80
26
13
33
-38
-83
-67
-79
-107
-112
-133
-130
-159
-107
-52
-79
-30
29
69
3
19
149
175
154
157
156
163
208
230
220
183
114
115
126
128
103
83
53
10
38
6
-30
-36
-41
-71
-81
-60
-27
-93
-124
-128
-136
-107
-53
10
95
117
123
151
187
184
220
243
236
195
171
259
223
219
219
201
198
169
163
162
148
149
150
135
120
91
50
41
49
45
-20
-21
17
-12
11
-37
29
98
152
210
174
206
226
205
253
323
268
210
177
215
290
224
227
178
151
145
109
67
10
-16
-98
-92
-88
-36
-56
-8
-38
-20
-39
-60
-25
-15
-1
24
37
71
122
125
161
131
129
172
130
130
150
103
105
131
167
170
125
123
135
133
135
118
78
89
129
128
124
73
83
129
114
164
236
243
192
181
248
244
305
318
337
323
315
304
298
313
280
299
350
389
313
297
287
278
240
109
164
146
83
97
91
19
15
86
133
120
75
137
213
234
255
268
247
302
345
417
407
321
344
384
349
356
383
430
379
301
267
293
319
254
224
228
197
121
103
111
130
64
-19
47
110
126
131
103
71
62
118
208
180
199
167
211
255
238
295
310
329
352
363
358
379
362
376
388
346
295
267
275
331
321
232
180
118
124
163
200
176
151
115
153
132
168
212
184
157
113
134
226
206
219
279
275
317
265
275
301
298
233
137
-2
70
275
361
372
283
164
71
109
79
101
189
228
250
216
270
240
143
184
330
396
293
247
261
311
346
389
432
425
373
419
399
431
433
347
321
384
375
316
349
308
319
249
179
142
48
-56
12
62
47
7
-101
-71
-19
-72
-145
-114
-119
-93
-65
-15
45
5
9
20
105
64
-44
-12
35
66
87
158
208
168
164
259
345
365
268
242
246
158
178
179
148
118
39
34
-3
-78
-84
-95
-157
-159
-210
-170
-158
-156
-202
-194
-156
-223
-236
-207
-205
-265
-313
-292
-252
-194
-199
-195
-116
-57
-45
-9
53
61
117
118
124
127
123
141
152
148
174
188
161
108
116
94
55
76
19
31
-22
-53
-51
-94
-53
-84
-130
-89
-73
-143
-162
-139
-116
-117
-92
-44
20
8
-46
-41
-36
-51
-84
-110
-104
-118
-130
-174
-140
-115
-78
-86
-136
-122
-114
-23
-35
-81
-153
-122
-34
-68
-9
-19
-68
-22
-50
-45
0
2
35
52
66
118
90
89
58
74
53
47
45
47
21
-22
57
77
14
-37
-32
-95
-89
-89
-91
-150
-275
-263
-201
-159
-199
-216
-186
-236
-236
-212
-217
-234
-253
-287
-325
-317
-343
-318
-362
-427
-360
-339
-288
-266
-312
-294
-207
-175
-111
-116
-104
-24
-39
4
42
58
42
36
46
14
3
40
29
-3
4
36
0
-18
-13
-64
-134
-154
-171
-139
-230
-270
-261
-291
-311
-362
-332
-293
-307
-327
-296
-286
-234
-188
-153
-155
-152
-184
-153
-109
-95
-58
-11
9
13
50
93
136
135
87
101
143
145
164
126
145
109
55
23
37
21
8
29
25
65
48
-1
42
109
115
69
59
90
57
-55
-39
-30
-26
-105
-158
-123
-145
-144
-195
-200
-186
-156
-134
-145
-98
-122
-88
-33
-14
28
-17
-10
26
59
81
136
141
130
190
190
163
164
228
295
308
348
352
399
402
367
413
419
406
304
337
258
223
273
170
194
138
164
108
81
140
162
207
162
103
97
144
154
157
78
143
176
82
78
61
89
106
93
135
145
114
163
179
165
159
181
256
311
321
349
344
339
430
433
420
446
467
525
531
529
543
538
507
516
518
509
485
454
437
413
397
354
356
293
226
221
225
263
235
230
227
195
208
180
145
124
165
170
206
201
214
249
207
238
240
244
249
258
286
296
313
345
337
362
358
399
412
358
369
371
359
343
362
448
476
452
449
449
436
442
448
438
466
463
450
474
499
487
503
546
485
487
474
409
433
411
355
333
340
285
224
204
172
171
144
97
28
37
43
27
4
-30
-5
7
-26
-34
-54
-44
58
27
41
55
107
112
100
162
180
192
237
309
324
349
357
388
463
476
457
479
482
423
419
411
389
417
409
389
352
316
308
272
249
262
245
209
178
179
190
153
117
99
35
47
19
-3
-23
-7
-14
-24
49
62
82
82
127
200
198
194
246
249
302
319
328
367
391
392
347
439
448
394
384
366
448
457
383
366
335
357
393
374
375
347
320
276
274
269
237
196
167
174
235
176
148
170
156
125
89
92
49
39
12
19
35
10
30
45
-9
-63
-12
41
59
44
69
146
165
150
176
238
262
222
249
263
277
256
281
236
261
269
268
266
213
251
248
281
274
277
265
211
175
122
137
117
31
35
28
19
-17
-19
-5
-36
-67
-63
-37
-38
-10
58
62
91
88
86
129
136
189
210
206
216
217
242
234
239
258
217
245
218
212
241
262
303
297
275
269
331
285
275
262
186
180
164
196
231
209
186
173
159
141
154
130
149
179
164
153
136
211
257
205
205
210
165
155
127
87
150
183
147
141
96
134
138
101
84
107
112
157
151
163
196
200
210
166
158
157
132
135
128
108
99
70
56
33
84
27
26
42
29
58
18
-15
2
-3
7
-9
-101
-83
-63
-51
-44
-110
-93
-90
-63
-34
-12
-19
-26
-13
-13
30
5
53
92
113
86
80
52
-2
-33
-29
-3
-4
43
71
57
-2
-3
32
79
27
5
18
11
25
8
27
59
24
22
3
26
48
27
3
-38
42
62
40
59
44
99
44
-24
14
45
16
-36
-23
-30
-24
-37
-80
-92
-130
-170
-217
-222
-224
-233
-257
-296
-232
-256
-255
-248
-242
-195
-175
-199
-239
-268
-233
-219
-215
-207
-244
-205
-174
-165
-125
-98
-15
-61
-99
-27
-16
-1
1
-7
28
29
0
-19
-20
-57
-100
-140
-139
-80
-94
-134
-144
-174
-137
-132
-208
-258
-260
-247
-235
-281
-292
-290
-279
-256
-263
-270
-260
-211
-165
-110
-44
-26
-61
-68
-53
14
17
-38
-41
-23
21
-49
-120
-76
-89
-65
-75
-51
-36
-58
-108
-88
-78
-84
-58
-98
-57
-36
-63
-125
-108
-133
-111
-128
-186
-140
-183
-171
-128
-175
-113
-109
-127
-144
-123
-110
-92
-80
-98
-88
-79
-95
-97
-102
-165
-205
-216
-213
-217
-202
-173
-157
-177
-153
-151
-91
-86
-50
-21
-38
7
95
163
159
189
187
171
197
196
170
205
184
134
117
63
72
64
40
4
-2
44
13
-7
-73
-92
-137
-193
-177
-185
-218
-240
-211
-228
-243
-264
-276
-221
-187
-161
-183
-170
-176
-179
-133
-130
-97
-98
-101
-86
-90
-105
-47
-17
-15
-8
20
29
50
46
46
56
10
15
-34
-48
-40
-79
-80
-62
-116
-175
-180
-147
-185
-196
-163
-165
-186
-194
-198
-185
-193
-253
-206
-192
-179
-148
-122
-76
-65
-35
12
77
117
118
134
139
157
184
199
177
144
169
200
188
164
189
201
171
145
83
110
75
48
28
-7
-17
-73
-30
-37
-86
-94
-106
-29
-52
-31
-8
19
15
10
83
103
120
75
82
77
95
116
73
72
34
21
-44
-48
-73
-111
-53
-108
-104
-105
-61
-43
-38
9
50
56
12
89
131
137
129
142
109
111
111
70
60
107
128
110
108
129
128
121
175
201
208
147
166
93
117
132
99
105
86
43
11
49
27
-12
-36
-4
26
25
27
31
45
63
66
101
114
109
105
99
98
92
31
-4
-3
52
83
39
53
57
88
83
86
108
37
4
-29
-2
-34
-86
-66
-50
-26
-69
-88
-16
-57
-80
-8
11
-6
21
97
143
242
242
263
282
228
203
203
168
129
128
41
5
74
99
114
95
101
115
137
176
177
176
225
208
178
110
67
56
-10
34
27
89
100
111
119
171
212
208
214
195
216
234
258
208
201
206
242
226
222
184
153
131
120
131
88
108
140
133
131
142
99
105
36
-32
16
-7
-3
-16
16
32
10
-33
-8
3
9
16
-22
48
81
131
126
168
145
130
168
139
150
123
113
77
67
28
54
49
65
14
29
84
27
8
49
83
33
37
19
4
-16
-1
15
8
22
17
20
18
29
40
12
24
46
55
68
111
114
154
181
174
154
184
187
141
163
160
113
60
62
79
32
40
-5
-11
23
46
62
64
60
130
98
46
22
13
60
103
103
45
36
84
141
104
127
88
35
123
157
153
150
153
157
135
189
146
97
85
66
89
58
-26
-29
-19
-51
-75
-110
-153
-129
-93
-96
-106
-53
-71
-142
-89
-74
-98
-134
-124
-105
-84
-38
-90
-32
16
-45
-41
-46
-46
-23
-46
-24
-32
-14
-36
-51
-35
-39
-18
-3
-4
-33
-4
-10
-49
-60
24
37
17
-5
10
17
51
95
102
122
123
122
102
97
103
53
130
144
97
149
147
117
83
79
20
28
23
24
16
22
-13
-13
-5
-49
-83
-63
-29
-37
-75
-84
-65
-66
-64
-58
-6
5
14
16
-10
7
-14
-35
-23
-20
-19
19
35
53
77
112
141
148
136
86
107
125
97
49
62
42
41
71
50
36
10
-47
-21
-113
-110
-113
-148
-104
-90
-37
-66
-82
-107
-77
-65
-84
-27
16
18
-3
18
-44
-56
-40
-8
-6
7
48
56
54
50
55
40
34
28
-1
26
51
28
-5
-61
-69
-35
-45
-108
-98
-105
-123
-102
-116
-123
-90
-51
-6
-18
-5
-26
-13
-21
-38
2
24
29
20
37
41
70
56
65
92
71
91
83
63
112
57
9
36
51
44
-16
26
25
37
23
28
80
86
108
95
116
149
92
138
110
128
155
113
151
108
115
72
72
80
5
20
23
15
45
-17
-17
-22
-72
-43
-44
-21
-49
-61
-86
-62
-50
-71
-30
5
12
-30
4
67
57
61
79
117
153
130
129
120
104
105
108
125
132
111
116
107
88
119
59
62
35
40
37
-8
-8
35
-21
-55
24
45
-5
-41
-53
-37
-30
-19
-2
1
8
36
45
66
33
52
90
105
157
113
113
117
68
101
109
94
155
107
64
71
139
168
108
129
137
109
103
103
65
51
58
23
-20
-22
-41
-65
-77
-49
-56
-113
-105
-76
-43
-87
-29
-10
-30
-33
-49
-51
-43
-35
-35
-60
-66
-31
-46
-29
-6
-5
5
4
-2
45
81
72
100
71
71
99
119
132
138
115
115
103
117
110
101
182
198
174
171
222
244
205
179
130
194
144
109
173
152
159
184
210
192
188
161
117
90
35
63
117
92
108
110
101
118
165
163
138
121
137
138
137
146
152
213
249
236
219
243
243
222
195
221
247
221
189
189
219
204
161
230
184
130
114
146
153
126
119
109
144
138
153
117
145
192
163
146
164
157
141
121
129
181
216
183
176
235
253
214
211
273
278
276
217
247
255
217
229
180
208
204
214
231
181
191
211
178
210
156
135
165
132
60
14
9
6
47
67
58
61
108
76
94
147
204
186
197
284
294
259
305
279
289
317
316
317
267
233
225
198
210
196
199
182
197
213
179
183
110
83
61
66
47
51
-1
-33
-11
1
43
71
53
88
115
167
148
226
242
196
263
245
296
312
342
384
316
330
350
297
281
295
262
246
231
201
217
187
156
162
96
71
88
54
54
51
67
61
72
22
19
20
-53
-3
12
26
21
6
-24
18
12
45
6
3
14
-20
-3
2
-15
-16
31
8
6
54
57
50
17
-5
-27
-17
40
43
39
89
87
101
105
144
163
126
130
145
169
177
167
163
168
193
147
160
138
100
25
-31
-42
-23
-15
-53
-64
-67
-77
-96
-118
-142
-108
-77
-104
-103
-44
-19
2
-36
-15
-1
-25
15
60
83
107
99
103
143
166
152
170
209
227
229
183
190
163
118
131
120
77
78
91
111
65
28
6
10
-12
-40
-41
-61
-98
-146
-144
-125
-154
-152
-183
-238
-227
-226
-152
-196
-177
-187
-182
-168
-231
-216
-194
-172
-161
-189
-172
-171
-136
-125
-146
-101
-91
-59
-53
-73
-80
-13
13
31
93
74
118
150
142
90
91
92
69
43
-5
-6
-25
-21
-14
-16
-45
-29
-9
-34
-27
-28
-23
-60
-43
-36
-31
-54
-102
-68
-82
-58
-67
-64
-20
6
-5
16
6
28
24
18
5
-38
-67
-72
-42
-78
-65
-13
-4
-16
-10
-43
-86
-103
-66
-98
-61
-43
-116
-90
-124
-96
-115
-112
-75
-102
-99
-93
-88
-97
-118
-103
-85
-93
-113
-130
-163
-136
-134
-202
-156
-151
-95
-159
-210
-183
-226
-261
-273
-263
-248
-250
-279
-274
-303
-294
-257
-239
-252
-258
-245
-213
-252
-238
-252
-277
-264
-255
-223
-200
-207
-214
-206
-199
-200
-209
-187
-128
-122
-78
-26
-79
-36
-36
-39
-6
-46
-48
-64
-25
-9
-27
-75
-88
-85
-104
-131
-113
-134
-155
-184
-255
-257
-236
-272
-269
-257
-248
-177
-173
-179
-141
-123
-180
-206
-194
-189
-163
-181
-180
-168
-133
-160
-185
-177
-193
-193
-189
-161
-142
-99
-126
-80
-88
-70
-66
-100
-85
-81
-85
-78
-53
-80
-77
-105
-124
-145
-161
-205
-238
-205
-233
-316
-286
-328
-315
-292
-281
-269
-302
-286
-300
-260
-298
-299
-289
-280
-224
-219
-186
-196
-204
-133
-148
-105
-88
-84
-4
-33
-62
-21
-30
-79
-74
-49
-13
-34
-33
-44
-92
-177
-191
-140
-109
-85
-85
-84
-76
-125
-138
-151
-151
-160
-135
-161
-160
-130
-194
-181
-204
-189
-170
-128
-149
-140
-145
-116
-114
-121
-112
-160
-121
-124
-131
-145
-176
-169
-136
-98
-88
-96
-100
-115
-146
-118
-137
-102
-106
-90
-38
-26
-4
37
43
59
106
83
64
45
61
25
51
14
-17
-44
-39
-52
-103
-117
-150
-149
-151
-149
-172
-144
-151
-112
-103
-98
-60
-104
-34
-34
-85
-63
-50
24
-26
-22
3
5
1
19
29
9
-31
16
7
-24
-54
-111
-54
-46
-42
-60
-59
-61
-81
-125
-110
-94
-90
-110
-121
-157
-150
-123
-98
-125
-133
-123
-83
-61
-68
-27
-63
-1
2
14
68
44
75
86
66
39
51
90
92
87
87
89
67
58
103
93
97
122
111
101
89
40
67
26
7
-31
-56
-38
-91
-56
-34
-36
-46
-18
-3
-10
35
20
41
41
56
100
100
91
81
118
87
72
64
33
16
8
26
6
61
21
13
21
-3
46
15
0
-8
-32
-32
-56
-22
-37
-31
-61
-30
25
14
22
31
25
65
107
126
154
127
134
138
145
141
142
129
128
126
114
120
121
127
145
225
166
147
216
187
222
201
225
213
152
181
182
163
164
153
109
113
124
142
173
165
186
169
164
161
133
155
134
67
81
115
116
153
131
134
74
29
14
19
30
9
61
39
29
56
33
24
14
4
42
-18
-25
-23
-32
6
-9
44
8
35
42
94
97
85
94
10
35
34
34
30
25
28
4
-75
-37
-50
-29
-33
-53
-74
-82
-84
-80
-53
-53
-57
-95
-81
-44
-51
-45
-3
4
28
27
23
51
37
43
35
10
78
81
74
62
54
92
77
85
62
31
-12
48
12
-7
-21
10
-12
-62
-24
-40
-25
-64
-67
-52
-62
-52
-70
-117
-118
-144
-101
-154
-143
-127
-148
-185
-201
-191
-170
-149
-167
-192
-171
-141
-153
-132
-111
-130
-169
-177
-176
-142
-218
-258
-240
-238
-270
-295
-245
-224
-168
-238
-233
-230
-292
-253
-237
-218
-176
-192
-193
-214
-244
-195
-223
-239
-194
-141
-136
-149
-109
-104
-91
-104
-65
-44
-41
-94
-162
-199
-225
-269
-275
-281
-298
-368
-390
-360
-363
-369
-404
-383
-323
-344
-361
-387
-399
-413
-453
-440
-471
-444
-398
-393
-425
-386
-398
-370
-344
-326
-301
-288
-295
-300
-258
-252
-234
-268
-288
-277
-286
-300
-349
-362
-349
-402
-395
-378
-403
-426
-451
-439
-437
-414
-457
-482
-441
-449
-450
-456
-483
-479
-474
-492
-431
-434
-400
-394
-436
-424
-464
-444
-482
-517
-548
-569
-534
-543
-552
-542
-512
-519
-502
-560
-501
-533
-619
-613
-657
-641
-614
-628
-605
-600
-650
-628
-590
-603
-556
-504
-505
-521
-560
-579
-534
-584
-593
-577
-568
-529
-504
-496
-524
-512
-500
-468
-474
-460
-428
-428
-473
-461
-461
-457
-436
-473
-447
-448
-508
-513
-481
-482
-468
-421
-450
-437
-405
-387
-402
-423
-421
-385
-416
-447
-427
-407
-458
-505
-514
-523
-529
-560
-519
-521
-498
-462
-421
-449
-423
-418
-435
-419
-428
-411
-423
-429
-436
-431
-454
-457
-459
-446
-435
-452
-440
-440
-434
-399
-392
-350
-386
-385
-366
-384
-361
-383
-385
-421
-422
-452
-486
-477
-438
-382
-370
-406
-376
-418
-426
-390
-412
-395
-401
-411
-412
-389
-403
-400
-396
-354
-365
-405
-423
-411
-383
-397
-408
-382
-313
-324
-282
-289
-271
-271
-311
-299
-301
-310
-282
-266
-265
-243
-282
-237
-209
-205
-200
-232
-214
-289
-288
-257
-296
-237
-264
-291
-279
-263
-250
-240
-202
-151
-144
-198
-206
-172
-183
-174
-141
-148
-139
-149
-153
-158
-174
-162
-206
-235
-187
-196
-125
-107
-149
-135
-155
-173
-181
-130
-107
-124
-126
-138
-173
-212
-185
-187
-168
-191
-200
-168
-156
-145
-151
-129
-116
-131
-143
-139
-104
-89
-84
-94
-93
-93
-108
-87
-108
-112
-104
-60
-98
-107
-130
-95
-51
-110
-89
-77
-102
-134
-71
-104
-99
-112
-130
-102
-92
-26
-33
-61
-96
-52
-45
-51
-30
-4
-11
52
41
37
19
9
21
-16
10
-48
-5
-1
-8
12
54
45
27
12
33
50
32
78
62
94
140
127
135
123
85
95
42
39
10
7
51
47
46
99
85
101
114
56
59
28
36
97
109
138
144
163
111
115
180
134
128
124
98
152
188
204
209
184
239
153
174
205
190
222
199
175
181
195
191
197
186
174
199
169
180
191
150
161
98
116
105
100
127
118
119
155
135
129
183
195
169
156
201
233
236
200
223
208
183
200
212
167
162
220
191
189
243
227
200
202
235
217
184
211
232
233
197
177
242
254
270
312
313
335
341
282
317
277
276
249
231
255
195
200
110
111
144
95
81
80
117
152
168
182
159
167
161
145
156
172
114
157
153
144
177
203
161
168
210
170
190
188
226
246
218
239
270
283
284
229
207
212
202
206
183
208
174
202
216
204
216
159
162
172
169
134
178
163
167
177
192
192
174
158
166
156
92
124
133
142
162
213
211
227
211
174
201
216
271
296
314
234
228
235
233
260
216
192
171
136
131
159
180
168
153
157
144
133
149
142
127
137
176
194
188
186
184
164
144
112
107
107
137
177
146
140
170
217
182
188
231
222
221
273
308
252
201
195
178
152
161
207
221
233
255
261
226
196
183
173
189
189
179
179
192
177
156
149
135
116
80
126
122
32
38
98
126
131
111
157
119
129
131
123
152
145
108
116
137
127
144
118
138
168
153
169
155
125
196
223
195
232
204
129
93
98
146
142
133
145
131
158
133
120
133
134
126
99
113
84
133
127
146
157
129
130
148
138
156
130
149
139
114
95
92
109
131
130
121
135
131
140
140
149
110
103
112
116
144
119
135
198
184
164
159
174
204
206
204
192
198
201
184
167
146
109
103
138
110
103
110
89
67
39
55
64
87
43
30
77
28
35
15
22
9
-8
7
-35
-64
-49
-32
-19
-9
-38
9
-32
-43
-69
-64
-31
-20
-12
5
4
41
77
108
92
71
54
46
25
28
14
50
90
94
112
76
73
40
74
67
41
70
51
37
63
99
120
125
146
123
167
139
141
125
103
109
82
127
121
110
87
96
71
104
109
48
92
75
63
90
94
105
119
101
59
56
48
63
37
28
29
-3
-10
-31
-65
-44
-26
-64
-93
-79
-55
-64
-59
-17
13
3
21
81
35
-5
18
35
-8
13
37
84
83
65
84
98
146
107
109
145
119
114
146
159
104
96
117
38
60
-7
-75
-17
-37
-58
-81
-39
-77
-99
-67
-58
-52
-35
-50
-36
-24
-27
-6
8
-19
18
36
48
58
7
42
81
74
74
49
60
103
97
56
59
52
5
-21
-58
-24
-8
-20
8
-17
-42
-12
-31
-71
-8
1
18
13
24
0
8
16
-19
35
61
107
62
94
84
32
73
35
74
74
90
134
150
159
178
183
161
223
192
117
161
115
98
114
125
143
145
143
122
119
133
98
54
51
113
100
81
60
49
59
40
0
2
31
11
-28
-56
-94
-120
-76
-57
0
-3
34
23
-8
-11
14
34
52
7
10
68
11
37
50
40
54
57
29
20
59
60
51
75
116
81
102
138
151
134
161
169
138
120
98
113
132
126
175
193
184
185
172
178
167
133
127
123
121
117
153
175
125
175
178
145
134
143
111
90
75
83
106
86
79
83
69
65
48
45
22
16
52
42
67
86
108
95
138
131
109
169
105
145
197
147
126
148
141
182
140
89
26
36
42
18
93
93
108
125
121
71
67
61
24
27
6
41
51
36
1
32
51
36
41
87
75
83
130
109
126
123
98
80
118
121
116
124
160
121
103
102
57
109
99
84
125
148
137
205
212
217
190
208
236
205
201
158
144
144
154
114
111
113
146
147
196
168
106
130
93
100
75
118
92
96
107
81
65
49
77
57
53
7
9
31
28
58
44
44
49
70
65
43
47
109
157
146
154
143
141
161
193
205
159
132
174
175
131
135
123
113
121
121
118
123
100
117
95
109
96
37
40
-12
-35
-42
-69
-12
-48
-65
-97
-102
-25
-73
-59
-24
35
58
49
74
86
25
41
91
109
146
139
154
152
126
122
105
103
123
136
141
139
163
177
176
212
204
182
181
175
176
180
148
133
131
104
79
58
42
29
27
0
31
1
-7
44
10
66
99
116
125
121
177
136
130
169
134
139
96
93
97
59
72
47
61
68
80
96
161
178
196
229
264
277
304
294
297
294
253
247
191
189
152
83
101
55
86
94
97
64
40
91
91
77
40
42
26
7
-24
-31
-11
-5
12
47
42
9
-5
50
72
68
67
116
120
121
103
123
148
108
144
148
174
126
116
125
115
56
73
108
114
139
88
88
64
67
49
22
67
50
47
37
48
47
61
39
28
58
62
127
132
84
99
119
61
107
111
102
88
77
123
130
108
90
121
119
109
104
159
141
126
169
150
144
118
138
107
121
112
100
118
73
99
105
49
70
105
100
125
136
173
196
149
119
147
126
136
124
129
130
109
148
157
153
127
99
109
96
138
165
165
166
175
154
115
92
91
76
66
36
-11
68
78
56
90
109
170
201
212
198
209
196
179
144
116
124
83
38
-16
4
47
55
38
39
81
142
159
192
216
185
171
210
219
186
198
209
186
118
75
52
50
51
98
72
97
103
107
153
93
132
107
138
152
117
104
59
50
56
66
7
-2
3
-13
23
5
26
35
59
54
107
131
114
109
77
112
150
138
111
155
150
129
161
96
75
93
102
130
117
140
159
131
161
136
113
144
129
110
119
120
121
96
40
37
21
74
44
-5
7
38
54
55
100
61
95
157
147
193
184
136
123
122
133
135
140
130
92
114
53
69
64
81
173
182
180
203
245
261
236
208
258
216
176
158
125
108
137
157
157
171
221
226
193
193
230
181
193
211
207
228
193
246
199
143
157
178
151
143
145
163
119
100
102
80
74
69
94
90
132
104
73
67
134
118
44
65
36
36
72
68
41
5
23
35
69
69
62
55
44
71
48
8
-19
-31
-32
-42
-30
-37
-21
-11
-8
-18
-5
27
40
40
54
44
29
-14
-16
-13
-56
-23
4
18
62
70
81
146
133
137
116
130
172
144
123
189
176
133
166
167
165
129
179
155
125
153
153
147
89
74
84
45
39
63
61
36
-25
-29
-2
-3
13
-4
-16
-11
-31
-10
1
-17
-2
-44
-42
-49
-98
-71
-54
-105
-80
-38
-31
-50
5
16
2
34
23
21
-1
-29
27
24
49
87
100
131
109
97
39
31
-5
-12
-42
-57
-4
-2
10
-7
19
29
-4
14
57
18
-12
-40
-33
-31
-33
-63
-128
-129
-148
-149
-106
-105
-113
-118
-126
-115
-73
-64
-81
-15
-46
-54
-62
33
27
3
26
-31
-21
-1
23
-24
0
-2
-22
-2
19
36
3
-22
-35
-10
6
9
11
-32
-31
-10
6
40
63
46
30
22
-18
7
24
18
16
-3
-4
0
15
-3
-55
-27
-26
-48
20
-5
19
-3
-20
-46
-86
-86
-61
-51
-48
-5
22
40
14
42
28
20
19
-20
10
29
24
26
22
65
29
34
21
36
40
2
-17
-7
31
15
-17
-39
-31
-72
-93
-61
-52
-40
21
-25
-20
-16
-50
-41
-72
-47
-64
-98
-79
-152
-113
-76
-82
-98
-133
-97
-138
-93
-131
-89
-35
-80
-43
-49
-51
-60
-61
-12
-60
-76
-55
-50
-15
-57
-42
-43
-46
-18
-42
-3
-9
1
55
57
46
56
51
4
-6
32
40
27
13
10
16
-9
-23
-38
-52
-66
-83
-42
-47
-23
-11
36
20
2
18
-14
-32
-63
-58
-63
-52
-31
-5
-42
-52
-56
-59
-35
-10
24
53
69
58
68
57
79
104
127
152
79
52
58
119
110
83
91
79
96
70
49
96
62
95
132
111
140
108
59
97
109
106
108
97
95
97
99
31
23
23
15
31
11
-49
-14
8
-20
49
56
64
79
84
137
134
151
175
159
111
55
104
124
118
107
119
121
137
127
99
91
79
78
66
65
95
42
62
75
27
74
78
55
74
84
40
17
41
78
59
50
58
47
62
62
50
81
60
82
122
117
98
82
96
93
89
17
32
56
31
46
21
40
43
22
27
59
9
-4
22
8
21
-27
27
52
59
69
70
73
65
81
77
96
84
116
141
153
145
168
187
184
154
187
154
87
117
141
116
42
48
25
47
65
-6
7
17
14
15
38
62
41
75
104
82
57
94
85
75
85
101
64
60
28
-26
1
-8
-14
24
34
2
17
20
47
46
39
73
90
113
127
75
98
105
100
98
93
53
56
50
-8
-14
-27
-34
-28
-31
-34
-11
-5
1
-38
-2
34
78
63
32
65
46
50
-12
-44
-4
10
58
46
55
103
103
87
92
69
38
7
24
63
16
8
7
-17
17
31
1
-3
6
-20
3
31
41
67
83
82
56
99
99
101
108
39
121
142
151
165
128
110
118
143
93
91
131
98
71
53
25
37
42
37
43
61
90
129
114
131
136
115
141
209
213
186
189
170
137
130
119
88
82
134
82
79
111
100
149
124
109
117
145
136
135
115
84
55
30
49
37
40
-1
-9
33
70
60
21
70
81
76
73
75
75
131
144
172
179
176
195
186
105
129
186
170
191
190
241
220
230
223
226
254
229
194
249
219
238
221
193
272
239
239
271
252
242
270
238
228
230
253
253
259
224
234
229
237
198
172
234
189
217
