SAMPLES:	16977
BITSPERSAMPLE:	16
CHANNELS:	1
SAMPLERATE:	16000
NORMALIZED:	FALSE
153
132
103
129
120
15
34
7
14
4
-63
-82
-73
-65
-89
-24
-39
-38
17
-19
50
37
-21
3
-2
15
0
51
45
38
54
74
52
52
114
44
50
92
101
83
97
86
103
107
108
103
8
25
57
48
41
69
66
59
54
68
78
79
97
97
129
87
117
137
126
78
111
101
102
122
75
51
51
54
18
30
-18
-42
33
-8
-46
-68
-64
-66
-81
-47
-80
-85
-67
-52
-60
-109
-123
-97
-90
-84
-78
-37
-6
36
33
28
30
51
40
33
59
13
27
35
43
99
58
31
2
-45
-31
-39
-17
17
7
3
18
55
70
66
48
49
13
-3
-6
-33
-48
-66
-47
-26
-42
-43
-47
-55
-7
-8
-29
-10
-16
-32
-13
-55
-40
-16
-14
8
-10
-15
13
61
54
59
77
49
52
46
28
39
-2
-22
4
21
33
85
53
53
47
50
78
31
9
33
23
17
14
-48
-35
-42
-81
-76
-71
-99
-82
-65
-68
-32
-20
-28
18
35
20
-23
-28
9
-12
-1
-9
12
12
36
4
19
41
17
-5
26
10
39
69
30
104
98
54
88
88
66
81
107
40
32
66
17
26
38
24
60
51
12
2
26
39
46
42
56
70
64
97
119
61
47
57
49
80
54
68
53
40
15
-11
21
-5
0
50
15
63
61
76
58
43
40
23
25
27
4
-21
4
-40
-12
-69
-100
-107
-105
-71
-96
-62
-114
-120
-86
-104
-104
-127
-96
-66
-75
-68
-59
-66
-107
-146
-148
-135
-131
-125
-92
-15
1
-12
31
55
71
63
68
143
127
117
164
166
175
171
160
149
165
165
81
59
33
53
25
2
-3
-26
-14
-16
-22
-52
-88
-87
-88
-88
-46
0
4
-7
16
20
42
56
30
18
27
23
24
24
62
37
52
62
36
40
42
28
38
44
50
-4
-65
-31
-50
-96
-53
-13
-65
-60
-29
-18
41
10
-11
-17
-44
-48
-50
-44
-3
-19
-66
-63
-60
-64
-99
-114
-65
-31
-16
-10
-56
-51
-26
36
8
20
69
3
-20
-17
-74
-113
-95
-93
-101
-84
-73
-63
-73
-79
-71
-49
-58
-52
-31
-24
-43
-30
-7
15
-3
-44
-56
-9
-4
-14
-6
12
1
-29
-8
-54
-62
-61
-10
37
24
16
-10
-31
-49
-38
-53
-89
-72
-30
-53
-46
-23
-13
-15
-31
-19
-24
-18
-19
-81
-68
-97
-97
-27
-43
-29
-50
-54
0
9
-20
-92
-86
-55
-75
-87
-96
-79
-60
-77
-84
-125
-99
-126
-80
-86
-90
-83
-76
-54
-76
-67
-166
-103
-114
-116
-121
-110
-89
-105
-96
-75
-91
-114
-67
-75
-33
-70
-45
10
-26
-42
-58
-53
-80
-57
-81
-91
-73
-106
-91
-104
-88
-45
-41
-81
-83
-95
-103
-98
-75
-86
-78
-51
-65
-49
-37
-38
-50
-39
-37
-21
-54
-46
-36
-66
-81
-77
-68
-59
-45
-71
-41
-65
-109
-93
-87
-110
-98
-118
-143
-165
-133
-119
-133
-84
-91
-114
-125
-69
-52
-56
-22
-56
-57
-115
-126
-109
-124
-92
-86
-62
-42
-13
-9
28
-6
32
19
-18
32
87
61
70
102
53
39
19
-11
-13
-42
-76
-68
-74
-124
-151
-88
-112
-84
-92
-104
-97
-107
-94
-138
-120
-92
-144
-127
-140
-124
-115
-158
-178
-164
-155
-183
-177
-170
-188
-163
-191
-186
-121
-118
-81
-96
-100
-98
-97
-55
-42
-29
-22
-42
-79
-97
-135
-124
-94
-101
-108
-78
-104
-86
-95
-115
-118
-159
-169
-176
-138
-155
-238
-197
-190
-199
-176
-193
-186
-188
-200
-154
-165
-240
-216
-226
-224
-167
-111
-122
-150
-83
-75
-77
-71
-106
-137
-151
-140
-122
-107
-107
-68
-64
-59
-47
-3
29
38
45
-6
-47
-35
-36
-31
-23
-17
-50
-78
-37
-60
-46
-42
-77
-146
-150
-147
-124
-99
-84
-36
-65
-53
-49
-28
8
-46
-54
-66
-75
-63
-81
-62
-70
-58
-24
-25
-60
-70
-6
31
47
84
72
63
81
92
74
44
-14
36
-19
-48
22
11
19
-36
-52
-12
-48
-56
-37
5
9
19
-1
12
-1
-25
-22
-29
33
-3
-3
-43
-58
-25
14
33
-15
-24
8
-30
31
36
38
59
70
84
63
94
72
50
-5
-26
-34
-59
-77
-16
47
59
69
125
126
95
104
117
92
60
53
61
120
119
106
154
103
138
129
118
111
58
24
12
80
46
65
90
115
88
71
129
114
111
101
78
61
83
56
25
70
62
40
29
40
49
25
5
-5
-2
-27
-18
0
8
29
98
62
66
68
98
112
90
111
129
152
112
106
117
110
143
126
126
186
187
204
202
188
139
117
86
105
91
125
117
82
117
122
92
94
97
104
70
62
103
85
71
67
39
21
47
32
85
86
93
144
75
80
88
103
82
90
65
28
39
26
51
17
57
86
100
107
97
98
99
93
106
105
133
126
82
98
65
26
-35
-17
-23
-25
-45
-24
-11
-62
-29
-26
-14
-17
-5
26
10
-9
-24
21
7
27
-3
-18
-21
-54
-33
-19
-2
3
14
1
21
-10
3
25
16
-5
21
21
4
2
15
68
48
38
34
28
0
-60
-71
-42
-38
-46
-60
-106
-111
-134
-93
-65
-73
-72
-57
-32
-32
0
10
24
28
38
-5
-39
-46
-33
-77
-57
-66
-86
-68
-90
-59
-96
-113
-98
-102
-145
-154
-152
-95
-135
-130
-113
-110
-74
-26
-57
-86
-73
-36
-47
-85
19
23
-17
12
0
20
-8
14
7
-57
-58
-73
-56
-36
1
-17
-25
31
35
2
-59
-67
-106
-102
-115
-161
-173
-178
-208
-222
-231
-180
-167
-179
-149
-176
-169
-110
-102
-57
-78
-28
7
-28
-12
-51
-60
-63
-47
-34
-54
-22
0
20
62
40
59
54
77
78
98
105
91
83
95
70
80
94
71
48
58
29
-2
60
42
-11
-17
-29
1
19
-50
-83
-53
-71
-58
-27
-30
-70
-60
-71
-104
-59
-88
-106
-137
-128
-116
-87
-36
-44
-12
28
26
-5
8
13
44
49
27
32
-6
32
31
21
72
44
32
7
25
55
56
29
-10
9
17
-5
-7
8
-39
-7
-43
-39
-4
-46
-62
-56
-41
-51
-69
-68
-41
-36
33
24
22
42
28
-18
6
15
-12
29
22
25
26
46
56
51
61
76
92
87
93
112
121
150
135
137
104
123
81
37
42
13
60
75
137
94
93
130
136
121
104
121
149
121
123
173
160
139
139
122
111
139
124
49
47
55
74
131
114
96
161
212
171
155
136
142
133
136
149
118
117
143
89
97
142
134
161
143
148
143
211
209
189
182
163
172
185
202
219
192
204
216
215
244
259
271
231
244
203
184
190
193
222
202
178
188
193
158
141
151
142
100
99
103
83
97
85
112
54
63
96
88
100
40
69
2
14
-13
-28
79
62
76
83
119
134
160
182
165
144
115
134
149
155
158
159
189
186
192
158
147
168
146
141
121
100
116
81
95
129
129
123
107
130
127
103
65
88
67
50
45
10
41
63
60
61
54
36
35
0
44
75
3
12
-2
40
40
35
60
65
51
-18
31
18
30
14
13
-4
12
60
50
95
39
100
57
91
77
83
88
31
35
14
-8
-19
-5
-22
-88
-103
-71
-56
-8
4
-16
-4
-29
-30
13
7
6
12
3
-16
-14
-76
-99
-70
-52
-52
-56
-51
30
-9
28
33
-39
-30
-28
0
4
39
-21
6
38
54
39
-7
25
-2
-47
-25
-22
-21
-57
-61
-42
-84
-97
-86
-132
-162
-141
-125
-164
-162
-144
-196
-238
-262
-175
-209
-183
-171
-189
-162
-182
-174
-177
-171
-211
-249
-239
-212
-191
-225
-179
-158
-136
-84
-72
-88
-105
-110
-121
-105
-126
-135
-126
-108
-116
-163
-135
-162
-206
-196
-207
-251
-292
-232
-238
-247
-236
-260
-206
-172
-227
-289
-285
-261
-270
-320
-290
-282
-310
-293
-240
-232
-221
-204
-202
-186
-165
-154
-197
-171
-195
-162
-151
-164
-155
-150
-150
-165
-174
-203
-194
-195
-180
-221
-248
-234
-236
-237
-242
-221
-226
-241
-243
-223
-257
-265
-281
-257
-268
-269
-258
-256
-229
-230
-260
-278
-219
-235
-224
-209
-243
-279
-271
-252
-259
-237
-259
-308
-341
-373
-359
-361
-326
-330
-354
-324
-351
-346
-349
-278
-259
-310
-301
-326
-243
-248
-256
-231
-217
-198
-201
-175
-179
-180
-232
-220
-190
-196
-193
-156
-141
-180
-163
-187
-224
-253
-253
-296
-296
-272
-272
-285
-257
-259
-275
-288
-292
-289
-273
-286
-314
-319
-276
-237
-222
-216
-244
-183
-204
-216
-253
-245
-243
-262
-221
-241
-232
-224
-286
-254
-184
-201
-214
-234
-203
-203
-201
-195
-196
-205
-186
-264
-272
-252
-260
-230
-195
-212
-197
-206
-220
-205
-158
-105
-138
-141
-164
-176
-162
-160
-163
-152
-113
-119
-133
-82
-123
-143
-164
-183
-216
-246
-272
-324
-319
-296
-315
-255
-261
-224
-189
-214
-226
-157
-159
-191
-172
-182
-208
-186
-176
-177
-136
-127
-126
-110
-77
-62
-94
-87
-59
-35
-47
-60
-85
-79
-63
-109
-97
-143
-125
-194
-289
-336
-320
-278
-252
-256
-291
-308
-297
-306
-271
-281
-261
-237
-248
-210
-171
-130
-160
-169
-233
-201
-187
-192
-196
-213
-179
-188
-127
-105
-81
-16
-47
-32
-27
-36
2
-47
-17
-38
-77
-108
-89
-81
-120
-154
-160
-180
-167
-158
-204
-179
-203
-189
-170
-160
-204
-243
-242
-221
-208
-165
-173
-192
-144
-149
-164
-155
-188
-140
-102
-132
-81
-109
-85
-23
-93
-100
-47
-84
-83
-1
-35
-31
4
-29
-41
-9
-18
-58
-60
-116
-156
-133
-133
-147
-114
-116
-140
-132
-156
-134
-131
-172
-138
-166
-193
-170
-173
-146
-166
-190
-155
-183
-163
-145
-148
-122
-157
-173
-177
-214
-237
-237
-197
-229
-203
-199
-165
-165
-154
-113
-80
-82
-114
-83
-68
-72
-98
-91
-98
-100
-114
-110
-95
-62
-70
-73
-41
-56
-29
25
45
31
28
56
11
-23
-44
-39
-23
-14
-12
-21
-53
-61
-102
-109
-85
-119
-136
-145
-127
-134
-136
-117
-128
-145
-109
-126
-127
-127
-136
-139
-123
-70
-71
-67
-69
-60
-55
-79
-55
-23
-94
-96
-121
-103
-64
-95
-110
-84
-88
-96
-47
-19
-43
-32
21
-9
6
8
-36
-19
-8
-4
18
-1
-32
-31
-32
-66
-24
-9
-38
-57
-67
-81
-126
-153
-164
-141
-146
-171
-203
-186
-160
-173
-150
-189
-156
-119
-105
-150
-115
-104
-53
-78
-44
-49
-77
-37
-50
-25
-34
29
-34
-47
-36
-25
-5
-13
4
5
9
36
-23
-11
-5
-37
16
3
-23
-63
-56
-80
-65
-75
-93
-137
-148
-139
-192
-214
-207
-190
-201
-155
-174
-179
-161
-163
-107
-136
-80
-48
-108
-74
-83
-64
-17
2
-27
-29
-20
-63
-36
4
-9
13
49
38
35
48
53
47
14
10
25
7
-14
2
-49
-42
-15
-17
-27
-57
-81
-133
-124
-112
-120
-137
-135
-116
-119
-125
-98
-119
-130
-127
-114
-127
-147
-142
-88
-97
-139
-129
-93
-86
-98
-52
-56
-47
-56
-56
-66
-6
17
15
15
12
-17
23
19
4
20
-29
-39
-12
-7
-60
-107
-130
-114
-126
-77
-61
-137
-142
-130
-125
-141
-131
-107
-96
-107
-85
-95
-136
-118
-143
-143
-110
-157
-129
-95
-64
-25
-40
-49
-30
-27
-27
0
8
33
46
1
-10
-25
-9
-18
-28
6
-6
-5
-7
-17
5
32
14
-25
-77
-75
-23
16
-31
-19
-22
-71
-44
-53
-84
-133
-131
-165
-171
-167
-216
-183
-217
-235
-186
-184
-180
-183
-167
-188
-148
-142
-125
-113
-154
-138
-122
-87
-82
-82
-72
-93
-87
-73
-57
-33
10
8
-20
-8
-21
-4
-49
-22
-41
-39
-16
-29
-71
-93
-125
-122
-73
-100
-114
-91
-106
-107
-74
-61
-40
-85
-82
-98
-125
-86
-65
-122
-145
-146
-154
-159
-186
-158
-187
-162
-112
-141
-126
-155
-80
-67
-67
-101
-102
-81
-126
-94
-161
-161
-153
-173
-137
-152
-180
-130
-103
-79
-51
-62
-68
-67
-72
-69
-65
-11
-30
-72
-70
-104
-120
-139
-140
-98
-115
-141
-134
-166
-160
-125
-142
-213
-217
-139
-157
-160
-134
-143
-139
-123
-109
-115
-141
-85
-81
-150
-91
-62
-57
-96
-126
-82
-82
-36
-11
-42
-69
-38
-38
-47
-52
8
4
18
32
22
35
16
-29
-9
-17
-23
-70
-102
-93
-98
-87
-104
-128
-171
-155
-146
-124
-143
-178
-140
-133
-169
-156
-137
-169
-175
-146
-133
-107
-63
-86
-89
-82
-98
-69
-111
-80
-94
-105
-87
-124
-119
-97
-106
-90
-110
-102
-56
-86
-79
-88
-66
-50
-76
-117
-132
-128
-120
-134
-106
-73
-54
-43
-77
-61
-84
-113
-89
-98
-129
-101
-100
-84
-94
-107
-94
-89
-136
-116
-113
-142
-103
-135
-128
-143
-133
-89
-48
-54
-72
-36
2
-14
-21
-15
-22
-28
-58
-100
-118
-85
-96
-101
-118
-119
-102
-73
-51
-113
-111
-123
-109
-65
-43
-22
-58
-34
-54
-45
-32
-43
-63
-83
-83
-80
-75
-74
-63
-47
-22
-32
-75
-66
-126
-119
-129
-100
-100
-112
-63
-54
-65
-82
-69
-53
-58
-55
-77
-100
-67
-48
-21
-73
-15
-24
-47
-54
-36
-72
-73
-71
-46
-35
-52
-21
-28
-12
-25
-52
-102
-87
-95
-83
-70
-100
-49
-57
-14
-17
-44
-13
-21
-21
-21
-12
-48
-61
-87
-25
5
-17
-12
-44
-41
-36
-78
-136
-73
-49
-43
15
12
24
36
4
0
20
12
1
34
-9
-33
8
-39
-27
2
6
35
-11
-17
-59
-60
-18
-21
25
-8
-45
-9
12
6
-38
-62
-59
-103
-88
-84
-53
-48
-23
12
30
45
-46
-57
-62
-79
-92
-164
-168
-131
-95
-126
-113
-85
-119
-120
-125
-91
-72
-38
-7
-2
13
11
-23
-23
-42
-28
-22
-71
-85
-69
-60
-74
-73
-45
-71
-43
-77
-25
-8
-72
-53
-113
-70
-75
-94
-136
-111
-91
-102
-109
-129
-120
-179
-169
-177
-151
-165
-123
-76
-79
-42
-22
-55
-79
-42
-63
-66
-78
-83
-64
-67
-41
-29
-46
27
-5
-51
-66
-74
-75
-64
-83
-79
-103
-93
-75
-131
-118
-143
-156
-151
-132
-126
-103
-114
-109
-97
-96
-65
-80
-49
-36
-54
-64
-60
-48
-13
-41
-23
-29
-35
-41
-49
-50
-44
-56
-18
16
-64
-62
-62
-50
-53
-36
-73
-104
-103
-106
-110
-136
-96
-94
-62
-49
-3
-45
-90
-41
-88
-86
-74
-80
-65
-99
-110
-98
-74
-83
-100
-71
-89
-114
-130
-120
-129
-78
-42
-53
-91
-110
-89
-133
-94
-92
-144
-150
-133
-125
-149
-168
-175
-175
-164
-209
-201
-206
-236
-168
-168
-189
-179
-144
-132
-152
-151
-166
-172
-167
-185
-203
-215
-225
-240
-212
-251
-300
-220
-245
-208
-202
-229
-206
-207
-199
-234
-217
-222
-225
-213
-185
-234
-239
-221
-233
-183
-177
-187
-191
-153
-199
-152
-129
-120
-34
-37
-79
-105
-102
-100
-101
-114
-119
-111
-123
-157
-187
-124
-131
-171
-122
-152
-152
-121
-110
-100
-103
-88
-99
-112
-95
-146
-174
-138
-151
-105
-160
-189
-160
-168
-182
-173
-144
-162
-109
-127
-171
-127
-100
-140
-162
-175
-177
-176
-180
-160
-171
-184
-206
-197
-157
-116
-112
-120
-93
-86
-17
-34
-38
-25
-43
-67
-46
-72
-87
-28
-43
-16
-52
-41
-62
-62
-53
-67
-94
-124
-112
-122
-102
-94
-83
-108
-113
-167
-170
-167
-168
-201
-190
-207
-229
-178
-208
-189
-244
-251
-228
-209
-215
-192
-147
-171
-111
-121
-155
-131
-92
-127
-102
-107
-112
-139
-95
-83
-150
-109
-119
-89
-102
-115
-127
-153
-135
-156
-185
-155
-142
-137
-129
-100
-100
-123
-152
-93
-94
-91
-55
-67
-103
-99
-73
-80
-95
-55
-83
-128
-74
-46
-36
-88
-80
-20
-70
-58
-29
-50
-43
-93
-88
-99
-62
-68
-72
-80
-68
-76
-79
-60
-101
-48
-54
-90
-88
-135
-133
-137
-141
-138
-152
-179
-135
-147
-222
-162
-151
-127
-164
-194
-136
-125
-124
-127
-132
-133
-126
-112
-86
-107
-50
8
4
7
8
-7
7
-34
0
-23
-63
-5
-31
-40
-18
-68
-68
-39
-114
-123
-138
-152
-162
-126
-95
-123
-128
-59
-39
-117
-74
-89
-123
-105
-130
-146
-137
-126
-129
-117
-161
-140
-158
-152
-129
-149
-163
-165
-119
-92
-113
-114
-119
-78
-58
-81
-44
-33
-37
-35
-37
-14
4
13
4
6
22
54
21
2
28
-32
-71
-46
-40
-73
-94
-11
-37
-17
22
-13
6
-69
-71
-110
-84
-91
-158
-133
-125
-105
-105
-100
-112
-100
-103
-69
-89
-75
-100
-95
-65
-83
-47
-55
-63
-78
-81
-100
-124
-89
-103
-99
-97
-56
10
25
39
61
35
-22
-10
-52
-44
-54
-31
-21
-4
-21
-15
-14
-70
-58
-13
25
2
-4
-16
11
-44
-67
-6
-42
-88
-117
-188
-180
-166
-137
-158
-163
-111
-122
-132
-149
-127
-182
-130
-118
-101
-79
-117
-99
-135
-156
-152
-138
-154
-133
-120
-93
-66
-34
-27
-34
53
-9
-37
12
3
-31
-24
-12
-28
-48
-69
-60
-82
-77
-65
-81
-96
-107
-128
-171
-135
-114
-71
-35
-29
-9
-30
28
18
11
34
2
4
11
51
100
74
97
117
158
187
156
166
154
226
224
164
142
138
146
102
162
147
114
86
135
153
73
39
6
-6
6
-10
-6
-1
-28
27
-29
-8
49
-3
-25
-11
-27
-64
-61
-96
-62
-6
42
29
29
34
-8
49
-13
7
49
57
50
14
44
67
68
28
45
26
-4
-1
38
63
56
87
60
105
88
58
74
35
-1
22
-7
-38
40
66
47
16
73
65
35
60
78
69
90
67
53
41
16
-24
-30
-19
-67
-58
-55
-61
-55
-19
-37
3
72
107
106
87
109
75
53
46
67
50
40
45
24
64
9
17
32
53
35
40
71
107
130
110
149
137
98
131
134
77
145
75
84
152
134
194
171
179
180
166
196
244
215
155
149
161
121
62
59
60
64
100
125
137
105
61
53
68
75
85
100
70
105
93
95
56
59
32
9
53
77
87
100
105
133
137
100
86
79
70
109
106
90
58
90
133
118
100
48
64
48
62
-2
25
6
-23
35
-42
8
-1
-15
34
82
143
137
135
150
154
137
86
76
106
112
89
90
86
92
99
117
156
161
169
124
162
139
153
185
181
204
153
169
165
138
99
95
59
44
80
82
90
103
109
121
81
54
34
68
19
-2
-5
-28
-56
-59
-51
-32
-10
-17
4
51
68
52
104
100
118
96
92
84
78
74
22
6
-6
1
45
36
-42
-31
10
34
36
52
52
46
90
124
148
152
116
151
162
145
150
116
140
90
112
85
74
80
54
22
14
53
36
32
30
16
-12
12
-30
-37
-21
-29
23
-8
-41
-54
-42
-70
-28
-17
-23
-22
-27
-48
-34
-17
-66
-30
21
56
91
79
86
96
148
148
197
194
176
167
115
138
113
133
94
103
137
110
106
116
108
23
53
73
84
123
104
42
-7
31
47
38
2
42
0
49
71
56
78
65
80
58
29
38
7
-20
-4
-23
-22
-25
-2
30
59
95
63
64
71
119
102
77
75
56
62
39
28
19
9
-21
-59
-83
-46
-12
-34
-40
-22
-79
-32
-43
-29
-10
-50
-23
-5
-3
13
54
62
5
13
19
11
-38
-24
12
34
60
22
91
79
55
60
113
83
21
41
33
25
-10
-32
-10
6
-16
-40
-63
-57
-14
-23
-62
-68
-84
-90
-67
-58
-106
-46
-88
-28
-41
-76
-63
-73
-6
-49
43
7
10
16
19
41
20
-38
-82
-38
-47
-45
-20
-21
-51
-47
-58
-40
-8
-21
-29
-42
-53
-39
-45
-37
-35
-47
-40
-87
-78
-61
-94
-61
-60
-68
-29
-10
46
39
22
-1
-12
-12
-8
-48
-28
-16
-56
-48
-35
-22
5
-2
41
66
40
40
36
45
14
17
3
11
19
35
10
-51
-53
-76
-51
-13
-50
-8
20
11
-3
22
58
59
53
68
76
32
43
14
1
-33
-34
-37
-61
-48
1
-12
18
72
47
105
114
154
152
117
102
134
84
42
35
67
39
-4
-28
-43
-5
31
37
27
80
77
84
77
98
94
104
85
29
-2
6
19
-15
-17
-30
-23
-33
-64
-25
-20
-4
23
53
65
87
94
87
85
96
101
67
58
57
30
75
70
68
92
97
122
162
135
83
136
115
95
125
60
53
85
63
28
53
64
19
28
16
-8
11
7
4
8
-11
12
3
-35
-20
23
67
36
27
26
55
68
58
28
26
7
33
33
66
93
80
96
61
95
63
50
58
-29
-26
-1
-23
-36
-15
-47
-95
-119
-102
-62
-145
-125
-60
-48
-13
37
18
-2
19
23
18
-5
21
4
-40
-3
-38
-44
-55
-66
-23
8
11
-36
-51
-35
9
53
58
74
69
87
91
92
106
78
87
77
3
61
66
18
73
79
39
3
-15
24
10
-34
-3
-5
-42
-55
-44
-45
-45
-37
10
-48
4
14
-21
22
37
61
58
47
-18
26
67
64
48
31
52
32
48
71
42
52
84
105
88
133
157
132
148
154
131
118
127
114
56
41
25
33
0
9
47
23
38
53
16
38
18
52
81
113
106
96
129
98
103
86
75
65
-20
-5
36
43
49
64
46
111
145
105
134
131
88
65
93
52
42
29
35
45
10
4
-13
-47
-5
-5
-41
-30
-32
-38
-74
-64
-6
-9
-4
77
49
89
73
46
78
-2
14
-13
32
53
27
39
55
42
58
58
16
30
11
69
94
88
67
51
83
43
22
9
12
25
3
17
-29
12
33
8
0
-36
-23
-49
-37
-48
5
-18
-35
-72
-103
-85
-91
-66
-57
-78
-91
-67
-22
41
50
58
49
9
13
-7
-34
-49
-35
-49
-37
-38
-53
-67
-105
-84
-57
-95
-86
-95
-95
-86
-104
-85
-91
-72
-58
-85
-78
-100
-106
-114
-156
-129
-127
-122
-85
-104
-75
-110
-96
-45
-43
-15
-71
-101
-103
-53
-47
-68
-50
-51
-70
-92
-105
-105
-103
-112
-93
-76
-71
-76
-87
-110
-105
-112
-115
-72
-121
-93
-85
-92
-57
-112
-112
-55
-118
-111
-116
-152
-65
-27
-25
-58
-42
-29
-43
-50
-53
-66
-70
-77
-24
-1
-5
12
-22
-16
44
3
-2
-49
-14
4
2
8
10
64
44
64
76
24
20
37
36
66
12
18
-5
21
68
52
45
-2
-35
-71
-126
-101
-66
-40
20
-3
23
66
106
113
85
66
73
39
48
105
46
76
82
69
36
27
-6
-1
36
-2
26
13
16
58
66
64
85
91
102
84
58
27
27
-1
4
-13
-55
-34
-83
-97
-70
-88
-83
-67
-48
-41
-31
11
13
-25
19
6
-15
-2
-5
38
-19
-4
48
15
87
68
97
121
109
147
131
160
168
157
137
144
176
173
206
180
204
214
198
175
187
231
171
137
101
123
109
56
50
106
113
91
99
112
123
131
115
138
108
110
138
107
110
133
159
94
121
157
154
195
189
186
186
199
188
213
243
207
209
145
95
141
140
160
176
159
186
167
164
207
158
99
133
106
56
60
128
125
116
142
173
180
154
137
132
144
124
135
198
189
197
198
184
225
221
224
164
162
184
174
188
207
200
180
150
185
178
187
185
160
169
155
136
110
125
137
150
137
124
165
111
76
68
47
46
-1
48
62
65
51
108
123
135
185
187
193
198
171
155
191
162
173
162
162
207
215
209
262
253
286
332
285
344
284
279
246
227
245
239
233
275
284
272
254
208
212
186
225
183
215
244
202
288
296
289
267
234
201
232
213
221
203
191
238
216
254
285
317
316
314
287
281
303
300
321
341
357
312
327
329
304
315
277
300
317
306
333
290
277
292
306
317
268
323
287
299
283
280
250
208
213
143
185
202
218
206
217
208
266
232
222
239
215
220
255
300
259
272
301
305
286
287
261
248
289
269
241
272
271
269
254
212
241
279
256
238
245
225
185
173
187
185
202
246
225
235
238
212
192
263
255
322
347
286
349
320
336
339
313
270
250
224
207
202
232
269
247
264
247
237
187
210
226
216
238
187
169
187
183
165
153
100
57
92
121
111
139
156
138
154
149
200
210
194
229
195
203
201
149
155
147
113
103
105
110
125
88
67
107
98
102
47
83
79
72
74
39
52
26
0
28
-36
-75
-82
-90
-91
-129
-91
-133
-99
-89
-97
-38
-61
-75
-44
-27
14
56
60
66
90
89
103
104
62
74
114
50
29
18
26
43
10
52
50
49
24
-5
-32
-70
-51
-20
-78
-74
-128
-179
-139
-174
-172
-166
-186
-182
-251
-192
-159
-202
-175
-169
-164
-129
-138
-140
-149
-112
-164
-168
-138
-131
-108
-125
-14
-29
-3
-15
-34
23
-25
-29
-25
-63
-49
-19
-58
-72
-55
-86
-86
-48
-10
-28
-15
-31
-6
45
16
6
-24
-51
-64
-62
-70
-38
-87
-110
-150
-174
-156
-165
-174
-156
-174
-209
-200
-234
-235
-221
-155
-133
-168
-141
-128
-103
-109
-100
-142
-113
-101
-79
-70
-122
-88
-64
-37
-38
-1
-28
-1
-2
-43
-22
25
31
23
7
39
54
-4
2
-16
1
-13
3
3
-32
-25
-51
-72
-89
-66
-88
-77
-127
-129
-118
-187
-122
-161
-210
-219
-205
-157
-171
-158
-151
-96
-77
-62
-33
-58
-43
-79
-80
-97
-65
-71
-58
0
-13
27
59
27
-11
21
-13
37
51
25
42
40
61
73
41
61
0
20
-14
-32
39
52
66
45
82
44
68
25
16
2
-28
-6
-64
-82
-90
-77
-106
-105
-74
-73
-91
-63
-22
-16
-5
27
71
71
139
139
137
176
148
156
141
112
78
75
37
58
76
51
71
100
107
87
89
77
49
75
46
50
87
81
96
105
48
-5
-6
-20
-19
40
3
4
14
11
62
40
47
33
21
78
78
79
94
141
155
106
132
117
55
87
78
117
117
130
137
133
136
117
89
107
115
89
105
135
99
85
118
137
164
186
192
138
88
106
129
100
99
77
62
61
75
53
39
67
106
107
111
123
130
142
168
149
174
171
121
182
194
194
191
213
178
201
233
237
228
269
270
219
253
206
260
262
288
286
282
308
290
325
309
289
261
277
267
308
337
339
347
296
307
262
256
231
202
180
135
132
150
208
214
232
253
273
267
259
225
215
237
207
322
328
285
290
271
244
234
219
217
245
236
253
215
239
239
277
269
265
237
214
261
200
189
213
224
223
290
361
377
387
394
407
370
328
283
263
205
225
198
202
206
205
247
237
201
221
243
260
284
241
249
295
279
286
312
269
306
280
290
296
264
276
271
310
278
277
311
298
312
310
291
333
338
287
263
246
281
283
277
323
285
239
228
268
241
225
209
232
220
226
227
225
246
241
266
288
306
267
249
217
160
126
145
155
131
131
141
155
166
134
152
154
112
71
37
48
72
127
127
116
101
91
83
121
79
39
121
115
112
156
159
152
129
169
149
183
167
145
137
122
132
123
73
58
91
75
86
84
59
72
77
57
66
75
59
29
43
82
56
-2
-26
22
53
54
125
100
83
69
124
113
65
138
167
122
64
119
103
89
68
88
118
70
90
106
102
33
82
76
55
50
5
70
14
42
128
101
131
150
47
36
46
69
77
10
50
24
22
96
124
132
130
126
153
146
169
149
112
130
92
30
32
29
39
14
-20
15
18
10
42
59
24
84
90
38
82
125
133
143
136
143
150
109
143
143
81
114
121
71
105
125
153
170
178
200
204
206
196
256
265
226
197
164
168
166
123
75
41
93
62
26
56
-6
-65
-72
-37
-68
-79
-53
-36
-13
-18
7
-5
28
2
43
41
14
8
16
-10
-30
-21
18
5
13
-2
-19
53
-6
57
50
8
86
30
4
-13
11
-16
-29
-35
-6
8
-54
2
2
-9
2
27
52
19
61
57
37
61
87
93
126
96
74
76
37
-18
61
23
-12
139
129
53
38
133
152
104
213
204
207
172
231
233
110
135
126
173
73
113
175
91
103
106
86
120
136
126
105
111
49
33
65
40
-5
-21
31
-17
-74
-72
-4
-99
-159
-105
-130
-161
-167
-128
-143
-237
-196
-124
-201
-261
-268
-279
-340
-310
-256
-298
-295
-254
-245
-299
-300
-307
-283
-292
-326
-286
-317
-332
-288
-327
-367
-355
-328
-337
-322
-285
-317
-333
-394
-340
-356
-399
-392
-415
-412
-469
-440
-411
-408
-399
-390
-360
-394
-385
-408
-452
-461
-475
-477
-493
-487
-489
-457
-396
-376
-363
-325
-320
-325
-318
-333
-275
-237
-201
-194
-164
-113
-85
-38
-12
66
75
161
208
216
266
322
352
409
443
435
470
469
470
502
480
482
493
468
466
471
451
439
423
372
383
306
288
287
209
201
165
111
79
1
-63
-100
-107
-117
-112
-155
-201
-174
-197
-203
-215
-256
-308
-343
-381
-391
-391
-387
-370
-344
-358
-336
-290
-275
-242
-251
-271
-221
-221
-231
-251
-208
-281
-282
-248
-241
-234
-224
-175
-218
-204
-191
-205
-234
-218
-186
-170
-194
-161
-182
-267
-299
-334
-328
-387
-441
-435
-447
-497
-537
-516
-550
-553
-549
-593
-586
-596
-579
-560
-560
-584
-517
-506
-463
-444
-453
-385
-322
-256
-207
-161
-133
-62
-53
13
73
137
120
201
305
298
328
389
488
558
559
597
665
672
662
687
711
655
642
628
635
622
580
579
572
604
618
594
585
563
553
482
407
334
287
229
219
208
200
146
73
86
68
-32
-64
-67
-97
-106
-136
-121
-145
-129
-140
-177
-177
-193
-188
-214
-196
-168
-128
-143
-143
-95
-103
-108
-92
-55
-125
-117
-125
-79
-57
-118
-53
-26
-73
-87
-53
-66
-60
-77
-71
-77
-105
-85
-163
-231
-181
-199
-225
-290
-356
-381
-425
-466
-521
-548
-588
-574
-630
-649
-629
-637
-646
-635
-611
-647
-666
-685
-654
-663
-687
-706
-677
-671
-656
-639
-621
-560
-517
-424
-372
-267
-155
-108
-40
22
61
63
129
139
203
229
255
266
269
321
342
375
416
495
505
559
563
546
591
582
598
613
594
598
565
557
503
504
466
438
431
371
375
282
275
264
234
253
244
224
266
279
267
265
203
132
101
95
26
-6
-51
-42
-33
-21
9
19
-15
-17
-9
-4
-6
-24
-59
-69
-42
-63
-47
-61
-30
-50
-74
-97
-90
-91
-51
-20
-33
-38
-70
-53
-20
-37
-30
-59
-99
-78
-110
-138
-153
-141
-201
-180
-189
-211
-203
-274
-267
-328
-311
-313
-379
-354
-428
-426
-467
-454
-488
-572
-604
-634
-610
-629
-634
-688
-643
-675
-654
-671
-697
-672
-630
-604
-597
-569
-555
-465
-446
-372
-318
-269
-247
-175
-94
-24
31
66
158
200
345
341
371
466
481
500
484
517
568
608
663
666
680
682
738
714
673
693
669
643
676
711
649
619
558
597
574
500
464
426
395
373
396
347
307
329
288
261
232
180
141
162
160
94
102
104
70
73
85
26
-20
-47
-67
-51
-36
10
54
40
32
66
69
78
85
99
113
146
118
71
58
32
24
30
21
30
61
47
110
116
133
143
124
92
74
3
-17
-51
-94
-136
-148
-189
-223
-242
-296
-321
-359
-376
-396
-440
-417
-413
-468
-434
-489
-507
-507
-549
-604
-679
-729
-733
-806
-805
-859
-872
-778
-778
-737
-750
-675
-644
-648
-552
-560
-476
-413
-381
-319
-222
-160
-123
-48
1
81
109
174
230
304
338
392
421
482
533
517
595
638
694
709
735
754
791
784
742
717
705
719
723
715
676
654
623
606
557
501
510
504
454
425
391
390
335
291
308
294
261
256
225
217
249
233
225
192
205
205
203
222
233
254
215
165
212
216
172
214
243
208
171
142
170
143
127
223
235
213
213
243
221
220
189
150
195
182
158
202
173
145
167
183
164
160
106
68
52
11
-4
-45
-42
-123
-125
-184
-227
-215
-247
-264
-360
-426
-439
-467
-535
-587
-602
-601
-653
-700
-758
-804
-859
-821
-804
-803
-821
-792
-816
-809
-730
-728
-667
-646
-570
-540
-445
-370
-283
-227
-152
-54
-31
54
52
167
204
244
305
322
362
345
410
430
462
462
508
542
562
645
667
592
568
572
513
544
502
485
493
528
505
453
472
464
434
429
448
448
410
397
411
387
337
300
255
244
188
135
135
94
53
22
-18
-47
-45
-15
-26
-10
-35
-37
-29
-28
-13
-60
-102
-91
-37
-7
-48
-49
-6
34
73
79
155
187
162
133
155
181
211
208
188
196
197
230
191
93
73
81
45
43
51
8
-21
-5
22
-30
-54
-89
-146
-143
-203
-249
-263
-326
-372
-360
-431
-432
-439
-528
-509
-559
-611
-616
-636
-668
-709
-660
-704
-661
-711
-719
-709
-714
-712
-692
-653
-679
-609
-556
-492
-444
-353
-347
-296
-262
-173
-84
-75
1
30
111
181
290
372
388
464
588
617
630
719
744
770
818
842
830
863
878
923
959
925
924
926
885
843
802
781
738
702
675
630
615
583
526
486
481
438
416
388
325
309
271
191
153
116
137
133
91
59
58
43
84
79
71
69
43
62
61
68
80
85
125
104
87
47
50
45
28
46
72
102
82
75
108
130
146
158
149
140
109
100
47
33
21
41
17
16
18
-32
-19
-26
-29
-39
-55
-71
-47
-63
-92
-182
-264
-274
-302
-354
-422
-443
-516
-565
-561
-609
-587
-540
-564
-632
-641
-680
-697
-729
-768
-742
-717
-706
-668
-673
-673
-643
-640
-604
-590
-506
-457
-433
-268
-150
-90
27
64
128
145
239
322
321
380
396
427
409
461
502
512
537
587
603
633
704
719
725
716
712
709
707
708
657
626
622
569
591
567
513
534
456
419
445
457
410
401
424
356
350
322
238
181
167
115
115
75
55
68
51
10
-26
-18
-14
-51
-62
-83
-88
-109
-149
-95
-105
-83
-41
-44
-82
-54
2
-12
-14
-35
4
62
94
56
64
88
99
118
114
183
190
166
157
174
173
122
129
37
-20
-76
-125
-180
-215
-217
-236
-257
-304
-337
-380
-352
-414
-434
-486
-547
-542
-611
-607
-645
-695
-678
-673
-709
-733
-789
-863
-889
-928
-945
-978
-957
-946
-903
-850
-867
-810
-804
-776
-741
-685
-631
-584
-492
-423
-355
-237
-149
-66
-11
34
143
188
253
321
446
504
540
627
616
696
692
723
754
796
804
751
748
726
733
722
724
645
614
596
610
545
549
474
427
437
388
321
263
270
159
124
110
76
62
17
-4
-25
-54
-86
-118
-123
-97
-120
-155
-152
-147
-156
-156
-158
-179
-153
-145
-129
-77
-82
-72
-47
-68
-58
-11
21
56
88
83
71
67
80
86
60
4
31
16
18
84
34
47
12
-7
36
-7
-53
-44
-37
-83
-93
-94
-134
-169
-261
-273
-280
-297
-330
-390
-465
-504
-569
-594
-653
-654
-661
-724
-726
-770
-813
-852
-851
-891
-943
-927
-948
-964
-942
-985
-936
-943
-926
-843
-779
-732
-682
-602
-604
-546
-510
-460
-404
-302
-265
-193
-77
-47
65
140
150
197
300
328
409
451
498
580
594
600
592
566
607
601
589
601
636
604
587
561
607
647
583
599
584
562
594
504
429
433
427
415
402
428
387
321
364
368
363
306
239
188
121
140
153
136
147
208
233
242
260
223
161
128
200
210
236
386
446
419
341
308
366
398
457
505
526
613
640
565
457
385
325
269
279
362
408
389
342
281
127
35
78
79
29
-65
-136
-219
-339
-407
-449
-557
-576
-672
-756
-866
-996
-1137
-1226
-1297
-1355
-1411
-1531
-1663
-1775
-1785
-1692
-1554
-1538
-1603
-1735
-1649
-1501
-1299
-1152
-1055
-867
-732
-564
-444
-240
59
264
418
642
839
964
1054
1129
1181
1239
1413
1600
1645
1582
1531
1510
1514
1573
1609
1634
1523
1399
1256
1104
1044
974
941
794
621
473
433
406
274
133
53
-1
-76
-77
-80
-39
-53
-59
-18
57
221
281
230
160
164
246
407
530
513
521
463
383
408
506
643
615
486
374
380
429
459
411
279
209
107
-1
-43
-49
-163
-347
-416
-499
-548
-544
-651
-750
-737
-741
-822
-899
-817
-792
-1042
-1276
-1390
-1352
-1248
-1324
-1443
-1568
-1753
-1950
-2061
-2076
-2112
-2343
-2678
-2791
-2623
-2099
-1790
-1983
-2655
-3179
-2840
-1830
-1001
-956
-1334
-1447
-1051
-485
-5
299
570
747
876
1248
1709
2112
2117
1827
1802
2229
2761
2967
2767
2253
1856
1974
2437
2699
2347
1612
1071
861
1001
1188
1110
737
135
-397
-466
-258
-115
-428
-974
-1304
-1250
-974
-708
-709
-1045
-1252
-1123
-796
-423
-363
-372
-303
-69
200
429
676
753
754
761
1003
1333
1435
1334
1234
1319
1432
1415
1420
1392
1277
1033
757
770
841
845
581
185
-17
-83
-140
-282
-493
-690
-878
-1046
-1076
-1135
-1214
-1289
-1346
-1507
-1686
-1652
-1557
-1544
-1615
-1743
-1834
-1819
-1844
-1918
-2075
-2216
-2257
-2286
-2358
-2439
-2677
-2940
-3004
-2481
-1743
-1621
-2244
-2931
-2777
-1650
-670
-576
-1074
-1236
-728
-13
562
817
934
1047
1230
1700
2243
2480
2319
2021
2122
2652
3116
3119
2654
2084
1935
2364
2778
2637
1889
1076
809
959
1230
1014
436
-211
-640
-666
-530
-480
-730
-1298
-1721
-1715
-1439
-1201
-1195
-1362
-1507
-1451
-1024
-670
-600
-683
-530
-64
341
515
417
405
657
1040
1312
1494
1523
1384
1207
1278
1621
1889
1787
1459
1141
1069
1084
1057
891
637
395
149
-50
-213
-263
-451
-647
-867
-1063
-1218
-1392
-1593
-1739
-1783
-1803
-1883
-2035
-2171
-2298
-2362
-2429
-2420
-2385
-2515
-2652
-2761
-2761
-2825
-2993
-3128
-3198
-3076
-2568
-2099
-2267
-2948
-3306
-2482
-1268
-806
-1287
-1697
-1108
-115
564
551
543
806
1299
1821
2362
2659
2495
2216
2281
2877
3401
3417
2958
2522
2435
2755
3086
3031
2448
1696
1390
1472
1613
1363
829
328
115
10
-95
-299
-649
-986
-1131
-1108
-1239
-1380
-1580
-1515
-1355
-1300
-1237
-1207
-1055
-927
-680
-272
26
-29
-206
-97
360
847
978
858
794
940
1228
1437
1472
1426
1307
1226
1226
1206
1163
933
651
437
361
334
163
-174
-396
-487
-576
-681
-944
-1210
-1480
-1613
-1722
-1853
-1929
-2088
-2280
-2456
-2528
-2510
-2570
-2734
-2942
-3028
-3050
-3170
-3312
-3287
-3288
-3385
-3698
-3561
-2653
-2071
-2473
-3446
-3570
-2297
-950
-766
-1498
-1652
-685
323
775
609
710
1139
1658
2278
2651
2700
2592
2565
2815
3259
3540
3371
2989
2749
2734
2980
3086
2795
2282
1747
1633
1753
1630
1087
562
244
188
126
-208
-627
-866
-897
-837
-980
-1290
-1388
-1285
-1109
-1068
-1204
-1140
-937
-783
-722
-548
-184
-46
-128
-184
182
676
790
585
489
703
1031
1089
941
963
1062
1021
875
729
687
686
533
349
205
75
-104
-388
-563
-521
-558
-836
-1153
-1380
-1476
-1529
-1520
-1679
-1856
-2099
-2239
-2295
-2355
-2437
-2623
-2686
-2808
-2880
-2991
-3185
-3268
-3395
-3459
-3696
-3365
-2572
-2323
-2849
-3694
-3420
-1966
-950
-1331
-2215
-1790
-340
678
574
78
367
1247
1994
2393
2444
2422
2539
2771
3204
3537
3596
3289
3092
3085
3314
3491
3243
2868
2391
2146
2212
2124
1697
1063
660
541
535
240
-269
-691
-859
-815
-869
-1174
-1460
-1540
-1287
-1044
-1125
-1273
-1326
-1061
-757
-631
-416
-261
-124
-84
90
500
748
689
629
871
1218
1339
1157
961
1132
1369
1415
1228
993
932
870
739
648
497
263
-1
-272
-475
-558
-693
-997
-1307
-1483
-1563
-1700
-1817
-2054
-2200
-2372
-2623
-2815
-2760
-2767
-2906
-3359
-3672
-3732
-3714
-3883
-3902
-3268
-2863
-3256
-4142
-4251
-2986
-1581
-1551
-2426
-2684
-1609
-381
133
-151
-72
662
1440
1864
2153
2236
2526
2855
3203
3463
3585
3503
3482
3653
3860
3968
3853
3522
3287
3218
3230
2986
2542
2094
1776
1564
1264
908
503
176
-19
-363
-644
-1064
-1333
-1337
-1267
-1266
-1564
-1853
-1787
-1556
-1378
-1370
-1370
-1292
-1150
-957
-717
-353
-134
-35
86
259
687
923
883
881
1198
1574
1574
1280
1202
1418
1593
1437
1217
1104
1073
1042
782
556
432
217
-91
-381
-547
-636
-797
-1145
-1486
-1611
-1730
-1921
-2246
-2603
-2777
-2939
-3126
-3412
-3686
-3949
-4251
-4358
-3751
-3109
-3365
-4430
-5025
-4117
-2425
-1836
-2742
-3433
-2652
-1174
-301
-537
-833
-219
717
1367
1691
1794
2033
2384
2760
3094
3337
3396
3401
3533
3713
3897
3901
3687
3520
3347
3265
3134
2913
2531
2166
1975
1856
1569
1079
536
315
220
7
-431
-1032
-1270
-1165
-1170
-1344
-1665
-1820
-1717
-1586
-1628
-1601
-1369
-1134
-1091
-1064
-883
-571
-272
-126
-91
174
510
680
796
1083
1473
1573
1402
1374
1581
1854
1878
1653
1455
1457
1482
1347
1073
915
797
571
299
68
-171
-366
-643
-935
-1121
-1356
-1661
-1943
-2142
-2270
-2498
-2753
-3037
-3313
-3506
-3855
-4233
-3855
-3076
-2979
-3872
-4889
-4625
-3079
-1920
-2302
-3287
-3247
-1906
-724
-557
-1023
-742
179
1029
1427
1426
1551
2027
2420
2816
3026
3136
3079
3133
3328
3539
3667
3561
3347
3181
3059
3013
2868
2654
2262
1905
1720
1561
1283
788
448
317
105
-175
-591
-877
-969
-921
-1024
-1319
-1556
-1608
-1558
-1544
-1531
-1351
-1113
-1072
-1162
-1100
-723
-285
-120
-80
32
247
455
700
995
1279
1405
1321
1421
1709
2039
2031
1809
1690
1680
1894
1846
1537
1285
1166
1008
712
468
235
57
-241
-566
-851
-1117
-1385
-1660
-1867
-2127
-2391
-2676
-3021
-3279
-3554
-3741
-4047
-4268
-3741
-3260
-3636
-4730
-5149
-4052
-2499
-2253
-3292
-3846
-2737
-1220
-614
-1042
-1166
-311
710
1201
1320
1469
1950
2367
2651
2844
3117
3334
3445
3630
3832
3950
3810
3534
3419
3355
3333
3126
2807
2558
2243
1984
1747
1536
1222
777
416
227
-58
-448
-831
-944
-916
-1026
-1276
-1540
-1508
-1411
-1347
-1442
-1436
-1236
-1129
-1113
-1091
-821
-450
-248
-273
-222
27
380
551
745
979
1227
1252
1210
1466
1805
2021
1900
1659
1722
1980
2036
1824
1615
1585
1543
1311
918
749
735
584
249
-210
-517
-713
-960
-1121
-1343
-1719
-2192
-2621
-2873
-3037
-3251
-3728
-4119
-3819
-3343
-3525
-4500
-5194
-4552
-3175
-2657
-3507
-4237
-3554
-2098
-1347
-1745
-2069
-1308
-67
560
619
677
1203
1833
2269
2457
2692
3000
3173
3417
3666
3822
3843
3816
3754
3751
3678
3539
3315
3098
2825
2494
2172
1989
1720
1337
953
583
281
-20
-312
-554
-723
-922
-1176
-1426
-1545
-1500
-1570
-1717
-1771
-1637
-1459
-1377
-1371
-1225
-932
-801
-730
-598
-312
-2
215
284
499
943
1105
1134
1215
1524
1843
1746
1572
1580
1876
2074
1994
1663
1596
1708
1621
1336
1022
951
975
752
289
-135
-338
-431
-701
-994
-1310
-1740
-2038
-2332
-2584
-2796
-3286
-3640
-4005
-3937
-3469
-3505
-4107
-4927
-4851
-3767
-2967
-3279
-4020
-3839
-2630
-1790
-1806
-2121
-1685
-613
92
316
309
718
1477
2020
2228
2368
2685
3050
3405
3597
3719
3822
3934
3942
3970
3922
3760
3589
3365
3173
2979
2686
2427
2122
1851
1566
1172
716
412
198
-43
-277
-525
-793
-1047
-1209
-1177
-1180
-1358
-1478
-1412
-1294
-1187
-1133
-1094
-936
-716
-556
-387
-207
39
158
258
437
743
1047
1082
1152
1430
1739
1782
1745
1844
2052
2136
2046
1922
1931
1893
1779
1596
1391
1291
1196
993
586
336
218
29
-270
-655
-848
-1123
-1468
-1746
-1979
-2183
-2498
-2934
-3323
-3602
-3304
-2956
-3128
-3941
-4574
-4273
-3233
-2743
-3262
-3915
-3483
-2314
-1600
-1706
-1945
-1408
-477
245
288
310
825
1605
2072
2164
2274
2651
3023
3374
3504
3555
3671
3800
3905
3921
3901
3788
3555
3385
3244
3096
2698
2308
2053
1846
1589
1247
800
483
294
52
-241
-542
-700
-773
-805
-926
-1138
-1327
-1276
-1004
-813
-887
-1044
-967
-674
-448
-433
-348
-143
137
335
451
617
937
1323
1443
1481
1610
1788
1900
2004
2143
2190
2199
2116
2014
1998
2002
1878
1702
1597
1478
1247
886
625
655
600
228
-255
-579
-734
-795
-1047
-1488
-1831
-2046
-2224
-2579
-2931
-3200
-3399
-3226
-2852
-2950
-3697
-4305
-3926
-2832
-2408
-3002
-3534
-2963
-1836
-1293
-1531
-1671
-974
13
435
424
631
1279
1915
2136
2178
2422
2845
3226
3348
3379
3492
3699
3797
3819
3760
3654
3508
3436
3397
3197
2832
2400
2205
2100
1836
1410
999
772
627
272
-75
-366
-466
-531
-755
-1033
-1263
-1314
-1184
-1062
-1070
-1154
-1240
-1130
-854
-548
-512
-553
-396
15
358
415
522
811
1280
1514
1430
1385
1636
2020
2180
2079
2063
2238
2291
2192
2153
2263
2246
2047
1742
1560
1488
1311
1044
810
632
427
100
-316
-565
-716
-884
-1190
-1606
-1919
-2121
-2310
-2574
-2906
-3175
-3538
-3663
-3184
-2942
-3408
-4263
-4415
-3401
-2428
-2643
-3497
-3434
-2183
-1145
-1202
-1694
-1328
-127
665
650
537
986
1922
2423
2394
2354
2807
3355
3647
3662
3536
3755
3929
3962
3907
3795
3696
3573
3447
3196
2866
2565
2386
2267
1999
1624
1142
798
602
355
-5
-241
-325
-608
-993
-1152
-1077
-1089
-1166
-1287
-1280
-1133
-1021
-1077
-1110
-917
-602
-506
-543
-369
24
339
435
623
870
1158
1412
1469
1599
1829
2032
2097
2102
2126
2226
2342
2284
2143
2007
1908
1812
1712
1556
1271
1041
881
829
618
226
-199
-385
-403
-542
-973
-1445
-1641
-1797
-1944
-2246
-2653
-2948
-3203
-3413
-3657
-3543
-3112
-3248
-3878
-4414
-3898
-2765
-2435
-3010
-3412
-2685
-1508
-1179
-1449
-1460
-587
450
794
824
1086
1669
2220
2444
2521
2832
3262
3556
3651
3749
3865
4052
4111
4068
3993
3832
3704
3528
3444
3216
2950
2683
2296
2022
1784
1513
1179
834
455
104
-192
-419
-576
-753
-1026
-1274
-1436
-1509
-1537
-1477
-1392
-1399
-1428
-1319
-1119
-958
-809
-650
-305
-16
166
277
429
847
1182
1332
1298
1399
1708
1926
1981
1958
2192
2351
2304
2081
1990
2129
2179
2043
1700
1384
1221
1211
1078
824
511
270
-105
-453
-646
-734
-977
-1432
-1855
-2109
-2221
-2521
-2742
-2992
-3349
-3600
-3841
-4047
-3677
-3314
-3623
-4438
-4714
-3737
-2622
-2702
-3466
-3463
-2367
-1347
-1199
-1439
-1013
26
685
808
851
1321
2128
2665
2699
2635
2983
3507
3799
3872
3752
3873
4080
4152
4089
3883
3711
3592
3491
3267
2974
2657
2325
2063
1729
1366
1004
725
450
80
-300
-658
-803
-851
-1035
-1321
-1526
-1632
-1581
-1538
-1580
-1582
-1632
-1543
-1325
-1044
-898
-840
-691
-352
-28
160
248
481
881
1194
1358
1361
1526
1801
2070
2067
2006
2141
2270
2129
1901
1854
1840
1791
1607
1323
1109
891
752
599
313
99
-258
-638
-828
-923
-1145
-1560
-1948
-2273
-2403
-2595
-2961
-3295
-3550
-3732
-3903
-4108
-4528
-4317
-3592
-3482
-4187
-4959
-4402
-2917
-2254
-3005
-3599
-2803
-1318
-677
-975
-1183
-312
880
1354
1191
1281
1961
2761
3094
2959
3024
3485
3893
4056
3927
3836
3987
4027
3978
3859
3691
3562
3312
3102
2901
2576
2203
1867
1594
1318
933
488
196
-38
-273
-637
-968
-1070
-1224
-1404
-1605
-1682
-1770
-1769
-1704
-1565
-1444
-1447
-1317
-1070
-751
-580
-407
-241
-8
321
507
689
902
1169
1359
1446
1541
1775
1949
1968
1906
1969
2002
1974
1922
1801
1774
1617
1402
1160
1036
985
751
379
-35
-216
-392
-665
-1057
-1329
-1598
-1853
-2075
-2460
-2665
-2894
-3072
-3349
-3531
-3764
-3949
-3980
-4289
-4309
-3823
-3501
-3888
-4532
-4357
-3206
-2256
-2575
-3156
-2769
-1471
-672
-750
-993
-343
805
1366
1335
1405
1952
2707
3103
3023
2966
3331
3690
3879
3806
3665
3751
3836
3775
3547
3326
3172
3008
2691
2384
2121
1873
1537
1139
741
513
284
-74
-403
-768
-1159
-1364
-1401
-1522
-1746
-1930
-1941
-1923
-1892
-1850
-1640
-1428
-1394
-1296
-1095
-798
-518
-367
-120
155
405
570
696
1006
1355
1531
1428
1469
1776
2023
2063
1890
1858
1982
1976
1782
1481
1391
1469
1373
1055
715
536
411
202
-105
-415
-720
-1032
-1252
-1467
-1737
-2064
-2415
-2548
-2799
-3118
-3354
-3540
-3647
-3762
-3961
-4148
-4265
-4187
-4211
-3869
-3324
-3323
-3758
-4067
-3335
-2127
-1762
-2233
-2446
-1587
-405
24
-153
-230
546
1432
1784
1810
1992
2485
3005
3130
3018
3130
3493
3691
3699
3544
3442
3457
3316
3134
2981
2767
2487
2101
1784
1526
1282
956
578
276
-23
-299
-618
-862
-972
-1217
-1523
-1670
-1695
-1821
-1958
-1869
-1740
-1701
-1775
-1702
-1348
-1032
-873
-771
-564
-287
124
423
633
897
1084
1308
1496
1692
1803
1810
1864
1979
2074
2081
1942
1855
1907
1943
1792
1451
1318
1248
1040
701
361
194
23
-282
-741
-1086
-1254
-1415
-1694
-2107
-2359
-2522
-2698
-2895
-3052
-3237
-3402
-3511
-3544
-3591
-3628
-3600
-3561
-3531
-3582
-3556
-3549
-3011
-2404
-2429
-2954
-3020
-2100
-1012
-919
-1428
-1318
-321
603
631
312
488
1390
2079
2121
1970
2143
2651
2998
2882
2641
2718
3008
3068
2898
2546
2429
2589
2563
2303
1904
1633
1516
1385
1148
840
506
232
72
-156
-473
-690
-853
-956
-1069
-1308
-1466
-1433
-1320
-1265
-1240
-1262
-1241
-1084
-871
-585
-369
-346
-272
-31
320
620
708
817
924
1168
1308
1259
1326
1544
1771
1747
1566
1489
1599
1679
1565
1349
1112
908
813
693
521
226
-102
-383
-602
-763
-969
-1245
-1462
-1576
-1760
-2057
-2342
-2539
-2564
-2537
-2677
-2866
-3022
-2983
-2894
-2838
-2879
-2878
-2687
-2596
-2596
-2598
-2524
-2347
-2263
-2244
-2041
-1396
-967
-1203
-1750
-1554
-556
243
-67
-747
-487
546
1163
1001
643
847
1570
1930
1957
1831
1959
2295
2412
2239
2015
2041
2167
2163
1956
1661
1584
1598
1453
1315
1050
857
589
411
228
50
-138
-352
-374
-451
-557
-694
-776
-761
-733
-798
-787
-717
-670
-672
-637
-431
-351
-323
-218
77
295
335
419
592
789
907
964
1022
1170
1274
1238
1150
1130
1293
1359
1252
1023
889
854
693
490
283
158
12
-165
-463
-691
-788
-896
-1008
-1266
-1396
-1485
-1677
-1785
-1922
-2022
-2086
-2223
-2206
-2228
-2191
-2063
-1999
-2053
-1992
-1800
-1692
-1655
-1612
-1469
-1325
-1215
-1150
-1078
-1018
-892
-939
-955
-1052
-759
-243
-264
-723
-1133
-659
186
381
-263
-653
-133
622
684
264
47
470
932
895
729
681
856
1126
1058
845
726
843
969
1007
813
701
767
676
575
552
558
524
455
440
389
411
321
334
426
445
337
201
158
267
293
228
204
185
160
192
344
348
338
345
445
524
478
400
355
414
513
398
292
315
350
358
292
182
161
180
105
-83
-191
-207
-282
-420
-582
-629
-658
-832
-996
-1000
-1012
-1056
-1204
-1303
-1216
-1209
-1294
-1305
-1331
-1233
-1171
-1204
-1135
-948
-898
-927
-906
-809
-666
-580
-580
-639
-599
-439
-359
-433
-490
-426
-380
-455
-554
-660
-859
-827
-894
-768
-538
-725
-1196
-1602
-1257
-535
-475
-1143
-1555
-1089
-407
-403
-746
-951
-480
-30
-26
-155
-161
202
531
573
407
398
673
986
1109
1039
1052
1213
1331
1379
1350
1291
1362
1360
1341
1264
1207
1163
1139
1130
1061
930
814
758
758
700
508
365
342
227
133
48
-141
-299
-374
-356
-384
-570
-748
-781
-605
-565
-690
-911
-1027
-964
-935
-1038
-1120
-1106
-1005
-979
-1040
-1032
-964
-814
-790
-822
-781
-716
-692
-625
-449
-376
-361
-380
-268
-111
-93
-181
-189
-59
103
145
53
9
105
180
44
-31
117
170
104
-129
-276
-152
-59
-97
-233
-453
-587
-582
-638
-854
-1034
-1205
-1366
-1482
-1727
-1688
-1417
-1562
-1979
-2325
-2081
-1484
-1381
-1781
-2019
-1605
-1002
-848
-1053
-1093
-664
-178
-42
11
118
449
821
943
917
989
1324
1572
1641
1598
1660
1880
2021
2075
2041
1976
1935
1868
1824
1712
1565
1380
1184
1014
791
618
458
286
104
-226
-551
-680
-757
-942
-1231
-1317
-1320
-1457
-1673
-1746
-1632
-1634
-1673
-1648
-1634
-1603
-1498
-1348
-1201
-1063
-963
-869
-748
-489
-212
-87
-99
-65
193
407
460
465
560
701
760
809
834
897
934
951
852
791
829
786
698
659
625
463
315
234
199
51
-133
-237
-332
-470
-612
-720
-788
-819
-909
-1041
-1171
-1221
-1255
-1286
-1365
-1432
-1530
-1549
-1626
-1697
-1739
-1766
-1843
-1901
-1553
-1428
-1689
-2051
-1928
-1305
-838
-1084
-1475
-1142
-460
-69
-122
-268
44
617
867
863
881
1061
1401
1541
1579
1582
1670
1773
1832
1828
1699
1700
1704
1602
1454
1378
1229
1101
898
704
530
319
94
-58
-242
-494
-706
-938
-1112
-1235
-1305
-1381
-1376
-1522
-1638
-1574
-1484
-1403
-1365
-1375
-1275
-1167
-1028
-802
-652
-498
-371
-222
-23
119
299
509
706
888
948
1040
1170
1400
1499
1456
1432
1421
1477
1515
1364
1209
1171
1160
988
722
545
469
427
187
14
-102
-207
-321
-507
-649
-811
-854
-906
-980
-1059
-1193
-1197
-1189
-1218
-1234
-1277
-1280
-1183
-1148
-1101
-1038
-1002
-946
-934
-906
-887
-851
-781
-780
-760
-785
-826
-919
-691
-391
-417
-818
-951
-560
-58
13
-374
-508
-142
336
395
177
99
494
794
749
609
524
681
892
834
682
627
731
804
736
596
596
667
561
405
333
274
150
69
-15
-113
-195
-340
-433
-451
-458
-559
-705
-784
-692
-685
-661
-628
-619
-542
-515
-472
-411
-279
-143
57
206
291
296
403
623
771
842
779
786
879
1025
1135
1123
1050
1045
1101
1111
1001
871
824
821
751
553
384
329
316
310
106
-151
-218
-166
-121
-303
-462
-428
-408
-463
-551
-559
-505
-526
-529
-510
-476
-380
-316
-271
-234
-186
-135
-89
-34
-3
-17
12
27
58
-3
-54
-71
-132
-193
-283
-397
-461
-527
-634
-801
-930
-1024
-873
-794
-1088
-1495
-1633
-1311
-980
-1048
-1436
-1456
-1098
-788
-749
-867
-829
-565
-295
-191
-173
-37
186
344
414
462
519
646
718
765
794
798
866
855
845
872
898
926
800
773
811
747
648
633
636
578
506
401
325
277
217
116
103
41
0
-46
-101
-21
-23
15
83
86
23
18
108
246
178
72
71
84
113
128
162
207
186
155
181
227
278
310
325
328
351
387
419
458
426
416
435
417
421
483
519
445
357
396
477
491
435
420
443
526
541
470
442
397
401
350
300
237
144
76
67
1
-48
-126
-233
-357
-414
-455
-533
-629
-772
-852
-857
-967
-1131
-1284
-1305
-1290
-1454
-1564
-1631
-1605
-1577
-1461
-1364
-1447
-1569
-1535
-1231
-920
-885
-1053
-976
-539
-255
-166
-171
-58
319
535
664
747
862
1024
1188
1216
1232
1296
1436
1521
1532
1598
1585
1517
1419
1356
1291
1237
1043
909
816
642
489
385
233
175
56
-145
-262
-322
-369
-518
-543
-637
-644
-695
-764
-804
-841
-780
-791
-697
-693
-585
-523
-482
-438
-344
-144
-70
-22
96
246
304
443
526
668
768
802
792
856
983
1051
1002
984
1012
1073
1076
1057
1042
1036
1035
990
964
856
731
674
646
489
344
310
254
137
19
-93
-134
-159
-185
-235
-395
-509
-504
-523
-694
-774
-793
-858
-853
-890
-956
-990
-983
-893
-917
-929
-945
-939
-963
-911
-839
-843
-884
-877
-784
-734
-767
-776
-765
-696
-523
-407
-513
-627
-535
-266
-90
-163
-325
-222
43
187
153
74
136
291
372
411
381
377
474
524
570
567
582
567
587
531
457
438
488
485
399
425
414
368
320
256
238
207
184
128
145
170
84
100
76
-2
27
76
126
43
-5
67
156
170
128
125
172
217
204
139
120
206
267
304
294
315
332
388
460
426
339
284
338
356
347
308
332
340
384
396
368
417
412
434
362
311
324
240
236
253
295
249
186
198
205
221
220
192
77
-12
-60
-36
-34
-34
-84
-101
-86
-56
-24
-29
-3
-46
-87
-124
-212
-290
-288
-260
-289
-334
-374
-450
-395
-348
-356
-434
-542
-619
-693
-645
-644
-730
-876
-970
-998
-1038
-957
-856
-914
-1130
-1251
-1142
-877
-847
-983
-1007
-832
-557
-497
-548
-529
-349
-141
-71
-49
48
217
339
382
508
627
721
804
839
901
943
1048
1058
996
993
1036
996
900
850
928
857
676
624
498
467
366
251
127
-23
-142
-273
-352
-427
-563
-633
-627
-710
-703
-732
-706
-701
-749
-759
-766
-729
-705
-615
-480
-410
-327
-162
-48
54
153
170
326
458
500
543
692
790
892
953
997
1117
1143
1198
1227
1145
1115
1076
1060
1032
896
830
771
695
552
472
452
252
127
52
-37
-129
-259
-326
-395
-510
-609
-597
-688
-844
-900
-931
-911
-948
-1033
-1071
-1083
-1067
-1051
-1080
-1075
-1106
-1032
-1037
-974
-1002
-986
-914
-931
-893
-900
-888
-801
-730
-753
-811
-774
-712
-635
-473
-513
-612
-680
-578
-358
-288
-370
-439
-358
-215
-120
-103
-91
-32
24
77
122
186
200
284
327
282
285
315
372
408
382
362
382
420
421
370
321
260
190
122
80
-3
-53
-120
-182
-132
-168
-215
-225
-246
-184
-252
-257
-169
-148
-133
-107
-85
-74
17
35
15
69
192
255
273
295
351
487
552
569
554
617
663
649
615
622
714
757
717
632
601
509
530
441
423
341
310
241
183
176
176
131
21
-16
-121
-113
-88
-111
-155
-184
-209
-178
-104
-154
-159
-134
-205
-217
-152
-130
-122
-70
-15
-13
14
-35
9
69
65
-9
-56
-36
-126
-167
-221
-170
-250
-327
-388
-464
-506
-596
-671
-749
-822
-914
-948
-1041
-1109
-1199
-1265
-1302
-1370
-1389
-1233
-1154
-1295
-1452
-1339
-1074
-922
-984
-1078
-888
-542
-343
-327
-344
-160
0
197
289
379
524
629
801
854
912
1014
1080
1110
1101
1172
1244
1197
1153
1226
1235
1129
1039
908
868
813
664
540
470
407
343
237
135
48
-4
-86
-165
-255
-308
-355
-403
-419
-464
-437
-480
-510
-508
-512
-567
-547
-498
-445
-394
-340
-269
-199
-104
18
53
93
187
226
374
433
466
539
618
668
761
845
898
943
991
966
937
1039
1034
971
949
924
939
899
843
773
716
632
574
445
324
170
18
-34
-130
-225
-372
-454
-554
-626
-738
-870
-917
-957
-985
-1055
-1156
-1241
-1205
-1209
-1251
-1266
-1283
-1243
-1166
-1112
-1160
-1150
-1063
-1040
-924
-849
-779
-627
-564
-437
-346
-312
-247
-187
-75
-80
-3
121
138
93
90
231
365
456
368
355
467
584
600
550
450
504
600
583
531
538
544
501
471
475
457
362
325
346
351
323
262
259
127
132
142
108
42
8
47
-3
-74
-107
-100
-123
-174
-213
-228
-259
-267
-248
-275
-224
-177
-178
-144
-122
-35
107
102
98
174
289
353
389
398
449
574
634
638
613
672
724
767
726
719
781
812
745
717
676
687
684
589
584
451
378
362
285
177
111
48
16
-16
-69
-106
-194
-230
-322
-383
-424
-395
-360
-378
-422
-464
-480
-463
-403
-445
-448
-439
-413
-387
-365
-364
-306
-235
-294
-305
-248
-200
-177
-179
-217
-226
-224
-228
-246
-243
-244
-282
-296
-297
-258
-263
-295
-239
-244
-261
-285
-276
-232
-285
-306
-244
-288
-285
-219
-227
-288
-347
-248
-171
-189
-233
-234
-154
-61
-36
-50
-4
33
63
118
210
295
265
315
322
372
369
383
409
370
401
418
420
346
374
333
301
303
297
295
181
129
61
49
53
-61
-117
-163
-201
-216
-296
-307
-238
-270
-331
-285
-263
-220
-210
-211
-189
-88
-28
29
70
64
129
206
326
343
327
389
480
554
624
653
671
646
592
619
629
640
633
639
631
594
569
507
482
398
326
228
152
70
-48
-138
-260
-287
-327
-407
-510
-577
-585
-635
-669
-699
-726
-767
-789
-794
-852
-851
-846
-840
-825
-758
-712
-703
-623
-548
-478
-477
-479
-426
-342
-249
-237
-237
-232
-198
-142
-83
-108
-57
-21
64
29
-26
-14
-40
-54
-116
-121
-88
-89
-132
-163
-154
-179
-275
-294
-355
-496
-555
-551
-529
-586
-612
-636
-676
-689
-644
-639
-646
-620
-561
-492
-516
-469
-417
-339
-270
-311
-255
-156
-100
-65
-47
30
131
153
215
293
360
372
341
424
427
478
470
474
505
498
549
507
512
518
521
499
392
400
417
369
291
184
148
106
31
8
-45
-73
-73
-73
-115
-172
-154
-184
-184
-190
-225
-224
-206
-236
-209
-260
-285
-199
-220
-188
-184
-174
-184
-225
-244
-209
-189
-144
-90
-123
-109
-138
-115
-67
-48
-86
-79
-120
-144
-118
-149
-129
-156
-177
-209
-207
-276
-303
-280
-336
-339
-323
-390
-401
-382
-406
-438
-496
-519
-556
-564
-578
-571
-595
-651
-615
-624
-638
-628
-657
-712
-714
-689
-647
-655
-655
-617
-573
-572
-623
-648
-566
-543
-560
-538
-517
-471
-423
-340
-284
-221
-186
-136
-93
-79
-33
-4
-2
47
37
139
156
160
226
243
299
322
364
274
348
350
373
362
323
329
285
291
285
222
197
136
107
111
61
20
7
-13
-30
-47
-103
-92
-113
-49
-72
-121
-130
-106
-97
-65
-69
-42
0
72
37
22
145
89
92
121
168
200
240
306
330
334
327
329
290
273
283
271
239
192
115
38
41
-39
-93
-142
-256
-305
-361
-413
-456
-562
-582
-628
-711
-750
-738
-769
-823
-816
-833
-880
-826
-790
-822
-820
-785
-714
-676
-651
-608
-566
-492
-409
-356
-273
-246
-153
-38
15
21
27
66
129
137
143
122
146
123
108
115
105
120
54
36
10
-29
-130
-183
-181
-263
-280
-320
-381
-432
-482
-484
-470
-545
-553
-535
-524
-500
-474
-477
-489
-471
-411
-327
-388
-345
-313
-290
-211
-71
-87
-52
116
247
217
243
371
466
517
568
598
543
555
633
671
589
549
532
481
447
451
388
379
355
313
292
250
271
167
100
8
-22
-115
-165
-199
-229
-304
-414
-423
-520
-563
-573
-569
-610
-626
-634
-588
-560
-517
-470
-502
-482
-413
-358
-349
-318
-201
-127
-117
-75
-38
-38
24
90
99
93
118
197
250
239
275
265
233
245
244
218
138
167
133
94
112
107
70
29
-33
-39
-174
-205
-214
-219
-262
-339
-368
-402
-396
-476
-515
-506
-536
-544
-587
-648
-588
-592
-517
-482
-420
-442
-417
-391
-431
-405
-359
-299
-328
-252
-191
-200
-114
-83
-87
-115
-109
-76
-51
-80
-42
-8
-12
7
-4
-17
20
56
3
-14
-20
21
58
-12
-79
-82
-94
-88
-110
-139
-122
-157
-99
-63
-128
-171
-172
-96
-137
-184
-243
-249
-304
-299
-234
-231
-213
-148
-132
-151
-62
-64
-92
-74
-48
-65
-80
-68
-4
-28
-7
41
60
109
119
137
140
129
208
178
144
189
239
231
240
243
222
210
206
191
149
111
47
49
58
-41
-75
-57
-87
-130
-176
-151
-181
-225
-217
-225
-223
-271
-298
-341
-362
-389
-449
-439
-426
-316
-309
-299
-222
-202
-183
-161
-128
-134
-106
-84
-102
-64
49
19
40
68
44
40
51
63
78
79
53
69
63
67
53
39
-33
-120
-123
-164
-267
-349
-366
-403
-420
-485
-596
-654
-640
-609
-681
-678
-649
-723
-667
-639
-591
-611
-634
-537
-552
-510
-466
-430
-393
-347
-264
-200
-155
-85
14
79
128
210
238
268
354
403
424
373
390
432
393
402
436
461
483
493
499
444
438
424
381
321
219
151
62
1
-39
-113
-133
-114
-163
-209
-208
-226
-255
-299
-267
-341
-366
-319
-327
-339
-360
-265
-250
-284
-261
-238
-168
-123
-122
-89
-25
-26
12
111
144
186
213
211
246
281
317
317
290
305
310
295
281
227
196
137
104
72
60
-31
-56
-41
-35
-78
-158
-193
-194
-218
-286
-334
-353
-362
-400
-433
-515
-526
-555
-616
-605
-661
-705
-644
-611
-634
-568
-559
-567
-501
-427
-427
-473
-423
-326
-255
-219
-182
-98
32
16
46
105
159
164
118
208
201
199
195
226
215
206
232
235
226
202
227
199
169
203
195
152
106
51
68
5
-42
-76
-56
-22
-65
-67
-82
-87
-70
-86
-104
-94
-80
-80
-75
-48
-71
-39
-50
-47
-28
-4
-4
-20
-84
-87
-49
-2
-5
18
22
33
6
1
60
40
40
61
129
114
89
146
110
78
90
68
72
45
51
36
14
4
-12
-55
-82
-60
-39
-62
-96
-83
-116
-150
-150
-117
-187
-188
-178
-189
-167
-208
-146
-217
-239
-195
-180
-172
-178
-182
-200
-203
-235
-178
-143
-160
-127
-142
-153
-162
-92
-89
-108
-40
-37
53
85
94
135
107
115
165
191
136
145
133
178
158
93
98
61
39
60
70
66
65
51
55
42
46
47
0
-99
-103
-60
-115
-201
-142
-208
-221
-193
-229
-223
-232
-240
-283
-285
-234
-200
-132
-162
-132
-148
-104
-46
-78
-64
-79
-88
-61
-1
-3
48
89
86
45
26
56
72
66
76
47
1
0
20
24
15
68
84
34
7
26
24
-50
-107
-86
-65
-79
-86
-119
-155
-148
-88
-101
-191
-182
-135
-102
-26
-33
-58
-65
-46
-6
20
-14
-31
-5
32
77
93
62
93
138
127
141
105
135
172
232
244
239
235
193
190
174
132
107
91
73
76
76
109
71
15
22
-1
14
-30
-85
-76
-107
-66
-94
-38
-18
-18
-17
12
23
11
24
69
23
10
60
6
17
16
10
6
17
15
20
58
31
28
33
-28
-25
2
-24
-37
-41
-26
-25
-82
-88
-155
-170
-206
-217
-185
-188
-220
-210
-139
-137
-131
-80
-132
-176
-148
-72
-53
-101
-90
-94
-100
-74
-46
-42
9
-13
77
185
240
344
356
333
206
196
167
190
231
160
57
48
81
88
73
21
36
33
112
215
219
162
155
194
292
406
337
226
268
318
350
332
273
254
243
234
290
321
297
306
314
336
363
363
297
222
162
153
135
109
86
36
16
9
-4
21
-8
-26
-11
0
63
107
125
51
89
103
94
61
74
96
83
86
15
3
27
41
40
-41
-36
-27
-91
-64
-129
-129
-123
-137
-160
-187
-178
-144
-136
-173
-157
-157
-195
-212
-165
-130
-129
-150
-114
-32
-62
-38
19
47
67
37
39
46
56
40
76
103
67
76
111
98
129
90
165
158
167
244
206
155
160
183
132
85
131
149
147
182
188
101
86
126
91
37
58
146
157
204
214
237
229
229
135
125
149
76
59
34
81
87
113
104
97
92
172
180
100
137
107
35
64
77
64
52
94
123
141
143
124
117
133
167
121
124
128
144
109
125
134
163
198
137
145
89
90
74
79
48
63
93
54
20
54
37
19
47
45
39
54
98
68
32
34
8
18
-21
-39
-13
-49
-123
-119
-94
-82
-11
-3
12
43
21
89
73
81
117
125
142
151
176
129
212
208
240
271
316
316
339
363
369
400
411
452
368
317
277
281
280
213
180
234
211
190
172
190
188
133
163
176
167
162
214
202
217
227
193
149
111
119
80
-6
-16
11
29
42
40
99
106
80
82
136
142
137
135
96
89
105
148
172
114
95
109
94
123
163
137
153
182
258
259
255
259
291
309
286
284
274
240
206
160
152
140
179
189
161
121
72
153
113
63
57
59
87
40
46
48
-16
-65
-124
-78
-58
-96
-58
-71
-33
-1
41
75
104
158
204
234
253
243
289
322
289
323
353
298
256
284
283
303
348
335
348
401
363
383
390
376
348
359
347
318
343
329
334
308
323
310
284
238
249
190
206
197
130
136
151
170
152
166
201
245
279
281
279
310
208
217
216
167
163
142
160
193
174
147
106
85
120
75
44
58
60
62
67
57
33
54
55
102
59
45
106
96
89
133
105
93
175
196
171
171
153
155
185
177
146
145
214
185
211
234
226
231
245
236
194
206
202
250
274
251
240
296
356
378
434
383
403
407
401
409
379
398
396
398
372
324
303
342
373
398
408
392
418
349
356
357
311
322
295
288
310
262
263
296
300
282
331
308
276
327
270
294
271
342
322
298
318
302
336
262
310
354
319
322
285
257
306
307
238
184
192
173
136
152
176
137
123
117
147
118
63
100
115
137
112
135
174
160
197
192
165
184
152
158
179
142
114
133
137
148
133
130
139
173
197
151
209
200
167
175
187
181
186
196
193
206
195
226
210
203
217
270
305
293
296
306
277
237
285
287
257
281
364
383
357
372
463
441
394
441
429
403
423
501
468
448
505
469
395
416
396
333
287
307
328
235
228
254
253
211
271
268
222
228
261
246
218
247
202
200
225
202
198
224
265
238
256
273
282
282
271
233
192
236
225
216
227
243
268
239
264
248
222
222
197
218
193
193
172
143
140
106
118
136
140
125
108
139
142
174
192
165
200
170
164
159
152
161
153
187
167
149
177
195
231
255
273
291
258
314
372
377
356
347
377
354
306
291
283
346
295
283
348
361
312
357
339
370
378
374
389
313
332
349
292
256
221
224
241
201
275
192
203
227
192
210
208
225
176
175
179
190
170
208
250
167
166
187
192
188
200
209
192
220
251
243
272
278
239
218
203
191
157
151
158
120
105
82
125
105
68
140
118
170
198
195
190
173
149
94
100
120
131
133
126
143
209
208
204
204
227
171
122
116
113
83
144
206
216
234
263
269
250
248
217
180
182
242
192
161
198
228
238
259
274
309
285
301
275
253
308
301
297
323
324
362
349
365
321
334
326
342
325
357
410
391
395
401
375
366
397
350
381
348
342
307
292
248
269
301
316
339
317
337
311
306
268
258
255
189
224
212
151
139
102
88
18
56
92
39
90
94
64
57
58
55
41
73
71
85
145
119
93
156
202
191
207
160
139
150
151
169
180
211
215
218
224
239
257
202
180
238
206
193
192
164
190
144
112
134
116
124
120
98
71
74
117
183
125
157
178
226
204
205
242
227
308
312
295
285
320
284
292
299
309
364
340
312
325
333
364
375
333
367
384
409
430
405
450
468
439
423
376
364
344
339
357
308
313
353
333
343
299
269
256
253
284
234
225
239
206
201
179
149
143
100
114
145
168
115
153
152
106
83
108
119
72
41
29
29
39
29
89
56
40
107
111
108
105
89
150
135
115
99
94
79
65
77
94
90
75
110
153
162
142
159
151
174
147
192
244
238
243
219
278
266
254
277
309
316
329
360
356
352
319
352
373
345
318
296
306
296
326
292
312
317
294
293
328
342
304
373
376
321
335
293
250
270
240
182
208
220
209
206
229
264
224
231
280
267
259
269
276
308
345
386
349
318
338
335
292
266
223
224
229
184
199
199
186
217
254
245
233
217
201
208
197
135
119
91
107
77
106
129
62
94
35
59
73
112
160
132
123
122
155
139
166
212
172
167
216
195
174
124
99
123
142
150
135
171
142
163
185
197
218
190
197
172
198
177
194
251
235
220
270
295
251
243
254
278
295
315
325
352
354
366
341
320
332
374
333
341
351
339
300
273
320
318
320
370
368
296
288
353
377
359
357
381
358
359
386
363
372
341
315
344
309
270
293
257
238
211
211
210
203
244
200
137
93
71
54
48
14
31
46
21
11
56
116
67
78
86
129
102
119
129
145
229
216
199
180
135
178
140
152
226
230
227
234
254
266
304
292
265
301
309
292
297
268
285
304
261
262
253
206
222
252
232
219
247
258
285
260
301
335
315
301
280
298
275
277
259
247
215
231
269
235
311
327
277
267
260
259
265
286
317
318
324
312
334
299
300
275
277
289
248
290
237
274
265
277
270
283
287
277
353
336
291
300
286
262
227
217
215
174
152
139
139
68
101
102
115
112
32
83
87
84
54
49
3
-6
29
32
48
28
90
64
32
11
37
30
-29
-15
69
97
124
148
142
174
140
134
210
213
164
210
207
167
200
194
200
213
201
220
236
267
262
251
244
295
311
270
248
286
215
241
260
196
211
228
224
201
159
207
206
176
210
246
227
216
233
240
254
260
235
254
262
212
217
194
178
170
159
153
247
232
261
240
221
274
271
275
274
274
262
269
260
285
273
271
226
225
224
133
166
174
182
194
151
125
156
115
55
54
49
47
9
-18
-2
-39
-46
-68
-64
-37
-67
-21
6
-16
-38
-32
-33
-65
-92
-46
-18
-18
-39
-4
-31
-61
-20
7
29
57
127
96
106
126
99
120
96
120
109
152
140
168
146
135
149
104
157
157
190
177
165
172
180
195
189
164
153
117
99
65
59
100
43
34
54
22
40
75
31
49
51
81
142
149
109
94
44
61
50
45
50
79
85
113
159
129
134
158
119
83
90
113
97
87
170
120
178
269
265
190
211
222
138
161
129
157
163
142
147
80
129
142
123
118
117
75
33
64
61
21
3
22
-37
-83
-100
-80
-102
-111
-65
-115
-152
-144
-74
-20
13
-20
-42
-90
-65
-60
-61
-67
-74
-57
-71
-85
-65
-11
-31
-11
15
22
15
100
105
102
130
113
116
54
60
96
26
35
68
106
115
118
146
142
190
173
202
249
223
252
230
251
257
308
293
264
268
165
160
86
94
63
53
31
-20
-33
-25
-43
-16
-49
-112
-103
-71
-17
-68
-93
-78
-74
-111
-102
-112
-113
-91
-70
-85
-62
-52
4
29
17
34
37
74
98
97
84
136
137
118
104
95
55
20
21
3
12
-19
19
-17
-43
-70
-110
-62
-35
-29
-76
-93
-90
-114
-143
-111
-106
-72
-47
-30
-12
-31
7
11
24
28
7
34
36
8
29
22
59
76
59
79
76
77
20
36
54
66
42
42
37
48
37
44
66
41
17
44
63
17
63
88
45
23
-29
-3
-8
-16
19
60
87
48
50
77
49
55
41
64
71
61
69
-11
-10
-55
-48
-40
-50
-73
-84
-76
-27
-45
-28
-2
3
43
29
4
11
-14
4
12
-29
22
-10
-37
-29
-27
-19
-25
-32
-26
3
2
-22
12
10
-10
-41
-95
-74
-40
-98
-108
-116
-98
-100
-85
-55
-38
-44
-13
-8
57
60
30
47
-12
-8
45
37
-37
-26
32
32
28
44
49
28
17
36
55
99
117
128
91
90
90
107
74
38
72
36
-24
-15
23
35
39
26
78
62
42
68
40
21
21
57
42
64
60
70
58
-25
-40
41
76
41
49
32
-11
61
94
76
70
79
61
88
79
10
-3
11
-9
-33
-83
-56
-52
-40
-47
-63
-68
-59
-39
-60
-36
-34
-24
-23
-34
-34
-14
-11
-27
-35
16
39
18
8
21
26
8
80
31
-9
-31
-51
-74
-50
-19
-42
-12
-35
-2
-19
-58
-52
-76
-78
-51
-71
-70
-55
-27
26
29
14
4
-2
-5
35
66
88
88
99
110
92
79
111
117
168
184
165
150
145
153
163
182
181
195
199
171
185
210
173
125
97
49
54
86
83
47
16
15
-37
-55
-15
11
-10
32
70
64
66
55
53
20
-22
-35
-47
-54
-65
-18
34
43
65
16
11
24
20
55
36
53
34
28
21
48
29
-16
-1
-18
-71
-37
-10
-46
-28
-82
-75
-85
-76
-54
-47
-111
-120
-124
-119
-111
-131
-189
-196
-172
-223
-209
-247
-186
-149
-142
-156
-137
-146
-132
-101
-87
-141
-157
-106
-70
-96
-83
-46
-17
3
0
-3
-8
45
44
52
46
94
81
85
110
115
137
133
168
122
89
127
80
121
122
158
108
109
118
121
135
40
46
-11
2
13
-5
-11
11
37
6
-51
-73
-68
-35
-27
-35
-50
-72
-56
-127
-77
-61
-94
-69
-59
-66
-49
-10
-86
-62
-80
-88
-77
-138
-104
-90
-129
-130
-137
-105
-77
-90
-81
-87
-106
-81
-28
-96
-92
-70
-66
-132
-199
-158
-157
-174
-155
-121
-150
-154
-127
-118
-126
-103
-90
-72
-53
-69
-110
-137
-141
-127
-130
-128
-150
-142
-118
-104
-67
-22
-48
-44
-55
-34
-66
-102
-61
-22
-64
-31
28
30
4
30
43
28
54
1
6
-43
-12
43
-21
7
-14
6
17
-28
6
0
-45
-61
-49
-92
-59
-76
-75
-65
-107
-57
-80
-105
-89
-136
-118
-101
-159
-202
-203
-207
-168
-169
-145
-183
-182
-160
-185
-182
-197
-210
-190
-184
-168
-144
-176
-182
-212
-161
-166
-194
-171
-198
-211
-220
-222
-190
-173
-196
-197
-180
-130
-117
-127
-106
-113
-147
-166
-174
-147
-136
-128
-79
-70
-108
-89
-71
-47
-74
-57
-76
-108
-88
-96
-100
-144
-120
-92
-119
-117
-125
-89
-91
-134
-77
-97
-94
-39
-63
-32
-15
-19
-5
9
-32
-10
-32
-87
-111
-102
-161
-174
-132
-219
-197
-197
-151
-177
-150
-136
-187
-143
-152
-123
-160
-178
-143
-120
-121
-156
-173
-193
-244
-270
-277
-215
-175
-159
-122
-124
-122
-91
-134
-74
-81
-96
-104
-102
-71
-89
-93
-84
-55
-66
-81
-53
-71
-87
-42
-62
-51
-51
-25
-46
-111
-97
-119
-125
-188
-167
-179
-183
-195
-219
-180
-172
-221
-193
-197
-221
-157
-177
-175
-148
-141
-126
-179
-217
-221
-190
-207
-178
-154
-201
-170
-169
-146
-93
-56
-50
-49
-49
-36
-18
-37
-96
-75
-16
-38
-45
-61
-92
-148
-131
-124
-175
-160
-142
-129
-93
-138
-103
-80
-102
-116
-119
-160
-131
-179
-186
-175
-222
-221
-222
-186
-211
-214
-206
-219
-246
-192
-237
-247
-216
-222
-217
-223
-187
-158
-172
-211
-208
-163
-161
-158
-122
-89
-63
-83
-40
-43
-62
-48
-51
-47
-24
-63
-65
-20
-49
-85
-82
-101
-162
-176
-163
-88
-127
-93
-121
-117
-80
-122
-156
-152
-183
-258
-213
-208
-173
-209
-248
-240
-200
-149
-135
-126
-156
-172
-153
-179
-199
-183
-149
-141
-137
-174
-160
-182
-217
-168
-142
-142
-121
-100
-76
-30
-77
-101
-76
-107
-122
-84
-65
-84
-116
-83
-73
-103
-103
-106
-110
-87
-77
-75
-85
-127
-106
-163
-122
-133
-149
-120
-99
-72
-92
-102
-120
-160
-193
-225
-199
-203
-210
-179
-182
-192
-139
-103
-89
-93
-74
-59
-66
-85
-116
-119
-130
-166
-184
-178
-155
-138
-162
-137
-128
-112
-104
-118
-123
-112
-112
-146
-94
-100
-103
-84
-136
-119
-105
-99
-120
-166
-186
-168
-225
-181
-164
-221
-186
-149
-107
-91
-134
-145
-180
-199
-163
-176
-134
-159
-136
-91
-104
-86
-75
-81
-119
-173
-193
-192
-198
-166
-130
-152
-137
-85
-102
-47
-75
-93
-43
-51
-32
-83
-80
-81
-59
-48
-79
-70
-74
-59
-76
-98
-73
-46
-49
-35
-26
-5
-13
-43
-28
-41
-40
-94
-134
-117
-133
-134
-190
-135
-129
-182
-183
-175
-159
-183
-134
-121
-130
-93
-113
-92
-72
-88
-94
-65
-51
-79
-84
-137
-82
-45
-83
-106
-64
-84
-157
-195
-158
-173
-171
-165
-148
-131
-159
-189
-192
-190
-159
-172
-169
-193
-167
-95
-186
-193
-205
-170
-181
-204
-182
-178
-175
-174
-101
-113
-85
-48
-69
-66
-87
-33
-28
-49
-12
-35
-40
-78
-36
-31
-47
-60
-60
-79
-101
-138
-118
-106
-118
-87
-54
-35
-71
-104
-114
-156
-196
-199
-206
-165
-172
-211
-195
-231
-226
-157
-143
-153
-153
-123
-79
-91
-65
-80
-84
-79
-53
-109
-106
-66
-123
-66
-86
-70
-87
-49
-2
17
57
1
-36
-46
-38
-59
-49
-66
-42
-30
-91
-86
-101
-101
-98
-75
-126
-158
-120
-126
-100
-112
-143
-126
-143
-107
-119
-119
-149
-198
-217
-231
-223
-192
-142
-152
-148
-142
-111
-106
-123
-99
-99
-64
-38
-40
-27
24
-22
-34
-33
-26
-34
-45
-10
-5
37
11
-26
-3
6
2
-43
-25
44
48
101
112
78
133
87
57
85
37
29
46
-10
-11
38
51
46
41
41
69
39
48
46
47
-7
-14
-33
-13
-16
-43
-38
-45
-52
-68
-19
-38
-67
-75
-4
12
-41
-34
-37
-80
-56
-59
-30
-51
-110
-62
-43
-24
-46
5
8
14
23
49
58
34
62
89
118
82
122
127
145
145
159
104
40
65
59
83
96
87
130
113
73
64
-16
-35
-1
23
33
4
-3
-33
-59
-52
-80
-76
-71
-95
-103
-85
-122
-100
-107
-88
-76
-94
-77
-62
-97
-122
-83
-94
-117
-71
-39
-2
-34
-7
38
34
16
14
21
25
30
45
86
71
42
86
108
132
144
158
202
153
184
224
193
161
133
110
88
57
13
-7
-20
-48
-95
-137
-60
-70
-119
-69
-107
-133
-157
-112
-95
-120
-104
-113
-71
-58
-44
-60
-13
4
-9
-16
-29
-9
-44
24
32
47
72
101
129
145
138
106
132
116
140
157
174
199
168
170
172
125
92
80
59
-6
-44
-58
-73
-104
-76
-28
-61
-70
2
0
-28
-52
-90
-131
-183
-188
-158
-166
-186
-171
-169
-168
-132
-106
-53
-40
-68
-50
-62
-10
-32
-20
-14
7
-1
-5
19
-9
30
36
44
56
31
68
52
72
84
79
72
15
-11
-34
-7
-19
-44
8
17
16
-6
-27
-51
-74
-84
-85
-59
-38
-59
-39
-43
-72
-20
-44
-43
-38
-40
-73
-99
-79
-117
-116
-90
-89
-62
-60
-8
24
-27
-4
-8
-12
15
-35
-21
-10
-27
-17
-20
-40
-51
-42
-35
-37
-33
-30
-15
-12
-43
30
37
35
30
91
91
10
130
75
56
81
114
112
87
118
80
11
-9
-6
-66
-53
-36
-53
-19
6
32
21
34
35
58
18
-15
19
-66
-108
-96
-77
-130
-146
-130
-119
-155
-110
-25
-58
-90
-91
-22
21
91
56
21
24
6
3
-9
-5
50
0
25
11
54
105
44
86
44
54
72
57
1
-22
1
-24
-10
-37
-16
-16
-4
-47
-77
-71
-112
-121
-123
-86
-100
-100
-153
-133
-133
-150
-143
-153
-107
-95
-51
-36
-25
12
56
7
-42
-24
-14
2
-4
-3
-9
-28
-15
-29
-28
-3
-47
-96
-149
-138
-88
-90
-81
-86
-46
-54
-31
-6
-23
-49
-113
-113
-144
-157
-136
-121
-106
-107
-78
-111
-83
-46
-47
-17
-10
7
-15
37
38
45
20
-5
0
-15
-20
-4
-14
-7
4
-15
-40
-70
-90
-99
-138
-127
-117
-92
-65
-61
-109
-120
-102
-100
-112
-98
-105
-63
-41
-71
-62
-81
-120
-91
-101
-120
-136
-169
-202
-187
-193
-202
-223
-177
-174
-167
-125
-99
-78
-50
-44
-66
-73
-107
-120
-131
-143
-143
-160
-138
-121
-101
-100
-79
-72
-82
-61
-77
-103
-87
-61
-98
-128
-113
-53
-30
-56
-52
-56
-70
-45
-8
8
-61
-36
-60
-86
-56
-46
-69
-24
12
-17
-63
-106
-92
-75
-112
-114
-138
-111
-106
-118
-150
-123
-118
-96
-57
-73
-96
-140
-66
-111
-121
-86
-60
-67
-26
-21
-38
-16
-25
-6
-59
-81
-78
-57
-70
-87
-40
-12
2
7
68
143
114
101
114
118
77
55
10
-16
-64
-99
-84
-83
-91
-74
-22
-29
-20
-50
-60
-96
-120
-123
-153
-164
-130
-66
-80
-82
-130
-147
-135
-154
-224
-213
-243
-256
-237
-190
-107
-73
-37
-37
41
30
25
44
58
75
90
0
-18
-29
-81
-97
-78
-64
-97
-66
-82
-59
-48
-85
-67
-53
-38
-47
-16
-16
-43
-25
-61
-136
-166
-130
-133
-149
-129
-129
-109
-138
-170
-177
-173
-189
-149
-111
-68
-32
-27
42
35
25
45
37
-22
-36
2
-14
45
44
90
148
138
98
99
80
95
67
9
17
1
42
21
42
56
44
49
42
13
66
68
3
-15
-21
-3
-26
-20
-11
-4
-26
-39
-68
-93
-88
-59
-60
-113
-90
-114
-113
-68
-106
-64
-88
-39
-93
-105
-89
-133
-118
-148
-111
-98
-95
-80
-70
-53
-45
-76
-67
-21
-33
-44
-69
-70
-68
-38
-7
-18
-5
4
-13
-8
4
-54
-42
-51
-7
-34
-48
8
25
41
-27
-38
-57
-86
-79
-86
-87
-38
-49
-64
-89
-161
-167
-212
-233
-215
-222
-206
-161
-132
-101
-80
-99
-71
-93
-99
-95
-70
-131
-164
-137
-138
-81
-54
-20
-17
-5
3
0
-31
-32
-51
-33
-58
-83
-24
-24
-8
-35
6
-19
-49
-19
-34
-1
-29
-23
-26
-49
-99
-56
-85
-58
5
-57
-33
-47
-64
-59
-64
-41
-77
-10
-64
-93
-44
-12
-21
-38
-45
-35
-26
-21
-11
-19
-100
-63
-72
-95
-71
-109
-88
-80
-29
-28
-68
-103
-23
-21
5
-35
-44
-23
-101
-60
-61
-69
-51
-8
21
-37
13
9
-30
-39
-49
-32
-29
-53
-38
-27
-16
-43
-42
-57
-93
-71
-104
-113
-103
-129
-120
-99
-74
-93
-89
-109
-63
-38
-72
-50
-38
-69
-88
-36
10
-24
-28
25
3
32
21
-14
23
68
35
104
131
91
109
128
109
107
114
65
67
41
27
15
-54
-13
-17
-48
-44
-48
-55
-73
-37
-20
8
38
43
52
73
85
101
83
30
52
66
58
66
59
62
63
14
-19
-33
-35
-30
-36
-12
-15
-72
-75
-26
-11
0
-42
-19
-36
-25
-13
-44
-59
-47
-66
-61
-117
-114
-47
-110
-110
-114
-96
-142
-91
-88
-126
-123
-136
-140
-122
-104
-91
-60
-81
-30
-78
-94
-70
-60
-57
-73
-38
-70
-36
-24
-10
-19
3
57
31
38
-9
0
-35
-13
10
-4
32
31
37
38
39
-3
10
40
33
16
54
114
63
83
100
107
51
-1
-40
-78
-128
-171
-137
-191
-182
-143
-109
-109
-92
-90
-100
-51
-16
-39
-36
0
4
16
20
5
-12
-5
-36
-28
-32
-68
-39
-37
-59
-47
-18
-8
-19
-2
21
27
25
-14
-55
-44
-26
-51
-63
-121
-91
-35
-74
-80
-104
-108
-64
-45
-28
-85
-74
-83
-119
-138
-81
-117
-169
-82
-71
-100
-51
-43
-71
-99
-119
-90
-99
-63
-81
-125
-141
-131
-75
-73
-16
-5
13
-81
-88
-13
-75
-39
-41
-19
-4
28
22
-14
-10
-18
-30
-64
-34
-44
-69
-53
-83
-48
-50
-13
3
-18
-32
-65
-44
-86
-123
-92
-131
-143
-101
-144
-134
-81
-121
-193
-164
-116
-104
-124
-63
-32
-37
-35
-72
-36
29
-8
-44
-32
-30
-21
-20
6
-12
-40
-5
5
-32
15
23
55
23
27
9
-2
-13
-28
38
4
-7
-37
-117
-86
-124
-127
-129
-163
-103
-83
-78
-79
-76
-62
-95
-50
-68
-74
-73
-83
-38
-47
-33
-52
-32
-49
-30
-57
-53
-59
-24
1
-1
29
-20
-2
21
50
21
34
16
50
50
21
40
83
83
79
110
75
79
78
63
75
100
79
114
96
164
131
99
58
29
14
-22
-44
-96
-47
-122
-67
-90
-145
-111
-122
-134
-130
-104
-93
-68
-79
-66
-92
-79
-71
-42
-73
-91
-74
-130
-101
-113
-76
-83
-81
-69
-49
-42
-35
-9
-34
-49
-39
-55
-19
-31
-80
-86
-47
-48
-78
-98
-69
-30
-55
0
18
42
38
57
54
26
-18
-54
-51
-87
-83
-58
3
-54
-29
-20
-39
-22
-67
-35
-48
-62
11
-34
-79
-90
-92
-49
-133
-140
-140
-171
-178
-174
-180
-170
-151
-182
-142
-90
-89
-144
-140
-125
-142
-143
-162
-192
-192
-160
-182
-144
-145
-110
-42
-81
-49
-55
-37
-49
-64
-85
-72
-63
-92
-103
-99
-76
-63
-91
-117
-77
-54
-75
-64
-21
-32
-74
-62
-37
-8
-32
-46
-55
-128
-157
-86
-109
-118
-101
-106
-95
-89
-119
-115
-79
-147
-147
-187
-192
-182
-147
-147
-100
-81
-61
-91
-116
-86
-92
-95
-75
-59
-55
-27
-40
-22
-4
22
-14
-24
2
-57
-79
-91
-96
-142
-107
-96
-134
-117
-82
-117
-104
-68
-110
-67
-82
-69
-82
-58
-45
-80
-43
-35
-7
-27
-59
-10
9
-14
-25
-28
-33
-14
-48
-54
-32
-34
14
-37
-42
-22
-84
-66
-60
-26
-14
-29
-54
-41
-58
-61
-31
-55
-62
-46
-16
-14
-45
-17
-84
-61
-66
-64
-44
-80
-55
-88
-101
-108
-97
-129
-114
-130
-171
-116
-103
-121
-120
-122
-64
-92
-86
-42
-62
-48
-43
-70
-19
-14
-38
-23
-61
-86
-64
-56
-89
-101
-94
-51
-49
-44
-25
-40
-25
-15
4
-45
-48
-69
-60
-56
-37
-21
-63
-8
-7
-25
-38
-48
-51
-34
6
-42
-9
31
38
-26
10
40
72
51
80
83
62
29
10
21
-1
6
29
38
64
72
67
77
46
34
17
17
-17
-39
-19
-38
-46
-37
-42
-7
7
10
-22
-11
30
56
76
94
60
35
36
-25
-19
-43
-48
-31
-30
-67
-63
-32
-48
-57
-51
-85
-84
-82
-90
-83
-80
-71
-60
-40
-43
-106
-89
-68
-71
-47
-85
-41
-45
-11
50
56
28
37
60
95
77
50
92
67
14
27
-27
-25
-70
-100
-109
-144
-122
-84
-92
-118
-80
-94
-120
-110
-55
-73
-85
-67
-59
-80
-66
-48
-87
-129
-143
-141
-100
-41
-40
1
7
-1
-9
-15
10
-16
-9
-8
22
49
12
3
-1
-1
12
10
59
2
41
32
41
85
63
66
58
2
-48
-35
-38
-29
-62
-115
-112
-100
-62
-98
-93
-62
-86
-71
-45
-70
-64
-42
-71
-56
-66
-102
-116
-119
-107
-85
-76
-44
-61
-40
-51
-74
-71
-105
-124
-93
-63
-83
-57
-51
28
18
7
57
0
-22
-17
-23
-55
-88
-50
-53
-92
-57
-67
-44
-44
-26
-10
-45
-95
-98
-41
-1
-61
-48
-64
-108
-85
-100
-72
-166
-143
-147
-190
-163
-162
-152
-158
-92
-95
-66
-68
-40
-9
-37
-40
-62
-30
-36
-17
5
-78
-30
-68
-68
-78
-124
-101
-110
-70
-47
-28
-60
-101
-55
-16
-57
-101
-107
-75
-106
-112
-96
-89
-75
-96
-86
-102
-125
-122
-164
-125
-118
-78
-26
-50
-60
-4
-31
-71
-63
-58
-17
-8
-33
-19
-42
-76
-52
-69
-90
-97
-90
-102
-104
-101
-105
-48
-56
-101
-121
-113
-174
-194
-179
-177
-210
-201
-212
-238
-207
-263
-304
-274
-269
-263
-225
-184
-163
-116
-125
-167
-160
-139
-172
-182
-132
-104
-119
-117
-107
-91
-154
-161
-136
-159
-157
-155
-136
-114
-99
-108
-96
-91
-100
-130
-98
-112
-99
-131
-109
-118
-136
-119
-89
-116
-208
-114
-104
-65
-49
-59
-44
-72
-62
-88
-102
-115
-141
-132
-172
-141
-96
-128
-122
-88
-113
-104
-108
-84
-67
-17
-65
-88
-46
-99
-78
-114
-157
-97
-148
-131
-146
-192
-166
-185
-185
-223
-201
-217
-207
-168
-150
-172
-172
-179
-178
-166
-184
-157
-183
-162
-174
-189
-201
-234
-152
-123
-136
-127
-145
-109
-112
-68
-112
-127
-127
-154
-181
-169
-135
-151
-155
-216
-201
-231
-201
-218
-225
-217
-220
-193
-180
-171
-189
-132
-170
-156
-149
-144
-105
-129
-127
-124
-84
-72
-51
-52
-87
-92
-67
-108
-112
-118
-54
-70
-95
-107
-169
-164
-129
-163
-180
-214
-204
-218
-212
-211
-210
-158
-178
-178
-194
-180
-194
-198
-221
-210
-248
-280
-245
-249
-213
-227
-185
-160
-148
-151
-83
-142
-189
-135
-104
-83
-127
-82
-111
-107
-107
-109
-129
-126
-105
-86
-94
-66
-18
-95
-93
-115
-72
-101
-117
-118
-138
-136
-152
-89
-90
-64
-60
-79
-64
-55
-91
-80
-67
-95
-93
-66
-73
-125
-137
-122
-130
-98
-79
-134
-137
-124
-115
-147
-96
-57
-22
-22
-44
-3
-50
-23
30
5
11
39
68
24
7
7
-13
-31
-19
-15
-6
-13
14
-1
-48
-54
-61
-65
-66
-73
-84
-76
-87
-85
-118
-91
-82
-77
-62
-38
-73
-97
-68
-39
-82
-113
-63
-66
-56
-22
10
50
32
44
71
22
31
8
-9
-20
16
16
45
28
16
23
-7
15
25
32
16
14
42
80
50
80
141
169
165
184
181
99
114
178
109
115
126
105
96
95
