SAMPLES:	16012
BITSPERSAMPLE:	16
CHANNELS:	1
SAMPLERATE:	16000
NORMALIZED:	FALSE
210
200
188
239
256
217
197
181
129
123
77
101
113
156
105
112
98
71
99
137
122
37
78
81
53
66
74
93
120
155
130
120
74
48
68
36
61
26
3
-6
-38
-41
-28
-62
-73
-38
-10
29
18
-1
10
35
61
39
-9
24
42
2
-14
24
3
4
12
2
9
6
31
8
46
109
105
102
154
216
173
148
161
100
86
70
103
72
70
67
33
68
38
45
45
70
58
105
129
133
126
147
142
119
141
158
175
162
205
230
222
226
296
252
213
221
177
162
153
124
98
106
69
32
34
23
-2
21
2
-13
8
-67
-10
-45
-63
-20
-54
-56
-47
-30
-4
4
-32
38
61
61
114
93
139
160
167
175
140
119
147
145
142
157
150
170
165
178
179
157
114
112
129
109
119
118
156
118
110
143
96
138
157
152
110
141
151
132
135
115
166
138
146
150
164
179
176
177
146
132
131
146
140
192
181
160
175
189
168
150
194
137
150
121
101
74
77
80
113
127
95
95
56
109
106
79
112
68
5
-11
-23
-112
-93
-97
-101
-65
-93
-87
2
9
-31
-37
-18
-22
10
60
77
54
63
61
43
56
58
102
146
166
143
135
124
139
134
114
92
96
81
58
60
46
19
42
8
38
66
27
-16
-35
-43
-42
-65
-50
-2
1
29
34
30
82
38
22
81
94
78
87
100
94
117
148
120
106
91
78
74
114
161
136
137
122
102
110
151
170
134
124
153
151
142
154
152
172
184
149
210
172
145
94
103
105
65
117
65
36
18
-8
25
7
19
17
11
45
73
79
48
64
72
62
80
74
71
58
103
31
21
43
48
66
69
75
61
87
71
61
113
108
73
122
109
112
101
105
107
75
92
72
50
76
101
93
72
105
86
46
48
12
-28
-46
-32
-46
-19
-19
8
9
-47
-32
-25
18
-11
11
13
40
28
29
91
85
78
47
25
15
24
-14
1
-30
14
40
38
75
102
73
34
70
22
14
30
11
43
44
22
30
23
54
35
13
34
49
25
21
40
15
21
36
-30
-48
-52
-66
-73
-63
-61
-46
-47
-36
-11
-33
-56
-65
-51
-44
-45
20
-21
-15
15
24
15
-4
1
-44
-15
16
1
-17
-20
-23
-5
-18
-4
-1
3
46
72
38
39
-13
9
31
-10
-23
-17
-37
-34
-93
-92
-84
-79
-45
-69
-29
-60
-39
14
-6
9
18
-1
0
-47
-82
-55
-82
-54
-50
-94
-74
-84
-74
-46
-69
-66
-49
-36
18
18
-6
-7
-28
-56
-61
-70
-48
-30
-70
-74
-42
-22
-10
-40
10
0
6
3
18
3
-53
-51
-28
-4
-20
11
-6
-7
-31
-73
-13
-25
-30
-10
-56
-49
-72
-60
-77
-103
-89
-95
-62
-41
-48
-63
-58
-110
-69
-77
-46
-54
6
-26
-7
58
49
76
43
48
35
52
8
10
23
19
27
9
71
58
32
44
24
1
-3
12
-55
-43
-7
-21
4
14
97
82
64
46
-49
-65
-62
-73
-131
-117
-131
-157
-202
-214
-207
-207
-243
-232
-181
-206
-192
-150
-121
-132
-170
-123
-105
-81
-111
-93
-44
-25
-57
-85
-65
-47
-46
7
71
53
44
35
41
17
21
-46
-25
14
4
19
-20
-17
2
-25
-63
-135
-89
-87
-88
-85
-119
-127
-100
-113
-132
-112
-68
-132
-159
-81
-139
-94
-52
-38
-60
-27
-40
-66
-42
-57
-84
-94
-78
-129
-80
-126
-159
-134
-162
-151
-149
-167
-158
-132
-102
-115
-71
-95
-80
-64
-58
-64
-118
-75
-99
-138
-166
-136
-104
-148
-107
-87
-98
-53
-66
-78
-42
-44
-67
2
-6
7
4
-26
6
-28
-11
-47
-21
-58
-78
-102
-162
-186
-168
-154
-177
-126
-166
-194
-159
-166
-208
-250
-260
-277
-276
-284
-327
-348
-414
-410
-434
-405
-422
-395
-330
-324
-312
-275
-255
-212
-208
-219
-204
-171
-183
-177
-158
-181
-125
-158
-144
-141
-108
-135
-136
-120
-90
-38
-77
-45
-42
-57
-54
-36
-90
-76
-84
-108
-44
-80
-59
-47
-11
-44
-37
-38
-42
-23
-80
-54
-30
-80
-110
-140
-168
-160
-175
-191
-210
-216
-261
-220
-230
-271
-251
-228
-229
-257
-283
-284
-329
-318
-300
-293
-217
-165
-171
-177
-149
-188
-207
-157
-132
-131
-88
-50
-56
-27
-5
-43
9
-76
-52
-36
-40
-91
-95
-65
-80
-17
-44
-51
-60
-65
-105
-161
-180
-162
-151
-200
-176
-219
-231
-202
-220
-221
-234
-209
-195
-197
-207
-211
-146
-152
-157
-154
-180
-171
-179
-195
-188
-170
-137
-115
-88
-97
-91
-94
-107
-128
-81
-79
-122
-132
-146
-161
-191
-174
-199
-206
-173
-165
-178
-149
-130
-127
-167
-214
-194
-223
-173
-165
-175
-149
-164
-127
-151
-138
-139
-132
-152
-188
-165
-202
-208
-246
-225
-151
-110
-111
-95
-147
-231
-228
-203
-215
-181
-227
-273
-250
-256
-205
-208
-223
-196
-185
-196
-196
-219
-200
-195
-203
-183
-184
-167
-231
-222
-203
-212
-179
-165
-215
-200
-143
-123
-104
-119
-72
-97
-100
-97
-124
-119
-104
-86
-88
-88
-30
-50
-53
-59
-100
-160
-183
-207
-217
-208
-251
-263
-228
-206
-242
-231
-245
-267
-207
-182
-178
-164
-203
-206
-169
-166
-154
-148
-157
-194
-204
-171
-175
-233
-290
-242
-279
-273
-274
-291
-236
-244
-275
-226
-245
-258
-216
-212
-231
-211
-235
-209
-230
-205
-169
-228
-190
-160
-170
-160
-115
-136
-120
-125
-115
-84
-122
-86
-46
9
16
5
-47
-68
-47
-86
-60
-88
-47
-85
-74
-72
-87
-99
-113
-90
-139
-184
-217
-227
-247
-269
-250
-239
-199
-173
-204
-154
-177
-186
-174
-150
-87
-69
-100
-107
-147
-185
-191
-194
-165
-162
-185
-219
-189
-145
-103
-105
-128
-148
-122
-139
-132
-127
-133
-105
-109
-65
-46
-33
-41
-78
-131
-175
-187
-163
-170
-182
-167
-71
-54
-78
-41
-75
-91
-96
-84
-93
-84
-118
-93
-84
-142
-109
-162
-202
-199
-203
-162
-178
-177
-144
-140
-118
-83
-99
-105
-85
-83
-52
13
-28
-5
-12
-70
-37
-22
-39
8
-18
-73
-110
-96
-76
-119
-72
-51
-47
-27
-56
-62
-7
27
-29
-4
14
32
6
-29
-24
-84
-52
-60
-99
-64
-84
-75
-46
-62
-80
-58
-65
-48
-58
-16
-11
23
15
-41
-7
10
-20
-57
-60
-71
-131
-159
-129
-148
-111
-104
-77
-5
-13
62
119
96
106
130
131
112
96
67
64
38
-33
-77
-72
-41
-45
-55
-62
-90
-98
-62
-95
-81
-69
-97
-105
-122
-137
-114
-141
-119
-90
-123
-84
-110
-71
-48
-52
-59
-71
-95
-105
-87
-73
-52
-88
-90
-49
-47
-34
-40
-11
-1
-14
-78
-44
-66
-83
-45
-26
-2
3
38
59
99
75
61
30
38
36
-13
-56
-55
-59
-124
-104
-63
-54
-93
-76
-123
-137
-78
-101
-97
-108
-97
-128
-132
-133
-104
-95
-109
-125
-79
-72
-76
-27
-35
-53
-32
17
-1
-24
-24
-53
2
-20
-38
-28
-6
-8
-36
-49
-38
-34
-47
17
-19
34
64
48
80
55
95
90
92
87
125
117
114
161
160
156
192
175
170
186
117
209
201
206
173
128
82
89
127
105
112
111
88
15
48
23
0
-13
-51
-91
-84
-111
-72
-88
-144
-138
-180
-114
-83
-56
-112
-125
-107
-97
-62
8
42
33
82
113
95
121
122
123
151
177
171
176
191
197
193
161
180
181
117
101
78
35
42
23
-11
18
33
28
26
5
-35
-2
7
15
-15
-7
4
19
18
32
93
85
56
46
21
-15
-35
-35
-5
19
58
125
141
158
139
168
146
147
169
146
144
97
118
88
63
61
69
-22
-47
1
-5
3
-21
-19
-3
1
54
51
109
105
115
131
46
13
-9
-16
-49
-56
-98
-131
-140
-99
-89
-75
-102
-63
-54
-66
1
26
48
16
26
-2
7
18
-3
-11
-61
-59
7
7
-53
28
24
23
58
74
128
143
158
172
120
74
71
39
29
-29
-45
-96
-111
-135
-151
-87
-121
-85
-101
-86
-87
-89
-72
-111
-139
-166
-81
-50
-72
-80
-111
-105
-88
-60
-37
-41
-25
34
37
27
41
41
90
73
52
124
101
97
67
93
61
82
37
30
104
57
48
55
65
87
82
89
62
1
-15
-10
-3
-39
-70
-74
-14
-58
-30
-43
-45
-50
-56
-29
-57
-78
-71
-33
-42
-49
-22
-20
-15
30
32
-3
-44
-44
-78
-71
-38
-26
-35
-70
-30
20
29
90
73
44
38
47
43
21
22
13
20
34
47
33
21
-5
-23
-33
-30
-66
-52
-76
-88
-98
-104
-85
-83
-33
-41
-44
-64
-76
-55
-74
-13
-10
-42
-65
-37
-20
-4
35
28
2
17
-27
-62
-26
-43
-59
-45
-35
-47
-80
-86
-76
-96
-67
-98
-102
-107
-67
-98
-130
-107
-129
-86
-98
-112
-81
-104
-137
-125
-96
-102
-115
-121
-127
-144
-147
-166
-176
-231
-171
-178
-199
-136
-123
-52
-21
23
46
83
67
25
20
-5
0
63
69
89
131
108
114
89
60
18
-11
-22
-79
-32
-87
-107
-134
-93
-66
-90
-132
-90
-87
-54
-70
-70
-61
-87
-97
-106
-114
-172
-151
-146
-113
-153
-101
-127
-178
-123
-65
-61
-108
-101
-76
-106
-90
-66
-147
-104
-116
-146
-121
-96
-98
-115
-102
-132
-147
-155
-177
-190
-206
-206
-206
-187
-200
-214
-210
-216
-185
-199
-183
-203
-184
-180
-160
-146
-142
-172
-117
-114
-108
-123
-122
-85
-82
-100
-108
-96
-145
-152
-135
-133
-137
-164
-129
-146
-118
-135
-150
-95
-64
-53
-62
-52
-25
-5
13
-41
-1
19
25
29
36
40
2
25
52
85
70
75
91
107
108
123
105
141
147
74
65
43
29
10
-8
-41
-42
-16
-40
6
14
-26
-18
-58
-2
27
0
21
12
-14
-39
-3
2
27
-9
-58
-34
-11
-11
14
13
-20
17
30
13
20
20
2
-43
-62
-4
-7
-6
-26
-20
2
7
-4
11
-21
-50
-13
-53
9
-9
-38
1
-31
-35
-16
-5
11
-25
-30
-31
-11
9
42
63
15
1
-44
-9
-77
-52
-15
-8
53
34
55
59
95
120
81
51
69
69
108
102
46
43
101
73
41
44
43
43
33
14
66
87
101
106
92
102
90
101
111
77
55
65
67
45
66
66
47
47
72
93
44
55
90
72
109
116
97
79
124
124
113
91
63
114
145
128
118
81
164
134
145
161
115
156
66
116
147
135
185
128
129
159
138
141
127
152
135
56
58
91
85
47
18
-34
-48
-1
10
-5
35
100
76
64
59
30
54
73
82
98
119
92
168
141
163
143
126
111
106
105
80
41
20
39
57
133
99
120
178
127
116
98
71
37
94
62
56
15
-61
-3
15
88
85
52
92
120
123
139
118
184
199
239
228
221
234
283
228
227
204
161
154
116
163
145
148
114
131
145
178
153
189
146
113
146
91
153
142
147
117
118
160
172
166
105
86
68
112
144
119
96
116
170
223
214
198
222
173
194
220
184
195
168
137
174
183
190
158
200
184
179
165
200
200
201
200
174
188
182
244
191
210
182
176
185
191
174
195
216
224
262
232
236
234
217
221
216
222
234
240
249
214
153
143
107
128
155
170
162
136
112
154
120
114
143
129
149
124
161
174
195
212
196
118
153
149
130
167
128
160
136
112
154
166
127
124
118
98
62
35
21
17
21
28
19
10
16
34
31
46
69
93
72
108
155
157
161
208
202
228
221
226
302
244
276
302
287
265
209
214
180
202
160
176
164
138
142
94
120
115
165
171
144
120
160
162
129
116
115
167
132
112
124
187
182
158
152
143
174
124
138
132
117
99
87
128
106
52
68
60
24
30
-43
-83
-96
-65
-54
-35
-40
-64
-54
-55
17
1
7
27
55
59
65
81
85
115
123
119
91
136
134
153
187
189
115
99
111
122
130
151
197
141
196
152
158
171
136
151
123
176
190
165
181
154
124
140
157
116
85
70
60
55
34
10
19
-6
-42
4
-13
-4
-28
-33
-35
-58
-58
-74
-52
-8
37
-5
11
14
46
52
17
53
6
-2
30
49
16
48
20
3
57
23
22
35
28
44
84
56
52
52
84
83
74
97
55
82
123
67
23
11
-51
-32
-101
-82
-54
-49
-7
-18
-46
11
38
-26
-1
24
23
-2
35
40
45
16
18
10
-21
-8
-1
-11
11
0
9
58
53
15
70
93
56
71
71
95
92
73
98
64
88
69
48
-43
-25
-35
-69
-32
-38
16
25
44
71
44
10
-32
-63
-79
-69
-45
-62
-32
-42
-69
-56
-18
-12
-48
-55
-64
-107
-146
-145
-131
-124
-104
-50
-42
-72
-26
-17
-27
19
32
21
-5
0
-35
-33
-33
-17
-14
39
61
64
100
96
151
172
165
183
235
199
208
186
203
201
194
177
132
115
133
130
103
112
100
108
152
117
87
104
93
86
12
-19
-37
-12
27
-22
-22
-50
-57
-38
-27
-32
-17
3
-18
27
63
57
36
45
68
75
63
31
65
55
15
7
-17
0
-42
-75
-80
-67
-30
-87
-74
-24
-25
-2
33
25
5
-24
-51
-97
-137
-142
-150
-137
-109
-74
-83
-42
-40
-76
-61
-34
-11
6
36
13
7
61
43
28
44
-36
-67
-81
-40
-84
-75
-54
-60
-71
-79
-58
-114
-78
-37
-34
-37
-12
-43
8
8
20
62
30
27
25
64
47
20
51
70
62
43
65
75
82
74
3
13
19
-5
15
19
58
19
-2
10
12
-26
-74
-54
-80
-84
-113
-121
-118
-60
-42
-38
6
-22
-40
-51
-31
0
-3
14
65
81
25
38
26
55
84
29
13
-27
-29
-56
-27
-66
-114
-100
-88
-13
-23
-31
-33
-61
-64
-58
-143
-163
-182
-177
-183
-152
-102
-86
-75
-63
8
13
64
126
117
101
86
82
76
101
155
147
116
124
145
103
68
50
23
2
-14
-30
-21
31
43
32
27
43
28
29
1
-25
-64
-91
-114
-112
-110
-129
-143
-155
-116
-105
-88
-55
-17
33
53
51
51
13
72
83
22
18
-54
-56
-2
44
30
40
96
33
46
32
13
40
50
15
7
-26
-3
41
79
116
97
67
43
24
-16
-32
-26
-61
-44
-52
-52
-4
-2
2
23
35
21
84
67
42
70
45
50
52
103
79
48
25
-15
15
15
-3
12
5
5
-26
20
30
2
-7
10
50
-22
-3
24
23
83
110
116
44
71
126
89
73
66
98
133
106
107
177
94
129
127
119
123
31
-1
-14
-12
-60
-73
-57
-100
-145
-115
-203
-214
-209
-245
-160
-144
-118
-75
-88
-81
-75
-74
-36
-57
-101
-92
-95
-54
-28
-40
-16
20
38
34
58
67
78
78
80
85
85
123
144
124
122
104
84
11
6
16
20
-10
-38
-1
15
5
50
54
67
100
88
75
85
146
127
85
85
75
50
20
-45
-31
-13
11
54
61
75
73
41
44
9
44
20
-43
-8
-4
-32
-79
-83
-110
-95
-112
-165
-124
-106
-107
-120
-116
-100
-60
-102
-55
-53
-43
-81
-80
-86
-77
-103
-95
-71
-67
29
7
-5
-2
0
-35
-30
-14
-23
1
-27
-31
-36
-30
8
-27
34
21
28
-1
-32
-41
-73
-77
-91
-77
-53
-62
-19
-13
-65
-55
-10
11
0
-5
-19
-16
-55
2
82
29
19
38
23
22
12
10
27
-9
-11
-23
36
50
40
26
29
50
89
37
20
32
15
54
16
39
15
41
30
12
8
-34
-20
-32
-36
-43
-37
-30
-45
-46
-22
-34
-18
27
16
4
5
0
12
14
-16
23
7
33
17
54
62
57
102
75
124
56
53
48
65
100
70
94
110
81
76
95
98
91
73
48
17
-11
-16
-2
-1
-3
-31
-41
-41
-43
-6
-14
-30
-64
-61
-85
-78
-66
-82
-46
-78
-52
-39
-11
7
6
3
-43
-15
-32
2
-9
-24
-7
-41
-24
-21
-73
-68
-64
-80
-60
-66
-24
-57
-29
-7
-26
42
62
81
62
77
62
40
32
25
25
22
-8
-40
-15
-17
-7
3
22
61
39
65
100
78
72
74
38
39
52
61
42
64
74
29
68
68
65
57
48
69
96
90
72
87
144
177
194
177
176
145
107
83
54
47
16
-11
-22
-36
-40
-5
-17
-13
1
-8
-25
-5
36
4
28
48
58
98
81
68
78
54
79
67
65
112
165
161
156
157
179
204
213
188
222
223
242
222
209
212
192
208
189
158
102
114
126
136
99
84
131
102
99
83
33
19
-28
-27
-51
-46
-46
-64
-78
-139
-122
-141
-144
-131
-115
-100
-124
-114
-101
-87
-97
-60
-30
-88
-84
-83
-63
-15
47
58
27
98
121
131
134
171
134
162
152
100
124
116
45
68
125
99
90
70
66
83
20
2
-1
-14
-14
-39
-30
-16
-18
-6
27
37
57
69
18
15
-21
4
57
42
38
12
81
124
157
134
146
128
103
136
162
160
151
175
149
128
147
113
145
185
156
102
122
115
78
60
55
18
-10
7
3
-30
-53
-50
-33
-38
-83
-68
-79
-101
-111
-148
-173
-141
-158
-149
-96
-80
-53
-60
-45
-16
-5
8
37
49
27
7
27
29
4
29
34
37
52
8
31
57
49
35
9
30
3
18
42
29
51
69
40
8
23
-16
15
5
9
20
26
70
39
63
61
7
-9
9
-3
27
25
-19
0
-7
8
35
38
44
41
111
163
149
113
130
105
98
115
82
61
39
66
94
75
69
121
142
126
95
61
26
36
46
42
-15
-7
-28
-33
12
-18
-27
-20
-33
-60
-9
-11
-34
-44
-22
-44
-12
-4
8
-10
-26
-8
-7
-5
70
83
46
99
89
109
118
140
115
76
60
50
37
25
9
26
23
25
52
86
72
87
81
17
33
3
16
43
28
10
28
41
47
29
41
17
11
-10
-33
0
26
14
-10
21
20
-11
-3
11
-18
-4
-11
27
27
-3
-11
-28
-51
-41
-52
-78
-54
-42
-14
6
63
51
54
77
37
42
16
0
28
8
11
20
76
109
80
122
145
123
126
121
43
65
34
22
66
45
16
-16
9
15
44
32
25
29
28
18
-1
-11
19
60
82
77
105
106
114
130
126
116
86
117
82
68
65
125
97
120
128
94
72
37
36
-4
22
21
6
-16
-41
-37
-25
-58
-7
43
21
31
19
10
-20
9
49
2
25
12
-16
16
14
5
11
12
36
10
32
63
39
29
58
70
97
129
40
41
32
-7
-42
-49
-49
-34
-42
-30
6
-25
-28
-7
57
21
51
38
27
53
58
45
48
62
68
135
78
114
145
139
132
44
66
44
65
82
58
51
78
106
119
105
70
54
-5
-15
-36
-96
-117
-98
-95
-78
-100
-65
-49
-79
-61
-67
-34
-39
-65
-45
-18
-42
-12
13
17
39
65
87
111
107
71
92
119
82
98
37
66
65
52
45
63
66
10
13
12
34
15
55
-7
-16
-14
-3
-32
-59
-59
-51
-64
-73
-98
-115
-114
-121
-67
-43
-1
22
87
108
98
85
53
70
36
1
21
-6
20
-37
-35
7
6
-52
-27
36
-6
6
14
14
25
-1
-6
12
26
38
62
24
-16
7
-16
16
8
15
15
30
98
19
57
138
113
76
79
2
17
13
18
46
18
-4
-17
26
-13
27
10
-3
-5
7
77
46
32
50
1
-19
-83
-87
-98
-121
-116
-39
11
33
91
81
91
108
86
140
138
93
114
112
119
72
62
65
21
67
104
72
62
95
88
71
103
59
74
102
66
79
114
123
140
145
73
100
92
52
14
8
1
-7
17
0
22
12
53
67
42
19
-18
-5
13
25
63
87
118
163
114
158
173
210
194
136
163
178
190
88
89
119
70
44
2
18
50
-13
14
57
21
36
-11
-34
-87
-82
-93
-107
-55
-51
-26
-17
-32
-28
-35
-88
-113
-112
-119
-65
-36
6
-5
81
113
116
129
101
83
116
78
94
105
125
172
183
241
194
196
189
186
178
135
124
112
115
133
168
196
155
170
148
101
129
81
11
-9
24
5
-6
-7
-12
17
59
30
81
107
91
74
35
-2
4
-64
-67
-48
-24
-14
-56
-2
-5
0
-27
-18
-3
-35
-19
24
6
-23
-25
-21
7
5
55
50
31
72
73
117
122
93
96
79
39
31
-1
-41
-14
-3
9
10
80
55
7
-22
-66
-87
-80
-87
-74
-34
-27
-37
-41
-50
-69
-53
-44
-69
-33
-19
-6
-3
47
64
54
98
56
94
87
98
138
139
176
197
145
89
107
116
79
66
79
71
81
64
37
43
12
71
17
-21
18
11
-21
3
29
48
56
32
40
64
87
71
46
28
-41
-40
-20
-52
-2
-13
49
92
53
75
135
136
186
225
222
222
215
187
184
157
174
157
145
150
116
152
160
122
117
137
113
120
157
117
104
107
84
155
111
176
201
156
107
53
60
56
51
2
45
41
72
140
128
121
167
128
140
155
87
77
73
6
17
25
45
81
86
67
51
61
82
57
50
17
-24
-25
-32
-85
-41
-30
-17
2
-34
-57
-47
-49
-77
-82
11
3
-67
-37
-84
-84
-112
-57
-29
-21
-38
-4
4
-41
-30
14
-11
-38
-82
-53
-36
-32
-11
-35
-7
-1
-3
12
23
-5
-32
22
20
27
17
35
67
77
96
92
44
26
5
-17
-25
2
110
109
96
92
115
70
108
89
83
96
43
4
19
57
-9
-22
12
-16
57
35
47
75
87
81
56
51
15
48
46
22
-35
14
3
-57
-33
-47
-77
-114
-102
-89
-115
-104
-79
-80
-62
-28
-51
-30
-17
-7
-8
-22
37
-17
-41
-24
-46
-50
-47
30
47
88
91
115
100
65
81
103
86
79
73
95
90
102
98
30
26
18
16
-5
32
46
18
-10
-50
-72
-44
-79
-35
-97
-88
-43
-13
49
51
57
77
52
76
98
103
96
51
102
86
84
69
42
13
-21
17
47
-10
-11
-11
4
18
22
36
57
68
17
-38
-8
11
-33
-13
-17
-35
-50
-11
-25
-10
2
4
-22
-32
-4
-3
-9
-11
-8
-36
-51
-45
-53
-109
-112
-92
-71
-106
-46
-60
-87
-78
-77
-53
-27
-16
-35
-50
-113
-147
-164
-160
-176
-173
-133
-144
-161
-166
-130
-171
-169
-163
-177
-139
-118
-159
-200
-178
-207
-179
-166
-159
-151
-162
-150
-111
-116
-124
-91
-90
-101
-80
-40
-60
-78
-64
-45
-42
-11
51
41
30
19
-2
-55
-62
-31
-68
-83
-65
-24
0
-14
-31
-64
-88
-72
-64
-108
-71
-46
-52
-66
-63
-44
-46
-40
-35
-28
-18
-54
-55
-48
-63
-5
-2
-20
-3
29
26
14
47
52
72
-1
4
2
2
3
-4
-36
-67
-23
-63
-64
-115
-107
-61
-43
-34
-2
-13
15
20
5
12
-1
-23
-46
-66
-40
-54
-44
-5
-18
11
4
-1
33
22
15
-17
-11
-35
-61
-1
-16
-1
33
22
36
64
45
9
2
5
35
76
73
94
98
93
116
113
91
48
44
38
55
38
29
29
25
4
15
73
72
47
1
-66
-83
-110
-137
-106
-73
-44
-20
-32
-46
6
-5
-1
42
55
44
66
73
80
75
52
79
37
10
0
-29
8
16
9
1
23
16
27
-1
24
45
-22
0
-28
-46
-44
-15
-58
-44
-1
34
52
30
40
61
67
110
70
134
210
167
142
175
184
162
199
200
239
240
228
228
219
224
218
192
188
138
78
90
64
50
70
73
118
97
74
123
104
80
31
57
55
32
34
-38
-32
28
3
-5
5
59
60
60
72
67
69
94
101
89
110
98
99
89
91
60
85
102
88
101
80
103
39
56
75
61
62
100
78
64
102
67
97
137
119
123
104
123
125
91
53
42
83
115
145
142
157
151
110
118
153
95
98
93
93
95
105
96
32
24
34
39
91
110
148
154
139
131
131
142
103
144
131
158
195
150
184
241
251
219
242
218
181
201
207
185
170
158
120
147
135
100
137
124
105
109
139
154
154
164
195
233
214
239
224
233
229
182
147
149
198
168
195
183
186
219
182
168
184
205
224
270
235
184
177
176
174
181
147
118
121
58
122
119
83
101
83
120
97
93
109
89
103
64
64
101
137
149
194
201
160
179
228
194
196
239
193
177
212
237
187
203
230
216
199
183
199
176
128
127
77
91
60
26
94
111
148
151
192
118
104
137
100
93
134
184
189
212
230
230
208
204
158
156
155
177
190
184
186
224
189
185
179
197
206
179
172
150
140
126
136
101
183
194
178
217
208
167
166
137
137
163
142
197
214
240
192
183
184
139
160
189
212
168
142
144
127
98
115
121
157
156
153
209
227
206
217
261
232
228
211
229
222
192
167
186
205
226
265
261
249
196
174
192
224
195
176
117
117
150
109
135
143
110
171
103
124
91
81
123
125
119
121
111
82
119
80
71
65
98
118
116
124
184
143
86
103
117
133
140
177
131
106
109
123
110
71
104
87
101
84
38
27
9
39
24
51
63
44
62
80
127
72
109
125
80
63
73
154
109
113
67
45
71
55
68
65
60
44
33
6
14
13
27
57
46
30
49
68
71
69
66
16
15
47
26
53
87
87
121
120
121
142
143
124
62
85
112
117
151
114
134
104
57
79
71
47
19
-2
12
-25
-62
-43
-9
18
-21
-24
-51
3
41
27
36
58
58
67
18
2
5
-58
-77
-80
-30
-45
-71
-84
-121
-112
-53
-35
-46
-16
-20
-63
-42
-34
-14
-45
0
14
14
46
-27
18
-17
-4
-15
2
41
10
52
27
72
42
23
27
41
37
19
82
49
48
119
105
37
32
56
98
102
44
50
38
-42
-80
-36
-58
-90
-61
-40
-54
-59
-53
-53
3
40
55
71
25
22
72
64
24
-6
22
-14
-40
-28
0
-17
-19
-22
24
20
40
56
10
19
30
61
81
68
88
148
99
87
29
24
47
51
37
85
61
48
81
99
132
109
95
46
38
58
36
22
63
73
66
65
42
43
34
-15
-54
-18
13
66
66
44
64
64
28
43
-14
2
-41
-57
1
-46
-51
-90
-39
-80
-87
-38
-73
-88
-53
-11
14
48
54
21
15
-36
3
21
-16
8
36
65
32
41
68
59
23
64
14
38
31
10
27
-40
32
8
-21
-38
-4
27
6
-25
-38
-41
-42
-13
-17
5
-16
-34
-31
-45
-7
34
39
-10
-4
43
26
50
62
84
119
78
105
107
91
73
71
80
62
78
1
15
-1
-5
-11
-34
-32
-26
-11
8
28
9
51
-5
15
-3
-31
-4
-28
-21
-5
-20
-28
-30
-17
-10
8
-3
-26
-14
-39
-54
-37
-26
23
53
29
46
34
17
41
-15
30
18
-31
-5
25
37
21
25
24
15
-22
-4
58
75
58
67
20
-23
6
-22
-51
-59
-86
-76
-99
-110
-109
-98
-42
-64
-9
-10
-20
25
49
58
38
57
-8
-34
-43
-40
-66
-74
-41
-54
-67
-82
-113
-100
-76
-49
-56
-65
-77
-45
-20
-25
-32
-63
-49
-5
-4
43
45
28
36
7
66
78
39
29
53
75
66
72
134
66
40
38
35
28
-1
6
11
40
37
70
96
81
49
73
66
42
9
-18
23
14
-13
-14
-6
13
-1
-2
27
43
40
30
64
50
63
72
77
94
91
91
106
84
42
34
22
49
62
68
24
36
50
22
43
15
37
11
-23
57
9
-73
-103
-103
-99
-82
-82
-69
-107
-110
-87
-102
-60
-17
-57
-4
33
22
25
8
17
20
73
56
30
54
-11
-39
11
30
23
59
66
74
128
160
142
128
119
74
48
29
-16
-49
-7
-25
-35
-53
-45
-50
-13
-30
-84
-31
-34
-7
-17
1
1
-47
-30
-25
-116
-131
-158
-139
-103
-65
-69
-88
-82
-123
-46
-73
-46
-54
-38
-8
-34
-14
23
32
-7
15
33
6
9
3
14
-9
-54
-38
-92
-39
-91
-74
-6
-79
-77
-103
-144
-138
-117
-113
-90
-93
-111
-149
-121
-110
-118
-91
-34
-64
-16
-24
-50
-32
-37
-45
-60
-67
-42
-19
-76
-93
-97
-70
-75
-42
-97
-65
-82
-73
-22
-55
-116
-173
-159
-184
-162
-76
-83
-28
-28
-89
-27
-14
-81
-101
-110
-94
-87
-114
-92
-90
-38
-39
19
30
33
2
26
-12
-62
-103
-93
-48
-37
-13
-8
-25
-48
-38
-3
-49
-37
-57
-67
8
2
14
31
28
-17
-12
-55
-11
-57
-70
-80
-112
-82
-66
-31
-59
-55
-44
-41
-54
-41
-15
-10
1
-2
-49
-35
-110
-106
-120
-137
-158
-122
-184
-215
-190
-205
-189
-211
-147
-131
-109
-125
-107
-149
-171
-186
-193
-183
-200
-196
-185
-174
-183
-169
-184
-159
-152
-131
-179
-120
-116
-141
-109
-141
-138
-163
-149
-170
-144
-147
-136
-183
-197
-155
-211
-176
-117
-123
-119
-108
-140
-163
-182
-189
-221
-212
-216
-186
-162
-164
-140
-200
-197
-248
-258
-249
-203
-249
-230
-229
-246
-284
-264
-227
-214
-207
-247
-246
-269
-221
-223
-218
-189
-181
-132
-82
-84
-100
-91
-107
-113
-86
-120
-106
-113
-147
-170
-121
-151
-145
-145
-173
-147
-139
-171
-223
-230
-230
-231
-255
-214
-213
-274
-226
-219
-223
-273
-235
-236
-233
-200
-241
-237
-284
-264
-231
-213
-162
-178
-192
-199
-153
-172
-230
-226
-193
-197
-178
-157
-146
-140
-126
-79
-130
-123
-135
-180
-170
-185
-210
-207
-220
-244
-243
-257
-235
-258
-261
-266
-271
-265
-244
-245
-291
-242
-265
-297
-297
-379
-359
-367
-369
-357
-370
-374
-383
-394
-403
-403
-386
-330
-265
-283
-283
-212
-220
-280
-260
-111
-40
-146
-302
-241
-45
-70
-167
-169
-88
-45
-82
-75
-5
-5
-86
-92
-28
93
3
-244
-256
-6
167
-15
-352
-346
16
46
-182
-291
-224
-208
-229
-268
-226
-214
-413
-444
-356
-386
-624
-782
-740
-701
-905
-1066
-943
-919
-1078
-1264
-1321
-1298
-1316
-1347
-1321
-1411
-1548
-1598
-1494
-1350
-1367
-1488
-1462
-1239
-1072
-1058
-1089
-912
-638
-476
-377
-312
-91
157
297
327
423
555
667
742
840
1037
1195
1252
1184
1313
1443
1534
1482
1351
1321
1340
1313
1223
1105
966
752
601
523
419
139
-197
-382
-541
-751
-1026
-1229
-1462
-1726
-1984
-2146
-2316
-2540
-2771
-2988
-3236
-3326
-2751
-2751
-3871
-4633
-3720
-2160
-2251
-4171
-4829
-2816
-1165
-1884
-3332
-2905
-1068
-568
-1543
-1616
-314
535
63
-435
269
1267
1254
909
1128
1686
1833
1600
1680
2264
2472
2040
1882
1966
2116
2225
2208
2134
1932
1479
1337
1769
1897
1586
1002
669
799
1037
1032
677
319
102
126
27
-62
-72
-305
-686
-1009
-967
-805
-981
-1342
-1505
-1597
-1837
-2088
-2164
-2068
-2334
-2851
-3103
-2998
-2924
-3199
-3254
-3064
-3338
-4153
-4217
-3068
-2244
-2954
-4303
-3883
-2063
-1365
-2217
-2889
-1897
-572
-582
-1206
-811
382
878
412
95
790
1598
1622
1249
1325
1850
2061
1777
1669
2036
2240
1748
1301
1505
1943
1830
1172
1289
1865
1415
452
432
1355
1715
534
-563
101
912
459
-195
-188
60
-146
-471
-99
251
-213
-635
-438
-171
-272
-489
-413
-231
-599
-876
-573
-388
-627
-923
-1165
-1248
-1458
-1618
-1525
-1873
-2472
-2633
-2576
-2823
-3321
-3001
-2358
-3172
-4766
-4691
-2699
-1714
-3466
-5455
-4304
-1731
-1443
-3217
-3846
-2060
-496
-1142
-2195
-1334
394
736
-263
-719
439
1516
1257
593
755
1593
1871
1331
1144
1819
2206
1704
1214
1406
2169
2148
1325
1231
1716
1720
1270
1081
1336
1527
969
628
901
1093
859
520
538
763
611
325
453
621
417
135
46
193
322
5
-215
-143
-117
-271
-541
-717
-658
-733
-1015
-1301
-1453
-1515
-1645
-2049
-2394
-2567
-2762
-2995
-3272
-3688
-3918
-3107
-2893
-4291
-5822
-5218
-2897
-2049
-4574
-6784
-4712
-1541
-1725
-4385
-4970
-2079
-206
-1843
-3457
-1803
827
931
-1128
-1634
645
2102
1212
64
504
1851
2057
1109
1122
2211
2609
1903
1052
1398
2469
2554
1835
1592
1768
1781
1732
1911
2234
1909
1091
1047
1634
1930
1552
1109
1087
1166
930
811
1227
1322
856
302
237
800
1055
614
160
68
102
144
-49
-170
-220
-558
-1011
-1204
-1096
-1155
-1534
-2137
-2585
-2731
-2862
-3089
-3584
-4101
-4763
-4554
-3271
-3597
-5808
-7007
-5285
-3142
-3475
-6334
-7076
-4202
-2354
-3742
-5263
-4075
-1767
-1621
-3199
-3053
-672
618
-335
-1479
-606
1215
1665
943
713
1405
2083
2114
1784
2251
2973
2866
2200
2188
2762
3092
2804
2657
3024
2866
2227
2438
3371
3413
2411
1670
2090
2706
2506
2136
2108
1912
1520
1345
1562
1845
1573
865
529
691
905
847
547
184
-161
-345
-323
-234
-373
-745
-1130
-1560
-1690
-1552
-1602
-1995
-2793
-3059
-2996
-3094
-3662
-4080
-4303
-4689
-5506
-5270
-3574
-3932
-6509
-8197
-6295
-2915
-2984
-7099
-8750
-4886
-1396
-2726
-6158
-5704
-1446
78
-2725
-4323
-1395
1943
1328
-1845
-1875
1636
3483
1856
-161
754
3262
3666
1899
1563
3235
4331
3102
1618
2664
4842
4691
2802
2325
3591
4500
3767
3007
3438
3770
3139
2680
3075
3558
3250
2439
2255
2471
2373
2229
2266
2091
1454
887
1001
1422
1297
511
-69
-154
-120
-236
-549
-890
-1177
-1549
-1774
-1848
-1869
-1988
-2540
-3245
-3486
-3200
-3182
-3744
-4430
-4736
-4769
-5026
-5415
-4306
-3850
-5730
-7524
-6761
-4002
-2656
-5168
-7831
-6004
-2553
-2134
-4289
-5280
-2867
-683
-1786
-3268
-1944
750
1404
-492
-1656
418
2689
2480
886
570
2228
3599
2759
1756
2545
3813
3805
2499
2269
3825
4571
3600
2859
3337
4184
4184
3453
3575
4234
4086
3437
3335
3597
3848
3436
2851
2799
2732
2681
2594
2248
1797
1471
1274
1258
1045
702
450
193
-180
-385
-472
-645
-997
-1451
-1743
-1911
-2012
-2225
-2437
-2765
-3206
-3340
-3172
-3171
-3644
-4140
-4241
-4489
-4567
-4905
-4489
-3510
-4540
-6741
-6828
-4224
-2424
-4203
-7650
-7103
-2988
-1554
-4280
-6274
-3960
-540
-1144
-4062
-3559
156
1720
-627
-2648
-540
2753
2587
155
-240
2097
3661
2621
1122
2174
4257
4384
2709
2028
3691
5536
5126
3355
3174
4649
5318
4498
3794
4326
4999
4432
3449
3538
4476
4423
3381
2597
2892
3415
3178
2465
1989
1870
1722
1441
1102
868
568
188
-156
-488
-711
-768
-952
-1370
-1878
-2125
-1937
-1862
-2237
-2804
-2998
-2998
-2992
-3226
-3741
-3895
-3935
-4321
-4723
-5189
-4792
-3399
-4120
-6640
-7437
-5253
-2722
-3635
-7411
-7998
-3991
-1503
-3610
-6376
-4939
-1019
-569
-3715
-4251
-532
2107
309
-2418
-1068
2796
3635
1147
-95
2038
4327
3781
1932
2475
4740
5316
3708
2583
3888
5885
5602
3992
3845
4723
5194
4628
4243
4916
5178
4078
3284
3810
4590
4459
3314
2457
2739
3062
2823
2381
1960
1676
1234
769
820
1005
660
4
-546
-671
-449
-522
-908
-1205
-1550
-1846
-1935
-1788
-1623
-1945
-2669
-2960
-2717
-2421
-2667
-3318
-3725
-3792
-3907
-4313
-4699
-4627
-3465
-4012
-6029
-6700
-5262
-3171
-3335
-6053
-7409
-4898
-2374
-2944
-5020
-5051
-2512
-1260
-2468
-2987
-1253
580
337
-954
-753
1361
2579
1843
900
1590
2977
3411
3046
3054
3913
4422
3978
3443
3973
5081
5171
4228
3838
4744
5052
4451
3984
4408
4900
4105
3028
3240
4080
3963
3049
2326
2422
2681
2387
1999
1817
1537
1135
850
709
712
689
263
-161
-456
-526
-252
-281
-662
-1204
-1453
-1304
-1113
-1350
-1522
-1687
-2296
-2575
-2327
-2178
-2443
-3046
-3545
-3586
-3678
-3853
-4221
-4079
-3490
-4552
-6132
-6021
-4397
-3274
-4439
-6788
-6282
-3619
-2893
-4402
-5273
-3831
-1841
-2375
-3736
-2454
-118
216
-1143
-1479
451
2140
1323
451
1367
2693
2871
2272
2503
3870
4305
3682
3438
4081
4881
5354
4742
4187
4609
5186
5486
4916
4224
4815
5395
4531
3663
3680
4373
4449
3339
2565
3024
3232
2650
2105
2018
2080
1570
821
859
1097
690
129
-205
-171
-151
-564
-790
-823
-1167
-1494
-1629
-1668
-1807
-2039
-2458
-2683
-2911
-2993
-2978
-3300
-3723
-4261
-4459
-4254
-4488
-5243
-4428
-3919
-5532
-6743
-5919
-4129
-3641
-5534
-7103
-5216
-2946
-3284
-4830
-4745
-2618
-1422
-2657
-3224
-1332
661
494
-725
-545
1533
2794
2077
1413
2233
3536
3863
3241
3288
4384
4929
4532
4004
4317
5234
5477
4686
4296
4862
5199
4777
4213
4191
4721
4487
3438
3076
3508
3662
3263
2472
2265
2515
2304
1991
1836
1691
1433
1033
701
780
865
520
84
-242
-379
-391
-531
-752
-1031
-1286
-1551
-1597
-1701
-1787
-2028
-2720
-3010
-2585
-2624
-3154
-3554
-3827
-3903
-4131
-4552
-4952
-4093
-3834
-5357
-6468
-5674
-3846
-3538
-5270
-6653
-4946
-2905
-3092
-4345
-4429
-2595
-1300
-2229
-2966
-1330
669
620
-562
-569
1342
2640
2108
1314
1888
3270
3639
3076
2985
3980
4643
4342
3689
3902
4910
5253
4584
4000
4220
4927
4971
4211
3756
4267
4489
3911
3210
3291
3732
3615
2942
2473
2519
2549
2369
2043
1871
1617
1261
949
984
905
515
100
-122
-317
-506
-736
-815
-1058
-1441
-1863
-2019
-1790
-1870
-2527
-2987
-2757
-2928
-3381
-3528
-3651
-3945
-4265
-4753
-5025
-4691
-3718
-4355
-5989
-6301
-5188
-3780
-3869
-5697
-6400
-4356
-2970
-3575
-4572
-3989
-2106
-1486
-2742
-2772
-744
720
240
-826
-364
1596
2562
1801
1225
2017
3169
3472
3005
3080
4096
4478
4172
3823
4214
5108
5335
4668
4242
4495
4992
5213
4471
4027
4417
4438
3976
3641
3544
3647
3572
2890
2469
2478
2487
2358
1929
1507
1388
1225
872
790
543
61
-223
-530
-757
-881
-1101
-1233
-1533
-2016
-2143
-1931
-2008
-2300
-2921
-3292
-2928
-2793
-3309
-3644
-3646
-3912
-4296
-4423
-4655
-4572
-3587
-4262
-5998
-5988
-4528
-3561
-3958
-5595
-5988
-3825
-2598
-3491
-4453
-3557
-1749
-1512
-2802
-2491
-323
963
119
-857
112
2124
2726
1761
1457
2551
3708
3542
2978
3477
4594
4774
4029
3602
4299
5247
5224
4325
3966
4352
4851
4680
3852
3864
4366
4006
3192
2879
3202
3559
2996
2076
1970
2272
2148
1770
1398
1327
1147
634
418
587
525
138
-325
-627
-618
-615
-862
-1018
-1279
-1679
-1837
-1731
-1704
-1964
-2547
-2859
-2798
-2707
-2781
-3209
-3580
-3738
-3836
-4009
-4526
-4216
-3146
-4035
-5646
-5723
-4285
-3187
-3850
-5651
-5479
-3356
-2694
-3586
-4195
-2947
-1406
-1726
-2786
-1872
254
904
-166
-748
522
2341
2460
1624
1614
2730
3625
3475
3066
3624
4581
4579
4091
3837
4502
5329
5253
4398
4069
4554
4976
4615
3982
3985
4176
3714
3148
3007
3348
3315
2603
1972
1957
2208
2028
1553
1128
1030
827
528
393
341
49
-367
-751
-874
-927
-990
-1177
-1510
-1754
-1947
-1882
-1749
-1852
-2327
-2741
-2722
-2653
-2739
-2825
-3195
-3591
-3773
-3783
-3877
-4010
-3230
-3445
-4878
-5289
-4316
-3143
-3071
-4533
-5515
-3785
-2281
-2581
-3533
-3259
-1644
-1004
-1989
-2010
-362
949
639
-307
52
1860
2778
2125
1667
2266
3357
3569
3158
3327
4226
4568
4060
3664
4095
5008
5122
4311
3908
4282
4639
4415
4046
3759
3754
3630
3090
2788
2903
2969
2426
1789
1597
1825
1837
1344
947
827
761
652
280
118
208
30
-456
-770
-658
-559
-778
-1217
-1447
-1290
-1355
-1540
-1475
-1617
-1851
-2246
-2202
-1979
-2134
-2623
-3035
-2986
-2971
-3227
-4028
-3550
-2468
-3388
-4915
-4983
-3522
-2357
-2996
-4952
-4982
-2861
-1966
-2759
-3701
-2887
-1232
-1106
-2197
-1769
109
996
239
-565
362
2193
2629
1727
1581
2604
3549
3451
3056
3571
4523
4478
3788
3692
4391
5029
4748
4007
3892
4235
4458
4142
3564
3523
3789
3412
2744
2603
2789
2893
2213
1433
1485
1719
1504
1011
645
668
631
203
-96
-18
84
-182
-624
-811
-635
-574
-844
-988
-1138
-1228
-1150
-1199
-1343
-1410
-1494
-1912
-1961
-1888
-1903
-2015
-2579
-2838
-2742
-2727
-3193
-3156
-2324
-2890
-4264
-4405
-3225
-2413
-2796
-4212
-4537
-2602
-1665
-2508
-3280
-2441
-920
-811
-1905
-1652
261
1059
434
-289
316
2079
2620
1743
1590
2496
3190
3041
2713
3234
4100
3936
3340
3314
3944
4495
4223
3581
3538
3833
3871
3796
3346
3012
3168
3071
2601
2362
2321
2367
2085
1546
1397
1511
1329
998
709
629
582
325
22
-47
14
-178
-482
-725
-502
-488
-889
-1096
-985
-1011
-1297
-1373
-1245
-1302
-1617
-1935
-1800
-1670
-1883
-2025
-2254
-2588
-2538
-2501
-3163
-3117
-2113
-2381
-3912
-4269
-3261
-2210
-2265
-3758
-4662
-3069
-1553
-2256
-3332
-2842
-1236
-714
-1767
-1980
-279
1085
708
-323
35
1678
2627
2067
1525
2091
3039
3194
2926
3179
3808
4049
3602
3361
3849
4437
4297
3750
3474
3648
3791
3812
3477
3092
3091
3029
2652
2346
2367
2336
2065
1477
1256
1393
1313
1060
772
600
583
393
201
197
187
-72
-345
-454
-366
-314
-515
-658
-771
-765
-826
-1019
-827
-773
-1203
-1451
-1433
-1327
-1275
-1364
-1700
-2141
-2162
-1893
-2162
-2764
-2587
-1741
-2426
-3622
-3713
-2732
-1696
-2193
-3933
-4192
-1999
-1276
-2299
-3059
-2235
-643
-880
-1988
-1527
367
1099
151
-725
238
2074
2407
1332
1028
2045
3058
3031
2573
2767
3578
3866
3319
3075
3615
4226
4003
3304
3011
3354
3694
3648
3050
2634
2743
2724
2462
2143
2100
2066
1772
1276
1155
1380
1398
1085
674
397
463
523
394
113
-80
-212
-344
-327
-392
-566
-709
-775
-825
-947
-887
-682
-783
-940
-1207
-1453
-1088
-828
-1357
-1676
-1436
-1726
-2007
-1995
-2026
-2358
-2467
-1615
-2140
-3324
-3223
-2337
-1803
-2136
-3385
-3740
-2024
-1518
-2288
-2709
-2043
-941
-1047
-1817
-1322
335
714
-28
-493
336
1815
2074
1113
1042
2028
2747
2551
2107
2618
3472
3489
2725
2657
3408
3936
3508
2743
2781
3252
3394
3105
2626
2449
2682
2445
1948
1733
2002
2108
1460
866
975
1440
1358
802
437
427
671
631
283
159
234
209
-178
-346
-142
82
-92
-408
-587
-409
-163
-290
-383
-341
-575
-772
-534
-391
-710
-823
-779
-1097
-1309
-1166
-1229
-1632
-2028
-1993
-1359
-2099
-2913
-2880
-2376
-1766
-2129
-3291
-3496
-2036
-1744
-2348
-2755
-2281
-1387
-1271
-1668
-1457
-265
298
-82
-377
273
1306
1617
1235
1241
1813
2394
2489
2422
2618
2982
3087
2875
2971
3281
3517
3335
3046
2996
3019
3037
2989
2893
2744
2326
1913
2168
2499
2171
1541
1165
1336
1598
1462
933
821
1012
885
626
471
706
807
438
4
100
438
474
130
-74
34
143
174
168
-36
-101
-4
-109
-249
-250
-252
-396
-602
-716
-841
-907
-1060
-1395
-1663
-1764
-2050
-1543
-1365
-2652
-3333
-2890
-2112
-1895
-2811
-4016
-3314
-1950
-2207
-2917
-2946
-1959
-1280
-1838
-2237
-1052
216
21
-726
-545
792
1663
1144
657
1320
2139
2293
1878
1910
2661
3170
2662
2157
2491
3245
3442
2696
2284
2564
3020
2819
2419
2180
2249
2387
2063
1713
1794
2074
1891
1432
1290
1528
1736
1444
1104
1069
1165
1155
1049
933
884
918
698
486
428
584
629
419
224
179
327
277
45
155
198
-83
-272
-224
-242
-278
-504
-879
-971
-1047
-1238
-1551
-1791
-1954
-2423
-1987
-1590
-2758
-3437
-2986
-2293
-2236
-2960
-3992
-3387
-2017
-2145
-2920
-3154
-2069
-1257
-1755
-2274
-1345
-60
85
-545
-784
335
1591
1456
656
960
1790
2250
2008
1741
2243
2679
2446
1972
2136
2719
2928
2428
1970
2045
2453
2440
2210
2137
2114
1943
1682
1759
2023
2130
1735
1296
1359
1728
1792
1563
1279
1220
1269
1235
1205
1299
1304
1005
751
768
1166
1211
880
618
596
675
634
714
534
301
202
20
-106
-11
-207
-515
-567
-879
-1224
-1277
-1232
-1603
-2120
-2412
-2518
-2648
-2150
-2244
-3512
-3941
-3351
-2585
-2704
-3585
-4320
-3516
-2399
-2691
-3237
-3132
-2131
-1596
-1926
-2055
-1030
-18
-103
-536
-403
630
1476
1199
798
1207
1780
2074
1976
1925
2262
2668
2403
2074
2332
2793
2935
2563
2289
2426
2672
2591
2368
2233
2260
2178
1950
2001
2143
2109
1858
1675
1588
1745
1792
1589
1461
1401
1391
1377
1298
1304
1304
1084
975
951
1016
1024
938
805
776
765
714
709
607
471
288
308
241
17
-207
-298
-365
-610
-820
-1083
-1286
-1422
-1695
-2208
-2374
-2512
-2590
-2137
-2719
-3706
-3642
-2915
-2636
-3001
-3763
-4006
-2795
-2363
-2884
-3113
-2649
-1825
-1781
-2139
-1754
-651
-194
-568
-869
-233
825
1107
576
510
1143
1681
1744
1564
1819
2322
2400
2107
2098
2555
2936
2839
2536
2577
2766
2911
2828
2765
2755
2600
2436
2486
2635
2710
2588
2107
2000
2244
2377
2228
1959
1899
1844
1759
1672
1718
1732
1502
1211
973
1051
1163
1040
814
549
447
504
464
342
257
55
-97
-122
-202
-448
-525
-815
-1014
-959
-1202
-1524
-1671
-1797
-2102
-2348
-2574
-2893
-3063
-2597
-2697
-3756
-4090
-3581
-2960
-2858
-3566
-4386
-3643
-2384
-2661
-3178
-3025
-2168
-1512
-1898
-2160
-1237
-218
-316
-713
-709
137
940
762
469
892
1468
1698
1608
1635
2109
2388
2242
2029
2359
2818
2886
2612
2395
2671
2899
2882
2773
2629
2630
2729
2602
2415
2491
2600
2365
2047
1940
2082
2186
1907
1715
1650
1538
1529
1440
1241
1210
1152
890
689
632
644
605
400
121
-5
60
29
-236
-518
-662
-681
-747
-979
-1146
-1262
-1445
-1610
-1808
-1880
-2060
-2360
-2450
-2492
-2768
-3019
-3242
-3158
-2595
-2974
-3906
-3982
-3325
-2820
-3018
-3705
-3991
-2999
-2426
-2751
-3008
-2743
-1802
-1581
-1999
-1900
-803
-200
-493
-821
-506
466
898
644
485
991
1481
1597
1563
1836
2303
2427
2218
2244
2700
3069
3074
2783
2727
2916
3112
3067
3028
2885
2831
2812
2693
2658
2748
2642
2210
2073
2141
2182
2013
1741
1657
1638
1502
1286
1215
1163
1027
747
579
560
487
302
25
-244
-341
-345
-557
-625
-671
-812
-1016
-1132
-1055
-1050
-1410
-1750
-1714
-1720
-1867
-1961
-2157
-2396
-2283
-2457
-2763
-2827
-2823
-2964
-2686
-2602
-3335
-3480
-3081
-2646
-2586
-2980
-3496
-3024
-2135
-2187
-2487
-2509
-1874
-1344
-1501
-1601
-930
-68
-100
-414
-245
645
1345
1157
830
1220
1849
2080
2065
2118
2500
2838
2747
2553
2873
3247
3247
2969
2857
3001
3118
3056
2946
3010
2945
2822
2717
2635
2618
2575
2342
1926
1876
1888
1802
1588
1435
1378
1173
997
897
960
822
583
310
147
126
119
-16
-236
-464
-550
-553
-572
-600
-767
-1066
-1140
-873
-933
-1243
-1258
-1103
-1194
-1453
-1537
-1378
-1460
-1737
-1798
-1902
-1989
-2008
-2199
-2512
-2465
-1764
-2124
-3182
-3183
-2353
-1888
-2247
-3066
-3404
-2206
-1457
-2120
-2559
-2153
-1265
-966
-1492
-1453
-413
315
44
-298
35
1171
1733
1279
1022
1493
2264
2523
2366
2382
2860
3189
3050
2912
3238
3638
3628
3311
3180
3409
3574
3494
3318
3025
2812
2747
2650
2520
2240
1951
1780
1686
1541
1329
1153
953
879
691
381
284
255
176
-38
-256
-310
-252
-290
-474
-651
-611
-598
-579
-704
-779
-702
-655
-785
-942
-749
-595
-695
-957
-994
-927
-790
-935
-1265
-1376
-1258
-1326
-1603
-1638
-1770
-2004
-2128
-2292
-2114
-1798
-2420
-3000
-2731
-2201
-1992
-2307
-2982
-2849
-1846
-1664
-2073
-2209
-1699
-940
-866
-1112
-787
69
512
356
226
774
1647
1852
1625
1649
2182
2618
2695
2637
2776
3098
3155
2963
3013
3345
3483
3273
2994
2915
3002
3060
2770
2523
2351
2217
2090
1759
1712
1667
1422
993
842
756
760
618
250
187
69
11
-66
-132
-218
-303
-382
-538
-481
-448
-524
-555
-561
-536
-514
-511
-413
-363
-491
-576
-496
-365
-403
-466
-688
-773
-625
-692
-910
-1078
-1131
-1229
-1326
-1471
-1582
-1630
-1917
-2075
-2197
-2188
-1772
-2092
-2785
-2766
-2208
-1894
-2150
-2726
-2830
-1984
-1549
-1787
-2044
-1715
-898
-701
-889
-670
154
663
513
294
654
1572
1909
1658
1491
1863
2363
2565
2443
2443
2717
2812
2680
2622
2866
2949
2720
2491
2422
2409
2416
2247
2180
1952
1556
1477
1542
1437
1217
1043
787
718
780
663
547
391
301
278
188
137
244
165
21
-66
-87
-36
-30
-57
-251
-252
-254
-237
-212
-214
-255
-417
-477
-457
-299
-417
-644
-841
-729
-674
-928
-1133
-1148
-1187
-1355
-1445
-1744
-1661
-1636
-1891
-2234
-2262
-2131
-2199
-2049
-2324
-2576
-2605
-2288
-1965
-2087
-2379
-2519
-1884
-1418
-1370
-1497
-1384
-736
-409
-473
-301
408
763
631
577
935
1715
2003
1764
1610
2060
2509
2589
2482
2442
2651
2619
2389
2382
2523
2546
2348
2078
2039
2131
1995
1821
1671
1406
1238
1154
1111
1026
883
715
531
459
458
444
346
163
71
2
-9
10
-18
-71
-115
-252
-210
-150
-135
-246
-325
-328
-428
-346
-330
-424
-483
-605
-631
-569
-597
-636
-794
-977
-957
-1042
-1172
-1183
-1189
-1473
-1666
-1589
-1542
-1625
-1851
-2062
-2096
-2032
-2144
-2391
-2352
-1953
-2202
-2654
-2576
-2089
-1777
-1821
-2313
-2369
-1481
-994
-1198
-1425
-1133
-415
-161
-358
-194
436
871
782
698
1029
1657
1811
1433
1398
1762
2025
2050
1914
1945
2125
2113
1887
1898
2078
2025
1800
1551
1494
1510
1409
1223
1092
946
814
761
627
562
486
239
69
87
-18
-104
-120
-220
-232
-311
-416
-419
-328
-354
-554
-667
-625
-558
-569
-729
-757
-702
-644
-607
-693
-712
-684
-659
-745
-849
-820
-706
-775
-1074
-1089
-985
-958
-1083
-1255
-1347
-1287
-1328
-1485
-1511
-1602
-1642
-1833
-1949
-1855
-1873
-1993
-1965
-1656
-1820
-2144
-2164
-1872
-1409
-1404
-1768
-1983
-1388
-772
-816
-946
-965
-474
-57
-98
-217
195
718
701
494
480
981
1363
1124
789
928
1218
1365
1272
1154
1233
1333
1142
969
1063
1135
1065
802
770
837
813
713
645
651
423
298
281
353
444
260
-20
-63
43
59
12
-143
-173
-81
-122
-161
-137
-112
-192
-350
-376
-315
-289
-401
-475
-488
-537
-546
-468
-467
-543
-669
-845
-785
-645
-622
-706
-873
-950
-871
-771
-879
-1003
-929
-1028
-1173
-1166
-1157
-1313
-1261
-1201
-1373
-1460
-1489
-1472
-1434
-1491
-1505
-1309
-1490
-1671
-1448
-1219
-1044
-1151
-1512
-1419
-833
-614
-810
-961
-743
-224
-119
-300
-249
147
418
305
170
353
743
831
598
457
674
885
844
731
770
877
796
666
717
846
818
595
491
617
651
559
491
489
443
378
307
287
400
360
201
96
218
281
167
107
134
269
171
160
196
233
248
227
135
133
255
214
229
214
182
247
239
191
160
92
32
-89
-132
-113
-201
-257
-326
-403
-403
-476
-531
-588
-667
-810
-855
-876
-1007
-1179
-1248
-1152
-1243
-1522
-1561
-1440
-1435
-1645
-1812
-1580
-1273
-1580
-2012
-1922
-1492
-1245
-1515
-1979
-1841
-1136
-1015
-1227
-1510
-1218
-615
-601
-919
-873
-272
-31
-266
-418
-51
484
566
323
250
580
894
938
834
857
1089
1157
1073
1138
1284
1376
1297
1221
1219
1197
1192
1146
1125
1132
977
815
924
1025
916
736
636
665
683
580
480
512
496
405
354
439
518
513
333
254
312
426
340
226
230
255
277
212
288
378
382
226
190
160
104
76
-37
-102
-137
-266
-290
-297
-351
-442
-608
-675
-634
-679
-776
-880
-902
-924
-1003
-1032
-1059
-1173
-1292
-1318
-1382
-1484
-1283
-1332
-1866
-1979
-1662
-1468
-1591
-1873
-2064
-1680
-1196
-1380
-1605
-1408
-931
-706
-922
-998
-462
64
27
-137
-37
458
799
699
584
826
1155
1236
1234
1330
1647
1740
1615
1580
1849
2015
1845
1706
1700
1752
1691
1535
1635
1575
1300
1145
1099
1293
1385
1096
862
1036
1211
1126
862
704
816
908
721
611
666
689
642
481
393
510
603
514
435
501
597
632
559
613
593
538
505
526
469
357
294
236
213
161
54
-22
-28
-126
-267
-391
-400
-485
-548
-652
-810
-880
-922
-970
-1160
-1401
-1403
-1334
-1463
-1564
-1617
-1716
-1582
-1355
-1710
-2091
-1913
-1432
-1255
-1496
-1891
-1708
-942
-701
-1034
-1259
-902
-232
-135
-471
-297
353
672
531
304
572
1224
1336
1060
963
1298
1593
1586
1395
1473
1732
1752
1617
1606
1778
1698
1593
1549
1572
1546
1486
1383
1487
1515
1217
1042
1151
1374
1220
953
767
934
1124
923
742
701
830
794
634
663
809
810
654
521
505
620
551
433
339
368
300
250
251
222
191
62
29
59
95
23
-67
-101
-110
-197
-299
-335
-299
-296
-458
-558
-494
-489
-585
-672
-767
-797
-819
-856
-930
-987
-959
-1087
-1084
-1051
-1047
-1068
-1274
-1406
-1313
-983
-1139
-1744
-1684
-1245
-953
-1054
-1487
-1645
-1088
-661
-934
-1224
-1054
-542
-331
-573
-698
-240
246
208
-42
-31
485
879
738
605
839
1157
1292
1211
1205
1427
1571
1520
1431
1622
1726
1674
1579
1591
1678
1627
1646
1537
1420
1418
1314
1315
1288
1088
916
890
913
814
611
447
369
329
166
2
-32
-32
-88
-242
-319
-294
-220
-363
-481
-433
-398
-407
-402
-392
-377
-330
-312
-219
-103
-25
7
10
68
151
172
193
284
371
305
233
316
400
382
280
250
261
223
135
81
-13
-60
-226
-336
-439
-581
-613
-692
-911
-1115
-1170
-1372
-1502
-1567
-1483
-1709
-2152
-2082
-1779
-1676
-1866
-2160
-2162
-1636
-1320
-1603
-1731
-1406
-958
-828
-942
-854
-336
106
118
16
184
737
1008
886
829
1161
1542
1636
1593
1635
1891
2044
1918
1826
1903
1947
1881
1741
1655
1500
1381
1419
1347
1200
948
761
780
833
602
306
229
315
235
-70
-193
-43
33
-118
-335
-318
-113
-100
-190
-285
-194
-52
-3
35
114
204
250
276
352
512
540
526
618
659
646
638
699
721
709
628
629
711
714
588
446
369
344
263
47
-21
-113
-223
-354
-424
-495
-710
-801
-826
-928
-1111
-1178
-1280
-1311
-1297
-1390
-1654
-1706
-1564
-1596
-1800
-1868
-1695
-1740
-1914
-1911
-1759
-1586
-1570
-1721
-1756
-1305
-1048
-1132
-1147
-944
-583
-407
-428
-334
24
252
370
354
440
835
982
862
877
1132
1214
1178
1240
1287
1363
1333
1304
1343
1424
1383
1327
1336
1305
1279
1135
1020
1083
1045
920
780
778
830
758
671
647
764
673
577
543
526
562
459
393
388
475
465
408
406
401
388
366
310
295
337
328
318
253
257
270
311
281
201
204
185
156
142
8
-62
-55
-101
-227
-313
-308
-268
-265
-395
-571
-620
-553
-589
-767
-860
-805
-857
-971
-1009
-1005
-1066
-1175
-1209
-1162
-1108
-1297
-1480
-1418
-1304
-1364
-1517
-1615
-1516
-1510
-1472
-1355
-1569
-1530
-1407
-1353
-1267
-1212
-1229
-1195
-867
-807
-733
-604
-526
-284
-159
-123
-63
198
347
410
463
553
729
826
875
945
1105
1143
1119
1139
1214
1270
1295
1281
1333
1277
1190
1233
1242
1180
1040
966
975
975
850
708
684
710
640
496
420
400
421
300
150
134
114
65
-3
-73
-79
-44
-109
-177
-180
-107
-108
-134
-130
-142
-49
-7
-1
5
13
-22
15
16
28
28
8
31
114
149
40
21
83
109
5
-21
-85
-88
-114
-92
-177
-284
-251
-308
-427
-490
-525
-657
-660
-736
-855
-927
-894
-839
-926
-953
-997
-996
-1018
-1139
-1074
-960
-1024
-1124
-1120
-1036
-991
-927
-904
-1033
-980
-839
-747
-672
-599
-574
-513
-262
-216
-165
-41
149
298
354
343
509
663
651
688
634
675
806
876
854
866
1011
998
931
1067
1141
1162
1090
1044
1190
1278
1214
1106
1081
1178
1186
1117
1025
1117
1183
1077
976
983
1021
1024
979
905
946
956
965
903
898
873
872
817
754
737
703
652
603
604
527
374
369
404
392
378
302
299
290
274
180
119
129
108
82
44
44
48
27
36
81
69
16
-55
-53
29
-22
-241
-279
-120
-136
-365
-368
-253
-238
-362
-423
-347
-252
-310
-417
-418
-447
-453
-474
-447
-502
-527
-543
-552
-571
-616
-606
-606
-646
-598
-587
-532
-386
-479
-662
-504
-308
-316
-308
-331
-332
-98
19
7
54
200
361
443
446
549
746
792
828
847
958
1143
1189
1187
1300
1437
1439
1427
1473
1535
1618
1604
1553
1612
1669
1632
1602
1591
1587
1510
1398
1290
1263
1213
1154
1072
943
928
824
756
729
647
557
439
383
365
252
266
201
178
166
79
31
47
65
0
-41
-26
28
55
29
12
104
113
64
-5
-16
85
48
-139
-143
-54
101
61
-62
-117
12
92
-25
-55
-80
-19
-8
-80
-106
-156
-101
-20
-99
-264
-202
-128
-180
-163
-238
-294
-117
-74
-158
-172
-157
-34
2
-138
-192
-88
-57
-51
-119
-189
-131
-36
28
-43
-115
-141
-43
-15
-111
-188
-245
-129
-35
-141
-254
-185
-56
-43
-112
-93
-26
101
187
177
215
326
425
547
539
558
626
781
832
766
753
829
953
965
950
911
1015
1095
1153
1063
1042
1114
1074
1062
1022
1040
1071
1015
930
853
797
788
742
653
543
496
485
414
373
327
332
290
203
196
115
17
0
-19
-92
-134
-41
-3
-73
-107
-105
-71
-19
-36
-109
-2
63
57
45
64
136
147
181
190
203
208
155
181
269
354
306
261
284
333
347
213
176
216
258
237
105
44
19
34
10
-136
-184
-116
-84
-184
-230
-349
-371
-264
-259
-376
-446
-405
-296
-307
-405
-484
-409
-292
-332
-450
-482
-296
-180
-139
-225
-261
-193
-15
197
144
42
194
475
582
484
413
538
743
754
654
644
768
948
930
823
845
965
1063
1031
899
942
1015
1029
958
889
874
822
779
710
647
640
607
539
572
516
437
412
426
381
299
284
282
280
303
220
144
157
160
89
36
9
0
31
-95
-125
-29
0
35
-13
-69
-15
31
13
-33
-24
-10
-18
-86
-94
-115
-156
-167
-80
-165
-190
-138
-12
-52
-144
-73
41
82
-8
-96
-51
44
138
46
-105
-7
172
198
27
-19
90
221
143
16
-14
17
132
125
-30
-100
-40
34
1
-88
-160
-187
-133
-160
-241
-267
-218
-148
-171
-205
-156
-176
-221
-221
-279
-106
-34
-173
-149
-93
-36
-57
-122
-148
-68
-38
-33
15
29
39
97
141
143
151
138
211
257
285
321
380
395
404
406
379
390
387
345
313
349
285
292
278
250
235
295
308
280
172
195
244
230
208
132
188
216
180
143
135
177
134
85
119
82
48
69
94
48
-16
15
97
140
69
7
38
90
99
-11
-28
-39
4
-27
-109
-94
-35
-11
-31
-33
-6
-23
32
66
-14
24
77
111
131
155
104
-3
111
243
137
23
119
221
192
136
126
139
189
208
135
72
184
197
99
102
66
18
-31
-40
-73
-130
-146
-222
-254
-271
-392
-438
-430
-432
-548
-689
-690
-672
-693
-702
-734
-777
-670
-700
-706
-656
-560
-468
-386
-270
-220
-115
30
90
119
263
336
338
486
569
584
654
733
824
821
850
862
875
897
911
884
824
870
866
780
693
733
684
578
528
453
414
388
259
183
97
71
74
33
10
-21
-33
-62
15
-29
-78
-135
-94
-37
-34
-57
-61
81
145
151
142
220
240
240
263
268
300
349
360
349
357
355
370
374
419
441
388
308
395
449
386
269
128
231
308
222
89
59
31
53
28
-73
-152
-129
-108
-151
-194
-250
-278
-312
-260
-291
-337
-333
-344
-291
-286
-337
-348
-310
-316
-371
-365
-356
-346
-342
-297
-253
-258
-236
-269
-219
-154
-141
-157
-129
-46
6
2
-28
34
120
176
158
151
159
212
320
338
313
380
458
529
548
558
597
609
671
684
621
633
674
698
630
558
541
532
489
427
395
340
318
303
220
159
160
189
65
-16
1
27
44
-12
-7
-72
-91
-114
-139
-144
-102
-79
-95
-60
-14
-43
-95
-40
37
16
-28
7
38
39
54
9
-39
-26
21
3
-14
-40
-83
-41
-44
-108
-164
-171
-192
-145
-101
-173
-204
-215
-224
-219
-285
-390
-456
-483
-391
-387
-419
-397
-405
-298
-258
-286
-284
-241
-200
-172
-96
-130
-182
-173
-178
-160
-162
-141
-99
-115
-97
-80
-97
-31
-35
-18
-59
-13
46
71
83
-1
-16
61
42
-46
-112
-141
-72
-87
-156
-187
-149
-75
-84
-112
-188
-177
-142
-89
-103
-171
-159
-122
-118
-176
-195
-130
-72
-23
-32
10
74
98
135
212
282
258
279
308
395
330
305
308
379
399
335
251
208
223
186
172
123
141
112
95
61
168
274
279
345
250
-39
-120
-42
-39
-53
-195
-395
-328
-258
-154
28
-150
-358
-349
-295
-308
-325
-382
-428
-303
-209
-301
-255
-261
-243
-212
-331
-329
-259
-261
-217
-178
-229
-221
-119
-61
-51
-85
-160
-126
-83
-107
-108
-129
-218
-200
-196
-175
-242
-350
-304
-337
-333
-345
-390
-432
-388
-358
-412
-442
-424
-399
-384
-411
-436
-484
-508
-473
-463
-504
-538
-473
-415
-404
-374
-376
-344
-336
-291
-244
-183
-82
-27
15
73
95
132
184
176
164
173
243
246
240
232
214
232
236
228
210
208
183
208
157
88
91
91
64
45
30
-29
-64
-125
-76
-133
-188
-202
-258
-311
-328
-381
-449
-410
-479
-470
-479
-509
-476
-494
-463
-446
-448
-447
-447
-498
-459
-417
-451
-382
-334
-346
-307
-249
-193
-173
-114
-67
-14
24
39
66
83
97
91
97
145
127
127
135
88
89
105
94
19
-45
-42
-81
-110
-98
-147
-178
-153
-207
-283
-312
-362
-392
-378
-444
-464
-431
-392
-416
-395
-345
-294
-299
-295
-287
-262
-278
-275
-174
-114
-75
-64
-50
-37
-16
39
74
56
65
41
67
69
75
91
93
129
96
57
34
61
24
-18
-67
-130
-150
-170
-179
-237
-278
-270
-262
-310
-365
-381
-396
-426
-487
-487
-391
-385
-426
-384
-394
-373
-367
-355
-246
-265
-168
-147
-151
-78
-85
-85
-88
-42
-41
-20
-17
5
36
27
50
84
36
53
78
121
94
56
44
19
47
6
-6
-17
-8
17
-17
-61
-43
-5
9
-4
3
-10
-31
-41
-128
-143
-127
-111
-122
-187
-198
-251
-245
-276
-267
-301
-278
-318
-289
-256
-322
-314
-360
-332
-328
-391
-382
-363
-406
-457
-473
-418
-407
-409
-371
-380
-389
-331
-347
-333
-346
-331
-301
-260
-237
-202
-210
-206
-173
-179
-118
-140
-148
-143
-109
-112
-100
-120
-112
-81
-113
-116
-131
-145
-168
-179
-136
-120
-134
-145
-179
-142
-186
-156
-203
-222
-197
-246
-231
-257
-254
-243
-228
-243
-245
-221
-204
-210
-198
-171
-144
-112
-95
-138
-162
-159
-144
-156
-153
-86
-70
-58
-93
-112
-97
-52
-22
-48
-66
-58
-42
-42
11
37
-19
-16
48
-4
-55
-99
-134
-149
-172
-126
-171
-210
-216
-225
-202
-269
-318
-286
-280
-269
-268
-244
-268
-266
-218
-231
-274
-253
-266
-254
-254
-299
-229
-205
-227
-185
-235
-252
-234
-262
-318
-344
-349
-363
-345
-327
-307
-283
-282
-272
-289
-333
-350
-326
-326
-288
-225
-269
-224
-220
-208
-172
-173
-145
-160
-134
-120
-110
-170
-105
-43
-79
-89
-105
-19
-45
3
25
7
54
72
111
58
40
56
57
-1
-14
12
5
-12
-68
-50
-15
16
-5
-34
-51
-58
-77
-136
-138
-144
-217
-224
-253
-285
-314
-300
-291
-319
-333
-306
-249
-238
-207
-138
-119
-93
-60
-60
-48
-48
-26
-10
-34
-4
13
2
-37
30
58
77
55
-9
-40
-57
-63
-70
-55
-123
-98
-102
-118
-190
-198
-161
-147
-143
-139
-155
-136
-128
-135
-151
-166
-172
-177
-154
-109
-151
-184
-152
-182
-184
-195
-191
-168
-126
-127
-134
-114
-112
-105
-88
-67
-76
-101
-102
-93
-141
-167
-151
-158
-206
-173
-194
-155
-153
-140
-160
-144
-137
-135
-167
-161
-150
-59
-41
-107
-105
-105
-49
-42
-14
-36
-80
-75
-62
-81
-78
-26
-48
-60
-82
-79
-28
-95
-106
-133
-191
-162
-117
-164
-169
-140
-185
-164
-138
-132
-130
-165
-116
-133
-109
-100
-112
-8
-22
-26
12
-4
-10
2
15
52
46
71
67
68
127
104
101
119
97
99
110
147
129
166
147
121
148
84
136
124
138
113
79
105
70
96
92
108
67
60
40
40
5
-69
-98
-133
-123
-182
-224
-261
-269
-265
-278
-277
-294
-273
-310
-330
-333
-327
-322
-314
-278
-259
-239
-248
-201
-187
-143
-132
-94
-64
-9
-15
-19
-57
-9
34
32
106
102
116
131
75
89
85
55
79
49
51
72
45
58
99
84
61
58
77
67
88
129
54
48
43
29
54
39
30
10
48
37
19
34
49
92
76
34
43
44
88
102
89
83
65
118
77
65
88
82
124
118
47
10
19
1
-36
-10
-11
-66
-23
-17
-25
9
6
-4
-30
-30
-66
-74
-84
-64
-66
-46
-9
-14
-10
-7
20
16
21
-20
-31
-78
-31
-17
-83
-93
-104
-46
-85
-81
-67
-58
-21
4
36
-2
28
-3
13
2
-16
-19
-35
-34
36
33
-12
-26
-50
-55
-51
-22
-55
-56
-44
-55
-55
-64
-27
-14
-45
-8
-67
-59
-24
-87
-48
9
11
17
3
37
54
99
102
76
27
-28
-54
-46
-11
-2
22
37
48
16
22
12
20
15
62
54
18
11
30
67
61
140
148
133
160
125
108
118
142
139
185
210
178
189
208
248
224
219
217
186
158
156
125
116
111
92
99
75
79
144
118
123
139
153
136
97
85
54
63
74
55
10
8
16
-47
-7
-20
-1
43
17
-13
-8
-34
-61
-51
-72
-89
-130
-125
-96
-120
-100
-110
-112
-73
-110
-149
-124
-63
-83
-82
-121
-74
-96
-53
-49
-52
-31
-40
-28
-77
-64
-81
-117
-38
-10
10
41
29
62
48
27
77
54
-4
15
27
54
30
76
75
63
119
92
125
122
161
213
194
241
233
222
229
198
199
164
168
169
171
172
169
164
193
207
171
186
152
188
131
95
40
45
75
87
101
51
90
38
7
31
-12
-12
-31
-71
-27
-13
-12
-40
-8
5
-6
-22
-23
17
11
-20
-1
-28
-42
-11
-16
-14
-14
-22
-13
-22
-47
-9
-67
-44
-30
-41
-47
-122
-107
-164
-184
-164
-152
-136
-173
-169
-183
-131
-120
-114
-115
-115
-93
-99
-113
-111
-78
-95
-97
-104
-60
-62
-19
-57
-52
-47
-50
-47
17
-7
33
52
-1
17
-31
-18
-70
-82
-67
-52
-37
-60
10
42
38
31
44
-19
-52
9
25
-5
-49
-5
18
-23
-61
1
-19
-61
-117
-120
-80
-127
-131
-110
-100
-80
-24
-5
-4
-1
-27
-11
37
28
17
-9
4
-27
-21
-25
-53
-50
-54
-62
-95
-68
-41
-77
-131
-90
-68
-90
-121
-112
-113
-111
-173
-176
-148
-118
-116
-134
-118
-184
-194
-186
-214
-238
-238
-233
-204
-203
-209
-183
-166
-200
-154
-162
-168
-185
-202
-190
-243
-232
-207
-225
-196
-166
-215
-175
-204
-230
-223
-277
-298
-307
-278
-276
-254
-260
-288
-297
-329
-271
-264
-290
-288
-285
-332
-315
-319
-304
-292
-266
-208
-276
-230
-273
-270
-237
-289
-321
-305
-308
-293
-226
-218
-257
-249
-236
-295
-270
-270
-252
-234
-196
-167
-177
-187
-189
-183
-168
-193
-213
-182
-150
-163
-237
-233
-283
-282
-266
-313
-316
-257
-259
-292
-278
-293
-268
-308
-333
-345
-359
-346
-318
-348
-339
-278
-295
-283
-311
-306
-279
-261
-290
-323
-335
-341
-319
-319
-273
-302
-310
-327
-350
-327
-313
-276
-305
-274
-349
-383
-361
-313
-325
-337
-338
-356
-323
-338
-301
-273
-274
-267
-284
-292
-318
-338
-314
-279
-298
-307
-330
-354
-336
-321
-287
-332
-340
-305
-301
-317
-318
-296
-336
-310
-365
-342
-321
-330
-378
-342
-343
-317
-312
-320
-322
-316
-293
-315
-295
-273
-232
-216
-186
-156
-150
-138
-141
-131
-129
-136
-103
-106
-136
-92
-86
-129
-144
-163
-184
-193
-174
-200
-173
-166
-157
-153
-174
-145
-157
-188
-179
-163
-198
-187
-213
-226
-207
-259
-236
-231
-214
-131
-178
-169
-193
-151
-112
-108
-91
-57
8
28
-8
10
-1
-29
-14
-10
4
-7
-25
-45
7
14
-44
-22
-34
-42
-72
-75
-93
-108
-140
-160
-188
-189
-199
-220
-223
-223
-174
-186
-189
-159
-158
-146
-111
-118
-159
-136
-70
-78
-76
-72
-95
-158
-162
-143
-181
-179
-152
-170
-147
-137
-168
-167
-157
-143
-91
-92
-69
-108
-112
-84
-94
-106
-115
-113
-115
-87
-74
-59
-100
-126
-110
-107
-53
-108
-39
-50
-73
-39
-86
-61
-90
-69
-48
-51
-49
-60
-80
-93
-127
-115
-112
-140
-107
-106
-147
-147
-150
-153
-155
-182
-179
-151
-225
-251
-271
-293
-321
-302
-245
-271
-278
-248
-217
-275
-248
-186
-185
-161
-170
-129
-129
-125
-63
-88
-100
-61
-59
-93
-57
-30
-63
-54
-7
-7
-28
-13
-39
-71
-62
-14
-48
-86
-140
-128
-103
-110
-129
-184
-147
-137
-127
-105
-116
-125
-121
-108
-140
-152
-163
-166
-181
-163
-172
-154
-200
-188
-198
-246
-210
-213
-166
-176
-160
-116
-108
-101
-92
-72
-3
-46
-83
-110
-121
-78
-137
-140
-204
-196
-207
-230
-252
-267
-211
-221
-218
-225
-243
-244
-297
-337
-361
-400
-387
-444
-432
-413
-441
-429
-412
-389
-418
-388
-424
-367
-392
-423
-352
-327
-281
-291
-271
-256
-234
-181
-143
-163
-139
-135
-119
-89
-41
-17
39
68
60
36
47
67
41
6
-36
-61
-100
-102
-167
-155
-165
-161
-179
-206
-115
-82
-95
-113
-133
-117
-138
-125
-112
-147
-91
-95
-91
-82
-92
-134
-107
-72
-87
-76
-66
-25
-8
16
54
71
83
113
166
134
83
139
106
83
80
104
6
-11
-46
-1
32
48
59
28
62
-9
-26
-91
-61
-75
-54
-68
-78
-99
-109
-120
-170
-136
-199
-169
-169
-165
-86
-60
-95
-85
-25
-65
-63
-50
-26
-24
4
57
89
101
111
107
90
136
165
214
157
168
178
206
197
196
228
186
181
180
230
271
246
215
219
203
207
221
256
280
284
246
265
283
250
231
240
245
258
271
266
318
346
405
394
393
443
487
467
435
465
475
445
430
387
340
328
341
288
294
304
279
343
301
283
295
306
295
349
300
237
207
193
170
120
116
103
99
112
120
100
122
108
97
116
101
101
135
178
213
219
181
187
167
138
102
77
64
32
81
104
90
72
94
79
94
115
113
160
168
189
145
117
121
130
82
64
121
109
89
130
156
172
210
241
220
230
249
258
283
271
229
186
157
125
94
109
141
115
93
149
223
239
244
279
291
277
211
162
146
150
145
152
143
87
111
56
48
-32
-8
12
-3
-27
-20
52
13
87
48
42
49
40
63
-18
-2
-7
33
53
22
41
65
71
82
50
88
116
137
146
156
148
152
141
120
132
76
71
92
58
50
54
-24
-15
31
1
14
-24
-38
-50
-65
-69
-46
-45
-62
-55
-91
-70
-113
-88
-66
-91
-99
-75
-20
-51
-54
4
24
-2
43
37
74
128
149
147
126
165
165
182
209
202
203
175
155
178
199
208
232
190
164
159
170
128
91
88
71
63
25
-17
-56
-84
-116
-121
-88
-121
-95
-73
-46
-46
-41
-21
-28
-40
-32
-1
-43
13
57
77
90
110
118
98
109
133
155
203
180
164
161
178
185
179
200
161
144
163
154
139
129
125
139
164
162
120
132
115
101
76
103
132
105
102
64
105
85
60
93
52
99
89
72
60
41
58
83
120
155
116
53
40
40
66
25
26
61
17
68
92
105
130
113
145
156
119
117
166
139
123
75
127
125
130
179
113
97
102
125
90
108
130
124
155
167
148
110
130
118
91
81
88
102
60
63
93
108
93
103
163
160
115
160
169
161
180
157
169
165
124
122
117
189
175
185
219
196
203
218
199
249
275
281
303
328
262
278
269
236
265
227
234
221
213
209
200
173
172
162
215
236
227
255
215
210
165
193
187
179
186
216
212
198
223
172
157
159
178
174
194
158
173
124
81
147
176
115
129
125
105
121
119
137
139
137
154
156
150
105
63
75
62
50
62
88
59
65
89
85
83
84
127
173
198
137
161
163
196
171
134
116
63
93
35
66
61
82
130
184
206
234
260
276
341
282
243
252
236
236
208
170
156
99
100
95
67
49
26
4
-11
-18
2
6
-19
52
74
64
95
76
36
56
71
71
88
108
146
131
104
93
129
121
111
164
130
146
154
211
223
281
290
254
319
267
264
259
283
336
308
355
333
313
299
268
241
193
176
105
67
101
80
54
115
168
132
115
118
83
36
1
-19
-6
-7
22
64
69
105
71
77
87
53
18
29
74
98
139
142
148
157
107
104
141
123
129
130
149
163
171
131
147
162
170
199
179
192
180
144
133
114
101
83
78
102
96
121
117
98
103
52
35
15
22
53
67
52
45
78
-3
14
2
-66
-41
-11
39
59
69
65
77
87
105
31
8
44
72
73
66
66
68
112
98
67
42
15
-34
-33
13
15
-23
-34
-32
5
-24
-16
-28
-68
-61
-51
-23
12
70
114
96
167
191
145
178
120
99
41
15
24
26
-1
-10
9
-29
-9
12
-16
-18
-18
-21
-21
14
4
-31
-38
-8
-21
-43
-36
-72
-49
-14
-23
52
26
19
8
28
53
54
49
49
53
14
38
41
60
62
114
146
136
194
186
134
182
152
175
214
166
111
65
24
56
54
36
58
29
74
94
85
69
30
14
-46
-45
-118
-61
-65
-82
-93
-131
-177
-188
-192
-174
-222
-220
-125
-138
-82
-11
-38
-45
-28
10
46
-17
12
40
65
85
79
62
38
38
37
85
62
-9
-3
-35
-30
-71
-68
-75
-63
-71
-61
-39
-57
-26
-57
-37
-58
-59
-87
-86
-74
-80
-27
-20
-51
-11
33
-7
-31
34
8
23
49
44
64
45
92
58
34
61
49
18
20
36
46
33
50
77
50
60
18
25
53
55
106
71
71
94
97
71
77
44
60
2
-57
-6
-48
-47
-66
-82
-90
-88
-135
-143
-179
-227
-214
-183
-184
-174
-163
-194
-133
-157
-117
-40
-82
-58
-8
-64
-57
-32
-66
-57
-55
-29
-48
6
22
-14
30
22
20
53
9
25
80
85
93
121
92
82
37
5
31
42
9
-45
-9
-28
32
11
3
-15
-21
-24
-61
-33
2
27
13
85
117
187
225
170
196
160
197
225
244
228
234
239
282
272
312
303
244
241
238
226
174
180
167
124
94
102
89
70
52
75
37
16
24
-33
-31
6
-35
53
39
31
63
25
57
62
81
120
144
171
199
164
166
154
161
175
161
172
117
145
132
160
176
152
175
161
137
137
146
139
162
119
144
151
127
142
120
140
123
127
78
56
61
46
67
34
60
77
97
85
40
76
25
19
59
95
93
15
36
72
67
15
41
8
-8
-20
-24
-19
-58
-30
-46
-10
-4
22
31
17
-31
54
105
129
155
146
153
160
195
206
217
164
178
181
168
191
200
173
154
182
166
97
62
65
24
43
61
36
31
39
66
39
-8
-35
17
3
-23
-25
0
17
-5
15
-5
47
80
46
160
166
147
176
194
172
159
175
110
138
97
74
73
40
-5
-2
20
5
30
30
48
63
47
31
72
55
46
89
52
40
10
-34
-22
-38
-64
-98
-106
-66
-91
-73
-62
-79
-78
-44
-26
-38
2
-34
-39
-43
-53
-63
-94
-71
-33
-45
-33
-18
14
-2
15
0
-11
92
70
109
164
202
169
201
216
183
212
236
229
236
173
167
133
130
153
144
133
98
105
102
100
41
73
86
53
43
16
26
-1
-30
-54
-96
-61
-50
8
9
-9
-35
29
36
62
56
26
69
88
72
100
134
152
152
113
92
77
126
123
150
177
171
168
129
145
121
98
121
145
141
114
44
5
9
-19
5
-11
-52
-95
-82
-96
-87
-72
-47
-42
-14
-78
-76
-70
-126
-90
-51
-30
25
61
69
89
67
79
137
173
174
209
152
159
177
217
222
228
240
219
217
163
195
136
100
75
85
81
80
70
-13
-30
-33
0
-45
-3
-6
-17
-45
-68
-77
-93
-92
-98
-66
-127
-141
-135
-121
-94
-113
-87
-97
-78
-109
-86
-95
-93
-74
-38
32
24
63
43
25
20
44
30
22
-21
-23
25
27
61
106
98
125
78
97
155
83
99
44
56
35
-6
-20
-43
11
20
-7
-11
-21
-40
-46
-15
-24
-49
-51
-82
-116
-106
-195
-216
-165
-186
-192
-200
-198
-224
-136
-145
-135
-87
-99
-47
-47
-73
-50
-22
-46
-24
-35
-19
-25
-12
49
56
90
93
140
186
191
208
238
222
202
173
161
199
174
118
72
32
-3
-59
-61
-80
-122
-152
-136
-150
-117
-107
-129
-112
-155
-160
-107
-119
-186
-144
-207
-236
-178
-215
-217
-217
-236
-211
-138
-159
-148
-94
-104
-57
-58
-40
-8
19
34
1
-41
-35
-40
-65
-63
-84
-87
-136
-129
-118
-118
-149
-170
-123
-151
-153
-116
-158
-89
-110
-121
-88
-81
-63
21
-17
-32
-3
-29
-54
-91
-73
-96
-34
-72
-67
-60
-73
-87
-113
-104
-116
-78
-86
-99
-153
-179
-161
-140
-167
-173
-133
-203
-192
-196
-239
-212
-205
-161
-167
-183
-146
-154
-183
-149
-105
-118
-103
-49
-40
-34
12
40
18
9
-14
-39
-4
25
14
47
11
-14
-27
-28
-78
-48
-57
-83
-24
-32
-44
-93
-76
-112
-53
-71
-69
-101
-100
-125
-147
-160
-237
-237
-262
-274
-299
-288
-287
-268
-263
-228
-216
-222
-226
-208
-210
-201
-171
-173
-210
-195
-233
-210
-165
-135
-76
-126
-131
-131
-59
-27
-45
-41
-46
-68
-64
-90
-88
-87
-101
-79
-114
-81
-46
-29
-69
-100
-94
-118
-91
-62
-129
-126
-95
-97
-63
-72
-60
-39
-27
-58
-43
-45
-17
28
14
33
31
82
68
59
95
22
73
83
79
64
55
48
31
47
50
45
19
17
44
26
-17
43
30
53
20
43
55
33
-9
-23
10
6
-2
-35
-49
-106
-106
-104
-91
-86
-41
-55
-23
-3
-18
-8
4
47
58
90
111
103
121
169
164
133
108
146
85
91
128
141
169
130
115
111
112
108
117
99
70
66
40
42
56
-55
-53
-47
-77
-73
-107
-66
-60
-62
-56
-51
-45
-83
-53
-32
-74
-66
-32
-83
-51
3
1
9
-1
50
30
34
22
60
55
33
68
44
96
110
131
164
173
175
166
170
103
110
96
53
16
7
7
20
10
-17
-5
-7
-22
-79
-56
-45
-14
-58
-31
-54
-64
12
-6
-7
-10
1
-7
27
31
77
118
99
65
59
75
63
36
47
22
32
47
47
47
87
76
56
39
56
77
109
101
52
78
65
60
41
16
-7
-8
-22
-55
-4
-39
-43
-12
-28
-61
-54
-63
-132
-95
-94
-58
-7
-14
1
-15
-27
-10
30
35
23
30
28
50
98
114
108
100
156
155
139
144
100
106
32
48
80
69
73
55
73
57
17
25
50
58
106
77
45
38
41
35
31
43
65
89
100
143
171
180
150
167
182
195
230
240
251
277
302
274
275
216
165
162
144
149
153
144
113
86
55
89
38
58
7
-24
7
-3
11
10
31
5
20
0
29
24
56
45
53
106
25
21
41
45
84
50
76
38
71
60
55
89
70
77
102
139
97
92
106
122
103
84
83
83
84
104
77
71
111
77
80
93
60
78
55
44
75
85
48
62
54
47
20
19
25
16
42
27
32
75
79
95
99
140
98
70
134
130
95
80
99
89
140
161
162
107
126
118
113
114
125
140
132
123
87
78
113
111
140
180
179
116
113
114
73
75
25
-17
-52
-29
-13
18
-11
16
14
6
15
0
-12
-68
-66
-57
-84
-34
-38
-94
-92
-90
-74
-92
-46
-53
-43
-30
36
54
25
54
35
107
124
104
56
85
85
52
59
94
111
80
92
93
124
122
105
125
123
72
58
106
82
76
94
70
68
110
49
63
64
56
71
58
153
92
51
131
113
158
119
94
110
172
150
119
145
128
82
99
101
147
148
101
153
136
107
151
147
124
146
93
62
70
94
58
36
21
9
8
-43
-57
-78
-98
-69
-75
-72
-60
-32
-43
-23
-40
-30
-28
-26
-89
-73
-89
-84
-14
17
23
28
44
19
64
38
26
50
38
58
86
55
59
72
67
19
62
39
-16
32
13
16
36
92
107
125
119
142
142
131
104
58
54
34
103
152
109
94
129
107
82
80
57
65
51
37
48
2
-17
-31
-22
-41
-49
-56
-44
7
-5
-35
-42
-74
-52
-68
-87
-105
-72
-123
-146
-113
-145
-143
-102
-129
-135
-102
-103
-96
-109
-93
-103
-82
-107
-64
-40
-79
-43
-28
24
14
25
79
57
27
-13
-40
-80
-49
-74
-101
-94
-68
-55
-55
-6
1
7
-23
-53
-15
-64
-61
-103
-150
-138
-144
-93
-85
-29
0
22
34
68
56
55
92
104
135
100
113
103
44
30
-31
-56
-34
-63
-71
-22
7
-44
-15
-47
-108
-118
-159
-191
-201
-192
-201
-243
-236
-225
-222
-200
-194
-187
-168
-211
-172
-140
-146
-78
-65
-11
-34
-36
-24
-75
-37
-61
-51
-57
-29
-21
2
-7
-13
20
2
17
-13
-1
-4
19
20
-26
-34
-48
-51
-67
-102
-91
-103
-137
-134
-123
-98
-106
-94
-63
-80
-91
-126
-161
-152
-184
-216
-192
-194
-231
-230
-257
-246
-253
-274
-237
-253
-248
-233
-242
-296
-313
-321
-334
-347
-364
-313
-268
-270
-275
-241
-220
-202
-189
-164
-158
-160
-137
-123
-127
-146
-160
-150
-219
-209
-162
-253
-228
-272
-309
-294
-263
-287
-293
-262
-301
-329
-324
-367
-370
-338
-375
-385
-371
-372
-418
-429
-398
-404
-377
-366
-345
-322
-242
-193
-197
-114
-128
-199
-198
-173
-178
-173
-136
-120
-122
-141
-140
-194
-187
-187
-198
-161
-205
-224
-193
-192
-210
-248
-295
-318
-346
-321
-368
-388
-380
-417
-423
-438
-449
-468
-522
-514
-547
-481
-495
-542
-546
-555
-581
-633
-637
-633
-680
-709
-729
-766
-744
-777
-774
-766
-735
-804
-781
-749
-698
-684
-669
-632
-668
-655
-670
-703
-739
-762
-756
-763
-770
-746
-785
-786
-795
-765
-797
-807
-742
-779
-757
-789
-755
-773
-793
-769
-806
-824
-896
-868
-875
-918
-945
-939
-934
-908
-862
-885
-849
-812
-795
-788
-754
-795
-812
-777
-814
-768
-759
-751
-704
-736
-799
-801
-810
-820
-860
-831
-875
-859
-812
-824
-846
-814
-790
-767
-796
-807
-826
-863
-853
-870
-954
-964
-952
-957
-935
-961
-974
-972
-971
-977
-926
-919
-877
-863
-847
-834
-828
-825
-829
-837
-815
-773
-752
-737
-683
-653
-615
-559
-594
-596
-571
-554
-576
-528
-527
-538
-471
-487
-469
-428
-384
-368
-352
-357
-379
-318
-252
-221
-244
-218
-202
-237
-190
-185
-128
-163
-150
-126
-133
-97
-120
-106
-77
-119
-71
-80
-138
-148
-166
-172
-213
-249
-272
-280
-290
-269
-291
-270
-255
-287
-283
-283
-278
-262
-251
-211
-167
-147
-144
-141
-143
-142
-141
-85
-26
-15
5
62
96
102
144
178
117
152
167
141
135
114
114
97
99
107
87
129
77
39
70
19
39
23
24
-28
-31
-78
-93
-24
-53
-13
35
57
-12
38
82
79
103
106
95
95
136
89
79
106
111
102
131
189
211
232
268
295
275
284
280
299
268
236
263
217
181
184
185
172
167
131
137
185
165
195
229
226
212
273
266
208
201
188
131
115
49
43
60
9
-14
-9
-44
-80
-49
-38
-30
-28
10
43
-15
-65
-27
-77
-61
-41
-66
-40
-58
-31
-67
-32
21
17
52
79
104
138
158
162
134
125
106
76
62
50
50
4
19
-24
-55
-28
-28
-28
-34
-34
-48
-16
-63
-47
-12
-52
-51
-75
-124
-126
-103
-167
-197
-183
-177
-166
-91
-74
-80
-102
-54
-73
-30
8
25
28
39
40
38
78
15
81
54
5
-8
-67
-49
-65
-75
-36
16
-6
24
-39
9
-30
-58
-45
-63
-34
-103
-106
-160
-174
-210
-181
-176
-138
-109
-111
-123
-128
-99
-136
-132
-124
-118
-133
-125
-109
-115
-109
-166
-158
-140
-168
-140
-143
-181
-138
-172
-154
-126
-79
-78
-97
-20
15
34
14
64
88
85
69
48
13
80
7
7
33
-3
65
106
134
52
87
24
-6
30
46
10
25
55
71
62
-8
-53
-58
-117
-172
-126
-146
-178
-245
-249
-229
-262
-253
-232
-208
-216
-216
-218
-157
-121
-123
-138
-119
-59
-63
-82
-110
-74
-46
6
2
14
48
31
47
76
26
49
96
38
69
59
40
24
0
-36
5
-7
-17
37
22
60
43
40
18
20
12
-15
-46
-27
27
47
60
96
145
119
124
69
46
109
126
124
92
132
107
77
73
73
119
65
50
52
41
33
20
52
46
60
35
30
17
61
152
121
93
106
122
140
183
223
245
244
269
281
257
250
273
260
216
221
194
141
162
176
140
132
174
163
178
138
118
58
43
62
59
20
-4
33
10
16
-30
-6
-8
-19
-22
19
56
74
107
127
176
167
139
146
148
141
132
131
145
127
149
97
107
131
180
209
240
236
201
207
184
164
123
76
11
46
49
50
65
81
69
27
47
21
68
70
71
100
102
179
213
163
163
196
186
194
210
291
251
245
269
278
278
260
299
317
304
291
263
283
282
256
253
207
219
158
166
194
187
203
224
207
157
166
165
151
110
71
96
47
55
60
0
10
1
-25
-64
-67
-59
-25
-28
-24
4
15
29
54
58
70
138
159
139
120
85
73
115
90
73
88
107
105
151
200
248
198
236
247
237
212
170
196
207
197
192
156
107
106
44
47
83
79
65
18
62
59
65
87
47
59
69
105
74
62
77
42
33
71
77
64
128
153
146
216
221
208
240
214
230
204
213
231
235
234
271
297
275
264
289
270
280
278
201
185
189
169
159
110
87
90
100
85
99
132
129
159
168
147
164
203
180
193
196
224
222
213
250
232
216
212
220
202
167
125
167
173
205
210
207
172
168
164
117
120
142
190
162
128
99
65
69
37
37
30
50
63
87
135
133
123
150
148
95
155
201
216
209
270
274
246
269
265
283
281
255
250
239
242
269
253
231
214
223
241
226
213
213
186
169
173
172
176
135
134
112
53
81
74
96
107
162
144
192
215
157
167
196
175
143
115
92
114
103
71
66
67
65
94
108
89
135
125
138
158
119
156
183
137
118
137
86
42
69
63
24
-2
2
28
58
79
66
78
114
144
125
123
155
130
85
64
45
45
55
27
51
53
83
122
136
151
179
212
192
184
183
185
154
173
158
102
98
182
222
191
142
135
143
130
