SAMPLES:	17310
BITSPERSAMPLE:	16
CHANNELS:	1
SAMPLERATE:	16000
NORMALIZED:	FALSE
-51
-37
-43
0
-38
-2
-16
-35
9
-28
-36
23
-5
-35
-49
-26
-4
-51
-66
-99
-99
-59
-29
-92
-105
-40
-74
-106
-134
-94
-130
-124
-90
-101
-71
-94
-57
-60
-76
-69
-94
-94
-140
-148
-124
-165
-174
-143
-113
-128
-77
-1
15
-21
-10
5
-49
-1
18
24
-27
-31
-18
-51
-59
-64
-99
-162
-127
-93
-128
-229
-210
-166
-210
-141
-125
-154
-186
-163
-135
-184
-164
-141
-168
-239
-202
-175
-157
-186
-167
-126
-174
-146
-138
-164
-138
-127
-143
-138
-156
-146
-133
-107
-99
-83
-97
-97
-105
-109
-129
-109
-83
-128
-155
-197
-221
-202
-186
-226
-195
-166
-182
-144
-98
-95
-84
-89
-141
-89
-101
-66
-113
-117
-77
-105
-102
-131
-109
-139
-157
-139
-149
-121
-102
-137
-91
-109
-106
-56
-20
-47
-3
-55
-82
-130
-120
-93
-163
-184
-209
-181
-218
-191
-163
-207
-226
-206
-178
-168
-191
-222
-227
-224
-167
-146
-139
-142
-119
-103
-114
-131
-141
-189
-214
-163
-150
-132
-147
-196
-173
-155
-144
-80
-47
-17
-11
-7
1
-9
-27
-57
-91
-140
-195
-128
-86
-52
-87
-57
-27
-12
1
36
52
-11
-5
-37
-29
-64
-51
21
-77
-179
-127
-126
-228
-213
-136
-164
-156
-128
-89
-74
-91
-102
-100
-124
-120
-115
-151
-152
-159
-154
-109
-59
-77
-98
-86
-87
-120
-136
-102
-130
-161
-145
-74
-131
-139
-87
-98
-86
-105
-103
-102
-94
-59
-19
-21
-18
-9
3
-38
-59
-116
-140
-134
-146
-126
-96
-79
-70
-95
-108
-123
-149
-153
-109
-78
-127
-154
-144
-205
-182
-168
-179
-136
-157
-131
-168
-176
-140
-168
-132
-102
-102
-125
-164
-185
-140
-141
-158
-219
-203
-192
-212
-136
-178
-146
-109
-81
-63
-85
-138
-130
-113
-157
-151
-224
-208
-220
-242
-194
-221
-225
-226
-139
-159
-191
-188
-195
-205
-209
-145
-165
-183
-135
-55
-121
-134
-154
-128
-146
-119
-94
-176
-113
-91
-72
-41
-31
-16
-19
-18
-24
-43
-30
-44
-57
-64
-82
-151
-126
-169
-190
-169
-170
-172
-192
-163
-154
-169
-217
-168
-149
-159
-166
-147
-183
-208
-148
-116
-158
-175
-146
-159
-149
-164
-143
-135
-181
-156
-147
-145
-172
-157
-191
-172
-165
-197
-175
-181
-153
-158
-139
-140
-91
-60
-78
-84
-145
-130
-109
-103
-95
-129
-101
-64
-63
-6
-54
-33
-31
-29
-31
-84
-100
-141
-132
-163
-161
-154
-121
-75
-84
-70
-64
-66
-43
-76
-48
-59
-69
-21
-2
-26
-82
-50
-37
-67
-38
-59
-28
-79
-81
-75
-51
-68
-76
-79
-101
-85
-54
-20
-36
-48
-30
-59
-75
-49
-37
-60
-32
2
9
-6
-57
-106
-149
-177
-164
-176
-180
-134
-130
-120
-135
-50
-50
-93
-95
-74
-110
-132
-70
-143
-133
-149
-145
-196
-184
-144
-166
-108
-103
-100
-73
-58
-65
-46
-42
-47
-25
-26
-11
-21
-52
-20
-66
-93
-139
-107
-84
-139
-128
-107
-133
-173
-129
-78
-107
-85
-85
-51
-77
-92
-75
-113
-89
-83
-79
-99
-130
-151
-150
-138
-99
-136
-121
-100
-121
-128
-113
-105
-111
-88
-111
-101
-126
-135
-139
-173
-193
-192
-148
-169
-164
-149
-144
-187
-175
-133
-85
-101
-129
-120
-86
-95
-126
-111
-126
-132
-169
-186
-172
-137
-154
-144
-133
-143
-116
-120
-130
-148
-139
-140
-196
-160
-130
-109
-133
-125
-85
-44
-13
-67
-58
-25
-76
-41
-26
-40
24
14
-25
-2
34
11
-10
-102
-102
-59
-94
-35
-53
-31
-91
-83
-38
-54
-22
34
24
-16
-9
22
-44
-107
-109
-143
-155
-118
-141
-145
-162
-169
-135
-144
-134
-141
-93
-84
-78
-99
-132
-55
-50
-96
-48
-88
-113
-96
-71
-96
-113
-72
-98
-67
-1
-26
-29
-45
-31
-16
-36
-19
-1
-62
-80
-33
-59
-134
-125
-118
-136
-152
-140
-94
-157
-187
-129
-123
-143
-76
-85
-165
-214
-140
-106
-142
-132
-140
-134
-149
-145
-142
-154
-120
-113
-97
-97
-98
-87
-120
-110
-83
-29
-19
-36
-3
-14
12
-12
-52
-71
-52
-84
-84
-71
-78
-71
-108
-105
-60
-90
-115
-75
-41
-65
-70
-103
-64
-97
-122
-132
-157
-182
-174
-186
-249
-214
-212
-197
-194
-159
-166
-172
-186
-176
-179
-207
-225
-195
-180
-182
-227
-226
-166
-166
-124
-152
-127
-156
-154
-130
-164
-153
-138
-139
-184
-176
-168
-189
-175
-143
-144
-168
-184
-173
-141
-103
-156
-119
-106
-149
-187
-204
-172
-108
-109
-99
-132
-108
-68
-23
8
-58
-36
-18
-17
-24
-34
-36
-2
4
-2
61
36
52
81
5
-4
-14
-50
-85
-101
-119
-110
-92
-151
-145
-147
-114
-94
-90
-43
-13
-59
-88
-98
-83
-112
-102
-109
-117
-148
-178
-150
-199
-149
-143
-166
-194
-160
-150
-185
-194
-139
-110
-116
-100
-57
-81
-140
-110
-96
-95
-90
-81
-63
-61
-84
-102
-76
-32
-11
4
8
-35
-88
-107
-74
-96
-101
-82
-72
-87
-88
-99
-163
-164
-188
-195
-217
-236
-236
-210
-216
-214
-203
-146
-154
-178
-184
-172
-156
-160
-70
-96
-80
-90
-109
-91
-131
-131
-138
-131
-128
-102
-108
-121
-76
-117
-148
-157
-159
-97
-117
-99
-90
-161
-162
-152
-185
-218
-227
-189
-197
-222
-217
-195
-182
-189
-247
-263
-239
-234
-171
-202
-225
-207
-210
-236
-240
-205
-218
-220
-214
-234
-271
-273
-274
-241
-230
-223
-245
-221
-239
-232
-258
-278
-272
-299
-294
-270
-266
-287
-264
-250
-233
-203
-214
-267
-297
-272
-271
-235
-292
-279
-228
-284
-227
-235
-238
-199
-178
-171
-160
-133
-180
-196
-157
-154
-178
-107
-104
-115
-143
-173
-130
-150
-139
-108
-90
-102
-118
-86
-124
-181
-165
-164
-186
-170
-165
-168
-209
-250
-223
-215
-279
-322
-317
-341
-384
-369
-375
-389
-372
-330
-275
-240
-230
-265
-228
-219
-255
-215
-202
-240
-231
-189
-150
-227
-195
-108
-97
-134
-72
15
-76
-58
-10
-25
-144
-142
-43
-71
-129
-65
-86
-158
-126
-135
-151
-167
-167
-173
-208
-240
-200
-275
-287
-311
-331
-355
-362
-313
-349
-288
-268
-301
-285
-273
-266
-294
-257
-209
-192
-148
-150
-128
-129
-166
-185
-211
-213
-187
-138
-122
-86
-84
-137
-99
-126
-155
-184
-221
-214
-282
-264
-251
-313
-332
-222
-220
-258
-219
-251
-282
-265
-242
-297
-304
-249
-282
-292
-259
-213
-237
-236
-167
-187
-192
-169
-153
-158
-172
-87
-103
-136
-103
-104
-108
-146
-99
-104
-156
-128
-117
-109
-117
-99
-120
-133
-126
-147
-131
-132
-162
-183
-209
-137
-198
-229
-175
-226
-263
-258
-256
-264
-224
-159
-114
-139
-175
-180
-161
-181
-202
-158
-205
-193
-197
-165
-181
-213
-146
-171
-164
-153
-153
-147
-161
-171
-162
-149
-165
-140
-146
-102
-117
-158
-154
-181
-165
-195
-180
-198
-207
-168
-130
-141
-217
-218
-200
-175
-202
-197
-241
-255
-253
-324
-287
-217
-257
-245
-200
-208
-253
-288
-215
-280
-357
-321
-312
-358
-374
-271
-284
-306
-242
-191
-229
-223
-171
-208
-258
-245
-185
-274
-303
-283
-240
-278
-284
-223
-262
-252
-242
-241
-251
-207
-175
-210
-238
-229
-198
-232
-233
-184
-199
-227
-182
-153
-187
-180
-203
-201
-206
-198
-159
-140
-170
-190
-192
-222
-175
-138
-132
-190
-192
-131
-179
-194
-155
-131
-85
-127
-110
-188
-178
-196
-267
-257
-266
-251
-289
-289
-247
-244
-269
-245
-256
-276
-282
-297
-299
-308
-261
-232
-274
-262
-232
-142
-122
-107
0
-24
-47
-20
-34
-45
-85
-62
-92
-102
-98
-128
-104
-146
-163
-163
-172
-171
-187
-183
-164
-166
-135
-110
-135
-162
-157
-162
-186
-168
-209
-199
-230
-194
-149
-189
-169
-196
-173
-150
-135
-115
-107
-101
-90
-75
-79
-36
-39
-24
-49
-84
-89
-71
-36
-69
-93
-91
-74
-114
-99
-126
-171
-160
-161
-189
-175
-181
-200
-205
-208
-176
-218
-217
-251
-307
-242
-209
-240
-208
-217
-172
-152
-121
-86
-118
-96
-67
-35
-46
-48
11
-19
-14
0
-40
-71
-68
-41
-59
-109
-43
-33
-90
-97
-77
-72
-133
-110
-85
-104
-142
-122
-131
-166
-153
-151
-192
-226
-229
-188
-193
-217
-148
-194
-164
-154
-142
-178
-222
-180
-163
-158
-197
-177
-183
-120
-123
-137
-120
-134
-130
-99
-92
-73
6
-14
-14
-16
11
3
-38
58
18
-35
-50
-71
-54
-119
-106
-89
-148
-135
-51
-95
-129
-67
-76
-95
-89
-72
-139
-124
-159
-182
-155
-164
-184
-157
-167
-184
-150
-129
-134
-190
-180
-165
-168
-216
-170
-135
-155
-108
-77
-127
-83
-43
-91
-62
-68
-46
-81
-63
-87
-111
-127
-140
-110
-120
-114
-135
-125
-123
-143
-168
-181
-136
-171
-140
-128
-151
-146
-162
-147
-168
-169
-123
-104
-129
-121
-111
-83
-113
-130
-124
-167
-139
-123
-172
-103
-77
-79
-103
-104
-79
-109
-81
-91
-139
-172
-169
-181
-225
-175
-151
-179
-150
-120
-96
-81
-74
-41
-104
-113
-103
-102
-92
-115
-131
-83
-46
-44
-59
-49
-63
-65
-54
-77
-26
-20
-30
-48
-64
-91
-98
-168
-176
-164
-139
-113
-149
-159
-150
-181
-136
-148
-205
-141
-179
-190
-223
-254
-258
-204
-170
-177
-121
-127
-108
-113
-77
-124
-167
-123
-115
-186
-179
-147
-139
-181
-189
-111
-116
-82
-97
-129
-56
-101
-152
-85
-52
-56
-87
-114
-120
-186
-190
-171
-160
-202
-217
-121
-160
-203
-149
-92
-122
-164
-106
-154
-184
-193
-202
-243
-264
-196
-243
-275
-274
-169
-149
-157
-88
-50
-74
-112
-53
-36
-73
-15
-32
-58
-79
-70
-35
-52
-50
-1
10
21
62
59
53
41
23
13
-10
-23
-100
-68
-117
-174
-175
-183
-230
-287
-232
-202
-214
-221
-228
-271
-275
-239
-289
-284
-260
-316
-288
-281
-280
-267
-332
-300
-274
-315
-261
-246
-226
-241
-209
-155
-117
-112
-105
-37
-58
-111
-84
-86
-111
-102
-66
-9
-9
1
-25
-48
-114
-161
-130
-134
-133
-156
-117
-160
-189
-175
-198
-224
-262
-269
-247
-197
-238
-250
-261
-246
-268
-285
-279
-242
-210
-215
-132
-151
-160
-127
-119
-44
-39
-21
9
-9
-42
-60
-80
-84
-82
-101
-89
-82
-64
-69
-57
-21
-95
-130
-132
-159
-157
-135
-179
-207
-233
-232
-192
-279
-282
-255
-289
-338
-340
-298
-284
-267
-217
-176
-167
-157
-163
-193
-172
-198
-233
-186
-176
-179
-204
-189
-179
-183
-142
-108
-99
-122
-115
-118
-138
-128
-99
-169
-153
-138
-202
-230
-203
-179
-192
-211
-215
-167
-133
-119
-167
-168
-128
-146
-147
-140
-135
-180
-183
-145
-130
-130
-75
-80
-129
-173
-151
-135
-131
-189
-178
-116
-124
-82
-123
-135
-196
-199
-215
-242
-228
-248
-273
-304
-303
-311
-309
-337
-329
-275
-332
-283
-249
-275
-278
-321
-266
-268
-220
-186
-183
-148
-157
-149
-167
-191
-208
-212
-207
-219
-179
-156
-143
-137
-128
-122
-111
-77
-55
-44
-40
-71
-149
-165
-157
-166
-234
-224
-184
-190
-185
-206
-176
-202
-217
-245
-207
-231
-262
-238
-219
-258
-288
-279
-271
-257
-242
-208
-240
-249
-210
-173
-200
-189
-139
-104
-121
-69
-55
-41
-57
-101
-121
-149
-151
-131
-151
-167
-98
-86
-81
-56
-18
-45
-97
-122
-97
-149
-167
-185
-249
-252
-232
-267
-241
-260
-293
-262
-297
-254
-251
-258
-272
-247
-200
-175
-170
-169
-159
-163
-129
-223
-192
-187
-184
-136
-98
-28
-76
-57
-1
16
51
68
91
54
31
65
73
64
1
9
11
-26
9
16
-74
-38
-63
-56
-83
-77
-76
-130
-60
-100
-98
-122
-109
-118
-148
-146
-139
-93
-136
-134
-109
-110
-156
-183
-129
-63
-68
-40
-52
-14
-13
49
73
25
44
-22
-40
-34
-77
-67
-95
-108
-98
-164
-113
-80
-103
-82
-105
-107
-81
-48
-70
-87
-125
-159
-208
-248
-208
-194
-179
-230
-200
-154
-145
-124
-102
-102
-80
-59
-73
-106
-50
-42
-78
-37
-48
-115
-146
-130
-115
-134
-91
-46
-71
-49
-74
-63
-82
-79
-68
-73
-98
-99
-41
-53
-70
-45
-68
-39
-91
-87
-83
-153
-127
-131
-174
-179
-144
-146
-166
-182
-155
-186
-145
-98
-73
-139
-86
-16
-82
-87
-113
-75
-76
-90
-78
-113
-97
-81
-125
-82
-31
-31
-81
-50
-19
-43
-96
-87
-62
-122
-83
-60
-53
-109
-115
-104
-161
-197
-148
-113
-137
-106
-133
-141
-170
-176
-176
-245
-260
-176
-156
-189
-171
-170
-193
-151
-103
-79
-115
-101
-60
-93
-124
-39
-61
-126
-99
-68
-65
-102
-43
-48
-16
-4
-30
-53
-114
-74
-117
-215
-188
-129
-197
-225
-145
-109
-158
-137
-39
-46
-39
-51
-54
-57
-51
-46
-37
-15
26
15
0
5
-41
-10
-50
-32
-4
24
16
3
-20
-35
44
6
-27
-29
-10
-49
-61
-72
-97
-74
-135
-155
-184
-161
-89
-126
-83
-44
-129
-137
-106
-95
-94
-66
-107
-93
-111
-72
-20
-50
-23
8
34
29
20
40
9
-16
11
-25
-33
-16
-20
-47
-44
-65
-31
-37
-79
-126
-120
-77
-39
-37
-73
-101
-96
-78
-112
-130
-124
-132
-127
-113
-112
-75
-110
-44
-12
-15
-11
-46
-12
-28
-41
-48
-62
-11
-87
-140
-114
-150
-168
-193
-203
-181
-135
-167
-147
-101
-106
-106
-109
-29
13
-6
-33
-57
-50
-64
-99
-64
-24
4
-25
20
85
11
28
25
-9
1
9
-23
-16
47
74
-3
-15
55
28
16
30
41
14
-22
-17
-37
-86
-106
-82
-159
-154
-222
-213
-250
-221
-203
-191
-140
-177
-149
-176
-133
-149
-154
-143
-143
-138
-111
-104
-122
-78
-94
-117
-76
-77
-93
-68
-34
-36
-57
-60
14
-10
-59
-28
-24
-53
-38
-16
-5
15
35
6
-21
-17
-73
-11
31
-13
-52
-35
-39
-84
-49
-26
-44
-98
-79
-26
-26
-47
-14
-13
-64
-37
-83
-86
-150
-161
-151
-180
-141
-136
-112
-159
-143
-116
-86
-130
-91
-102
-171
-168
-197
-200
-203
-162
-170
-124
-119
-88
-121
-132
-110
-132
-89
-25
13
49
3
-23
-15
-21
11
-4
-14
27
-26
-73
-27
-51
-75
-39
-43
-56
-86
-47
-38
-106
-108
-77
-86
-154
-117
-91
-107
-115
-118
-133
-164
-170
-145
-143
-127
-93
-70
-61
-25
-26
-32
-3
28
15
-12
-14
-10
-46
-77
-60
-45
-82
-12
18
-7
4
24
32
-10
44
55
5
47
27
-11
31
27
-52
-35
-42
-46
-42
-70
-46
-52
-121
-104
-80
-92
-104
-51
-11
-40
-15
-33
-34
-80
-147
-96
-87
-112
-115
-32
-73
-75
-42
-33
-28
-100
-47
-47
-68
-57
-52
-43
-15
-44
-28
-5
-32
-66
-90
-116
-120
-155
-169
-148
-178
-163
-160
-153
-156
-135
-138
-148
-115
-134
-96
-121
-127
-113
-150
-124
-134
-121
-114
-76
-35
-44
-43
-43
-33
-53
-31
-13
-3
-10
-17
-11
-32
-20
-2
-43
-5
-10
-15
-30
-61
-63
-44
-62
-64
-43
-76
-66
-104
-101
-134
-213
-158
-166
-214
-217
-138
-136
-132
-88
-93
-45
-67
-49
-26
-19
-29
12
8
-9
-9
-54
-56
-75
-39
-65
-12
-14
-15
-25
16
15
-14
48
46
-29
-36
-46
-64
-120
-106
-76
-143
-138
-124
-78
-125
-122
-59
-61
-94
-27
13
29
-24
-55
-34
-17
-9
-22
5
-27
-14
-1
12
10
19
18
72
46
9
34
-16
12
68
52
47
2
9
2
-72
-70
-106
-98
-87
-84
-76
-31
-1
-6
-10
-37
-55
-31
-72
-97
-32
-38
-28
-63
-33
-33
-124
-72
-29
-53
-64
-1
13
9
-20
30
1
-44
10
-9
-58
-67
-62
-47
-26
34
12
15
16
0
15
26
59
18
-5
0
-28
-1
61
39
54
47
35
-18
-71
-74
-47
-72
-82
-59
-61
-31
-25
-26
-40
-34
-18
-80
-43
-51
-43
-8
-12
12
25
56
30
51
65
86
31
-9
-21
36
2
10
13
-15
48
38
-27
-23
-8
-33
-37
-26
-25
-67
-76
-61
-99
-105
-102
-111
-91
-59
-20
-33
-74
-32
-52
-46
-62
-63
-86
-111
-120
-125
-96
-65
-95
-114
-117
-107
-107
-130
-120
-124
-134
-150
-122
-107
-148
-114
-155
-145
-123
-96
-123
-104
-74
-94
-60
-46
-35
-48
-44
-25
13
-12
38
-6
-58
-1
48
33
-14
25
29
27
50
56
11
-75
-64
-44
-114
-137
-41
-54
-66
-95
-34
-83
-130
-62
-47
-51
-112
-45
-64
-105
-30
-58
-108
-110
-115
-123
-130
-97
-79
-120
-61
3
-36
-31
25
-12
-37
35
64
-1
-56
-18
-20
-71
-62
-45
-52
-100
-65
-61
-116
-129
-108
-83
-132
-75
-85
-78
-84
-68
-95
-164
-138
-164
-179
-134
-89
-83
-53
9
53
31
59
9
0
-13
-81
-62
-72
-104
-76
-70
-81
-39
-13
-51
-67
12
1
17
17
9
-27
-42
-59
-49
-39
-88
-24
0
-16
0
-57
-43
-55
-80
-79
-118
-78
-65
-123
-112
-148
-140
-94
-120
-28
-31
-51
-38
-32
-90
-83
-83
-98
-50
-116
-122
-118
-163
-137
-144
-114
-120
-142
-161
-164
-118
-120
-100
-48
0
-5
27
48
30
32
-17
2
-27
-29
24
-18
-38
18
-25
7
30
20
43
48
36
-27
18
22
-28
-13
-29
-30
-43
-95
-112
-79
-134
-164
-136
-111
-83
-133
-150
-123
-130
-149
-85
-103
-61
-136
-139
-91
-77
-84
-77
-18
-53
-52
-17
6
6
-14
-11
-19
-27
-58
-68
-52
-108
-112
-143
-160
-111
-118
-77
-83
-55
-37
-71
-33
1
-21
-40
-38
-70
-60
-74
-51
-57
-38
-10
4
10
33
37
-13
3
61
89
41
12
48
16
-19
27
23
5
12
-14
-62
-117
-59
-43
-100
-20
-36
-27
-37
-40
2
-25
-37
-58
-77
-112
-182
-173
-169
-158
-114
-88
-35
-24
-55
-49
-58
-40
-64
-53
-1
-22
-58
-37
-14
-15
-8
-9
-28
-69
-76
-86
-107
-140
-180
-192
-172
-152
-143
-122
-102
-148
-113
-88
-96
-108
-105
-68
-54
-62
-34
-44
-9
4
29
35
41
55
94
40
31
70
5
-9
1
11
56
41
25
67
3
18
39
10
7
-21
-43
-64
-77
-23
-47
-51
-49
-68
-20
-42
-76
-78
-47
-54
-28
-24
-46
14
-21
7
22
6
23
60
52
-3
12
35
21
-1
42
15
-9
-15
-11
-62
-90
-60
-105
-143
-98
-82
-90
-43
68
47
14
72
87
69
93
138
78
20
-25
19
14
-87
-58
-52
-123
-148
-133
-108
-128
-132
-122
-74
-106
-75
-49
-37
-16
-43
-51
-88
-63
-31
-7
-13
-8
42
51
22
4
-1
-48
-40
15
-16
6
31
64
46
5
13
10
7
10
-37
-27
-29
-42
-40
-65
-29
-43
-28
-87
-64
-57
-87
-83
-121
-117
-120
-132
-111
-76
-93
-117
-85
-35
-54
-29
31
-10
-31
-3
16
70
101
93
54
46
29
-3
-58
-23
-15
-27
13
5
4
-14
-8
10
55
31
22
22
45
64
62
17
3
11
-31
-13
-32
-17
-46
-56
-18
-96
-63
-9
-75
-90
-73
-98
-120
-87
-109
-91
-114
-127
-48
-60
-32
11
25
53
61
46
60
84
41
24
63
51
43
44
51
40
21
81
75
65
70
31
16
-20
30
37
-20
-43
-3
-11
-48
2
45
-9
-13
-25
-46
-61
-67
-9
-31
-58
-24
-27
-14
-35
-23
-17
-64
-6
-1
4
-17
-6
-9
-39
-45
-75
-92
-86
-25
-27
-9
-15
35
42
18
62
44
48
44
64
-4
-2
24
-36
-52
-86
-67
-68
-87
-93
-28
-24
-56
1
0
53
71
53
93
95
69
67
125
143
75
98
84
43
114
112
171
154
159
228
164
160
152
146
78
134
161
52
64
117
112
108
109
82
43
8
78
44
5
16
32
-2
-30
-19
-50
-100
-111
-131
-190
-154
-80
-101
-122
-115
-91
-126
-99
-54
0
21
-20
37
9
-32
-30
-9
-33
-67
15
51
59
131
170
148
130
134
119
111
91
143
138
96
75
42
30
20
14
4
-21
-14
-48
-21
-14
-22
-4
-43
-17
-15
-12
-45
-75
-93
-115
-104
-106
-128
-115
-108
-131
-64
-58
-50
39
26
1
30
62
22
68
69
81
96
68
122
118
95
96
90
76
73
35
36
35
67
60
111
114
97
122
106
135
119
132
130
71
82
75
75
45
72
47
12
1
-17
-32
-21
24
-24
-34
-35
-33
-26
-23
-4
3
35
-8
40
48
5
-44
-61
16
6
-9
-10
14
58
99
98
143
126
97
88
23
37
-22
11
39
23
96
82
78
35
30
33
3
-34
7
54
50
85
73
105
36
20
34
4
9
7
15
3
-44
1
47
12
2
50
113
46
61
104
62
0
-28
49
5
-45
-34
-39
-4
-1
-6
1
-46
-41
-14
-61
-26
-53
-80
-77
-56
-66
-66
21
64
7
16
102
97
14
71
184
81
-12
15
28
-55
-32
113
90
-32
58
111
25
25
43
77
23
53
84
35
52
53
27
-10
-20
9
-7
-43
-17
-51
-30
-41
-48
-27
-37
-1
9
21
23
53
35
25
67
3
-9
9
25
6
3
50
76
10
-27
16
3
15
9
6
-9
-32
-14
-44
-20
-14
-13
7
-55
-63
-40
11
28
33
-3
-17
4
48
43
14
16
72
98
49
47
77
90
87
80
46
78
87
126
101
66
61
19
18
12
-43
-59
-57
8
29
-15
-12
-6
-23
-21
-30
7
17
-43
-18
-27
-59
-44
-83
-84
-89
-79
-106
-59
20
-32
-52
-23
-11
9
-14
-49
17
37
17
19
46
32
50
87
122
85
61
107
98
124
133
127
127
156
125
102
112
76
11
-29
-7
-55
-50
-26
-80
-65
-86
-69
-101
-147
-108
-196
-172
-168
-185
-137
-114
-145
-155
-174
-167
-118
-141
-132
-128
-93
-147
-145
-100
-32
-56
-29
53
47
23
-7
64
5
48
113
20
-3
29
25
-30
-26
36
0
-41
52
62
-19
-43
-39
-72
-49
-54
-88
-88
-72
-72
-74
-92
-84
-70
-112
-111
-116
-147
-134
-80
-75
-84
-104
-111
-146
-125
-107
-105
-79
-110
-87
-87
0
-11
-7
27
55
66
49
91
-2
-36
8
7
-61
-41
-18
-4
-1
46
60
46
108
47
20
40
35
24
67
51
2
-49
-82
-20
-79
-77
-6
-23
19
15
-12
-77
-39
20
-34
-48
-59
-30
-97
-84
-40
-27
-31
63
87
1
26
54
-10
-21
-29
-12
-24
-55
-58
-93
-67
-62
1
-47
6
15
48
32
18
69
-1
6
24
67
48
47
2
35
44
26
21
22
30
48
79
35
47
-10
48
66
10
24
43
-4
-66
-29
-15
-64
-67
-31
-5
-42
-47
37
30
-3
36
-63
-99
-61
-95
-113
-78
-60
-73
-99
-80
-21
-44
-29
0
-32
-55
-24
27
-53
-17
-16
-17
-3
-14
-28
-107
-78
-54
-29
-46
-6
51
38
13
41
60
47
43
10
30
16
37
50
15
35
-29
-52
-78
-108
-81
-69
-76
-106
-63
-104
-130
-108
-98
-41
-43
-32
18
-37
-48
-60
-92
-85
-103
-98
-103
-77
-47
-69
-93
-57
-36
-53
-36
8
8
-56
-24
66
54
-20
8
44
9
-5
-29
6
-29
25
32
-35
23
57
50
26
25
77
41
13
34
1
33
14
48
-19
-42
-49
-30
9
0
29
22
27
90
85
39
9
-10
44
87
73
10
52
36
39
28
30
-26
-86
-68
-51
-60
-32
24
-7
-21
-26
-17
-8
-45
-33
-66
-100
-76
-106
-97
-84
-55
-60
-57
-58
-26
-60
-60
11
22
3
39
86
89
78
87
96
105
84
82
109
103
99
16
75
57
56
81
97
91
64
98
37
16
45
53
52
48
60
79
45
-6
-3
-28
-42
-76
-53
-92
-74
-53
-69
-22
-72
-51
-87
-65
-15
-52
-30
54
40
30
39
38
23
21
7
9
-3
29
61
71
80
108
113
77
44
81
110
64
80
65
23
-9
2
-41
-60
-71
-40
-33
-16
-47
-19
-31
-48
-80
-118
-71
-28
-46
-59
-80
-46
-9
-30
45
6
26
53
-13
52
78
95
49
60
83
16
48
73
35
45
90
78
34
40
-3
-47
-61
-31
-45
-10
1
0
5
-6
-52
-64
-53
-34
4
-50
-57
-44
58
21
68
123
74
71
73
75
74
39
54
42
27
62
28
8
28
24
60
94
87
91
43
64
32
6
-21
-30
-30
-88
-122
-81
-85
-142
-157
-180
-195
-199
-193
-240
-206
-205
-297
-255
-209
-238
-200
-235
-220
-177
-160
-148
-162
-122
-85
-68
-63
-45
-29
-11
-27
-9
55
34
40
48
101
57
23
4
-43
-68
-106
-124
-129
-182
-133
-173
-195
-156
-118
-66
-131
-108
-80
-115
-207
-186
-199
-252
-241
-189
-192
-195
-195
-161
-116
-96
-80
-38
-45
-39
-89
-91
-65
-51
-33
-55
-33
19
14
42
41
53
86
56
97
90
52
6
20
21
-15
8
-2
-44
-75
-66
-87
-78
-118
-85
-87
-148
-141
-166
-163
-134
-59
-105
-98
-90
-47
-50
-45
-15
-76
-41
4
-14
-23
13
22
-7
4
-5
11
14
-34
-12
-25
-60
-43
-70
-76
30
-10
20
71
12
-16
-45
-55
-61
-114
-110
-101
-96
-108
-101
-119
-126
-156
-203
-228
-257
-245
-265
-244
-220
-195
-168
-178
-170
-195
-172
-155
-150
-175
-162
-171
-236
-206
-217
-206
-191
-155
-123
-108
-136
-138
-63
-52
10
65
51
107
91
78
109
115
71
43
40
53
12
16
52
50
75
55
35
-20
4
2
-60
-27
-91
-74
-68
-50
-10
-19
-9
20
44
-14
5
11
-4
-16
27
23
0
46
49
21
-25
-37
-67
-37
-6
16
8
8
-10
2
-45
-22
-26
-134
-106
-41
-42
-68
-48
-54
-82
-69
-42
-38
-43
-73
-82
-137
-130
-76
-85
-75
-40
-37
-49
-60
-46
-50
-52
-52
-54
-88
-90
-87
-110
-76
-63
-63
-96
-64
-105
-169
-119
-163
-171
-122
-163
-179
-134
-146
-147
-138
-106
-117
-98
-88
-120
-107
-94
-26
-60
-34
-12
22
73
56
64
31
68
34
35
16
-25
-14
-5
0
23
-4
0
4
-10
-1
-55
-55
-67
-63
-32
-7
-30
-41
-5
5
-2
2
13
-51
-66
-64
-67
-87
-98
-76
-117
-90
-91
-114
-106
-43
21
-5
-84
-17
50
-10
36
49
-34
-39
-24
-16
-46
-35
-9
-55
-68
-82
-65
-79
-72
-97
-108
-78
-91
-81
-88
-96
-71
-58
-30
-38
21
-3
-21
-2
-13
-5
-65
-38
-45
-59
-58
-109
-163
-134
-106
-80
-97
-154
-120
-77
-148
-119
-53
-78
-69
-44
18
13
35
10
11
55
44
37
-15
-30
4
11
22
-53
-50
-31
-19
-16
-50
-10
-61
-75
-55
-62
-54
-65
-77
-8
-31
-66
12
25
-4
10
15
-24
16
19
54
36
54
68
51
-17
-1
-5
-12
-11
-71
-38
-35
2
-56
-108
-52
-108
-25
18
-34
28
-16
-36
-11
19
44
43
6
-23
3
-39
-42
-41
-45
4
-40
-69
-61
13
-10
-57
-22
-29
10
-2
7
7
-8
-67
-56
-42
-62
-52
-60
-50
-79
-56
-35
-49
-49
-32
-11
-61
-63
-12
24
41
53
100
97
96
112
112
166
151
127
133
115
134
106
68
44
99
122
56
69
107
140
90
93
117
50
-17
-36
-61
-65
-61
-65
-47
-79
-54
-20
-26
26
9
29
-8
-65
-16
-31
-22
17
-3
-4
-14
-43
-95
-106
-120
-137
-140
-183
-166
-136
-92
-63
-69
-52
-61
-69
-48
-86
-29
-9
-62
-43
-100
-92
-71
-46
-24
-24
-19
-17
-3
-24
-33
-57
-66
-32
-36
-10
-16
0
18
-23
-37
-28
-24
-73
-41
-34
-38
-66
-46
-62
-48
-25
-46
-41
23
32
7
26
-10
32
71
44
74
17
-4
23
-41
3
39
75
61
75
102
98
112
89
53
19
39
-23
-95
-56
-90
-90
-108
-109
-27
1
-35
-60
-26
-11
-64
-93
-47
-41
-56
-53
-62
-56
-56
-69
-54
-28
-68
-50
-66
-16
-16
-53
-7
-11
-37
-76
-37
-53
-93
-119
-121
-138
-95
-75
-64
-45
-30
-8
0
-102
-126
-114
-116
-129
-138
-150
-141
-121
-117
-72
-13
60
45
105
96
92
88
53
25
16
13
21
28
31
37
12
9
9
68
22
36
63
78
62
29
67
36
37
44
25
28
64
58
10
-12
-40
-45
-40
-89
-27
7
21
92
16
24
31
25
0
-28
-37
-56
-89
-87
-62
-94
-26
-48
-10
-30
-31
5
-29
-46
-57
-42
-11
-49
-48
-12
-24
-58
-106
-94
-88
-87
-44
-47
-40
-66
-28
-38
-26
-34
-1
48
-9
-7
-27
-62
1
26
2
28
25
24
5
12
-25
-7
-16
-8
-33
-6
-13
-35
-62
-101
-96
-122
-98
-145
-132
-128
-118
-144
-125
-114
-140
-135
-166
-148
-177
-186
-197
-193
-197
-208
-191
-191
-154
-115
-120
-137
-98
-114
-163
-111
-111
-134
-117
-92
-65
-78
-73
-57
-54
-30
-20
-15
-17
-29
-18
-31
-31
35
-22
3
-1
-27
-53
-39
-18
-92
-85
-96
-95
-93
-86
-79
-74
-112
-94
-76
-107
-103
-108
-99
-28
-20
-5
-20
-42
-81
-79
-15
-23
-34
6
36
-4
36
48
43
29
18
69
42
57
42
46
10
-11
15
0
-27
-53
-77
-68
-93
-85
-45
-83
-49
-92
-67
-107
-121
-82
-113
-130
-143
-130
-114
-135
-93
-58
-92
-61
-81
-27
-103
-136
-111
-194
-206
-170
-123
-191
-175
-175
-118
-50
-59
-51
-34
-47
-102
-76
-40
-5
15
-10
-62
-30
-12
12
-6
17
18
-29
-43
-49
-33
-35
-28
-59
-72
-119
-83
-77
-81
-46
13
10
-27
44
14
-54
-42
-23
-23
-71
-76
-28
-46
-55
-84
-105
-69
-101
-134
-108
-109
-63
-51
-37
-2
-26
-48
-99
-151
-110
-76
-63
-76
-63
-73
-77
-72
-58
-30
-70
-67
-61
-122
-156
-181
-165
-154
-148
-149
-139
-96
-104
-73
-68
-69
-65
-59
-103
-45
-59
-106
-123
-171
-163
-168
-139
-91
-74
-102
-40
-6
-26
-13
53
36
27
47
49
23
37
86
51
21
47
34
-6
13
-10
-15
-24
-58
-59
-83
-68
-24
-42
-10
-14
35
-17
-52
-13
-85
-117
-151
-142
-150
-168
-191
-154
-170
-149
-54
-61
-77
-86
-86
-39
-41
-25
-6
-35
-23
-31
-43
-67
-53
-97
-114
-113
-108
-120
-184
-127
-108
-133
-99
-134
-143
-144
-186
-151
-147
-131
-142
-160
-127
-160
-146
-126
-142
-133
-114
-119
-88
-93
-96
-67
-69
-35
-8
-47
-85
-38
-59
-81
-70
-66
-46
-52
-80
-105
-101
-106
-88
-122
-111
-136
-107
-80
-93
-133
-62
-121
-86
-86
-129
-63
-87
-86
-68
-98
-83
-62
-102
-99
-57
-82
-62
-58
-57
-61
-111
-62
-61
-43
-35
-9
-45
-90
-43
-58
-20
-44
19
20
-76
-57
-90
-68
-48
-23
-19
-23
-71
-74
-77
-36
-57
-105
-39
-73
-43
-76
-33
-34
-109
-88
-54
-45
-57
-14
-22
-26
-30
41
-20
-91
-36
-32
-64
-86
-48
-71
-111
-101
-50
-118
-181
-92
-101
-172
-192
-192
-171
-199
-172
-156
-181
-125
-102
-66
-103
-109
-54
-50
-71
-35
-7
-56
5
51
15
24
107
59
41
99
47
60
98
106
64
113
126
140
73
22
57
-18
-29
-25
-56
-132
-151
-173
-145
-143
-111
-122
-163
-159
-110
-155
-181
-128
-195
-209
-169
-152
-151
-149
-107
-112
-66
-68
-87
-64
-61
-41
-97
-70
-35
-52
-15
24
45
52
62
60
56
9
-37
-24
-42
-36
-43
8
-53
-1
42
-11
34
9
7
-56
-53
-32
-84
-84
-57
-87
-91
-92
-76
-73
-84
-70
-70
-45
-80
-144
-180
-173
-172
-107
-103
-145
-99
-86
-81
-93
-78
-132
-147
-129
-137
-183
-123
-111
-86
-13
-9
3
-30
53
53
43
72
104
58
94
74
75
42
18
32
27
-4
0
-8
-39
-16
-6
1
-46
-31
-37
-52
-78
-80
-77
-90
-79
-96
-130
-140
-144
-163
-118
-104
-135
-128
-149
-156
-122
-126
-87
-103
-85
-52
-85
-51
-23
-10
-72
-53
-31
-38
-64
-65
-85
-161
-145
-154
-165
-103
-76
-39
-74
-82
-57
-113
-164
-134
-151
-201
-128
-94
-138
-108
-107
-142
-156
-134
-112
-139
-130
-112
-111
-94
-84
-77
-64
-105
-138
-126
-96
-122
-106
-74
-136
-154
-123
-94
-93
-138
-143
-115
-106
-79
-44
-65
-57
-55
-94
-38
14
2
-35
-18
32
-1
11
-23
-51
-54
-50
-50
-19
-14
-47
-91
-119
-88
-44
-93
-92
-66
-123
-111
-111
-74
-97
-124
-85
-103
-124
-126
-53
-80
-126
-77
-88
-78
-122
-120
-86
-90
-71
-39
-12
-23
-51
-35
-24
-24
-24
-39
-27
-23
-40
-50
-69
-63
-57
-115
-118
-122
-133
-95
-99
-133
-119
-114
-133
-99
-154
-105
-114
-106
-63
-88
-71
-52
-32
-83
-45
-35
-36
-14
-50
-49
-48
-53
-44
-7
-24
0
57
54
66
16
13
27
6
30
-1
-17
-49
-47
-31
-28
-69
-27
6
-33
35
33
-60
-39
-20
-33
-46
-37
-25
-47
-67
-82
-63
-70
-22
-5
-23
-8
21
-5
9
53
0
-35
-86
-88
-64
-61
-3
8
-49
-105
-92
-60
-108
-142
-94
-173
-214
-180
-178
-186
-182
-144
-187
-175
-144
-149
-144
-142
-130
-154
-160
-122
-154
-207
-161
-104
-86
-84
-96
-29
-57
-108
-62
-84
-136
-168
-184
-196
-208
-223
-283
-287
-264
-260
-265
-271
-199
-168
-184
-174
-173
-193
-228
-255
-259
-285
-285
-247
-253
-235
-252
-214
-212
-224
-180
-174
-154
-155
-125
-109
-118
-103
-98
-111
-74
-64
-108
-141
-90
-45
-56
-5
-8
-18
-10
48
4
6
5
-45
-79
-73
-86
-103
-105
-109
-97
-123
-110
-133
-130
-87
-93
-136
-109
-109
-112
-123
-70
-40
-91
-82
-50
-35
-55
-2
25
-13
-37
-44
-42
-77
-51
-46
-32
0
3
36
36
52
60
11
13
46
-12
-42
-29
-35
-103
-140
-168
-184
-207
-218
-227
-218
-223
-255
-208
-230
-255
-213
-228
-263
-260
-224
-243
-197
-197
-162
-133
-136
-135
-177
-154
-108
-84
-109
-123
-81
-24
-56
-62
-40
-15
-10
-14
49
38
56
30
27
-4
-22
-35
-50
-43
-24
-19
-15
-9
-15
29
51
21
5
-24
-18
-64
-91
-59
-58
-71
-57
-67
-63
-42
-51
-38
-51
-53
-44
-15
-9
-28
-30
-38
-41
-69
-32
-9
-35
-63
-57
-55
-60
-66
-68
-45
-45
3
15
26
46
64
30
-13
-41
-2
13
-5
18
-5
-18
-20
-12
-25
-37
-53
-38
-46
-87
-112
-142
-157
-102
-71
-145
-148
-128
-123
-137
-152
-112
-91
-37
-50
-95
-63
-62
-46
-38
-59
-49
-64
-104
-119
-116
-111
-119
-153
-68
-58
-81
-63
-70
-45
-60
-37
4
-37
-30
-5
-4
-13
-48
-25
-64
-86
-84
-45
-91
-140
-154
-148
-176
-174
-134
-166
-116
-72
-100
-79
-133
-121
-147
-130
-137
-139
-155
-207
-147
-156
-128
-95
-87
-131
-167
-169
-155
-143
-116
-121
-120
-172
-179
-176
-192
-148
-126
-61
-40
-32
13
-32
-38
-9
-42
-49
-64
-36
-15
-13
52
-26
-58
6
-2
-8
-33
-50
-109
-160
-136
-143
-161
-146
-139
-120
-185
-141
-79
-122
-142
-160
-145
-127
-137
-103
-121
-145
-109
-103
-72
-9
-33
-94
-65
-60
-53
-31
-7
52
-10
1
18
-13
-3
24
-6
18
42
44
76
30
13
23
22
-38
-9
14
-27
-50
-66
-67
-102
-102
-84
-107
-148
-143
-170
-193
-202
-184
-197
-199
-207
-183
-165
-127
-102
-148
-184
-128
-100
-133
-128
-73
-25
-39
-11
-20
-39
-53
-34
-49
-119
-128
-110
-164
-142
-142
-114
-128
-124
-56
-92
-60
-87
-115
-139
-140
-128
-139
-152
-122
-87
-88
-83
-74
-47
-60
-90
-98
-117
-145
-102
-96
-129
-48
-51
-33
-37
-19
-21
-104
-75
-42
-29
-33
-45
-61
-63
-56
-68
-38
-37
-60
-51
-61
-61
-112
-133
-158
-175
-160
-178
-168
-194
-162
-104
-105
-138
-127
-153
-142
-100
-103
-115
-97
-57
-37
-82
-71
-48
-64
-81
-100
-139
-151
-147
-126
-153
-164
-174
-176
-174
-152
-145
-113
-95
-100
-68
-73
-43
-70
-7
44
32
46
-6
-25
0
-29
-52
-49
-72
-112
-134
-84
-67
-82
-63
-5
52
24
54
30
19
11
-11
-42
-94
-85
-172
-120
-108
-98
-122
-83
-27
-61
-74
-33
-11
-43
-1
34
60
78
98
74
51
53
69
39
-35
32
65
6
24
76
59
74
97
92
60
52
114
73
65
94
112
68
56
79
82
48
69
65
-11
6
18
38
-3
46
81
41
31
-1
38
-5
2
52
39
71
97
108
96
91
83
52
26
17
73
-33
3
30
1
-10
-6
17
1
30
41
38
14
22
-15
-51
-12
-89
-65
-48
-73
-16
1
-14
9
60
43
8
14
67
61
17
69
44
57
59
146
126
9
70
92
36
15
69
43
-11
7
112
-13
-56
-20
-42
-79
-48
-10
-102
-111
-61
-57
-78
-70
-70
-79
-52
-4
-8
18
36
37
82
124
132
177
105
101
115
116
94
85
69
81
76
55
114
88
134
125
127
148
142
137
91
45
134
217
145
-102
-251
-17
302
314
19
-130
-75
12
5
41
203
211
47
-93
15
184
120
-38
-24
60
65
-62
-150
-50
36
47
134
210
123
43
-44
54
225
225
135
61
31
55
72
121
164
133
72
50
66
34
53
209
290
172
41
8
77
129
84
139
200
159
117
77
115
178
183
180
189
172
144
60
112
176
217
213
227
228
183
131
190
209
156
188
151
91
153
200
246
250
164
150
157
159
112
79
90
95
-20
-46
-18
4
-16
7
106
98
116
141
111
268
404
328
108
25
454
836
675
178
-6
415
868
849
576
477
430
336
442
716
871
525
149
187
373
353
77
-37
56
65
-18
-32
-16
-149
-355
-337
-124
-87
-394
-679
-674
-527
-427
-388
-419
-608
-722
-675
-501
-321
-311
-562
-629
-570
-450
-408
-350
-247
-249
-227
-110
33
39
113
234
420
516
611
695
804
874
1006
1153
1383
1458
1315
1274
1328
1510
1537
1431
1316
1293
1212
1178
1157
1103
995
822
698
569
482
379
237
144
0
-121
-282
-482
-596
-785
-891
-1024
-1156
-1424
-1689
-1957
-2091
-2254
-2353
-2551
-2851
-3220
-3563
-3944
-2932
-335
756
-1275
-4936
-4610
-303
3169
2551
274
-84
957
913
612
2372
4750
4373
1707
549
2400
3776
2431
953
1523
3160
2568
280
-852
-376
136
-13
-242
-41
-555
-2347
-3499
-2519
-496
385
-911
-2491
-2873
-2143
-957
-106
457
562
177
44
326
1089
2018
2590
2667
2857
3033
3074
2644
2188
2654
3265
3435
2876
2169
1525
992
898
1540
1827
1107
-61
-703
-707
-542
-571
-580
-887
-1611
-2244
-2365
-2168
-2057
-2185
-2308
-2759
-3481
-3902
-3801
-3537
-3732
-3893
-2192
406
415
-2721
-5666
-3500
1616
4322
2865
507
224
1054
1019
1596
3937
5612
4104
1129
476
2536
3548
2128
911
1525
2503
1378
-801
-1545
-821
-264
-489
-814
-901
-1712
-3254
-3815
-2385
-263
311
-1286
-2926
-3108
-1838
-302
705
1210
1138
436
-106
572
2543
4398
4388
3283
2411
2641
3227
3404
3512
3638
3224
2363
1693
1432
1134
621
588
1023
988
4
-1180
-1710
-1514
-1089
-791
-890
-1661
-2697
-3124
-2499
-1770
-1814
-2442
-2829
-3098
-3291
-3342
-2904
-2827
-3515
-4636
-3853
-389
1610
-439
-5190
-5839
-904
4012
3805
744
-419
567
796
460
2207
4895
4625
1442
-485
1360
3606
2554
437
294
2010
2225
164
-1588
-1420
-491
-315
-538
-471
-751
-2410
-3866
-3074
-642
1063
-41
-2217
-3074
-2068
-264
1077
1620
1522
901
459
1196
2705
4048
4217
3481
3105
3203
3476
3549
3463
3382
3043
2630
2270
1734
948
366
398
978
1065
203
-995
-1799
-1943
-1592
-1179
-1018
-1587
-2803
-3563
-3225
-2461
-2228
-2793
-3307
-3661
-3874
-3824
-3768
-3988
-4507
-5385
-4863
-1272
1348
-123
-5586
-7649
-2589
3643
4653
1149
-1062
-148
612
230
1736
4823
5393
2244
-691
817
3832
3444
1084
281
2319
3288
1176
-1117
-1236
-81
396
81
156
38
-1698
-3755
-3406
-786
1493
547
-2069
-3357
-2741
-971
430
1482
1784
833
-221
361
2286
3818
3616
2728
2694
3041
3208
3092
2898
2596
2146
1946
2163
1837
714
-334
-313
653
1183
397
-868
-1809
-2042
-1576
-848
-380
-988
-2254
-2957
-2576
-1782
-1608
-2212
-2850
-3218
-3240
-3184
-3408
-3742
-4347
-4799
-4981
-2828
-95
-10
-3334
-6927
-5530
-675
2759
2025
-368
-1393
-1097
-786
93
2272
3781
2788
647
23
1731
2633
1862
1107
1781
2994
2332
614
-413
-152
415
795
1140
898
-501
-2407
-2617
-1025
740
996
-537
-1870
-2470
-1687
-20
1317
1797
1273
751
707
1024
1688
2805
3548
3393
2696
2253
2268
2144
1988
2132
2436
2304
1447
445
-80
3
402
729
554
-212
-1284
-2012
-1949
-1263
-596
-679
-1749
-2672
-3126
-2817
-2278
-2053
-2365
-3110
-3876
-4441
-4654
-4574
-4559
-4906
-5529
-6422
-4104
-910
-366
-4400
-8665
-6207
415
4227
2526
-1115
-2399
-1642
-410
2097
4998
5253
2369
-216
562
3610
4254
2936
1910
2208
2849
2182
1138
489
-31
16
612
1203
588
-1479
-3527
-3275
-1409
387
282
-1564
-3095
-3707
-2624
-313
1403
1569
338
-395
237
1600
2988
3995
3962
3279
2748
2978
3660
3623
3238
2952
2761
2524
1982
1326
931
680
726
987
830
-46
-1420
-2119
-1650
-963
-850
-1409
-2419
-3246
-3555
-3183
-2475
-2363
-3002
-3844
-4481
-4640
-4510
-4724
-4824
-5289
-5580
-6438
-5790
-2070
566
-557
-5964
-8470
-3978
2373
4391
1709
-743
-562
-26
35
1870
4879
5497
3144
742
1911
4056
3467
1894
1705
3363
4054
2243
316
-333
-245
14
329
885
449
-2059
-4173
-3738
-1534
439
-20
-1813
-3175
-3333
-1961
-120
1192
1688
1454
946
958
1445
2698
4074
4537
4260
3420
2945
2999
3066
3201
3235
3027
2495
1763
1018
647
407
364
474
34
-715
-1625
-2119
-2165
-2142
-1921
-1893
-2286
-3093
-3786
-3790
-3188
-2927
-3126
-3610
-4035
-4462
-4888
-5111
-4853
-4920
-5238
-6075
-4272
-609
428
-3114
-7926
-6673
-502
4129
3034
-123
-1431
-668
-227
855
3812
5798
4132
1028
493
3189
4435
3108
1933
2623
3748
2883
1203
482
436
111
-17
729
1237
-339
-3283
-4247
-2474
66
790
-672
-2329
-3321
-3040
-1028
1420
2707
2081
726
486
1348
2622
3890
4782
4838
4073
2844
2620
3149
3459
3331
2967
2667
2057
1018
344
290
365
279
-49
-615
-1374
-2253
-2752
-2547
-1969
-1631
-2187
-3221
-3844
-3890
-3451
-3124
-2858
-3108
-3769
-4599
-4989
-4625
-4165
-4298
-5029
-6093
-4217
1198
3416
-1940
-10512
-10190
317
8626
6273
-1026
-3812
-1610
-142
457
4096
7585
5169
-545
-1741
3122
6112
3230
302
1764
4742
4018
666
-660
8
218
184
1358
2626
782
-3776
-5555
-2186
2141
2866
-41
-2618
-3266
-2751
-585
2518
4392
2967
-55
-620
1634
3925
4531
4501
4479
3858
2559
2390
3455
3777
2938
2154
2384
2522
1320
-167
-659
-96
613
657
-41
-1335
-2794
-3280
-2291
-822
-463
-1797
-3623
-4211
-3620
-2580
-2077
-2334
-2985
-3691
-4157
-4326
-4065
-3870
-4067
-4630
-5147
-5862
-4318
-864
661
-2193
-7167
-6941
-1340
3276
2552
-418
-1093
-58
12
286
2867
5047
3983
1517
1466
4090
4642
2616
1561
3008
4601
3700
1984
1348
976
97
-12
1404
2317
599
-2563
-3507
-1764
295
642
-655
-1752
-2395
-2246
-1015
906
2061
1861
878
732
1656
2660
3402
3882
4110
3829
3142
3024
3316
3200
2733
2342
2474
2468
1721
723
144
62
256
207
-155
-820
-1717
-2287
-2148
-1643
-1414
-1860
-2525
-2967
-3111
-2962
-2720
-2695
-2985
-3286
-3508
-3653
-3941
-4348
-4500
-4794
-5042
-5655
-3768
-252
756
-2754
-7644
-6741
-702
4022
3147
175
-766
-192
-93
631
3553
5810
4495
1896
1522
3844
4479
2943
2215
3362
4542
3540
1987
1177
612
-195
-1
1647
2462
464
-3022
-3974
-1909
448
989
-209
-1461
-2406
-2467
-979
1407
2893
2425
1202
1042
1926
2785
3575
4395
4777
4146
3099
3036
3608
3489
2930
2690
2962
2753
1734
770
185
-6
-20
170
166
-461
-1647
-2648
-2757
-2084
-1505
-1609
-2156
-2833
-3317
-3361
-2978
-2634
-2519
-2651
-2975
-3531
-4029
-4286
-4187
-4135
-4453
-5378
-4575
-1161
956
-1222
-6173
-6930
-2177
2645
3087
985
43
280
-248
-258
2396
5451
5255
2602
1308
2982
4223
3203
2144
2682
3841
3494
2313
1649
1013
-148
-552
688
2091
1064
-1899
-3481
-2356
-582
219
-234
-653
-1118
-1877
-1509
413
2529
2895
1807
1345
2147
2988
3516
4107
4668
4445
3422
3132
3726
3769
2789
1902
2119
2684
2225
1069
95
-379
-607
-560
-158
-14
-1009
-2653
-3494
-2901
-1747
-1360
-1901
-2738
-3287
-3328
-3045
-2602
-2168
-2243
-2837
-3511
-3775
-3604
-3499
-3932
-4340
-4890
-4997
-2347
547
681
-3374
-6820
-4886
227
3263
2488
783
130
-158
-591
923
4049
5254
3889
1932
2289
3822
3540
2355
1938
2991
3836
3418
2322
1045
-360
-942
71
1797
2239
216
-2350
-2939
-1836
-87
627
375
-476
-1701
-1828
-456
1566
2649
2282
1614
1830
2480
3050
3535
3850
3942
3588
3417
3729
3475
2469
1479
1572
2346
2582
1817
578
-580
-1034
-617
216
669
-192
-1766
-2726
-2450
-1404
-938
-1122
-1676
-2242
-2391
-2270
-1894
-1685
-1720
-2194
-2514
-2572
-2560
-2748
-3321
-3875
-4341
-4785
-4513
-2082
404
-7
-3948
-6870
-4998
-307
2274
1601
268
-171
-549
-1100
198
3126
4550
3403
1984
2470
3546
2964
1885
1977
3519
4421
3774
2366
1177
116
-198
692
2207
2431
496
-1809
-2298
-1181
49
227
56
-246
-938
-1109
-253
1314
1984
1648
1443
2122
2848
3001
2917
2989
3337
3275
3263
3467
3261
2443
1521
1486
2245
2398
1623
599
-21
-137
27
174
129
-445
-1284
-1701
-1584
-1143
-1039
-1406
-1866
-2118
-1865
-1503
-1490
-1909
-2409
-2689
-2578
-2301
-2270
-2816
-3676
-4409
-4736
-4823
-4732
-2799
-583
-476
-3401
-6244
-5489
-1960
816
1162
760
557
-23
-1058
-580
1845
3714
3749
2986
3152
3665
2843
1812
1852
3327
4382
4208
3278
2034
750
-231
167
1421
2164
1319
-459
-1472
-1481
-881
-396
68
226
-237
-657
-415
570
1387
1376
1268
1779
2648
3194
3235
3029
2734
2471
2764
3520
3892
3376
2198
1439
1377
1627
1843
1816
1451
700
-159
-497
-367
-217
-506
-929
-1182
-1170
-1218
-1492
-1859
-2062
-1896
-1712
-1550
-1682
-1979
-2306
-2574
-2478
-2378
-2458
-3084
-3719
-3897
-4088
-4664
-5381
-4200
-1894
-653
-2403
-4955
-5225
-3207
-1051
-52
763
1309
757
-782
-1164
626
2743
3506
3250
3552
4004
3249
2030
1835
3008
3830
3730
3322
3033
2074
492
-340
321
1474
1528
517
-61
-247
-712
-1487
-1294
-285
409
272
69
255
308
141
507
1901
2981
3143
2538
2187
2282
2315
2520
3127
3488
3182
2201
1515
1479
1686
1728
1613
1576
1466
930
204
-204
-232
-293
-418
-359
-315
-497
-1117
-1701
-1813
-1563
-1367
-1230
-1101
-1146
-1733
-2598
-3203
-3114
-2845
-2783
-3171
-3741
-4562
-5487
-6308
-5524
-3340
-1611
-1969
-4181
-5494
-4913
-2992
-1319
-89
623
716
-123
-787
-142
1322
2431
2872
3305
4008
4044
3373
2555
2471
2875
3262
3688
3912
3608
2445
1069
328
516
1177
1481
1336
756
29
-593
-991
-939
-810
-461
28
462
409
248
290
705
1138
1254
1644
2184
2611
2456
1947
1734
1874
2153
2322
2459
2397
2007
1442
1158
1340
1465
1308
916
621
438
168
-185
-519
-576
-477
-432
-535
-789
-1139
-1502
-1654
-1685
-1702
-1824
-1995
-2182
-2503
-2970
-3578
-3905
-4033
-3933
-3852
-4227
-5054
-6111
-6002
-4455
-2796
-2289
-3346
-4303
-4437
-3525
-2202
-907
203
732
650
300
567
1049
1499
2148
3190
4365
4641
4075
3194
2428
2244
2730
3666
4265
4035
2888
1849
1136
989
1007
1090
1298
1092
572
-5
-284
-357
-621
-809
-719
-115
522
943
960
588
223
14
419
1341
2278
2506
2034
1649
1552
1560
1709
1911
2021
2107
2058
1860
1720
1324
897
485
397
565
800
697
302
-138
-573
-691
-815
-992
-1206
-1359
-1238
-1345
-1771
-2473
-3039
-3215
-3216
-3108
-2921
-2911
-3345
-4097
-4737
-4842
-4842
-4816
-4917
-4524
-3599
-2825
-2820
-3487
-3735
-3121
-2170
-1284
-449
306
773
906
1006
1480
2064
2261
2371
2690
3635
4482
4620
4092
3365
2833
2655
2864
3413
3932
3646
2721
1685
1009
676
416
300
382
429
235
-177
-512
-799
-1221
-1363
-860
-84
435
510
408
335
183
181
579
1261
1943
2255
2307
2244
2140
1903
1672
1726
2122
2531
2597
2200
1579
1002
519
404
598
801
746
232
-508
-927
-1134
-1405
-1764
-1988
-1965
-1976
-2215
-2598
-2879
-3212
-3533
-3669
-3556
-3375
-3362
-3460
-3655
-3779
-3863
-3961
-4220
-4314
-4282
-4016
-3040
-2076
-1609
-2088
-2713
-2576
-1767
-674
142
837
1272
1321
1217
1682
2502
2836
2832
2644
3037
3807
4270
4332
3860
3171
2436
2237
2562
3105
2944
2230
1596
1083
579
5
-288
-161
-31
-110
-476
-646
-547
-568
-730
-816
-655
-397
-69
259
838
1098
1115
1103
1177
1524
1897
2141
2435
2813
2772
2436
2111
1956
1847
1676
1645
1582
1441
1168
689
257
4
-221
-479
-751
-995
-1240
-1435
-1693
-1915
-2147
-2299
-2463
-2682
-2699
-2800
-2784
-2701
-2399
-2248
-2504
-2807
-2916
-2655
-2297
-2091
-2082
-2176
-2329
-2552
-2616
-2485
-2206
-1798
-1503
-1185
-1043
-737
-448
-214
-59
113
423
822
1583
2245
2478
2056
1606
1663
2109
2510
2678
2899
2920
2547
2109
1846
1717
1481
1189
804
712
680
509
287
-112
-486
-752
-748
-456
-120
-38
-189
-370
-299
-19
94
176
388
801
1157
1344
1493
1675
1738
1710
1710
1800
1944
2036
2123
2004
1783
1436
1140
970
762
522
319
163
44
-134
-487
-930
-1157
-1352
-1469
-1558
-1519
-1378
-1386
-1568
-1849
-1966
-1849
-1768
-1746
-1497
-1192
-1164
-1347
-1455
-1456
-1322
-1203
-955
-774
-721
-716
-742
-687
-578
-444
-324
-338
-381
-353
-113
96
233
368
441
402
345
394
384
419
476
574
690
695
718
761
646
398
141
216
414
471
357
388
282
143
158
176
223
64
6
104
390
517
494
673
875
943
894
749
786
972
1354
1589
1583
1521
1620
1689
1652
1633
1674
1663
1571
1478
1398
1281
1017
824
581
414
381
297
128
-125
-259
-423
-494
-470
-512
-647
-758
-780
-755
-749
-669
-566
-576
-683
-794
-741
-569
-313
-192
-119
-79
15
157
271
468
610
615
573
727
859
867
788
627
538
657
874
1018
966
712
420
171
110
221
178
28
-148
-415
-726
-803
-817
-846
-918
-1193
-1457
-1514
-1307
-949
-815
-977
-1099
-1195
-1238
-1178
-975
-712
-422
-264
-177
-131
-166
-122
-32
293
731
1024
1098
1023
938
947
1156
1406
1490
1526
1507
1458
1401
1272
1039
948
978
1001
865
749
752
608
464
342
324
329
326
317
147
-18
-13
42
44
23
99
131
209
336
334
203
148
148
325
674
937
1043
1029
1041
989
972
1012
1131
1082
1053
1050
1138
1301
1383
1366
1102
767
589
666
845
1008
1019
906
740
506
298
294
384
335
81
-94
-189
-162
-168
-315
-505
-579
-515
-486
-562
-623
-686
-694
-504
-396
-295
-323
-404
-428
-326
-184
63
245
84
-117
54
562
759
661
587
599
523
406
398
417
519
474
307
339
377
215
-179
-374
-310
-165
-8
197
183
-210
-610
-636
-402
-201
-23
-66
-122
1
213
366
430
420
410
534
787
952
981
956
913
1033
1340
1548
1494
1247
1060
944
871
1053
1332
1419
1206
957
994
1086
1076
948
803
729
871
1109
1256
1125
937
792
872
959
993
1012
941
839
843
739
677
654
563
593
706
790
648
445
340
379
239
313
598
809
755
601
324
94
208
308
360
452
602
568
294
199
233
231
212
214
282
472
604
537
367
118
-68
-103
77
246
242
28
-45
69
292
267
99
-24
10
115
314
485
490
510
383
425
677
1095
1231
1145
960
916
965
1012
1058
839
658
800
1058
957
749
516
329
171
61
123
303
586
662
433
267
178
150
117
159
373
466
646
738
666
541
410
460
661
863
948
1045
1197
1199
992
924
984
1159
1267
1265
1164
1013
1022
1078
1049
1071
1149
1166
1250
1221
1059
831
682
703
845
942
975
836
769
698
514
518
497
380
287
340
377
350
208
132
206
212
227
38
44
84
-120
-114
118
282
330
323
367
594
762
794
507
454
631
950
955
1173
1430
1675
1692
1312
1079
870
702
937
1392
1378
1249
1006
822
740
625
461
541
792
937
815
743
766
756
652
517
445
482
686
672
650
729
690
582
633
752
630
702
686
670
830
903
864
874
1181
1309
1265
1250
1287
1118
806
633
732
958
1211
1340
1383
1351
1172
951
751
684
716
760
777
885
991
985
835
544
216
296
623
674
491
206
35
82
214
284
299
416
547
580
472
299
352
471
719
890
1077
1205
1203
1120
868
942
1160
1312
1319
1335
1318
1319
1430
1301
1066
809
803
1082
1294
1327
1211
886
661
561
562
553
872
1115
997
842
669
506
307
315
485
915
965
841
738
609
548
487
548
737
816
812
981
1100
1219
1162
968
913
912
685
578
831
1155
1252
1075
1053
1063
866
689
746
834
928
985
1079
1101
1026
877
592
514
533
369
316
498
745
1009
1009
841
599
350
310
275
254
211
199
386
615
755
1005
1148
1094
932
809
624
396
314
471
788
1057
1247
1296
1289
1242
1092
749
581
443
622
978
1286
1319
1151
909
647
485
563
695
703
824
836
837
673
570
718
811
741
552
318
184
180
319
428
426
514
515
405
546
624
465
225
250
442
335
195
313
492
721
993
1014
843
651
531
574
659
772
667
656
950
1376
1469
1165
755
510
396
95
28
381
982
1320
1364
1243
1013
579
98
-392
-438
-138
183
597
1050
1258
1213
950
541
185
-219
-178
189
595
817
1206
1578
1571
1437
1354
1173
843
392
79
112
417
909
1354
1719
1894
1733
1308
900
369
-61
-66
160
452
760
1015
1340
1481
1170
541
7
-319
-384
-376
-197
-30
236
594
886
831
403
15
-281
-609
-713
-487
-312
-208
-216
-34
168
392
390
238
-20
-373
-527
-545
-372
133
612
837
922
806
522
205
-42
-169
-29
154
627
892
944
930
802
594
271
-114
-522
-539
-308
91
292
541
698
669
427
229
-14
-274
-450
-536
-444
-170
214
565
824
873
809
558
224
-201
-411
-298
102
583
906
1066
1044
804
437
223
222
234
85
-50
-76
169
507
672
703
682
628
508
448
211
-215
-618
-758
-569
-188
302
650
747
548
89
-504
-984
-1270
-1387
-1233
-764
-46
341
239
-23
-282
-705
-1099
-1236
-1269
-1133
-907
-516
-68
298
308
306
118
-102
-231
-439
-501
-390
-159
28
267
396
479
530
687
500
152
-214
-467
-627
-607
-475
-343
-203
-21
121
-90
-413
-742
-795
-822
-1022
-1044
-974
-843
-591
-382
-174
-190
-401
-651
-815
-998
-1045
-820
-492
-153
221
446
420
395
426
205
-214
-471
-460
-232
-30
121
315
592
731
491
-14
-318
-569
-911
-986
-798
-586
-287
-14
96
-116
-423
-741
-1078
-1215
-1366
-1326
-1200
-906
-666
-730
-808
-652
-639
-913
-1327
-1468
-1236
-891
-754
-737
-678
-444
-163
-58
88
-40
-424
-844
-1048
-928
-607
-221
270
626
734
485
-27
-511
-910
-1122
-927
-481
-105
31
-8
-153
-536
-946
-1080
-900
-902
-889
-807
-840
-911
-821
-830
-972
-1015
-1023
-843
-536
-441
-713
-1029
-971
-660
-367
-5
123
113
18
-355
-732
-887
-641
-159
371
717
852
595
57
-489
-739
-729
-573
-375
-113
-85
-101
-108
-455
-742
-797
-720
-822
-954
-1079
-1211
-1165
-989
-692
-361
-301
-467
-733
-912
-959
-1075
-1093
-955
-566
-48
343
520
389
299
178
60
-65
-146
-221
-131
217
428
520
638
769
628
314
-93
-419
-691
-634
-422
-265
-173
-188
-192
-199
-301
-634
-851
-1053
-1066
-1009
-947
-857
-772
-710
-817
-783
-710
-507
-367
-315
-375
-551
-803
-891
-801
-554
-96
363
727
829
462
-3
-252
-234
-147
-192
24
344
636
614
523
374
122
50
-141
-333
-390
-376
-410
-322
-283
-491
-533
-444
-280
-405
-589
-818
-1061
-1078
-1047
-923
-805
-600
-542
-539
-532
-662
-948
-1000
-876
-633
-404
-143
-43
-185
-197
-206
-62
52
-71
-270
-184
158
362
194
-1
45
-46
-132
-180
-135
-61
-26
-100
-271
-467
-562
-527
-749
-961
-990
-957
-912
-740
-769
-983
-1143
-1181
-1318
-1471
-1543
-1368
-1165
-1260
-1225
-1008
-889
-785
-707
-681
-727
-1008
-1151
-1218
-1188
-1096
-805
-441
-187
-163
-132
-165
-513
-799
-922
-855
-816
-660
-427
-292
-338
-560
-973
-1297
-1373
-1399
-1497
-1527
-1369
-1340
-1353
-1436
-1505
-1567
-1674
-1834
-2023
-2071
-1835
-1496
-1451
-1466
-1423
-1575
-1721
-1856
-1858
-1715
-1607
-1618
-1566
-1420
-1416
-1422
-1388
-1260
-1237
-1402
-1631
-1849
-1833
-1722
-1559
-1318
-1167
-1222
-1487
-1829
-2104
-2251
-2377
-2346
-2379
-2360
-2391
-2176
-1984
-2078
-2331
-2640
-2927
-3066
-3086
-3237
-3385
-3373
-3098
-2887
-2773
-2733
-2791
-2989
-3130
-3266
-3396
-3433
-3329
-3349
-3303
-3282
-3342
-3302
-3117
-2842
-2756
-2903
-3083
-3323
-3317
-3429
-3440
-3272
-3285
-3347
-3230
-3130
-3220
-3414
-3596
-3676
-3801
-3922
-4075
-4262
-4196
-3985
-3830
-3683
-3516
-3615
-4024
-4461
-4657
-4575
-4472
-4253
-4072
-3798
-3440
-3329
-3502
-3741
-3906
-4140
-4198
-4069
-3792
-3543
-3261
-3028
-3072
-3254
-3542
-3813
-4054
-4107
-4054
-3966
-3842
-3868
-3858
-3742
-3839
-3972
-4180
-4400
-4695
-4843
-4759
-4476
-4366
-4382
-4175
-4013
-4101
-4411
-4710
-4978
-5242
-5347
-5204
-4823
-4433
-4120
-4130
-4325
-4506
-4836
-5093
-5163
-5236
-5203
-4903
-4719
-4719
-4724
-4640
-4570
-4677
-4831
-5029
-5201
-5220
-5271
-5329
-5296
-5137
-4975
-4887
-4721
-4726
-5064
-5634
-5923
-5876
-5660
-5489
-5395
-5391
-5244
-4925
-4667
-4782
-5143
-5391
-5513
-5572
-5622
-5545
-5337
-4873
-4431
-4145
-4098
-4281
-4638
-4873
-4959
-4966
-4954
-4755
-4450
-4199
-3999
-4007
-4016
-4132
-4108
-4059
-4118
-4202
-4375
-4569
-4526
-4328
-4132
-3883
-3613
-3580
-3902
-4217
-4510
-4820
-4945
-4726
-4325
-3931
-3610
-3554
-3634
-3747
-3976
-4268
-4428
-4296
-4015
-3802
-3614
-3360
-3264
-3286
-3118
-3079
-3165
-3362
-3537
-3653
-3532
-3418
-3335
-3169
-2974
-2873
-2778
-2686
-2869
-3338
-3503
-3357
-3241
-3130
-3106
-2883
-2717
-2602
-2808
-3236
-3469
-3433
-3252
-3057
-2880
-2788
-2692
-2582
-2565
-2651
-2801
-2980
-3122
-3093
-3014
-2935
-2893
-2772
-2507
-2223
-2030
-2066
-2380
-2602
-2696
-2772
-2843
-2718
-2379
-2044
-1655
-1449
-1558
-1958
-2225
-2354
-2387
-2351
-2245
-2008
-1592
-1189
-1202
-1276
-1442
-1721
-1988
-2075
-2013
-1952
-1836
-1537
-1257
-1138
-978
-996
-1198
-1408
-1608
-1837
-1947
-1877
-1630
-1153
-705
-514
-521
-581
-833
-1280
-1631
-1633
-1280
-945
-549
-174
-32
63
-9
-362
-819
-1031
-1102
-968
-595
-226
121
192
12
-134
-220
-218
-321
-530
-713
-586
-219
99
191
87
51
64
-30
-296
-507
-739
-825
-645
-192
277
565
637
334
67
-143
-366
-532
-621
-395
65
532
826
885
789
514
245
-1
-257
-389
-301
-21
359
730
928
1072
1035
759
400
-117
-395
-229
46
456
840
1108
1181
1169
983
673
355
113
149
213
459
791
1158
1466
1441
1114
893
868
893
851
628
525
721
1029
1121
1230
1411
1561
1509
1396
1239
948
779
871
1116
1320
1517
1564
1462
1250
1100
988
890
885
865
876
1135
1559
1802
1582
1303
1121
1048
1129
1154
1029
1083
1289
1489
1599
1632
1670
1587
1534
1597
1726
1632
1518
1546
1670
1667
1719
1655
1694
1710
1601
1526
1469
1551
1589
1491
1480
1422
1457
1648
1791
1900
1970
2009
1863
1751
1687
1535
1359
1380
1574
1795
2026
2064
1953
1945
1957
1824
1681
1585
1537
1618
1810
2021
2137
2233
2340
2293
2144
2040
2095
2151
1998
1814
1882
1983
2161
2236
2239
2246
2213
2172
2138
1960
1586
1324
1304
1621
1931
2031
1957
1865
1751
1681
1544
1364
1184
1203
1310
1484
1571
1593
1677
1620
1554
1525
1672
1807
1794
1651
1604
1626
1596
1593
1618
1661
1880
2223
2265
2167
2069
1910
1658
1391
1305
1356
1690
2067
2263
2207
2002
1809
1692
1666
1452
1165
1110
1252
1428
1519
1643
1699
1869
2050
1967
1706
1474
1384
1380
1346
1440
1709
1966
2179
2232
2119
1973
1776
1585
1563
1740
2011
2187
2299
2289
2264
2241
2207
2150
2030
1964
1900
1876
1790
1832
1950
2021
2083
2194
2240
2063
1837
1670
1729
1852
1775
1781
1962
2198
2281
2056
1850
1766
1766
1758
1783
1709
1751
1947
2104
2076
1959
1964
1937
1998
2010
2020
1993
1939
1882
1877
1890
1984
2081
2035
1952
1866
1818
1871
1838
1788
1853
1900
1900
1923
1987
1951
1842
1691
1559
1535
1569
1723
1904
1930
1822
1712
1701
1680
1633
1496
1346
1523
1793
1946
2019
2016
1863
1623
1580
1581
1620
1558
1467
1643
1737
1760
1681
1612
1527
1530
1592
1667
1668
1643
1503
1297
1465
1730
1804
1737
1653
1437
1360
1394
1437
1377
1399
1500
1530
1475
1419
1431
1424
1495
1508
1469
1428
1534
1561
1347
1161
1116
1252
1561
1669
1609
1571
1479
1391
1261
1194
1224
1360
1486
1580
1562
1502
1377
1241
1248
1346
1466
1542
1471
1269
1125
1192
1335
1481
1561
1633
1597
1469
1315
1108
1069
1070
1118
1383
1600
1655
1607
1515
1352
1191
1115
1042
950
1011
1239
1348
1416
1535
1579
1559
1416
1235
1050
1074
1118
1177
1204
1196
1219
1131
1012
985
941
930
948
980
1200
1326
1268
1081
994
1012
1128
1085
1161
1113
972
999
1074
1226
1296
1329
1330
1313
1233
1230
1231
1204
1111
1099
1234
1298
1300
1354
1323
1291
1266
1250
1265
1280
1283
1243
1189
1312
1393
1331
1207
1158
1136
1158
1196
1114
1100
1085
1195
1228
1308
1251
1166
1074
975
981
948
997
994
1085
1135
1121
1208
1252
1177
1004
837
908
1129
1364
1429
1382
1377
1394
1228
1099
1124
1196
1200
1261
1302
1302
1344
1295
1254
1297
1190
1029
982
996
886
658
709
897
1014
1116
1112
1029
1022
934
788
742
750
720
732
1032
1246
1222
1250
1282
1237
1100
1006
958
880
1005
1270
1390
1457
1454
1300
1306
1248
1135
956
777
836
914
943
976
1049
977
973
1021
923
738
516
478
562
702
883
1032
1143
1077
963
825
723
675
671
678
835
1021
1108
1137
1085
989
927
991
1014
885
767
754
767
844
869
782
682
732
979
1012
936
862
729
582
502
543
566
663
868
972
906
848
827
677
544
513
634
814
815
818
877
880
765
571
381
489
687
765
682
653
656
694
727
703
695
708
717
702
646
541
541
593
587
587
671
740
785
887
855
662
524
492
461
456
577
609
641
720
772
690
520
412
433
486
410
417
584
746
815
792
709
645
625
769
801
739
613
561
614
688
835
928
901
852
784
714
620
485
424
427
604
742
844
842
710
588
421
352
412
453
474
511
515
559
611
617
473
251
225
338
380
454
467
405
408
431
330
207
250
343
503
698
736
643
465
402
468
595
704
706
676
612
691
718
637
493
363
356
494
579
600
508
389
441
415
388
357
269
256
282
401
403
325
263
340
500
519
529
394
354
386
396
414
451
529
501
447
451
532
532
531
517
598
638
631
589
461
453
510
480
477
459
438
514
504
435
413
364
314
338
295
361
412
466
470
407
263
66
48
11
-20
-12
127
331
384
371
340
275
142
9
38
91
145
272
383
408
372
256
132
83
99
138
200
284
238
232
372
363
240
185
158
172
163
142
114
215
324
419
429
275
172
153
282
298
222
189
191
266
347
379
290
262
228
217
135
131
215
250
283
322
352
309
175
22
-55
19
63
75
108
66
123
166
186
121
57
57
154
205
146
146
143
199
251
201
221
179
58
76
58
87
120
113
110
136
68
62
89
-15
-45
5
87
169
235
241
170
62
-32
-67
-71
-34
-47
-14
181
245
293
172
60
26
63
166
195
186
253
270
189
138
206
283
281
178
104
156
139
141
143
200
293
305
247
132
91
121
188
239
320
376
372
392
354
367
289
202
262
336
343
344
316
411
455
445
408
308
311
308
331
306
242
266
359
395
351
360
405
226
135
217
207
151
203
280
267
270
237
241
211
165
242
354
375
263
197
133
183
294
308
317
274
371
458
444
474
464
393
404
412
379
394
443
428
515
597
597
474
396
365
346
317
269
265
287
366
346
379
434
505
402
348
394
396
348
239
251
267
324
446
416
390
375
347
389
378
380
368
392
429
392
379
412
413
446
554
544
457
309
206
209
321
410
476
573
574
465
337
194
119
122
132
235
261
324
412
379
327
247
212
230
267
300
322
356
399
492
489
405
291
171
166
145
177
255
348
439
413
454
359
363
288
177
154
205
251
228
253
273
327
313
322
334
311
261
166
227
342
363
442
445
387
372
311
255
234
199
186
218
234
261
281
240
127
46
53
108
153
161
101
68
87
186
279
155
109
81
141
264
244
190
209
280
353
400
425
382
326
263
315
325
202
201
328
423
448
390
332
292
186
216
237
268
289
319
300
234
276
195
169
168
185
230
252
305
289
229
272
297
299
339
328
326
334
379
390
434
414
401
418
436
347
283
311
339
350
364
348
317
373
386
422
429
406
413
376
322
308
313
418
491
529
521
482
404
313
248
292
422
517
531
512
507
434
368
286
262
245
319
365
389
441
395
264
178
162
208
275
342
357
305
162
4
-44
-94
-93
75
302
381
372
246
88
3
47
145
186
275
372
343
370
382
338
331
318
323
349
311
313
351
279
254
286
351
331
318
329
256
150
102
91
118
194
287
404
435
425
299
201
185
188
203
264
424
550
593
592
524
438
361
262
225
261
314
320
351
380
389
400
289
206
118
100
177
250
287
235
206
176
163
116
146
213
249
273
289
275
267
310
303
323
254
287
341
325
397
441
430
364
316
276
294
258
310
348
240
269
268
199
200
128
-5
-8
15
84
174
191
227
242
225
219
152
84
127
170
209
249
306
390
319
256
247
259
234
321
365
366
335
340
446
451
437
366
336
163
166
243
199
159
200
283
207
149
99
55
7
46
120
186
200
228
188
148
123
58
54
40
86
100
149
145
83
19
35
17
38
116
127
164
100
74
2
14
29
14
109
106
128
108
94
62
78
54
42
110
142
143
181
233
205
164
164
121
55
42
19
29
41
30
42
-69
-237
-207
-175
-167
-159
-109
-91
-95
-144
-184
-183
-245
-220
-96
0
-46
-2
-17
-28
24
-5
-64
18
84
103
94
61
50
0
-6
28
76
69
74
114
133
64
61
-14
-94
-43
-38
-26
-11
2
13
37
19
-5
-5
-23
-69
-176
-264
-248
-214
-168
-118
-56
-44
-123
-177
-277
-286
-244
-219
-101
-82
-47
-54
-18
-104
-191
-186
-207
-204
-173
-104
-4
31
75
55
-49
-120
-132
-124
-132
-59
37
56
29
1
-20
-103
-106
-91
-97
-57
-60
-97
-137
-182
-145
-147
-151
-110
-65
-59
4
-1
-93
-184
-186
-178
-247
-213
-106
-88
-108
-75
-61
-123
-153
-147
-128
-143
-90
36
17
5
87
63
-5
-54
-114
-116
-123
-62
-24
-41
-17
-17
-141
-167
-176
-163
-147
-111
-73
-98
-131
-217
-259
-327
-305
-263
-265
-229
-227
-253
-296
-324
-304
-287
-181
-183
-211
-178
-191
-168
-124
-144
-148
-97
-91
-94
-47
-61
-48
-30
-55
-29
-2
-21
-30
-76
-123
-121
-124
-91
-134
-151
-175
-233
-253
-263
-279
-212
-189
-233
-253
-282
-226
-207
-177
-96
-140
-212
-296
-362
-380
-387
-316
-243
-191
-178
-187
-213
-242
-224
-298
-265
-138
-99
-40
-11
-49
-129
-131
-104
-70
-60
-40
5
-33
-104
-127
-142
-219
-199
-176
-112
-56
-103
-64
-40
-130
-143
-164
-195
-228
-195
-114
-114
-80
-34
-44
-80
-58
-43
-105
-99
-54
-67
-93
-72
-51
-78
-92
-104
-134
-169
-162
-189
-151
-130
-109
-86
-135
-132
-216
-220
-172
-178
-156
-118
-76
-134
-208
-182
-224
-249
-203
-173
-208
-159
-157
-117
-213
-281
-317
-322
-240
-181
-79
-81
-13
48
29
-43
-128
-230
-187
-159
-169
-140
-115
-113
-118
-125
-134
-124
-141
-158
-217
-200
-177
-183
-242
-264
-200
-169
-217
-217
-191
-165
-175
-179
-159
-126
-106
-116
-47
-7
-56
-74
-48
-75
-55
16
5
-42
-28
-44
-42
-51
3
-58
-103
-62
-87
-54
-130
-140
-170
-138
-148
-113
-126
-143
-87
-112
-89
-135
-169
-155
-161
-158
-163
-176
-163
-138
-122
-89
-87
-157
-103
-136
-167
-85
-79
-27
-1
36
59
53
25
3
6
-49
11
2
24
84
86
52
89
84
143
143
171
182
145
189
170
158
155
147
90
59
54
45
-10
-23
-47
-85
-77
-94
-110
-105
-23
-44
-64
-71
-39
-71
-79
-84
-120
-114
-111
-82
-90
-88
-106
-40
-24
26
-22
76
64
70
49
88
136
150
153
92
148
84
38
76
115
119
89
92
126
52
84
27
-10
-29
-56
-32
-24
-35
20
17
7
64
30
39
15
41
20
17
36
68
67
147
148
89
79
70
75
80
164
144
102
106
132
138
123
184
186
144
157
181
166
141
149
134
94
95
151
175
151
111
61
51
74
36
15
18
54
47
44
29
34
46
50
75
70
24
13
-27
-32
-17
36
-14
2
10
28
88
58
65
22
48
70
41
101
128
64
76
113
144
95
133
138
32
17
11
8
21
16
50
35
66
72
67
73
59
96
24
35
68
84
74
50
110
135
151
113
140
127
68
94
121
149
118
125
158
223
178
169
138
128
145
103
194
161
141
158
120
147
107
112
148
133
187
134
143
111
77
91
139
163
168
151
147
83
17
-20
-14
-29
9
119
172
152
104
132
133
58
77
84
46
38
26
32
31
79
43
35
41
78
15
16
44
21
-3
-55
-59
-50
-38
-13
29
54
21
15
16
-19
-42
-27
-10
4
50
85
126
115
78
57
71
79
86
75
42
74
89
81
110
107
87
88
80
95
45
41
23
-10
32
51
42
28
30
49
83
70
99
50
37
22
13
19
40
-28
-71
-56
-51
-70
-37
-27
-34
-25
-7
41
-6
-2
-3
-4
-12
-44
-35
-8
23
-2
16
-8
-11
-44
-51
-42
-70
-20
-29
-32
-43
-43
-49
-81
-81
-78
-78
-82
-85
-68
-72
-97
-89
-53
-72
-90
-83
-51
-95
-124
-88
-100
-163
-91
-36
-74
-62
-34
12
-31
-65
-17
-52
-77
-78
-48
-20
-59
-36
-47
-40
-30
-46
-44
17
2
34
65
85
74
24
43
61
54
52
43
42
52
-6
-9
-21
-36
-26
-16
-2
-25
-75
-96
-51
-69
-105
-74
-75
-52
-80
-116
-108
-111
-109
-117
-120
-75
-82
-98
-105
-111
-79
-80
-52
-67
-96
-70
-80
-74
-75
-68
-63
-87
-114
-115
-73
-20
-19
-83
-84
-48
-66
-77
-35
20
18
-4
41
41
66
24
-12
-21
-60
-38
-72
-122
-124
-91
-70
-68
-69
-101
-72
-57
-105
-107
-129
-104
-143
-146
-130
-127
-118
-103
-34
-8
-35
-49
-64
-75
-69
-107
-89
-123
-93
-78
-121
-111
-72
-64
-44
-16
-55
-90
-167
-110
-117
-86
-127
-109
-120
-128
-106
-155
-184
-220
-242
-256
-249
-198
-226
-271
-234
-241
-261
-277
-234
-245
-315
-271
-207
-220
-226
-218
-216
-229
-296
-263
-288
-331
-290
-297
-289
-295
-248
-195
-188
-206
-155
-162
-249
-235
-210
-179
-205
-103
-60
-116
-117
-106
-123
-157
-108
-168
-117
-117
-119
-126
-152
-143
-166
-198
-158
-186
-249
-278
-262
-223
-297
-276
-258
-248
-273
-294
-255
-291
-286
-251
-246
-260
-273
-268
-293
-264
-316
-327
-329
-301
-284
-310
-278
-260
-231
-243
-287
-305
-335
-376
-346
-335
-366
-360
-316
-291
-325
-354
-310
-257
-261
-229
-242
-331
-300
-259
-281
-327
-316
-245
-226
-261
-267
-220
-216
-195
-180
-189
-174
-133
-190
-216
-199
-151
-131
-108
-93
-56
-71
-123
-151
-211
-231
-299
-324
-308
-259
-245
-252
-214
-270
-262
-254
-266
-306
-330
-286
-276
-281
-292
-287
-243
-228
-238
-180
-186
-154
-190
-189
-178
-184
-215
-222
-222
-194
-184
-185
-188
-210
-218
-234
-236
-265
-260
-292
-299
-290
-341
-321
-307
-311
-336
-382
-429
-400
-401
-461
-405
-433
-444
-427
-411
-451
-436
-376
-384
-368
-361
-301
-318
-339
-363
-346
-320
-296
-265
-278
-306
-307
-330
-301
-302
-317
-292
-306
-256
-261
-262
-281
-285
-276
-303
-276
-290
-302
-253
-246
-204
-238
-230
-204
-259
-248
-271
-310
-298
-325
-326
-340
-303
-358
-366
-310
-354
-363
-348
-359
-382
-353
-336
-266
-267
-284
-255
-245
-264
-283
-298
-310
-279
-247
-228
-256
-251
-256
-249
-264
-269
-279
-262
-256
-236
-253
-270
-281
-331
-350
-366
-341
-368
-335
-310
-310
-309
-299
-328
-352
-290
-330
-379
-373
-383
-378
-353
-291
-251
-270
-245
-274
-258
-287
-314
-308
-354
-312
-350
-330
-288
-305
-281
-268
-243
-338
-365
-298
-334
-399
-308
-271
-326
-310
-196
-195
-299
-299
-246
-332
-379
-312
-328
-346
-318
-291
-293
-278
-205
-261
-282
-250
-241
-285
-316
-296
-298
-322
-380
-330
-327
-331
-312
-274
-238
-199
-158
-124
-124
-90
-96
-120
-196
-192
-217
-275
-274
-320
-373
-365
-346
-377
-379
-332
-332
-387
-413
-382
-401
-325
-303
-291
-328
-363
-320
-337
-343
-372
-382
-394
-399
-364
-371
-389
-375
-356
-396
-404
-398
-345
-295
-313
-301
-267
-323
-341
-293
-313
-255
-301
-318
-297
-309
-329
-339
-367
-390
-400
-369
-358
-316
-339
-366
-336
-353
-408
-418
-399
-416
-419
-460
-501
-536
-509
-478
-447
-430
-444
-455
-495
-499
-472
-483
-503
-474
-470
-479
-461
-426
-457
-500
-473
-474
-467
-475
-508
-505
-529
-515
-456
-467
-494
-524
-498
-472
-454
-421
-390
-382
-411
-390
-363
-401
-431
-420
-393
-456
-447
-455
-483
-551
-521
-509
-538
-572
-567
-534
-561
-565
-565
-557
-572
-539
-570
-552
-485
-513
-523
-522
-501
-541
-494
-459
-486
-466
-411
-381
-376
-393
-380
-374
-473
-479
-444
-501
-480
-407
-454
-535
-504
-443
-464
-502
-487
-473
-522
-508
-501
-566
-610
-557
-542
-515
-545
-509
-528
-560
-529
-497
-461
-516
-534
-516
-577
-511
-486
-492
-482
-475
-463
-476
-378
-401
-361
-363
-367
-380
-405
-443
-471
-441
-472
-448
-461
-390
-405
-408
-426
-435
-413
-473
-453
-476
-457
-469
-431
-428
-408
-397
-463
-483
-493
-480
-468
-508
-553
-482
-430
-398
-399
-369
-379
-345
-275
-270
-275
-240
-300
-321
-297
-281
-281
-302
-293
-272
-319
-330
-350
-370
-317
-307
-358
-363
-342
-305
-347
-339
-300
-265
-246
-223
-217
-262
-280
-283
-305
-340
-335
-374
-394
-409
-408
-417
-370
-406
-403
-390
-413
-384
-410
-380
-344
-377
-346
-302
-341
-325
-364
-391
-401
-413
-403
-475
-522
-510
-498
-551
-537
-524
-545
-539
-526
-511
-546
-491
-458
-448
-476
-448
-421
-478
-460
-417
-455
-518
-491
-487
-504
-491
-467
-483
-492
-467
-489
-464
-444
-436
-472
-499
-446
-431
-442
-467
-463
-472
-478
-551
-572
-580
-605
-606
-610
-533
-525
-507
-443
-467
-494
-489
-490
-441
-490
-483
-439
-475
-509
-488
-453
-486
-522
-476
-493
-567
-555
-569
-541
-553
-512
-529
-537
-520
-557
-554
-516
-507
-572
-572
-534
-566
-534
-498
-470
-460
-439
-358
-367
-368
-330
-323
-323
-359
-381
-351
-400
-438
-418
-425
-441
-465
-462
-436
-476
-507
-491
-557
-507
-526
-568
-526
-564
-503
-509
-504
-539
-567
-530
-553
-555
-544
-552
-550
-540
-473
-465
-441
-418
-413
-384
-383
-385
-393
-390
-393
-388
-395
-387
-359
-377
-342
-310
-290
-301
-279
-255
-256
-279
-235
-176
-198
-200
-223
-236
-255
-271
-278
-245
-279
-303
-303
-352
-315
-302
-270
-276
-333
-328
-337
-355
-397
-364
-354
-365
-386
-375
-315
-339
-332
-345
-339
-309
-338
-301
-308
-257
-223
-174
-185
-154
-132
-138
-78
-93
-70
-37
-82
-103
-95
-117
-147
-171
-96
-86
-69
-37
-54
-45
-12
-44
-59
-112
-76
-28
-10
-83
-106
-80
-104
-143
-157
-136
-164
-199
-173
-112
-128
-128
-88
-69
-52
-26
-44
-24
-81
-71
-36
-80
-48
-13
-45
-47
26
36
54
108
113
140
210
222
246
264
210
233
211
199
143
120
137
141
201
171
140
162
129
102
129
156
62
17
-21
-94
-121
-121
-66
-20
-38
-49
-18
-9
-19
-15
-29
-32
-27
-57
-42
-28
16
49
63
34
70
76
59
32
19
40
13
20
77
62
34
69
100
48
1
46
-26
-105
-75
-84
-94
-97
-72
-65
-100
-41
59
37
-17
3
-37
-31
-61
-49
-4
-20
15
-31
-7
-16
-49
-22
-27
9
13
12
79
101
100
114
132
108
105
91
72
57
85
101
112
166
162
139
72
61
42
35
84
39
23
-11
-32
-49
-61
-55
-50
-40
-20
2
-10
-8
-45
-15
-22
-77
-137
-156
-142
-140
-120
-127
-104
-105
-103
-35
-55
-109
-95
-167
-171
-131
-122
-101
-54
-33
-63
-100
-64
-66
-96
-69
-52
-53
-94
-80
-54
-83
-94
-72
-121
-153
-104
-122
-89
-89
-79
-57
-48
-22
6
8
-36
-19
-45
-34
-98
-115
-105
-159
-141
-138
-146
-190
-185
-204
-238
-255
-292
-272
-321
-306
-270
-250
-257
-260
-262
-294
-311
-326
-281
-249
-251
-277
-254
-301
-271
-192
-209
-235
-222
-199
-127
-136
-141
-123
-112
-99
-101
-63
-65
-65
-89
-102
-102
-156
-135
-130
-196
-189
-223
-170
-213
-234
-231
-251
-180
-249
-268
-303
-365
-366
-350
-367
-399
-435
-457
-453
-474
-468
-406
-428
-377
-349
-403
-400
-393
-296
-313
-273
-292
-309
-297
-287
-258
-321
-294
-301
-305
-254
-267
-273
-253
-256
-264
-291
-277
-237
-220
-218
-230
-235
-247
-196
-183
-233
-207
-211
-251
-211
-211
-184
-217
-250
-291
-313
-369
-383
-371
-446
-445
-408
-420
-418
-399
-388
-327
-348
-343
-366
-414
-382
-399
-362
-363
-351
-340
-330
-304
-281
-277
-240
-257
-274
-194
-207
-163
-203
-171
-146
-112
-116
-61
-22
-6
10
13
-7
8
5
-66
-57
-67
-69
-47
-36
-78
-92
-53
-104
-76
-123
-88
-88
-108
-56
-32
-49
-42
16
-20
0
-34
-13
-2
-24
-17
-16
-4
10
76
114
113
130
116
122
83
129
139
131
154
140
205
209
174
198
143
138
146
99
106
115
169
155
187
220
238
251
236
268
243
237
226
231
251
222
201
228
278
308
310
319
301
290
347
332
356
356
367
412
422
453
435
432
427
487
476
450
507
488
484
443
443
444
421
413
435
420
423
434
442
480
475
453
433
451
425
464
462
430
410
447
420
414
444
510
498
434
454
495
486
470
509
483
444
484
500
397
387
458
450
426
470
417
408
385
367
364
328
329
364
368
359
452
449
422
454
449
441
415
438
491
493
438
501
509
480
494
492
456
451
461
474
479
474
464
370
400
399
384
414
367
389
385
399
385
388
405
462
436
391
397
402
453
436
445
467
497
491
508
479
481
467
457
460
465
420
452
463
449
475
515
505
498
551
534
518
540
571
530
501
573
541
538
512
502
481
470
524
426
430
471
493
477
461
501
503
517
537
509
527
517
524
513
498
523
474
472
491
484
457
531
558
523
578
551
536
538
513
514
479
493
443
469
524
513
552
597
602
551
528
548
547
546
588
603
595
632
589
578
610
576
595
559
560
582
601
633
676
692
674
680
674
660
583
551
549
563
571
559
550
540
549
570
552
491
436
457
445
429
447
447
432
390
463
461
409
484
483
481
506
476
488
495
454
492
514
461
492
470
433
422
406
435
428
477
461
485
471
442
424
409
434
441
437
392
385
330
327
331
296
310
303
294
342
327
282
298
309
296
271
261
229
205
266
296
268
266
203
229
222
194
234
244
286
326
365
296
288
330
294
266
255
283
327
315
310
321
297
322
363
289
280
318
307
295
245
257
268
260
319
251
238
229
196
194
210
211
192
195
207
214
235
255
266
265
267
231
261
253
249
257
275
290
320
324
256
275
312
363
398
455
458
467
487
457
482
439
453
397
435
474
432
466
499
502
463
449
463
469
495
552
544
575
579
584
591
613
592
576
595
583
603
628
651
665
673
706
744
737
745
786
805
802
792
837
857
813
886
881
850
871
842
861
903
927
934
930
945
920
894
889
887
910
901
933
933
963
1004
997
1028
1043
1021
981
993
991
988
970
981
959
932
990
1008
1027
1022
987
921
872
869
864
870
858
832
849
850
851
895
882
888
852
865
882
828
859
870
878
866
878
916
910
890
863
850
818
846
865
831
881
888
860
836
897
953
947
926
921
954
960
957
931
932
919
874
865
824
811
853
796
727
731
781
760
746
765
850
851
841
905
929
880
859
857
852
813
808
814
810
839
846
821
803
827
815
780
730
743
761
766
757
759
751
755
722
713
685
658
661
651
626
632
660
699
707
713
722
719
713
738
799
780
780
752
782
738
706
741
725
723
752
795
785
826
856
799
751
791
771
747
740
735
673
648
655
655
637
611
628
582
519
498
497
461
415
423
427
437
441
434
455
441
450
495
485
509
543
539
577
588
598
612
679
625
652
670
644
683
705
748
749
732
741
723
700
709
678
684
712
713
700
638
608
651
622
601
574
529
523
502
469
417
412
428
418
388
379
385
358
329
337
354
367
438
418
424
462
439
456
453
485
549
494
521
565
572
590
539
551
561
543
551
528
522
562
577
570
548
529
524
520
516
481
437
403
352
300
311
352
312
316
368
309
301
314
386
365
348
481
443
413
443
491
430
422
500
487
426
448
494
436
432
417
446
470
496
520
543
521
483
454
519
455
396
368
365
380
298
344
385
380
382
425
426
402
374
371
319
270
255
247
255
283
296
346
352
297
307
302
320
322
307
236
267
292
246
242
278
259
217
280
281
222
217
254
220
224
243
271
244
273
272
261
220
196
207
186
203
267
247
216
246
253
198
202
211
196
188
170
149
161
150
124
115
165
177
120
110
123
85
89
176
187
173
144
161
201
157
198
181
181
167
186
191
183
180
177
166
150
181
166
122
83
136
125
110
186
190
131
139
88
55
68
101
47
34
74
72
102
108
139
139
128
89
115
86
8
24
16
-34
7
-13
-19
-1
18
67
69
106
99
76
96
94
79
41
15
-4
-61
-61
-26
-11
-17
-5
14
39
6
43
52
64
82
90
106
79
132
140
181
144
176
195
198
155
162
214
203
184
203
276
256
252
275
274
245
222
248
294
215
226
188
174
181
202
184
158
181
181
200
185
190
215
191
140
199
146
159
79
23
12
28
19
61
62
15
16
-20
-32
-53
-41
-3
38
19
-24
9
-9
-43
-77
-90
-61
-74
-50
-67
-87
-70
-43
-6
30
58
157
127
122
125
150
135
118
195
135
174
228
224
182
146
175
140
114
130
128
121
98
85
85
77
99
117
131
124
103
76
65
49
51
66
111
143
137
125
121
141
134
178
113
100
124
143
94
104
111
88
114
77
47
55
73
63
56
72
69
40
74
57
71
124
133
122
144
109
118
62
89
96
81
78
65
95
67
115
106
74
54
51
79
84
79
95
97
69
46
54
15
4
33
30
-15
-31
8
50
40
9
-4
-23
56
43
41
3
-6
-2
31
82
46
94
134
93
88
58
22
82
62
62
42
58
35
27
48
-4
-13
-32
7
-2
-27
7
35
14
10
78
79
111
122
118
47
47
54
8
21
40
46
-11
21
11
28
64
15
11
-33
-55
-10
-29
-45
-29
-10
4
16
64
92
77
81
43
-14
0
31
47
17
66
40
-22
-31
-1
-42
-70
-17
13
-24
-24
-8
-48
-102
-109
-115
-151
-177
-169
-192
-221
-188
-135
-127
-126
-110
-92
-97
-58
-22
-45
-24
-23
-1
-34
-31
29
-1
0
35
4
-36
-22
-13
-49
-33
-34
-48
-21
-36
-54
-102
-129
-86
-113
-151
-155
-146
-179
-217
-209
-132
-180
-203
-206
-200
-190
-214
-220
-228
-220
-220
-214
-213
-171
-129
-167
-175
-161
-113
-93
-58
-57
-124
-69
-111
-136
-115
-106
-144
-145
-145
-175
-181
-191
-204
-208
-181
-177
-187
-173
-261
-257
-234
-270
-245
-256
-263
-283
-274
-258
-238
-229
-250
-204
-197
-209
-178
-189
-183
-176
-201
-224
-209
-277
-269
-292
-320
-308
-346
-363
-395
-316
-308
-305
-292
-298
-269
-295
-319
-288
-281
-304
-335
-359
-344
-374
-385
-358
-306
-354
-333
-320
-318
-331
-294
-249
-304
-289
-242
-285
-346
-337
-369
-388
-440
-457
-437
-439
-407
-362
-382
-411
-352
-379
-406
-391
-404
-458
-410
-445
-472
-446
-467
-432
-437
-385
-390
-430
-449
-421
-414
-359
-377
-354
-378
-376
-373
-350
-260
-302
-316
-331
-369
-377
-351
-386
-376
-417
-416
-416
-401
-441
-470
-468
-536
-522
-507
-538
-537
-506
-496
-458
-450
-465
-490
-489
-519
-470
-500
-545
-536
-497
-418
-420
-408
-378
-372
-391
-368
-315
-358
-355
-357
-446
-406
-432
-436
-395
-376
-369
-323
-319
-313
-329
-365
-353
-376
-408
-378
-450
-496
-450
-438
-401
-413
-392
-370
-373
-393
-410
-384
-374
-415
-458
-460
-446
-452
-445
-393
-393
-425
-402
-371
-371
-400
-397
-435
-520
-510
-490
-520
-504
-449
-414
-425
-431
-414
-447
-472
-505
-509
-470
-489
-506
-536
-519
-483
-465
-470
-460
-456
-452
-428
-435
-410
-412
-422
-355
-394
-394
-321
-333
-319
-313
-300
-334
-326
-349
-370
-391
-436
-416
-441
-383
-362
-377
-329
-289
-313
-349
-406
-370
-382
-426
-425
-495
-442
-465
-462
-451
-410
-404
-413
-354
-366
-407
-433
-443
-458
-467
-475
-448
-490
-511
-498
-480
-418
-405
-411
-400
-362
-373
-369
-364
-357
-368
-356
-379
-387
-381
-380
-297
-320
-330
-367
-327
-338
-366
-376
-424
-392
-440
-412
-383
-374
-348
-349
-345
-332
-321
-305
-339
-346
-337
-348
-315
-318
-292
-284
-296
-285
-238
-267
-323
-320
-339
-318
-344
-320
-247
-229
-252
-311
-277
-305
-322
-319
-333
-358
-371
-353
-376
-370
-326
-336
-357
-336
-357
-355
-328
-261
-287
-329
-301
-302
-273
-218
-193
-194
-192
-186
-142
-196
-197
-143
-168
-207
-182
-175
-192
-152
-145
-156
-142
-130
-158
-146
-138
-186
-204
-233
-211
-214
-226
-190
-185
-183
-161
-209
-245
-253
-261
-253
-263
-208
-198
-225
-224
-185
-144
-187
-191
-210
-193
-152
-147
-166
-167
-137
-103
-123
-138
-119
-107
-160
-149
-108
-154
-129
-119
-145
-141
-100
-106
-109
-108
-122
-102
-93
-107
-64
-57
-79
-122
-167
-138
-94
-167
-180
-179
-173
-175
-159
-161
-113
-88
-87
-83
-124
-135
-169
-168
-190
-128
-106
-148
-152
-108
-136
-168
-129
-160
-167
-152
-137
-141
-185
-204
-210
-187
-208
-187
-160
-178
-203
-234
-197
-222
-205
-194
-208
-194
-191
-208
-194
-213
-241
-239
-216
-185
-164
-136
-178
-178
-178
-162
-162
-216
-163
-158
-183
-182
-190
-212
-194
-170
-140
-151
-182
-176
-184
-194
-169
-142
-117
-134
-96
-115
-110
-104
-100
-107
-163
-186
-186
-224
-203
-173
-196
-179
-204
-198
-211
-177
-162
-229
-222
-231
-239
-225
-209
-186
-176
-159
-120
-104
-147
-183
-188
-189
-135
-194
-216
-210
-213
-196
-196
-208
-200
-181
-177
-122
-164
-163
-142
-149
-108
-130
-178
-154
-157
-192
-172
-164
-252
-245
-265
-267
-278
-227
-256
-302
-290
-272
-272
-286
-293
-277
-239
-227
-250
-274
-242
-227
-244
-269
-243
-195
-233
-230
-190
-221
-173
-162
-180
-166
-145
-146
-144
-131
-109
-86
-100
-70
-63
-43
-9
-60
-57
-31
-66
-65
-52
-97
-38
-79
-81
-126
-153
-142
-152
-128
-106
-98
-118
-59
-78
-97
-101
-169
-140
-206
-224
-167
-201
-196
-180
-257
-275
-208
-226
-208
-212
-170
-166
-116
-94
-157
-134
-174
-155
-153
-134
-114
-119
-107
-83
-88
-128
-138
-163
-135
-156
-155
-162
-180
-188
-181
-184
-188
-165
-169
-201
-219
-214
-255
-267
-268
-201
-238
-173
-187
-237
-191
-203
-162
-189
-171
-135
-123
-141
-90
-94
-119
-106
-79
-115
-139
-138
-118
-132
-135
-155
-189
-130
-142
-141
-147
-176
-184
-208
-191
-201
-155
-194
-197
-177
-214
-196
-172
-156
-152
-201
-246
-250
-207
-182
-178
-179
-228
-250
-204
-149
-150
-176
-139
-211
-196
-139
-189
-165
-158
-127
-175
-234
-184
-198
-294
-299
-287
-305
-304
-257
-291
-351
-361
-345
-319
-337
-327
-261
-256
-243
-207
-246
-221
-222
-197
-230
-247
-190
-196
-225
-237
-201
-187
-155
-125
-162
-163
-173
-187
-223
-223
-246
-247
-237
-287
-328
-321
-279
-307
-329
-307
-326
-336
-321
-347
-306
-366
-372
-352
-364
-343
-405
-409
-383
-378
-364
-328
-305
-345
-358
-283
-270
-293
-251
-225
-167
-166
-142
-124
-170
-175
-178
-135
-172
-223
-219
-231
-218
-191
-243
-222
-220
-218
-199
-225
-239
-238
-222
-222
-258
-286
-312
-319
-324
-368
-380
-406
-412
-353
-349
-391
-340
-332
-353
-315
-261
-267
-291
-222
-200
-210
-214
-250
-278
-312
-304
-251
-247
-245
-281
-247
-198
-215
-207
-207
-165
-176
-168
-140
-157
-159
-138
-136
-185
-150
-169
-129
-132
-146
-121
-124
-131
-151
-107
-92
-126
-176
-193
-186
-249
-259
-227
-247
-258
-183
-198
-158
-158
-182
-189
-216
-214
-252
-221
-196
-227
-158
-81
-153
-189
-215
-159
-171
-188
-189
-182
-205
-159
-114
-149
-122
-119
-135
-143
-83
-95
-143
-119
-55
-83
-164
-164
-190
-203
-149
-101
-150
-191
-202
-259
-271
-284
-256
-264
-302
-194
-185
-190
-207
-212
-194
-249
-239
-194
-184
-216
-222
-171
-203
-210
-182
-151
-188
-189
-169
-201
-255
-252
-160
-218
-253
-184
-162
-188
-211
-189
-197
-205
-178
-121
-197
-212
-173
-152
-203
-249
-196
-237
-273
-247
-218
-257
-238
-229
-209
-245
-236
-191
-239
-254
-228
-215
-310
-281
-274
-257
-266
-265
-237
-256
-265
-258
-284
-289
-298
-301
-295
-271
-240
-298
-236
-227
-293
-313
-276
-248
-324
-329
-307
-285
-315
-312
-280
-305
-329
-337
-283
-273
-258
-310
-317
-293
-280
-250
-226
-214
-261
-275
-306
-347
-390
-352
-346
-334
-366
-369
-328
-331
-280
-244
-254
-261
-252
-231
-278
-254
-293
-261
-215
-286
-268
-301
-298
-295
-257
-273
-293
-280
-235
-280
-281
-243
-271
-285
-268
-218
-243
-246
-235
-233
-217
-201
-203
-144
-183
-183
-158
-194
-236
-261
-278
-289
-267
-339
-280
-294
-338
-345
-342
-334
-347
-265
-296
-323
-362
-355
-371
-418
-401
-439
-427
-407
-364
-359
-361
-373
-354
-311
-374
-354
-336
-334
-339
-302
-306
-282
-272
-260
-298
-289
-312
-250
-268
-266
-248
-288
-246
-280
-245
-233
-216
-277
-254
-231
-256
-274
-337
-304
-296
-335
-362
-354
-337
-341
-355
-304
-343
-298
-308
-359
-324
-300
-225
-284
-280
-233
-293
-291
-290
-299
-316
-308
-245
-233
-206
-225
-202
-192
-243
-241
-236
-200
-213
-243
-192
-176
-182
-234
-230
-216
-238
-213
-246
-282
-283
-263
-252
-302
-256
-281
-266
-229
-227
-198
-241
-232
-258
-249
-245
-258
-233
-226
-206
-222
-211
-191
-194
-189
-182
-165
-145
-101
-58
-75
-73
-75
-42
-71
-103
-63
-115
-96
-50
-48
-92
-49
-60
-13
-16
-10
-7
-20
-24
-62
-79
-58
-9
-4
-98
-108
-129
-147
-142
-116
-76
-53
-63
-68
-40
-89
-103
-117
-81
-93
-87
-68
-97
-66
-69
-81
-68
-105
-102
-79
-62
-151
-91
-59
-87
-60
-51
-28
-47
-10
-28
-25
-82
-65
-94
-142
-137
-120
-109
-146
-159
-122
-144
-155
-91
-86
-43
-53
-46
-22
-34
-75
-33
-25
-81
-81
-88
-37
-61
-72
-40
-73
-75
-24
8
-13
33
41
11
3
5
-40
-57
-94
-65
-113
-136
-134
-171
-158
-117
-83
-123
-98
-74
-6
-35
-11
-3
-47
-36
-18
-39
-100
-136
-177
-220
-247
-217
-184
-179
-153
-150
-130
-100
-141
-173
-182
-205
-235
-234
-233
-208
-251
-247
-222
-215
-296
-246
-184
-242
-197
-153
-142
-155
-130
-101
-85
-113
-95
-118
-210
-173
-141
-180
-178
-176
-160
-210
-189
-169
-214
-202
-168
-161
-209
-149
-165
-194
-182
-169
-177
-241
-242
-224
-227
-237
-196
-151
-151
-138
-145
-147
-139
-119
-52
-39
-50
-36
2
-35
-36
-38
-19
-41
-62
-45
-47
-69
-92
-115
-83
-95
-66
-84
-76
6
-68
-148
-161
-186
-224
-249
-304
-297
-294
-268
-301
-283
-334
-323
-294
-286
-269
-251
-221
-236
-223
-211
-221
-217
-199
-233
-237
-237
-263
-274
-221
-199
-246
-224
-188
-187
-181
-139
-140
-145
-153
-167
-121
-151
-155
-216
-215
-182
-202
-237
-237
-195
-218
-165
-103
-139
-128
-126
-164
-174
-202
-150
-159
-173
-166
-165
-144
-177
-151
-231
-225
-195
-219
-255
-252
-238
-236
-247
-234
-220
-246
-271
-269
-287
-299
-277
-320
-343
-328
-286
-318
-344
-330
-311
-289
-321
-334
-350
-343
-325
-310
-340
-349
-308
-338
-281
-265
-283
-295
-330
-278
-290
-279
-245
-230
-262
-223
-234
-211
-205
-195
-155
-182
-169
-97
-150
-161
-136
-192
-154
-157
-182
-191
-232
-200
-159
-141
-113
-114
-133
-143
-174
-129
-135
-151
-174
-203
-191
-225
-198
-201
-239
-221
-147
-157
-154
-147
-140
-172
-108
-63
-76
-134
-96
-23
-53
-47
-23
-51
-82
-50
-75
-51
-13
-38
-47
-57
-33
-27
-42
-64
-55
-69
-109
-86
-115
-116
-107
-48
-64
-98
-21
-36
-26
-8
-47
-71
-101
-61
-84
-98
-122
-97
-127
-93
-32
-60
-14
17
23
24
11
24
26
2
26
-16
7
-8
-42
-56
11
53
-6
55
45
101
135
84
101
90
75
70
39
90
135
104
103
73
63
72
95
106
79
91
84
72
71
29
-8
-12
17
31
78
14
15
106
70
30
78
94
114
65
69
54
5
60
52
46
53
77
67
34
93
161
