SAMPLES:	18542
BITSPERSAMPLE:	16
CHANNELS:	1
SAMPLERATE:	16000
NORMALIZED:	FALSE
99
107
79
85
131
148
117
75
30
70
65
92
85
84
74
82
87
70
76
72
66
32
-8
68
81
50
35
9
-6
26
65
41
84
73
113
133
113
128
102
89
66
92
80
99
57
35
32
3
50
76
90
77
84
70
70
88
76
73
61
48
81
79
33
58
44
24
-1
-16
-47
-60
-22
-60
8
-11
-4
43
38
2
20
-13
-56
-40
-27
22
-4
-6
-8
18
26
13
27
-23
-30
-40
-104
-93
-109
-110
-51
14
-5
-30
3
-21
-36
-34
-8
-30
-55
7
-15
21
21
-20
11
-17
-49
-83
-65
-59
-94
-92
-86
-93
-52
-19
-35
0
56
-9
43
3
-31
-65
-96
-83
-125
-127
-81
-34
-61
-68
-61
-120
-157
-131
-145
-142
-142
-122
-115
-71
-105
-72
-75
-45
-26
-77
-60
-78
-87
-90
-82
-98
-83
-88
-113
-101
-95
-107
-88
-91
-124
-113
-128
-105
-117
-146
-145
-167
-123
-138
-127
-118
-80
-126
-113
-88
-76
-94
-159
-162
-168
-186
-150
-116
-124
-112
-77
-37
-73
-95
-100
-112
-71
-94
-109
-120
-102
-93
-85
-81
-133
-146
-108
-158
-208
-194
-192
-225
-231
-238
-221
-246
-267
-262
-228
-218
-261
-274
-265
-229
-263
-252
-259
-276
-233
-248
-215
-171
-157
-122
-113
-121
-98
-128
-120
-99
-113
-134
-95
-110
-101
-39
-88
-112
-88
-80
-92
-74
-95
-68
-145
-159
-136
-143
-149
-165
-157
-192
-159
-196
-203
-191
-195
-205
-234
-264
-285
-287
-275
-288
-265
-235
-267
-263
-259
-270
-325
-308
-298
-272
-243
-252
-238
-245
-235
-234
-267
-283
-267
-199
-218
-224
-195
-191
-164
-183
-136
-161
-183
-188
-190
-160
-187
-245
-241
-227
-277
-247
-264
-262
-262
-240
-218
-230
-181
-214
-212
-238
-222
-218
-179
-187
-191
-174
-205
-202
-221
-225
-221
-242
-250
-219
-244
-207
-200
-208
-175
-166
-136
-126
-88
-54
-106
-122
-149
-163
-126
-171
-206
-206
-221
-210
-206
-118
-110
-103
-84
-57
-90
-92
-69
-64
-71
-77
-80
-61
-97
-134
-99
-83
-115
-115
-147
-126
-132
-104
-11
19
-7
4
-17
-31
-50
-132
-111
-112
-76
-49
-48
-75
-69
-14
7
10
8
10
-22
-26
-39
-40
-45
-34
-22
-26
4
41
95
36
-2
3
-17
-22
-3
-6
11
-1
-1
-4
8
18
30
26
-7
42
47
63
81
71
142
113
124
120
113
57
20
7
0
17
-18
15
80
83
104
112
84
79
70
52
-2
-49
-45
-27
-60
-68
-54
-39
-10
-15
-22
-7
1
17
28
33
12
36
24
13
57
47
62
82
127
111
93
88
91
126
101
151
140
179
146
151
155
174
212
126
156
125
138
144
155
175
197
197
196
203
203
166
159
199
175
150
123
129
135
145
150
185
200
205
200
173
207
232
250
238
204
282
297
305
365
354
353
363
343
328
289
295
283
288
317
314
338
311
313
304
300
259
269
286
291
282
277
315
252
310
335
313
316
298
315
384
421
433
452
477
504
567
595
582
601
611
610
614
602
593
580
580
577
543
543
572
531
507
570
542
556
580
598
602
576
584
582
563
554
592
560
624
646
700
686
724
755
783
799
799
824
829
862
816
848
824
824
780
776
803
767
777
832
840
794
823
841
850
863
862
871
889
864
901
884
844
828
800
767
741
742
750
760
696
712
713
777
767
766
765
742
788
752
766
780
764
773
766
761
760
722
711
707
716
732
740
804
840
854
820
846
833
839
838
866
864
841
867
873
902
918
908
902
927
932
910
911
942
958
935
914
965
944
955
1026
998
1027
1041
1024
1006
988
991
941
872
873
890
873
845
858
839
853
881
864
878
862
889
895
902
874
836
865
902
917
926
917
921
920
852
857
866
857
876
792
815
806
830
812
826
860
863
853
817
851
815
778
760
756
779
807
818
802
824
793
784
753
765
759
768
759
732
731
777
807
760
753
778
773
748
718
760
778
758
787
795
742
767
746
734
685
649
649
624
600
581
627
557
537
541
471
443
423
410
396
407
406
400
427
417
404
415
461
493
496
481
507
490
492
470
501
480
477
470
447
482
445
403
403
348
338
331
379
364
354
360
404
398
414
407
388
385
339
304
236
249
208
222
198
240
260
284
291
289
310
249
260
293
305
285
258
283
257
238
238
234
222
195
178
179
164
144
137
117
129
160
117
166
243
230
234
268
238
193
203
178
124
125
126
111
68
87
102
59
79
53
2
27
34
12
-24
24
-4
-32
-31
-73
-95
-77
-125
-135
-113
-151
-142
-174
-177
-143
-199
-230
-263
-231
-199
-192
-210
-210
-212
-197
-160
-181
-218
-250
-205
-225
-203
-178
-212
-178
-159
-146
-178
-174
-198
-214
-175
-179
-176
-200
-208
-184
-194
-187
-162
-175
-159
-138
-175
-178
-178
-149
-157
-113
-81
-84
-51
-12
-22
28
20
-4
69
81
90
96
82
140
147
175
185
148
189
215
219
197
228
213
210
211
243
267
292
280
291
272
272
242
228
268
284
322
367
406
457
459
416
429
385
353
359
341
328
303
306
334
309
323
311
322
347
377
422
424
493
474
472
562
585
595
547
520
512
516
508
523
562
541
571
586
548
544
543
568
563
608
606
603
586
567
582
605
553
542
574
520
464
470
486
478
465
448
481
441
475
425
437
448
424
446
441
446
468
504
477
473
468
438
416
400
410
423
364
367
378
379
368
414
410
315
304
315
305
258
234
174
157
151
160
132
98
95
111
164
141
92
81
71
58
80
40
17
36
61
75
39
39
35
-31
-55
-70
-52
-39
-63
-7
-42
-29
-34
-20
26
-26
-45
-39
-49
-116
-91
-60
-79
-126
-121
-74
-105
-78
-72
-33
-36
-24
-14
-46
-35
-62
-70
-93
-98
-138
-175
-180
-229
-224
-257
-288
-295
-303
-261
-229
-193
-220
-231
-217
-188
-204
-203
-243
-277
-262
-282
-266
-314
-264
-301
-323
-273
-254
-258
-292
-273
-274
-277
-244
-267
-260
-252
-285
-295
-252
-268
-308
-292
-263
-264
-257
-244
-269
-291
-277
-297
-282
-275
-304
-288
-313
-302
-323
-357
-366
-356
-335
-329
-275
-249
-209
-178
-160
-126
-132
-93
-91
-86
-74
-108
-94
-137
-201
-202
-193
-273
-272
-247
-254
-242
-240
-230
-236
-236
-285
-225
-239
-282
-253
-271
-277
-299
-282
-299
-298
-327
-333
-345
-336
-323
-332
-341
-253
-206
-168
-125
-95
-77
-57
-69
-74
-78
-62
-84
-100
-80
-86
-61
-64
-18
-20
-3
18
49
7
23
-11
-51
-91
-102
-95
-102
-80
-79
-116
-112
-113
-96
-72
-78
-75
-65
-57
-31
-43
-38
-76
-75
-73
-122
-120
-127
-169
-158
-156
-171
-169
-133
-113
-123
-105
-94
-49
-72
-33
-6
-70
-26
27
-17
-60
-30
-60
-104
-117
-123
-134
-128
-111
-71
-59
-33
-15
13
44
51
-10
-25
5
5
30
40
78
35
62
87
107
95
75
50
82
158
174
207
212
182
189
221
219
243
305
275
223
248
223
260
299
292
303
354
348
334
332
362
425
412
396
376
365
402
388
395
396
392
395
448
454
463
461
492
500
550
514
484
446
440
494
472
505
500
506
522
528
504
537
516
509
513
510
489
488
493
492
496
527
543
524
601
610
537
533
528
505
517
511
457
462
448
435
435
406
440
463
446
434
452
436
467
409
396
383
340
331
373
347
336
371
352
340
318
343
302
342
370
327
275
273
318
280
239
282
239
215
211
229
208
193
186
204
261
239
256
276
320
321
339
298
298
296
286
293
284
268
267
284
320
336
332
313
275
244
226
249
236
220
231
259
272
282
256
212
175
142
133
132
131
95
81
61
75
68
78
102
84
53
81
78
125
88
103
118
119
169
153
142
135
137
140
152
175
175
93
77
116
87
78
130
119
109
125
130
103
95
112
135
194
173
159
181
175
129
141
137
112
103
160
150
158
199
159
194
184
198
180
162
169
236
205
185
161
94
51
-3
-70
-87
-135
-175
-185
-158
-105
-121
-66
-81
-62
-60
-94
-44
-34
-18
-2
-30
-2
-39
-44
-33
-52
-73
-78
-54
-67
25
12
41
94
47
26
-35
-53
-63
-97
-68
-75
-78
-11
10
15
56
76
17
26
-6
-66
-34
-6
7
1
-23
-26
-21
-15
-27
-43
-5
-24
-51
-35
10
44
15
67
78
59
71
71
65
41
72
27
85
93
72
43
46
70
74
123
112
75
37
-34
-74
-58
-53
-23
-14
8
-6
-2
-1
-58
-66
-69
-103
-157
-210
-216
-257
-263
-212
-187
-171
-153
-131
-157
-157
-173
-131
-119
-143
-119
-107
-125
-137
-82
-59
-48
-23
-2
-41
-30
-10
-33
-18
-37
-29
-32
-126
-137
-66
-99
-100
-101
-90
-63
-74
-91
-108
-101
-136
-128
-108
-161
-106
-125
-162
-144
-168
-190
-192
-216
-237
-172
-224
-211
-161
-110
-146
-142
-56
-54
-46
-47
-23
-3
-18
-1
4
31
-38
-37
-49
-62
-34
-49
-55
-48
-58
-71
-39
-50
-41
-118
-85
-118
-114
-130
-144
-134
-150
-145
-165
-109
-170
-224
-252
-281
-281
-328
-288
-290
-326
-313
-265
-225
-243
-262
-264
-234
-217
-225
-257
-245
-232
-242
-209
-219
-230
-227
-201
-180
-147
-118
-155
-133
-164
-153
-116
-115
-73
-63
-52
-115
-140
-101
-109
-123
-99
-105
-107
-94
-119
-107
-102
-76
-25
-48
-39
-2
2
32
16
27
-29
-40
-31
2
-8
-12
2
-14
-11
-58
-41
-66
-85
-57
-9
-41
-97
-100
-108
-120
-161
-111
-115
-154
-201
-219
-202
-217
-177
-191
-156
-186
-136
-136
-126
-71
-62
-7
-16
17
6
12
7
27
28
23
14
74
96
63
61
74
89
137
108
74
56
60
81
45
55
54
57
56
39
17
39
52
27
64
28
30
-2
-12
-26
-94
-76
-39
-29
-40
-30
-39
-16
-56
-60
-57
-67
-22
-79
-81
-87
-54
-86
-75
1
4
71
108
73
24
12
-9
-55
-87
-21
13
-4
-12
-43
-29
9
-15
-54
-59
-43
-45
-54
-64
-101
-153
-142
-153
-146
-216
-282
-260
-245
-171
-150
-138
-158
-151
-120
-89
-93
-93
-112
-116
-130
-128
-106
-127
-98
-70
-56
-59
-51
-4
6
17
8
22
21
-31
10
0
-41
-115
-126
-167
-183
-195
-128
-115
-176
-137
-185
-179
-247
-222
-223
-231
-209
-187
-179
-228
-206
-197
-177
-124
-158
-206
-181
-161
-180
-174
-162
-145
-120
-132
-105
-148
-138
-95
-119
-141
-155
-219
-245
-221
-235
-206
-254
-254
-267
-277
-270
-275
-273
-281
-279
-243
-280
-306
-290
-261
-275
-285
-258
-287
-288
-303
-266
-249
-249
-205
-183
-192
-196
-172
-128
-214
-212
-240
-260
-233
-299
-286
-294
-251
-252
-246
-253
-272
-267
-244
-261
-271
-302
-319
-326
-357
-340
-341
-380
-350
-345
-401
-334
-334
-356
-370
-360
-295
-295
-285
-333
-361
-366
-349
-334
-372
-355
-354
-372
-355
-332
-360
-366
-354
-336
-389
-374
-362
-374
-386
-402
-399
-363
-347
-335
-295
-314
-322
-358
-296
-309
-332
-292
-294
-299
-280
-244
-243
-252
-274
-244
-238
-251
-206
-205
-188
-139
-151
-79
-48
-69
-73
-117
-107
-119
-128
-126
-100
-75
-51
-47
-56
-75
-112
-89
-139
-165
-157
-129
-98
-93
-11
-43
-79
-93
-88
-109
-138
-156
-179
-141
-115
-118
-130
-122
-133
-173
-182
-151
-110
-144
-145
-147
-133
-122
-149
-97
-78
-51
-62
-71
-58
-71
-69
-103
-90
-125
-108
-94
-114
-111
-61
-32
-65
-71
-78
-83
-75
-87
-84
-121
-134
-73
-59
-83
-91
-137
-164
-164
-217
-206
-210
-200
-213
-193
-160
-148
-117
-94
-81
-73
-76
-86
-80
-164
-151
-136
-168
-146
-134
-106
-48
-27
-16
-16
-32
-62
-37
-27
-24
-23
-5
-4
-23
22
-57
-81
-81
-75
-98
-82
-98
-91
-72
-135
-167
-241
-212
-181
-218
-195
-154
-176
-172
-149
-117
-110
-170
-161
-105
-86
-83
-84
-131
-132
-130
-122
-140
-155
-153
-163
-182
-166
-166
-153
-212
-210
-148
-153
-127
-146
-90
-111
-141
-108
-121
-108
-86
-84
-98
-61
-73
-107
-59
-24
-24
-3
-3
0
7
-28
-38
0
2
7
36
40
42
12
-41
-15
-28
-28
-17
-42
-66
-109
-87
-93
-87
-135
-189
-169
-210
-157
-172
-166
-120
-125
-98
-83
-62
-64
-22
-29
-24
-9
24
58
7
3
-14
56
53
37
34
8
41
56
66
67
83
95
68
64
88
68
87
89
70
58
54
14
-67
-77
-73
-115
-92
-129
-167
-109
-142
-131
-155
-158
-134
-133
-108
-130
-83
-87
-59
-64
-74
-84
-111
-107
-88
-62
-33
7
22
4
9
8
12
-3
-32
-27
-27
-17
-16
-47
-46
-47
-22
4
-26
-24
-68
-62
-77
-70
-73
-120
-107
-143
-157
-164
-171
-102
-172
-116
-114
-156
-146
-187
-173
-192
-176
-179
-166
-169
-131
-149
-128
-124
-176
-159
-211
-198
-200
-159
-144
-159
-98
-132
-102
-104
-120
-124
-87
-122
-125
-120
-116
-122
-112
-84
-151
-134
-143
-147
-133
-133
-99
-130
-129
-126
-173
-165
-167
-150
-130
-156
-141
-128
-175
-144
-91
-96
-160
-149
-121
-117
-131
-171
-135
-146
-93
-124
-116
-39
-44
-26
2
-44
-29
-19
-52
-73
-29
-48
-45
-55
-75
-81
-96
-94
-97
-95
-118
-137
-153
-155
-187
-207
-233
-232
-187
-203
-199
-214
-204
-235
-247
-199
-222
-195
-172
-162
-119
-118
-147
-122
-113
-145
-179
-168
-124
-111
-90
-148
-127
-88
-165
-113
-107
-104
-129
-88
-61
-88
-74
-73
-88
-64
-66
-120
-100
-169
-152
-148
-88
-111
-123
-111
-97
-79
-72
-58
-86
-29
-42
-53
-26
-48
-38
-26
-31
-64
-76
-75
-86
-21
-50
-98
-89
-90
-51
-43
-12
66
81
102
87
126
88
89
53
43
49
-10
32
-30
-24
-6
-18
9
-10
-34
-27
-76
-57
-31
-32
-5
-59
-24
-18
-10
34
6
42
8
4
19
-18
44
44
56
78
95
78
78
143
130
90
99
148
172
148
150
139
94
111
88
60
52
75
29
18
58
-1
25
-12
22
-11
-2
10
13
31
49
39
6
18
28
41
48
25
11
39
-8
-47
-33
27
-19
-24
31
105
85
19
8
51
67
79
88
105
112
98
93
130
121
157
134
97
78
15
48
-9
-27
-31
-44
-40
-16
-26
-55
-49
-42
-42
-42
-17
0
28
-24
-28
-14
15
9
-12
-46
-24
-6
-20
-12
-43
-49
-45
-24
-34
27
19
48
68
1
63
133
213
168
115
74
76
93
64
35
31
-34
-14
-13
10
25
-18
19
-9
-1
-37
15
46
-9
24
48
57
26
37
-35
-43
-32
-28
-73
-67
-87
-106
-105
-133
-102
-115
-57
-99
-7
-26
-59
-10
27
37
49
54
31
-8
-19
16
-13
-14
-33
-43
-34
-31
-46
-49
-52
-50
-46
22
22
20
-1
79
108
85
86
70
81
66
57
59
49
29
47
10
-12
37
80
86
118
112
176
192
225
221
218
220
128
115
76
22
7
40
51
95
127
113
116
105
66
26
46
39
13
4
13
29
9
23
46
61
93
101
84
116
137
159
144
129
123
92
82
96
65
52
36
-21
40
55
51
97
83
87
56
26
56
70
19
32
84
55
53
62
54
64
60
61
70
27
20
38
47
111
78
86
122
123
73
43
47
71
91
113
93
74
100
95
119
70
10
30
13
6
52
71
61
60
56
27
68
72
29
59
91
65
41
44
-10
-14
5
9
-32
24
16
-3
-23
8
55
-5
1
-20
-42
-21
-58
-39
-24
-59
-66
-71
-26
-28
-13
1
-12
-39
-29
-34
-71
-21
4
18
59
90
118
80
53
40
48
61
67
82
96
75
45
69
77
62
89
103
105
113
94
109
115
60
83
99
76
62
76
76
28
15
38
74
48
61
76
38
47
28
20
36
63
61
65
85
108
117
71
55
43
46
88
122
102
87
54
38
80
100
62
73
44
-4
14
-33
-46
-76
-57
-58
-57
-79
-56
-28
-58
-57
-107
-100
-95
-122
-90
-109
-161
-172
-162
-131
-130
-122
-122
-104
-122
-73
-42
-50
-60
-40
-60
-48
-57
-73
29
-13
-4
4
30
8
24
28
-16
-36
-31
-53
9
0
-3
21
28
47
13
4
26
10
8
19
-79
-76
-98
-88
-104
-133
-69
-84
-70
-99
-97
-100
-156
-153
-167
-154
-206
-236
-175
-175
-115
-121
-129
-140
-132
-110
-179
-161
-142
-177
-187
-197
-228
-231
-237
-162
-186
-187
-134
-159
-137
-145
-172
-160
-179
-199
-218
-252
-196
-181
-213
-209
-223
-214
-235
-228
-209
-179
-200
-173
-102
-103
-165
-155
-135
-150
-167
-197
-188
-207
-232
-198
-224
-217
-198
-193
-153
-115
-107
-124
-94
-101
-126
-120
-129
-175
-187
-154
-178
-142
-173
-167
-185
-212
-240
-242
-284
-327
-299
-312
-324
-335
-314
-285
-279
-283
-307
-307
-264
-300
-275
-299
-322
-269
-276
-279
-265
-269
-276
-285
-264
-267
-191
-221
-240
-235
-232
-192
-187
-228
-221
-205
-243
-183
-187
-198
-172
-151
-176
-184
-140
-162
-153
-157
-155
-145
-161
-146
-117
-125
-132
-114
-88
-83
-95
-142
-153
-165
-164
-144
-199
-147
-132
-178
-172
-200
-200
-187
-198
-197
-210
-188
-195
-192
-230
-216
-197
-208
-215
-234
-256
-293
-327
-279
-296
-258
-218
-236
-200
-205
-188
-202
-251
-253
-320
-294
-239
-207
-222
-229
-208
-236
-192
-173
-169
-192
-122
-97
-95
-90
-121
-77
-94
-143
-168
-187
-196
-235
-280
-286
-260
-241
-294
-279
-318
-303
-283
-279
-307
-305
-245
-271
-234
-211
-202
-175
-204
-169
-200
-135
-143
-197
-162
-184
-162
-138
-91
-81
-96
-79
-78
-41
-38
-61
-44
-72
-60
-11
-42
-94
-104
-126
-163
-161
-197
-270
-265
-262
-251
-241
-259
-248
-274
-254
-269
-243
-259
-250
-262
-199
-134
-131
-203
-192
-207
-205
-188
-184
-125
-115
-90
-98
-72
-76
-81
-117
-142
-150
-190
-153
-160
-129
-135
-203
-192
-189
-188
-227
-232
-204
-205
-207
-205
-187
-192
-269
-280
-277
-274
-278
-248
-244
-244
-214
-227
-259
-225
-187
-210
-206
-224
-178
-122
-95
-73
-36
-77
-44
-13
-62
-102
-132
-138
-109
-106
-79
-109
-129
-108
-121
-116
-100
-108
-115
-96
-137
-192
-209
-208
-244
-312
-272
-293
-385
-402
-401
-412
-402
-411
-379
-365
-370
-344
-333
-306
-314
-315
-269
-285
-305
-291
-277
-323
-330
-308
-312
-279
-266
-262
-266
-249
-234
-217
-199
-185
-225
-231
-219
-175
-146
-164
-145
-153
-167
-173
-178
-165
-182
-182
-215
-202
-228
-230
-245
-227
-205
-248
-265
-265
-250
-240
-287
-309
-302
-328
-302
-296
-328
-289
-246
-276
-298
-329
-332
-344
-319
-298
-282
-233
-191
-156
-170
-162
-130
-152
-133
-155
-219
-198
-206
-228
-209
-243
-218
-236
-219
-195
-188
-214
-225
-167
-225
-262
-290
-279
-286
-299
-270
-242
-241
-260
-260
-230
-256
-321
-278
-284
-269
-290
-293
-288
-244
-232
-243
-220
-251
-175
-188
-156
-189
-211
-138
-132
-117
-148
-177
-160
-197
-174
-114
-162
-167
-152
-245
-301
-255
-259
-279
-292
-289
-271
-248
-211
-218
-195
-243
-231
-208
-236
-225
-212
-214
-224
-234
-189
-242
-202
-191
-221
-192
-199
-177
-152
-142
-131
-129
-114
-133
-138
-133
-133
-154
-172
-175
-173
-160
-201
-172
-181
-93
-108
-139
-129
-145
-163
-169
-162
-187
-196
-230
-215
-212
-192
-243
-224
-246
-272
-258
-221
-203
-192
-133
-166
-141
-204
-230
-192
-141
-120
-149
-147
-191
-240
-228
-191
-223
-238
-229
-201
-177
-142
-145
-175
-145
-126
-146
-184
-149
-184
-192
-153
-156
-152
-151
-111
-112
-121
-110
-144
-114
-87
-96
-99
-108
-102
-93
-111
-127
-137
-103
-105
-130
-115
-119
-121
-104
-131
-129
-126
-143
-144
-178
-184
-172
-217
-173
-198
-223
-207
-211
-131
-148
-134
-227
-214
-223
-250
-242
-223
-219
-242
-242
-221
-267
-245
-220
-260
-228
-210
-271
-215
-204
-272
-215
-226
-234
-222
-229
-273
-241
-243
-223
-204
-195
-147
-189
-161
-134
-158
-120
-175
-161
-144
-125
-129
-135
-148
-153
-128
-144
-149
-160
-139
-141
-158
-179
-163
-207
-202
-188
-238
-211
-194
-183
-210
-174
-172
-177
-165
-129
-130
-191
-202
-186
-204
-241
-262
-300
-252
-229
-265
-215
-163
-230
-268
-210
-210
-206
-201
-211
-168
-155
-162
-147
-167
-180
-189
-212
-236
-219
-239
-215
-223
-215
-207
-216
-155
-212
-206
-198
-159
-195
-186
-172
-217
-194
-230
-251
-208
-196
-165
-162
-135
-151
-194
-208
-194
-183
-161
-103
-48
-111
-94
-59
-123
-112
-94
-55
-37
-26
-38
-11
0
-3
11
-7
27
-1
20
33
17
17
42
25
63
47
31
28
-19
-18
-66
-27
-48
-30
-88
-74
-53
-90
-72
-49
-89
-105
-86
-104
-159
-149
-90
-93
-104
-86
-71
-86
-108
-138
-121
-95
-85
-73
-61
-4
24
27
55
37
72
49
4
25
32
31
40
54
106
86
76
91
79
51
30
-12
-9
5
-15
-30
-63
-20
0
0
-2
1
45
28
29
49
62
46
-12
-21
-51
-51
-63
-64
-45
-95
-49
-75
-98
-56
-59
-37
-71
-75
-53
-41
-29
-21
16
-6
-22
-65
-61
-25
-2
-39
-61
-30
-59
-45
-45
-75
-54
-93
-126
-123
-70
-92
-116
-116
-137
-116
-112
-143
-100
-70
-119
-106
-127
-90
-73
-101
-68
-83
-48
-64
-63
-23
-61
-65
-97
-119
-84
-79
-42
-49
-78
-58
-44
-54
-44
-57
-41
-31
-25
-25
-64
-65
-78
-52
-53
-53
-59
-23
-9
-16
-39
-7
12
-19
-52
-69
-45
-69
-14
-22
-63
-62
-72
-79
-63
-50
-48
-69
-77
-68
-73
-64
-76
-56
-42
-74
-105
-109
-154
-154
-143
-172
-127
-152
-139
-127
-102
-60
-36
-53
-86
-78
-92
-103
-74
-67
-107
-118
-148
-111
-149
-136
-92
-142
-98
-121
-132
-124
-120
-128
-64
-66
-104
-87
-87
-107
-75
-47
-69
-59
-47
-49
-55
-49
-70
-6
8
-87
-44
-24
-55
-49
-34
-43
-46
-37
-65
-102
-79
-59
-161
-165
-167
-153
-109
-69
-110
-159
-103
-174
-121
-118
-128
-113
-121
-125
-136
-114
-110
-100
-85
-90
-130
-109
-47
-31
-95
-70
-96
-78
-51
-64
-47
-67
-58
-97
-132
-177
-162
-160
-157
-152
-171
-139
-139
-102
-133
-145
-100
-128
-103
-91
-86
-101
-118
-100
-119
-113
-119
-69
-56
-114
-67
-52
-65
-65
-51
-32
-62
-93
-11
-63
-136
-143
-121
-98
-127
-68
-120
-146
-112
-118
-95
-153
-89
-65
-160
-132
-136
-79
-78
-77
-60
-67
-82
-95
-103
-123
-123
-81
-112
-97
-91
-101
-88
-85
-54
-72
-46
-36
-34
-55
-42
-64
-37
-79
-73
-78
-99
-143
-145
-121
-189
-145
-112
-72
-126
-98
-86
-75
-53
-34
-70
-67
-20
-29
-36
-29
-11
-33
-32
-22
-30
-56
-38
-61
-48
1
-41
-1
-20
-46
-58
-124
-163
-139
-131
-73
-145
-168
-96
-141
-76
-70
-91
-135
-129
-96
-168
-126
-65
-134
-158
-140
-96
-69
-108
-59
-54
-58
-88
-73
-29
-34
1
-4
-13
-10
-23
-58
-68
-76
-113
-44
-38
-48
-25
-70
-48
-12
15
23
32
14
-9
-1
-57
-49
-45
-51
-21
-41
-70
-79
-68
-88
-28
7
-38
-4
-24
-55
-24
-100
-103
-124
-114
-76
-86
-88
-95
-34
-72
-100
-75
-83
-95
-69
-57
-60
-41
-35
-69
-52
-45
-90
-65
-88
-51
-69
-115
-101
-122
-132
-141
-169
-132
-133
-129
-133
-149
-108
-89
-132
-154
-90
-98
-116
-109
-96
-88
-51
-58
-50
-58
-72
-60
-53
-64
-101
-62
-22
-89
-94
-56
-19
-52
-80
-79
-59
-62
-84
-40
-60
-56
-80
-29
-92
-137
-145
-145
-106
-110
-87
-110
-93
-34
-74
-64
-63
-48
-38
-42
-20
-13
-43
8
10
5
3
-3
-1
-26
-19
-28
-32
-20
-71
-35
-31
-47
-31
-48
-43
-87
-67
-72
-80
-56
-8
-45
-26
-12
-65
-88
-68
-109
-118
-122
-172
-133
-127
-111
-75
-63
-80
-49
-15
-39
-14
-6
-56
-66
-28
-49
-60
-16
-79
-56
-28
-61
-3
-63
-38
42
2
47
34
35
21
25
16
7
17
0
9
-9
-26
-1
43
36
53
18
-21
-24
-24
-27
10
57
62
73
83
81
44
37
-4
3
11
0
37
17
24
-13
-2
13
15
15
-7
-30
-59
-19
-75
-82
-71
-128
-91
-88
-133
-129
-106
-103
-111
-109
-81
-103
-87
-116
-108
-112
-143
-85
-79
-49
-71
-62
-76
-69
-89
-104
-70
-23
-49
-32
-42
-78
-13
49
37
20
25
24
11
-27
-60
-19
-57
-71
-28
-28
-6
17
-16
20
17
10
39
15
22
0
-34
5
-3
0
19
2
74
43
47
46
104
71
38
75
58
68
19
32
-27
-43
-88
-26
-54
-112
-74
-84
-56
-53
-25
-49
-68
-21
-30
-26
-26
3
-54
-121
-53
-71
-62
-33
-61
-18
-31
0
19
-9
6
20
43
9
28
0
-17
-43
-54
-59
-66
-20
-17
-20
-32
-64
-102
-72
-58
-52
-66
-73
-66
-70
-22
-57
-62
-70
-91
-76
-103
-63
-88
-68
-30
-56
-47
-53
-23
-11
-34
-23
15
33
30
63
64
72
104
103
121
134
173
159
104
79
121
133
132
155
149
123
102
127
117
119
66
93
99
50
-18
1
30
-22
-39
-42
3
5
16
47
28
55
37
6
13
-25
53
62
37
20
38
73
68
55
32
9
41
22
48
42
1
57
114
146
99
70
25
-2
-40
-41
-27
-22
-39
-11
-38
7
-58
-102
-71
-42
-61
-101
-26
-13
-23
7
-25
-83
-27
-8
0
-26
31
-16
31
59
33
56
55
100
84
68
84
108
124
146
150
137
146
130
183
175
162
135
151
194
162
169
189
186
164
135
131
115
106
118
125
135
138
111
73
64
81
78
-20
-44
-2
7
17
15
24
14
-24
14
23
0
24
42
40
19
7
-18
-53
-80
-55
-5
-51
-19
1
22
53
47
52
71
77
65
123
107
146
171
203
175
169
126
104
101
73
138
104
96
63
117
97
87
138
102
97
67
86
119
94
89
69
76
69
68
76
119
93
62
84
56
-2
10
55
58
82
51
60
94
90
145
94
133
154
120
143
129
119
64
37
43
85
107
73
95
95
135
129
134
115
130
110
64
86
93
130
131
120
98
95
132
124
85
84
71
116
73
132
158
162
189
178
140
91
111
93
54
94
68
62
31
35
90
74
67
32
23
28
48
51
15
28
29
77
164
137
152
162
139
121
145
182
196
175
181
170
175
186
256
236
241
242
189
215
190
129
135
161
95
18
19
21
56
56
27
33
1
35
43
12
16
35
23
78
66
47
20
16
59
73
88
81
136
180
181
142
158
188
182
149
87
120
153
116
121
160
144
137
168
121
98
149
127
97
116
175
167
177
160
170
170
112
128
117
135
149
103
120
143
130
119
132
132
94
122
82
85
104
113
113
114
117
115
127
99
85
54
69
97
112
123
109
132
143
151
131
120
85
136
161
103
88
82
97
53
46
0
16
17
57
79
29
39
59
22
30
38
77
73
48
90
95
86
65
59
47
18
26
-5
-27
-19
41
45
62
102
116
48
-10
73
55
44
49
49
119
111
166
183
170
221
196
182
181
178
219
204
166
197
215
189
159
180
167
189
121
67
50
19
-10
-27
1
3
30
48
11
-1
25
38
12
65
79
65
101
87
107
78
79
99
64
91
110
139
86
51
116
82
45
51
51
95
70
44
69
99
89
101
130
138
162
115
117
103
107
102
92
107
110
140
174
216
159
181
167
114
121
125
85
84
101
84
133
109
65
120
147
116
109
119
103
119
138
112
90
96
45
-7
3
1
-1
33
67
35
46
100
130
166
179
180
206
223
218
227
258
227
229
242
177
163
184
130
131
126
113
141
139
128
120
147
127
112
132
134
64
6
35
-32
-31
-11
-17
15
60
88
104
122
140
188
201
230
256
217
204
221
250
269
244
274
275
251
290
252
260
225
270
261
227
211
244
304
261
261
281
272
221
194
131
93
77
91
96
115
76
71
101
97
111
107
156
164
153
134
167
139
138
159
155
181
151
151
181
197
194
214
192
178
169
181
185
184
192
225
260
275
304
253
261
244
239
229
250
277
259
270
268
268
278
284
285
315
357
329
288
239
236
212
249
257
205
262
250
266
278
259
256
290
291
291
263
266
273
249
280
263
242
256
256
246
228
245
259
213
214
254
252
236
233
264
240
289
277
263
303
276
303
293
308
317
314
298
311
305
301
321
338
298
324
307
267
306
302
326
317
313
263
241
180
210
210
205
207
181
222
237
207
218
150
137
162
161
152
140
219
220
242
274
306
300
324
330
354
342
299
239
212
229
227
241
301
271
269
258
280
292
227
249
250
253
222
199
223
216
244
287
309
337
390
387
374
376
379
378
336
327
298
282
305
269
311
311
326
335
342
344
263
239
230
292
277
274
274
282
298
315
288
223
235
214
178
193
220
192
173
156
156
213
239
225
251
281
258
252
273
277
239
256
277
225
208
200
205
234
248
251
270
239
253
302
244
285
328
295
285
243
263
280
243
271
253
216
200
190
216
203
204
166
190
181
222
241
184
254
250
234
205
211
204
228
204
192
234
209
136
167
201
208
212
253
273
275
225
219
269
219
217
223
258
282
240
241
235
174
160
138
116
109
136
131
92
126
128
48
33
60
71
86
80
107
131
101
141
121
130
119
106
174
179
180
159
214
215
190
215
266
240
234
270
301
339
288
317
311
267
272
288
279
200
183
191
179
133
126
128
105
78
64
12
61
103
141
155
117
155
138
142
140
174
198
188
191
173
203
166
148
168
161
177
177
174
197
175
198
169
185
206
139
170
137
161
165
172
225
223
247
211
182
196
145
95
72
63
68
54
77
78
58
58
46
54
108
91
99
149
158
141
128
141
201
182
176
137
117
135
97
125
133
135
127
173
159
146
182
179
208
181
182
240
228
231
228
221
191
119
96
93
72
63
53
31
-19
0
29
31
42
85
71
59
66
49
43
-23
-15
-6
12
33
16
12
8
-2
34
13
4
51
66
69
82
98
29
50
101
121
92
69
71
65
89
67
65
66
5
28
58
59
3
8
15
-19
-24
-16
-22
-35
-44
-67
-81
-119
-92
-70
-98
-79
-45
-24
-45
-61
-54
-57
3
17
6
42
32
32
42
60
59
97
141
130
154
102
100
101
97
177
149
160
169
189
144
145
138
121
128
100
132
104
29
63
85
64
68
51
11
44
38
21
52
-5
-4
5
0
7
13
25
3
3
17
20
-6
-8
-19
-62
-43
-34
-17
-11
-53
-57
-18
10
17
35
53
42
35
57
32
28
26
66
89
83
73
71
117
95
80
35
41
80
55
60
57
78
28
49
76
57
94
50
84
13
16
36
-29
-35
-22
-65
-95
-34
-74
-44
-67
-91
-87
-115
-72
-84
-129
-90
-67
-31
-20
-6
-1
-16
-20
-32
-51
-44
-4
-31
-62
-65
-86
-95
-40
-50
-25
-22
6
19
-32
52
85
39
52
84
69
96
114
81
64
63
59
55
61
44
16
-8
-30
-29
-2
-4
-21
-43
-56
-62
-77
-67
-68
-77
-137
-155
-149
-207
-166
-188
-182
-174
-168
-146
-136
-93
-130
-98
-21
-49
-36
31
52
83
70
65
69
71
75
88
45
86
68
84
70
40
68
84
82
52
54
10
-11
-4
-23
-10
-22
-37
-81
-57
-31
-56
-102
-112
-131
-140
-131
-131
-126
-144
-84
-71
-50
-52
-44
-66
-130
-117
-86
-80
-50
-26
-27
-28
-12
49
41
-23
2
1
-49
-25
-6
24
8
-28
14
-17
-54
-10
0
7
31
-1
48
26
42
40
23
-24
-41
-40
-105
-94
-97
-101
-133
-116
-44
-83
-40
-59
-70
-46
-60
-39
-83
-57
-60
-24
-57
-92
1
-20
-15
-16
-63
-31
-38
-15
-37
-11
41
48
49
105
94
72
44
35
40
-19
32
-4
0
9
32
28
32
-6
-56
-104
-136
-117
-121
-160
-204
-222
-209
-183
-203
-175
-193
-192
-172
-166
-153
-163
-142
-116
-87
-26
-19
14
12
35
94
108
107
117
142
142
128
106
125
85
84
49
37
41
81
100
81
77
62
32
-18
-26
-43
-40
-29
-21
-65
-81
-99
-85
-117
-155
-150
-153
-191
-164
-140
-112
-68
-78
-27
-47
-90
-46
-47
-37
-19
27
21
20
74
47
41
84
110
50
21
1
41
44
59
74
107
72
73
139
111
135
78
107
142
133
165
137
87
84
75
-49
-55
-63
-124
-109
-94
-49
-56
-5
15
13
14
43
67
68
58
18
23
2
-5
-11
-30
-15
12
6
-30
-44
-51
-77
-25
-24
-40
-27
-22
46
82
82
104
106
106
64
48
51
12
30
-3
50
41
43
36
43
30
20
35
21
20
9
28
11
19
12
-8
-22
-6
1
13
-16
-9
0
9
-15
-66
-21
-11
-16
-19
11
-6
4
-18
11
31
14
42
21
30
36
-24
-32
-39
-27
4
25
77
36
-37
9
26
12
6
-26
-50
-26
-22
-68
-18
17
20
6
45
33
71
72
62
101
38
101
95
112
146
111
121
101
82
105
130
165
176
112
130
128
82
93
79
15
-11
14
14
5
-10
-2
-10
1
11
21
31
-12
-16
22
-16
12
24
63
72
83
145
116
134
177
199
154
212
173
147
150
155
204
218
231
229
209
163
137
79
42
-1
-20
-21
-41
-7
-6
8
-14
-66
-57
-60
-70
-101
-81
-102
-93
-128
-112
-99
-163
-110
-83
-97
-96
-87
-90
-73
-46
-14
-6
13
76
69
70
111
148
107
167
125
133
185
136
146
122
114
53
61
59
52
79
59
58
31
40
15
18
51
44
-13
-1
40
4
-22
-11
-14
-39
-76
-67
-89
-102
-93
-47
-61
-62
-44
-16
34
-11
-3
23
42
49
25
19
-7
-19
-3
6
13
23
65
31
69
65
13
28
4
13
9
10
7
19
8
53
30
-34
-44
-20
-1
-64
-26
16
11
48
62
35
27
-39
-57
-34
-102
-103
-110
-100
-80
-19
11
34
34
7
16
-26
-28
-20
-38
-16
2
-24
-37
-81
-82
-86
-44
-4
-21
-18
-38
-2
12
7
17
38
49
30
-28
-37
-17
5
-3
-3
-8
-17
-65
-46
-52
-66
-36
-17
-14
0
-5
-36
-27
-54
-65
-40
-14
12
54
1
38
74
138
147
148
158
145
158
126
151
118
88
60
26
2
8
41
-3
23
11
-3
-40
-34
-3
13
49
98
136
146
91
75
99
61
57
49
67
12
-4
30
46
34
36
9
8
46
36
1
-7
-15
-64
-24
-1
15
-12
36
5
-72
-106
-111
-105
-70
2
-30
15
-19
-26
56
27
7
18
38
50
76
97
132
141
168
87
98
117
117
130
112
137
98
89
67
46
19
1
-18
-22
-47
-92
-113
-77
-73
-101
-84
-112
-121
-100
-113
-141
-161
-164
-126
-87
-22
-63
-107
-43
-62
-51
-56
-48
-47
-30
13
21
26
24
-8
-12
47
64
50
17
15
-2
51
53
79
54
25
30
28
47
5
53
37
17
51
23
4
83
67
51
69
46
62
1
-55
-48
-77
-96
-100
-121
-121
-129
-195
-154
-159
-135
-127
-104
-98
-58
-46
-59
-6
-15
-24
-31
4
-24
5
20
-1
30
20
45
103
114
92
73
128
114
107
111
97
105
95
87
64
48
11
-23
-44
-74
-94
-84
-140
-160
-144
-110
-126
-146
-107
-134
-125
-95
-47
-77
-49
-50
-25
-24
-60
-78
-75
-70
-77
-68
-62
-44
-11
-15
-76
-26
-89
-30
-73
-104
-111
-115
-92
-105
-76
-85
-45
-49
-37
-70
-98
-109
-65
-128
-111
-74
-41
-48
-11
18
-29
2
6
42
39
40
50
40
54
60
29
-25
-52
-58
-40
-15
-21
-15
19
24
57
74
75
20
-17
-62
-71
-41
-39
-38
-45
-85
-83
-104
-103
-104
-155
-169
-189
-147
-92
-78
-40
-59
-83
-83
-84
-90
-88
-78
-130
-105
-117
-77
-67
-75
-48
-21
-29
-47
-20
9
-49
-26
32
2
-38
-62
-45
-33
-21
-45
-52
-76
-70
-102
-50
-57
-124
-86
-73
-78
-114
-93
-37
-38
-43
11
0
-44
-65
-54
-64
-78
-83
-82
-93
-73
-31
-46
-26
-11
5
-14
-9
-3
-9
5
-35
19
46
3
-5
-29
-31
-49
-50
-90
-83
-104
-93
-80
-93
-36
-22
-19
-56
4
9
-13
12
-22
-16
4
-3
-21
-65
-82
-85
-87
-59
-33
-16
-41
-90
-70
-58
-63
-3
15
-24
5
7
49
37
51
24
-4
32
19
-29
6
-13
-46
-49
-81
-46
-44
-55
-50
-32
-74
-78
-76
-84
-87
-78
-145
-153
-122
-133
-151
-172
-135
-170
-148
-151
-159
-176
-179
-188
-181
-146
-129
-88
-48
-70
-82
-67
-21
-44
-88
-59
-75
-80
-106
-111
-43
-64
-45
-60
-61
-27
-27
-30
-59
-46
-35
-17
24
8
21
-4
-16
-31
-68
-60
-74
-84
-66
-82
-89
-81
-44
-52
-86
-133
-87
-1
16
16
-15
-25
-45
-3
-5
-30
-51
-104
-81
-80
-48
-78
-107
-44
-95
-156
-109
-143
-121
-66
-93
-73
-114
-90
-60
-70
-75
-66
-5
13
-9
-27
-1
18
39
2
-17
-25
-18
-14
-56
-83
-62
9
-1
7
-1
8
37
25
7
-40
-70
-33
-53
-72
-109
-104
-77
-76
-64
-67
-40
-75
-103
-38
-12
-28
-28
-20
-4
2
15
31
27
-15
-36
-18
21
58
26
10
14
27
33
38
63
33
30
22
-23
-18
-24
-52
-48
-77
-95
-53
-38
-24
-18
-19
-1
-16
24
55
18
64
65
22
58
-13
-65
-53
-59
-88
-48
-34
-93
-66
-44
-15
-66
-24
-64
-80
-38
-59
-31
-56
-42
-38
-12
-32
-66
-61
-46
-59
-13
-33
-8
-41
-44
-19
-39
-29
22
21
18
25
56
58
37
84
67
55
95
95
47
52
45
28
0
6
-27
-15
21
5
6
20
40
59
117
66
76
126
77
108
118
107
121
124
118
102
61
66
91
78
87
72
42
24
32
40
32
46
31
20
-6
-6
-11
-3
-54
-34
11
-45
-19
-39
-29
-60
-103
-67
-52
-50
-10
-3
17
-19
-24
9
-34
-14
4
-11
16
-13
1
53
7
21
52
14
13
15
35
49
91
112
77
85
79
106
124
95
90
101
124
105
158
145
141
148
114
94
108
140
159
156
165
121
109
140
100
139
166
132
83
106
74
89
109
66
62
79
66
97
144
94
106
100
81
88
73
59
55
42
64
22
-14
10
-2
6
14
19
11
5
28
50
15
50
71
48
56
57
101
44
37
13
10
18
-27
-3
14
-5
-24
-5
-18
-17
-11
26
13
45
49
54
44
61
60
18
6
34
51
14
-5
-11
-38
-1
-2
12
30
35
74
64
52
50
116
96
82
127
106
96
129
130
124
152
134
124
133
109
140
141
68
99
66
10
10
-15
29
27
73
89
67
88
67
73
92
70
65
108
97
67
41
55
59
77
85
89
115
153
162
178
175
180
167
185
224
180
214
164
148
199
176
170
164
169
160
143
161
141
149
175
144
201
219
237
250
223
258
216
182
205
164
132
188
151
132
131
82
104
68
34
57
43
37
91
111
132
130
106
119
108
140
135
117
107
35
99
139
138
159
116
152
201
188
180
187
230
231
200
209
279
237
274
266
249
248
222
217
152
151
128
123
77
109
167
148
164
159
159
160
152
168
165
154
149
128
159
199
209
206
214
186
166
162
213
225
247
176
224
263
238
261
295
331
265
295
241
229
284
274
299
303
307
333
306
270
255
252
245
226
217
270
256
304
326
311
322
285
251
219
253
258
272
259
285
326
285
303
307
335
334
288
257
293
322
334
301
311
346
325
307
306
242
245
266
248
288
234
189
182
147
153
167
155
137
189
234
194
190
185
237
237
231
234
212
223
242
242
269
294
311
307
314
322
279
311
313
356
403
392
382
398
358
391
394
366
403
423
409
356
371
463
453
423
408
421
451
452
424
370
379
378
378
409
408
350
337
334
271
320
406
441
458
444
484
536
549
593
578
517
483
502
560
568
598
507
492
559
551
559
514
486
454
442
487
517
527
527
500
478
460
399
384
392
360
391
394
402
352
309
287
283
241
215
260
280
326
356
346
298
280
278
315
341
321
393
426
433
477
496
446
415
445
448
491
474
498
536
525
538
514
468
522
504
552
541
563
567
553
539
543
542
452
450
445
450
444
494
507
470
418
336
321
334
325
349
361
363
324
307
343
324
352
415
410
430
456
479
494
475
535
559
586
550
582
620
607
620
613
607
548
574
635
591
615
605
571
552
525
508
528
520
474
407
377
421
344
282
296
322
267
168
9
-140
-142
-88
-57
-72
-140
-308
-395
-329
-284
-346
-440
-474
-443
-374
-384
-549
-630
-744
-710
-761
-789
-770
-866
-952
-1032
-1029
-989
-907
-844
-661
-564
-606
-783
-652
-232
119
208
-12
78
497
804
766
754
924
1152
1224
1296
1527
1841
1858
1571
1461
1770
2066
2000
1705
1453
1537
1646
1632
1586
1535
1390
1234
1094
999
1123
1073
858
716
728
810
810
723
630
502
335
321
431
510
500
350
194
247
377
438
467
323
212
182
169
231
319
268
33
-254
-329
-283
-157
-126
-354
-566
-809
-806
-674
-752
-1008
-1284
-1317
-1295
-1269
-1410
-1660
-1948
-2214
-2346
-2407
-2428
-2644
-3015
-2849
-2021
-1390
-1880
-3043
-3402
-2282
-1003
-710
-1211
-1292
-788
-313
-142
106
839
1409
1145
781
1260
2403
2939
2276
1525
1887
2834
3261
2855
2386
2272
2410
2301
2320
2632
2639
1971
1039
830
1398
1733
1236
400
18
25
119
45
-134
-278
-603
-1061
-1154
-709
-303
-305
-769
-1017
-761
-279
88
125
83
121
285
495
782
1107
1204
1057
946
1169
1534
1655
1519
1300
1309
1417
1403
1304
1176
1072
861
614
557
555
423
-32
-447
-468
-444
-567
-888
-1189
-1366
-1487
-1649
-1908
-1940
-2046
-2335
-2492
-2614
-2689
-2654
-2774
-2873
-3033
-3146
-3281
-3464
-3699
-3387
-2419
-1757
-2291
-3635
-4144
-2817
-969
-361
-1118
-1813
-1352
-323
375
643
1124
1559
1387
1201
1861
3129
3699
2948
1997
2254
3587
4349
3841
2849
2543
2967
3308
3392
3239
2811
1961
1239
1338
2003
2115
1144
-100
-531
-114
286
41
-687
-1290
-1661
-1698
-1422
-1000
-1029
-1630
-2146
-2111
-1412
-738
-676
-999
-1162
-868
-341
19
257
382
332
392
697
1147
1469
1425
1197
1201
1646
1869
1743
1459
1231
1274
1318
1300
1158
972
582
207
116
189
140
-217
-625
-822
-821
-919
-1169
-1409
-1469
-1502
-1681
-2003
-2221
-2251
-2222
-2351
-2497
-2698
-2901
-3025
-3080
-3169
-3265
-3663
-3559
-2550
-1835
-2433
-3864
-4164
-2540
-659
-513
-1793
-2297
-1308
-11
537
454
645
1105
1082
1151
1898
3093
3304
2224
1471
2225
3788
4168
3193
2293
2434
3178
3392
3012
2593
2250
1892
1583
1716
1989
1576
438
-271
115
784
537
-527
-1318
-1206
-830
-787
-961
-1062
-1161
-1506
-1653
-1410
-900
-708
-996
-1230
-840
-316
-189
-297
-269
157
631
683
548
700
991
1175
1209
1309
1474
1396
1111
984
1196
1421
1281
925
626
644
664
457
142
-46
-66
-136
-359
-723
-968
-1196
-1265
-1394
-1470
-1757
-2203
-2493
-2564
-2525
-2683
-3125
-3598
-3886
-3929
-4050
-4355
-3986
-3224
-3251
-4215
-5206
-4692
-2923
-1834
-2314
-3368
-3187
-1753
-534
-285
-531
-244
360
809
1337
2005
2664
2703
2261
2331
3321
4235
4042
3303
3022
3622
4285
4099
3496
3092
3034
2935
2730
2673
2475
1826
1078
869
1166
1117
456
-404
-746
-621
-674
-1004
-1279
-1316
-1353
-1531
-1740
-1698
-1449
-1331
-1337
-1234
-1009
-850
-894
-862
-480
30
148
-22
-62
212
659
855
888
1034
1130
1089
992
1064
1285
1381
1170
911
855
883
763
522
381
333
147
-214
-468
-533
-588
-789
-1114
-1411
-1500
-1591
-1875
-2252
-2512
-2676
-2899
-3191
-3513
-3819
-4091
-4458
-4054
-3115
-2932
-4017
-5428
-5305
-3358
-1898
-2234
-3528
-3591
-2149
-876
-666
-971
-503
334
668
862
1491
2389
2725
2254
2154
3175
4255
4113
3265
3080
3944
4657
4308
3621
3450
3564
3409
3092
2911
2888
2436
1654
1328
1548
1587
872
5
-230
-76
-171
-799
-1233
-1197
-1075
-1263
-1532
-1551
-1407
-1400
-1568
-1478
-1130
-909
-1007
-1061
-719
-227
-92
-120
61
464
772
786
808
1070
1444
1535
1382
1375
1562
1705
1604
1423
1381
1344
1229
937
683
600
552
322
-141
-472
-551
-686
-884
-1247
-1665
-1881
-2013
-2094
-2345
-2653
-2982
-3335
-3588
-3773
-4095
-3739
-3041
-3064
-4107
-5102
-4478
-2604
-1779
-2687
-3833
-3230
-1575
-568
-860
-1222
-513
465
820
977
1587
2398
2482
2056
2202
3245
3998
3649
3131
3358
4092
4216
3514
3203
3676
3989
3394
2733
2644
2794
2492
1754
1434
1593
1436
664
-102
-102
122
-185
-803
-1021
-831
-851
-1241
-1619
-1511
-1173
-1146
-1336
-1292
-1136
-1026
-947
-757
-361
-132
-185
-319
-42
396
700
703
717
974
1198
1234
1157
1275
1554
1661
1531
1426
1425
1342
1234
1175
1217
1183
784
331
121
138
61
-201
-535
-824
-1098
-1424
-1723
-1702
-1731
-2065
-2574
-3000
-3088
-3226
-3452
-3919
-3501
-2635
-2753
-4048
-5247
-4622
-2537
-1620
-2780
-4148
-3671
-1919
-971
-1327
-1827
-1177
-119
264
296
646
1514
1951
1643
1660
2516
3279
2996
2553
2811
3635
3886
3372
2939
3213
3459
3126
2647
2547
2691
2364
1651
1332
1573
1509
910
180
8
39
-198
-637
-825
-642
-804
-1264
-1677
-1576
-1277
-1308
-1496
-1567
-1368
-1238
-1378
-1346
-999
-596
-486
-637
-589
-279
99
187
285
656
883
903
762
862
1310
1607
1608
1421
1282
1275
1290
1316
1310
1301
1008
679
451
330
333
177
-39
-336
-697
-990
-1177
-1293
-1444
-1671
-1951
-2421
-2736
-3013
-3308
-3595
-3930
-3338
-2730
-3146
-4560
-5460
-4446
-2487
-1946
-3312
-4539
-3696
-1871
-944
-1574
-2157
-1339
-258
74
14
397
1205
1649
1387
1358
2254
2887
2733
2354
2620
3363
3459
2960
2712
3041
3311
2900
2433
2364
2529
2239
1516
1266
1362
1272
845
263
35
-21
-284
-671
-786
-701
-984
-1425
-1585
-1376
-1137
-1265
-1468
-1441
-1201
-1080
-1167
-1098
-768
-474
-503
-576
-436
-47
285
290
419
702
897
853
816
1077
1442
1610
1439
1247
1349
1492
1469
1260
1086
1025
981
725
374
245
250
93
-214
-527
-744
-909
-1124
-1379
-1625
-1889
-2177
-2469
-2772
-3094
-3371
-3690
-3891
-3464
-3033
-3416
-4596
-5202
-4280
-2677
-2541
-3732
-4483
-3366
-1852
-1470
-2123
-2305
-1192
-281
-175
-325
279
1197
1463
1192
1221
2184
2893
2620
2311
2711
3377
3438
2927
2832
3292
3434
2892
2450
2520
2697
2429
1737
1478
1506
1272
721
393
398
223
-274
-771
-759
-664
-999
-1541
-1678
-1429
-1308
-1551
-1791
-1601
-1282
-1234
-1375
-1265
-899
-661
-753
-793
-407
131
300
193
290
565
780
831
967
1290
1433
1223
1040
1211
1669
1810
1474
1168
1080
1311
1197
855
674
663
556
113
-258
-344
-333
-542
-902
-1223
-1434
-1622
-1900
-2176
-2337
-2617
-2939
-3388
-3558
-3812
-3745
-3181
-3030
-3756
-4900
-4941
-3567
-2392
-2766
-3972
-4094
-2703
-1543
-1597
-2261
-1935
-673
-35
-192
-255
419
1341
1425
1120
1473
2306
2643
2470
2395
2891
3355
3221
2934
3017
3295
3148
2659
2486
2727
2738
2164
1559
1541
1700
1410
810
361
216
83
-279
-554
-552
-734
-1112
-1348
-1361
-1292
-1412
-1730
-1708
-1492
-1310
-1414
-1584
-1442
-1052
-825
-853
-750
-535
-288
-233
-132
203
618
769
646
631
906
1228
1346
1252
1283
1338
1283
1228
1202
1280
1328
1195
1059
973
839
546
274
317
319
84
-392
-837
-912
-883
-1143
-1514
-1796
-1995
-2242
-2706
-2982
-3020
-3248
-3579
-3322
-3017
-3312
-4286
-4700
-3749
-2552
-2698
-3823
-4106
-2818
-1591
-1625
-2405
-2330
-1090
-334
-466
-576
69
995
1230
960
1160
1921
2396
2277
2237
2646
3014
2883
2572
2822
3253
3175
2607
2354
2554
2586
2122
1763
1832
1826
1277
525
411
609
429
-243
-745
-649
-488
-769
-1241
-1383
-1243
-1184
-1295
-1411
-1449
-1334
-1295
-1166
-916
-707
-761
-817
-548
-93
187
192
236
563
849
911
971
1160
1510
1623
1498
1489
1697
1801
1739
1571
1589
1670
1573
1259
1092
1180
943
525
311
351
402
65
-516
-739
-745
-860
-1154
-1560
-1792
-1854
-2070
-2425
-2714
-2777
-3019
-3431
-3825
-3955
-3340
-2970
-3414
-4454
-4950
-3906
-2378
-2428
-3509
-3874
-2746
-1464
-1369
-1951
-1845
-669
141
71
-62
470
1471
1756
1435
1504
2184
2746
2613
2582
2834
3200
3067
2720
3086
3510
3285
2620
2323
2635
2779
2251
1570
1565
1767
1392
657
364
634
561
-143
-711
-654
-381
-533
-961
-1208
-1117
-1029
-1146
-1180
-1021
-882
-972
-1007
-739
-369
-268
-336
-168
342
649
588
585
953
1423
1525
1462
1505
1838
1971
1798
1782
1966
2191
2008
1655
1559
1670
1791
1541
1170
927
861
863
612
326
73
-133
-347
-563
-698
-961
-1296
-1516
-1635
-1835
-2069
-2385
-2620
-2793
-2900
-2987
-3352
-3660
-3966
-3518
-2890
-3043
-3920
-4542
-3860
-2485
-2010
-2932
-3477
-2571
-1149
-763
-1278
-1383
-283
726
708
434
774
1901
2434
2108
1812
2344
3176
3348
3195
3178
3409
3497
3308
3403
3589
3493
2972
2628
2789
2824
2465
1882
1728
1802
1501
822
290
384
372
-106
-666
-913
-818
-933
-1222
-1505
-1461
-1428
-1551
-1533
-1371
-1217
-1278
-1333
-1012
-552
-402
-474
-436
-10
484
636
599
781
1261
1519
1510
1435
1716
2062
2037
1909
1968
2223
2192
1982
1793
1829
1863
1593
1296
1113
1111
1029
713
408
189
-2
-192
-382
-604
-901
-1305
-1660
-1793
-1846
-2132
-2610
-2935
-3025
-2982
-3153
-3614
-3815
-3903
-3883
-3326
-3145
-3519
-4202
-4309
-3299
-2197
-2221
-2942
-2935
-1833
-792
-646
-1084
-780
469
1171
989
802
1523
2517
2715
2402
2376
3022
3546
3497
3308
3414
3737
3623
3326
3248
3289
3182
2737
2402
2315
2184
1798
1326
1173
1039
617
39
-344
-249
-402
-893
-1395
-1560
-1439
-1553
-1789
-1942
-1899
-1809
-1796
-1767
-1587
-1309
-1063
-885
-740
-465
-158
99
408
726
969
1057
1169
1586
1996
2143
2062
2059
2317
2510
2552
2441
2443
2523
2412
2175
2020
2098
2046
1698
1220
920
826
731
341
-83
-320
-493
-818
-1232
-1555
-1740
-1867
-2137
-2514
-2813
-3045
-3181
-3365
-3514
-3690
-3883
-3997
-4130
-4187
-4250
-4158
-3545
-3115
-3439
-4077
-4025
-2771
-1556
-1652
-2483
-2416
-1054
118
112
-429
-89
1096
1808
1583
1363
2032
3009
3232
2796
2706
3293
3725
3582
3366
3441
3509
3285
3050
3126
3074
2561
2006
1759
1797
1593
821
173
205
276
-65
-706
-1200
-1077
-1057
-1390
-1867
-2023
-1923
-1907
-1894
-1973
-1943
-1760
-1506
-1193
-1041
-975
-787
-366
61
294
375
526
927
1335
1537
1637
1794
2076
2256
2206
2195
2379
2623
2581
2402
2245
2230
2161
1961
1784
1661
1467
1078
616
414
321
63
-337
-703
-962
-1129
-1497
-1978
-2268
-2354
-2423
-2776
-3135
-3285
-3249
-3319
-3531
-3617
-3584
-3568
-3619
-3703
-3611
-3453
-3440
-3447
-3409
-2726
-2012
-2177
-2846
-2940
-1787
-465
-448
-1335
-1453
-120
1094
1115
521
667
1741
2369
2131
1906
2441
3261
3361
2735
2560
3194
3713
3349
2874
2881
2994
2792
2361
2183
2268
2027
1433
967
878
763
340
-96
-246
-266
-644
-1187
-1462
-1293
-1263
-1608
-1940
-1810
-1554
-1648
-1778
-1633
-1232
-1025
-1173
-1099
-694
-185
-13
-99
26
435
816
929
1147
1550
1844
1904
1796
1843
2185
2412
2311
2088
2049
2125
2015
1773
1572
1492
1394
1060
721
408
294
130
-136
-465
-778
-1097
-1459
-1637
-1757
-1982
-2274
-2558
-2661
-2662
-2777
-2931
-3034
-2985
-2890
-2782
-2863
-2857
-2699
-2542
-2459
-2441
-2349
-2156
-1994
-2004
-2025
-1935
-1226
-660
-923
-1686
-1753
-528
642
410
-605
-701
562
1643
1379
576
655
1785
2370
1892
1431
1816
2544
2495
1822
1592
2086
2325
1949
1496
1502
1644
1442
1066
983
1008
810
395
191
324
185
-231
-620
-511
-315
-545
-966
-1094
-820
-713
-979
-1192
-942
-582
-454
-508
-544
-444
-235
59
351
394
250
268
574
978
1121
981
768
1007
1510
1747
1545
1290
1384
1621
1586
1286
1138
1148
1056
766
483
370
312
83
-210
-390
-545
-756
-1034
-1237
-1313
-1373
-1596
-1815
-1816
-1762
-1820
-1993
-2191
-2060
-1956
-1919
-1981
-1990
-1897
-1800
-1619
-1582
-1420
-1325
-1392
-1304
-1109
-857
-816
-866
-858
-776
-794
-938
-912
-340
35
-524
-1495
-1650
-438
550
3
-1234
-1241
72
807
286
-499
-237
779
1054
427
233
809
1312
1004
410
450
1041
1221
814
590
911
1260
1138
933
1103
1347
1156
849
906
1194
1223
813
575
842
981
677
228
207
543
455
98
-119
116
330
164
-16
-127
-74
-90
-137
9
100
16
-203
-325
-94
54
56
-182
-252
-111
-48
-119
-161
-65
-7
-120
-299
-266
-111
-153
-223
-207
-212
-250
-347
-340
-263
-251
-370
-523
-427
-309
-323
-453
-570
-372
-227
-292
-422
-478
-327
-247
-296
-424
-428
-314
-346
-413
-451
-387
-292
-320
-384
-517
-595
-563
-490
-580
-691
-849
-979
-1067
-1195
-1326
-1059
-811
-1151
-1852
-2089
-1280
-507
-783
-1612
-1701
-845
-156
-361
-803
-661
43
402
244
173
674
1292
1228
926
1064
1664
1986
1790
1546
1682
1980
1975
1847
1911
1948
1847
1580
1561
1718
1621
1344
1088
1128
1067
664
319
257
304
129
-383
-696
-611
-551
-830
-1128
-1207
-1155
-1258
-1547
-1595
-1424
-1347
-1535
-1628
-1477
-1193
-1060
-1186
-1104
-749
-534
-533
-528
-212
159
233
98
165
525
789
780
671
850
1115
1205
1037
1031
1159
1256
1129
943
967
1022
992
793
688
625
494
324
190
217
190
-71
-280
-296
-237
-280
-515
-671
-641
-564
-710
-929
-988
-922
-902
-982
-1181
-1238
-1255
-1290
-1424
-1563
-1617
-1649
-1830
-1700
-1276
-1218
-1681
-2188
-1831
-859
-475
-1049
-1558
-1038
16
295
-53
-252
336
1073
1160
898
1088
1669
1962
1674
1484
1826
2278
2267
1981
1965
2157
2199
1844
1749
1948
1885
1428
951
965
1075
826
232
-72
-32
-129
-611
-1091
-1151
-1032
-1245
-1669
-1919
-1796
-1687
-1844
-2080
-1984
-1624
-1564
-1665
-1621
-1369
-989
-778
-743
-572
-331
-19
207
481
727
881
948
1006
1383
1738
1902
1866
1766
1809
1896
2062
2023
1961
1908
1686
1606
1547
1494
1392
1147
867
699
626
479
271
67
-139
-226
-455
-675
-771
-834
-898
-1010
-1109
-1106
-1069
-1083
-1117
-1146
-1099
-1034
-991
-1010
-939
-929
-833
-751
-724
-667
-749
-728
-675
-610
-615
-739
-759
-674
-273
-120
-432
-839
-839
-204
347
151
-478
-539
117
585
426
67
85
543
785
659
540
714
1046
1016
670
599
842
1064
1021
819
703
691
661
545
506
492
346
96
34
86
41
-180
-406
-356
-290
-386
-642
-735
-544
-391
-495
-702
-673
-494
-432
-465
-428
-232
-24
-17
92
223
266
400
520
793
912
796
738
880
1237
1330
1163
979
1067
1309
1315
1113
1016
1156
1227
955
723
741
933
856
566
361
332
365
245
121
73
29
-77
-281
-310
-149
-94
-194
-389
-368
-190
-69
-90
-139
-43
77
134
162
161
190
160
167
196
183
188
162
63
-5
2
-30
-74
-156
-280
-451
-578
-627
-747
-914
-1110
-1229
-1008
-917
-1220
-1683
-1756
-1321
-1042
-1331
-1791
-1692
-1113
-819
-996
-1158
-909
-395
-293
-438
-330
37
414
429
239
339
721
924
871
873
1054
1184
1152
1118
1224
1363
1323
1144
1070
1177
1125
946
817
841
880
702
476
376
447
356
236
119
90
122
-28
-182
-214
-164
-203
-382
-490
-349
-228
-248
-366
-351
-203
-18
10
-40
-23
135
276
317
270
305
409
499
567
565
609
647
682
731
791
759
808
900
953
910
791
766
869
1013
951
800
685
710
790
724
592
532
515
523
424
396
386
323
213
56
26
47
-69
-267
-417
-458
-513
-701
-898
-963
-971
-1024
-1184
-1375
-1440
-1354
-1370
-1549
-1670
-1569
-1531
-1622
-1728
-1785
-1744
-1569
-1288
-1295
-1531
-1632
-1353
-770
-593
-864
-1014
-554
46
206
80
50
493
924
1002
971
1123
1420
1581
1475
1352
1481
1734
1680
1497
1496
1541
1526
1398
1288
1293
1142
837
662
660
636
392
91
-46
-25
-114
-403
-612
-624
-528
-689
-884
-969
-938
-884
-947
-970
-952
-878
-796
-745
-694
-688
-626
-390
-130
-17
-97
-87
190
482
560
538
557
811
1040
1039
1021
1105
1261
1322
1308
1134
1146
1205
1197
1125
1020
1017
932
873
769
727
674
588
447
362
361
302
169
-17
-69
-83
-147
-338
-461
-507
-562
-577
-698
-759
-839
-877
-852
-929
-891
-880
-917
-916
-872
-776
-756
-801
-768
-742
-778
-797
-817
-754
-730
-757
-833
-850
-787
-798
-833
-905
-740
-447
-354
-568
-797
-636
-157
-58
-323
-464
-234
99
125
16
3
214
361
286
211
289
503
473
351
379
494
620
525
507
538
492
459
279
263
368
369
194
66
218
308
192
17
-13
150
99
-77
-97
2
66
-112
-171
-109
5
-53
-157
-147
-90
-3
-91
-84
50
107
-12
-64
55
251
273
200
137
242
386
359
327
229
374
464
411
374
318
355
409
416
480
531
481
456
445
450
435
384
402
428
363
231
104
213
307
256
169
81
66
151
92
1
48
-14
-64
-127
-142
-133
-110
-115
-145
-262
-200
-209
-222
-189
-262
-299
-299
-346
-400
-403
-432
-463
-508
-556
-566
-587
-597
-703
-851
-891
-936
-1014
-1074
-1120
-1015
-855
-930
-1104
-1202
-943
-651
-675
-924
-911
-582
-413
-474
-554
-428
-232
-43
-88
-47
190
329
367
413
523
720
845
797
833
901
938
901
893
979
988
852
633
719
896
876
631
421
432
516
449
281
192
81
23
-94
-202
-249
-217
-315
-405
-443
-390
-328
-380
-424
-443
-402
-418
-326
-212
-119
-99
-104
-31
145
289
329
350
443
564
639
775
853
954
1017
1067
1125
1179
1201
1197
1164
1116
1108
1119
1036
906
900
896
761
611
583
562
472
260
115
72
33
-70
-222
-310
-376
-394
-469
-527
-543
-548
-616
-665
-658
-649
-697
-680
-719
-751
-764
-786
-731
-696
-710
-683
-691
-628
-559
-635
-639
-671
-568
-458
-537
-604
-612
-557
-578
-652
-584
-439
-415
-610
-757
-583
-309
-252
-425
-542
-419
-175
-57
-175
-196
-94
-35
-27
7
67
229
296
232
210
369
462
456
461
464
538
496
406
453
568
540
389
313
377
383
311
194
188
244
192
63
-19
-47
-21
-75
-147
-179
-190
-156
-175
-125
-105
-93
-118
-97
-2
83
75
103
228
242
312
301
352
484
586
649
653
671
771
777
727
697
716
809
795
724
595
591
665
624
523
363
259
208
152
77
-27
-78
-128
-199
-270
-341
-355
-371
-367
-412
-399
-424
-488
-378
-289
-305
-364
-341
-311
-204
-208
-165
-154
-136
-96
-140
-92
-64
-41
-168
-162
-162
-147
-140
-263
-335
-358
-335
-367
-505
-608
-621
-709
-791
-867
-925
-998
-1085
-1115
-1043
-1086
-1253
-1341
-1240
-1097
-1061
-1191
-1230
-1016
-842
-833
-879
-819
-556
-334
-274
-134
4
194
271
308
440
675
791
712
792
980
1135
1123
1123
1126
1232
1206
1048
1039
1102
1116
1019
919
963
929
878
740
612
574
440
347
270
156
133
77
-28
-89
-181
-274
-327
-314
-326
-328
-319
-337
-285
-241
-224
-211
-157
-153
-213
-190
-101
8
67
-15
-1
84
183
279
337
385
414
439
563
669
685
689
694
717
774
812
845
827
817
854
841
735
671
662
730
724
615
564
475
479
385
250
129
20
-23
-147
-273
-396
-486
-583
-738
-808
-895
-952
-1017
-1101
-1159
-1257
-1244
-1282
-1309
-1339
-1360
-1376
-1411
-1386
-1323
-1334
-1350
-1265
-1219
-1205
-1136
-1025
-888
-697
-583
-600
-588
-450
-195
46
90
31
180
331
558
649
654
733
848
929
995
1083
1166
1217
1169
1147
1175
1168
1162
1077
980
869
812
788
670
573
489
333
176
140
67
-48
-225
-278
-307
-380
-490
-608
-602
-628
-738
-765
-753
-630
-613
-641
-609
-590
-481
-450
-392
-332
-285
-176
-101
-46
111
244
353
425
492
646
769
787
789
864
944
1050
1036
1001
1006
1029
1047
968
961
931
912
906
828
755
600
590
506
391
261
114
70
-35
-133
-233
-321
-394
-459
-546
-595
-653
-757
-831
-867
-859
-846
-851
-802
-813
-735
-726
-694
-657
-685
-682
-654
-574
-583
-583
-552
-468
-403
-424
-444
-361
-345
-306
-243
-304
-368
-438
-417
-389
-319
-325
-391
-376
-348
-250
-194
-279
-402
-346
-278
-229
-314
-447
-443
-293
-208
-242
-266
-191
-111
-76
-100
-47
31
67
122
123
141
147
229
249
301
324
381
409
388
393
403
426
382
349
295
288
301
242
233
219
165
156
140
87
28
53
22
-98
-209
-267
-234
-157
-158
-242
-222
-213
-174
-143
-105
-94
-41
-26
-82
-10
94
133
85
69
87
147
193
184
189
287
355
375
378
429
511
549
527
457
469
479
453
410
375
366
303
249
145
109
155
83
14
-33
-61
-73
-117
-239
-311
-331
-403
-466
-522
-526
-582
-676
-670
-692
-737
-756
-751
-746
-775
-775
-776
-790
-828
-805
-823
-886
-886
-859
-799
-838
-767
-770
-730
-701
-667
-627
-658
-577
-598
-580
-471
-432
-340
-265
-241
-277
-278
-223
-97
-39
-86
-146
-22
103
109
117
148
222
250
283
303
357
327
302
284
241
221
169
76
63
49
29
-31
-152
-172
-168
-201
-353
-432
-430
-394
-417
-521
-516
-491
-528
-570
-598
-560
-491
-515
-507
-466
-482
-440
-315
-247
-225
-141
-29
89
155
210
307
427
476
480
539
573
630
656
658
680
720
770
758
703
729
727
740
656
561
546
476
468
347
280
268
191
122
57
-47
-97
-155
-231
-272
-336
-386
-435
-432
-442
-486
-520
-524
-539
-524
-521
-560
-563
-539
-485
-465
-452
-405
-331
-335
-346
-289
-253
-229
-229
-250
-250
-215
-199
-250
-245
-242
-216
-235
-282
-297
-292
-285
-292
-347
-459
-455
-471
-439
-466
-451
-493
-552
-563
-559
-515
-546
-538
-625
-598
-573
-495
-516
-611
-548
-496
-420
-372
-324
-302
-288
-276
-200
-163
-102
-34
-44
-15
13
3
60
125
150
142
100
126
156
238
222
221
227
242
283
254
239
240
297
255
164
136
134
154
78
17
-29
-46
-64
-70
-126
-140
-141
-160
-63
-62
-148
-142
-48
23
76
64
46
40
99
159
184
211
201
258
285
293
334
347
345
338
346
319
359
328
354
402
350
353
302
273
281
196
126
154
101
67
-11
-58
-97
-151
-205
-276
-333
-360
-405
-504
-563
-604
-676
-661
-709
-740
-786
-781
-787
-887
-864
-813
-867
-881
-873
-908
-818
-804
-764
-801
-755
-674
-655
-617
-596
-497
-461
-410
-388
-359
-297
-295
-303
-261
-233
-234
-204
-204
-186
-126
-71
-39
-105
-135
-50
37
47
-26
5
50
66
-4
-16
-28
16
27
24
37
-12
7
61
62
41
35
10
34
34
40
58
22
-15
-4
26
-4
-7
-29
-7
36
57
80
163
193
128
130
104
149
123
104
128
112
104
202
222
316
338
341
403
404
423
451
426
422
471
430
429
441
455
393
310
267
224
201
148
139
120
38
25
14
-69
-110
-193
-257
-236
-274
-339
-420
-427
-482
-511
-570
-517
-503
-581
-589
-650
-550
-471
-531
-513
-529
-495
-468
-489
-435
-405
-335
-252
-284
-316
-307
-197
-123
-107
-91
-96
-68
-78
-29
-40
-62
-40
-64
-67
-91
-66
-99
-148
-155
-237
-301
-326
-335
-370
-443
-470
-487
-534
-526
-517
-609
-665
-649
-595
-526
-556
-573
-576
-520
-476
-465
-430
-351
-289
-206
-155
-61
6
69
150
163
211
263
338
351
406
422
476
493
570
614
598
643
658
658
647
619
542
559
500
509
421
388
322
193
155
60
-19
-54
-112
-187
-175
-165
-189
-231
-283
-282
-245
-263
-291
-299
-260
-253
-271
-255
-255
-261
-228
-186
-208
-144
-154
-109
-37
-27
-3
-2
30
76
116
109
137
162
153
128
107
93
78
34
-5
31
17
-15
-77
-153
-165
-157
-237
-310
-290
-361
-401
-476
-524
-564
-564
-518
-548
-609
-570
-590
-609
-608
-660
-636
-630
-671
-677
-642
-645
-647
-578
-559
-552
-495
-507
-433
-374
-359
-341
-358
-307
-257
-225
-211
-179
-164
-151
-102
-93
-52
-26
-34
-92
-62
-13
-64
-77
-70
-89
-70
-132
-182
-227
-231
-244
-263
-346
-364
-351
-380
-376
-408
-434
-449
-428
-365
-336
-398
-459
-423
-411
-379
-376
-323
-244
-204
-186
-128
-118
-153
-83
-91
-87
-5
59
132
109
135
211
201
210
236
264
210
210
148
138
114
121
133
95
28
57
89
36
-64
-37
-41
-92
-159
-258
-265
-371
-393
-398
-424
-462
-460
-508
-455
-502
-543
-519
-565
-520
-584
-621
-640
-589
-543
-588
-581
-562
-531
-477
-521
-535
-503
-440
-384
-375
-403
-405
-329
-304
-272
-233
-227
-195
-172
-155
-195
-185
-112
-96
-64
-86
-115
-101
-117
-149
-189
-232
-230
-278
-289
-363
-373
-436
-477
-469
-490
-482
-507
-563
-570
-575
-640
-642
-659
-650
-675
-662
-682
-690
-664
-696
-689
-695
-640
-586
-566
-519
-548
-511
-404
-318
-297
-268
-193
-76
-6
38
24
112
187
215
309
286
360
381
403
398
382
362
378
378
404
438
397
417
339
302
295
284
282
220
176
143
96
51
-13
-106
-165
-203
-228
-241
-291
-357
-336
-366
-408
-441
-441
-373
-323
-310
-313
-302
-225
-220
-227
-178
-126
-100
-45
-39
-22
32
88
124
148
161
192
161
206
252
252
296
284
300
279
255
258
276
248
174
146
216
207
154
65
-27
-36
-71
-126
-214
-274
-272
-342
-385
-430
-416
-396
-396
-352
-387
-412
-349
-358
-356
-309
-277
-294
-332
-240
-208
-159
-93
-72
-35
69
116
102
162
205
272
325
359
383
426
460
535
564
519
516
556
608
607
603
507
556
543
522
495
449
468
467
443
349
328
270
303
238
188
136
61
102
120
95
46
45
5
33
50
37
74
55
62
74
121
165
184
217
245
245
261
286
349
363
385
422
465
424
434
449
472
496
488
498
477
501
546
507
492
499
464
487
443
405
364
354
343
337
292
309
295
276
280
261
211
159
104
97
134
35
7
-19
-21
-19
-15
24
70
94
115
132
73
48
54
49
43
125
181
160
215
196
236
307
278
243
271
325
367
346
313
314
364
412
355
358
443
441
375
386
352
384
330
285
299
297
272
221
225
233
261
270
214
227
222
232
202
212
192
142
154
161
172
177
201
172
160
173
160
126
125
123
184
238
257
282
296
315
313
329
336
320
273
259
311
353
354
370
379
404
408
442
405
394
398
425
472
379
397
344
313
359
323
257
239
204
144
132
154
126
81
148
170
124
60
68
65
7
-28
-79
-55
-89
-121
-169
-219
-208
-239
-229
-155
-135
-143
-137
-163
-91
-56
-49
-23
4
15
-4
81
143
170
136
152
189
187
170
133
179
223
220
188
158
157
182
158
150
142
150
131
70
35
47
31
-20
4
-27
-73
-134
-107
-107
-167
-204
-229
-220
-202
-129
-101
-97
-86
-86
-104
-52
-54
-111
-111
-94
-111
-136
-109
-128
-122
-153
-200
-127
-156
-236
-208
-145
-80
-72
-113
-106
-102
-150
-161
-221
-276
-347
-392
-370
-387
-442
-542
-593
-567
-575
-586
-604
-555
-530
-574
-549
-515
-441
-408
-382
-371
-379
-364
-369
-272
-248
-266
-192
-215
-221
-186
-154
-134
-145
-126
-150
-146
-125
-74
-53
-144
-117
-130
-194
-197
-234
-290
-291
-264
-264
-267
-314
-317
-340
-353
-303
-351
-364
-363
-360
-361
-367
-318
-360
-349
-383
-383
-366
-323
-289
-265
-279
-234
-213
-251
-198
-186
-158
-154
-107
-46
-40
-69
-67
-16
-18
0
25
32
-26
-10
18
32
23
19
12
8
41
54
63
38
0
-20
-43
-62
-58
-93
-94
-48
-55
-101
-120
-147
-139
-126
-78
-129
-147
-144
-135
-137
-189
-145
-104
-49
-43
2
29
46
102
122
171
173
211
202
257
324
317
365
419
414
425
455
502
501
495
519
525
546
529
600
628
608
656
652
661
700
701
624
625
629
624
657
631
571
556
591
564
598
620
620
623
559
599
584
516
518
525
535
463
480
494
471
425
374
437
431
484
508
537
573
571
559
555
541
595
616
579
584
608
605
608
622
652
679
690
716
712
723
728
762
739
728
752
789
792
761
744
706
706
659
626
609
531
478
478
484
482
498
522
510
520
498
509
507
416
421
403
393
409
361
338
333
355
341
332
312
349
416
456
491
471
496
540
603
614
558
557
568
605
605
549
582
619
603
603
622
643
663
642
692
676
646
715
706
706
702
698
706
715
652
620
612
619
574
627
602
576
525
522
553
515
544
502
470
482
435
422
382
340
335
321
323
320
294
275
278
307
351
324
235
254
241
247
264
273
326
320
319
292
308
304
293
347
327
303
316
309
352
325
322
335
269
306
275
270
307
302
311
347
365
313
331
372
290
299
335
283
284
331
263
277
298
325
370
345
334
351
407
407
432
439
426
469
479
501
529
534
562
547
537
484
493
493
504
516
530
494
489
512
545
568
536
573
594
587
573
578
539
520
575
520
494
531
509
507
498
511
500
484
501
495
534
518
556
557
537
464
424
404
415
453
423
425
371
374
396
369
431
385
412
482
428
394
422
413
390
358
365
410
402
415
386
386
386
334
310
234
194
205
182
200
221
164
197
190
192
198
159
165
152
146
116
143
114
104
96
101
152
190
170
166
188
217
213
266
349
308
277
343
381
387
454
482
494
454
434
434
436
458
503
460
467
457
434
421
394
400
362
346
332
352
327
255
237
196
194
229
202
173
196
192
190
218
244
271
307
305
285
310
316
299
328
342
367
381
384
454
442
448
449
443
462
420
437
417
380
416
403
386
358
350
340
301
332
319
264
243
277
225
211
210
199
206
143
138
130
175
125
97
151
126
126
118
95
142
104
106
140
119
173
152
136
176
153
174
152
171
202
131
224
201
145
183
219
249
244
265
280
269
280
271
247
270
254
240
237
202
204
254
229
237
272
266
278
296
324
288
278
290
258
248
277
256
235
183
117
116
129
109
100
97
124
114
186
202
214
192
221
255
232
243
184
222
248
236
222
189
198
211
236
157
185
193
199
260
252
261
271
252
233
263
291
297
213
206
206
188
206
163
142
142
100
52
2
14
35
-18
22
-46
-53
-10
-2
-14
-62
-73
-49
-65
-121
-97
-122
-114
-71
-49
-43
-17
40
53
57
35
45
75
58
107
36
38
37
48
39
-10
14
11
1
-16
9
9
49
9
62
87
30
40
-16
4
-55
-57
-53
-50
-71
-95
-101
-119
-94
-46
-30
17
46
68
84
37
16
-3
-24
-4
-41
-22
-36
-119
-86
-124
-92
-58
-91
-57
-21
-13
-26
-63
-136
-136
-114
-141
-114
-170
-178
-183
-171
-178
-223
-192
-238
-238
-289
-356
-322
-342
-345
-323
-312
-308
-336
-341
-344
-350
-362
-357
-395
-414
-439
-449
-451
-470
-465
-503
-493
-537
-544
-524
-476
-473
-476
-481
-497
-529
-588
-539
-521
-525
-512
-480
-518
-500
-515
-538
-563
-528
-469
-420
-366
-323
-298
-279
-236
-239
-233
-243
-214
-234
-262
-220
-174
-223
-208
-206
-228
-241
-229
-237
-217
-149
-185
-119
-145
-143
-74
-172
-219
-238
-270
-269
-240
-235
-213
-239
-234
-211
-271
-257
-271
-257
-213
-232
-242
-188
-225
-184
-204
-163
-206
-213
-187
-172
-125
-168
-175
-214
-176
-201
-237
-203
-232
-247
-280
-248
-270
-258
-226
-195
-206
-219
-200
-281
-280
-276
-305
-288
-328
-325
-312
-361
-340
-341
-349
-356
-310
-307
-270
-223
-202
-216
-213
-159
-145
-134
-131
-81
-77
-88
-39
-45
36
33
30
84
101
124
148
191
175
207
210
182
195
181
205
184
150
170
127
158
193
143
166
182
197
150
137
133
61
42
42
-16
21
14
14
31
46
69
92
87
90
108
119
108
93
118
138
122
136
127
93
145
145
118
158
181
145
157
159
162
175
127
169
188
177
161
136
145
133
87
83
90
62
90
39
-39
-39
-4
-49
-31
-14
-18
47
42
67
58
24
5
39
51
34
64
68
96
121
126
148
147
149
166
156
163
182
237
218
216
206
217
248
204
163
184
163
152
95
115
141
170
182
194
192
159
216
213
234
228
294
309
295
309
288
305
338
280
287
340
402
416
430
488
499
522
551
553
593
605
592
595
591
596
541
562
592
572
544
573
565
549
522
470
479
486
506
496
503
512
532
552
549
553
550
515
512
528
510
496
456
491
486
511
506
505
539
535
529
565
533
514
545
506
542
521
578
542
554
613
591
590
563
623
594
586
554
537
519
549
533
502
485
475
453
421
440
395
358
353
336
336
338
329
342
369
321
349
371
325
283
278
296
303
342
359
293
314
368
379
402
451
494
519
577
588
535
554
528
551
603
596
667
596
598
556
630
641
606
587
569
565
533
520
508
518
471
463
437
426
396
365
369
330
322
284
299
290
312
288
310
320
263
219
250
290
269
284
295
226
199
199
175
213
148
165
170
108
97
132
83
54
114
121
134
117
94
84
24
-9
9
-35
-15
53
26
18
56
27
71
48
72
104
112
161
191
190
200
189
187
182
121
146
169
153
172
225
197
185
186
162
160
102
100
110
113
77
78
36
15
-5
-50
-38
-73
-48
-32
-21
11
-16
-2
-17
11
-14
5
10
-6
-65
-51
-29
-26
-6
16
18
53
127
109
188
201
225
238
255
253
204
205
231
174
184
136
161
152
117
157
131
106
57
99
47
16
-6
-37
-23
-36
-79
-91
-100
-115
-155
-252
-233
-251
-257
-232
-264
-320
-349
-341
-345
-322
-309
-286
-269
-224
-210
-177
-218
-146
-159
-132
-104
-71
-38
-59
-31
-69
-30
-25
9
42
16
48
24
21
32
75
113
68
46
88
64
59
34
13
27
-3
17
-15
18
30
13
-21
-33
-9
7
-28
-45
-73
-62
-80
-92
-70
-84
-111
-107
-127
-118
-114
-138
-92
-130
-95
-76
-91
-141
-135
-100
-106
-71
-63
-78
-108
-62
-42
-19
1
38
60
62
40
38
100
75
60
66
57
12
20
35
15
-37
-75
-72
-54
-25
-54
-116
-137
-143
-177
-194
-157
-142
-139
-154
-151
-150
-87
-135
-191
-237
-274
-244
-293
-238
-256
-278
-245
-220
-212
-228
-222
-199
-223
-240
-209
-227
-252
-273
-259
-262
-288
-318
-289
-290
-293
-263
-295
-247
-277
-259
-246
-271
-216
-216
-195
-195
-196
-202
-208
-196
-176
-190
-208
-176
-185
-143
-117
-155
-130
-131
-161
-161
-179
-169
-170
-234
-209
-190
-206
-131
-149
-179
-220
-245
-256
-226
-197
-157
-139
-222
-211
-189
-252
-257
-245
-262
-270
-247
-164
-171
-174
-194
-190
-212
-231
-239
-254
-246
-251
-272
-275
-287
-316
-276
-304
-309
-250
-274
-319
-353
-356
-315
-296
-281
-255
-217
-214
-235
-234
-246
-275
-324
-332
-298
-335
-349
-360
-302
-324
-353
-364
-350
-355
-348
-396
-391
-367
-384
-441
-435
-381
-395
-404
-413
-363
-370
-328
-336
-298
-255
-226
-248
-245
-185
-193
-193
-264
-259
-244
-247
-226
-174
-153
-176
-179
-166
-168
-163
-137
-147
-139
-102
-127
-107
-89
-143
-126
-162
-134
-131
-111
-90
-136
-114
-89
-87
-93
-100
-115
-124
-100
-52
-63
-108
-33
-28
-47
-38
-72
-71
-80
-76
-101
-113
-134
-164
-159
-115
-122
-130
-115
-195
-185
-166
-163
-147
-168
-207
-233
-258
-206
-188
-260
-244
-263
-296
-315
-334
-308
-284
-308
-306
-298
-261
-249
-258
-250
-246
-238
-245
-275
-227
-202
-191
-187
-145
-143
-171
-140
-140
-122
-152
-156
-108
-118
-98
-102
-97
-131
-106
-68
-59
-22
-80
-100
-112
-129
-134
-146
-146
-104
-108
-118
-165
-166
-117
-129
-153
-149
-149
-157
-169
-175
-191
-180
-167
-165
-159
-142
-105
-128
-113
-74
-69
-101
-118
-115
-64
-103
-137
-75
-107
-100
-121
-142
-130
-136
-158
-187
-150
-170
-183
-162
-130
-192
-184
-134
-115
-128
-165
-160
-207
-193
-245
-242
-275
-285
-224
-219
-237
-258
-216
-214
-203
-263
-241
-221
-276
-276
-282
-304
-308
-291
-265
-227
-237
-256
-234
-214
-214
-245
-193
-168
-157
-135
-79
-58
-96
-57
-40
-37
-53
-35
-15
-5
-32
-47
-35
-29
-38
-45
-34
-45
-87
-136
-76
-101
-91
-134
-117
-102
-108
-91
-144
-164
-201
-178
-189
-205
-240
-235
-250
-283
-288
-257
-272
-249
-229
-265
-266
-279
-264
-250
-166
-137
-129
-85
-70
-109
-92
-89
-99
-127
-104
-116
-151
-162
-166
-117
-156
-142
-125
-104
-107
-116
-104
-94
-73
-77
-124
-96
-53
-108
-93
-115
-91
-101
-118
-75
-127
-158
-181
-225
-222
-173
-196
-209
-220
-179
-196
-200
-180
-192
-154
-142
-167
-145
-167
-165
-134
-182
-213
-270
-274
-304
-272
-238
-243
-253
-248
-212
-162
-136
-146
-97
-108
-124
-117
-132
-145
-138
-175
-186
-186
-209
-207
-218
-186
-153
-123
-94
-41
-33
-49
-20
-11
-72
-43
-79
-41
-27
-88
-86
-96
-114
-116
-115
-127
-110
-84
-46
-72
-42
-36
-25
18
-49
-78
-59
-98
-98
-107
-147
-151
-140
-197
-171
-121
-159
-97
-73
-73
-116
-114
-70
-70
-71
-90
-48
-64
-72
-72
-118
-107
-95
-84
-92
-133
-197
-171
-107
-70
-87
-92
-63
-23
-15
3
-12
-41
-34
-68
-81
-92
-116
-86
-142
-191
-215
-223
-205
-252
-205
-182
-217
-258
-235
-249
-278
-260
-255
-228
-237
-266
-259
-310
-318
-264
-265
-252
-248
-212
-201
-162
-97
-58
-48
-85
-76
-57
21
10
-16
-15
51
88
49
66
108
118
112
68
60
62
38
-26
-27
-15
3
-2
15
56
46
35
-12
-28
-32
-63
-97
-108
-172
-144
-149
-126
-151
-91
-103
-77
-72
-68
-73
-119
-79
-65
-52
-56
-57
-67
-64
-68
-57
-127
-73
-77
-72
-92
-169
-200
-181
-151
-175
-144
-197
-212
-223
-211
-233
-248
-222
-234
-228
-206
-187
-198
-243
-238
-248
-235
-183
-197
-172
-168
-162
-118
-125
-136
-153
-148
-133
-75
-72
-57
-36
-37
9
-8
-2
14
5
-8
-84
-100
-88
-69
-37
-32
-36
-28
10
15
9
2
18
-5
-49
-102
-130
-128
-122
-108
-79
-140
-140
-101
-87
-14
-3
21
74
112
138
101
85
124
82
42
17
-23
-29
1
-26
31
38
-18
-58
-53
-57
-53
-44
-85
-117
-94
-58
-51
-76
-60
5
12
51
31
-44
-61
-85
-91
-104
-105
-95
-127
-95
-88
-115
-162
-96
-98
-127
-81
-34
-64
-38
-42
-70
-20
13
88
19
62
54
-18
-35
-50
-97
-121
-107
-128
-101
-65
-51
-58
-13
-84
-75
-89
-125
-159
-135
-129
-130
-116
-121
-140
-139
-137
-132
-82
-122
-109
-94
-86
-59
-62
-89
-70
-34
-46
-109
-105
-68
-97
-83
-87
-96
-92
-32
-45
-74
-10
-20
-44
-28
11
-1
51
-13
15
32
19
67
49
3
21
58
5
31
17
53
104
89
127
74
30
8
-52
-73
-103
-121
-72
-103
-69
-63
-81
-56
-12
-23
-12
-42
-63
-92
-148
-145
-146
-131
-151
-150
-92
-40
-13
-45
-30
-24
-32
-26
-52
-74
-70
-89
-94
-98
-65
-60
-83
-48
-87
-100
-68
-96
-80
-47
-68
-8
19
11
-38
-31
4
-25
-37
-49
-81
-57
-75
-54
-31
-20
3
16
90
67
58
50
49
38
54
12
-6
-6
-26
-2
-9
23
-18
62
40
23
67
8
1
2
10
52
30
-8
32
47
45
15
29
-1
54
45
-35
-24
-61
-25
-43
-44
-2
4
-69
-69
-82
-57
-41
-88
-81
-77
-70
-46
-84
-107
-73
-75
-47
-45
-48
-3
35
10
-2
55
33
-10
-14
-33
-36
-43
-102
-85
-60
-60
-32
-32
22
11
-20
-82
-74
-44
-117
-93
-67
-118
-143
-117
-133
-139
-162
-157
-99
-114
-125
-126
-127
-136
-89
-48
-28
38
31
25
-10
-21
-35
-30
-84
-68
-43
-51
-58
-33
-6
-16
38
18
37
26
75
48
53
66
92
81
5
24
32
47
22
36
37
38
12
33
22
13
51
-3
-33
-48
-29
-46
-73
-48
-19
3
-40
-47
-64
-63
-99
-132
-63
-86
-117
-110
-172
-164
-122
-143
-111
-164
-170
-170
-157
-137
-170
-164
-185
-173
-123
-177
-186
-144
-161
-184
-176
-114
-163
-147
-132
-175
-134
-150
-159
-165
-139
-127
-152
-105
-103
-91
-104
-93
-161
-159
-95
-114
-132
-99
-153
-153
-128
-168
-118
-149
-140
-157
-162
-110
-132
-160
-104
-37
-18
-45
-59
-38
-17
28
44
25
6
38
4
-6
-25
-43
-18
-24
-11
-34
-32
-36
-18
-14
-58
-82
-54
-33
-32
-34
-36
-68
-85
-105
-91
-90
-78
-113
-140
-91
-98
-161
-199
-172
-173
-140
-111
-94
-137
-65
-69
-61
-65
-3
21
-32
-50
-76
-63
-98
-87
-88
-84
-51
-106
-141
-160
-129
-51
-90
-52
-40
-1
-42
-67
-71
-114
-161
-175
-179
-163
-138
-202
-199
-199
-184
-193
-161
-142
-148
-134
-183
-176
-212
-193
-171
-199
-160
-148
-123
-131
-185
-164
-155
-131
-92
-69
-57
-39
-56
-69
-13
-34
22
7
5
14
42
73
53
109
128
76
127
46
32
71
29
-21
-61
-20
-22
-22
-39
-40
-111
-100
-111
-114
-153
-160
-160
-193
-149
-168
-169
-165
-169
-152
-205
-149
-152
-179
-154
-159
-127
-93
-97
-76
-66
-67
-40
-39
-24
-6
80
61
29
12
20
-46
-69
-77
-88
-96
-112
-74
-71
-44
-31
-14
-58
-51
-23
-59
-53
-63
-107
-87
-80
-100
-117
-112
-102
-104
-107
-119
-105
-113
-136
-159
-168
-168
-188
-176
-156
-156
-130
-136
-157
-130
-123
-168
-204
-178
-204
-119
-103
-93
-82
-105
-43
-61
-37
-61
-77
-82
-49
-30
-27
-40
-81
-35
-17
-20
-48
-60
-77
-61
-47
3
3
-19
-21
-37
-55
-40
-69
-55
-31
-4
44
16
100
79
55
-3
7
-56
-130
-112
-149
-137
-126
-99
-75
-59
-51
-41
-45
-45
-14
8
-25
-37
-37
-26
-41
-19
22
10
-20
-70
-49
-46
34
29
21
56
56
34
41
20
11
-22
-3
37
-1
29
20
16
23
21
3
-22
-9
9
-5
-25
-49
-48
-46
-41
-37
-17
-58
10
42
23
43
-10
20
29
-65
-88
-51
-14
2
1
65
88
127
109
107
85
92
84
108
82
50
12
-3
-14
-17
44
-3
7
2
44
56
54
59
58
91
58
45
48
25
56
50
72
117
134
141
116
100
71
70
56
45
43
10
35
45
18
-24
-56
-31
-29
-84
-89
-37
-36
-6
-44
-59
-43
-39
-8
21
-10
4
32
55
43
86
127
107
116
95
102
91
92
115
147
92
48
69
97
99
55
102
76
45
72
83
23
37
57
-39
13
21
-8
16
51
41
2
-21
-10
47
59
34
69
14
-15
14
60
92
66
48
54
74
47
52
83
92
114
90
127
127
142
129
135
156
150
153
133
153
125
125
119
100
99
74
91
79
72
63
36
65
48
44
-11
-51
-31
-13
-17
-9
-6
-40
-32
-12
-5
6
44
39
17
26
21
69
-3
16
-21
-38
-19
-56
-69
-95
-126
-153
-90
-101
-92
-86
-69
-44
-35
1
-1
3
27
25
50
1
16
35
11
50
69
80
109
136
139
193
158
148
175
142
115
102
120
65
82
98
70
85
114
95
71
96
47
45
47
29
22
-44
-34
-2
24
79
102
113
83
89
73
51
57
11
30
26
16
56
74
112
108
58
98
103
86
142
154
120
113
169
159
144
130
47
64
71
74
-4
37
34
11
28
7
56
11
69
97
117
90
35
21
37
-7
-19
17
22
57
59
29
59
64
67
57
60
102
52
62
54
2
-17
45
104
82
59
30
22
-54
-95
-126
-161
-125
-181
-110
-82
-66
-73
-73
-50
-77
-61
-52
-23
26
55
-3
-28
-48
-73
-92
-83
-62
-14
3
40
51
29
40
10
-23
-24
-37
-51
-34
-44
10
48
7
-14
-47
-2
0
-2
12
-9
-13
-5
7
54
49
32
27
28
20
9
-1
3
4
-44
-31
-3
1
11
11
7
43
34
-16
-12
-8
-66
-18
-31
-29
-44
-13
9
-8
15
29
49
4
10
29
23
21
20
5
7
42
54
48
64
33
-38
-78
-87
-110
-148
-126
-127
-163
-200
-202
-150
-178
-170
-191
-207
-156
-143
-113
-114
-144
-108
-103
-115
-122
-164
-165
-187
-171
-137
-173
-132
-118
-108
-81
-74
-72
-53
-49
-68
-88
-125
-120
-139
-172
-157
-144
-149
-164
-178
-157
-166
-190
-178
-215
-233
-243
-272
-252
-215
-171
-138
-122
-98
-22
-64
-108
-103
-49
-48
-58
2
-26
-49
-77
-86
-63
-54
-68
-23
15
20
14
-32
-28
-18
-59
-30
-38
-55
-13
-19
-62
-87
-116
-124
-129
-99
-119
-152
-128
-144
-152
-169
-190
-234
-213
-212
-263
-235
-203
-151
-140
-196
-192
-175
-133
-103
-127
-175
-199
-200
-188
-135
-170
-130
-133
-121
-70
-91
-112
-125
-107
-42
-70
-59
-65
-60
-33
-61
-38
-69
-77
-79
-92
-56
-59
-40
-18
-33
-47
-25
-78
-107
-59
-90
-144
-134
-108
-57
-68
-31
-48
-43
-57
-36
-61
-107
-139
-141
-152
-217
-143
-153
-88
-116
-82
-56
-101
-124
-163
-144
-162
-182
-126
-136
-164
-137
-136
-145
-70
-75
-56
-43
-23
-18
-39
8
7
37
-1
15
39
2
-1
-32
-47
-71
-46
-37
-24
18
46
17
26
11
15
46
31
8
1
61
-1
14
-17
-58
-60
-63
-28
33
56
32
55
62
101
95
52
10
17
27
59
34
30
72
52
71
60
94
140
73
58
99
117
98
62
37
54
75
117
102
94
103
56
38
64
58
59
104
68
76
74
44
114
86
129
113
64
131
102
145
90
133
115
113
167
154
166
181
204
197
190
168
163
123
116
104
97
102
149
158
155
164
165
187
179
201
182
184
190
225
243
248
274
274
246
212
183
187
176
200
239
239
241
230
250
234
266
245
257
232
246
265
347
328
313
310
254
178
193
249
228
215
172
228
229
233
271
274
271
270
263
276
266
264
264
295
326
311
312
277
289
310
317
263
272
272
264
264
287
304
319
295
290
280
311
367
349
373
363
357
344
366
382
345
351
326
254
237
256
255
188
189
240
234
223
255
255
296
352
377
365
382
374
341
366
298
300
285
298
288
283
321
312
334
365
380
381
405
399
411
388
342
321
332
326
339
312
294
315
240
260
263
257
304
287
275
273
250
219
269
309
299
258
293
288
275
313
262
283
268
303
286
314
395
340
322
292
303
343
367
351
342
318
360
408
398
362
304
345
370
386
358
383
378
399
421
382
384
419
424
441
391
396
417
405
435
368
358
311
250
305
307
249
279
218
220
256
229
245
274
267
279
301
335
314
317
322
292
276
234
283
263
308
309
333
328
350
430
443
393
367
395
431
445
463
491
485
452
424
383
333
346
348
285
290
296
305
283
280
248
270
292
278
295
262
252
235
245
282
252
223
269
267
259
244
254
278
293
293
261
316
348
392
368
358
337
354
342
328
351
309
300
265
285
310
319
272
315
302
272
308
267
267
279
316
249
163
178
176
172
165
141
152
207
223
275
273
295
301
267
275
301
266
261
210
210
267
208
233
234
256
278
327
215
224
268
250
203
192
183
153
181
126
119
125
122
87
89
65
112
161
113
110
151
148
224
170
180
210
245
211
164
204
204
169
179
180
228
265
227
201
219
243
229
236
180
192
198
177
195
132
163
123
98
138
132
150
138
137
123
129
52
14
16
89
75
83
119
93
81
54
69
79
70
92
76
43
118
130
123
95
134
160
163
177
153
175
168
169
133
185
147
159
211
155
150
162
142
109
63
90
105
42
61
77
27
31
43
-16
-1
11
-32
-51
-46
-12
-31
-34
23
33
21
27
30
41
7
17
33
16
-8
39
79
82
53
22
40
40
-30
-42
-4
34
36
-34
-17
30
44
14
-8
-8
-6
35
36
4
80
104
85
53
31
32
35
-16
-5
17
68
105
80
148
111
123
139
121
74
80
81
48
24
11
-11
-23
0
-3
-11
-13
-57
-26
8
-10
14
18
35
13
45
78
48
70
58
19
20
9
61
84
33
36
52
65
54
28
14
-25
30
93
100
102
120
134
64
91
97
94
113
112
105
95
116
125
177
141
139
104
85
122
82
60
23
38
75
47
87
58
73
80
50
22
49
-9
-6
-1
-19
41
13
2
-3
62
12
-27
-45
-64
-56
-49
-56
-107
-77
-113
-90
-49
-38
-37
-24
20
43
41
60
73
32
37
1
41
11
-46
-12
-54
-18
-26
-32
14
10
50
96
71
42
60
29
66
40
24
9
26
46
0
2
-49
-69
-100
-84
-132
-153
-134
-86
-108
-84
-95
-72
-53
-51
-61
-75
-56
-61
-34
-34
-9
-27
6
-17
4
12
11
-35
-39
51
30
39
50
40
92
74
53
39
16
-15
-65
-75
-56
-52
-47
-48
-55
-82
-90
-116
-92
-79
-80
-66
-79
-91
-80
-54
-60
-97
-89
-104
-116
-117
-156
-100
-50
-71
-55
-17
-8
-10
-84
-114
-63
-84
-71
-62
-103
-66
-51
-100
-106
-98
-127
-127
-161
-189
-144
-175
-212
-239
-256
-230
-201
-201
-196
-229
-196
-168
-129
-153
-151
-150
-122
-112
-96
-48
-105
-116
-91
-85
-78
-84
-81
-58
-14
-19
-24
6
70
97
40
23
20
43
-4
-31
-8
-58
-62
-61
-85
-78
-131
-117
-117
-168
-144
-140
-126
-159
-220
-176
-165
-177
-190
-215
-158
-120
-149
-121
-148
-132
-109
-123
-119
-141
-128
-148
-109
-71
-83
-26
-98
-70
-58
-22
-72
-30
35
59
67
60
12
-3
-25
-10
12
-42
-41
-64
-77
-109
-55
-58
-60
-46
-33
-27
33
27
-17
17
10
20
53
54
16
46
31
57
62
48
104
100
92
114
61
48
108
73
47
26
59
95
96
63
31
-31
-6
-38
-91
-97
-138
-115
-143
-115
-79
-23
19
-26
-61
-53
-42
-33
-53
-38
-32
-46
-2
27
5
-20
-24
-39
-15
15
1
-8
-21
-35
-33
-4
-45
-53
8
-3
53
40
75
37
59
66
54
86
52
26
-25
-31
-12
25
8
-19
37
33
60
33
48
43
58
107
43
81
90
92
122
92
80
111
128
119
114
157
106
164
182
102
170
203
174
180
161
140
169
162
163
158
149
110
114
93
81
35
47
60
0
48
47
64
18
9
28
35
83
56
31
49
61
61
27
-31
-15
40
36
19
32
6
-6
-39
-40
1
-7
29
58
36
56
57
37
84
79
71
94
76
54
47
75
11
37
86
100
120
60
62
87
48
14
-11
-8
8
-3
9
36
42
12
11
-10
-2
48
54
49
64
63
64
77
78
79
71
91
80
37
44
57
62
120
112
75
136
156
157
106
59
73
66
96
109
118
131
118
94
15
-13
-10
-75
-98
-101
-76
-37
-77
-68
-99
-67
-7
-54
-122
-166
-139
-118
-167
-178
-101
-143
-124
-119
-124
-103
-107
-80
-82
-79
-18
27
-17
-13
48
48
42
38
60
65
118
102
42
88
123
130
59
64
70
82
67
67
44
59
65
53
25
23
61
34
15
30
4
-5
-14
-14
-44
-70
-15
-53
-36
-66
-81
-75
-74
-62
-10
12
-32
51
94
96
88
74
116
75
78
87
63
51
57
20
26
5
-3
63
55
16
-13
-43
-40
-85
-103
-94
-52
-63
-33
22
-12
-35
-66
-55
-86
-89
-121
-75
-32
-46
-6
33
63
67
-6
38
-1
-30
45
44
13
22
-2
46
50
20
24
80
126
116
116
146
158
108
95
49
19
5
-14
-21
-103
-74
-50
-108
-65
-59
-23
1
-77
-109
-53
-65
-67
-101
-68
-70
-52
-43
-5
-13
-32
23
35
28
52
36
17
73
27
44
12
-13
56
28
7
0
28
58
75
57
46
66
15
28
32
47
36
15
42
76
67
43
5
-42
-50
-61
-21
-46
-106
-40
-9
-50
-23
-71
-22
-35
-51
-48
26
36
45
52
1
9
-6
-30
-46
-59
-61
-15
4
-21
-11
27
-28
-3
15
-5
6
30
75
41
57
88
51
40
77
69
49
42
12
24
-45
-16
35
-16
0
19
39
26
23
45
14
-15
-68
-115
-102
-121
-67
-103
-147
-97
-97
-89
-152
-145
-104
-84
-102
-109
-87
-109
-76
-84
-68
-97
-75
-53
-90
-126
-126
-130
-122
-124
-125
-92
-79
-41
-42
-18
7
13
9
9
8
-4
-33
-55
-30
1
-4
-4
-14
31
24
25
29
29
108
101
90
76
42
61
104
169
174
121
111
100
61
49
46
22
87
95
64
43
23
59
44
13
-8
-25
-35
-73
-46
-75
-90
-83
-15
8
1
29
17
46
89
107
69
59
94
116
98
63
42
49
69
66
53
79
104
132
132
128
101
120
151
177
180
163
119
122
138
103
111
96
71
13
1
4
-33
-35
-15
-3
-14
-43
-19
48
24
65
90
122
132
122
119
105
126
118
95
41
67
90
111
117
132
135
74
135
158
164
217
258
207
256
275
252
251
211
193
177
150
154
150
140
139
95
91
43
81
63
43
58
46
108
63
112
138
132
181
162
155
119
93
99
110
78
53
62
58
105
91
52
113
142
208
174
185
271
250
285
276
265
306
261
255
231
189
190
150
127
106
93
31
30
79
69
73
81
113
68
13
0
2
13
52
51
10
36
53
39
45
85
110
9
30
38
44
79
78
111
122
151
117
155
164
166
171
179
183
180
150
136
140
137
139
106
150
142
141
130
120
48
37
80
46
21
28
-4
43
19
-25
-54
-91
-74
-29
-11
26
80
60
60
63
105
108
97
58
35
45
45
20
2
-8
34
60
40
54
39
93
122
104
153
136
129
135
125
41
4
46
32
52
25
39
56
42
92
74
109
98
70
127
103
88
106
108
75
59
73
28
28
5
-11
-14
2
-3
25
-19
-46
35
14
-29
-31
-38
-26
-49
-68
-54
-72
-75
-84
-89
-116
-117
-62
-56
-74
-31
15
-18
13
11
7
18
22
26
20
62
36
32
51
99
79
132
69
74
56
42
24
1
36
7
49
-14
14
10
35
12
-34
0
-51
-21
-30
-27
-23
-84
-66
-68
-48
-21
-52
-55
-58
-99
-44
-28
-69
-20
-80
-106
-111
-120
-129
-118
-97
-57
-24
-69
-67
-77
-84
-125
-169
-144
-160
-156
-144
-181
-164
-237
-205
-173
-163
-151
-169
-136
-104
-71
-91
-95
-91
-80
-51
-50
-34
7
-37
-51
-23
-85
-131
-122
-180
-196
-162
-127
-106
-126
-98
-109
-49
-42
-74
-89
-135
-134
-133
-107
-107
-103
-69
-88
-85
-124
-78
-76
-74
-60
-91
-101
-164
-118
-106
-129
-217
-223
-170
-144
-134
-168
-221
-192
-202
-231
-202
-210
-191
-202
-148
-149
-158
-172
-150
-183
-208
-215
-248
-222
-261
-201
-253
-265
-291
-311
-306
-306
-268
-251
-278
-274
-242
-282
-244
-219
-230
-244
-249
-284
-241
-241
-265
-258
-221
-163
-135
-134
-133
-142
-96
-126
-99
-121
-108
-107
-133
-144
-176
-174
-221
-190
-249
-276
-267
-264
-292
-229
-240
-289
-263
-254
-247
-284
-258
-271
-220
-235
-278
-229
-226
-304
-275
-250
-256
-233
-220
-211
-211
-240
-179
-188
-188
-133
-151
-158
-160
-161
-151
-161
-140
-171
-200
-164
-173
-177
-160
-151
-170
-151
-162
-180
-159
-141
-176
-208
-168
-185
-250
-263
-285
-264
-237
-266
-243
-231
-218
-256
-282
-251
-245
-220
-199
-168
-164
-160
-88
-115
-113
-100
-72
-89
-108
-62
-20
-20
-54
-24
-34
-55
-66
-57
-72
-58
-89
-115
-127
-126
-131
-131
-138
-163
-185
-160
-169
-145
-115
-130
-161
-190
-186
-184
-163
-161
-174
-170
-131
-98
-157
-162
-145
-143
-149
-159
-162
-180
-157
-117
-106
-118
-76
-106
-103
-130
-102
-65
-115
-69
-80
-57
-25
-56
-21
-39
-69
-93
-58
-57
-50
-53
-65
-35
-29
0
5
2
28
38
42
22
72
62
77
38
6
16
1
-18
-6
-35
-53
9
21
60
30
37
30
82
97
49
31
63
84
102
81
62
100
129
161
156
162
226
220
252
208
187
218
217
243
222
177
146
169
113
80
94
93
86
61
51
42
66
52
76
64
18
63
12
-44
-2
-15
-68
-71
-43
-47
-24
-26
-88
-35
-2
12
0
-5
21
42
83
73
88
114
83
105
102
140
149
97
123
105
171
200
190
203
190
189
160
167
168
215
202
205
244
226
234
217
223
212
213
181
197
229
202
225
207
204
215
206
206
178
171
212
193
183
214
191
166
165
143
147
138
120
156
124
134
128
75
125
106
133
186
173
149
146
210
186
172
171
222
257
205
244
208
225
258
221
213
194
217
217
190
192
150
166
189
201
163
157
180
114
121
145
165
221
191
111
128
159
134
140
94
131
164
162
218
240
226
214
184
218
264
285
278
275
290
317
350
372
362
317
337
339
347
317
289
352
320
303
353
310
262
249
202
268
274
274
271
211
171
155
161
166
102
91
75
57
110
125
93
60
64
101
104
84
64
75
72
122
148
100
168
139
166
129
141
176
182
166
148
123
162
173
118
139
172
166
171
190
181
138
150
197
157
162
174
194
216
236
288
267
288
296
258
299
286
302
317
297
311
315
355
362
379
421
402
399
417
443
440
408
447
457
468
491
480
497
525
518
498
517
503
522
468
475
489
483
438
473
467
469
468
425
528
520
547
552
582
589
509
536
556
546
523
503
538
524
553
588
544
560
551
534
503
457
470
452
437
403
456
482
524
542
513
485
