SAMPLES:	18002
BITSPERSAMPLE:	16
CHANNELS:	1
SAMPLERATE:	16000
NORMALIZED:	FALSE
4
-74
-66
-39
-59
-48
-7
-26
-10
37
15
49
45
23
-19
13
52
41
5
-36
7
3
-30
22
39
52
77
81
107
74
45
43
15
8
-3
3
29
9
1
-15
-14
-32
5
26
-28
52
30
26
65
51
37
63
61
57
57
90
74
48
70
105
115
159
132
104
161
151
146
149
125
97
113
123
119
86
97
113
129
100
101
113
79
95
35
13
-4
-17
-19
-27
11
28
-10
-46
-26
-64
-48
-72
-59
-52
-104
-74
-86
-63
-21
8
-5
-3
73
4
-5
0
-17
-5
-36
49
41
19
-12
-31
-35
-15
-53
-94
-41
-73
-16
-33
-2
22
0
12
32
79
26
57
120
148
148
119
92
55
37
49
66
44
72
90
71
119
119
140
91
57
68
43
56
26
21
3
26
29
24
45
37
57
72
63
80
68
55
63
66
72
50
45
45
54
-6
-28
-12
-14
36
22
16
22
92
113
119
111
117
94
92
96
77
49
46
105
110
136
142
188
172
200
175
168
181
131
171
154
155
113
141
156
129
112
96
52
-4
24
64
18
-16
-5
-5
53
49
66
83
81
99
100
135
131
133
51
94
84
99
108
79
91
119
173
127
133
120
93
94
118
100
139
216
216
209
205
196
147
159
110
116
95
93
122
134
140
143
177
179
202
174
206
169
133
142
168
155
100
105
94
111
19
17
27
-6
-53
-29
-34
-50
-105
-96
-30
-69
1
-5
-8
4
44
-34
-21
-19
14
37
18
93
66
92
119
170
200
247
264
249
206
234
270
267
289
243
233
233
239
288
244
251
298
249
278
274
262
250
213
141
122
120
139
158
131
138
142
145
152
146
138
161
166
125
180
200
222
224
160
166
122
161
139
109
129
127
143
108
88
127
111
98
78
84
71
111
175
135
121
56
82
39
85
108
121
92
99
112
113
138
97
115
92
128
134
136
169
169
175
135
117
146
150
142
161
126
90
94
117
113
71
74
79
115
89
100
87
90
113
42
31
29
18
10
12
24
45
85
115
125
118
133
106
135
154
125
121
118
125
130
112
130
99
136
165
128
104
76
75
80
99
104
120
170
180
155
137
92
95
39
28
40
65
42
54
101
73
39
20
58
34
89
56
83
103
134
189
109
175
142
102
130
142
145
162
167
134
100
108
100
119
81
72
48
10
39
63
40
24
28
11
5
13
-5
22
68
65
71
83
123
90
54
12
13
35
21
14
65
47
81
123
167
165
159
142
132
132
120
132
115
144
107
75
37
5
5
-30
-12
0
-34
-42
0
7
-2
36
-7
50
-14
-34
-40
-78
-52
-55
-39
-84
-38
-13
-36
2
4
-30
-11
-42
-37
20
30
61
16
56
97
72
26
14
-34
-33
-50
-57
-29
-39
23
8
8
5
-1
26
16
-15
-11
-61
-69
-23
-15
-36
-20
60
64
97
106
71
28
15
-5
-15
-3
-18
-12
-37
-49
-36
-36
-62
-67
-42
-72
-31
-10
-25
-76
-109
-120
-119
-157
-178
-182
-204
-212
-230
-207
-228
-150
-140
-118
-69
-49
-43
-18
-39
-40
6
-15
15
-21
39
-13
-19
-63
-98
-37
-80
-45
-41
-59
-85
-55
-50
-54
-100
-122
-119
-189
-215
-227
-242
-233
-223
-222
-185
-201
-167
-159
-160
-135
-115
-72
-88
-65
-61
-55
-52
-13
-33
-21
-45
-50
-41
-43
-61
-108
-106
-144
-120
-97
-88
-27
17
-45
-20
-30
-66
-105
-115
-112
-175
-144
-189
-155
-141
-84
-78
-106
-100
-121
-76
-58
-116
-112
-113
-148
-175
-172
-187
-186
-155
-150
-141
-111
-102
-86
-85
-86
-86
-55
-36
-94
-56
-84
-56
-27
-12
-50
-22
-20
-54
-76
-47
-32
-19
-11
-29
-38
-26
-14
-56
-41
-56
-66
-110
-132
-131
-108
-80
-115
-112
-130
-126
-139
-113
-134
-155
-139
-157
-153
-152
-156
-153
-99
-158
-134
-147
-172
-143
-153
-117
-146
-47
-73
-77
-53
-61
-67
-120
-158
-205
-241
-218
-270
-283
-245
-214
-199
-162
-135
-131
-86
-72
-38
-31
-70
-66
-90
-115
-96
-118
-113
-111
-69
-51
-43
-62
-122
-122
-124
-107
-145
-129
-89
-53
-62
-41
-37
-52
-29
-18
-60
-100
-102
-129
-161
-203
-212
-171
-197
-221
-153
-141
-136
-142
-130
-98
-114
-120
-93
-104
-87
-21
-6
-45
-7
-17
-8
0
35
51
27
63
58
27
34
79
94
45
19
37
2
28
16
-24
-1
50
46
59
70
82
64
2
16
-6
13
-23
6
-8
-15
-44
-65
-66
-108
-68
-117
-97
-54
-34
-8
-28
-71
-88
-104
-66
-47
-73
-20
-6
6
33
25
31
43
16
0
-21
-11
14
2
30
49
-34
-11
-11
12
86
93
21
70
105
56
102
50
75
116
117
58
54
34
-25
-50
15
43
24
48
44
76
73
112
105
116
136
145
131
128
137
112
123
91
95
96
74
26
43
29
1
54
48
53
64
71
84
66
75
107
82
124
94
103
81
67
109
42
52
23
13
-15
17
-6
-22
14
-4
16
32
64
98
111
89
87
66
75
27
0
43
34
57
13
6
23
-8
-13
13
-18
-23
2
-4
29
9
65
47
41
29
-20
21
-30
-94
-53
-14
22
49
28
14
7
25
24
33
100
47
55
72
30
15
20
72
49
49
52
59
52
42
50
61
-13
-58
-72
-37
-51
-37
-29
-44
-28
-46
-25
-57
-26
-81
-92
-113
-101
-71
-37
2
-1
-12
-26
0
-7
-36
-42
-4
-30
-56
-59
5
29
15
92
85
112
118
104
122
107
133
132
146
142
127
110
74
88
138
96
68
80
37
39
47
39
35
37
20
46
-12
-39
-52
-87
-102
-71
-42
-23
25
5
2
9
5
23
19
7
19
-2
23
14
-12
14
-25
-53
2
6
-28
-14
-17
-22
5
11
45
70
82
77
17
27
25
-4
46
47
54
62
89
101
77
58
111
183
179
172
135
179
146
167
158
118
120
94
118
89
112
129
139
162
183
173
189
154
117
125
64
57
81
59
57
61
63
55
34
45
-1
7
16
11
31
74
80
92
132
90
96
72
81
51
48
19
26
-16
-14
11
60
82
68
115
121
163
169
231
194
164
139
119
103
127
100
105
121
72
88
51
39
51
55
64
44
17
46
31
15
72
-33
-51
-28
-59
-7
-29
-15
-14
-74
-34
-21
-15
6
44
56
49
55
-5
-19
-17
-30
-58
-46
-44
-54
-31
2
27
43
65
95
146
207
203
163
137
131
150
114
87
92
73
43
20
-15
-55
-35
-77
-85
-59
-67
-107
-52
-10
1
-6
20
5
-11
-11
-27
-15
12
21
6
41
-41
-49
-52
-33
16
-3
-1
-19
-65
-79
-83
-51
22
62
103
81
82
114
72
71
46
-3
16
18
7
-5
-40
-28
-33
-63
-30
-51
-16
2
-6
-27
-47
-71
-93
-110
-91
-68
-66
-48
-33
-28
-5
31
23
15
56
73
39
24
15
16
-9
5
38
70
89
56
33
17
-17
2
-15
-40
-17
4
-2
1
29
18
-35
-10
-26
-62
-51
-57
-41
-93
-72
-57
-83
-106
-106
-72
-126
-75
-17
-34
-20
-42
-72
-99
-107
-97
-69
-36
-14
-55
-86
-72
-63
-26
-25
-34
11
60
56
48
77
41
73
23
15
35
61
34
44
65
28
69
-4
2
48
31
60
40
49
38
54
45
45
59
26
5
-36
-98
-56
-8
-25
-10
8
30
-6
-26
-62
-48
-34
-73
-83
-76
-70
-81
-80
-50
-81
-48
-72
-69
-28
-54
-47
-63
-36
-12
-52
-13
-1
21
-7
-7
-22
-48
-12
-39
11
36
39
68
48
32
-15
2
-1
26
22
-2
26
47
29
9
9
3
23
-18
-55
-33
-31
-15
-107
-90
-67
-58
-60
-41
-18
-24
-7
-61
17
11
22
35
-22
-2
15
23
29
24
54
46
73
93
59
77
117
111
70
66
70
60
37
92
89
122
188
211
204
191
167
208
206
160
157
183
188
146
161
137
108
105
143
130
114
95
66
55
59
97
52
69
86
65
71
85
98
67
89
91
107
105
93
156
154
155
209
181
194
200
173
160
151
146
119
106
101
48
28
118
142
180
223
218
180
167
198
191
153
126
103
53
73
61
86
92
57
45
32
89
84
109
87
117
153
132
138
130
200
227
223
226
226
230
204
198
211
231
219
238
283
314
334
358
376
386
420
357
373
322
296
259
236
235
204
219
175
189
158
200
216
147
193
172
166
136
149
166
125
68
36
71
54
24
6
23
29
1
12
39
48
80
80
114
137
158
214
197
201
224
235
240
212
236
229
262
222
251
276
246
287
317
332
324
306
336
356
337
328
323
281
313
329
281
253
208
199
203
175
171
115
108
79
66
63
50
40
123
130
148
165
155
194
152
149
119
134
119
169
147
134
159
178
209
209
232
235
232
271
228
216
230
187
221
236
229
285
291
283
254
280
251
216
246
242
253
240
193
158
166
148
64
121
165
124
169
167
187
202
219
208
192
193
212
248
246
275
267
315
306
278
270
262
296
252
258
224
218
195
179
163
167
140
166
177
175
239
239
232
220
207
193
201
197
224
179
202
213
222
228
176
228
235
223
216
229
272
246
254
240
266
255
243
233
179
221
215
201
271
233
225
253
261
278
263
278
239
184
144
125
106
100
82
80
109
100
137
154
132
96
97
104
91
147
102
170
187
186
182
216
182
141
141
35
57
54
42
38
62
128
129
158
204
197
188
178
184
185
150
152
176
178
200
215
289
264
267
266
166
180
192
170
159
139
157
155
183
156
180
197
218
245
268
261
227
174
168
179
156
203
185
207
179
156
174
176
174
184
182
143
128
143
171
165
144
181
197
144
161
151
145
153
158
148
142
159
138
140
133
88
46
94
72
92
125
125
142
150
122
119
109
110
143
127
127
173
178
183
200
212
218
218
243
202
267
303
291
280
259
267
252
265
221
193
204
229
176
192
163
128
137
87
48
74
57
27
3
-45
-31
-41
-6
-78
-7
28
-11
-4
11
18
-2
57
74
89
74
59
115
120
93
150
129
136
115
106
169
137
132
150
163
126
162
208
185
174
181
178
178
138
131
100
100
119
81
70
105
106
125
156
124
115
80
88
73
69
30
88
84
117
153
125
161
151
186
139
153
144
131
120
178
191
204
200
121
164
157
189
142
193
185
157
146
164
194
205
184
143
93
45
68
40
20
-20
-14
-17
-16
37
78
77
70
92
155
137
113
126
67
24
61
22
-8
18
53
55
20
71
96
84
97
144
116
66
72
84
67
79
40
1
-30
-34
-28
5
1
5
21
33
13
-50
-73
-1
7
-51
-22
-29
-52
-28
-20
-55
-63
-73
-52
-93
-98
-92
-49
12
13
20
24
48
53
83
34
19
39
7
-2
12
46
53
41
40
-6
-6
2
-24
35
3
54
13
-18
-9
-18
-51
-66
-75
-177
-141
-191
-226
-206
-188
-161
-159
-181
-174
-170
-134
-168
-124
-103
-181
-133
-219
-213
-185
-167
-154
-144
-83
-87
-37
-83
-85
-70
-20
-31
-69
-36
-44
-14
-11
-24
-59
-39
-66
-93
-87
-80
-85
-126
-137
-146
-198
-226
-226
-246
-205
-170
-186
-202
-196
-208
-254
-256
-273
-319
-295
-264
-273
-232
-227
-226
-250
-225
-250
-268
-227
-237
-244
-196
-164
-169
-189
-155
-125
-142
-120
-86
-49
-57
-102
-149
-133
-187
-213
-253
-240
-202
-241
-317
-318
-277
-300
-312
-323
-305
-303
-285
-313
-283
-251
-223
-269
-269
-281
-322
-329
-347
-331
-357
-356
-312
-295
-294
-278
-240
-205
-198
-242
-187
-243
-271
-217
-220
-204
-235
-279
-254
-270
-271
-278
-305
-332
-327
-287
-280
-224
-226
-212
-163
-143
-146
-163
-199
-190
-234
-274
-289
-265
-225
-228
-199
-97
-109
-139
-131
-159
-142
-173
-187
-219
-235
-251
-255
-234
-271
-301
-294
-299
-329
-323
-273
-252
-269
-286
-270
-271
-290
-292
-312
-315
-340
-363
-352
-365
-319
-310
-267
-302
-317
-294
-307
-281
-286
-280
-332
-310
-343
-335
-328
-302
-265
-267
-268
-301
-271
-258
-276
-289
-277
-304
-312
-283
-333
-316
-320
-306
-269
-278
-262
-283
-295
-295
-270
-253
-233
-252
-187
-212
-227
-198
-169
-140
-148
-157
-181
-166
-197
-153
-138
-198
-168
-139
-140
-137
-197
-176
-165
-129
-74
-95
-59
-129
-169
-170
-206
-199
-188
-226
-255
-239
-245
-221
-221
-245
-179
-161
-180
-175
-206
-220
-250
-217
-214
-213
-211
-237
-260
-256
-212
-183
-210
-191
-159
-143
-53
-68
-102
-57
-112
-93
-65
-50
-78
-49
-31
-86
-111
-112
-115
-124
-132
-141
-128
-138
-125
-109
-101
-88
-90
-158
-149
-118
-193
-198
-238
-215
-221
-202
-225
-272
-310
-332
-287
-298
-321
-272
-274
-208
-179
-164
-145
-168
-135
-170
-174
-182
-183
-166
-115
-114
-90
-17
-3
-43
-21
-7
-20
-38
-12
-39
-54
-77
-126
-68
-132
-121
-153
-157
-110
-132
-160
-146
-107
-82
-82
-93
-78
-64
-64
-84
-88
-119
-174
-180
-199
-185
-159
-172
-149
-157
-177
-187
-181
-183
-186
-130
-163
-147
-106
-106
-80
-75
-69
-50
-88
-97
-80
-138
-118
-125
-137
-110
-85
-66
-81
-106
-86
-97
-174
-212
-129
-211
-259
-185
-198
-205
-232
-176
-196
-218
-253
-228
-245
-277
-204
-147
-141
-162
-116
-103
-77
-20
-40
-30
-22
-26
-2
-7
-9
1
36
85
50
74
72
28
4
6
-18
4
-8
-10
-6
-22
-71
-66
-114
-167
-214
-214
-163
-115
-46
-81
-73
-36
-46
-40
-47
-65
-108
-109
-62
-70
-111
-111
-35
40
21
28
71
91
123
128
106
119
126
130
154
152
131
94
86
71
56
83
39
83
46
30
71
73
52
75
125
124
177
203
173
176
141
117
103
73
67
49
3
41
75
54
83
80
64
78
99
84
94
115
51
35
60
41
11
81
86
54
24
29
23
-19
17
38
85
100
133
81
74
29
12
38
48
74
38
-21
11
-27
-63
-13
-15
17
41
114
133
152
136
127
114
77
59
49
53
27
31
37
74
92
79
77
67
63
61
105
156
129
111
137
124
122
57
76
42
31
60
4
12
7
-15
-26
-4
25
-18
17
45
61
84
102
81
94
96
55
99
49
75
80
44
83
92
96
103
136
100
134
124
104
104
111
109
91
145
109
64
0
35
58
10
35
48
37
108
33
48
49
8
6
-26
-14
-61
-29
6
21
16
85
79
61
55
10
14
42
62
34
51
63
78
115
147
153
178
133
126
116
74
31
-1
18
16
47
49
78
80
141
76
40
73
34
47
54
56
69
73
39
58
94
85
69
99
49
19
12
13
23
40
56
53
71
94
134
156
135
140
102
72
53
20
10
20
48
69
59
66
78
76
64
2
7
17
11
-47
-14
-56
-57
-25
-16
16
33
55
14
3
13
-7
-11
22
51
52
56
67
27
14
21
-12
-8
-22
-52
-22
-38
-20
-21
27
76
123
96
37
-3
17
25
37
77
60
110
152
161
127
113
82
67
13
-8
14
24
58
111
128
48
88
80
75
82
92
101
91
130
117
62
14
-49
-6
-35
-34
-31
7
33
45
63
39
31
7
30
46
72
83
34
36
3
-4
8
-26
-11
-29
-28
42
48
82
71
94
126
134
147
140
113
105
122
102
93
89
132
168
159
170
204
203
201
181
108
115
60
62
70
42
105
55
54
92
108
87
83
88
56
55
56
66
81
69
61
62
52
59
62
84
97
105
156
152
192
174
162
130
91
78
47
117
97
59
113
120
88
88
92
94
68
41
37
35
95
103
66
72
59
81
73
75
21
25
21
-17
-4
-21
-5
-8
8
20
37
111
90
64
82
46
84
98
84
102
124
169
161
143
86
77
87
68
72
47
18
-34
26
-12
-8
45
69
91
93
97
78
53
32
22
0
1
9
-20
-10
37
34
5
0
20
48
70
52
89
80
93
135
87
175
161
158
138
124
143
118
109
59
45
49
15
5
20
32
42
24
37
-7
1
-13
-27
-20
0
14
46
38
77
88
41
85
82
46
15
10
9
51
87
42
63
32
-23
10
40
50
-4
-17
-54
-53
-45
1
42
37
39
41
62
64
11
-24
-61
-20
-29
-46
-22
-4
16
-3
37
37
25
19
-4
-43
-2
5
7
54
35
67
41
53
107
79
104
125
89
124
127
124
153
152
145
102
107
108
113
140
145
121
116
45
67
95
55
76
96
62
58
77
89
58
68
84
79
73
95
84
52
49
23
0
12
49
10
8
-15
-8
34
49
97
135
139
193
210
215
211
159
201
184
209
251
243
229
167
167
207
186
175
152
169
160
133
252
265
260
204
163
169
131
108
93
99
108
74
98
118
106
117
103
115
40
50
48
59
115
124
103
106
120
157
200
179
143
128
105
51
67
74
111
91
75
97
98
149
152
127
125
138
65
84
77
129
171
162
167
152
159
167
198
156
177
174
173
150
126
99
117
131
90
69
80
97
94
94
65
17
25
55
32
15
16
53
96
70
92
132
125
194
180
161
146
175
187
180
183
165
198
212
161
197
251
229
198
117
136
165
133
129
163
153
124
130
138
117
125
121
87
47
-35
-56
-72
-69
-90
-138
-100
-58
-82
-6
21
34
61
38
47
28
30
50
50
110
115
122
154
151
168
208
171
171
177
189
166
225
223
172
202
191
195
129
165
146
155
142
143
139
80
81
75
40
24
40
21
14
12
-9
-53
-68
-73
-38
10
14
15
64
125
72
109
54
41
41
108
160
101
139
147
164
192
196
146
142
134
93
83
131
150
122
184
209
174
181
149
163
154
110
121
98
99
127
133
110
80
109
80
67
26
-2
-33
-42
-68
-55
-18
11
-10
29
60
43
84
114
101
53
92
185
186
176
198
209
217
203
211
208
133
114
91
116
105
61
105
100
102
116
153
198
193
192
191
211
146
128
134
103
99
55
90
95
89
119
94
128
130
97
95
84
136
156
163
150
82
96
133
125
121
145
118
121
47
25
-2
-30
-4
-34
-46
-60
-42
-9
-27
13
51
21
-1
20
20
-3
32
-25
-7
-3
-27
-11
-58
-43
-20
-48
20
17
13
37
50
76
63
65
38
92
60
44
83
28
14
14
38
30
2
20
14
7
30
-34
-61
13
30
48
35
31
25
22
15
44
65
44
63
119
170
119
155
135
82
84
53
19
16
-35
-69
-60
-3
42
64
100
129
196
137
171
112
52
70
-11
50
7
-15
23
17
22
33
61
35
90
88
36
26
5
18
-44
-22
14
-32
-22
-11
-31
-38
-51
-57
-13
3
9
69
126
168
187
136
151
157
84
105
74
88
67
80
71
37
124
155
191
182
137
153
150
196
231
208
155
109
104
97
85
34
68
24
5
-16
-6
26
1
39
35
75
75
70
109
87
91
42
22
4
15
9
27
49
57
76
114
110
123
134
128
130
72
23
24
88
79
68
77
111
76
66
106
106
64
43
12
19
38
60
54
19
31
-12
-14
-2
-3
-31
4
-5
8
-26
-13
17
8
67
54
88
109
99
73
31
11
-1
1
30
77
113
155
180
227
244
230
196
234
180
163
158
154
234
256
279
239
201
155
148
149
147
188
182
262
257
227
227
197
208
172
137
91
69
15
12
12
-37
-43
-44
-27
-25
18
22
-2
-18
2
39
19
21
24
22
60
68
22
37
53
59
25
-8
41
66
49
40
48
24
19
-9
-7
-30
-62
-51
-50
-38
-39
-1
-46
-70
-24
-69
-24
-33
-25
1
42
115
135
128
168
194
122
135
127
104
94
88
67
109
145
96
170
175
204
220
201
253
216
200
205
203
234
200
192
176
156
117
80
60
39
16
73
87
92
92
103
136
134
171
133
136
148
98
52
27
-46
-68
-92
-73
-62
-55
8
-12
-26
47
37
-1
11
32
50
71
90
80
111
139
175
196
247
209
193
184
152
126
154
152
130
161
183
246
251
219
229
258
245
251
227
238
262
253
231
199
197
248
219
169
162
200
190
153
165
197
195
177
219
185
132
124
82
105
76
108
109
96
136
153
141
162
189
191
176
122
134
101
78
34
5
-12
30
-3
-47
-45
-27
-39
-43
6
14
31
11
31
60
55
56
51
57
73
92
87
119
90
71
32
50
86
73
56
15
48
71
51
50
81
98
134
146
153
144
118
141
179
215
176
163
205
214
206
186
177
169
197
182
168
174
148
81
84
110
95
71
65
158
117
136
158
185
208
189
145
132
146
115
123
96
88
63
118
80
63
44
47
91
73
95
94
137
154
132
144
135
159
139
110
131
88
93
81
26
67
40
15
65
-3
-23
-55
-76
-39
-61
-56
-20
-6
0
54
70
89
117
123
139
123
104
134
102
99
121
151
145
174
205
208
208
211
225
250
236
235
252
256
230
270
236
203
195
160
194
187
166
123
97
111
109
82
8
44
10
40
67
70
115
86
51
46
80
69
58
88
128
175
193
215
213
185
197
183
190
173
164
171
172
172
190
203
182
211
260
242
253
258
178
178
164
152
128
119
118
105
108
100
63
12
-4
-53
14
-23
-34
13
36
64
71
56
64
73
78
66
48
58
35
65
44
95
152
189
140
165
181
180
152
69
97
144
129
137
134
129
111
81
84
5
2
-9
-17
3
-29
-37
-34
2
18
44
64
55
5
-77
-115
-146
-135
-122
-107
-91
-80
-46
-8
70
35
37
46
15
-22
-35
-20
-21
16
-9
34
63
86
101
18
-13
10
31
41
99
99
50
16
53
78
130
124
92
84
86
39
-61
-60
-87
-60
-41
-3
10
3
9
-2
-45
-70
-33
-21
-78
-44
-70
-43
-31
-85
-81
-124
-98
-135
-121
-90
-130
-87
-28
-65
-39
-12
-1
35
114
100
59
47
58
40
3
31
40
36
-5
14
-1
-12
-31
12
44
17
24
21
-12
1
-37
-97
-118
-141
-157
-174
-116
-114
-147
-198
-224
-213
-176
-159
-155
-93
-47
-95
-33
-43
-78
-52
-72
-81
-146
-131
-155
-153
-164
-188
-132
-155
-123
-91
-31
2
13
-49
-41
-7
-15
-1
-4
-1
-3
40
79
39
49
62
37
75
78
74
53
86
28
61
5
-49
12
-29
-18
-4
23
23
39
71
103
103
81
83
83
107
70
53
10
-47
-96
-145
-171
-143
-161
-165
-174
-157
-138
-139
-130
-125
-109
-107
-92
-105
-114
-129
-147
-179
-176
-176
-174
-230
-257
-223
-259
-274
-229
-225
-238
-238
-170
-130
-131
-122
-114
-118
-94
-108
-123
-130
-123
-143
-152
-145
-165
-177
-237
-221
-196
-218
-220
-213
-248
-256
-258
-256
-246
-261
-265
-330
-335
-323
-288
-283
-296
-214
-214
-232
-223
-187
-185
-189
-151
-164
-124
-117
-115
-88
-68
-30
-26
-7
-82
-96
-57
-71
-73
-106
-111
-119
-102
-122
-94
-106
-156
-111
-116
-70
-117
-128
-118
-133
-120
-142
-93
-62
-58
-97
-53
-65
-90
-147
-159
-113
-84
-74
-117
-84
-96
-111
-118
-90
-80
-71
-74
-129
-97
-73
-71
-126
-154
-146
-119
-96
-114
-123
-180
-162
-156
-182
-141
-186
-180
-176
-192
-176
-174
-113
-79
-106
-89
-82
-140
-179
-216
-244
-276
-313
-234
-211
-203
-248
-224
-260
-259
-214
-207
-219
-257
-216
-269
-238
-225
-218
-250
-309
-287
-238
-255
-230
-224
-228
-261
-326
-315
-307
-302
-304
-240
-254
-250
-231
-202
-170
-204
-173
-139
-116
-118
-88
-102
-76
-96
-91
-61
-81
-27
-20
-76
-69
-50
-56
-93
-87
-68
-83
-58
-66
-47
-75
-82
-79
-71
-57
-107
-75
-77
-59
28
-9
37
12
-5
26
21
0
-51
-20
39
40
37
25
17
4
43
40
68
71
73
86
51
24
27
49
-10
-48
-12
-26
-84
-169
-184
-167
-148
-177
-185
-221
-237
-192
-188
-154
-208
-249
-268
-294
-273
-234
-314
-365
-345
-331
-337
-356
-306
-283
-339
-269
-235
-269
-278
-310
-345
-341
-320
-307
-262
-257
-210
-169
-234
-281
-326
-338
-320
-305
-299
-323
-289
-193
-157
-139
-139
-136
-115
-147
-142
-173
-209
-287
-236
-251
-253
-224
-165
-94
-105
-60
-68
-53
-55
-47
-69
-96
-117
-93
-142
-123
-100
-42
11
15
40
-2
1
-22
56
92
53
73
95
80
72
80
53
70
15
-24
-41
-107
-70
-18
-67
-64
-72
-61
0
30
91
105
142
176
190
154
184
180
86
59
38
7
-16
-30
-41
-32
-42
-28
-35
-72
-56
-66
-85
-50
-59
-51
-59
-101
-102
-134
-129
-145
-126
-158
-155
-117
-112
-49
-17
5
9
10
7
-35
-50
-33
-17
-74
-99
-40
-19
5
2
50
78
96
108
83
68
6
-19
-42
-105
-108
-110
-115
-144
-145
-142
-138
-136
-141
-157
-170
-165
-136
-130
-171
-186
-236
-210
-192
-223
-242
-297
-278
-281
-304
-268
-259
-250
-279
-242
-202
-147
-136
-156
-160
-206
-150
-165
-190
-158
-222
-204
-177
-163
-122
-117
-41
5
45
105
148
158
143
175
139
114
77
60
47
89
63
44
71
52
61
56
63
114
32
-33
-8
-39
-27
-49
-65
-86
-52
-50
-86
-55
-31
-40
15
54
72
93
113
129
59
36
67
82
75
68
70
63
26
-17
12
39
36
35
7
0
-53
-73
-75
-105
-88
-72
-80
-69
-60
-116
-115
-122
-137
-128
-130
-117
-132
-115
-121
-56
-38
-75
-49
-58
-84
-88
-107
-109
-125
-130
-85
-88
-51
-69
-33
-80
-52
-24
-39
-31
20
40
1
25
-5
-21
-36
25
-33
-61
-57
-105
-126
-117
-177
-141
-140
-126
-92
-106
-124
-155
-136
-123
-156
-161
-162
-175
-179
-213
-259
-239
-240
-262
-254
-221
-122
-158
-146
-166
-153
-161
-154
-114
-97
-56
-55
-22
-12
-62
-90
-85
-52
22
-8
-30
-15
-41
8
-12
-44
-42
-61
-67
-60
-101
-129
-129
-178
-153
-158
-130
-125
-69
-16
16
-29
-15
-34
-44
-40
-71
-31
-101
-143
-139
-124
-107
-88
-41
-46
-65
-57
-33
-5
34
6
-49
-64
-28
-58
-104
-92
-76
-109
-142
-134
-153
-137
-148
-155
-121
-105
-114
-112
-139
-104
-160
-210
-184
-192
-168
-155
-186
-221
-243
-236
-232
-254
-275
-298
-269
-263
-233
-266
-288
-277
-281
-302
-291
-284
-310
-285
-298
-266
-303
-286
-295
-276
-217
-228
-229
-261
-289
-314
-282
-229
-247
-300
-320
-337
-350
-357
-368
-369
-340
-362
-310
-302
-309
-343
-330
-317
-300
-284
-311
-305
-348
-304
-312
-307
-326
-255
-279
-341
-260
-287
-298
-330
-290
-266
-263
-269
-274
-236
-249
-216
-235
-229
-232
-271
-304
-337
-318
-403
-430
-384
-344
-302
-251
-265
-224
-206
-245
-254
-232
-214
-273
-234
-231
-263
-252
-268
-218
-204
-259
-258
-186
-193
-164
-147
-157
-104
-55
-76
-108
-74
-94
-112
-103
-142
-201
-243
-240
-257
-262
-263
-294
-329
-308
-268
-320
-239
-244
-276
-239
-223
-196
-216
-235
-277
-317
-300
-265
-260
-304
-305
-310
-326
-311
-312
-294
-257
-222
-235
-228
-246
-219
-223
-278
-287
-294
-293
-307
-327
-318
-287
-276
-275
-321
-269
-252
-265
-285
-273
-235
-266
-248
-260
-277
-288
-299
-325
-365
-366
-347
-315
-277
-284
-290
-304
-337
-372
-385
-366
-423
-418
-404
-408
-390
-406
-446
-432
-383
-381
-360
-354
-314
-298
-295
-293
-285
-295
-225
-169
-183
-165
-181
-207
-249
-197
-229
-261
-213
-275
-284
-253
-270
-260
-291
-267
-286
-248
-223
-224
-234
-282
-245
-254
-239
-255
-277
-271
-231
-207
-238
-280
-299
-313
-288
-249
-294
-275
-306
-316
-303
-327
-271
-281
-305
-317
-305
-274
-261
-269
-278
-287
-298
-291
-294
-303
-295
-289
-292
-308
-338
-344
-335
-359
-321
-327
-367
-356
-346
-296
-286
-331
-310
-287
-278
-297
-295
-319
-360
-376
-363
-362
-396
-411
-419
-400
-340
-285
-271
-286
-310
-278
-288
-291
-266
-238
-227
-210
-196
-199
-161
-205
-234
-186
-173
-167
-172
-138
-158
-111
-110
-121
-153
-148
-156
-162
-153
-156
-181
-219
-216
-212
-198
-199
-176
-196
-191
-250
-297
-321
-334
-379
-379
-373
-345
-350
-357
-342
-372
-355
-378
-297
-292
-293
-289
-324
-294
-303
-266
-249
-226
-218
-172
-176
-216
-220
-269
-304
-313
-286
-342
-347
-312
-323
-339
-316
-262
-310
-281
-261
-255
-222
-238
-242
-244
-281
-285
-263
-280
-316
-315
-319
-315
-294
-299
-321
-282
-298
-253
-239
-295
-270
-214
-188
-189
-191
-175
-155
-189
-212
-220
-266
-274
-263
-266
-281
-244
-246
-249
-225
-192
-207
-223
-187
-265
-288
-320
-349
-358
-349
-316
-312
-289
-303
-334
-312
-342
-347
-295
-307
-308
-224
-245
-207
-184
-229
-207
-154
-153
-164
-150
-162
-176
-168
-154
-144
-161
-168
-130
-132
-123
-167
-156
-199
-236
-241
-226
-273
-265
-249
-299
-310
-286
-344
-384
-292
-318
-322
-299
-279
-272
-225
-157
-155
-73
-78
-87
-79
-109
-57
-103
-81
-65
-55
-7
-2
5
5
67
102
72
24
24
48
46
23
-20
-27
-82
-86
-150
-126
67
-147
-283
-109
-42
-248
-250
-110
-198
-93
-103
115
285
156
191
185
53
3
125
66
-10
-53
42
75
14
-26
-32
27
50
30
3
25
12
11
-3
-37
-8
11
-23
-29
-35
-30
-48
-91
-77
-63
-149
-229
-155
-167
-128
-142
-107
-136
-145
-109
-100
-74
-95
-96
-135
-100
-62
-12
-15
-9
-63
-24
39
38
0
40
55
9
116
108
-15
-42
6
23
48
76
1
-51
-21
27
-17
-173
-77
-12
-134
-137
-27
-102
-56
-4
30
28
-42
31
109
-30
-109
64
72
-110
-101
-49
-142
-203
-13
-25
-171
10
17
-145
-10
47
27
-30
104
92
-44
-4
6
-224
-132
86
-130
-261
-178
-112
-145
1
-77
-4
-22
86
-84
-80
14
11
-151
68
125
-6
16
90
168
54
-9
45
201
-54
96
211
62
113
232
-161
-17
266
-178
-122
-89
-91
-81
24
-39
-151
-129
-144
70
102
-286
-200
78
98
-153
-134
20
-427
-30
309
-390
-357
-100
-165
-376
92
-187
-458
71
50
-63
24
4
-153
44
230
-47
-144
-125
-66
186
-129
88
71
-140
121
264
229
-192
114
-51
203
442
133
-179
164
231
174
12
58
-26
-153
415
-90
-130
29
-82
-132
342
197
-200
253
223
136
51
-91
241
300
-188
79
-12
-46
102
30
131
-183
-44
304
418
102
-440
231
619
17
101
-65
-200
347
283
-112
-132
68
82
192
292
-363
3
87
108
137
-8
-156
30
312
508
366
242
-67
101
501
84
190
37
-76
-8
-75
574
70
-89
245
258
226
153
119
177
-370
263
759
173
-382
-56
804
-231
366
245
-434
-205
823
-40
95
17
27
180
577
419
-480
32
316
287
388
775
-308
-461
815
471
198
104
-140
-96
541
528
111
-246
-447
642
-140
420
-223
-425
-599
1006
237
-179
-238
-441
204
393
298
-792
34
-165
362
399
-292
-286
-44
122
728
6
-363
-124
320
-99
548
-129
-665
-196
732
-57
-172
375
-181
-6
100
856
-258
39
305
-68
993
326
-530
-128
656
192
331
-62
79
743
-119
76
143
304
35
410
-15
32
-255
-352
592
-103
207
-376
-44
228
86
-164
119
-626
92
1012
104
-118
-252
91
392
467
230
-50
115
68
4
616
362
-423
-361
1107
61
-113
333
-79
96
702
27
-378
377
-19
-242
156
397
-388
-320
59
187
-40
-389
92
65
338
147
-622
162
-3
306
-143
109
115
-492
-252
750
99
-745
-9
574
242
229
71
-653
161
349
365
-78
-315
486
278
-327
512
833
-542
-160
322
269
113
-28
-258
203
730
-98
-423
189
894
-472
31
349
14
93
359
-70
-88
208
222
227
-59
-81
-218
139
366
139
-222
33
104
117
272
220
-530
664
668
-501
-85
324
410
28
-204
169
251
53
79
-648
701
573
-542
387
265
-430
92
341
252
144
-269
-41
491
702
-436
-139
269
550
442
34
-108
-78
-14
235
-79
179
274
-123
80
55
160
89
-509
-437
603
645
-480
-314
126
-109
-229
-179
111
287
28
-207
196
393
-130
-241
103
99
-112
-599
-143
200
105
25
154
13
-376
452
639
-216
-7
615
279
64
373
233
-109
-265
239
264
416
-296
-107
796
264
-409
111
330
-235
-645
473
1090
-602
-1030
412
428
-248
-580
79
332
-284
101
202
-404
182
620
-202
172
263
337
-5
173
377
691
82
-230
-121
473
261
-783
30
604
-111
-775
-19
360
-465
-309
-64
352
-158
15
45
-52
43
239
483
-47
74
253
647
149
166
49
658
504
276
326
335
-287
-166
776
575
-394
-460
486
301
-74
414
39
-117
-14
344
259
633
-268
-510
745
827
-433
-626
258
-45
312
242
222
-151
-21
208
609
83
-31
39
698
645
68
-136
-101
938
560
-81
-251
-21
64
530
232
-381
-166
155
83
0
-51
-398
-216
577
665
-277
-312
-54
-54
424
346
113
-204
92
352
233
131
209
-4
119
1002
721
200
-54
353
717
1047
560
-25
56
337
595
622
471
239
-28
35
1013
636
-331
-393
234
309
108
46
-135
-83
245
359
10
9
382
135
-47
676
437
-681
-556
546
620
209
-459
59
200
27
15
-257
-184
227
261
470
69
-676
-404
107
630
110
-529
-833
-243
193
-182
-742
-1042
-536
-101
-133
-581
-1061
-1013
-564
-178
-83
-461
-1522
-930
94
-173
-382
-719
-744
-104
-141
-212
-476
-641
-132
144
-44
-116
-223
-208
-137
167
282
71
35
277
423
333
242
231
383
785
564
394
836
870
808
807
984
986
727
992
1404
1435
996
826
1341
1284
1413
1124
1216
1563
1467
1542
1580
1577
1341
1030
1343
1711
1501
966
442
893
1088
975
1256
223
107
952
638
-190
393
-6
-630
-498
48
87
-1166
-1717
-1106
-129
-384
-1107
-2206
-1153
-491
-1222
-1471
-1806
-1555
-1224
-1217
-1605
-1805
-2424
-1943
-1548
-1675
-2388
-2853
-2470
-1626
-1601
-2851
-3153
-2768
-1964
-2234
-2176
-2084
-2256
-2100
-1906
-1785
-1343
-1212
-1743
-1394
-480
-118
-613
-453
201
1075
1358
1003
1010
1891
2676
2535
2740
2849
3016
3200
3517
3806
3718
3561
3823
3979
4088
3856
3407
3270
3577
3881
3423
2780
2624
3058
2675
2375
2315
1692
1419
1319
1134
1328
900
-335
-292
604
788
-435
-1198
-406
-402
-856
-990
-293
-1409
-1773
-760
-482
-1186
-1394
-1383
-1352
-577
-915
-1423
-1522
-1125
-845
-987
-1104
-1126
-1014
-916
-1226
-1624
-1273
-1196
-1649
-2047
-1863
-1942
-2408
-2386
-2333
-2286
-3020
-3121
-2976
-2976
-3518
-3278
-2818
-2850
-3009
-3846
-3628
-2811
-2278
-2689
-2903
-2440
-1486
-1338
-1509
-1553
-619
304
290
342
662
1480
1925
2186
2548
2940
3217
3383
3752
4131
4259
4259
4527
4939
4945
4632
4409
4630
4863
4777
4151
3784
3778
3779
3551
3139
2804
2481
2270
2045
1642
1348
1362
972
816
1104
-21
-590
55
79
-380
-676
-601
-527
-488
-787
-1121
-1010
-619
-326
-701
-1226
-1302
-547
244
-458
-1361
-1132
-308
-237
-630
-1088
-1404
-1062
-771
-727
-1250
-1884
-2096
-1110
-765
-1507
-2367
-2557
-2335
-2231
-2247
-2864
-3573
-3710
-3108
-2892
-3531
-4219
-4491
-3951
-2847
-2564
-3386
-4450
-4184
-2836
-1646
-2267
-3338
-3235
-1613
-666
-860
-1388
-1005
297
1083
1471
1089
1301
2170
3105
3304
3390
3683
3946
4125
4639
5017
4828
4722
5022
5443
5435
5005
4424
4612
5016
4694
4176
3762
3633
3680
3409
2943
2532
2154
1720
1465
1153
911
555
200
-143
-197
-396
-1013
-858
-895
-1131
-945
-955
-1492
-1332
-966
-753
-1040
-1520
-1158
-814
-508
-559
-770
-722
-499
-378
-192
-216
-806
-712
-204
-185
-864
-949
-638
-466
-783
-1301
-1549
-1506
-1421
-1745
-1972
-2330
-2625
-2778
-2310
-2901
-3401
-3568
-3717
-3839
-3715
-3934
-3531
-3434
-3754
-4065
-4028
-3488
-2531
-2077
-2613
-2870
-2032
-967
-891
-1108
-959
324
1067
1199
993
1676
2497
2953
3139
3467
3776
4086
4502
4628
4935
5035
4950
4926
5199
5177
4957
4633
4710
4896
4601
3856
3581
3630
3503
3121
2577
2223
2226
1844
1461
983
683
589
468
97
-153
-395
-682
-645
-633
-919
-1087
-1010
-1100
-668
-648
-703
-996
-1032
-615
-471
-221
-483
-1088
-1001
-131
334
-250
-874
-1060
-694
64
-183
-1087
-955
-572
-461
-398
-894
-1900
-1751
-1100
-1244
-1982
-2658
-2712
-2386
-2150
-2943
-3928
-4046
-3597
-3829
-3688
-3227
-3428
-3913
-4540
-3979
-2968
-2492
-3193
-3579
-2949
-1838
-1390
-1752
-2005
-1034
227
565
369
349
1469
2514
2845
2631
2784
3299
3796
4244
4641
4739
4603
4640
5230
5680
5316
4692
4586
5085
5251
4701
4041
3833
4070
3993
3259
2554
2366
2464
2207
1817
1329
1066
809
478
282
202
-190
-486
-418
-384
-852
-1186
-978
-722
-639
-746
-1191
-1003
-639
-760
-781
-618
-677
-787
-431
-520
-385
-394
-546
-829
-429
-500
-659
-767
-789
-955
-1331
-1403
-1586
-1636
-1917
-2036
-2304
-2559
-2987
-3082
-3204
-3612
-3987
-4437
-4167
-3404
-3485
-4289
-4855
-4537
-3437
-2739
-3488
-4064
-3644
-2336
-1648
-1852
-2128
-1307
-277
245
254
129
949
2106
2756
2685
2598
3078
3761
4051
4286
4241
4502
4925
5013
4894
4811
4684
4701
4872
4606
4095
3956
4007
4052
3599
3008
2804
2699
2508
2132
1658
1255
1257
1139
882
590
256
-10
9
-28
-359
-618
-570
-405
-371
-599
-838
-777
-384
-154
-187
-519
-486
-139
-64
-144
-169
-309
-381
-161
-132
-570
-928
-608
-543
-698
-899
-1369
-1513
-1246
-1529
-2197
-2290
-2069
-2568
-3021
-3095
-3555
-3845
-3953
-4372
-4890
-4255
-3425
-3662
-4494
-5006
-4646
-3286
-2752
-3479
-4075
-3398
-1959
-1403
-1722
-1968
-1111
9
599
417
479
1344
2419
2648
2509
2804
3442
3831
4175
4434
4434
4416
4425
4792
5200
4877
4125
4053
4536
4800
4235
3602
3475
3865
3691
2961
2381
2426
2575
2212
1492
1100
1087
1058
844
466
185
-21
-71
-77
-244
-467
-688
-542
-211
-245
-581
-927
-621
-157
53
-258
-617
-340
323
125
-262
-305
-280
-224
7
-89
-554
-729
-492
-353
-749
-1287
-1688
-1519
-1301
-1613
-2517
-2823
-2718
-2441
-2619
-3380
-4325
-4304
-3908
-4203
-4008
-3766
-3971
-4494
-5035
-4718
-3499
-3121
-3787
-4129
-3188
-1951
-1760
-2201
-2185
-916
76
206
-65
225
1499
2434
2515
2298
2693
3510
3944
3911
4108
4522
4698
4505
4491
4836
4988
4539
4241
4332
4437
4264
3988
3620
3379
3108
2750
2358
2234
1988
1697
1327
1073
901
564
269
50
-5
-223
-466
-612
-515
-533
-518
-550
-521
-672
-637
-556
-555
-669
-561
-457
-438
-585
-507
-72
-50
-199
-323
-238
-34
-36
-261
-210
-316
-377
-821
-1252
-1181
-1092
-1154
-1391
-2067
-2664
-2509
-2200
-2590
-3277
-3792
-4115
-4038
-4398
-4214
-3678
-3858
-4574
-5108
-4519
-3423
-3107
-3759
-4129
-3793
-2444
-1876
-2280
-2490
-1355
-153
131
-148
-28
1216
2201
2389
2315
2618
3279
3831
3899
4090
4296
4402
4466
4668
4945
4936
4675
4304
4352
4512
4308
3868
3628
3682
3479
2903
2494
2386
2299
1925
1439
1038
891
801
523
222
12
-170
-339
-555
-659
-666
-770
-723
-826
-964
-1162
-1191
-864
-617
-847
-1061
-849
-725
-551
-560
-634
-349
-136
-439
-506
-505
-608
-480
-221
-465
-819
-837
-865
-1114
-1358
-1451
-1664
-1774
-2151
-2528
-2676
-2843
-3332
-3768
-4007
-4488
-4032
-3402
-3481
-4562
-5420
-4671
-3162
-2909
-4036
-4503
-3703
-2169
-1618
-2259
-2757
-1599
-117
238
-302
-332
1001
2261
2426
1971
2152
3068
3741
3935
3957
4090
4219
4443
4737
4897
4828
4407
4192
4397
4507
4146
3850
3691
3627
3328
2749
2308
2366
2413
1966
1324
907
966
840
546
218
-69
-294
-427
-540
-545
-703
-903
-804
-713
-756
-1005
-1004
-755
-493
-564
-806
-873
-530
-110
-193
-413
-334
-190
-184
-134
-385
-491
-367
-429
-714
-754
-888
-1024
-1210
-1644
-1932
-2157
-2346
-2620
-2788
-3196
-3587
-3952
-4236
-4598
-4799
-3931
-3461
-4328
-5439
-5434
-4189
-2913
-3503
-4687
-4608
-3074
-1897
-2115
-2663
-2089
-718
25
-29
-277
543
1906
2346
2104
2189
2888
3626
3898
4150
4360
4454
4374
4478
4839
5087
4907
4509
4278
4411
4263
3965
3865
3731
3271
2658
2286
2294
2379
2075
1393
831
771
829
634
208
-5
-168
-420
-590
-686
-698
-707
-721
-774
-926
-1103
-1080
-755
-473
-545
-752
-788
-598
-322
-176
-202
-304
-241
-107
-118
-243
-418
-372
-430
-687
-770
-882
-1052
-1260
-1336
-1641
-2089
-2644
-2782
-2718
-3323
-3981
-4294
-4231
-4639
-4603
-3972
-3950
-4701
-5596
-5474
-4369
-3387
-3901
-4658
-4440
-3183
-2344
-2417
-2822
-2194
-884
-260
-384
-431
682
1860
2177
1933
2155
2925
3537
3749
3912
4173
4378
4365
4440
4606
4744
4466
4212
4376
4280
3791
3535
3680
3798
3282
2406
2004
2247
2455
2073
1317
772
794
835
621
310
47
-101
-264
-467
-543
-517
-516
-525
-592
-728
-817
-835
-593
-269
-302
-536
-691
-533
-182
-41
-234
-362
-322
-265
-341
-478
-556
-573
-512
-811
-1109
-1523
-1682
-1549
-1665
-2142
-2770
-3079
-3218
-3156
-3508
-4178
-4746
-4949
-5074
-4521
-4075
-4573
-5449
-5916
-5043
-3613
-3488
-4730
-5084
-3897
-2311
-2064
-2788
-2782
-1502
-236
39
-197
126
1306
2442
2566
2280
2592
3445
4153
4327
4441
4482
4505
4570
4901
5193
5011
4441
4367
4705
4633
3986
3588
3690
3855
3285
2269
1937
2205
2316
1802
885
399
592
716
350
-209
-386
-370
-462
-661
-803
-954
-857
-722
-713
-854
-970
-930
-643
-273
-356
-602
-655
-335
-48
-24
-118
-176
-106
-131
-177
-272
-396
-409
-535
-788
-1042
-1145
-1382
-1599
-1849
-2171
-2579
-2844
-3086
-3413
-3678
-4223
-4524
-5032
-4904
-4087
-4052
-5078
-6112
-5751
-4129
-3118
-4194
-5281
-4747
-2973
-2045
-2478
-2996
-2259
-790
-15
-120
-336
648
2044
2544
2361
2332
3075
3892
4359
4605
4725
4716
4611
4901
5395
5533
4941
4446
4556
4845
4840
4291
3712
3651
3617
3175
2584
2218
2158
2091
1587
989
668
599
488
160
-234
-480
-685
-883
-864
-928
-1035
-1141
-1142
-997
-987
-1047
-975
-793
-707
-595
-607
-480
-325
-297
-161
0
4
-82
-78
-80
13
-61
-338
-683
-630
-575
-795
-1202
-1463
-1587
-1763
-2178
-2801
-3143
-3249
-3462
-4097
-4754
-4416
-3538
-3760
-4973
-5836
-5063
-3573
-3129
-4381
-5137
-4119
-2623
-2252
-2863
-2969
-1888
-625
-294
-424
-96
1061
1989
2174
2136
2480
3148
3754
4027
4318
4522
4553
4421
4772
5227
5206
4604
4207
4501
4735
4435
4047
3898
3742
3357
2927
2679
2628
2537
1858
1201
883
953
779
390
-62
-276
-506
-622
-837
-898
-885
-1067
-1258
-1293
-1193
-1197
-1213
-1038
-801
-810
-898
-935
-534
-213
-209
-370
-403
-196
68
49
-123
-151
-92
-265
-420
-628
-654
-785
-1079
-1252
-1516
-1787
-2116
-2521
-2783
-3045
-3602
-4072
-4409
-3634
-3093
-3888
-5154
-5441
-4269
-2837
-2993
-4570
-4892
-3402
-1804
-2012
-2974
-2819
-1240
-112
-196
-525
34
1414
2089
1936
1799
2245
3180
3727
3922
3935
4079
4211
4289
4609
4763
4563
3983
3863
4230
4370
3876
3368
3530
3784
3078
2177
1924
2331
2529
1767
725
434
789
922
420
-147
-428
-415
-469
-590
-720
-921
-948
-962
-988
-1043
-971
-850
-652
-499
-537
-665
-587
-231
126
120
-77
-152
64
344
388
254
235
292
283
103
-51
-196
-390
-602
-817
-1145
-1464
-1749
-2056
-2277
-2612
-3053
-3599
-3958
-4268
-3556
-3164
-3882
-5009
-5268
-4238
-2906
-3064
-4476
-4700
-3489
-1984
-1908
-2459
-2512
-1311
-368
-183
-386
54
1199
2040
2067
1937
2295
2976
3524
3821
3956
3893
3795
3893
4437
4724
4467
3775
3616
3878
4075
3677
3308
3166
3164
2746
2060
1804
2056
2017
1398
690
330
500
497
289
-143
-481
-626
-674
-638
-643
-686
-683
-789
-879
-894
-795
-573
-406
-358
-370
-441
-255
18
262
264
202
218
301
467
507
517
507
390
272
132
-31
-56
-233
-461
-804
-1201
-1497
-1632
-1785
-2158
-2595
-3051
-3437
-3688
-3983
-3400
-3053
-3746
-4816
-5150
-4135
-2754
-2917
-4303
-4549
-3381
-2080
-1988
-2562
-2597
-1377
-570
-411
-538
-18
1166
1843
1772
1641
2070
2881
3443
3532
3569
3619
3658
3761
4243
4595
4461
3794
3588
3798
4040
3764
3371
3074
3039
2765
2157
1850
1891
1931
1434
775
284
382
477
233
-202
-493
-679
-782
-869
-750
-600
-722
-919
-1067
-962
-677
-569
-517
-540
-473
-414
-339
-70
230
373
282
118
219
443
607
642
519
432
344
266
131
229
68
-243
-499
-811
-1103
-1280
-1575
-1879
-2294
-2703
-3135
-3460
-3870
-3745
-3010
-3314
-4253
-5145
-4579
-3232
-2592
-3771
-4790
-4208
-2672
-1954
-2564
-2994
-2237
-984
-588
-815
-854
294
1380
1543
1139
1260
2162
3026
3209
3228
3197
3355
3467
3856
4326
4458
3937
3413
3521
3875
3899
3439
3117
3056
3224
2676
2054
1809
2097
1940
1223
371
112
468
499
25
-482
-621
-725
-781
-835
-731
-794
-1055
-1207
-1168
-966
-854
-833
-692
-578
-522
-567
-435
-80
281
348
87
-70
254
670
811
689
472
473
600
498
319
237
-1
-190
-544
-889
-1112
-1253
-1535
-1832
-2371
-2770
-3109
-3319
-3702
-3581
-3008
-3433
-4358
-5045
-4325
-3097
-2703
-3904
-4630
-3881
-2309
-1867
-2430
-2684
-1897
-917
-707
-814
-516
661
1499
1462
1231
1653
2477
3144
3226
3228
3321
3392
3453
3838
4215
4307
3625
3235
3443
3837
3741
3266
3000
2958
2828
2236
1872
1913
2095
1645
833
307
373
614
502
-27
-469
-710
-855
-884
-863
-810
-904
-1118
-1232
-1088
-882
-779
-729
-708
-629
-637
-617
-268
42
195
58
-183
-93
291
548
512
346
292
350
340
264
256
189
-12
-227
-455
-585
-626
-858
-1170
-1452
-1743
-2116
-2413
-2747
-2966
-3295
-3113
-2702
-3155
-3866
-4222
-3538
-2600
-2478
-3614
-4038
-3182
-1916
-1740
-2376
-2583
-1701
-722
-497
-628
-391
615
1209
1156
1030
1481
2259
2689
2706
2716
2849
3069
3222
3563
3678
3619
3192
3022
3224
3448
3278
2826
2579
2532
2307
1827
1622
1688
1725
1244
527
194
492
688
349
-238
-568
-653
-579
-553
-697
-891
-959
-1048
-1020
-875
-760
-724
-661
-574
-537
-582
-519
-157
145
189
-89
-139
253
696
705
475
340
430
563
487
324
310
174
62
-163
-459
-532
-653
-844
-1056
-1384
-1775
-1952
-2161
-2391
-2664
-3164
-3412
-2664
-2451
-3030
-3949
-3955
-2968
-2106
-2770
-3800
-3591
-2347
-1446
-1878
-2417
-2100
-990
-442
-396
-600
22
838
1228
1176
1213
1652
2258
2476
2699
2861
2795
2735
3076
3447
3439
3003
2527
2853
3237
3198
2658
2415
2391
2451
2129
1723
1566
1628
1418
873
480
477
616
472
28
-302
-416
-413
-372
-465
-574
-657
-753
-830
-752
-568
-507
-471
-508
-424
-299
-222
-107
-43
58
68
35
157
368
438
401
282
323
483
483
405
350
253
66
-102
-209
-351
-444
-672
-954
-1169
-1369
-1533
-1650
-2025
-2358
-2747
-2944
-3131
-2738
-2396
-2800
-3576
-3898
-3182
-2217
-2169
-3292
-3534
-2746
-1607
-1681
-2268
-2250
-1333
-657
-638
-701
-276
659
1125
1086
1067
1537
2172
2511
2557
2607
2611
2574
2634
2958
3132
3024
2628
2646
2826
2929
2699
2510
2510
2398
1968
1530
1461
1605
1502
894
305
164
347
407
192
-265
-433
-436
-393
-414
-544
-548
-483
-465
-441
-481
-420
-301
-154
-144
-210
-191
-65
181
406
368
219
216
455
709
699
553
464
520
548
385
217
205
159
-10
-247
-409
-547
-707
-919
-1039
-1182
-1392
-1755
-1995
-2067
-2135
-2580
-2933
-3251
-2940
-2381
-2670
-3415
-3898
-3366
-2460
-2148
-3085
-3545
-2844
-1676
-1358
-1795
-2038
-1349
-537
-203
-220
-187
530
1103
1191
1134
1268
1756
2162
2285
2289
2291
2369
2501
2875
2999
2881
2522
2478
2678
2720
2419
2144
2025
2025
1776
1363
1205
1316
1386
1051
629
377
564
782
725
190
-139
-181
-6
134
-4
-176
-338
-383
-297
-258
-148
-180
-152
-82
-38
-60
-95
128
308
315
51
-43
137
402
479
264
44
1
79
126
49
-22
-84
-200
-308
-467
-440
-505
-692
-956
-1078
-1130
-1238
-1383
-1635
-1804
-1977
-2277
-2461
-2614
-2766
-2340
-2146
-2552
-3260
-3449
-2795
-1928
-1976
-2866
-3075
-2339
-1367
-1344
-1783
-1855
-1205
-581
-418
-548
-297
437
795
754
770
1086
1593
1969
2012
1977
1972
2048
2259
2570
2667
2490
2184
2183
2452
2606
2498
2188
2030
1877
1842
1782
1687
1558
1464
1303
999
868
832
881
829
548
291
138
151
209
133
1
-174
-295
-237
-82
-58
-151
-250
-259
-227
-229
-264
-186
-157
-166
-220
-254
-145
-36
-37
-112
-196
-147
-74
-30
39
-20
-191
-294
-251
-168
-192
-430
-565
-599
-621
-727
-886
-1123
-1251
-1345
-1397
-1587
-1833
-2045
-2153
-2389
-2164
-1847
-2143
-2613
-2897
-2454
-1813
-1733
-2514
-2715
-2232
-1465
-1418
-1751
-1744
-1209
-782
-761
-761
-525
145
457
431
407
684
1195
1570
1670
1717
1649
1793
2018
2343
2396
2270
2094
2201
2416
2462
2296
2218
2317
2299
2088
1910
1835
1863
1845
1620
1305
1030
965
943
906
657
410
186
145
95
8
-129
-291
-393
-503
-556
-505
-561
-621
-644
-681
-702
-746
-639
-515
-460
-516
-550
-441
-275
-136
-99
-128
-50
83
236
314
338
403
351
343
336
352
364
297
216
126
-14
-112
-152
-259
-402
-623
-854
-963
-1043
-1161
-1492
-1745
-2036
-1956
-1672
-1920
-2562
-2991
-2647
-2036
-2032
-2844
-3109
-2577
-1910
-1758
-2139
-2268
-1797
-1313
-1102
-1066
-961
-510
-150
-17
135
430
767
1049
1283
1438
1553
1664
1916
2372
2532
2441
2283
2434
2673
2800
2747
2597
2476
2374
2403
2308
2168
1985
1887
1671
1435
1288
1202
1108
883
577
352
312
173
39
-85
-225
-347
-453
-515
-567
-595
-579
-679
-703
-705
-680
-611
-481
-412
-421
-365
-269
-29
45
87
176
270
390
448
502
625
817
821
719
741
796
846
847
761
684
528
441
370
265
117
-110
-434
-610
-723
-876
-1139
-1529
-1828
-2079
-2314
-2430
-2202
-2357
-2777
-3322
-3249
-2717
-2348
-2853
-3469
-3309
-2702
-2339
-2483
-2606
-2353
-1760
-1472
-1362
-1168
-584
-90
163
239
489
956
1343
1617
1805
1947
2041
2270
2715
2943
2979
2781
2760
2923
3098
3145
2941
2821
2673
2634
2424
2189
2062
1985
1657
1260
993
980
977
718
278
31
42
-58
-164
-366
-499
-549
-679
-820
-807
-802
-763
-815
-805
-789
-692
-555
-513
-403
-239
-124
-44
160
363
565
584
616
736
889
926
948
962
1037
1119
1072
987
962
1006
1024
898
747
671
547
466
223
-36
-289
-488
-702
-1007
-1225
-1394
-1593
-1913
-2157
-2388
-2563
-2754
-2650
-2552
-2792
-3212
-3426
-3031
-2638
-2649
-3068
-3122
-2637
-2144
-2018
-2108
-2000
-1496
-1112
-921
-697
-350
199
556
736
922
1199
1602
1925
2136
2261
2280
2389
2669
2998
3028
2960
2812
2805
2915
2881
2774
2641
2457
2274
2077
1937
1813
1663
1437
1108
851
675
587
439
249
-34
-217
-232
-226
-282
-449
-500
-496
-540
-554
-505
-347
-359
-410
-422
-318
-184
-74
1
23
122
182
290
445
573
561
566
665
810
936
889
858
938
969
963
866
773
742
713
624
488
409
349
245
75
-54
-129
-292
-397
-567
-759
-893
-1080
-1282
-1430
-1619
-1930
-2196
-2403
-2501
-2445
-2360
-2495
-2875
-3063
-2852
-2484
-2376
-2665
-2832
-2553
-2107
-1894
-1949
-1891
-1624
-1259
-1010
-747
-431
-69
296
534
708
967
1307
1571
1779
1982
2072
2144
2283
2541
2770
2720
2496
2398
2579
2648
2657
2495
2273
2165
2070
1961
1793
1592
1417
1276
1012
773
658
628
547
249
-95
-172
-101
-125
-205
-388
-510
-547
-487
-457
-471
-531
-540
-466
-458
-417
-359
-209
-125
-79
-68
27
172
348
475
445
435
536
665
809
875
869
862
935
1027
1048
1075
1017
1012
991
888
784
623
574
476
220
-126
-351
-375
-493
-732
-1028
-1237
-1394
-1573
-1747
-1964
-2114
-2364
-2574
-2801
-2871
-2768
-2794
-3058
-3344
-3290
-2979
-2742
-2872
-2963
-2786
-2393
-2094
-1942
-1830
-1435
-1092
-779
-572
-305
94
448
703
915
1139
1398
1778
2001
2196
2263
2321
2443
2711
2895
2884
2765
2665
2603
2602
2544
2379
2242
2146
1884
1658
1549
1419
1279
1000
717
494
295
188
73
-127
-350
-536
-618
-591
-659
-772
-802
-890
-854
-827
-725
-673
-591
-510
-465
-373
-202
-16
127
223
248
304
495
715
760
784
826
878
938
935
916
932
951
941
897
857
815
782
741
662
505
396
203
113
-21
-181
-408
-587
-739
-878
-950
-1111
-1369
-1567
-1714
-1856
-1941
-2213
-2361
-2436
-2463
-2617
-2648
-2437
-2387
-2520
-2734
-2707
-2405
-2080
-2150
-2377
-2207
-1764
-1378
-1336
-1314
-1061
-680
-376
-180
37
287
589
846
1025
1239
1451
1660
1928
2103
2170
2156
2205
2386
2462
2439
2295
2190
2207
2218
2181
2035
1835
1630
1526
1447
1253
992
773
654
509
274
85
-2
-27
-120
-283
-385
-420
-401
-441
-532
-598
-617
-570
-517
-405
-439
-433
-369
-268
-183
-139
-33
46
173
220
276
349
477
553
572
576
525
610
691
718
701
695
629
616
593
568
504
415
333
281
157
88
9
-167
-278
-376
-401
-501
-624
-775
-862
-977
-1114
-1250
-1358
-1463
-1522
-1661
-1850
-2006
-2123
-2136
-2208
-2206
-2177
-2291
-2395
-2337
-2117
-1889
-1921
-2092
-2017
-1676
-1341
-1256
-1230
-1048
-743
-440
-268
-131
145
452
685
885
1042
1285
1514
1669
1826
1896
1902
1961
2163
2227
2143
2047
1911
1896
1978
1967
1820
1684
1566
1388
1274
1151
1021
972
756
507
306
234
217
118
-80
-276
-369
-312
-323
-392
-514
-563
-464
-474
-505
-459
-327
-257
-233
-239
-211
-119
-13
108
121
122
218
346
451
500
535
532
547
666
712
727
723
696
730
697
651
642
635
596
473
312
253
137
63
-81
-232
-340
-436
-486
-666
-730
-847
-1008
-1125
-1229
-1318
-1384
-1472
-1583
-1650
-1757
-1842
-1927
-1941
-1950
-1961
-1841
-1835
-1953
-2122
-1963
-1596
-1399
-1475
-1540
-1341
-919
-610
-567
-580
-346
-25
221
361
478
733
944
1055
1139
1353
1536
1624
1757
1830
1856
1819
1830
1914
2004
1928
1782
1713
1675
1665
1578
1499
1386
1261
1084
943
811
741
702
536
318
204
166
174
103
-42
-108
-126
-179
-209
-247
-236
-226
-241
-247
-205
-109
13
93
91
143
209
312
431
525
549
576
602
676
754
776
731
751
755
730
661
627
603
592
537
322
204
121
68
21
-108
-252
-319
-356
-457
-620
-659
-752
-859
-1021
-1077
-1109
-1135
-1172
-1248
-1217
-1204
-1153
-1205
-1194
-1184
-1164
-1136
-1167
-1158
-1131
-1104
-1086
-1107
-913
-651
-730
-912
-931
-680
-305
-226
-508
-590
-292
49
78
-75
-117
77
221
332
391
427
586
644
728
822
921
996
1146
1254
1223
1103
1097
1205
1322
1305
1107
1011
1100
1142
1149
1128
1092
1049
958
898
947
972
907
814
701
618
562
570
566
524
409
348
314
353
350
329
333
249
207
238
324
336
267
230
182
162
189
168
201
141
66
-45
-13
28
56
9
-62
-50
-53
-38
-60
-42
-83
-183
-239
-209
-164
-145
-155
-238
-238
-261
-247
-213
-182
-209
-220
-262
-278
-259
-282
-306
-421
-484
-458
-446
-415
-447
-453
-479
-438
-494
-537
-574
-633
-649
-712
-757
-775
-552
-522
-725
-927
-810
-421
-303
-549
-855
-726
-393
-267
-356
-458
-336
-132
-24
167
296
366
485
642
735
831
898
977
1143
1269
1275
1266
1366
1566
1600
1549
1455
1429
1456
1506
1530
1430
1320
1271
1277
1200
1107
1036
974
908
720
517
432
432
326
57
-171
-250
-205
-283
-388
-478
-500
-488
-510
-530
-528
-547
-518
-485
-414
-378
-379
-308
-235
-155
-186
-169
-56
45
89
72
133
131
209
366
420
421
362
347
433
488
417
356
365
333
292
230
160
175
91
-11
-59
-154
-247
-302
-358
-420
-471
-555
-568
-547
-599
-661
-709
-676
-700
-768
-857
-851
-881
-939
-940
-914
-788
-726
-746
-770
-712
-484
-374
-360
-481
-398
-248
-90
23
36
138
260
451
567
626
711
829
985
1086
1132
1239
1323
1416
1408
1361
1386
1472
1508
1498
1454
1353
1330
1265
1218
1153
1075
953
863
771
688
613
458
330
173
54
-59
-121
-168
-204
-322
-421
-427
-445
-463
-519
-540
-505
-511
-482
-433
-327
-309
-334
-227
-144
-66
30
99
219
244
258
335
399
503
506
513
595
633
636
655
632
616
600
501
491
496
494
421
349
274
239
170
39
-30
-135
-223
-304
-442
-476
-479
-543
-623
-664
-732
-738
-812
-878
-920
-936
-1013
-1046
-1031
-1035
-815
-736
-864
-1019
-1009
-770
-491
-508
-727
-681
-405
-170
-167
-164
-52
61
196
328
483
614
718
790
905
1056
1102
1125
1205
1352
1329
1264
1257
1353
1462
1381
1246
1144
1055
969
991
906
807
601
488
454
377
240
101
-12
-111
-258
-365
-423
-516
-609
-749
-840
-850
-856
-938
-905
-884
-904
-897
-741
-647
-607
-567
-489
-288
-188
-116
-30
122
338
477
597
653
755
891
976
1029
1086
1092
1093
1224
1290
1261
1218
1155
1069
1034
996
918
822
722
598
467
372
262
178
52
-50
-212
-332
-415
-541
-581
-672
-761
-856
-930
-937
-973
-953
-897
-965
-934
-845
-894
-849
-769
-726
-708
-678
-624
-588
-550
-487
-456
-408
-390
-369
-308
-228
-91
-118
-185
-166
-94
39
111
82
46
63
148
174
202
145
145
170
236
285
300
318
303
330
323
341
315
394
454
455
411
356
398
411
398
376
386
424
434
379
376
373
388
415
380
441
474
502
520
535
581
611
639
677
704
709
725
804
835
792
755
690
716
675
662
634
585
576
516
467
412
336
226
182
147
47
-70
-110
-153
-239
-327
-411
-537
-579
-659
-726
-814
-908
-896
-961
-1003
-1081
-1110
-1124
-1059
-1067
-1074
-1060
-1031
-937
-982
-961
-960
-969
-916
-924
-910
-834
-686
-571
-584
-724
-685
-404
-113
-85
-290
-318
-31
230
233
145
128
248
336
399
478
549
520
538
556
566
549
517
553
614
577
470
469
488
552
539
437
334
368
418
459
452
344
215
192
243
295
251
199
163
126
56
24
40
-19
1
-73
-59
-34
-45
-2
6
47
-28
-133
-153
-122
-61
-80
-76
-73
68
187
321
378
318
318
272
314
376
395
346
283
257
262
269
354
405
421
425
409
433
430
378
340
287
219
139
87
73
72
9
-81
-83
-74
-70
-91
-126
-147
-198
-222
-212
-231
-225
-247
-240
-272
-303
-340
-297
-265
-355
-382
-404
-383
-382
-407
-446
-452
-489
-499
-477
-507
-524
-508
-575
-569
-561
-574
-528
-527
-532
-523
-512
-528
-493
-484
-472
-445
-464
-434
-359
-281
-229
-152
-92
23
133
209
273
243
258
326
367
380
400
497
587
553
588
677
722
741
730
731
728
755
746
703
708
677
630
621
569
574
514
456
419
356
339
234
174
125
42
-12
-134
-150
-192
-282
-345
-391
-420
-424
-434
-451
-463
-458
-429
-438
-441
-401
-369
-359
-391
-348
-374
-412
-408
-373
-386
-442
-345
-335
-363
-322
-378
-362
-359
-369
-437
-502
-487
-561
-631
-711
-734
-715
-759
-718
-755
-743
-742
-784
-812
-859
-897
-943
-927
-930
-945
-938
-896
-884
-828
-808
-687
-554
-541
-555
-494
-321
-124
-93
-48
19
111
208
275
349
308
342
426
596
673
715
738
784
782
721
760
771
736
740
733
675
641
635
699
758
743
623
553
508
550
592
516
417
307
271
262
244
189
110
33
-3
7
-13
-45
-74
-115
-200
-266
-314
-267
-304
-310
-377
-418
-448
-500
-421
-424
-430
-477
-512
-520
-451
-420
-449
-448
-485
-484
-440
-434
-424
-410
-442
-368
-365
-308
-275
-299
-316
-277
-284
-351
-299
-362
-385
-378
-431
-416
-345
-335
-322
-289
-368
-428
-414
-445
-439
-451
-484
-492
-452
-431
-396
-400
-414
-376
-333
-298
-263
-239
-204
-206
-201
-191
-153
-102
-59
-67
-97
-46
15
12
48
75
109
166
149
201
242
256
340
373
356
394
377
420
474
495
519
514
487
533
533
487
487
473
472
438
455
441
341
319
341
320
244
197
143
93
58
37
-8
-55
-113
-136
-187
-253
-291
-366
-404
-419
-459
-459
-479
-411
-414
-447
-438
-446
-409
-426
-415
-389
-416
-417
-376
-371
-346
-291
-279
-337
-277
-223
-224
-195
-220
-242
-258
-286
-266
-316
-317
-338
-307
-376
-428
-423
-472
-499
-542
-576
-632
-675
-646
-612
-675
-666
-714
-752
-764
-697
-683
-742
-728
-717
-681
-679
-678
-666
-590
-527
-500
-430
-367
-353
-242
-196
-134
-36
3
70
121
177
225
303
378
440
476
537
619
630
670
683
740
762
701
650
679
712
700
660
592
567
521
452
406
374
322
332
272
226
187
159
103
24
7
-67
-115
-159
-184
-176
-196
-237
-230
-244
-281
-255
-312
-376
-353
-431
-444
-385
-336
-339
-376
-386
-423
-354
-356
-357
-299
-328
-319
-327
-360
-340
-325
-337
-316
-318
-310
-324
-320
-374
-420
-445
-460
-400
-352
-330
-411
-389
-386
-412
-409
-411
-451
-469
-451
-484
-458
-470
-456
-404
-349
-280
-231
-137
-118
-117
-114
-122
-50
-28
-20
28
51
95
73
121
191
256
292
270
294
346
366
436
456
464
503
469
483
506
513
488
484
468
470
450
465
496
428
457
439
432
374
347
346
345
356
374
384
369
350
271
260
272
251
194
165
103
74
0
-49
-71
-90
-126
-190
-220
-244
-256
-282
-326
-298
-310
-360
-337
-338
-208
-202
-142
-79
-266
-311
-277
-283
-209
-312
-427
-439
-447
-410
-320
-278
-425
-430
-302
-147
-127
-193
-315
-246
-199
-251
-217
-308
-321
-272
-218
-192
-222
-181
-182
-94
-29
-64
-64
-78
-59
-30
-23
-34
-79
-52
-42
26
31
-84
-60
6
25
68
92
30
21
12
28
-26
20
23
-33
-42
-67
-25
-42
6
53
83
112
168
255
304
375
442
413
426
495
490
502
486
484
485
521
496
484
496
482
481
496
490
493
535
482
448
401
327
251
151
114
60
25
-16
-111
-123
-135
-160
-158
-226
-235
-235
-244
-246
-298
-297
-283
-314
-309
-276
-282
-304
-283
-289
-303
-262
-223
-235
-175
-159
-146
-138
-139
-84
-82
-77
-100
-122
-119
-66
-71
-118
-140
-138
-151
-131
-117
-142
-144
-131
-118
-105
-92
-116
-45
-54
-97
-58
-68
-105
-91
-115
-147
-122
-136
-113
-61
-27
-30
-4
31
115
167
171
223
234
308
319
323
327
299
301
306
308
279
213
233
269
240
235
257
269
316
349
315
290
275
264
281
230
211
187
219
190
192
188
123
95
85
133
108
76
32
55
108
87
68
58
30
50
-45
-75
-75
-93
-29
-18
-19
22
73
29
41
39
5
35
52
32
3
-17
14
23
-30
-8
-37
-26
-10
3
-13
-21
-18
-71
-54
-31
-20
-60
-47
-28
-99
-84
-124
-98
-100
-159
-136
-103
-111
-162
-110
-60
-25
-55
-34
-53
-82
-62
-22
25
26
68
85
127
153
134
122
132
137
167
236
193
190
240
293
295
311
282
239
248
267
242
220
216
219
181
240
256
233
283
251
280
276
245
229
231
206
173
187
148
98
166
165
84
93
111
98
57
5
13
43
20
52
51
91
67
72
106
121
154
100
47
57
64
63
34
5
-37
-122
-105
-135
-153
-130
-126
-142
-110
-79
-21
-82
-104
-120
-90
-140
-128
-130
-124
-97
-139
-77
-92
-87
-68
-4
-36
-35
-14
-18
35
-3
15
44
68
91
20
23
30
33
41
66
96
79
68
44
14
-15
1
0
-57
-89
-96
-62
-69
-65
-60
-15
-16
-24
-10
-43
-12
14
11
-31
-3
-28
-43
-58
-35
-23
-18
-33
-37
16
-4
55
88
65
62
75
84
77
56
49
90
105
63
92
96
34
39
18
69
80
106
119
81
83
56
33
-12
-1
2
-31
21
29
31
26
62
97
90
110
73
100
152
150
130
118
130
85
111
120
133
99
56
36
26
2
18
11
2
22
14
9
-40
-64
-90
-109
-97
-114
-141
-125
-152
-162
-160
-132
-82
-89
-123
-103
-49
-48
-20
29
21
-21
48
56
74
55
81
150
96
123
121
168
154
161
127
88
85
71
58
25
10
-35
-53
-5
-9
9
20
36
85
70
-24
-34
-14
-48
-26
-87
-82
-58
-69
-43
-48
-74
-63
-76
-109
-63
-50
-35
-37
-61
-30
-20
-5
-2
55
123
99
97
153
197
177
201
244
247
216
238
230
198
263
263
228
252
278
210
176
197
201
182
185
178
136
116
120
114
36
37
24
-19
-52
-29
-32
-95
-82
-87
-108
-119
-160
-160
-135
-175
-158
-150
-164
-153
-145
-145
-181
-187
-242
-274
-262
-253
-234
-174
-114
-115
-83
-38
28
67
28
0
-29
6
37
49
58
70
81
125
135
105
113
113
104
181
161
149
127
103
94
106
106
80
94
53
38
13
15
-19
-31
-59
-52
-79
-82
-114
-177
-175
-166
-205
-171
-178
-211
-149
-172
-153
-145
-114
-138
-152
-130
-98
-52
-45
-17
35
20
15
48
24
16
44
45
58
81
94
163
123
80
67
44
55
48
24
-22
-55
-47
-61
-58
-68
-120
-148
-123
-125
-191
-233
-257
-292
-308
-257
-326
-346
-372
-332
-343
-407
-360
-394
-369
-323
-287
-303
-295
-290
-268
-191
-189
-145
-95
-59
-45
-12
13
50
118
129
102
157
186
202
263
253
261
263
319
354
341
355
357
343
289
301
233
189
113
69
73
25
5
-34
-7
-43
-99
-171
-165
-183
-255
-278
-292
-297
-284
-309
-336
-320
-312
-301
-343
-365
-309
-362
-343
-299
-278
-227
-198
-112
-80
-35
22
58
137
144
172
176
209
251
294
329
315
330
311
325
324
300
252
246
247
228
202
164
114
98
79
67
40
8
-21
-86
-117
-195
-196
-237
-251
-299
-311
-311
-353
-369
-318
-319
-366
-358
-345
-279
-214
-186
-186
-193
-145
-94
-97
-57
-45
63
96
153
171
198
246
220
255
246
256
235
257
276
282
245
236
239
214
183
157
128
88
49
16
-8
-34
-39
-103
-131
-173
-217
-222
-284
-302
-298
-278
-290
-284
-360
-356
-385
-424
-400
-341
-300
-300
-260
-253
-197
-153
-95
-58
-52
6
100
147
189
226
238
246
296
311
306
347
343
381
368
335
312
239
262
248
228
171
161
166
150
97
43
32
-15
-55
-109
-114
-128
-205
-208
-203
-236
-294
-296
-314
-360
-372
-401
-429
-447
-411
-418
-392
-388
-382
-337
-277
-254
-259
-257
-218
-157
-124
-93
-69
-68
-9
58
103
115
149
125
138
144
119
167
139
179
147
104
91
100
92
22
88
31
-5
-21
-51
-63
-72
-56
-98
-122
-135
-122
-112
-167
-185
-227
-242
-203
-164
-143
-183
-140
-131
-143
-142
-125
-113
-119
-82
-33
18
52
111
120
113
68
106
115
127
121
144
158
206
239
233
241
191
187
193
201
181
148
116
93
46
14
17
1
-41
-48
-30
-82
-111
-113
-123
-150
-158
-139
-136
-160
-152
-186
-225
-221
-240
-278
-289
-307
-276
-262
-268
-231
-189
-134
-115
-62
-36
-17
60
101
84
78
156
133
118
148
118
139
140
124
147
178
169
136
123
112
123
129
94
77
92
76
61
42
42
14
-13
-43
-72
-92
-147
-142
-178
-191
-175
-183
-166
-196
-190
-187
-231
-228
-226
-213
-180
-131
-78
-95
-91
-93
-90
-98
-79
-59
-15
87
110
134
145
129
155
156
131
85
116
127
118
97
74
78
62
71
54
92
114
55
56
53
33
79
82
33
33
16
-25
-92
-124
-168
-156
-153
-184
-168
-223
-210
-207
-211
-178
-120
-91
-52
8
17
23
-3
11
47
76
16
18
64
58
74
112
100
70
108
91
119
130
119
182
201
192
197
238
147
75
30
18
13
-72
-36
-23
-60
-62
-38
4
7
-45
-65
-91
-84
-58
-102
-91
-74
-63
-89
-94
-90
-113
-98
-85
-105
-117
-95
-58
-31
-37
-64
-36
-17
-19
-22
-20
0
-20
-37
-6
3
-43
-50
-61
-21
37
96
95
119
145
107
149
169
166
150
178
172
192
188
159
129
109
144
101
40
55
52
87
79
52
28
-14
9
-28
-59
-110
-146
-149
-136
-132
-152
-136
-164
-146
-176
-216
-146
-173
-167
-193
-239
-241
-197
-237
-244
-214
-225
-205
-177
-95
-63
-49
-48
-11
-33
52
63
70
97
79
99
76
59
32
28
5
-10
-17
-43
-21
14
16
28
42
83
64
40
3
26
14
-13
9
-13
-29
-51
-41
-21
0
-45
-52
-75
-93
-37
-56
-36
-10
-10
16
42
35
85
116
53
51
22
26
38
37
14
-2
-15
7
39
43
64
-14
-29
-28
-33
-42
-54
2
15
14
0
50
48
3
7
-56
-39
-46
-91
-110
-104
-101
-71
-98
-131
-82
-63
-83
-113
-141
-129
-67
-56
-29
-75
-161
-83
-117
-167
-154
-179
-176
-95
-115
-64
8
65
57
47
90
71
59
74
68
74
74
89
89
124
93
101
123
128
110
153
208
189
195
179
180
175
183
123
109
69
35
0
-9
-21
-41
-34
-46
-73
-99
-105
-57
-22
26
43
15
-17
9
7
-8
-21
-12
-6
44
43
8
26
0
-36
2
-51
-24
10
8
49
5
52
85
29
44
24
-1
-32
-7
-57
-98
-109
-124
-85
-131
-87
-112
-106
-127
-113
-113
-129
-95
-111
-141
-90
-71
-137
-155
-152
-148
-138
-135
-144
-142
-149
-159
-110
-117
-75
-47
-11
33
-3
30
55
77
136
101
108
125
144
176
156
186
173
149
143
128
87
83
111
81
57
49
50
42
16
-16
33
52
28
1
-27
-18
-10
12
18
29
-20
-15
-65
-107
-145
-125
-73
-159
-180
-170
-133
-103
-83
-73
-43
-76
-112
-81
-23
-4
-32
-45
-78
-20
62
51
76
84
75
74
82
89
115
90
108
78
86
131
132
97
43
24
-12
-63
-40
-28
-45
-43
-36
2
13
10
-10
50
37
33
-9
-24
-76
-137
-138
-155
-147
-179
-187
-180
-160
-126
-119
-75
-50
-37
-33
-45
-36
-17
-1
-37
-53
-44
-54
-32
24
10
-36
-47
-94
-76
-19
-33
-40
5
13
18
41
63
86
91
92
40
55
80
41
16
0
0
49
36
31
61
84
66
-38
-57
-58
-46
-53
-64
-44
-48
-81
-142
-116
-106
-70
-78
-79
-109
-102
-137
-144
-149
-149
-71
-69
-21
-37
-22
27
-9
-19
6
-3
5
40
20
32
-9
2
24
-35
12
38
45
0
29
30
5
33
13
21
-40
-77
-66
-90
-129
-96
-78
-99
-134
-174
-134
-166
-162
-209
-249
-236
-278
-279
-251
-268
-275
-270
-267
-286
-295
-257
-222
-232
-237
-191
-195
-161
-161
-134
-133
-100
-68
-74
-36
-23
-9
-40
14
36
31
44
122
108
84
125
148
200
181
167
159
147
123
129
97
86
54
-38
22
17
-71
-101
-116
-122
-110
-96
-83
-87
-100
-131
-175
-175
-179
-194
-211
-198
-178
-240
-204
-110
-163
-151
-137
-102
-156
-193
-119
-100
-58
-44
-5
25
46
38
18
13
-5
-33
9
16
-21
-62
-17
4
8
26
29
8
-8
-25
-39
-39
-102
-79
-112
-89
-120
-132
-122
-176
-158
-189
-247
-219
-252
-258
-265
-241
-249
-240
-238
-245
-248
-228
-229
-282
-232
-163
-136
-138
-67
-74
-86
-21
62
95
76
97
68
79
101
83
79
89
74
59
98
144
152
132
159
141
202
186
146
173
124
88
44
-42
-25
-31
-67
-109
-152
-144
-117
-127
-160
-167
-194
-204
-201
-203
-210
-193
-195
-204
-212
-150
-140
-165
-124
-107
-66
-46
-30
17
-8
-17
7
30
15
-26
-31
5
31
11
-6
-27
4
-53
5
-37
-40
-14
-7
-14
-26
-14
6
0
-67
-82
-110
-97
-123
-100
-116
-142
-102
-68
-83
-60
-94
-69
-73
-99
10
21
47
95
68
26
10
12
24
-38
-33
-47
-43
-32
-41
-11
-57
4
-10
-20
28
-11
48
10
36
-4
-12
-43
-83
-43
-79
-75
-82
-56
-62
-69
-98
-168
-139
-145
-146
-165
-187
-145
-176
-89
-88
-55
-9
-19
-18
-54
-47
-117
-123
-117
-97
-50
-54
-27
-24
-39
-39
50
66
-2
41
-6
41
1
-38
-25
-12
6
-38
-14
-18
-45
-80
-75
-70
-58
-57
-93
-63
-9
-22
-58
-79
-38
-58
-75
-56
-58
-55
-50
-40
-39
-52
-66
-39
-27
-24
3
14
11
20
6
-19
7
33
64
59
69
64
62
104
80
98
102
128
82
98
80
42
73
29
-11
-37
-82
-97
-130
-134
-133
-119
-145
-128
-103
-77
-84
-116
-68
-57
-30
-16
22
20
10
26
-17
-13
-2
-5
-20
-28
-25
-37
4
26
87
125
140
138
112
91
88
107
60
55
46
5
-45
-57
-5
-20
-20
-16
7
20
29
14
-8
27
61
39
64
73
3
11
-86
-77
-71
-125
-119
-108
-67
-62
-81
-92
-76
-58
-42
-37
-24
-47
-32
-21
-51
8
-24
-54
-55
-51
-45
-41
-8
-6
-43
12
22
0
-17
-12
-19
-27
6
-1
40
73
43
44
66
74
61
94
73
79
116
84
106
91
53
75
80
66
112
115
68
39
58
61
24
24
-41
-60
-105
-36
-17
-23
36
35
49
92
129
104
154
128
58
72
34
-29
-60
-46
-62
-47
-42
-62
-63
-45
-58
-53
-109
-141
-99
-81
-72
-25
-50
-76
-61
-66
-71
-92
-59
-65
-61
-41
-48
-78
-71
-109
-23
-16
-92
-56
-66
1
49
57
76
48
95
111
90
125
81
91
78
97
63
76
76
74
120
125
151
123
116
119
107
71
83
110
144
140
197
176
143
152
115
87
91
91
52
48
32
79
90
110
125
81
83
106
113
107
105
116
98
54
34
28
18
-16
20
-42
-98
-85
-107
-102
-127
-119
-96
-102
-52
-29
-48
-46
-21
-12
21
55
97
114
54
50
88
70
88
88
96
115
191
232
246
247
181
194
195
185
149
112
82
103
65
50
6
59
47
37
84
55
90
54
53
76
75
45
26
-7
-19
-45
-35
-6
-23
-18
-1
33
38
54
106
111
115
153
167
188
191
191
174
189
155
145
146
115
98
65
24
7
67
68
50
81
50
58
94
79
48
83
88
60
65
41
41
47
59
9
-27
-9
4
28
30
57
27
-6
5
6
18
29
8
17
13
0
46
87
123
92
82
80
105
101
42
51
27
12
18
-5
-10
66
58
118
161
158
185
199
196
179
176
135
94
106
118
140
167
110
90
91
111
84
68
50
4
-6
4
-26
-12
-56
-87
-46
-35
-42
-1
23
-30
-19
-28
-43
-51
-60
-45
-26
-55
-64
-46
-76
-73
-55
-49
-32
-21
-59
-61
-33
15
41
12
12
17
-11
-18
55
68
91
131
109
85
44
116
125
158
178
186
216
210
153
145
91
39
48
91
134
141
134
143
179
150
153
195
222
208
186
153
157
102
61
34
30
1
19
33
9
-10
22
47
10
2
25
22
-2
42
69
53
50
27
27
50
28
-3
20
12
2
-46
0
20
-25
-12
-4
-14
25
54
-1
-12
-5
-33
-49
-72
-113
-99
-122
-105
-75
-54
-21
-48
-41
-14
8
-7
29
61
37
41
90
92
10
24
5
35
-6
36
41
8
67
117
144
167
249
270
289
272
263
239
246
241
198
202
234
202
217
219
105
86
61
93
80
110
131
114
134
149
171
149
162
175
99
119
109
65
87
65
58
25
-21
-34
-73
-125
-127
-97
-99
-57
-40
-54
-55
-48
-78
-102
-128
-100
-63
-56
-55
-63
2
-17
10
27
68
24
38
41
57
103
83
160
126
105
118
112
92
82
63
72
55
37
45
41
74
77
59
56
32
7
29
-6
-29
1
-28
-31
-65
-52
-41
-46
-74
-47
-36
-29
1
-33
30
27
71
59
61
88
93
105
51
5
46
19
23
24
2
12
28
59
-23
-43
12
-19
1
17
7
-2
-62
-87
-142
-164
-165
-161
-199
-208
-213
-217
-166
-193
-191
-178
-199
-167
-129
-85
-63
-92
-81
-1
-4
38
61
71
54
73
116
64
82
95
83
55
92
109
70
59
65
68
27
4
-2
23
30
-19
-25
-26
-52
-54
-84
-88
-79
-146
-168
-162
-191
-225
-219
-159
-178
-191
-180
-169
-105
-73
-51
-30
20
20
47
59
92
133
147
137
162
128
133
105
96
127
114
128
115
164
152
183
135
168
186
148
134
124
110
131
115
90
72
28
14
-49
-51
-40
-62
-78
-95
-120
-87
-99
-115
-72
-98
-16
-21
-48
-42
-19
-18
-36
-37
-53
-48
-12
-5
31
70
105
129
184
215
175
192
203
182
193
231
171
188
165
186
163
124
142
116
111
124
85
88
96
69
72
41
14
10
-15
-57
-95
-106
-119
-116
-107
-123
-69
-46
-14
18
-12
-23
5
7
18
92
82
9
32
79
82
55
65
67
125
93
48
33
53
65
69
57
19
15
89
90
113
151
189
177
158
176
108
97
105
117
85
139
103
116
77
77
92
56
54
43
65
112
102
110
115
136
156
196
208
203
225
185
140
157
154
147
162
122
131
145
168
176
163
167
156
181
169
196
165
137
153
159
150
154
139
55
87
69
52
35
46
28
7
-14
-50
-21
-25
-44
-19
20
55
113
130
117
130
102
97
88
30
-19
-13
12
1
64
78
162
188
163
205
163
163
136
150
79
73
88
148
151
182
202
170
249
225
214
178
218
181
164
173
178
165
98
144
114
102
107
90
40
4
31
24
-19
-2
44
17
37
63
87
120
137
130
111
137
139
164
173
135
114
100
96
121
155
178
154
167
174
165
211
182
194
155
138
190
174
171
141
197
241
237
230
163
207
213
189
246
293
279
231
196
188
167
144
116
133
130
128
137
119
104
96
113
117
139
120
73
71
65
40
20
34
41
73
47
46
55
48
58
0
4
8
-10
-8
-17
29
50
97
143
152
151
133
153
153
171
171
168
199
175
181
176
201
127
136
125
118
106
64
83
102
139
103
92
133
149
186
212
189
180
139
105
63
44
52
36
51
71
79
116
116
61
124
120
147
140
174
214
176
157
114
137
144
140
73
97
109
68
62
36
-37
22
32
21
31
1
32
-5
-57
-34
-35
-17
5
-4
56
18
-5
44
8
-26
26
30
-5
-18
0
53
39
47
49
83
117
107
110
56
59
23
49
49
54
112
121
93
83
139
101
70
71
55
14
49
54
44
61
89
73
22
63
-18
-16
16
-10
-5
22
33
41
86
53
67
67
90
98
72
76
67
65
53
46
32
37
9
11
12
-30
-15
16
40
37
98
101
33
9
-25
-36
-63
-16
-18
-9
22
17
25
-11
-65
-107
-98
-104
-144
-135
-160
-185
-126
-152
-166
-124
-124
-123
-127
-170
-143
-124
-117
-72
-59
-8
-23
-40
-56
-119
-112
-131
-130
-120
-180
-128
-115
-132
-90
-74
-47
-50
-5
30
51
-1
5
4
-53
-67
-93
-66
-79
-109
-89
-47
-56
-109
-152
-147
-134
-137
-95
-84
-100
-96
-172
-146
-87
-76
-92
-102
-99
-98
-95
-145
-170
-146
-154
-150
-77
-84
-68
-35
-7
-15
-53
-49
-89
-84
-96
-107
-87
-115
-108
-129
-81
-107
-92
-84
-76
-88
-68
-103
-151
-95
-117
-135
-141
-170
-178
-199
-232
-243
-247
-280
-253
-196
-207
-181
-178
-158
-162
-180
-213
-212
-220
-236
-262
-235
-187
-202
-211
-220
-198
-184
-237
-236
-240
-194
-110
-134
-166
-127
-128
-156
-123
-139
-168
-161
-160
-202
-209
-174
-167
-185
-192
-172
-122
-102
-111
-95
-77
-120
-175
-239
-247
-241
-218
-164
-136
-170
-149
-135
-130
-135
-118
-69
-51
-89
-96
-49
-65
-105
-83
-19
-62
-55
-52
-48
-29
-39
-12
-59
-22
-28
-38
-16
-31
-64
-102
-82
-69
-77
-13
-44
-52
-46
-28
-43
-73
-36
-81
-46
-89
-139
-137
-131
-125
-159
-182
-121
-108
-144
-107
-154
-153
-132
-116
-107
-86
-124
-140
-110
-152
-190
-185
-175
-161
-172
-188
-172
-136
-138
-180
-211
-219
-174
-151
-105
-100
-127
-101
-128
-125
-98
-111
-141
-165
-173
-136
-126
-156
-178
-142
-172
-166
-167
-177
-144
-166
-217
-215
-201
-193
-198
-221
-233
-265
-188
-170
-164
-171
-205
-251
-266
-217
-214
-187
-217
-213
-193
-223
-188
-196
-163
-121
-149
-127
-111
-128
-145
-189
-215
-191
-181
-118
-107
-81
-79
-80
-99
-145
-112
-134
-162
-158
-182
-148
-166
-201
-186
-192
-225
-217
-192
-183
-185
-239
-205
-196
-201
-224
-256
-276
-275
-221
-269
-229
-255
-246
-242
-262
-223
-258
-269
-277
-303
-322
-352
-332
-316
-307
-300
-228
-245
-214
-193
-245
-227
-216
-275
-266
-260
-276
-213
-194
-171
-179
-200
-230
-212
-178
-164
-192
-236
-221
-194
-181
-228
-189
-153
-150
-147
-157
-173
-183
-208
-254
-275
-206
-229
-244
-192
-217
-257
-259
-266
-237
-206
-208
-206
-207
-218
-241
-246
-230
-263
-290
-286
-267
-214
-227
-200
-224
-222
-159
-127
-109
-114
-152
-179
-203
-221
-209
-197
-236
-250
-204
-175
-178
-170
-157
-196
-179
-221
-236
-221
-241
-245
-284
-288
-266
-248
-228
-216
-157
-143
-136
-180
-216
-205
-177
-200
-188
-141
-166
-194
-224
-162
-173
-125
-153
-205
-209
-256
-241
-281
-333
-309
-296
-299
-302
-300
-287
-298
-321
-359
-390
-385
-360
-363
-355
-325
-381
-306
-246
-286
-249
-312
-292
-254
-266
-256
-202
-169
-148
-205
-200
-174
-179
-151
-168
-113
-122
-107
-151
-164
-127
-137
-128
-125
-152
-164
-203
-200
-196
-214
-167
-165
-208
-243
-251
-292
-326
-317
-333
-349
-313
-348
-360
-365
-358
-347
-359
-348
-350
-345
-301
-326
-293
-287
-293
-319
-336
-362
-402
-370
-398
-432
-418
-386
-379
-379
-398
-362
-330
-312
-323
-374
-388
-419
-377
-367
-379
-383
-362
-351
-355
-311
-311
-324
-293
-293
-268
-240
-251
-243
-261
-279
-246
-209
-186
-172
-215
-229
-206
-229
-238
-215
-222
-236
-240
-274
-292
-259
-254
-235
-240
-238
-248
-256
-240
-219
-196
-160
-165
-153
-124
-146
-112
-149
-175
-210
-262
-287
-330
-336
-315
-350
-289
-283
-263
-227
-249
-288
-256
-282
-322
-308
-351
-347
-356
-321
-345
-327
-302
-267
-253
-345
-299
-311
-395
-392
-390
-398
-342
-362
-358
-323
-344
-339
-279
-265
-302
-270
-277
-273
-283
-280
-311
-312
-305
-300
-299
-266
-235
-298
-268
-240
-230
-277
-271
-268
-214
-212
-229
-184
-176
-158
-175
-212
-209
-242
-255
-237
-237
-257
-239
-212
-219
-190
-209
-228
-272
-226
-188
-242
-191
-210
-226
-245
-255
-188
-195
-177
-152
-221
-201
-228
-245
-236
-267
-256
-280
-293
-315
-339
-335
-346
-358
-251
-312
-294
-298
-277
-232
-276
-224
-199
-192
-192
-144
-162
-159
-126
-81
-124
-186
-161
-186
-217
-242
-227
-234
-251
-222
-177
-208
-229
-227
-247
-263
-269
-275
-304
-316
-305
-308
-346
-387
-354
-350
-381
-419
-408
-406
-403
-352
-323
-278
-245
-234
-242
-241
-270
-267
-292
-262
-247
-262
-218
-180
-140
-160
-169
-148
-113
-135
-127
-148
-135
-147
-203
-217
-231
-212
-218
-209
-226
-243
-150
-196
-214
-268
-250
-216
-230
-190
-200
-150
-188
-141
-112
-193
-207
-238
-320
-313
-370
-386
-341
-333
-275
-259
-268
-235
-198
-177
-149
-134
-125
-141
-153
-171
-211
-203
-207
-238
-253
-282
-273
-268
-241
-192
-145
-158
-136
-104
-96
-110
-81
-122
-128
-94
-97
-182
-176
-139
-211
-205
-223
-269
-271
-180
-205
-187
-143
-95
-101
-139
-144
-189
-206
-188
-178
-219
-190
-156
-154
-190
-185
-195
-175
-146
-117
-100
-50
-79
-115
-126
-160
-183
-187
-218
-209
-224
-174
-184
-196
-176
-172
-104
-91
-87
-149
-166
-173
-177
-186
-186
-218
-218
-232
-249
-271
-295
-258
-265
-257
-283
-275
-254
-232
-191
-196
-169
-157
-141
-183
-167
-211
-235
-217
-213
-183
-229
-189
-192
-141
-189
-199
-241
-206
-189
-188
-139
-123
-93
-77
-58
-86
-74
-61
-82
-132
-205
-195
-204
-224
-223
-236
-228
-240
-289
-288
-268
-300
-315
-291
-275
-268
-258
-280
-309
-294
-248
-250
-232
-197
-254
-246
-244
-244
-205
-226
-231
-188
-220
-186
-197
-188
-148
-164
-51
-74
-86
-88
-122
-104
-154
-97
-98
-104
-82
-89
-76
-80
-117
-131
-132
-194
-212
-208
-218
-211
-227
-226
-157
-185
-166
-137
-188
-159
-161
-180
-219
-229
-185
-208
-152
-160
-152
-101
-107
-75
-49
-96
-90
-78
-69
-62
-95
-58
-77
-89
-13
-39
-53
-27
-58
-30
-15
-26
-33
9
18
-10
-50
-70
-104
-62
-81
-113
-95
-103
-94
-109
-119
-130
-104
-158
-173
-139
-139
-167
-156
-132
-182
-186
-203
-176
-159
-159
-185
-199
-151
-128
-109
-48
-44
-45
-37
2
36
32
66
86
64
20
74
61
74
74
1
5
-8
-60
-19
-39
-127
-166
-177
-182
-191
-166
-213
-177
-163
-173
-132
-139
-75
-45
-86
-99
-114
-151
-87
-55
-59
8
20
34
102
85
124
86
69
95
89
102
131
127
115
105
93
159
181
128
94
120
92
72
-9
-55
-114
-150
-103
-58
-75
-134
-132
-148
-154
-158
-112
-187
-146
-131
-135
-86
-84
-12
-25
-5
-23
-10
-51
-43
-42
-56
-49
-46
-42
-58
24
39
25
39
31
32
43
27
40
40
114
72
90
149
118
118
51
18
-31
-25
-76
-93
-64
-61
-58
-68
15
50
69
88
45
78
61
24
10
-7
-13
27
-22
-28
-11
14
30
22
41
50
78
46
54
18
46
58
74
107
90
112
114
63
58
81
69
-6
18
-8
-32
8
17
9
7
66
56
75
38
9
-56
-7
-76
-84
-56
-43
-35
-20
42
-8
-13
-56
-29
-8
4
53
67
82
94
64
91
121
138
138
164
181
164
164
137
173
151
115
153
123
102
83
64
38
15
8
42
26
29
59
-22
-7
19
-61
-69
-100
-112
-122
-113
-111
-123
-69
-71
-59
-79
-46
28
19
24
-13
-22
-43
-24
-31
-30
25
32
38
3
10
5
37
52
30
8
-3
9
22
-13
-40
-33
-20
-43
-31
6
-10
-20
-11
29
25
66
50
35
66
74
83
39
73
84
96
126
112
102
90
75
78
93
109
64
88
105
30
100
95
86
103
100
101
94
131
101
114
80
57
53
44
38
48
93
107
80
69
46
23
-15
-36
-109
-89
-68
-74
-53
30
48
40
100
94
102
140
115
88
82
126
140
114
103
47
48
61
92
87
64
27
51
97
85
100
155
114
115
95
107
54
41
50
18
50
38
5
14
36
5
-21
41
-13
-52
-48
-50
-57
26
13
-17
11
-1
4
16
-59
-66
-38
-50
-55
-18
22
44
90
35
66
85
106
114
85
66
20
23
36
69
61
35
44
77
84
102
99
94
93
27
18
27
22
29
48
73
46
-19
-4
-12
-65
-55
-134
-98
-43
-44
3
-1
7
16
41
28
16
17
-28
-35
-35
-84
-58
-53
-86
-58
-20
-31
-1
53
34
42
18
27
-1
19
34
44
35
74
69
70
67
67
122
113
105
128
121
68
150
146
146
142
148
171
153
155
116
140
103
85
94
84
48
42
71
62
42
68
71
66
95
45
47
5
8
2
-29
27
-13
34
2
0
4
40
50
35
66
-17
-33
-27
-32
-40
-63
-75
-107
-28
7
18
98
72
37
63
31
5
86
108
63
78
116
97
106
114
61
101
116
65
68
68
134
127
125
146
116
202
261
251
222
217
199
113
109
83
41
37
59
62
16
96
157
58
48
46
15
-9
-36
-6
-43
-32
20
20
11
47
-4
33
11
-15
2
14
-44
-60
-35
-54
-51
-4
36
31
64
52
33
43
23
1
27
48
36
69
106
119
104
126
120
81
86
90
93
116
122
143
152
112
108
84
80
26
11
-1
-12
-10
-39
-17
-13
30
40
-14
28
48
55
82
111
87
65
66
52
50
86
60
68
101
86
129
160
178
201
195
179
200
195
216
169
151
132
98
110
106
31
8
-5
46
92
74
75
34
49
109
104
125
143
96
129
97
58
18
-19
-39
-67
-69
-31
-66
-84
-21
18
-8
-12
-28
11
24
58
50
46
72
129
113
94
133
128
131
116
121
116
118
125
137
134
145
127
139
124
104
88
64
70
40
33
21
1
21
14
-2
17
42
38
69
73
100
143
123
157
152
164
158
155
166
151
177
142
168
153
152
188
208
234
276
227
212
228
218
231
194
167
171
171
158
169
156
141
118
97
119
114
64
81
26
-18
-27
-68
-114
-104
-93
-109
-82
-81
-46
-65
-56
-58
-67
-40
-12
-23
-28
-16
6
52
0
36
69
130
128
121
169
140
189
233
209
254
260
241
213
202
215
196
177
157
111
109
104
78
95
103
61
92
84
77
109
53
39
2
11
23
9
23
-10
-18
-2
-17
-52
-36
-32
3
1
-58
2
-38
-15
34
14
63
88
67
71
109
95
96
90
79
155
161
127
165
159
104
102
138
80
71
56
32
35
27
62
30
48
72
99
101
131
136
103
110
99
106
51
61
50
63
69
58
120
140
163
173
241
260
189
256
224
212
217
177
205
150
105
101
21
78
44
72
23
45
64
36
151
140
122
115
154
154
166
155
124
85
96
122
100
58
0
15
23
73
75
92
133
144
183
217
214
152
153
131
141
146
110
137
139
164
119
120
107
39
60
93
121
127
116
121
124
127
158
140
84
80
55
48
34
9
-4
-73
-70
-58
-41
-60
-64
-27
-59
-4
7
19
32
58
112
65
54
72
72
90
89
96
99
67
49
80
111
126
123
92
53
4
22
32
9
35
36
85
106
115
56
61
55
17
63
56
46
50
64
78
103
116
96
128
109
137
111
118
96
123
106
70
74
71
114
117
110
134
130
102
89
58
59
39
24
4
47
61
68
15
20
-33
-17
24
40
34
25
8
-38
-6
-56
-50
-10
-1
-11
30
11
60
53
59
66
81
81
93
100
119
138
94
100
110
129
109
120
116
115
98
98
47
44
97
92
99
115
83
87
91
54
59
63
45
-32
-25
3
-32
-30
-17
-16
0
20
15
3
39
43
47
57
77
89
89
81
18
9
-8
0
-9
-22
45
59
111
109
136
138
216
230
244
248
259
274
272
298
252
215
204
225
194
161
127
130
162
125
115
94
79
66
105
99
115
140
145
133
143
141
121
105
118
132
76
128
132
135
116
92
132
116
96
119
40
60
37
26
115
126
115
111
166
187
133
116
128
136
148
155
118
126
131
111
138
141
114
178
176
142
163
149
146
112
118
129
100
118
84
72
92
50
42
-11
10
-69
-65
-37
-21
-6
56
142
140
147
192
198
140
133
138
102
64
63
19
-29
2
46
106
108
124
192
151
193
178
210
230
260
325
261
230
187
102
55
9
13
-5
11
49
19
28
60
98
165
120
121
144
150
144
74
101
85
100
124
201
192
196
174
161
128
69
68
24
87
58
60
113
139
224
162
151
178
168
131
142
79
13
21
-11
-15
14
-27
-7
23
11
-7
-33
18
-17
-26
-13
-47
-26
-11
-16
68
46
64
52
68
67
58
112
93
112
119
153
183
187
199
229
236
273
265
242
243
234
194
128
120
139
112
73
30
-6
12
43
41
38
48
76
94
55
55
103
112
109
172
114
103
72
67
111
91
72
68
85
52
72
86
118
118
114
119
186
159
138
107
105
62
52
63
21
-15
-41
-29
-24
-42
-56
-12
-10
-13
-43
-29
6
1
3
29
48
71
76
94
93
98
96
98
133
116
136
188
141
130
180
159
221
245
198
203
239
257
263
248
231
207
175
206
171
116
84
90
63
36
53
41
-3
-11
13
-49
6
-1
17
48
93
141
146
174
148
148
120
127
106
75
37
-7
16
-9
17
74
93
141
91
118
112
81
94
86
109
131
149
153
77
63
3
78
69
-16
15
-15
15
4
70
100
112
116
178
225
216
219
166
188
170
105
93
142
92
66
32
62
23
-25
35
18
77
97
77
74
88
63
59
58
46
26
8
-7
7
-27
-8
-43
-25
14
16
44
73
75
76
103
92
131
137
95
52
47
35
20
-11
-9
21
29
47
77
88
90
101
85
34
43
30
10
5
15
-19
-25
-54
-49
44
63
88
85
106
119
126
88
80
83
25
63
-9
-38
30
-15
-2
28
12
33
49
31
71
35
50
87
102
134
94
113
51
53
68
41
10
-1
6
21
16
27
55
60
83
95
129
111
135
138
120
76
126
150
130
133
70
92
70
68
61
87
97
80
186
219
236
231
262
178
180
183
140
157
118
135
55
29
5
31
10
-22
-23
-36
-28
21
33
-17
15
8
-12
-4
4
18
32
53
37
-11
36
22
48
105
79
102
97
46
58
50
54
97
121
166
171
173
180
199
168
177
174
174
196
226
248
188
177
170
166
149
159
138
145
125
74
83
109
71
85
66
66
64
24
-4
-23
24
33
19
0
-12
-22
-15
-8
-14
-7
-3
24
2
-12
-25
-15
39
2
16
-14
-6
14
35
37
46
4
11
49
55
97
73
74
78
56
26
0
-6
-52
2
14
42
42
37
48
-16
11
4
-30
-5
-30
38
45
66
116
121
162
159
157
109
140
130
98
57
-7
-12
-37
-59
-25
-43
-26
-29
-16
-9
69
110
88
137
133
85
49
59
15
-1
-9
-46
-22
-26
14
16
18
46
43
92
59
51
53
69
13
37
82
43
112
113
98
126
151
175
173
144
156
137
151
188
194
182
238
213
195
204
159
178
179
163
160
159
172
188
178
179
175
127
102
117
133
92
91
150
122
96
57
56
82
84
5
-41
-20
-20
-23
-25
3
-26
-60
-35
-1
-55
-72
-18
-10
-42
-22
12
33
81
41
42
48
57
60
26
57
36
33
78
36
31
45
20
61
66
56
22
-27
48
41
27
46
57
6
-9
-27
-21
-41
-91
-70
-131
-115
-156
-139
-103
-135
-79
-65
-67
-38
-31
-26
-16
-26
2
0
-26
-13
-1
18
8
-4
32
40
43
39
26
56
57
72
46
37
23
-39
-33
-47
-62
-96
-32
-12
6
73
67
76
79
71
102
86
62
95
70
63
43
50
-2
33
48
21
43
42
31
-12
-29
-62
-38
-33
-28
-21
-9
-35
-89
-46
1
-35
-55
-87
-103
-102
-72
-51
-112
-117
-109
-60
-61
-60
-6
6
27
-13
21
-1
-23
-49
-35
-10
-1
-30
-32
-49
-23
21
32
-7
-8
-8
2
9
-13
-30
-63
-41
-4
-41
-46
-3
-34
10
-2
26
-14
-1
-19
-59
-32
-46
10
3
28
40
5
23
87
86
116
96
138
144
102
133
112
131
102
112
120
110
75
75
72
61
3
13
-42
-73
-53
-90
-81
-115
-112
-129
-117
-120
-135
-103
-116
-111
-72
-76
-32
19
0
-24
-36
-53
-42
-85
-115
-108
-98
-61
-91
-9
-18
29
54
67
97
76
120
79
102
81
29
38
79
67
41
58
70
41
52
76
16
14
12
33
-9
25
32
15
72
29
47
46
6
-10
-12
1
16
-38
-24
-5
-37
8
-7
-33
-12
-49
-52
-49
-83
-95
-136
-134
-145
-168
-174
-167
-147
-123
-175
-136
-91
-113
-135
-101
-79
-101
-81
-94
-79
-89
-87
-71
-89
-67
32
43
24
47
74
81
92
90
115
171
174
151
159
88
53
60
24
20
-6
7
4
14
-20
-1
-15
-72
-47
-66
-84
-93
-84
-93
-78
-26
-39
-90
-50
-41
-35
-13
-14
13
25
32
56
27
39
21
41
45
16
54
61
58
72
82
60
87
60
